,Q1A,Q2A,Q3A,Q4A,Q5A,Q6A,Q7A,Q8A,Q9A,Q10A,Q11A,Q12A,Q13A,Q14A,Q15A,Q16A,Q17A,Q18A,Q19A,Q20A,TIPI1,TIPI2,TIPI3,TIPI4,TIPI5,TIPI6,TIPI7,TIPI8,TIPI9,TIPI10,VCL1,VCL2,VCL3,VCL4,VCL5,VCL6,VCL7,VCL8,VCL9,VCL10,VCL11,VCL12,VCL13,VCL14,VCL15,VCL16,education,urban,gender,engnat,age,hand,religion,orientation,race,voted,married,familysize
0,3.0,3.0,5.0,2.0,3.0,1.0,2.0,4.0,3.0,3.0,1.0,5.0,4.0,1.0,5.0,2.0,4.0,4.0,4.0,4.0,6,5,6,1,7,3,7,4,7,1,1,1,0,1,1,0,0,1,0,1,1,1,1,1,1,1,2,3,1,1,26,1,7,1,30,1,2,5
1,5.0,5.0,1.0,3.0,5.0,1.0,1.0,4.0,2.0,1.0,1.0,5.0,5.0,2.0,5.0,1.0,2.0,4.0,5.0,3.0,2,5,6,2,4,6,5,4,6,5,1,1,1,1,1,0,0,1,0,1,0,0,1,1,1,1,2,2,1,1,18,1,1,1,60,2,1,2
2,5.0,5.0,1.0,1.0,5.0,1.0,1.0,5.0,1.0,1.0,1.0,5.0,5.0,1.0,5.0,1.0,1.0,5.0,5.0,3.0,1,7,6,7,5,7,1,4,1,4,1,1,1,1,1,1,0,1,1,1,1,1,1,1,1,1,1,1,2,1,15,1,2,2,10,2,1,2
3,2.0,4.0,2.0,1.0,5.0,1.0,3.0,2.0,4.0,2.0,1.0,5.0,1.0,1.0,4.0,1.0,1.0,5.0,3.0,4.0,6,5,5,7,7,2,6,2,2,3,1,1,1,1,1,0,0,1,0,1,0,1,0,1,1,1,4,3,2,2,31,1,6,1,60,1,3,2
4,5.0,5.0,2.0,1.0,2.0,1.0,2.0,4.0,2.0,2.0,1.0,4.0,4.0,1.0,5.0,1.0,1.0,4.0,5.0,1.0,2,5,5,6,7,6,5,3,4,5,1,0,0,1,1,0,0,0,0,1,0,0,0,0,1,1,2,2,1,2,20,1,4,3,60,1,1,2
5,4.0,3.0,5.0,3.0,4.0,3.0,3.0,3.0,2.0,2.0,1.0,4.0,4.0,1.0,5.0,1.0,1.0,5.0,4.0,2.0,2,4,6,2,3,7,5,2,7,1,1,1,1,1,0,0,0,0,1,1,0,0,0,1,1,1,1,1,1,2,17,1,1,1,70,2,1,3
6,4.0,4.0,3.0,2.0,5.0,4.0,1.0,5.0,4.0,2.0,2.0,5.0,1.0,3.0,4.0,2.0,1.0,4.0,5.0,4.0,3,5,6,2,6,7,5,3,6,4,1,1,0,1,1,0,1,0,0,1,0,0,1,1,1,1,4,3,1,1,37,1,1,1,10,2,1,1
7,5.0,5.0,3.0,1.0,4.0,1.0,1.0,3.0,5.0,5.0,1.0,4.0,3.0,1.0,4.0,2.0,1.0,5.0,5.0,5.0,3,6,3,6,7,4,5,5,3,1,1,0,0,1,1,0,0,1,0,1,0,0,1,1,1,1,2,3,1,2,18,1,2,1,10,2,1,2
8,5.0,5.0,1.0,1.0,5.0,2.0,1.0,2.0,3.0,4.0,1.0,5.0,4.0,1.0,4.0,1.0,2.0,5.0,5.0,5.0,2,5,5,2,1,6,3,1,7,4,1,1,0,1,1,0,0,0,0,1,0,0,1,0,1,1,3,1,1,1,26,2,4,1,60,2,1,3
9,4.0,4.0,2.0,1.0,5.0,2.0,2.0,1.0,2.0,3.0,1.0,5.0,2.0,1.0,5.0,2.0,4.0,2.0,5.0,4.0,3,6,6,1,5,6,6,2,7,4,1,1,0,1,1,0,0,0,0,1,0,1,1,1,1,1,3,1,1,2,21,1,1,1,60,1,1,3
10,4.0,5.0,2.0,1.0,5.0,1.0,2.0,5.0,1.0,2.0,1.0,5.0,4.0,2.0,4.0,2.0,3.0,5.0,4.0,3.0,4,6,7,5,5,0,6,2,6,1,1,1,0,1,0,0,0,1,0,1,1,0,0,1,1,1,3,3,1,2,25,1,2,1,60,1,1,2
11,2.0,4.0,4.0,4.0,2.0,4.0,2.0,4.0,5.0,4.0,1.0,2.0,1.0,1.0,4.0,1.0,3.0,4.0,5.0,1.0,4,3,6,7,7,5,3,5,4,4,1,1,1,1,1,0,0,0,0,1,0,0,1,1,1,1,4,1,2,1,32,1,2,1,60,1,3,3
12,3.0,4.0,1.0,5.0,5.0,1.0,3.0,1.0,3.0,5.0,3.0,3.0,1.0,1.0,3.0,1.0,2.0,5.0,3.0,5.0,6,7,6,6,7,7,6,7,7,7,1,1,1,1,1,0,0,0,0,1,0,0,1,1,1,1,3,2,1,1,37,2,7,2,60,2,2,2
13,5.0,5.0,3.0,1.0,5.0,2.0,1.0,2.0,2.0,2.0,1.0,5.0,5.0,2.0,5.0,1.0,1.0,5.0,5.0,1.0,6,5,7,6,7,2,6,3,5,2,0,1,0,0,1,0,0,0,0,0,0,0,0,0,1,1,4,3,1,1,31,1,7,0,30,2,2,3
14,5.0,5.0,1.0,1.0,4.0,1.0,4.0,5.0,1.0,5.0,1.0,4.0,5.0,1.0,5.0,4.0,1.0,5.0,5.0,3.0,1,5,5,3,7,7,7,1,7,1,1,1,1,1,1,0,0,0,0,1,0,0,1,1,1,1,3,3,1,2,42,1,7,1,60,2,3,1
15,5.0,4.0,1.0,2.0,1.0,2.0,1.0,3.0,4.0,1.0,2.0,4.0,4.0,2.0,5.0,2.0,3.0,4.0,5.0,3.0,5,5,7,2,6,5,2,1,7,5,1,1,1,1,1,0,0,0,0,1,0,0,1,1,1,1,3,1,1,1,23,1,1,1,10,1,1,2
16,5.0,5.0,1.0,1.0,5.0,2.0,2.0,4.0,4.0,1.0,1.0,5.0,5.0,1.0,5.0,1.0,1.0,5.0,5.0,2.0,1,7,6,1,7,7,3,2,6,5,1,1,1,1,1,0,0,0,0,1,0,1,1,1,1,1,2,3,1,2,16,1,1,4,60,2,1,2
17,1.0,1.0,4.0,3.0,3.0,5.0,4.0,1.0,5.0,4.0,2.0,2.0,1.0,4.0,2.0,5.0,5.0,1.0,1.0,1.0,4,2,6,3,5,3,5,4,6,3,1,1,0,1,1,0,0,0,0,1,0,0,1,1,1,1,3,2,1,1,45,1,5,1,0,1,2,0
18,4.0,4.0,2.0,1.0,4.0,1.0,1.0,5.0,2.0,2.0,1.0,2.0,3.0,1.0,4.0,1.0,2.0,3.0,5.0,1.0,3,5,0,4,4,1,5,1,6,1,1,1,1,1,1,0,1,1,0,1,1,0,1,1,1,1,3,1,1,1,36,1,1,3,60,1,1,0
19,3.0,2.0,4.0,5.0,1.0,5.0,4.0,1.0,5.0,5.0,3.0,1.0,1.0,3.0,2.0,1.0,1.0,4.0,5.0,1.0,7,6,7,5,6,1,5,1,5,1,1,1,0,1,1,0,0,0,0,1,0,0,1,1,1,1,4,2,1,1,50,1,1,1,60,1,2,3
20,4.0,4.0,2.0,2.0,3.0,1.0,2.0,4.0,2.0,3.0,1.0,4.0,3.0,1.0,4.0,4.0,3.0,4.0,5.0,3.0,4,5,5,5,5,3,2,2,3,3,1,1,0,1,1,0,1,1,0,1,0,0,1,1,1,1,4,3,1,1,28,1,1,1,10,2,1,2
21,2.0,4.0,3.0,4.0,3.0,3.0,2.0,4.0,5.0,4.0,2.0,5.0,2.0,3.0,3.0,2.0,1.0,4.0,5.0,4.0,2,2,6,1,7,5,3,3,7,2,1,1,1,1,1,0,0,1,0,1,1,1,1,1,1,1,3,1,1,1,26,2,2,1,60,1,3,3
22,3.0,1.0,4.0,1.0,4.0,2.0,2.0,1.0,5.0,3.0,2.0,4.0,2.0,2.0,1.0,2.0,3.0,2.0,5.0,1.0,2,5,6,6,7,7,6,2,3,1,1,1,0,1,1,1,1,0,0,1,0,1,0,1,1,1,3,1,1,1,43,1,12,1,60,1,3,1
23,2.0,2.0,3.0,1.0,2.0,2.0,1.0,3.0,5.0,4.0,3.0,3.0,2.0,1.0,2.0,1.0,3.0,3.0,1.0,3.0,5,5,7,6,7,3,7,1,1,4,1,1,0,1,1,1,0,0,0,1,0,0,1,1,1,1,3,3,1,1,48,1,6,1,60,1,2,2
24,5.0,5.0,3.0,3.0,5.0,3.0,1.0,5.0,3.0,1.0,1.0,3.0,5.0,1.0,4.0,1.0,1.0,5.0,3.0,5.0,1,4,4,6,4,7,1,3,2,1,1,1,1,1,1,1,0,0,0,1,0,0,1,1,1,1,3,3,2,1,33,1,12,2,70,1,2,2
25,3.0,4.0,1.0,4.0,2.0,1.0,1.0,4.0,4.0,2.0,1.0,5.0,2.0,1.0,1.0,1.0,2.0,5.0,5.0,1.0,1,1,4,2,7,7,6,2,6,4,1,1,0,1,1,0,0,0,0,1,0,0,1,1,1,1,3,2,1,1,40,1,3,1,70,2,1,2
26,5.0,2.0,3.0,1.0,4.0,2.0,2.0,4.0,3.0,1.0,1.0,4.0,1.0,1.0,1.0,5.0,5.0,4.0,3.0,3.0,1,5,6,1,7,7,3,5,7,3,1,1,0,1,0,0,0,1,0,1,0,0,0,1,1,1,3,1,2,2,20,1,4,1,10,2,1,4
27,5.0,5.0,2.0,2.0,5.0,5.0,1.0,5.0,5.0,5.0,1.0,5.0,5.0,1.0,1.0,1.0,1.0,5.0,3.0,5.0,5,5,7,5,7,7,6,5,5,5,1,1,0,1,1,0,0,0,0,1,0,0,1,1,1,1,3,3,1,2,33,2,4,1,10,1,1,3
28,5.0,5.0,3.0,1.0,5.0,1.0,1.0,4.0,3.0,1.0,2.0,5.0,3.0,1.0,5.0,2.0,1.0,5.0,5.0,2.0,3,1,4,5,7,3,7,2,1,1,1,1,1,1,1,0,1,0,0,1,1,0,1,1,1,1,3,2,2,1,34,2,6,1,60,1,1,1
29,1.0,5.0,1.0,4.0,4.0,3.0,3.0,1.0,4.0,5.0,1.0,4.0,3.0,1.0,5.0,1.0,5.0,5.0,5.0,1.0,7,5,6,5,7,6,7,1,6,1,1,1,0,1,1,0,0,1,0,1,0,1,1,1,1,1,3,2,0,2,40,2,0,0,0,0,0,0
30,4.0,2.0,3.0,4.0,4.0,4.0,2.0,4.0,5.0,3.0,1.0,4.0,1.0,4.0,4.0,3.0,3.0,4.0,5.0,4.0,5,5,3,4,7,2,7,5,3,1,1,1,0,1,1,0,0,1,0,1,0,0,1,1,1,1,4,3,1,1,38,1,4,2,60,1,1,2
31,5.0,4.0,1.0,3.0,4.0,5.0,1.0,1.0,3.0,1.0,1.0,1.0,4.0,2.0,5.0,5.0,3.0,3.0,4.0,5.0,6,4,7,1,7,1,5,2,6,1,1,1,1,1,1,0,0,1,0,1,0,0,0,1,1,1,3,3,2,2,23,2,4,1,60,2,1,2
32,4.0,5.0,4.0,3.0,5.0,4.0,2.0,5.0,4.0,2.0,3.0,3.0,3.0,3.0,5.0,4.0,3.0,4.0,5.0,4.0,5,7,6,3,7,5,6,3,6,4,1,1,1,1,1,0,1,1,0,1,0,0,1,1,1,1,3,0,1,1,32,1,1,1,70,1,2,5
33,1.0,5.0,1.0,1.0,5.0,1.0,1.0,5.0,1.0,1.0,1.0,5.0,5.0,1.0,5.0,1.0,1.0,5.0,5.0,5.0,6,5,7,6,6,6,1,1,5,6,1,1,0,1,1,0,0,1,0,1,0,0,0,1,1,1,2,3,2,1,21,1,6,1,10,2,1,2
34,4.0,5.0,1.0,4.0,4.0,1.0,1.0,1.0,2.0,2.0,1.0,5.0,4.0,1.0,4.0,2.0,2.0,5.0,4.0,1.0,3,6,2,3,6,2,7,6,2,7,1,0,0,1,1,0,0,0,0,1,0,0,1,1,1,1,2,3,1,2,20,1,2,1,10,2,1,5
35,5.0,1.0,4.0,2.0,4.0,2.0,5.0,2.0,3.0,1.0,1.0,5.0,1.0,1.0,4.0,5.0,4.0,4.0,4.0,4.0,7,5,6,6,7,1,2,5,3,2,1,1,0,1,1,0,0,0,0,1,0,0,0,1,1,1,3,1,1,2,21,1,4,3,10,1,1,3
36,1.0,1.0,2.0,1.0,5.0,1.0,1.0,1.0,5.0,1.0,1.0,5.0,5.0,1.0,3.0,1.0,5.0,2.0,5.0,1.0,1,3,5,7,7,7,1,1,3,1,0,1,0,1,1,0,0,0,0,0,0,0,0,1,1,1,2,2,1,1,24,1,2,1,60,2,1,3
37,1.0,1.0,3.0,1.0,5.0,4.0,3.0,1.0,5.0,5.0,1.0,5.0,1.0,1.0,4.0,1.0,1.0,5.0,5.0,1.0,3,7,6,5,7,4,6,6,5,1,1,1,1,1,1,0,0,0,1,1,1,1,1,1,1,1,4,3,1,1,29,1,1,1,70,1,1,4
38,4.0,3.0,5.0,2.0,5.0,5.0,2.0,2.0,5.0,4.0,1.0,4.0,4.0,1.0,4.0,1.0,4.0,4.0,3.0,2.0,5,5,7,3,7,1,6,1,2,1,1,1,0,1,1,0,0,0,0,1,0,0,1,1,1,1,3,3,2,1,26,1,12,1,60,1,1,4
39,5.0,5.0,4.0,2.0,4.0,1.0,2.0,2.0,3.0,2.0,1.0,4.0,3.0,1.0,3.0,2.0,1.0,4.0,5.0,1.0,2,6,2,5,6,4,3,5,2,5,1,1,1,1,1,0,0,0,1,1,1,0,1,1,1,1,2,2,1,1,22,1,2,1,60,1,1,1
40,5.0,2.0,5.0,1.0,5.0,4.0,1.0,5.0,2.0,1.0,5.0,4.0,4.0,1.0,5.0,3.0,4.0,1.0,5.0,4.0,5,6,3,6,3,5,3,2,6,1,1,0,0,1,1,0,0,0,0,1,0,1,1,0,1,1,3,3,1,1,33,1,8,5,70,2,2,3
41,4.0,2.0,4.0,4.0,3.0,4.0,2.0,1.0,4.0,2.0,2.0,5.0,2.0,5.0,3.0,5.0,4.0,3.0,4.0,1.0,4,6,3,5,6,6,6,4,6,6,1,1,1,1,1,0,0,1,0,1,0,0,1,1,1,1,2,3,1,2,22,1,2,1,70,1,1,2
42,5.0,4.0,3.0,2.0,4.0,1.0,1.0,3.0,3.0,3.0,1.0,5.0,5.0,1.0,4.0,3.0,1.0,5.0,5.0,4.0,6,7,6,5,7,2,5,2,1,1,1,1,1,1,1,0,0,1,0,1,1,0,1,1,1,1,3,3,1,2,34,1,2,2,60,2,1,1
43,4.0,4.0,2.0,2.0,4.0,2.0,3.0,2.0,3.0,4.0,2.0,3.0,2.0,3.0,4.0,3.0,3.0,4.0,4.0,3.0,4,3,5,2,6,5,5,1,7,3,1,0,0,1,1,0,0,0,0,1,0,0,0,1,1,1,3,3,1,2,31,3,4,1,10,1,2,5
44,2.0,1.0,2.0,2.0,5.0,5.0,2.0,3.0,5.0,5.0,1.0,5.0,1.0,1.0,4.0,2.0,1.0,5.0,5.0,3.0,6,5,3,5,7,6,6,4,6,2,1,1,0,1,1,0,0,0,0,1,0,0,0,0,1,1,3,1,1,2,35,1,4,2,60,2,1,0
45,3.0,4.0,3.0,4.0,3.0,2.0,1.0,1.0,2.0,1.0,1.0,4.0,3.0,1.0,4.0,3.0,2.0,5.0,1.0,1.0,0,5,1,6,5,7,3,1,2,4,0,0,0,0,0,0,0,0,0,0,0,0,0,0,0,0,3,3,2,2,25,1,10,1,20,2,1,3
46,5.0,5.0,2.0,2.0,4.0,2.0,1.0,4.0,4.0,2.0,3.0,5.0,4.0,2.0,5.0,2.0,3.0,4.0,5.0,5.0,3,6,5,5,3,5,1,4,5,2,0,1,0,1,1,0,0,0,0,0,0,0,1,0,1,1,3,3,1,2,19,1,2,1,60,2,1,2
47,3.0,3.0,3.0,1.0,4.0,2.0,2.0,4.0,2.0,2.0,1.0,4.0,4.0,2.0,4.0,2.0,3.0,3.0,5.0,4.0,2,5,4,6,3,5,4,5,3,5,1,1,0,1,1,0,0,0,0,1,1,0,1,1,1,1,2,3,2,2,20,1,4,2,60,2,1,1
48,5.0,4.0,2.0,3.0,4.0,2.0,2.0,3.0,3.0,2.0,1.0,5.0,2.0,1.0,5.0,1.0,5.0,4.0,4.0,4.0,2,6,6,5,5,7,4,2,5,3,1,1,0,1,1,0,0,1,0,0,0,1,1,1,1,1,3,3,1,2,22,1,2,1,60,0,1,2
49,5.0,2.0,4.0,2.0,5.0,5.0,5.0,5.0,5.0,5.0,5.0,5.0,5.0,4.0,5.0,5.0,1.0,5.0,1.0,4.0,6,5,6,3,7,6,7,2,6,1,1,0,0,0,1,0,1,0,0,1,0,0,1,0,1,1,3,3,1,2,41,1,4,1,10,1,1,4
50,4.0,5.0,4.0,1.0,5.0,2.0,1.0,4.0,4.0,5.0,1.0,5.0,5.0,1.0,4.0,5.0,1.0,5.0,4.0,2.0,1,5,7,5,5,7,5,1,7,3,1,1,0,1,1,0,0,1,0,1,0,0,1,0,1,1,3,3,2,2,24,1,2,1,60,2,2,2
51,5.0,4.0,4.0,4.0,4.0,1.0,5.0,5.0,1.0,3.0,1.0,5.0,5.0,1.0,4.0,2.0,1.0,4.0,5.0,3.0,5,5,3,7,4,6,7,2,7,1,1,0,0,1,1,0,1,1,0,1,0,0,1,1,1,1,4,3,1,2,24,1,8,1,10,1,1,1
52,4.0,5.0,1.0,4.0,5.0,4.0,2.0,4.0,2.0,5.0,1.0,5.0,2.0,1.0,2.0,1.0,1.0,4.0,5.0,3.0,5,6,3,2,6,1,7,7,3,2,1,1,1,1,1,0,1,1,0,1,1,1,1,1,1,1,3,3,2,1,48,1,2,1,70,2,1,6
53,4.0,2.0,1.0,1.0,5.0,1.0,1.0,4.0,4.0,3.0,1.0,5.0,4.0,1.0,3.0,1.0,1.0,4.0,5.0,4.0,4,2,6,2,3,6,5,1,7,1,1,1,1,1,1,0,1,1,0,1,1,1,1,1,1,1,3,3,1,1,55,1,1,1,60,2,2,5
54,1.0,2.0,2.0,3.0,2.0,2.0,1.0,1.0,5.0,3.0,1.0,2.0,1.0,1.0,5.0,1.0,2.0,3.0,2.0,2.0,5,2,6,5,6,3,7,2,4,1,1,1,0,1,1,0,0,1,0,1,0,0,1,1,1,1,3,2,2,1,28,1,1,1,60,1,1,3
55,5.0,5.0,1.0,4.0,4.0,3.0,1.0,2.0,1.0,3.0,1.0,2.0,1.0,1.0,2.0,5.0,1.0,5.0,5.0,1.0,4,2,6,5,3,2,6,1,6,4,1,1,0,1,1,0,0,1,0,1,0,0,1,1,1,1,3,3,1,2,22,1,2,1,60,1,1,2
56,5.0,4.0,2.0,1.0,5.0,4.0,3.0,5.0,5.0,4.0,5.0,5.0,4.0,2.0,2.0,2.0,1.0,5.0,5.0,5.0,1,7,7,7,7,6,3,2,3,1,1,1,0,1,1,0,0,1,0,1,0,0,0,1,1,1,4,3,2,2,26,2,1,1,60,2,1,2
57,2.0,4.0,4.0,4.0,3.0,4.0,2.0,4.0,4.0,4.0,3.0,2.0,2.0,2.0,4.0,4.0,2.0,3.0,5.0,1.0,3,1,4,6,4,5,7,2,4,6,0,1,0,1,1,0,0,1,0,1,0,0,1,1,1,1,3,3,2,2,29,2,12,1,60,1,2,3
58,5.0,4.0,2.0,4.0,4.0,3.0,1.0,2.0,5.0,4.0,2.0,5.0,1.0,2.0,5.0,1.0,4.0,5.0,3.0,5.0,6,5,7,5,7,4,7,1,6,4,1,1,0,1,1,0,0,0,0,1,0,0,1,0,1,1,0,3,1,1,45,1,10,1,20,2,3,4
59,3.0,5.0,5.0,1.0,3.0,5.0,5.0,5.0,5.0,5.0,1.0,1.0,1.0,1.0,1.0,5.0,1.0,1.0,5.0,1.0,1,6,7,7,2,7,7,1,7,1,1,1,0,1,1,0,0,0,0,1,0,1,0,1,1,1,3,3,2,2,24,1,10,1,70,2,1,2
60,4.0,1.0,1.0,5.0,1.0,2.0,2.0,4.0,5.0,5.0,1.0,4.0,2.0,1.0,3.0,2.0,1.0,4.0,2.0,1.0,7,2,2,1,7,2,7,1,7,1,1,1,1,1,1,0,0,1,0,1,1,0,1,1,0,1,4,2,1,1,62,2,6,1,60,1,2,2
61,5.0,1.0,5.0,4.0,2.0,5.0,5.0,1.0,5.0,3.0,5.0,1.0,5.0,3.0,1.0,1.0,2.0,1.0,4.0,1.0,1,1,7,1,2,7,7,1,5,7,1,1,0,1,1,0,1,0,0,1,0,0,1,1,1,1,3,3,2,1,48,1,12,1,60,1,3,3
62,5.0,2.0,3.0,2.0,2.0,2.0,1.0,2.0,3.0,2.0,1.0,3.0,3.0,1.0,3.0,4.0,3.0,4.0,4.0,1.0,2,5,6,4,5,6,5,2,5,1,1,1,1,1,1,0,0,1,0,1,1,0,1,1,1,1,2,2,1,1,18,2,2,2,60,2,1,3
63,5.0,4.0,3.0,3.0,4.0,3.0,2.0,4.0,2.0,2.0,2.0,4.0,3.0,2.0,5.0,1.0,1.0,5.0,5.0,5.0,5,7,1,5,7,3,6,7,7,1,1,0,0,0,1,0,1,1,0,1,0,0,0,1,1,1,2,3,1,2,21,2,2,1,60,1,1,4
64,4.0,4.0,3.0,3.0,4.0,2.0,1.0,3.0,3.0,2.0,1.0,5.0,5.0,2.0,3.0,1.0,4.0,2.0,4.0,4.0,2,3,6,2,6,5,3,4,4,4,1,1,0,0,0,0,0,1,0,1,0,0,1,0,1,1,3,3,1,1,25,1,6,1,60,1,1,2
65,5.0,4.0,1.0,2.0,4.0,1.0,1.0,4.0,2.0,1.0,1.0,5.0,4.0,1.0,4.0,1.0,2.0,5.0,5.0,4.0,2,1,6,7,5,7,5,2,5,3,1,1,1,1,1,0,1,1,0,1,1,0,1,1,1,1,3,2,1,2,32,1,4,1,60,1,1,1
66,5.0,5.0,1.0,1.0,5.0,1.0,4.0,3.0,1.0,5.0,1.0,4.0,5.0,1.0,4.0,1.0,1.0,5.0,5.0,5.0,4,7,6,1,6,4,5,4,2,2,1,1,1,1,1,1,0,1,0,1,0,0,1,1,1,1,3,1,1,1,43,3,12,1,60,1,3,4
67,2.0,2.0,4.0,2.0,4.0,2.0,2.0,4.0,2.0,4.0,1.0,4.0,4.0,2.0,4.0,2.0,1.0,5.0,5.0,1.0,5,5,5,5,5,3,5,7,3,3,1,1,1,1,1,0,1,1,0,1,1,0,1,1,1,1,3,3,2,2,26,1,4,1,60,1,1,2
68,5.0,5.0,2.0,3.0,5.0,3.0,2.0,5.0,3.0,3.0,1.0,4.0,5.0,1.0,5.0,5.0,2.0,5.0,5.0,5.0,2,3,6,7,5,7,7,5,5,4,1,0,0,1,1,0,0,0,0,1,0,0,1,1,1,1,2,2,2,1,19,2,1,5,60,1,1,3
69,5.0,5.0,1.0,2.0,5.0,5.0,1.0,2.0,4.0,1.0,2.0,5.0,5.0,1.0,5.0,2.0,5.0,5.0,5.0,4.0,7,7,5,2,7,6,7,3,7,1,1,1,1,1,1,1,0,0,0,1,0,0,1,1,0,1,2,3,2,2,24,1,2,1,70,1,1,2
70,5.0,4.0,4.0,2.0,5.0,1.0,1.0,5.0,3.0,2.0,2.0,4.0,5.0,1.0,4.0,5.0,1.0,5.0,5.0,1.0,5,5,7,3,7,3,7,1,6,2,1,1,0,1,1,0,0,0,0,1,0,0,1,0,1,1,3,3,1,1,37,1,3,1,70,1,1,2
71,4.0,4.0,4.0,4.0,4.0,4.0,2.0,4.0,5.0,3.0,3.0,4.0,3.0,3.0,4.0,4.0,2.0,2.0,2.0,1.0,5,5,6,6,6,5,4,4,6,5,1,1,0,1,1,0,0,1,0,1,0,1,1,1,1,1,3,1,2,1,21,1,4,1,60,1,1,1
72,1.0,1.0,5.0,5.0,3.0,5.0,5.0,2.0,5.0,5.0,1.0,3.0,1.0,3.0,1.0,5.0,2.0,1.0,5.0,1.0,5,1,7,4,7,6,7,2,6,1,1,1,1,1,1,1,1,1,0,1,0,0,1,1,1,1,4,2,2,1,52,1,7,5,60,1,3,5
73,5.0,4.0,3.0,1.0,5.0,4.0,3.0,4.0,3.0,3.0,1.0,4.0,5.0,1.0,3.0,1.0,1.0,4.0,5.0,2.0,2,5,5,5,6,7,5,2,4,1,1,1,1,1,1,1,1,1,1,1,1,1,1,1,1,1,2,3,1,1,24,1,9,1,70,1,1,1
74,1.0,4.0,5.0,5.0,4.0,4.0,2.0,1.0,4.0,4.0,2.0,1.0,2.0,2.0,4.0,1.0,4.0,4.0,4.0,1.0,5,3,5,5,6,2,6,2,6,6,1,1,0,1,1,0,0,0,0,1,1,0,0,0,1,1,4,2,1,2,32,1,4,1,60,1,1,1
75,5.0,4.0,2.0,3.0,1.0,4.0,1.0,4.0,5.0,2.0,1.0,5.0,4.0,1.0,1.0,1.0,2.0,1.0,5.0,5.0,5,6,7,5,5,7,7,1,7,4,1,1,0,1,1,0,0,0,0,1,0,0,1,1,1,1,4,2,1,2,47,1,10,1,60,2,3,4
76,4.0,4.0,1.0,3.0,4.0,1.0,1.0,3.0,2.0,2.0,4.0,4.0,1.0,1.0,5.0,4.0,1.0,3.0,5.0,3.0,2,6,3,3,7,6,5,6,7,1,1,1,0,1,1,0,0,0,0,1,0,0,1,1,1,1,2,2,1,2,21,1,2,1,60,2,1,2
77,1.0,1.0,3.0,5.0,1.0,5.0,5.0,2.0,5.0,1.0,5.0,2.0,1.0,5.0,1.0,5.0,3.0,1.0,5.0,1.0,5,1,7,6,7,3,7,5,7,1,1,1,1,1,1,1,1,1,1,1,1,1,1,1,1,1,3,3,2,1,53,1,1,1,60,1,3,5
78,1.0,2.0,4.0,2.0,1.0,2.0,2.0,1.0,5.0,5.0,2.0,2.0,1.0,3.0,1.0,5.0,1.0,1.0,3.0,1.0,1,2,6,1,7,4,3,5,4,2,1,1,0,1,1,0,0,1,0,1,0,0,1,1,1,1,3,3,1,2,45,1,2,1,60,1,2,2
79,4.0,4.0,1.0,3.0,4.0,1.0,2.0,5.0,2.0,1.0,1.0,5.0,4.0,1.0,4.0,1.0,1.0,4.0,5.0,2.0,6,5,3,1,7,7,5,2,7,2,1,1,0,1,1,0,0,1,0,1,0,0,1,1,1,1,3,2,1,1,34,1,2,1,60,1,2,1
80,2.0,5.0,4.0,1.0,5.0,2.0,1.0,2.0,5.0,5.0,1.0,5.0,1.0,1.0,4.0,5.0,1.0,5.0,5.0,1.0,1,7,6,5,6,7,2,5,7,2,1,1,1,1,1,0,0,1,0,1,1,0,1,1,1,1,3,2,1,1,21,1,2,2,60,1,1,2
81,5.0,5.0,3.0,4.0,5.0,3.0,3.0,3.0,4.0,2.0,2.0,4.0,3.0,3.0,5.0,3.0,2.0,4.0,5.0,1.0,5,5,6,5,7,6,6,5,5,1,1,1,0,1,1,0,0,0,0,1,0,0,1,1,1,1,3,2,1,1,20,1,12,3,30,1,1,2
82,5.0,5.0,1.0,1.0,5.0,1.0,1.0,5.0,1.0,1.0,1.0,5.0,5.0,1.0,5.0,1.0,5.0,1.0,5.0,5.0,6,4,6,1,7,4,6,1,5,2,1,1,0,1,1,0,1,1,0,1,1,0,1,1,1,1,3,3,1,2,52,1,2,2,60,2,1,2
83,4.0,4.0,3.0,1.0,4.0,4.0,3.0,4.0,4.0,4.0,3.0,4.0,3.0,2.0,4.0,5.0,5.0,3.0,5.0,5.0,6,6,2,3,7,5,6,5,6,1,1,1,1,1,1,1,0,1,1,1,1,0,1,1,1,1,3,3,1,2,28,1,1,2,60,1,1,4
84,5.0,5.0,1.0,1.0,5.0,1.0,1.0,5.0,1.0,1.0,1.0,5.0,1.0,1.0,4.0,1.0,1.0,5.0,5.0,5.0,3,5,7,1,6,7,1,2,7,3,1,1,1,1,1,1,1,1,1,1,1,1,1,1,1,1,4,1,3,1,25,3,1,5,60,2,1,4
85,3.0,4.0,2.0,1.0,4.0,1.0,1.0,4.0,3.0,1.0,3.0,3.0,2.0,2.0,2.0,2.0,1.0,4.0,5.0,2.0,3,5,3,2,7,5,6,5,7,1,1,1,1,1,1,0,1,1,0,1,1,0,1,1,1,1,4,2,1,1,38,1,2,1,60,2,1,2
86,1.0,2.0,5.0,4.0,2.0,4.0,3.0,4.0,5.0,4.0,2.0,4.0,1.0,4.0,2.0,4.0,2.0,2.0,4.0,1.0,2,1,6,6,4,5,7,6,3,2,1,1,1,1,1,0,0,0,0,1,0,0,1,1,1,1,4,3,2,1,27,1,1,1,10,2,2,2
87,4.0,3.0,4.0,3.0,4.0,1.0,2.0,5.0,5.0,2.0,1.0,4.0,4.0,2.0,5.0,4.0,1.0,4.0,5.0,3.0,4,3,6,7,6,7,7,6,2,1,1,1,1,1,1,0,0,0,0,1,0,0,1,1,1,1,4,3,2,2,28,1,1,1,70,1,1,3
88,5.0,4.0,1.0,1.0,5.0,1.0,1.0,2.0,3.0,1.0,1.0,5.0,4.0,1.0,1.0,1.0,1.0,3.0,5.0,3.0,1,7,7,4,7,7,3,3,7,4,1,1,1,1,1,0,0,1,0,1,0,0,1,1,1,1,3,2,1,2,23,1,1,5,70,1,1,1
89,5.0,4.0,3.0,3.0,5.0,3.0,1.0,4.0,3.0,1.0,2.0,5.0,1.0,1.0,3.0,2.0,1.0,1.0,3.0,5.0,7,1,4,1,4,3,7,7,6,2,1,1,0,1,1,0,1,0,0,1,1,0,1,1,1,1,4,3,2,1,58,1,6,1,30,1,3,4
90,4.0,3.0,2.0,3.0,4.0,2.0,1.0,2.0,3.0,3.0,2.0,5.0,2.0,1.0,3.0,3.0,1.0,3.0,5.0,1.0,6,7,4,1,6,7,2,4,7,2,1,1,1,1,1,0,1,1,0,1,0,0,1,1,1,1,2,2,1,1,34,1,2,1,60,2,3,3
91,5.0,4.0,4.0,3.0,5.0,1.0,1.0,4.0,3.0,1.0,1.0,4.0,2.0,2.0,4.0,3.0,1.0,4.0,5.0,5.0,6,7,6,2,5,3,2,1,6,4,1,1,0,1,1,1,0,0,0,1,1,0,1,1,1,1,3,1,1,1,22,1,2,1,60,1,1,2
92,4.0,4.0,3.0,4.0,3.0,4.0,4.0,4.0,4.0,3.0,1.0,4.0,1.0,2.0,3.0,3.0,2.0,4.0,3.0,1.0,6,6,6,6,5,4,6,3,3,1,1,1,1,1,1,0,0,0,0,1,0,1,1,1,1,1,4,1,2,1,28,2,1,1,60,1,1,2
93,5.0,5.0,1.0,1.0,4.0,1.0,1.0,5.0,4.0,4.0,1.0,5.0,5.0,1.0,1.0,1.0,1.0,5.0,5.0,1.0,2,3,4,6,7,5,1,6,5,4,1,1,0,1,1,0,0,0,0,1,0,0,1,0,1,1,3,1,1,2,26,1,12,1,70,2,1,4
94,5.0,5.0,1.0,5.0,5.0,1.0,1.0,1.0,1.0,1.0,1.0,5.0,5.0,1.0,5.0,1.0,1.0,5.0,5.0,5.0,7,1,6,1,7,7,7,1,7,1,1,1,1,1,1,0,1,0,0,1,1,1,1,1,1,1,3,1,1,1,35,1,1,1,60,1,1,4
95,4.0,5.0,4.0,2.0,3.0,3.0,3.0,4.0,4.0,3.0,1.0,4.0,1.0,1.0,5.0,1.0,1.0,2.0,4.0,4.0,3,2,6,1,5,6,6,3,7,2,1,1,1,1,1,0,0,1,0,0,0,0,1,1,1,1,4,2,1,1,56,1,6,1,60,1,2,2
96,5.0,5.0,3.0,2.0,5.0,3.0,3.0,4.0,4.0,4.0,1.0,5.0,5.0,1.0,3.0,3.0,2.0,5.0,5.0,4.0,1,6,4,2,6,7,4,2,6,2,1,1,0,1,1,0,0,1,0,1,1,0,1,1,1,1,3,2,1,2,38,2,2,5,60,2,1,2
97,1.0,1.0,4.0,4.0,2.0,4.0,2.0,1.0,5.0,2.0,1.0,2.0,1.0,2.0,4.0,4.0,4.0,4.0,5.0,1.0,2,6,2,6,6,6,5,5,2,1,1,1,0,0,1,0,0,0,0,1,0,0,1,1,1,1,4,3,2,1,37,1,12,1,60,1,1,2
98,5.0,4.0,1.0,1.0,5.0,1.0,1.0,4.0,2.0,2.0,1.0,5.0,5.0,1.0,1.0,1.0,1.0,4.0,5.0,3.0,5,7,3,5,7,5,5,6,1,1,1,1,1,1,1,0,0,0,0,1,0,0,1,1,1,1,2,1,1,2,17,1,2,1,60,2,1,2
99,1.0,1.0,1.0,5.0,1.0,5.0,2.0,1.0,5.0,4.0,3.0,1.0,1.0,2.0,4.0,3.0,5.0,5.0,4.0,1.0,7,5,6,1,7,3,7,1,7,6,1,1,1,1,1,1,1,1,0,1,0,1,1,1,1,1,3,3,1,2,25,1,2,1,70,1,1,2
100,3.0,2.0,4.0,4.0,4.0,3.0,4.0,2.0,5.0,4.0,3.0,4.0,2.0,3.0,3.0,2.0,3.0,2.0,4.0,3.0,3,2,5,6,6,4,7,3,4,6,1,1,0,1,1,0,0,1,0,1,0,1,1,1,1,1,3,2,2,1,20,1,4,1,30,1,1,3
101,5.0,5.0,1.0,1.0,5.0,1.0,1.0,5.0,1.0,1.0,1.0,5.0,4.0,1.0,4.0,1.0,1.0,5.0,4.0,1.0,7,3,7,2,5,1,6,6,6,2,1,0,0,1,1,0,0,0,0,1,0,0,0,0,1,1,2,1,1,1,30,1,1,1,60,1,1,4
102,1.0,5.0,2.0,1.0,5.0,1.0,1.0,2.0,2.0,1.0,1.0,5.0,5.0,1.0,5.0,1.0,1.0,5.0,5.0,5.0,6,3,4,4,7,3,5,6,4,1,1,1,1,1,1,1,1,1,0,1,0,1,1,1,1,1,2,3,2,1,25,1,7,1,70,1,2,4
103,1.0,1.0,5.0,5.0,1.0,5.0,5.0,3.0,5.0,5.0,2.0,1.0,2.0,4.0,1.0,4.0,5.0,2.0,5.0,1.0,3,2,5,6,7,5,6,6,3,1,1,1,1,1,1,0,0,1,0,1,0,0,1,1,1,1,3,2,2,1,39,1,1,1,60,1,1,2
104,4.0,2.0,2.0,2.0,5.0,3.0,2.0,2.0,4.0,4.0,2.0,1.0,2.0,2.0,2.0,5.0,3.0,2.0,3.0,3.0,3,1,4,3,5,5,6,3,3,5,1,1,0,1,1,0,0,0,0,1,0,0,0,1,1,1,2,3,1,1,20,1,1,1,60,2,1,3
105,4.0,5.0,4.0,5.0,4.0,3.0,2.0,2.0,5.0,5.0,2.0,1.0,2.0,4.0,5.0,4.0,1.0,2.0,5.0,1.0,6,1,7,5,7,3,7,2,3,3,1,1,0,1,1,0,0,1,0,1,0,0,1,1,1,1,3,2,1,1,20,1,1,1,60,1,1,2
106,5.0,5.0,2.0,3.0,5.0,3.0,1.0,5.0,3.0,5.0,1.0,2.0,5.0,2.0,3.0,2.0,1.0,4.0,5.0,1.0,6,2,5,4,4,7,7,5,7,1,1,1,1,1,1,0,0,0,0,1,0,0,0,1,1,1,3,3,2,2,27,1,4,1,60,2,1,2
107,3.0,4.0,2.0,1.0,4.0,1.0,1.0,2.0,3.0,4.0,1.0,5.0,1.0,1.0,4.0,1.0,3.0,5.0,5.0,1.0,5,5,7,5,7,1,5,3,3,6,1,1,0,1,1,0,0,0,0,1,0,0,1,1,1,1,2,3,2,1,16,1,1,1,60,2,1,2
108,2.0,2.0,4.0,3.0,4.0,5.0,4.0,2.0,5.0,5.0,1.0,4.0,1.0,1.0,3.0,2.0,3.0,5.0,5.0,1.0,6,6,6,5,7,3,6,2,6,2,1,1,0,1,1,0,0,0,0,1,1,0,1,1,1,1,3,3,1,1,26,1,12,1,10,1,1,4
109,2.0,4.0,4.0,4.0,1.0,3.0,3.0,1.0,5.0,4.0,3.0,4.0,2.0,2.0,2.0,3.0,5.0,3.0,2.0,1.0,4,3,5,5,3,5,6,6,5,5,1,1,0,1,1,0,1,0,0,1,0,0,1,1,1,1,4,3,1,2,26,1,8,1,10,2,1,2
110,3.0,4.0,2.0,4.0,4.0,1.0,1.0,1.0,1.0,2.0,1.0,5.0,1.0,2.0,3.0,5.0,1.0,4.0,5.0,3.0,7,6,5,6,7,1,7,4,1,1,1,1,0,1,1,0,0,1,0,1,0,0,1,1,1,1,3,2,2,2,25,1,2,2,20,1,1,4
111,2.0,1.0,3.0,4.0,3.0,3.0,2.0,4.0,5.0,4.0,2.0,4.0,1.0,3.0,4.0,4.0,5.0,2.0,5.0,1.0,5,3,6,2,4,6,7,3,6,6,1,1,0,1,1,0,0,0,0,1,0,0,1,1,1,1,3,2,1,2,25,1,7,1,60,2,1,2
112,5.0,4.0,1.0,1.0,5.0,1.0,1.0,5.0,5.0,2.0,1.0,4.0,5.0,1.0,5.0,1.0,4.0,5.0,5.0,2.0,6,5,7,3,6,5,6,2,7,2,1,1,1,1,1,1,0,0,0,1,0,0,1,1,1,1,3,3,1,1,29,1,1,1,60,1,2,2
113,5.0,5.0,2.0,2.0,4.0,2.0,1.0,4.0,2.0,2.0,1.0,5.0,4.0,1.0,5.0,1.0,2.0,5.0,5.0,2.0,6,3,5,2,5,2,6,6,7,4,1,1,0,1,1,1,0,1,0,1,0,0,1,1,1,1,3,2,1,2,24,1,2,1,60,1,1,3
114,5.0,2.0,2.0,1.0,5.0,2.0,2.0,2.0,3.0,3.0,1.0,5.0,2.0,1.0,3.0,1.0,3.0,4.0,5.0,4.0,6,7,2,5,7,3,3,7,3,1,1,1,1,1,1,0,0,1,1,1,0,0,1,1,1,1,4,3,2,2,21,1,1,1,10,2,1,2
115,2.0,3.0,4.0,3.0,4.0,4.0,5.0,2.0,5.0,3.0,1.0,4.0,4.0,1.0,4.0,3.0,1.0,4.0,1.0,4.0,5,6,6,6,7,3,3,1,3,1,1,1,0,1,0,0,0,0,0,1,0,0,0,0,1,1,3,3,1,2,28,1,4,1,60,1,2,3
116,4.0,4.0,1.0,1.0,3.0,1.0,1.0,4.0,1.0,1.0,1.0,5.0,4.0,1.0,3.0,1.0,2.0,4.0,3.0,4.0,2,5,2,1,7,6,5,5,4,4,1,1,1,1,1,1,1,0,1,1,1,1,1,1,1,1,1,3,1,2,23,3,4,1,60,1,1,3
117,5.0,4.0,2.0,2.0,5.0,1.0,1.0,4.0,2.0,1.0,2.0,5.0,4.0,2.0,5.0,1.0,1.0,4.0,5.0,5.0,3,3,6,5,5,7,3,5,6,3,1,1,1,1,1,0,0,1,0,1,1,0,1,1,1,1,4,2,1,2,26,1,2,1,60,2,1,1
118,3.0,5.0,2.0,3.0,5.0,4.0,1.0,4.0,5.0,1.0,1.0,4.0,1.0,3.0,4.0,4.0,1.0,5.0,5.0,1.0,5,1,5,4,7,4,7,5,7,5,1,1,0,1,1,0,0,0,0,1,0,0,1,1,1,1,3,3,1,1,40,1,4,1,60,1,2,2
119,1.0,5.0,4.0,5.0,5.0,5.0,2.0,4.0,5.0,5.0,3.0,1.0,3.0,2.0,1.0,5.0,5.0,5.0,2.0,2.0,4,1,6,2,7,6,2,1,6,2,1,1,0,1,1,0,0,0,1,1,0,0,0,1,1,1,2,1,2,2,21,1,8,1,10,2,1,3
120,5.0,5.0,1.0,4.0,1.0,1.0,1.0,5.0,5.0,1.0,1.0,5.0,1.0,1.0,5.0,2.0,1.0,5.0,3.0,5.0,6,4,7,6,7,1,2,2,2,1,1,1,0,1,1,0,0,1,0,1,0,0,1,0,1,1,3,3,1,2,25,2,4,1,60,1,2,1
121,4.0,4.0,3.0,3.0,5.0,3.0,2.0,4.0,4.0,2.0,1.0,4.0,2.0,2.0,5.0,5.0,2.0,4.0,4.0,2.0,2,5,7,3,7,5,5,2,6,2,1,1,1,1,1,0,0,1,0,1,0,0,1,1,1,1,0,2,2,1,21,1,1,2,60,1,1,3
122,5.0,4.0,2.0,2.0,5.0,4.0,1.0,4.0,2.0,1.0,1.0,4.0,5.0,2.0,5.0,1.0,1.0,4.0,3.0,1.0,7,7,6,5,5,2,5,5,4,2,1,1,0,1,1,0,0,1,0,1,0,0,1,1,1,1,4,1,1,1,27,1,4,1,60,1,2,2
123,4.0,4.0,2.0,1.0,4.0,2.0,2.0,2.0,4.0,5.0,1.0,5.0,3.0,2.0,4.0,1.0,3.0,5.0,4.0,3.0,3,3,6,2,6,5,5,2,6,4,1,0,0,1,1,1,0,1,1,1,1,1,0,1,1,1,3,2,1,2,36,1,7,1,60,1,1,3
124,4.0,2.0,3.0,2.0,5.0,2.0,1.0,4.0,4.0,2.0,1.0,2.0,3.0,1.0,1.0,1.0,4.0,5.0,5.0,4.0,3,6,7,7,6,4,4,3,1,1,1,1,0,1,1,0,0,1,0,1,0,0,0,1,1,1,2,3,2,2,21,1,2,2,70,1,1,2
125,2.0,1.0,1.0,2.0,5.0,1.0,4.0,4.0,2.0,2.0,1.0,4.0,4.0,1.0,4.0,1.0,2.0,4.0,5.0,4.0,5,6,5,2,2,6,5,3,3,5,1,1,0,1,1,0,0,1,0,1,0,0,1,1,1,1,2,3,1,2,23,1,2,1,60,1,1,2
126,1.0,4.0,5.0,4.0,1.0,2.0,1.0,2.0,5.0,5.0,1.0,1.0,4.0,3.0,3.0,5.0,1.0,1.0,4.0,1.0,5,5,6,6,5,6,7,6,2,2,1,1,1,1,1,0,0,0,0,1,1,0,1,1,1,1,3,2,2,1,37,1,1,1,60,1,1,3
127,2.0,5.0,1.0,2.0,5.0,1.0,1.0,3.0,3.0,3.0,1.0,5.0,3.0,1.0,5.0,1.0,3.0,5.0,5.0,3.0,5,7,3,2,7,4,6,5,5,1,1,1,0,1,1,0,0,0,0,1,0,0,0,1,1,1,2,2,1,2,20,1,1,1,60,2,1,3
128,1.0,1.0,5.0,5.0,1.0,4.0,1.0,5.0,5.0,5.0,1.0,5.0,1.0,1.0,1.0,4.0,4.0,4.0,5.0,1.0,2,5,6,5,5,6,6,2,6,7,1,1,0,1,1,0,0,1,0,1,0,0,1,1,1,1,3,1,1,1,24,1,2,1,60,1,1,3
129,4.0,4.0,4.0,3.0,5.0,3.0,1.0,2.0,4.0,2.0,2.0,3.0,5.0,2.0,5.0,2.0,2.0,4.0,5.0,4.0,5,6,5,5,7,4,6,5,3,1,1,1,0,1,1,1,0,0,0,1,0,0,1,1,1,1,4,1,1,1,27,1,1,2,60,2,1,2
130,1.0,4.0,5.0,2.0,1.0,5.0,4.0,1.0,5.0,5.0,1.0,5.0,1.0,4.0,1.0,4.0,3.0,1.0,1.0,3.0,5,5,7,3,6,6,4,2,7,2,1,1,1,1,1,1,1,1,0,1,1,0,1,1,1,1,4,1,1,1,56,1,2,1,60,2,2,3
131,1.0,4.0,1.0,3.0,4.0,1.0,1.0,4.0,5.0,4.0,2.0,1.0,4.0,3.0,4.0,1.0,3.0,5.0,5.0,2.0,6,5,4,5,6,5,5,5,5,3,1,1,1,1,1,0,0,1,0,1,1,0,1,1,1,1,3,2,1,2,28,1,2,3,60,2,1,1
132,5.0,2.0,1.0,3.0,3.0,1.0,1.0,3.0,3.0,3.0,1.0,5.0,1.0,3.0,3.0,5.0,1.0,2.0,5.0,5.0,2,5,7,4,7,5,5,1,6,2,1,1,1,1,1,0,0,1,0,1,1,0,1,1,1,1,3,3,2,1,26,1,2,4,50,1,2,3
133,4.0,4.0,2.0,1.0,5.0,2.0,2.0,2.0,4.0,1.0,2.0,4.0,4.0,1.0,4.0,4.0,1.0,3.0,5.0,5.0,6,4,4,1,5,3,2,1,7,1,1,1,1,1,1,0,1,1,0,1,1,0,1,1,1,1,4,2,1,1,32,1,6,1,60,1,1,4
134,5.0,5.0,5.0,4.0,4.0,4.0,4.0,5.0,4.0,2.0,1.0,1.0,1.0,1.0,5.0,5.0,5.0,5.0,5.0,1.0,1,6,7,6,6,7,2,1,7,1,1,1,0,1,1,0,1,0,0,1,0,0,1,1,1,1,4,2,2,2,36,1,2,1,60,1,1,4
135,4.0,4.0,3.0,4.0,4.0,1.0,1.0,3.0,3.0,4.0,1.0,2.0,2.0,3.0,1.0,2.0,1.0,4.0,5.0,2.0,2,5,4,2,6,1,5,2,6,1,1,1,1,1,1,0,1,0,0,1,1,1,1,1,1,1,3,3,2,1,52,3,2,3,60,1,2,5
136,1.0,3.0,5.0,4.0,2.0,4.0,2.0,1.0,5.0,4.0,1.0,1.0,4.0,3.0,3.0,5.0,1.0,1.0,4.0,1.0,5,5,6,6,5,5,7,6,3,1,1,1,1,1,1,0,0,0,0,1,1,0,1,1,1,1,3,2,2,1,37,1,1,1,60,1,1,3
137,2.0,1.0,4.0,5.0,2.0,5.0,4.0,1.0,5.0,4.0,3.0,1.0,2.0,5.0,3.0,5.0,2.0,2.0,4.0,1.0,6,3,6,6,6,2,6,1,6,2,1,1,1,1,1,0,0,0,0,1,0,0,1,1,1,1,3,1,2,1,36,1,1,1,60,1,1,2
138,1.0,1.0,4.0,5.0,1.0,2.0,2.0,1.0,5.0,5.0,4.0,1.0,1.0,3.0,1.0,1.0,2.0,1.0,5.0,1.0,1,2,7,7,6,7,7,5,4,3,1,1,1,1,1,0,1,1,0,1,1,0,1,1,1,1,3,1,2,1,43,1,2,1,60,1,2,2
139,2.0,1.0,4.0,3.0,5.0,2.0,2.0,2.0,5.0,5.0,1.0,5.0,1.0,1.0,3.0,1.0,1.0,1.0,4.0,1.0,1,5,5,3,6,2,7,5,3,1,1,1,1,1,1,0,1,1,0,1,1,0,1,1,1,1,4,2,2,1,50,1,1,2,60,1,2,1
140,5.0,2.0,2.0,5.0,5.0,2.0,2.0,1.0,5.0,2.0,1.0,5.0,4.0,1.0,4.0,5.0,5.0,1.0,5.0,1.0,5,6,7,3,7,6,7,1,6,1,1,1,1,1,1,0,0,0,0,1,1,1,1,1,1,1,3,3,2,1,38,1,2,1,30,1,1,1
141,2.0,4.0,2.0,4.0,3.0,2.0,2.0,2.0,4.0,2.0,2.0,4.0,2.0,2.0,4.0,2.0,2.0,2.0,5.0,2.0,6,5,5,3,6,3,6,4,5,2,1,1,1,1,1,0,1,1,0,1,0,0,1,1,1,1,4,3,2,1,44,1,2,1,30,1,3,2
142,4.0,4.0,1.0,3.0,4.0,1.0,1.0,2.0,2.0,1.0,1.0,5.0,4.0,1.0,5.0,1.0,1.0,4.0,5.0,4.0,3,5,7,2,6,5,6,1,5,6,1,1,0,0,0,0,0,0,0,0,0,0,0,1,0,1,3,2,1,2,34,1,2,1,60,0,0,1
143,2.0,4.0,4.0,4.0,4.0,2.0,2.0,4.0,4.0,2.0,1.0,4.0,2.0,3.0,3.0,2.0,2.0,4.0,4.0,1.0,2,2,5,5,7,6,6,5,5,1,1,1,1,1,1,0,1,1,0,1,0,0,1,1,1,1,4,2,2,1,39,1,6,1,60,1,2,1
144,2.0,2.0,3.0,3.0,4.0,4.0,1.0,2.0,3.0,4.0,2.0,5.0,2.0,2.0,3.0,4.0,3.0,2.0,5.0,2.0,2,3,5,4,7,6,5,3,4,1,1,1,1,1,1,0,0,1,0,1,0,0,1,1,1,1,3,2,1,1,41,1,2,1,60,1,2,2
145,3.0,4.0,2.0,2.0,4.0,2.0,1.0,5.0,2.0,2.0,1.0,5.0,4.0,1.0,5.0,2.0,1.0,4.0,5.0,3.0,6,5,6,2,6,5,6,4,6,2,1,1,0,1,1,0,1,0,1,1,0,1,1,1,1,1,2,1,1,1,18,1,7,1,60,2,1,3
146,2.0,1.0,1.0,1.0,5.0,1.0,4.0,1.0,3.0,4.0,1.0,5.0,5.0,1.0,5.0,1.0,1.0,5.0,5.0,5.0,5,5,5,2,7,5,7,6,6,1,1,1,1,1,1,0,0,0,0,1,0,0,0,1,1,1,2,3,2,1,37,2,2,1,70,1,2,2
147,3.0,4.0,2.0,3.0,4.0,2.0,2.0,4.0,5.0,2.0,1.0,5.0,2.0,1.0,4.0,3.0,2.0,5.0,5.0,3.0,2,7,6,6,7,4,7,1,6,2,1,1,1,1,1,0,1,1,0,1,0,0,1,1,1,1,4,1,1,1,34,1,2,1,60,1,3,3
148,2.0,2.0,4.0,2.0,4.0,3.0,2.0,4.0,4.0,5.0,1.0,4.0,1.0,2.0,2.0,2.0,3.0,2.0,5.0,4.0,7,5,7,5,5,2,6,1,1,1,1,1,0,1,1,0,0,1,0,1,0,0,1,1,1,1,2,3,2,2,19,1,7,3,60,2,1,2
149,4.0,4.0,1.0,1.0,5.0,1.0,2.0,5.0,2.0,2.0,1.0,3.0,4.0,1.0,5.0,1.0,1.0,5.0,5.0,2.0,2,6,5,2,6,7,2,3,6,2,1,1,0,1,1,0,0,1,1,1,1,0,1,1,1,1,3,3,1,1,30,1,2,1,30,1,1,2
150,1.0,3.0,2.0,5.0,3.0,2.0,1.0,1.0,5.0,1.0,3.0,4.0,2.0,4.0,4.0,1.0,1.0,5.0,2.0,2.0,5,5,7,6,5,4,7,5,3,2,1,1,1,1,1,0,0,0,0,1,1,0,1,1,1,1,3,2,2,1,38,1,12,1,60,1,3,1
151,5.0,5.0,2.0,1.0,5.0,3.0,3.0,4.0,2.0,2.0,2.0,5.0,3.0,1.0,4.0,2.0,5.0,5.0,5.0,5.0,6,6,4,5,4,0,4,5,3,3,1,1,0,1,1,0,0,1,0,1,0,0,0,1,1,1,2,2,1,2,18,1,2,1,60,2,1,1
152,4.0,2.0,2.0,4.0,5.0,4.0,1.0,1.0,5.0,5.0,1.0,4.0,4.0,1.0,4.0,5.0,2.0,5.0,5.0,1.0,3,3,7,3,6,6,4,4,6,5,1,1,0,1,1,0,0,0,0,1,0,0,1,1,1,1,3,3,2,1,37,1,7,1,70,1,1,3
153,4.0,4.0,1.0,2.0,3.0,1.0,1.0,4.0,2.0,1.0,1.0,5.0,5.0,1.0,5.0,1.0,1.0,4.0,5.0,3.0,4,7,6,1,6,5,3,1,6,2,1,1,0,1,1,1,1,1,0,1,0,0,1,1,1,1,3,1,1,1,30,2,2,3,60,1,1,2
154,4.0,3.0,2.0,4.0,5.0,2.0,2.0,2.0,3.0,4.0,1.0,4.0,3.0,2.0,3.0,3.0,2.0,5.0,5.0,4.0,4,3,6,4,6,2,7,6,6,2,1,1,0,1,1,0,0,0,0,1,0,1,0,1,1,1,4,2,2,1,31,1,7,2,30,2,1,2
155,5.0,4.0,1.0,3.0,4.0,1.0,1.0,4.0,2.0,2.0,1.0,5.0,4.0,2.0,4.0,2.0,1.0,5.0,5.0,3.0,4,2,6,3,7,4,4,3,4,1,1,1,1,1,1,0,0,1,1,0,1,1,1,1,1,1,3,3,1,1,28,1,2,3,70,2,1,2
156,5.0,4.0,2.0,1.0,5.0,1.0,1.0,3.0,3.0,1.0,1.0,4.0,5.0,2.0,4.0,1.0,1.0,4.0,4.0,2.0,5,7,6,1,4,5,2,2,7,5,1,1,0,1,1,0,0,1,0,1,0,1,1,1,1,1,2,1,1,1,20,1,4,1,60,1,1,3
157,4.0,4.0,3.0,2.0,4.0,2.0,2.0,4.0,2.0,2.0,1.0,4.0,4.0,2.0,4.0,2.0,2.0,4.0,5.0,2.0,4,3,3,2,6,5,0,5,6,3,1,1,1,1,1,1,1,1,0,1,1,0,1,1,1,1,4,2,1,1,39,1,2,1,60,2,1,5
158,4.0,4.0,5.0,2.0,5.0,4.0,2.0,4.0,5.0,1.0,1.0,4.0,1.0,1.0,4.0,4.0,2.0,5.0,4.0,1.0,2,5,6,6,6,2,6,5,3,2,1,1,0,1,1,0,0,0,0,1,0,0,1,1,1,1,4,2,2,1,31,1,4,1,60,1,2,2
159,4.0,3.0,4.0,3.0,5.0,2.0,2.0,4.0,3.0,4.0,2.0,5.0,3.0,2.0,4.0,1.0,2.0,3.0,4.0,2.0,1,4,5,5,3,5,4,3,4,4,1,1,1,1,1,0,0,1,0,1,1,0,1,1,1,1,2,3,1,2,29,1,2,1,60,2,1,4
160,1.0,3.0,5.0,4.0,1.0,5.0,4.0,1.0,5.0,5.0,2.0,1.0,1.0,4.0,1.0,4.0,5.0,4.0,4.0,1.0,5,5,3,3,7,6,7,5,7,1,1,1,1,1,1,0,0,1,0,1,0,1,0,1,1,1,3,3,2,2,32,1,2,1,60,2,2,4
161,5.0,5.0,1.0,1.0,5.0,1.0,1.0,5.0,2.0,1.0,1.0,5.0,5.0,1.0,5.0,1.0,1.0,5.0,5.0,5.0,2,1,1,2,6,7,6,2,7,4,1,1,1,1,1,0,0,1,0,1,1,1,1,1,1,1,4,2,1,2,23,1,4,1,60,1,1,3
162,5.0,5.0,1.0,1.0,1.0,1.0,1.0,5.0,1.0,3.0,1.0,5.0,5.0,1.0,5.0,1.0,1.0,5.0,5.0,3.0,2,4,6,4,2,6,4,4,3,1,1,1,0,1,1,0,0,1,0,1,0,0,0,1,1,1,4,2,1,1,24,3,12,1,60,1,1,4
163,1.0,3.0,1.0,1.0,4.0,1.0,1.0,1.0,1.0,4.0,1.0,2.0,1.0,3.0,4.0,3.0,3.0,5.0,5.0,2.0,6,7,1,6,7,3,3,3,5,7,1,1,0,1,1,0,0,0,0,1,0,0,1,1,1,1,3,2,1,2,23,2,2,1,70,1,1,3
164,3.0,4.0,5.0,4.0,5.0,4.0,5.0,2.0,5.0,5.0,4.0,3.0,1.0,3.0,3.0,5.0,1.0,2.0,2.0,3.0,1,1,3,5,5,6,7,5,6,4,1,1,0,1,1,0,1,1,0,1,0,0,1,1,1,1,3,2,1,1,30,1,10,1,70,2,1,3
165,5.0,1.0,3.0,1.0,4.0,4.0,5.0,1.0,5.0,5.0,1.0,5.0,5.0,1.0,1.0,1.0,4.0,5.0,5.0,1.0,7,7,7,7,7,7,1,1,7,1,1,1,1,1,1,1,1,1,1,1,0,1,0,1,1,1,4,2,1,1,43,1,7,1,30,2,1,4
166,1.0,2.0,3.0,4.0,1.0,2.0,1.0,1.0,4.0,4.0,2.0,2.0,2.0,3.0,4.0,2.0,4.0,2.0,5.0,1.0,6,2,6,4,6,2,6,2,3,1,1,1,1,1,1,0,1,0,0,1,1,0,1,1,1,1,3,2,2,1,33,1,1,1,60,1,1,2
167,5.0,1.0,2.0,1.0,1.0,5.0,5.0,1.0,5.0,5.0,1.0,2.0,1.0,2.0,1.0,5.0,5.0,1.0,1.0,1.0,7,2,6,2,7,5,7,1,6,3,1,1,1,0,1,0,1,1,0,1,0,0,1,0,1,1,3,3,2,1,52,1,7,1,0,2,2,1
168,5.0,1.0,5.0,5.0,1.0,5.0,5.0,1.0,5.0,1.0,1.0,1.0,1.0,1.0,1.0,5.0,5.0,1.0,3.0,3.0,7,1,7,1,7,1,7,1,7,1,1,1,1,1,1,1,0,0,0,1,0,0,1,1,1,1,3,3,1,1,60,1,4,1,30,1,2,8
169,4.0,4.0,2.0,3.0,4.0,1.0,1.0,4.0,3.0,2.0,1.0,3.0,2.0,1.0,2.0,1.0,3.0,4.0,5.0,3.0,1,4,5,5,4,6,6,3,6,3,1,1,1,1,1,0,0,1,0,1,0,0,1,1,1,1,3,1,2,1,24,1,1,1,30,2,1,3
170,5.0,5.0,1.0,1.0,5.0,1.0,1.0,5.0,1.0,1.0,1.0,5.0,5.0,1.0,5.0,5.0,1.0,5.0,5.0,5.0,7,6,4,5,7,4,7,7,6,1,1,1,0,1,1,0,0,0,0,0,0,0,1,1,1,1,3,2,1,1,31,2,2,1,60,1,1,2
171,5.0,1.0,1.0,2.0,5.0,1.0,1.0,5.0,3.0,2.0,1.0,5.0,1.0,1.0,5.0,1.0,1.0,2.0,5.0,5.0,6,4,3,1,6,5,3,6,7,1,1,1,1,1,1,0,1,1,0,1,1,0,1,1,1,1,3,3,1,1,45,2,2,3,30,1,3,2
172,5.0,1.0,5.0,5.0,4.0,5.0,4.0,2.0,5.0,5.0,5.0,4.0,1.0,4.0,1.0,4.0,4.0,3.0,1.0,1.0,4,1,7,4,5,6,7,1,4,1,1,1,0,1,1,0,0,1,0,1,0,0,0,1,1,1,3,1,2,1,45,1,7,1,30,2,1,6
173,4.0,3.0,3.0,5.0,4.0,3.0,2.0,2.0,5.0,2.0,3.0,3.0,1.0,4.0,4.0,2.0,4.0,4.0,5.0,1.0,6,5,7,1,7,5,5,2,6,5,1,1,0,1,1,0,0,0,0,1,0,0,1,1,1,1,3,1,1,1,22,1,1,1,60,1,1,3
174,3.0,3.0,2.0,4.0,2.0,2.0,2.0,2.0,4.0,4.0,3.0,4.0,2.0,4.0,2.0,4.0,3.0,2.0,4.0,1.0,3,6,6,5,6,2,6,6,6,7,1,1,1,1,1,1,0,1,0,1,1,1,1,1,1,1,4,2,2,2,31,1,1,2,30,1,1,3
175,3.0,5.0,2.0,2.0,3.0,3.0,1.0,5.0,3.0,3.0,1.0,3.0,3.0,2.0,5.0,4.0,2.0,4.0,5.0,1.0,7,3,6,1,7,1,3,4,7,1,1,1,0,1,1,1,0,1,0,1,0,0,1,1,1,1,3,2,2,1,27,1,1,3,60,2,1,2
176,1.0,1.0,4.0,4.0,5.0,4.0,4.0,4.0,5.0,3.0,3.0,5.0,1.0,1.0,2.0,4.0,1.0,4.0,1.0,1.0,5,2,6,5,6,3,7,2,5,1,1,1,0,1,1,0,0,1,0,1,0,0,1,1,1,1,3,3,1,1,44,1,12,1,30,1,3,9
177,1.0,1.0,4.0,3.0,2.0,2.0,2.0,1.0,5.0,5.0,2.0,1.0,1.0,2.0,2.0,5.0,3.0,1.0,4.0,1.0,2,2,7,4,5,7,5,1,6,1,1,1,0,1,1,0,0,0,0,1,0,0,1,1,1,1,3,2,2,1,38,1,1,3,60,1,1,3
178,1.0,4.0,5.0,4.0,5.0,5.0,4.0,2.0,5.0,5.0,2.0,1.0,4.0,1.0,2.0,2.0,1.0,2.0,5.0,1.0,6,5,7,5,7,3,6,1,6,2,1,1,1,1,1,0,0,1,0,1,0,0,1,1,1,1,3,3,2,1,42,1,12,2,60,1,3,3
179,1.0,2.0,1.0,5.0,5.0,4.0,3.0,1.0,5.0,5.0,1.0,5.0,3.0,3.0,3.0,5.0,4.0,2.0,5.0,1.0,4,6,6,3,6,2,6,2,7,3,1,1,1,1,1,1,0,1,0,1,0,1,1,1,1,1,3,3,2,1,30,1,7,1,30,2,1,3
180,1.0,2.0,5.0,5.0,1.0,5.0,2.0,1.0,5.0,1.0,1.0,1.0,1.0,1.0,5.0,5.0,1.0,1.0,5.0,1.0,2,1,7,1,7,6,7,1,6,1,1,1,1,1,1,0,0,1,0,1,0,0,1,1,1,1,3,3,2,1,52,1,7,1,60,1,3,2
181,1.0,2.0,5.0,5.0,2.0,4.0,1.0,2.0,5.0,5.0,2.0,1.0,1.0,4.0,4.0,5.0,2.0,4.0,5.0,1.0,2,3,7,3,7,7,7,2,7,2,1,1,1,1,1,0,0,1,0,1,1,0,1,1,1,1,3,2,2,1,22,1,1,1,60,1,1,4
182,5.0,4.0,2.0,2.0,5.0,4.0,2.0,5.0,5.0,1.0,1.0,5.0,4.0,1.0,2.0,2.0,1.0,2.0,5.0,5.0,1,5,6,2,3,2,7,1,3,6,1,1,0,1,1,0,0,0,0,1,0,0,1,1,1,1,3,3,2,1,49,1,2,3,30,1,1,9
183,4.0,4.0,2.0,2.0,4.0,3.0,1.0,4.0,4.0,2.0,2.0,4.0,2.0,1.0,5.0,2.0,2.0,4.0,4.0,1.0,2,2,4,5,6,5,5,4,6,3,1,1,1,1,1,0,0,0,0,1,0,0,1,1,1,1,2,3,1,1,33,1,6,1,60,1,2,2
184,5.0,4.0,1.0,1.0,5.0,1.0,1.0,2.0,1.0,1.0,1.0,5.0,5.0,1.0,5.0,1.0,1.0,5.0,5.0,1.0,1,1,6,4,7,5,3,5,5,2,1,1,1,1,1,0,0,0,1,1,0,1,1,1,1,1,3,1,1,1,34,1,12,1,30,2,2,3
185,1.0,1.0,1.0,5.0,5.0,1.0,2.0,5.0,5.0,2.0,1.0,5.0,1.0,5.0,4.0,5.0,1.0,1.0,5.0,3.0,5,1,6,5,5,6,7,1,7,2,1,1,1,1,1,0,0,0,0,1,0,0,1,1,1,1,3,1,2,1,46,1,6,1,30,2,1,2
186,2.0,4.0,2.0,2.0,3.0,4.0,3.0,1.0,4.0,4.0,1.0,1.0,4.0,2.0,5.0,2.0,2.0,5.0,2.0,1.0,3,4,5,3,6,6,6,2,6,6,1,1,0,1,1,0,0,0,0,1,0,0,1,1,1,1,2,3,1,1,21,1,0,1,70,2,1,2
187,1.0,1.0,1.0,5.0,1.0,1.0,1.0,1.0,5.0,5.0,1.0,5.0,1.0,5.0,1.0,1.0,1.0,1.0,5.0,1.0,0,0,0,7,0,0,0,0,0,0,1,1,0,1,1,0,0,0,0,1,0,0,0,1,1,1,3,1,2,1,48,2,7,2,30,1,2,5
188,3.0,1.0,5.0,5.0,4.0,3.0,3.0,1.0,5.0,5.0,3.0,1.0,1.0,5.0,4.0,5.0,5.0,4.0,2.0,1.0,6,4,6,3,7,6,6,1,5,2,1,1,0,1,1,0,0,0,0,1,1,0,1,1,1,1,4,3,2,2,31,2,4,1,60,2,1,2
189,5.0,4.0,1.0,3.0,3.0,2.0,2.0,4.0,4.0,4.0,1.0,5.0,2.0,1.0,3.0,2.0,1.0,5.0,5.0,4.0,3,2,5,4,6,2,6,3,6,1,1,1,1,1,1,0,1,1,0,1,1,0,1,1,1,1,3,2,1,1,50,1,3,2,60,1,3,3
190,2.0,5.0,1.0,2.0,2.0,1.0,1.0,1.0,4.0,2.0,1.0,2.0,4.0,1.0,4.0,1.0,5.0,4.0,4.0,2.0,5,6,6,3,6,4,3,5,3,2,1,1,1,1,1,0,1,1,0,1,1,0,1,1,1,1,4,2,1,1,55,1,7,1,60,2,2,2
191,2.0,4.0,4.0,2.0,2.0,5.0,1.0,4.0,5.0,5.0,3.0,2.0,1.0,1.0,1.0,4.0,3.0,4.0,5.0,4.0,5,6,6,6,7,5,3,5,5,1,0,0,0,0,0,0,0,1,0,1,0,0,0,1,0,1,3,1,2,2,23,1,1,1,60,1,1,1
192,5.0,5.0,4.0,1.0,4.0,2.0,2.0,5.0,4.0,3.0,2.0,5.0,3.0,1.0,1.0,1.0,5.0,5.0,5.0,1.0,2,1,6,2,6,5,6,2,5,5,1,1,0,1,1,0,0,1,0,1,1,0,1,1,1,1,4,1,1,2,42,1,2,3,60,1,3,3
193,3.0,1.0,4.0,4.0,3.0,3.0,3.0,2.0,5.0,5.0,2.0,1.0,4.0,3.0,1.0,3.0,3.0,4.0,3.0,3.0,6,2,6,3,6,2,7,2,6,2,1,1,0,1,1,0,0,0,0,1,0,0,0,0,1,1,3,1,2,2,28,1,7,1,10,1,3,3
194,4.0,2.0,4.0,4.0,2.0,2.0,2.0,2.0,4.0,4.0,2.0,2.0,2.0,4.0,3.0,2.0,2.0,4.0,4.0,1.0,6,3,5,2,6,5,6,5,5,2,1,1,1,1,1,0,0,0,0,1,0,0,1,1,1,1,4,3,1,1,58,1,2,1,30,1,2,5
195,2.0,4.0,3.0,2.0,4.0,2.0,1.0,1.0,5.0,2.0,1.0,4.0,1.0,1.0,4.0,1.0,5.0,3.0,5.0,1.0,1,5,6,6,3,4,3,1,3,5,1,1,1,1,1,0,1,0,0,1,1,0,1,1,1,1,4,2,2,1,45,2,2,2,30,1,3,3
196,4.0,1.0,4.0,4.0,5.0,4.0,5.0,3.0,5.0,5.0,1.0,2.0,3.0,3.0,4.0,5.0,2.0,5.0,3.0,1.0,2,4,6,6,7,7,7,3,5,2,1,0,0,1,1,0,0,0,0,1,0,0,0,0,1,1,3,2,1,1,23,1,4,1,30,2,1,6
197,5.0,5.0,1.0,1.0,5.0,1.0,1.0,2.0,2.0,1.0,1.0,4.0,5.0,3.0,4.0,2.0,1.0,4.0,5.0,5.0,6,6,4,2,7,3,6,1,6,2,1,1,0,1,1,0,0,0,0,1,0,0,1,1,1,1,4,2,1,2,24,2,1,1,60,2,1,4
198,5.0,2.0,2.0,2.0,5.0,1.0,1.0,4.0,4.0,1.0,1.0,5.0,5.0,1.0,2.0,1.0,4.0,3.0,5.0,3.0,1,6,6,6,7,5,1,1,2,2,1,1,1,1,1,0,0,1,1,1,1,0,1,1,1,1,4,3,2,1,31,1,10,2,30,1,3,3
199,4.0,5.0,2.0,2.0,4.0,4.0,1.0,4.0,5.0,2.0,1.0,5.0,3.0,2.0,4.0,1.0,1.0,1.0,5.0,5.0,6,7,6,2,7,2,5,3,6,1,1,1,0,1,1,1,0,0,0,1,0,0,1,1,1,1,4,1,1,2,29,1,6,1,60,1,1,2
200,1.0,1.0,3.0,1.0,4.0,5.0,4.0,3.0,4.0,5.0,1.0,5.0,3.0,1.0,5.0,3.0,1.0,3.0,3.0,5.0,4,1,6,4,7,4,5,7,3,2,1,1,1,1,1,0,1,0,0,1,0,0,1,1,1,1,4,3,1,1,62,1,12,1,60,2,1,3
201,4.0,5.0,5.0,1.0,5.0,4.0,4.0,4.0,4.0,4.0,1.0,5.0,5.0,1.0,2.0,1.0,1.0,5.0,5.0,5.0,3,5,7,7,7,7,7,5,3,1,1,1,0,1,1,0,0,1,0,1,0,0,0,1,1,1,3,2,2,2,20,1,7,2,60,2,1,1
202,4.0,2.0,3.0,3.0,3.0,3.0,5.0,1.0,3.0,3.0,1.0,5.0,1.0,3.0,2.0,1.0,1.0,4.0,5.0,1.0,4,5,5,5,5,5,4,3,5,5,1,1,0,1,1,0,0,0,0,1,0,0,1,1,1,1,3,2,1,2,24,1,12,5,30,2,1,6
203,3.0,2.0,3.0,4.0,3.0,1.0,1.0,1.0,3.0,4.0,2.0,4.0,2.0,2.0,3.0,1.0,1.0,4.0,5.0,3.0,2,3,6,1,5,4,5,3,7,2,1,1,1,1,1,0,1,1,0,1,1,0,1,1,1,1,3,3,1,2,35,1,2,1,60,1,1,2
204,3.0,1.0,5.0,5.0,5.0,5.0,5.0,5.0,5.0,5.0,3.0,1.0,1.0,3.0,3.0,5.0,1.0,3.0,4.0,1.0,4,1,6,4,5,5,7,1,6,4,1,1,1,1,1,0,1,1,0,1,1,1,1,1,1,1,3,1,1,1,56,1,12,1,30,2,2,7
205,1.0,1.0,2.0,2.0,2.0,2.0,4.0,4.0,2.0,5.0,1.0,4.0,1.0,1.0,1.0,2.0,3.0,5.0,5.0,1.0,7,1,5,5,7,1,7,5,6,1,1,1,1,1,1,0,0,0,0,1,0,0,1,1,1,1,3,2,2,1,48,1,6,1,70,1,1,2
206,3.0,2.0,3.0,4.0,4.0,2.0,1.0,4.0,5.0,2.0,2.0,3.0,4.0,2.0,5.0,3.0,1.0,4.0,3.0,3.0,5,5,5,6,6,5,7,5,4,4,1,1,0,1,1,1,0,1,0,1,1,0,1,1,1,1,3,2,1,1,45,1,4,1,60,1,2,3
207,5.0,5.0,2.0,2.0,4.0,2.0,2.0,2.0,2.0,2.0,1.0,4.0,5.0,2.0,5.0,3.0,2.0,2.0,5.0,1.0,2,6,2,6,6,3,1,4,3,4,1,1,0,1,1,0,0,1,0,1,0,0,1,1,1,1,2,3,2,1,20,2,2,1,60,1,1,1
208,2.0,4.0,2.0,5.0,4.0,2.0,2.0,1.0,5.0,2.0,2.0,4.0,1.0,2.0,2.0,1.0,5.0,3.0,5.0,1.0,3,4,5,4,5,5,7,3,5,5,1,1,0,1,1,0,0,1,0,1,1,0,1,1,1,1,3,3,2,2,23,1,1,1,10,1,1,3
209,1.0,4.0,4.0,3.0,2.0,1.0,1.0,4.0,4.0,2.0,3.0,2.0,1.0,4.0,2.0,2.0,2.0,3.0,5.0,1.0,6,6,2,7,4,3,6,6,2,6,1,1,0,1,1,0,0,1,0,1,0,0,1,1,1,1,2,2,1,1,19,1,1,1,60,1,1,1
210,1.0,2.0,1.0,5.0,1.0,5.0,5.0,4.0,5.0,5.0,4.0,4.0,5.0,2.0,3.0,4.0,1.0,3.0,5.0,1.0,6,3,6,5,7,5,6,5,7,3,1,1,0,1,1,0,0,0,0,1,0,0,0,1,1,1,3,2,2,2,40,1,4,1,10,2,3,3
211,4.0,1.0,3.0,1.0,5.0,5.0,5.0,1.0,5.0,5.0,1.0,1.0,1.0,1.0,2.0,1.0,1.0,1.0,1.0,4.0,1,5,7,1,7,7,4,1,7,4,1,1,1,1,1,1,0,1,1,1,1,1,1,1,1,1,3,1,1,1,26,1,6,1,60,2,2,4
212,5.0,1.0,1.0,3.0,5.0,5.0,5.0,1.0,5.0,4.0,1.0,1.0,1.0,4.0,3.0,5.0,1.0,5.0,5.0,3.0,6,3,7,3,7,5,7,1,7,1,0,0,0,0,0,0,0,0,0,0,0,0,0,0,0,0,3,1,2,1,30,1,7,1,30,1,1,9
213,3.0,4.0,2.0,4.0,3.0,4.0,2.0,2.0,3.0,4.0,3.0,2.0,2.0,2.0,5.0,5.0,4.0,4.0,5.0,1.0,3,3,5,2,6,4,5,3,5,5,1,1,0,1,1,0,0,0,0,1,1,1,0,1,1,1,3,2,1,2,37,1,6,1,60,1,1,1
214,1.0,1.0,2.0,1.0,5.0,5.0,5.0,1.0,5.0,5.0,3.0,1.0,1.0,1.0,1.0,1.0,1.0,1.0,1.0,5.0,1,1,7,1,7,7,5,1,7,3,1,1,0,1,1,1,1,1,1,1,1,1,1,1,1,1,2,1,1,1,26,1,6,1,60,2,2,4
215,1.0,5.0,5.0,3.0,5.0,5.0,5.0,5.0,5.0,5.0,1.0,3.0,1.0,1.0,1.0,1.0,1.0,5.0,5.0,5.0,4,5,7,6,6,4,6,1,7,6,1,1,0,1,1,0,1,0,0,1,0,0,1,1,1,1,4,2,1,2,62,2,2,1,60,1,2,0
216,1.0,4.0,1.0,4.0,3.0,1.0,1.0,1.0,4.0,2.0,1.0,1.0,3.0,1.0,3.0,1.0,1.0,2.0,5.0,1.0,3,1,6,4,6,1,6,4,5,3,1,1,0,1,1,1,0,1,1,1,0,1,1,1,1,1,3,3,2,1,43,1,1,1,60,1,1,1
217,3.0,4.0,3.0,1.0,5.0,1.0,1.0,4.0,3.0,1.0,2.0,2.0,1.0,2.0,4.0,2.0,3.0,3.0,2.0,1.0,2,2,7,5,6,7,4,2,6,5,1,1,0,1,1,0,0,1,0,1,1,0,1,0,1,1,3,1,1,2,41,1,2,1,60,2,2,2
218,5.0,4.0,1.0,2.0,5.0,2.0,1.0,4.0,3.0,1.0,1.0,4.0,4.0,3.0,5.0,2.0,2.0,5.0,3.0,5.0,7,5,7,2,7,5,5,3,5,7,1,1,1,1,1,0,1,1,0,1,1,0,1,1,1,1,3,2,2,1,27,1,12,1,70,1,3,3
219,5.0,5.0,1.0,1.0,5.0,1.0,2.0,5.0,1.0,1.0,1.0,5.0,4.0,1.0,4.0,1.0,1.0,4.0,5.0,4.0,3,5,5,1,6,5,5,2,7,2,1,1,0,1,1,0,0,0,0,1,0,0,1,1,1,1,4,3,1,2,33,1,2,1,10,2,2,1
220,1.0,1.0,5.0,5.0,2.0,2.0,2.0,1.0,5.0,2.0,2.0,1.0,4.0,5.0,4.0,4.0,1.0,4.0,5.0,3.0,3,2,6,5,6,7,7,5,5,3,1,1,1,1,1,0,0,0,0,1,0,0,1,1,1,1,3,3,2,1,35,1,12,2,30,1,1,2
221,4.0,4.0,2.0,3.0,4.0,3.0,1.0,2.0,5.0,1.0,1.0,3.0,1.0,1.0,5.0,1.0,1.0,5.0,4.0,1.0,5,1,6,3,6,5,7,7,6,3,1,1,0,1,1,0,0,0,0,0,1,0,1,1,1,1,4,1,2,2,32,1,2,1,60,1,1,7
222,1.0,4.0,4.0,5.0,4.0,4.0,2.0,2.0,5.0,5.0,2.0,3.0,1.0,4.0,2.0,2.0,4.0,2.0,4.0,1.0,3,1,6,6,6,6,5,5,7,3,1,1,1,1,1,0,0,0,0,1,0,0,0,1,1,1,2,2,2,1,20,1,2,1,60,1,1,1
223,4.0,5.0,2.0,1.0,1.0,2.0,1.0,5.0,3.0,1.0,1.0,5.0,5.0,1.0,2.0,4.0,1.0,3.0,3.0,2.0,4,7,5,7,6,7,5,5,6,2,1,1,1,1,1,0,0,1,1,1,1,1,0,1,1,1,3,1,1,2,21,1,5,1,60,1,1,2
224,1.0,2.0,5.0,4.0,2.0,5.0,3.0,4.0,5.0,4.0,2.0,1.0,3.0,2.0,3.0,4.0,3.0,2.0,2.0,2.0,6,1,6,3,7,2,7,2,5,1,1,1,0,1,1,0,0,0,0,1,0,0,1,1,1,1,3,1,2,1,23,1,7,1,60,1,1,3
225,2.0,4.0,3.0,2.0,5.0,4.0,1.0,4.0,4.0,4.0,1.0,4.0,4.0,2.0,2.0,4.0,5.0,5.0,4.0,2.0,6,6,5,5,5,3,2,5,5,1,1,1,1,1,1,1,0,1,1,1,0,1,1,1,1,1,3,2,2,1,39,1,7,1,30,1,1,4
226,1.0,3.0,5.0,5.0,1.0,3.0,2.0,2.0,5.0,5.0,2.0,1.0,1.0,5.0,4.0,4.0,3.0,1.0,4.0,1.0,5,3,7,6,6,5,6,2,5,1,1,1,1,1,1,0,1,1,0,1,1,0,1,1,1,1,4,3,2,2,29,2,2,1,70,1,1,2
227,4.0,5.0,1.0,1.0,5.0,2.0,1.0,2.0,3.0,2.0,1.0,5.0,5.0,1.0,5.0,3.0,1.0,2.0,5.0,1.0,1,5,7,6,5,7,3,1,6,4,1,1,0,1,1,0,0,0,0,1,0,0,1,1,1,1,2,2,2,1,19,1,6,1,60,1,1,2
228,5.0,5.0,1.0,2.0,5.0,1.0,1.0,4.0,5.0,1.0,1.0,5.0,5.0,4.0,5.0,1.0,5.0,5.0,5.0,5.0,6,2,5,5,7,2,4,3,1,1,1,1,0,1,1,0,1,1,0,1,0,0,1,1,1,1,3,3,1,2,29,1,1,1,10,2,1,2
229,4.0,2.0,1.0,1.0,5.0,1.0,1.0,5.0,3.0,1.0,1.0,5.0,2.0,1.0,5.0,1.0,1.0,4.0,5.0,5.0,1,7,6,2,6,7,1,1,6,2,1,1,1,1,1,0,0,1,0,1,1,0,1,1,1,1,3,3,1,2,22,1,4,1,60,2,1,2
230,5.0,4.0,5.0,1.0,4.0,5.0,5.0,2.0,5.0,5.0,1.0,4.0,5.0,1.0,5.0,5.0,1.0,5.0,1.0,1.0,5,5,6,2,6,7,7,4,7,1,1,1,0,1,1,0,0,1,0,1,0,0,1,1,1,1,2,1,1,1,32,1,6,1,30,1,1,1
231,4.0,4.0,5.0,3.0,5.0,1.0,2.0,4.0,1.0,1.0,1.0,4.0,5.0,1.0,5.0,1.0,4.0,5.0,5.0,4.0,1,1,1,1,7,4,4,7,4,1,1,1,1,1,1,0,0,0,0,1,1,0,0,1,1,1,3,2,1,1,22,2,4,2,60,2,1,2
232,1.0,4.0,5.0,4.0,4.0,4.0,4.0,4.0,5.0,5.0,1.0,4.0,2.0,1.0,4.0,1.0,5.0,4.0,2.0,1.0,5,2,5,5,6,3,7,5,6,2,1,1,0,0,1,0,1,0,0,1,0,0,1,1,1,1,4,1,1,1,29,2,7,1,60,1,2,2
233,2.0,2.0,2.0,3.0,5.0,1.0,1.0,2.0,4.0,3.0,3.0,4.0,4.0,2.0,4.0,4.0,1.0,4.0,5.0,2.0,2,6,4,6,5,6,2,6,2,7,1,1,1,1,1,0,1,1,0,1,1,0,1,1,1,1,4,2,1,1,31,1,12,1,60,1,1,2
234,5.0,5.0,4.0,5.0,5.0,1.0,5.0,5.0,3.0,1.0,1.0,5.0,5.0,1.0,4.0,2.0,5.0,3.0,5.0,5.0,1,1,7,4,5,5,6,7,7,7,1,0,0,1,1,0,0,0,0,1,0,0,0,0,1,1,3,1,1,2,22,1,2,1,70,1,1,1
235,5.0,4.0,2.0,1.0,4.0,2.0,1.0,5.0,1.0,1.0,1.0,5.0,4.0,1.0,2.0,3.0,5.0,5.0,2.0,1.0,4,7,6,1,2,6,1,1,6,1,1,1,1,0,1,1,1,1,1,1,1,1,1,1,1,0,4,3,1,1,58,3,2,1,60,1,3,5
236,4.0,3.0,3.0,2.0,2.0,3.0,1.0,5.0,5.0,4.0,1.0,5.0,4.0,1.0,3.0,2.0,1.0,4.0,5.0,5.0,5,6,5,2,7,4,6,2,7,3,1,1,1,1,1,1,0,0,0,1,1,0,1,1,1,1,3,1,1,1,28,1,2,1,60,1,1,2
237,4.0,1.0,5.0,3.0,4.0,2.0,2.0,2.0,5.0,2.0,1.0,2.0,1.0,2.0,1.0,4.0,3.0,4.0,4.0,3.0,5,2,6,1,7,5,5,3,5,1,1,1,1,1,1,0,1,1,0,1,1,0,1,1,1,1,3,3,2,2,53,1,1,1,60,1,2,2
238,3.0,4.0,2.0,3.0,2.0,1.0,1.0,2.0,3.0,3.0,1.0,3.0,5.0,1.0,5.0,1.0,1.0,5.0,5.0,1.0,5,6,3,2,7,1,1,5,3,1,1,1,0,1,1,0,1,1,0,1,1,0,1,1,1,1,3,1,1,1,42,1,2,1,60,2,2,3
239,2.0,4.0,4.0,5.0,4.0,2.0,2.0,1.0,4.0,4.0,4.0,2.0,1.0,4.0,2.0,4.0,4.0,2.0,4.0,4.0,6,6,6,2,6,3,5,0,6,5,1,1,1,1,0,1,1,1,1,1,1,1,1,1,1,1,4,2,2,1,28,1,6,1,60,1,1,0
240,5.0,5.0,1.0,1.0,5.0,1.0,1.0,5.0,1.0,1.0,1.0,4.0,1.0,1.0,5.0,1.0,5.0,4.0,5.0,3.0,1,7,7,7,6,5,2,4,2,7,1,1,1,1,1,0,0,1,0,1,0,0,0,1,1,1,3,3,1,2,22,3,4,3,60,2,1,2
241,4.0,4.0,2.0,1.0,4.0,4.0,4.0,4.0,2.0,2.0,1.0,2.0,2.0,1.0,3.0,2.0,3.0,2.0,2.0,4.0,5,7,6,2,6,5,6,1,7,1,1,1,1,1,1,0,0,1,0,1,0,0,1,1,1,1,3,3,1,2,30,1,6,1,70,1,1,3
242,4.0,5.0,3.0,2.0,2.0,2.0,3.0,5.0,3.0,3.0,1.0,5.0,3.0,1.0,5.0,2.0,1.0,5.0,5.0,5.0,5,5,6,4,6,3,2,2,4,1,1,1,1,1,1,0,1,0,0,1,0,0,1,1,1,1,3,2,1,2,39,1,4,1,70,2,2,3
243,4.0,4.0,2.0,2.0,5.0,3.0,1.0,4.0,4.0,2.0,2.0,5.0,2.0,2.0,4.0,4.0,1.0,5.0,5.0,2.0,3,1,4,1,6,7,6,5,6,2,1,1,1,1,1,0,0,1,0,1,1,1,1,1,1,1,2,1,1,1,32,1,7,1,60,2,3,2
244,5.0,5.0,2.0,3.0,5.0,2.0,1.0,5.0,2.0,2.0,1.0,5.0,5.0,2.0,5.0,2.0,1.0,5.0,5.0,2.0,4,7,6,5,7,5,5,1,4,1,1,1,0,1,1,0,0,0,0,1,0,0,1,1,1,1,3,1,1,1,45,1,1,0,60,2,1,1
245,5.0,1.0,1.0,4.0,5.0,1.0,1.0,5.0,3.0,5.0,1.0,5.0,1.0,1.0,2.0,1.0,1.0,5.0,5.0,5.0,6,6,6,4,5,1,6,1,7,4,1,1,0,1,1,1,0,0,0,1,0,0,1,1,1,1,3,1,1,2,56,1,4,1,70,1,2,5
246,3.0,2.0,5.0,3.0,5.0,5.0,4.0,4.0,4.0,3.0,3.0,5.0,3.0,2.0,1.0,4.0,1.0,2.0,1.0,5.0,4,6,5,5,6,5,6,3,7,1,1,1,0,1,0,0,0,1,0,1,0,0,0,0,1,1,2,3,1,2,18,1,4,1,10,2,1,2
247,5.0,5.0,1.0,1.0,5.0,1.0,1.0,1.0,1.0,1.0,1.0,5.0,1.0,1.0,5.0,1.0,1.0,5.0,5.0,5.0,3,1,7,1,6,7,5,1,6,1,1,1,1,1,1,0,0,1,0,1,1,0,1,1,1,1,2,3,1,1,19,1,12,3,60,1,1,2
248,5.0,5.0,1.0,1.0,3.0,1.0,1.0,5.0,1.0,1.0,2.0,4.0,1.0,1.0,4.0,2.0,5.0,4.0,1.0,1.0,6,2,7,1,7,1,2,3,6,1,1,1,0,1,1,0,0,0,0,1,0,0,1,1,1,1,3,1,1,1,66,1,6,1,60,1,2,4
249,2.0,5.0,5.0,2.0,4.0,5.0,2.0,5.0,5.0,2.0,2.0,3.0,1.0,4.0,4.0,5.0,5.0,4.0,5.0,1.0,3,4,2,7,5,6,5,5,2,5,1,1,0,1,1,0,0,0,0,1,0,0,0,0,0,1,3,3,1,2,20,1,6,1,10,2,1,2
250,5.0,5.0,1.0,4.0,5.0,1.0,1.0,4.0,1.0,1.0,1.0,5.0,4.0,1.0,3.0,1.0,1.0,5.0,5.0,5.0,6,6,5,6,5,1,5,2,5,5,1,1,1,1,1,0,1,1,0,1,1,0,1,1,1,1,4,3,1,2,45,1,4,1,20,2,1,3
251,4.0,3.0,2.0,1.0,4.0,2.0,2.0,5.0,3.0,4.0,1.0,5.0,4.0,2.0,5.0,2.0,1.0,4.0,5.0,3.0,2,6,3,7,4,4,1,6,2,7,1,1,0,1,1,0,0,1,0,1,0,0,1,0,1,1,3,2,2,1,21,1,6,1,60,1,1,2
252,5.0,3.0,5.0,4.0,5.0,2.0,1.0,5.0,2.0,1.0,1.0,4.0,5.0,1.0,5.0,3.0,1.0,5.0,5.0,1.0,1,7,7,5,3,7,7,1,7,5,1,1,0,1,1,0,0,0,0,1,0,0,1,1,1,1,2,3,1,1,26,1,1,3,70,1,1,2
253,5.0,5.0,1.0,3.0,4.0,1.0,1.0,1.0,5.0,1.0,1.0,3.0,5.0,1.0,1.0,4.0,1.0,5.0,5.0,5.0,7,4,7,5,5,4,5,1,7,1,1,1,0,1,1,1,0,0,0,1,0,1,1,1,1,1,3,2,2,1,44,1,1,1,60,1,2,3
254,2.0,2.0,5.0,5.0,1.0,5.0,4.0,2.0,5.0,4.0,2.0,1.0,1.0,5.0,3.0,4.0,5.0,3.0,3.0,3.0,2,3,1,7,2,6,4,5,3,4,1,0,1,1,1,0,0,0,0,1,0,0,1,1,1,1,2,3,3,2,20,1,0,4,70,1,1,2
255,3.0,3.0,2.0,5.0,2.0,5.0,5.0,1.0,5.0,5.0,2.0,4.0,3.0,1.0,1.0,2.0,2.0,1.0,2.0,1.0,5,5,4,6,7,5,6,0,4,2,1,1,1,1,1,1,1,1,0,1,0,0,1,1,1,1,3,3,2,2,41,1,4,1,60,1,1,4
256,2.0,5.0,3.0,3.0,5.0,2.0,1.0,4.0,3.0,1.0,3.0,3.0,4.0,1.0,5.0,1.0,1.0,5.0,5.0,3.0,6,2,6,7,7,1,7,1,4,1,1,1,1,1,1,0,0,1,0,1,1,0,1,1,1,1,4,3,2,2,41,1,2,1,60,1,3,2
257,5.0,5.0,2.0,2.0,4.0,1.0,3.0,4.0,1.0,4.0,2.0,5.0,5.0,2.0,5.0,1.0,1.0,5.0,5.0,5.0,5,4,4,5,7,5,6,4,5,1,1,1,1,1,1,0,1,0,1,1,0,1,1,1,1,1,2,3,1,2,20,1,2,2,70,2,1,1
258,4.0,1.0,1.0,4.0,5.0,3.0,5.0,1.0,5.0,1.0,2.0,1.0,4.0,5.0,1.0,5.0,4.0,1.0,1.0,1.0,3,1,7,5,7,1,6,1,7,1,1,1,1,1,1,0,0,1,0,1,1,1,0,1,1,1,4,3,2,1,43,1,7,1,30,1,1,4
259,1.0,2.0,5.0,4.0,4.0,5.0,4.0,2.0,5.0,5.0,2.0,2.0,1.0,2.0,2.0,2.0,4.0,2.0,2.0,1.0,1,5,7,7,7,5,6,3,2,1,1,1,1,1,1,1,0,1,0,1,0,0,1,1,1,1,2,3,2,1,19,1,6,1,60,1,1,1
260,1.0,1.0,5.0,5.0,2.0,5.0,2.0,2.0,4.0,4.0,3.0,4.0,1.0,4.0,4.0,5.0,2.0,1.0,4.0,1.0,1,4,5,7,5,7,6,2,4,5,1,1,1,1,1,0,0,0,0,1,0,0,1,1,1,1,3,2,2,1,25,1,2,1,60,2,1,4
261,1.0,2.0,4.0,5.0,2.0,5.0,2.0,2.0,5.0,4.0,1.0,4.0,4.0,1.0,2.0,2.0,3.0,1.0,1.0,2.0,2,2,7,6,4,5,6,1,6,3,1,1,0,1,1,0,0,0,0,1,0,0,1,1,1,1,4,3,2,1,41,1,5,1,60,1,3,5
262,3.0,4.0,3.0,3.0,4.0,3.0,4.0,4.0,4.0,3.0,2.0,3.0,1.0,3.0,4.0,4.0,3.0,3.0,1.0,2.0,6,3,7,5,7,4,6,5,5,4,1,1,0,1,1,1,0,0,0,1,0,0,0,0,0,1,3,3,1,2,31,1,10,1,20,2,2,9
263,5.0,4.0,3.0,4.0,3.0,3.0,5.0,2.0,4.0,3.0,2.0,5.0,5.0,5.0,5.0,5.0,5.0,2.0,5.0,2.0,1,4,6,4,3,6,6,5,7,4,1,1,0,1,1,0,0,0,0,1,0,0,0,1,1,1,2,1,1,2,32,1,4,1,60,2,1,2
264,4.0,5.0,1.0,1.0,4.0,1.0,1.0,4.0,1.0,2.0,3.0,4.0,2.0,1.0,5.0,1.0,4.0,5.0,1.0,4.0,7,5,2,1,5,2,7,7,2,1,1,1,1,1,1,0,0,0,0,1,0,0,1,1,1,1,2,3,1,2,24,1,2,2,60,2,1,2
265,2.0,2.0,2.0,1.0,5.0,1.0,1.0,4.0,3.0,1.0,1.0,4.0,4.0,1.0,2.0,1.0,1.0,5.0,5.0,2.0,6,6,1,5,7,1,4,6,2,1,0,0,0,0,0,0,0,0,0,0,0,0,0,0,1,1,3,2,2,2,27,1,2,1,60,2,2,2
266,5.0,5.0,1.0,5.0,5.0,1.0,1.0,4.0,5.0,1.0,1.0,4.0,1.0,1.0,4.0,1.0,1.0,4.0,5.0,5.0,7,6,6,2,7,2,5,3,6,7,1,1,1,1,1,0,0,1,0,1,0,0,1,1,1,1,3,1,1,2,23,1,6,3,60,1,1,2
267,4.0,1.0,4.0,4.0,1.0,1.0,1.0,5.0,5.0,5.0,1.0,5.0,1.0,5.0,1.0,1.0,2.0,2.0,5.0,1.0,5,7,1,7,3,4,5,6,1,5,1,1,0,1,1,1,0,0,0,1,0,1,1,1,1,1,3,3,2,1,27,1,0,0,60,2,1,5
268,5.0,5.0,2.0,1.0,5.0,1.0,1.0,4.0,2.0,2.0,1.0,5.0,5.0,1.0,4.0,1.0,1.0,5.0,5.0,5.0,4,4,5,2,7,6,5,2,7,1,1,1,0,1,1,0,0,1,0,1,0,0,1,1,1,1,4,3,1,1,39,1,4,1,70,2,2,3
269,3.0,5.0,2.0,1.0,5.0,1.0,1.0,4.0,5.0,1.0,1.0,5.0,2.0,2.0,1.0,1.0,1.0,5.0,5.0,1.0,6,6,7,6,4,1,7,2,3,2,1,1,1,1,1,0,1,1,0,1,1,0,1,1,1,1,4,3,1,1,42,1,2,1,70,1,2,2
270,2.0,2.0,4.0,2.0,4.0,4.0,2.0,1.0,5.0,5.0,1.0,4.0,1.0,2.0,2.0,4.0,2.0,1.0,4.0,2.0,6,6,7,6,7,5,6,1,2,1,1,1,1,1,1,0,0,0,0,1,0,0,1,1,0,1,3,3,1,1,72,1,12,1,60,1,2,4
271,2.0,2.0,2.0,4.0,2.0,2.0,3.0,2.0,4.0,3.0,3.0,1.0,1.0,2.0,3.0,4.0,3.0,2.0,4.0,1.0,4,3,6,5,6,5,6,3,5,5,1,1,0,1,1,0,1,0,0,1,1,0,1,1,1,1,4,2,1,1,33,1,4,1,60,1,2,2
272,5.0,4.0,1.0,1.0,5.0,1.0,1.0,4.0,1.0,1.0,1.0,5.0,4.0,1.0,5.0,5.0,1.0,5.0,4.0,4.0,2,7,3,5,7,7,7,5,7,3,1,1,1,1,1,0,0,0,0,1,0,1,0,1,1,1,2,3,1,2,21,1,1,1,60,1,1,3
273,2.0,2.0,4.0,4.0,1.0,4.0,2.0,2.0,5.0,5.0,2.0,2.0,1.0,2.0,1.0,2.0,3.0,3.0,4.0,1.0,5,3,5,3,3,1,6,3,5,5,1,1,1,1,1,0,1,1,0,1,1,0,1,1,1,1,3,2,2,1,66,1,4,1,60,1,2,7
274,3.0,4.0,2.0,4.0,4.0,2.0,1.0,3.0,4.0,1.0,1.0,2.0,4.0,2.0,2.0,2.0,3.0,4.0,3.0,2.0,2,2,5,5,6,5,6,4,5,3,1,1,0,1,1,0,0,0,0,1,0,0,1,1,1,1,3,1,1,1,32,1,6,1,60,2,3,5
275,5.0,5.0,4.0,4.0,4.0,2.0,2.0,4.0,2.0,2.0,1.0,5.0,4.0,2.0,5.0,2.0,3.0,5.0,3.0,1.0,3,2,5,1,7,3,5,7,5,1,1,1,0,1,1,0,0,0,0,1,0,0,0,1,1,1,3,3,2,2,28,1,4,1,60,2,1,1
276,2.0,3.0,5.0,2.0,5.0,2.0,2.0,2.0,4.0,4.0,2.0,5.0,2.0,1.0,2.0,3.0,4.0,3.0,5.0,1.0,2,5,3,7,6,6,5,7,4,3,1,1,0,1,1,0,1,0,0,1,1,0,1,1,1,1,3,2,2,2,31,1,6,1,30,2,1,3
277,1.0,1.0,2.0,4.0,4.0,2.0,2.0,2.0,5.0,4.0,3.0,5.0,1.0,1.0,1.0,5.0,5.0,1.0,5.0,1.0,7,6,6,6,7,1,7,2,5,2,1,1,0,1,1,0,0,0,0,1,1,0,0,1,1,1,3,2,2,2,34,1,2,1,60,1,1,3
278,3.0,4.0,5.0,4.0,4.0,2.0,2.0,3.0,5.0,3.0,1.0,3.0,1.0,2.0,4.0,2.0,1.0,3.0,1.0,2.0,3,3,6,3,6,6,4,4,7,3,1,1,0,1,1,0,0,0,0,1,0,0,1,1,1,1,3,3,2,2,43,1,7,1,60,1,1,3
279,4.0,5.0,5.0,3.0,4.0,3.0,2.0,3.0,4.0,4.0,1.0,4.0,1.0,2.0,4.0,4.0,1.0,4.0,5.0,4.0,2,4,5,4,5,7,5,2,5,5,1,1,0,1,1,0,0,0,0,1,0,1,1,1,1,1,3,2,1,1,26,1,6,1,60,1,1,4
280,5.0,5.0,1.0,3.0,5.0,1.0,3.0,4.0,4.0,5.0,2.0,3.0,5.0,1.0,2.0,1.0,4.0,3.0,5.0,5.0,1,6,6,1,7,7,5,2,4,1,1,1,1,1,1,1,0,0,0,1,0,0,0,1,1,0,1,3,1,2,18,1,1,1,60,2,1,3
281,1.0,1.0,1.0,2.0,5.0,3.0,2.0,5.0,2.0,2.0,1.0,4.0,4.0,2.0,1.0,4.0,1.0,1.0,5.0,1.0,6,5,7,5,3,1,6,4,3,1,1,1,1,1,1,0,1,0,1,1,0,0,1,1,1,1,4,3,2,1,45,3,7,1,60,1,2,3
282,2.0,4.0,2.0,3.0,1.0,2.0,1.0,4.0,4.0,2.0,1.0,1.0,1.0,1.0,4.0,4.0,3.0,3.0,5.0,1.0,7,2,6,5,6,1,6,6,3,1,1,1,0,1,1,0,0,1,0,1,0,0,1,1,1,1,3,2,2,1,28,1,1,1,60,1,2,2
283,4.0,2.0,1.0,1.0,5.0,1.0,1.0,2.0,5.0,1.0,1.0,2.0,1.0,1.0,4.0,4.0,1.0,1.0,5.0,1.0,2,6,3,2,7,5,2,6,1,1,1,1,0,1,1,0,0,0,0,1,0,0,1,1,1,1,3,3,1,2,31,1,2,1,60,1,1,2
284,2.0,2.0,2.0,4.0,4.0,4.0,2.0,1.0,5.0,4.0,1.0,3.0,2.0,2.0,2.0,4.0,3.0,3.0,3.0,1.0,2,7,4,5,6,5,5,5,5,1,1,1,0,1,0,0,0,0,0,1,0,0,0,1,1,1,2,1,1,2,26,1,2,1,60,2,1,3
285,2.0,2.0,2.0,2.0,4.0,4.0,2.0,2.0,4.0,2.0,3.0,4.0,2.0,2.0,5.0,4.0,2.0,2.0,4.0,3.0,5,4,3,3,7,3,7,6,3,1,1,1,1,1,1,1,1,1,1,1,1,1,1,1,1,1,4,3,2,2,26,1,4,1,60,1,1,0
286,2.0,5.0,2.0,2.0,5.0,1.0,1.0,4.0,1.0,1.0,2.0,5.0,4.0,2.0,4.0,1.0,2.0,4.0,5.0,2.0,5,6,5,1,7,3,3,5,7,1,1,1,1,1,1,0,0,1,0,1,0,1,1,1,1,1,2,2,2,1,19,1,1,2,60,1,1,2
287,5.0,5.0,5.0,4.0,4.0,1.0,1.0,3.0,4.0,1.0,1.0,5.0,1.0,1.0,3.0,1.0,3.0,5.0,5.0,1.0,2,4,1,7,3,6,4,7,1,1,1,1,0,1,1,0,0,0,0,1,0,0,1,0,1,1,3,3,2,2,27,1,1,1,60,2,2,1
288,5.0,5.0,1.0,5.0,1.0,1.0,1.0,5.0,2.0,2.0,2.0,5.0,1.0,1.0,4.0,4.0,1.0,5.0,4.0,1.0,6,3,7,1,6,5,5,1,7,2,1,1,1,1,1,0,0,1,0,1,0,1,1,1,1,1,3,3,1,2,28,1,4,1,60,1,1,2
289,1.0,3.0,5.0,5.0,3.0,5.0,2.0,1.0,5.0,5.0,5.0,4.0,1.0,5.0,3.0,5.0,5.0,1.0,5.0,1.0,7,2,5,6,1,3,6,6,5,4,1,1,0,1,0,0,0,0,0,1,0,0,0,1,0,1,4,1,2,2,42,1,4,1,60,2,2,3
290,3.0,4.0,1.0,5.0,2.0,1.0,1.0,2.0,2.0,2.0,1.0,1.0,3.0,3.0,4.0,1.0,1.0,4.0,5.0,1.0,6,3,4,2,6,3,5,1,7,2,1,1,1,1,1,0,0,1,0,1,1,0,1,1,1,1,3,3,1,1,34,1,1,1,60,1,1,3
291,5.0,5.0,1.0,1.0,5.0,1.0,1.0,5.0,1.0,1.0,1.0,5.0,5.0,1.0,5.0,1.0,1.0,5.0,5.0,5.0,1,7,7,1,7,7,1,1,7,1,1,1,1,1,1,0,1,1,0,1,0,0,1,1,1,1,3,3,1,1,32,1,2,1,10,1,1,3
292,3.0,4.0,5.0,5.0,5.0,3.0,2.0,3.0,5.0,4.0,1.0,4.0,4.0,1.0,4.0,3.0,1.0,5.0,3.0,1.0,2,6,4,5,6,5,6,7,2,3,1,1,0,1,0,0,0,0,0,1,0,0,0,1,1,1,2,3,1,2,21,1,1,1,60,1,1,3
293,5.0,5.0,4.0,3.0,5.0,1.0,1.0,5.0,2.0,2.0,1.0,4.0,5.0,1.0,5.0,1.0,2.0,5.0,4.0,3.0,7,7,5,1,7,2,7,6,5,2,1,1,0,1,1,1,0,1,0,1,0,1,0,1,1,1,4,3,1,2,26,1,10,1,20,2,1,3
294,4.0,3.0,2.0,5.0,1.0,5.0,4.0,2.0,5.0,2.0,5.0,2.0,1.0,2.0,4.0,5.0,2.0,2.0,4.0,2.0,2,5,6,7,6,7,3,5,2,7,1,1,0,1,1,0,0,0,0,1,0,0,1,1,1,1,3,2,1,1,53,1,4,1,60,1,2,3
295,3.0,4.0,2.0,4.0,3.0,2.0,1.0,5.0,2.0,2.0,2.0,4.0,2.0,1.0,4.0,2.0,1.0,5.0,4.0,1.0,6,4,1,5,5,4,3,7,2,2,1,0,0,1,0,0,0,0,0,1,0,0,0,0,0,1,2,1,2,2,26,1,12,2,60,2,2,4
296,1.0,1.0,1.0,5.0,1.0,5.0,5.0,1.0,5.0,5.0,1.0,1.0,1.0,1.0,5.0,5.0,1.0,1.0,5.0,5.0,7,4,7,1,7,6,7,5,1,1,1,1,0,1,1,0,0,0,0,1,0,0,0,1,1,1,3,2,2,2,36,1,1,1,30,1,3,3
297,5.0,1.0,1.0,5.0,5.0,5.0,5.0,5.0,5.0,5.0,1.0,2.0,3.0,1.0,5.0,2.0,1.0,5.0,5.0,5.0,5,1,7,1,7,5,7,1,6,1,1,1,0,1,1,0,0,0,0,1,0,0,0,1,1,1,3,3,2,1,53,1,2,1,30,1,3,8
298,2.0,1.0,2.0,5.0,1.0,4.0,4.0,1.0,5.0,5.0,5.0,4.0,1.0,4.0,1.0,4.0,5.0,4.0,1.0,1.0,7,5,7,6,7,3,5,1,3,1,1,1,0,1,0,0,0,1,0,1,1,0,1,1,1,1,3,2,2,2,31,1,4,1,60,1,1,3
299,1.0,1.0,1.0,5.0,1.0,5.0,5.0,5.0,5.0,5.0,1.0,1.0,1.0,5.0,1.0,5.0,1.0,1.0,5.0,1.0,1,1,7,5,7,1,7,1,6,1,1,1,0,1,1,0,0,0,0,1,0,0,0,1,1,1,3,1,2,1,50,1,7,1,30,1,3,4
300,5.0,4.0,2.0,1.0,5.0,3.0,1.0,5.0,3.0,1.0,1.0,5.0,3.0,1.0,5.0,2.0,5.0,5.0,5.0,5.0,2,4,3,5,4,1,2,5,3,1,1,1,1,1,1,0,1,0,0,1,0,0,1,1,1,1,3,3,2,2,24,1,12,1,60,1,1,1
301,2.0,4.0,2.0,2.0,5.0,3.0,2.0,2.0,5.0,5.0,2.0,4.0,1.0,1.0,4.0,5.0,3.0,2.0,2.0,1.0,5,6,2,7,3,1,7,3,1,3,1,1,1,1,1,1,1,1,0,1,1,0,1,1,1,1,3,3,2,2,39,1,4,1,60,1,2,2
302,4.0,2.0,5.0,5.0,5.0,5.0,3.0,5.0,1.0,5.0,5.0,5.0,1.0,1.0,4.0,2.0,2.0,3.0,1.0,4.0,7,7,2,1,7,1,7,1,6,1,0,1,0,1,1,0,0,1,0,1,0,0,0,1,0,1,4,3,2,2,64,2,7,1,60,1,2,1
303,2.0,4.0,3.0,2.0,2.0,1.0,2.0,1.0,4.0,2.0,1.0,2.0,1.0,1.0,4.0,3.0,4.0,3.0,5.0,1.0,2,1,4,2,7,3,5,2,6,1,1,1,1,1,1,1,0,0,0,1,1,0,1,1,1,1,3,2,1,1,29,1,2,1,60,2,1,1
304,4.0,5.0,2.0,2.0,4.0,1.0,2.0,4.0,2.0,2.0,1.0,5.0,5.0,2.0,5.0,4.0,2.0,4.0,5.0,4.0,6,6,3,4,5,2,5,7,5,1,1,1,0,1,1,0,0,0,0,1,0,0,0,0,1,1,4,3,1,2,35,1,12,1,60,1,2,2
305,4.0,4.0,3.0,2.0,4.0,4.0,2.0,4.0,5.0,4.0,2.0,4.0,2.0,2.0,4.0,2.0,2.0,2.0,4.0,2.0,6,6,7,5,6,2,6,1,5,2,1,1,1,1,1,0,1,1,0,1,0,0,1,1,1,1,4,3,1,1,34,1,2,1,60,1,1,2
306,1.0,1.0,5.0,5.0,2.0,4.0,5.0,2.0,5.0,5.0,3.0,2.0,1.0,3.0,4.0,3.0,3.0,1.0,4.0,1.0,6,3,6,2,7,4,7,1,6,2,1,1,0,1,1,0,0,0,0,1,0,0,1,1,1,1,3,1,2,1,50,1,4,1,60,1,1,2
307,4.0,4.0,1.0,2.0,5.0,2.0,1.0,2.0,2.0,2.0,1.0,4.0,3.0,1.0,5.0,1.0,2.0,5.0,5.0,5.0,5,6,7,1,7,6,3,2,7,3,1,1,0,1,1,0,1,1,0,1,0,0,1,1,1,1,2,1,1,2,27,2,4,1,60,1,1,2
308,5.0,5.0,5.0,1.0,5.0,1.0,1.0,5.0,1.0,5.0,1.0,5.0,5.0,5.0,5.0,1.0,1.0,5.0,5.0,5.0,7,0,0,0,0,0,0,0,0,0,1,0,0,0,0,0,0,0,0,1,0,0,0,0,0,1,0,2,1,2,29,1,4,1,60,0,0,2
309,5.0,4.0,3.0,1.0,5.0,1.0,1.0,4.0,4.0,1.0,1.0,5.0,1.0,2.0,5.0,1.0,5.0,5.0,5.0,2.0,4,6,7,2,5,4,1,2,6,4,1,1,0,1,1,0,0,0,0,1,0,0,1,1,1,1,3,3,1,1,19,1,2,1,60,1,1,2
310,5.0,5.0,2.0,4.0,5.0,1.0,1.0,5.0,5.0,4.0,1.0,5.0,5.0,1.0,1.0,1.0,1.0,5.0,5.0,3.0,1,2,2,2,6,7,6,7,2,4,1,1,1,1,0,0,0,1,0,1,1,0,1,1,1,1,3,3,1,2,41,1,4,1,60,1,1,1
311,2.0,4.0,5.0,4.0,4.0,5.0,2.0,4.0,5.0,5.0,2.0,4.0,4.0,2.0,1.0,2.0,2.0,2.0,5.0,1.0,5,5,6,7,6,7,7,3,5,1,1,1,1,1,1,0,0,0,0,1,0,0,0,1,1,1,3,3,2,2,20,1,1,2,60,1,1,1
312,4.0,3.0,2.0,1.0,5.0,1.0,2.0,5.0,5.0,1.0,1.0,5.0,3.0,1.0,2.0,2.0,3.0,4.0,5.0,4.0,1,7,5,4,6,4,6,1,4,1,1,1,0,1,1,0,0,0,0,1,0,1,0,1,1,1,2,3,2,2,20,3,2,2,60,1,1,2
313,3.0,2.0,3.0,5.0,4.0,4.0,3.0,4.0,5.0,4.0,1.0,3.0,2.0,2.0,1.0,1.0,2.0,4.0,5.0,1.0,2,2,6,2,6,6,6,2,6,3,1,1,0,1,1,0,1,0,0,1,1,0,1,1,1,1,4,2,1,1,43,1,2,1,60,2,2,2
314,1.0,3.0,2.0,1.0,3.0,1.0,1.0,4.0,5.0,5.0,1.0,1.0,2.0,2.0,2.0,4.0,1.0,5.0,2.0,1.0,1,5,1,7,6,7,3,7,2,4,1,1,0,1,1,0,0,1,0,1,0,0,1,1,1,1,2,3,1,2,36,1,4,1,60,2,1,2
315,1.0,1.0,5.0,4.0,2.0,5.0,2.0,1.0,5.0,5.0,2.0,2.0,1.0,2.0,1.0,2.0,5.0,1.0,2.0,1.0,5,2,5,2,6,2,6,2,6,4,1,1,0,1,1,0,0,1,0,1,1,0,1,1,1,1,4,3,2,2,47,1,4,1,60,1,3,2
316,5.0,5.0,4.0,5.0,5.0,5.0,4.0,5.0,5.0,3.0,2.0,5.0,5.0,2.0,4.0,5.0,3.0,5.0,5.0,4.0,6,6,7,4,7,7,7,6,6,7,1,1,0,1,1,0,0,0,0,1,0,0,0,0,1,1,4,3,2,2,36,1,8,2,10,2,2,3
317,2.0,2.0,2.0,2.0,4.0,1.0,5.0,5.0,2.0,4.0,1.0,5.0,4.0,3.0,5.0,4.0,4.0,5.0,5.0,4.0,5,6,7,5,6,1,6,5,6,4,1,1,0,1,1,0,0,0,0,0,0,0,0,1,1,1,2,3,2,1,19,1,6,1,10,1,1,2
318,3.0,2.0,4.0,2.0,4.0,2.0,2.0,2.0,4.0,4.0,3.0,5.0,1.0,2.0,5.0,5.0,2.0,2.0,5.0,1.0,2,5,7,6,7,7,7,1,3,1,1,0,0,1,0,0,0,0,0,1,0,0,0,1,1,1,3,2,2,2,31,1,3,2,60,2,1,1
319,2.0,4.0,3.0,5.0,5.0,4.0,2.0,4.0,5.0,1.0,1.0,4.0,4.0,3.0,4.0,1.0,1.0,4.0,5.0,3.0,1,5,7,5,6,5,7,6,6,1,1,1,0,1,1,0,0,0,0,1,0,0,1,1,1,1,2,1,2,1,44,1,2,1,60,1,2,2
320,4.0,4.0,3.0,3.0,4.0,2.0,2.0,4.0,4.0,4.0,2.0,4.0,3.0,2.0,3.0,2.0,3.0,4.0,4.0,2.0,3,5,3,7,5,7,4,5,2,6,1,1,0,1,1,0,0,0,0,1,0,0,0,0,1,1,2,3,2,1,21,1,2,2,60,1,1,2
321,3.0,5.0,3.0,1.0,4.0,1.0,1.0,4.0,2.0,1.0,1.0,5.0,4.0,1.0,5.0,5.0,1.0,4.0,5.0,1.0,5,1,6,2,5,6,7,5,5,1,1,1,0,1,1,0,0,0,0,1,0,0,0,1,1,1,2,3,1,1,18,2,1,1,30,2,1,9
322,5.0,5.0,2.0,1.0,4.0,2.0,4.0,5.0,1.0,2.0,2.0,5.0,2.0,1.0,5.0,1.0,1.0,5.0,5.0,1.0,1,5,7,4,1,7,2,1,6,7,0,1,1,1,1,0,1,0,0,0,0,0,1,1,1,1,2,2,1,2,22,1,4,1,60,1,1,3
323,2.0,5.0,3.0,2.0,5.0,1.0,1.0,4.0,4.0,2.0,1.0,3.0,5.0,1.0,4.0,1.0,1.0,5.0,5.0,5.0,1,6,4,3,6,7,5,7,6,2,1,1,1,1,1,0,1,1,0,1,1,1,1,1,1,1,3,2,1,1,62,1,2,1,60,1,3,1
324,4.0,4.0,3.0,2.0,5.0,1.0,1.0,2.0,1.0,3.0,1.0,5.0,5.0,1.0,2.0,2.0,1.0,5.0,5.0,3.0,6,4,3,3,7,3,5,5,2,1,1,1,0,1,1,0,0,0,0,1,0,0,1,1,1,1,3,2,1,2,32,2,0,1,60,2,1,2
325,5.0,3.0,1.0,1.0,5.0,1.0,1.0,3.0,3.0,3.0,1.0,5.0,5.0,1.0,2.0,2.0,1.0,5.0,5.0,3.0,1,7,7,3,7,7,4,6,6,1,1,1,1,1,1,0,1,1,1,1,0,1,0,1,1,1,3,2,2,1,24,2,12,2,50,1,1,2
326,5.0,5.0,1.0,2.0,4.0,1.0,1.0,1.0,1.0,1.0,1.0,4.0,4.0,2.0,2.0,1.0,5.0,4.0,5.0,2.0,3,7,5,5,6,4,6,5,2,1,1,1,1,1,1,0,1,1,0,1,1,1,1,1,1,1,3,3,2,1,22,1,1,1,60,1,1,2
327,5.0,5.0,2.0,2.0,5.0,3.0,2.0,5.0,2.0,2.0,1.0,5.0,5.0,1.0,3.0,1.0,1.0,5.0,5.0,3.0,2,6,7,4,6,6,2,1,6,2,1,1,1,1,1,0,0,1,0,1,0,0,1,1,1,1,3,1,1,1,31,1,1,1,60,1,1,0
328,5.0,5.0,1.0,1.0,5.0,1.0,1.0,5.0,1.0,1.0,1.0,5.0,5.0,1.0,5.0,1.0,1.0,5.0,5.0,2.0,2,7,6,4,6,4,2,5,4,6,1,1,1,1,1,0,1,1,0,1,1,0,1,1,1,1,2,2,1,1,61,2,3,1,70,1,2,2
329,5.0,5.0,1.0,1.0,5.0,1.0,1.0,5.0,1.0,1.0,1.0,5.0,5.0,1.0,1.0,1.0,1.0,5.0,5.0,5.0,1,1,1,1,7,7,7,7,7,1,1,1,1,1,1,0,1,1,0,1,1,0,1,1,1,1,3,2,1,1,53,1,2,1,60,1,2,4
330,2.0,1.0,5.0,1.0,5.0,4.0,2.0,1.0,5.0,1.0,2.0,4.0,4.0,1.0,4.0,1.0,3.0,1.0,2.0,1.0,6,6,6,6,7,2,2,1,4,6,1,1,1,1,1,0,0,0,0,1,0,0,1,0,1,1,3,2,1,1,24,2,6,1,60,1,2,3
331,5.0,5.0,5.0,5.0,5.0,3.0,5.0,4.0,5.0,5.0,3.0,1.0,5.0,5.0,4.0,5.0,5.0,3.0,3.0,1.0,5,5,7,7,7,7,7,7,3,3,1,1,0,1,1,0,0,0,0,1,0,0,0,1,1,1,2,3,2,2,18,1,0,1,10,2,1,3
332,5.0,5.0,3.0,5.0,5.0,3.0,3.0,5.0,5.0,5.0,3.0,5.0,5.0,5.0,5.0,5.0,1.0,5.0,3.0,1.0,7,7,3,7,7,7,7,7,1,3,1,1,0,0,1,0,0,0,0,1,0,0,0,1,1,1,2,3,0,2,18,1,0,1,10,2,1,3
333,4.0,4.0,1.0,4.0,4.0,5.0,2.0,2.0,4.0,5.0,3.0,4.0,3.0,5.0,5.0,4.0,5.0,4.0,1.0,4.0,5,5,6,2,7,5,6,5,6,5,1,1,0,1,1,0,0,1,0,1,0,0,0,0,1,1,2,3,2,2,17,1,4,3,10,2,1,7
334,4.0,4.0,3.0,4.0,5.0,3.0,5.0,5.0,5.0,5.0,3.0,1.0,5.0,5.0,3.0,5.0,1.0,5.0,1.0,3.0,7,3,4,4,7,7,7,2,7,1,1,0,1,1,1,0,0,0,0,1,0,0,1,1,1,1,2,3,1,2,17,1,7,0,10,2,1,4
335,1.0,1.0,5.0,5.0,5.0,4.0,4.0,1.0,5.0,5.0,1.0,1.0,1.0,4.0,1.0,1.0,3.0,1.0,4.0,1.0,6,4,1,1,7,1,7,1,6,1,1,1,1,1,1,0,0,1,1,1,1,0,1,1,1,1,4,2,2,2,44,1,4,2,60,2,1,1
336,5.0,4.0,4.0,5.0,5.0,4.0,4.0,5.0,5.0,5.0,1.0,1.0,5.0,5.0,5.0,5.0,1.0,5.0,3.0,3.0,7,6,7,3,7,7,7,2,7,1,0,0,0,0,0,0,0,0,0,0,0,0,0,0,0,0,2,3,1,1,17,1,7,1,10,2,1,4
337,4.0,5.0,4.0,3.0,4.0,4.0,3.0,2.0,5.0,4.0,2.0,2.0,4.0,3.0,3.0,4.0,3.0,3.0,3.0,2.0,6,3,5,5,6,2,5,5,5,5,0,0,0,0,0,0,1,0,0,0,1,0,0,0,0,1,2,3,1,2,17,1,4,1,10,2,1,2
338,1.0,1.0,4.0,3.0,5.0,4.0,2.0,4.0,5.0,4.0,1.0,3.0,1.0,1.0,2.0,4.0,4.0,1.0,5.0,1.0,5,6,3,7,5,1,7,5,1,1,1,1,0,1,1,0,1,1,0,1,1,0,1,1,1,1,3,1,2,1,37,1,7,1,60,1,2,5
339,5.0,3.0,5.0,5.0,3.0,5.0,2.0,1.0,5.0,4.0,1.0,1.0,5.0,5.0,1.0,5.0,3.0,3.0,1.0,1.0,6,4,5,3,7,6,7,2,7,1,1,0,0,1,1,0,0,1,0,1,0,0,0,1,1,1,2,3,2,2,17,2,4,1,10,2,1,4
340,2.0,4.0,5.0,2.0,4.0,1.0,1.0,2.0,5.0,4.0,1.0,5.0,2.0,2.0,5.0,4.0,1.0,2.0,5.0,1.0,5,3,7,6,6,3,6,5,5,2,1,1,1,1,1,0,1,1,0,1,1,1,1,1,1,1,3,3,2,2,22,1,4,1,10,2,1,3
341,5.0,5.0,5.0,5.0,4.0,5.0,5.0,5.0,5.0,4.0,5.0,4.0,5.0,5.0,5.0,5.0,5.0,5.0,4.0,3.0,6,5,7,7,6,7,5,1,7,7,1,1,0,1,0,0,0,1,0,1,0,0,0,0,1,1,3,3,2,1,17,1,1,5,70,2,1,3
342,5.0,1.0,4.0,2.0,4.0,2.0,5.0,4.0,5.0,5.0,4.0,4.0,2.0,2.0,5.0,5.0,2.0,3.0,4.0,4.0,6,3,7,5,7,5,5,2,6,3,1,1,0,1,1,0,0,0,0,0,0,0,0,1,1,1,2,3,2,2,17,1,4,4,10,2,1,6
343,5.0,4.0,3.0,1.0,5.0,1.0,1.0,4.0,3.0,1.0,1.0,5.0,4.0,1.0,4.0,1.0,1.0,1.0,5.0,5.0,3,7,6,1,6,4,3,1,7,1,1,1,0,1,1,0,1,1,0,1,0,1,1,1,1,1,3,3,1,1,25,1,2,1,60,1,1,3
344,3.0,5.0,5.0,4.0,5.0,5.0,5.0,5.0,3.0,5.0,3.0,5.0,1.0,1.0,1.0,3.0,3.0,1.0,3.0,2.0,0,0,0,0,0,0,0,0,6,0,1,1,1,1,1,1,0,1,0,1,1,0,1,1,1,1,3,2,1,2,59,1,5,1,70,1,2,1
345,1.0,1.0,4.0,2.0,4.0,4.0,2.0,2.0,4.0,2.0,1.0,1.0,2.0,2.0,4.0,4.0,2.0,4.0,5.0,2.0,2,1,3,5,3,5,6,3,3,6,1,1,0,1,1,0,0,1,0,1,1,0,1,1,1,1,3,2,2,2,22,1,1,1,60,1,1,2
346,5.0,5.0,1.0,1.0,5.0,1.0,1.0,1.0,1.0,1.0,1.0,5.0,5.0,1.0,5.0,5.0,1.0,5.0,5.0,5.0,1,7,1,7,7,7,1,7,1,1,0,1,0,0,0,1,0,0,0,0,0,0,0,0,1,0,3,3,1,2,26,1,1,2,60,2,1,1
347,5.0,4.0,1.0,4.0,2.0,2.0,2.0,1.0,5.0,4.0,1.0,2.0,1.0,4.0,4.0,3.0,5.0,5.0,5.0,1.0,5,7,3,6,7,3,7,5,6,1,1,1,1,1,1,0,0,1,0,1,1,0,1,1,1,1,3,3,1,2,23,1,2,1,70,1,1,1
348,2.0,5.0,2.0,2.0,2.0,2.0,1.0,4.0,4.0,4.0,1.0,5.0,2.0,1.0,4.0,2.0,2.0,4.0,5.0,3.0,3,7,4,5,5,7,6,5,2,1,1,1,1,1,1,0,0,1,0,1,1,0,1,1,1,1,3,2,1,2,24,1,2,1,60,1,1,2
349,5.0,2.0,5.0,5.0,5.0,4.0,3.0,5.0,5.0,5.0,4.0,5.0,4.0,5.0,3.0,2.0,3.0,2.0,2.0,1.0,6,7,6,7,7,1,7,7,7,1,1,0,0,1,1,0,0,1,0,1,0,0,0,0,0,1,4,2,2,2,26,1,8,1,10,1,1,4
350,1.0,3.0,1.0,3.0,4.0,1.0,1.0,5.0,2.0,3.0,1.0,5.0,2.0,1.0,2.0,1.0,1.0,5.0,5.0,1.0,5,6,7,2,6,5,3,3,6,2,1,1,0,1,1,0,0,1,0,1,0,0,1,1,1,1,2,3,2,2,20,1,2,1,60,1,1,1
351,5.0,4.0,1.0,1.0,5.0,4.0,1.0,3.0,5.0,2.0,1.0,5.0,2.0,2.0,4.0,2.0,2.0,5.0,5.0,1.0,7,7,2,7,6,2,3,2,2,2,1,1,0,1,0,0,0,0,0,0,0,1,0,1,1,1,3,1,1,2,22,2,2,1,60,1,1,2
352,2.0,4.0,2.0,3.0,3.0,1.0,1.0,5.0,1.0,2.0,1.0,4.0,1.0,1.0,4.0,1.0,2.0,5.0,5.0,2.0,2,6,4,7,6,5,3,4,1,2,1,1,0,1,1,0,0,1,0,1,1,0,1,1,1,1,3,3,2,2,32,1,1,1,60,1,1,1
353,4.0,5.0,1.0,1.0,5.0,1.0,1.0,1.0,2.0,1.0,1.0,5.0,3.0,1.0,4.0,2.0,2.0,5.0,4.0,1.0,3,5,3,2,6,3,3,3,6,1,1,1,0,1,1,0,0,0,0,1,0,0,1,1,1,1,3,2,1,1,28,1,2,1,30,1,1,4
354,1.0,2.0,4.0,5.0,4.0,5.0,4.0,1.0,4.0,5.0,2.0,4.0,2.0,5.0,4.0,5.0,5.0,2.0,5.0,4.0,6,6,6,1,6,1,7,5,5,3,1,1,1,1,1,0,1,1,0,1,1,1,1,1,1,1,4,2,2,2,44,1,4,1,60,1,2,1
355,5.0,5.0,3.0,1.0,5.0,3.0,2.0,2.0,1.0,2.0,1.0,3.0,3.0,1.0,4.0,2.0,3.0,4.0,3.0,3.0,3,2,6,5,6,6,2,6,4,5,1,1,0,1,1,0,0,0,0,1,0,0,0,0,1,1,2,1,2,2,19,1,4,1,10,1,1,3
356,5.0,5.0,4.0,1.0,5.0,4.0,2.0,5.0,4.0,3.0,1.0,5.0,5.0,3.0,4.0,2.0,2.0,4.0,5.0,4.0,4,7,6,2,7,7,4,3,5,5,1,1,0,1,1,0,0,0,0,1,0,0,1,1,1,1,2,3,1,2,18,1,10,1,10,2,1,3
357,2.0,4.0,3.0,2.0,3.0,4.0,2.0,2.0,4.0,2.0,2.0,4.0,5.0,3.0,3.0,1.0,2.0,2.0,5.0,2.0,2,3,6,2,7,7,6,3,5,2,1,1,1,1,1,0,1,1,0,1,1,0,1,1,1,1,2,2,2,1,55,1,12,1,60,1,2,3
358,1.0,2.0,4.0,2.0,3.0,5.0,5.0,2.0,5.0,5.0,3.0,4.0,1.0,3.0,2.0,5.0,5.0,4.0,3.0,1.0,1,1,7,4,2,7,5,1,7,7,0,1,1,1,1,0,0,0,0,1,0,0,0,1,0,1,4,1,2,2,30,1,1,1,60,1,1,3
359,1.0,1.0,5.0,5.0,4.0,5.0,2.0,3.0,5.0,5.0,3.0,1.0,1.0,2.0,4.0,5.0,1.0,3.0,4.0,3.0,7,7,4,5,6,1,4,7,4,3,1,1,0,1,1,1,0,1,0,1,0,0,1,1,0,1,4,1,2,1,26,1,1,1,60,1,1,2
360,1.0,1.0,1.0,3.0,4.0,1.0,1.0,1.0,5.0,2.0,5.0,4.0,1.0,1.0,2.0,1.0,5.0,1.0,5.0,5.0,5,5,2,7,5,4,7,5,5,5,1,1,0,1,1,0,0,1,0,1,0,0,1,1,1,1,3,2,2,1,30,1,6,2,60,1,1,1
361,4.0,4.0,4.0,2.0,3.0,2.0,3.0,1.0,3.0,3.0,2.0,4.0,1.0,3.0,2.0,4.0,1.0,3.0,3.0,1.0,6,5,5,5,6,3,6,2,4,3,1,0,0,1,0,0,0,0,0,1,0,0,0,0,0,1,3,3,2,2,28,1,4,1,60,2,1,3
362,4.0,4.0,4.0,2.0,5.0,2.0,1.0,3.0,4.0,2.0,1.0,4.0,1.0,1.0,4.0,2.0,2.0,1.0,5.0,1.0,2,6,3,3,6,6,5,5,6,2,1,1,1,1,1,0,0,0,0,1,1,0,1,1,1,1,4,1,1,2,28,2,2,1,60,2,1,2
363,1.0,4.0,5.0,4.0,3.0,4.0,1.0,1.0,5.0,4.0,1.0,4.0,3.0,2.0,3.0,1.0,2.0,4.0,4.0,3.0,2,6,3,5,4,5,5,5,3,4,1,1,0,1,1,0,0,0,0,1,0,0,1,1,1,1,3,1,1,1,32,1,1,1,60,1,1,3
364,5.0,5.0,2.0,1.0,3.0,1.0,2.0,4.0,3.0,3.0,1.0,4.0,3.0,2.0,3.0,2.0,1.0,4.0,5.0,2.0,2,5,3,4,5,6,3,5,7,3,1,1,0,1,1,0,0,1,0,1,0,0,1,1,1,1,3,2,1,1,23,1,2,1,60,1,1,3
365,2.0,3.0,2.0,5.0,2.0,1.0,2.0,2.0,5.0,3.0,2.0,2.0,1.0,5.0,1.0,2.0,2.0,4.0,4.0,1.0,2,1,2,3,6,6,6,6,6,3,1,1,1,1,1,0,1,1,0,1,1,0,1,1,1,1,3,2,2,1,62,1,12,1,60,1,2,6
366,2.0,4.0,5.0,4.0,1.0,3.0,1.0,1.0,4.0,4.0,3.0,1.0,2.0,3.0,4.0,1.0,1.0,1.0,5.0,1.0,2,5,6,5,3,6,6,3,5,7,1,1,0,1,1,0,0,1,0,1,1,0,0,1,1,1,3,3,2,2,42,1,4,1,60,1,2,2
367,1.0,1.0,2.0,5.0,2.0,4.0,2.0,1.0,5.0,5.0,2.0,2.0,1.0,3.0,4.0,5.0,4.0,2.0,5.0,1.0,3,6,6,6,2,6,6,2,3,2,1,1,1,1,1,0,1,0,0,1,1,0,1,1,1,1,4,3,2,1,65,1,4,1,60,1,1,3
368,3.0,5.0,1.0,1.0,5.0,5.0,2.0,1.0,5.0,5.0,2.0,1.0,1.0,1.0,1.0,1.0,5.0,5.0,5.0,1.0,6,7,7,7,6,4,6,1,2,2,1,1,1,1,1,0,0,0,0,1,0,0,1,1,1,1,3,1,2,1,62,1,6,1,60,1,2,1
369,4.0,4.0,3.0,3.0,3.0,3.0,2.0,4.0,3.0,3.0,1.0,5.0,4.0,2.0,3.0,2.0,2.0,2.0,4.0,4.0,3,2,2,6,5,2,6,7,2,1,1,1,1,1,1,0,1,1,0,1,1,0,1,1,0,1,3,3,1,1,53,1,2,1,60,1,3,2
370,1.0,3.0,2.0,5.0,4.0,2.0,3.0,1.0,5.0,4.0,1.0,2.0,2.0,4.0,3.0,2.0,1.0,4.0,5.0,1.0,6,3,6,4,7,6,7,3,4,1,1,1,1,1,1,0,1,0,0,1,1,1,1,1,1,1,3,2,2,1,58,1,12,1,60,1,2,5
371,2.0,5.0,1.0,4.0,2.0,3.0,1.0,1.0,5.0,2.0,2.0,4.0,5.0,4.0,5.0,5.0,5.0,2.0,5.0,2.0,6,5,0,2,6,2,7,2,2,1,1,1,1,1,1,0,1,0,0,1,0,0,1,1,1,1,2,2,1,1,66,1,2,1,60,0,2,2
372,4.0,3.0,4.0,2.0,2.0,4.0,4.0,2.0,5.0,2.0,1.0,4.0,4.0,1.0,3.0,2.0,2.0,1.0,4.0,3.0,2,5,1,5,6,6,2,7,3,2,1,1,1,1,1,0,1,1,0,1,1,0,1,1,1,1,0,2,2,1,60,1,2,2,60,1,1,4
373,5.0,4.0,1.0,4.0,1.0,5.0,2.0,5.0,5.0,2.0,1.0,5.0,1.0,1.0,1.0,1.0,1.0,5.0,5.0,5.0,7,6,6,6,6,1,7,5,6,2,1,1,1,1,1,0,0,0,0,1,0,0,1,1,1,1,3,2,2,1,40,1,6,1,60,1,2,2
374,1.0,1.0,5.0,4.0,5.0,4.0,2.0,2.0,5.0,4.0,1.0,5.0,1.0,5.0,4.0,5.0,1.0,2.0,5.0,1.0,3,5,6,7,7,5,7,1,6,1,1,1,0,1,1,1,0,0,0,1,0,0,1,1,1,1,3,2,2,1,44,1,2,1,60,1,1,2
375,1.0,3.0,2.0,4.0,4.0,4.0,2.0,3.0,5.0,4.0,1.0,2.0,2.0,3.0,4.0,4.0,1.0,2.0,3.0,1.0,7,4,6,4,5,3,6,2,4,1,1,1,1,1,1,1,1,1,0,1,0,0,1,1,1,1,4,1,2,1,53,1,7,1,60,1,3,4
376,3.0,5.0,2.0,2.0,5.0,3.0,1.0,5.0,2.0,1.0,1.0,5.0,3.0,1.0,4.0,1.0,3.0,4.0,5.0,3.0,3,4,6,2,7,6,3,4,7,2,1,1,1,1,1,0,0,1,0,1,1,0,1,1,1,1,3,3,1,2,18,1,1,5,70,2,1,2
377,4.0,3.0,1.0,2.0,3.0,1.0,1.0,4.0,1.0,3.0,1.0,4.0,5.0,3.0,5.0,4.0,2.0,1.0,3.0,2.0,2,5,6,4,3,7,4,2,7,5,1,1,0,1,1,0,0,1,0,1,0,0,1,1,1,1,3,1,1,2,24,3,1,2,60,1,1,3
378,2.0,2.0,4.0,4.0,2.0,4.0,2.0,2.0,5.0,4.0,2.0,2.0,2.0,2.0,2.0,3.0,2.0,2.0,5.0,3.0,4,2,6,3,6,6,6,5,6,2,1,1,0,1,1,0,0,1,0,1,1,0,0,1,1,1,3,3,2,2,36,1,4,1,60,2,1,1
379,3.0,4.0,2.0,4.0,4.0,2.0,2.0,3.0,5.0,3.0,2.0,5.0,1.0,2.0,1.0,1.0,1.0,1.0,5.0,5.0,6,7,6,7,3,1,2,3,2,3,1,1,1,1,1,0,0,0,0,1,0,0,1,1,1,1,4,1,1,1,65,1,6,1,60,1,2,4
380,1.0,4.0,3.0,2.0,1.0,4.0,3.0,1.0,3.0,5.0,1.0,4.0,4.0,1.0,4.0,2.0,1.0,4.0,5.0,1.0,5,7,2,6,7,7,5,7,5,7,1,1,1,1,1,0,1,1,0,1,0,0,1,1,1,1,3,3,2,1,21,1,1,1,10,1,1,2
381,1.0,4.0,2.0,4.0,4.0,2.0,2.0,4.0,5.0,5.0,1.0,1.0,1.0,1.0,1.0,2.0,2.0,4.0,5.0,4.0,6,1,7,1,7,5,7,1,7,1,1,1,1,1,1,0,0,1,0,1,0,0,1,1,1,1,3,3,2,1,62,2,12,1,60,1,2,3
382,3.0,2.0,3.0,3.0,4.0,2.0,3.0,2.0,3.0,2.0,1.0,4.0,2.0,2.0,4.0,2.0,1.0,3.0,5.0,2.0,6,2,2,1,6,3,7,5,7,2,1,1,1,1,1,0,1,0,0,1,0,0,1,1,1,1,4,2,2,1,53,1,6,1,60,1,3,4
383,4.0,4.0,3.0,2.0,2.0,2.0,3.0,1.0,5.0,5.0,1.0,5.0,5.0,4.0,3.0,4.0,3.0,4.0,5.0,1.0,2,5,7,4,6,7,6,1,5,1,1,1,1,1,1,0,1,1,0,1,0,1,1,1,1,1,3,3,2,1,31,1,4,1,30,1,1,2
384,5.0,2.0,3.0,2.0,4.0,2.0,2.0,4.0,4.0,2.0,2.0,5.0,1.0,1.0,3.0,3.0,2.0,5.0,5.0,2.0,6,5,6,2,6,3,6,6,5,5,1,1,0,1,1,0,0,1,0,1,0,0,1,1,1,1,3,2,1,2,27,1,2,1,10,2,1,2
385,2.0,3.0,2.0,4.0,2.0,5.0,5.0,4.0,5.0,5.0,3.0,4.0,1.0,4.0,3.0,5.0,4.0,4.0,4.0,1.0,2,1,7,7,6,7,6,3,5,5,1,1,1,1,1,0,1,0,0,1,1,1,1,1,1,1,3,2,2,1,31,1,6,1,10,1,1,1
386,1.0,1.0,5.0,5.0,1.0,5.0,2.0,1.0,5.0,5.0,3.0,1.0,1.0,5.0,1.0,5.0,1.0,1.0,5.0,1.0,6,1,6,1,7,3,6,3,6,2,1,1,0,1,1,0,0,0,0,1,0,0,0,0,1,1,3,3,2,2,43,1,1,1,10,1,3,2
387,5.0,3.0,1.0,1.0,1.0,2.0,1.0,5.0,3.0,1.0,1.0,5.0,5.0,1.0,3.0,5.0,2.0,5.0,5.0,1.0,5,5,6,2,6,4,4,2,6,2,1,1,0,1,1,0,1,1,0,1,1,0,0,0,1,1,2,3,2,2,18,1,7,1,30,2,1,5
388,5.0,5.0,1.0,1.0,4.0,1.0,1.0,5.0,2.0,1.0,1.0,5.0,5.0,1.0,2.0,1.0,1.0,5.0,5.0,4.0,2,3,7,1,5,6,3,1,7,3,1,1,0,1,1,0,0,0,0,1,0,0,1,1,1,1,2,3,1,2,25,1,2,1,60,1,1,1
389,1.0,4.0,2.0,2.0,4.0,2.0,2.0,5.0,1.0,2.0,1.0,4.0,5.0,3.0,5.0,1.0,1.0,5.0,5.0,1.0,1,7,6,5,5,7,5,3,3,2,1,1,0,1,1,1,0,0,0,1,0,0,1,1,1,1,2,2,1,1,18,2,2,1,60,2,1,2
390,5.0,5.0,1.0,1.0,5.0,1.0,1.0,2.0,1.0,2.0,1.0,5.0,1.0,2.0,4.0,1.0,1.0,5.0,5.0,3.0,2,2,6,2,3,5,7,1,3,2,0,0,0,0,1,0,0,0,0,1,0,0,0,0,0,0,2,1,2,2,21,1,3,1,10,2,1,2
391,2.0,2.0,4.0,3.0,2.0,4.0,1.0,1.0,5.0,5.0,3.0,5.0,3.0,4.0,3.0,4.0,1.0,4.0,5.0,1.0,2,2,4,2,7,6,5,3,5,1,1,1,1,1,1,0,1,1,0,1,1,0,1,1,1,1,4,2,1,1,47,1,2,1,60,1,1,5
392,4.0,2.0,4.0,2.0,5.0,3.0,4.0,1.0,5.0,5.0,1.0,5.0,3.0,1.0,3.0,2.0,5.0,5.0,4.0,4.0,1,3,7,1,6,7,4,3,6,1,1,1,1,1,1,0,0,1,0,1,0,0,1,1,1,1,3,2,2,1,49,2,2,1,60,1,1,2
393,2.0,1.0,5.0,5.0,1.0,3.0,3.0,1.0,5.0,5.0,2.0,3.0,4.0,2.0,4.0,3.0,2.0,2.0,5.0,1.0,7,2,7,2,6,5,7,1,4,5,1,1,1,1,1,1,0,0,0,1,1,0,1,1,1,1,3,2,2,2,60,1,2,1,60,1,2,3
394,1.0,3.0,5.0,4.0,2.0,4.0,1.0,2.0,5.0,3.0,1.0,4.0,1.0,1.0,1.0,1.0,1.0,4.0,5.0,1.0,3,5,2,1,7,5,7,5,7,1,1,1,0,1,1,0,1,0,0,1,0,0,1,1,1,1,3,3,1,1,56,1,1,1,60,1,2,2
395,3.0,4.0,1.0,1.0,4.0,1.0,1.0,4.0,1.0,2.0,1.0,3.0,5.0,1.0,4.0,1.0,2.0,4.0,5.0,1.0,2,1,5,1,2,7,3,4,7,6,1,0,0,1,1,0,0,0,0,0,0,0,1,1,1,1,2,3,1,2,18,1,8,1,10,2,1,2
396,2.0,4.0,5.0,4.0,4.0,4.0,2.0,2.0,5.0,3.0,1.0,4.0,2.0,4.0,4.0,2.0,2.0,4.0,5.0,2.0,2,1,6,6,6,2,6,1,5,1,1,1,1,1,1,0,1,1,0,1,1,1,1,1,1,1,4,1,2,1,50,2,12,3,60,1,1,1
397,5.0,5.0,4.0,2.0,4.0,2.0,3.0,5.0,5.0,5.0,1.0,5.0,5.0,1.0,5.0,3.0,1.0,5.0,5.0,2.0,7,6,7,1,5,3,2,3,7,4,1,1,0,1,1,1,0,1,0,1,0,0,1,1,1,1,3,1,1,1,28,1,2,1,60,1,1,2
398,4.0,4.0,4.0,1.0,5.0,2.0,4.0,3.0,5.0,3.0,1.0,5.0,3.0,1.0,4.0,5.0,1.0,5.0,4.0,3.0,3,7,6,7,3,4,1,2,5,5,1,1,1,1,1,0,1,1,0,1,1,0,1,1,1,1,3,1,1,1,28,1,6,1,60,1,1,2
399,1.0,2.0,4.0,3.0,1.0,3.0,1.0,1.0,5.0,5.0,3.0,5.0,1.0,1.0,1.0,2.0,1.0,1.0,5.0,1.0,6,4,5,3,7,3,7,4,6,1,1,1,1,1,1,0,1,0,0,1,1,0,1,1,1,1,3,3,2,1,67,1,1,1,60,1,2,4
400,2.0,1.0,5.0,3.0,1.0,4.0,2.0,1.0,5.0,5.0,3.0,2.0,1.0,3.0,2.0,3.0,5.0,2.0,4.0,1.0,6,3,5,6,7,3,6,5,3,1,1,1,1,1,1,1,1,0,0,1,0,1,1,1,1,1,4,2,2,1,34,1,7,1,30,1,2,2
401,2.0,4.0,2.0,3.0,5.0,1.0,5.0,5.0,3.0,1.0,1.0,5.0,5.0,3.0,5.0,1.0,1.0,4.0,5.0,1.0,1,1,2,5,7,5,7,7,5,1,1,1,1,1,1,1,0,1,1,1,0,1,1,1,1,1,4,1,2,1,39,1,6,1,60,1,3,3
402,5.0,1.0,4.0,4.0,1.0,1.0,5.0,1.0,5.0,5.0,2.0,4.0,2.0,4.0,4.0,1.0,1.0,1.0,5.0,1.0,1,1,7,3,7,7,7,1,6,1,1,1,1,1,1,0,0,0,1,1,1,1,1,1,1,1,2,3,2,1,62,1,12,1,60,1,2,2
403,5.0,1.0,2.0,4.0,2.0,2.0,1.0,1.0,4.0,3.0,1.0,4.0,4.0,1.0,5.0,5.0,2.0,4.0,4.0,4.0,0,0,0,0,0,0,0,6,0,0,1,1,1,1,1,0,1,1,0,1,1,0,1,1,1,1,3,2,2,1,53,2,2,1,60,1,1,4
404,4.0,4.0,3.0,4.0,1.0,1.0,1.0,1.0,2.0,1.0,1.0,4.0,1.0,1.0,5.0,5.0,1.0,1.0,5.0,1.0,3,2,5,2,3,5,5,4,5,2,1,1,1,1,1,1,0,0,0,1,0,0,1,1,1,1,3,1,1,1,47,2,1,1,60,1,1,2
405,2.0,2.0,4.0,4.0,2.0,4.0,2.0,2.0,4.0,4.0,2.0,4.0,2.0,4.0,2.0,2.0,2.0,2.0,4.0,1.0,6,3,6,5,5,5,6,5,4,2,1,1,1,1,1,0,1,0,0,1,1,0,1,1,1,1,3,3,1,1,56,1,2,1,60,2,2,3
406,5.0,5.0,1.0,1.0,5.0,1.0,1.0,5.0,1.0,1.0,1.0,5.0,5.0,1.0,3.0,1.0,1.0,3.0,3.0,3.0,3,5,6,5,6,6,4,5,3,2,1,0,0,1,1,0,0,0,0,1,0,0,0,0,1,1,2,2,1,2,27,1,4,1,10,2,1,3
407,3.0,5.0,2.0,2.0,4.0,2.0,1.0,3.0,2.0,2.0,1.0,5.0,5.0,1.0,3.0,2.0,2.0,4.0,3.0,3.0,5,5,4,2,5,5,5,3,7,1,1,1,1,1,1,0,0,0,0,0,0,0,1,1,1,0,3,2,1,1,27,3,2,1,60,1,1,3
408,3.0,5.0,3.0,4.0,5.0,2.0,2.0,4.0,4.0,4.0,1.0,1.0,5.0,2.0,1.0,1.0,4.0,4.0,4.0,1.0,7,5,7,2,7,1,6,2,4,1,1,1,0,1,1,0,0,1,0,1,0,0,1,1,1,1,3,3,1,1,22,1,4,3,10,1,1,2
409,1.0,1.0,1.0,5.0,1.0,4.0,2.0,1.0,5.0,5.0,4.0,1.0,1.0,4.0,1.0,5.0,1.0,1.0,5.0,1.0,7,5,6,2,7,1,7,1,2,2,1,1,1,1,1,0,1,0,0,1,0,1,1,1,1,1,4,3,2,1,69,1,7,1,60,1,2,3
410,4.0,4.0,2.0,2.0,4.0,2.0,1.0,5.0,2.0,2.0,1.0,4.0,4.0,2.0,4.0,1.0,1.0,5.0,5.0,4.0,2,6,7,1,5,6,2,2,7,2,1,1,1,1,1,0,0,1,0,1,0,1,1,1,1,1,3,3,1,1,19,1,1,1,60,1,1,2
411,4.0,5.0,5.0,4.0,4.0,3.0,2.0,3.0,5.0,2.0,1.0,5.0,4.0,1.0,5.0,5.0,2.0,4.0,5.0,1.0,5,2,6,6,6,5,7,3,3,3,1,1,0,1,1,0,0,1,0,1,0,0,0,1,1,1,2,2,2,2,23,1,3,1,70,1,1,1
412,5.0,5.0,2.0,2.0,5.0,2.0,1.0,4.0,3.0,1.0,1.0,3.0,2.0,2.0,5.0,2.0,1.0,5.0,5.0,4.0,5,7,6,3,7,5,5,3,6,1,1,1,0,1,1,1,1,0,1,1,0,1,1,1,1,1,2,2,1,1,18,1,2,1,70,1,1,3
413,5.0,5.0,2.0,1.0,5.0,2.0,1.0,4.0,1.0,1.0,2.0,5.0,4.0,1.0,5.0,1.0,1.0,5.0,4.0,2.0,1,6,7,7,3,6,2,3,2,2,1,1,1,1,1,1,1,1,0,1,0,1,1,1,1,1,3,2,2,1,20,3,6,1,30,1,1,7
414,3.0,4.0,3.0,1.0,3.0,1.0,1.0,2.0,5.0,2.0,1.0,4.0,3.0,2.0,5.0,4.0,1.0,4.0,5.0,2.0,5,5,6,3,4,4,6,2,5,7,1,1,0,1,1,1,0,0,0,1,0,0,1,1,1,1,2,2,1,1,19,1,6,1,60,2,1,2
415,2.0,4.0,4.0,5.0,2.0,5.0,5.0,1.0,5.0,5.0,5.0,4.0,1.0,3.0,4.0,5.0,1.0,1.0,5.0,1.0,7,1,6,1,7,2,7,5,5,3,1,1,0,1,1,0,0,0,0,1,0,1,1,1,1,1,4,3,2,1,47,1,4,1,60,1,3,15
416,5.0,4.0,3.0,3.0,4.0,2.0,2.0,3.0,3.0,3.0,3.0,3.0,5.0,2.0,2.0,3.0,3.0,3.0,5.0,3.0,5,3,7,4,6,6,6,1,7,2,0,1,0,1,1,0,1,0,0,1,0,0,0,1,1,1,4,2,1,1,50,1,8,1,10,2,2,1
417,5.0,4.0,2.0,3.0,5.0,2.0,1.0,3.0,3.0,1.0,1.0,5.0,4.0,3.0,4.0,2.0,2.0,4.0,5.0,5.0,4,5,6,2,7,5,5,5,4,5,1,1,0,1,1,1,0,0,0,1,0,0,1,1,1,1,3,3,1,1,32,1,1,1,50,1,1,2
418,2.0,2.0,3.0,4.0,4.0,4.0,2.0,2.0,5.0,4.0,2.0,4.0,1.0,2.0,3.0,3.0,2.0,1.0,5.0,1.0,5,3,7,1,7,5,6,3,7,2,1,1,1,1,1,0,1,0,0,1,0,0,1,1,1,1,4,2,1,1,55,1,2,1,60,1,2,3
419,4.0,2.0,2.0,4.0,5.0,2.0,1.0,2.0,4.0,2.0,1.0,5.0,1.0,1.0,4.0,1.0,5.0,4.0,5.0,1.0,3,6,5,3,5,5,5,2,7,2,1,1,1,1,1,0,1,0,0,1,1,0,1,1,1,1,3,2,1,0,28,1,6,1,60,2,1,3
420,2.0,5.0,2.0,3.0,4.0,2.0,4.0,4.0,2.0,2.0,3.0,2.0,2.0,2.0,2.0,2.0,5.0,4.0,5.0,2.0,3,5,5,3,6,5,6,4,5,2,1,1,1,1,1,0,1,1,1,1,1,0,1,1,1,1,4,3,2,2,45,2,4,1,60,2,3,1
421,3.0,5.0,4.0,2.0,5.0,2.0,2.0,5.0,1.0,4.0,1.0,5.0,5.0,2.0,5.0,1.0,1.0,5.0,4.0,4.0,5,5,7,5,6,7,6,5,6,2,1,1,0,1,1,0,0,0,0,1,1,0,0,0,1,1,4,3,1,2,55,1,1,1,20,2,2,2
422,3.0,2.0,4.0,4.0,3.0,4.0,4.0,3.0,4.0,4.0,3.0,2.0,3.0,3.0,2.0,2.0,4.0,2.0,4.0,3.0,6,6,3,6,7,7,6,6,3,1,1,0,0,1,0,0,1,1,0,1,1,0,0,1,1,1,3,3,2,2,27,1,4,1,60,1,1,1
423,5.0,1.0,1.0,4.0,1.0,1.0,1.0,2.0,5.0,3.0,1.0,4.0,4.0,2.0,4.0,1.0,3.0,4.0,5.0,1.0,4,7,3,5,6,4,6,2,2,2,1,1,1,1,1,0,1,0,0,1,1,0,0,1,1,0,2,3,1,2,23,1,1,1,60,1,1,1
424,3.0,4.0,3.0,3.0,5.0,4.0,2.0,2.0,3.0,3.0,1.0,4.0,4.0,1.0,3.0,2.0,1.0,4.0,4.0,2.0,2,5,4,4,6,6,3,6,3,1,1,1,0,1,1,0,0,1,0,1,0,0,1,1,1,1,3,3,1,1,41,2,2,1,60,2,2,3
425,3.0,5.0,4.0,1.0,5.0,1.0,2.0,5.0,5.0,2.0,1.0,5.0,4.0,1.0,4.0,4.0,1.0,5.0,5.0,2.0,2,7,3,7,5,5,5,6,1,4,1,1,0,0,0,0,0,1,0,1,1,0,0,1,1,1,4,2,2,2,30,1,2,1,60,1,1,1
426,5.0,2.0,1.0,2.0,2.0,1.0,1.0,1.0,4.0,4.0,1.0,5.0,2.0,1.0,3.0,1.0,1.0,4.0,4.0,1.0,6,6,1,7,7,1,7,1,1,1,0,1,0,1,0,0,0,0,0,1,0,0,0,0,1,1,3,3,2,2,32,1,2,1,60,1,2,2
427,5.0,5.0,1.0,1.0,5.0,1.0,1.0,4.0,1.0,1.0,1.0,5.0,4.0,1.0,5.0,3.0,1.0,5.0,5.0,4.0,6,4,6,2,6,3,3,3,6,1,1,1,1,0,1,0,1,1,0,1,1,0,1,1,1,1,4,1,2,2,27,1,2,3,60,1,1,6
428,1.0,1.0,4.0,5.0,2.0,4.0,4.0,2.0,5.0,5.0,3.0,2.0,1.0,4.0,2.0,1.0,2.0,2.0,4.0,1.0,6,1,6,1,7,5,7,4,5,1,1,1,1,1,1,0,1,1,0,1,1,0,1,1,1,1,4,3,1,1,68,1,6,1,20,1,2,3
429,1.0,1.0,4.0,1.0,1.0,1.0,1.0,1.0,5.0,1.0,1.0,5.0,2.0,1.0,1.0,1.0,1.0,5.0,4.0,3.0,4,3,6,4,6,7,7,2,7,7,1,0,0,1,0,0,0,0,0,1,0,0,0,0,1,1,3,3,2,2,33,1,1,1,10,2,2,1
430,5.0,1.0,5.0,5.0,1.0,5.0,5.0,1.0,5.0,5.0,1.0,1.0,1.0,5.0,1.0,5.0,1.0,1.0,1.0,1.0,5,6,3,2,7,3,5,1,7,1,0,0,0,0,0,0,0,0,0,1,0,0,0,0,0,1,3,3,2,2,24,1,10,1,10,1,1,4
431,1.0,1.0,5.0,4.0,1.0,5.0,5.0,1.0,5.0,5.0,3.0,2.0,1.0,5.0,1.0,1.0,5.0,1.0,1.0,3.0,2,6,4,4,7,4,4,4,4,1,1,1,0,1,1,0,1,0,0,1,0,0,1,1,1,1,4,3,1,2,45,1,8,1,10,1,2,1
432,5.0,5.0,1.0,1.0,5.0,1.0,1.0,5.0,1.0,1.0,1.0,5.0,5.0,1.0,5.0,1.0,5.0,5.0,5.0,5.0,7,1,7,5,7,1,7,1,7,1,1,1,1,1,1,0,1,0,0,1,0,0,1,1,1,1,4,2,1,2,59,1,8,1,10,1,2,2
433,5.0,1.0,5.0,4.0,1.0,5.0,1.0,1.0,2.0,5.0,2.0,5.0,1.0,5.0,1.0,1.0,5.0,1.0,1.0,1.0,7,1,7,1,7,1,6,2,7,1,0,0,0,0,0,0,0,0,0,0,0,0,0,0,0,0,4,3,1,1,50,1,8,1,10,2,2,2
434,4.0,4.0,4.0,5.0,1.0,4.0,1.0,1.0,5.0,5.0,2.0,1.0,1.0,5.0,1.0,2.0,1.0,1.0,5.0,1.0,1,5,5,5,3,5,7,3,5,2,1,1,0,1,1,0,0,0,0,1,0,0,1,1,1,1,2,2,2,1,59,1,1,1,60,1,2,4
435,5.0,3.0,4.0,5.0,5.0,2.0,2.0,3.0,5.0,2.0,1.0,5.0,5.0,1.0,4.0,5.0,4.0,4.0,5.0,3.0,2,2,6,1,6,6,4,2,7,2,1,1,1,1,1,0,1,0,0,1,1,1,1,1,1,1,3,2,1,1,55,1,1,1,10,2,2,3
436,4.0,2.0,4.0,5.0,5.0,4.0,5.0,1.0,5.0,5.0,4.0,2.0,2.0,4.0,2.0,4.0,1.0,2.0,5.0,4.0,2,1,6,7,6,7,7,5,6,2,1,1,0,1,1,0,0,0,0,1,0,0,0,1,0,1,3,1,1,2,54,1,8,1,10,2,2,2
437,1.0,1.0,5.0,3.0,1.0,4.0,1.0,2.0,5.0,5.0,1.0,1.0,1.0,3.0,1.0,4.0,2.0,2.0,5.0,1.0,2,2,7,3,7,5,6,1,6,3,1,1,0,1,1,0,0,0,0,1,0,0,1,1,1,1,3,1,2,1,34,1,6,1,60,1,2,3
438,4.0,1.0,1.0,1.0,4.0,1.0,1.0,2.0,1.0,2.0,1.0,5.0,4.0,1.0,2.0,1.0,1.0,2.0,5.0,5.0,5,6,4,5,5,3,3,5,3,2,1,0,0,1,1,0,0,1,0,1,0,0,1,0,1,1,4,3,1,1,38,1,4,1,10,2,1,2
439,3.0,3.0,2.0,5.0,4.0,5.0,4.0,1.0,5.0,5.0,1.0,1.0,1.0,2.0,3.0,4.0,1.0,2.0,5.0,1.0,1,1,5,6,7,3,7,7,2,6,1,1,1,1,1,0,1,1,0,1,1,0,1,1,1,1,3,3,2,1,55,1,2,1,60,1,2,4
440,5.0,5.0,2.0,3.0,5.0,2.0,2.0,4.0,4.0,5.0,1.0,3.0,4.0,1.0,4.0,1.0,1.0,5.0,1.0,1.0,7,6,7,5,7,1,7,4,4,1,1,1,1,1,1,0,0,1,0,1,0,1,1,1,1,1,2,3,1,1,48,1,4,1,60,1,2,7
441,2.0,1.0,2.0,4.0,2.0,3.0,2.0,4.0,4.0,2.0,2.0,5.0,2.0,2.0,3.0,2.0,4.0,1.0,4.0,1.0,6,4,7,2,6,3,5,2,6,3,1,1,0,1,1,0,0,0,0,1,0,0,1,1,1,1,4,2,1,1,49,1,7,1,60,1,3,4
442,1.0,5.0,1.0,4.0,4.0,1.0,1.0,1.0,3.0,3.0,1.0,4.0,5.0,5.0,5.0,5.0,1.0,5.0,5.0,2.0,2,3,4,5,6,7,5,5,3,2,1,1,1,1,1,0,1,1,0,1,1,0,1,1,1,1,3,1,2,1,41,1,1,1,60,1,2,3
443,1.0,2.0,4.0,5.0,5.0,4.0,5.0,2.0,5.0,5.0,2.0,4.0,4.0,3.0,1.0,5.0,5.0,4.0,5.0,5.0,7,1,7,6,7,6,6,5,6,2,1,1,0,1,1,0,1,0,1,1,0,0,1,1,1,1,3,2,1,2,49,1,4,1,10,1,2,3
444,3.0,1.0,3.0,5.0,3.0,4.0,2.0,5.0,5.0,5.0,2.0,2.0,2.0,1.0,4.0,2.0,1.0,3.0,4.0,1.0,6,5,4,7,7,2,6,2,4,3,1,1,0,1,1,0,0,1,0,1,1,0,0,0,1,1,3,3,2,2,26,1,4,1,60,1,1,3
445,5.0,2.0,5.0,3.0,5.0,1.0,1.0,5.0,3.0,1.0,1.0,5.0,4.0,5.0,4.0,2.0,1.0,5.0,5.0,3.0,6,7,6,2,6,4,5,1,6,1,1,1,1,1,1,0,0,1,0,1,0,0,1,1,1,1,4,2,1,1,37,1,12,1,60,1,2,3
446,1.0,3.0,5.0,3.0,3.0,4.0,3.0,1.0,4.0,5.0,3.0,1.0,2.0,2.0,3.0,2.0,1.0,3.0,2.0,1.0,2,5,4,5,3,6,4,5,4,5,1,1,1,1,1,0,0,0,0,1,0,0,1,1,1,1,2,3,2,1,32,1,6,1,60,1,2,4
447,2.0,2.0,3.0,4.0,2.0,3.0,3.0,2.0,5.0,3.0,1.0,4.0,1.0,2.0,4.0,3.0,2.0,2.0,4.0,2.0,3,2,5,3,7,5,5,3,5,1,1,1,1,1,1,0,1,1,0,1,1,0,1,1,1,1,2,2,3,1,51,3,12,3,70,1,1,2
448,4.0,4.0,1.0,4.0,5.0,1.0,1.0,2.0,3.0,3.0,2.0,5.0,4.0,3.0,4.0,1.0,1.0,4.0,5.0,1.0,5,5,7,3,7,3,5,5,6,1,1,1,1,1,1,0,1,1,0,1,0,0,1,1,1,1,3,2,2,1,24,1,1,3,60,1,1,2
449,2.0,1.0,5.0,4.0,4.0,4.0,4.0,2.0,5.0,5.0,2.0,4.0,1.0,4.0,4.0,5.0,1.0,4.0,5.0,1.0,6,6,7,1,7,5,7,1,7,1,1,1,0,1,1,0,0,0,0,1,0,0,1,1,1,1,4,1,1,1,34,1,6,1,60,1,2,1
450,3.0,2.0,4.0,3.0,2.0,4.0,2.0,1.0,5.0,3.0,1.0,1.0,1.0,2.0,2.0,2.0,3.0,3.0,5.0,2.0,5,5,6,7,5,5,5,5,3,4,1,1,1,1,1,0,0,1,0,1,0,0,1,1,1,1,3,3,2,2,42,1,1,1,60,1,3,3
451,1.0,1.0,4.0,4.0,3.0,4.0,2.0,1.0,5.0,5.0,4.0,4.0,1.0,2.0,3.0,4.0,4.0,3.0,4.0,1.0,7,6,4,1,7,1,6,5,5,1,1,1,0,1,1,0,0,1,0,1,1,0,0,1,1,1,4,1,2,2,40,1,2,1,60,1,1,2
452,5.0,5.0,1.0,5.0,4.0,1.0,1.0,5.0,1.0,1.0,5.0,5.0,4.0,1.0,1.0,1.0,5.0,2.0,5.0,4.0,0,0,0,0,0,0,0,0,0,0,1,1,0,1,1,0,0,0,0,1,0,0,0,1,1,1,3,3,3,2,21,3,2,1,0,2,1,2
453,4.0,4.0,1.0,2.0,4.0,1.0,2.0,4.0,2.0,2.0,1.0,5.0,2.0,1.0,4.0,1.0,2.0,3.0,4.0,3.0,2,3,5,2,6,6,4,4,6,3,1,1,0,1,1,0,0,0,0,1,1,0,1,1,1,1,3,3,1,2,28,1,2,1,60,2,1,2
454,3.0,4.0,1.0,5.0,2.0,1.0,1.0,2.0,2.0,2.0,1.0,5.0,4.0,2.0,4.0,4.0,1.0,4.0,5.0,1.0,7,5,5,3,6,1,7,5,3,1,1,1,1,1,1,0,1,0,0,1,0,0,1,1,0,1,3,1,2,1,43,1,12,2,60,1,2,2
455,4.0,4.0,1.0,3.0,4.0,2.0,2.0,3.0,1.0,2.0,1.0,2.0,4.0,1.0,4.0,1.0,1.0,5.0,4.0,2.0,6,5,6,2,7,5,2,5,7,2,1,1,0,1,1,0,0,0,0,1,0,0,1,1,1,1,2,1,1,2,23,1,1,1,60,1,1,4
456,5.0,4.0,1.0,1.0,5.0,1.0,1.0,3.0,1.0,1.0,1.0,1.0,3.0,1.0,4.0,1.0,1.0,5.0,5.0,1.0,6,5,6,2,7,2,4,5,6,1,1,1,1,1,1,0,1,1,0,1,0,0,1,1,1,1,4,2,1,1,28,1,2,1,10,2,1,1
457,1.0,2.0,4.0,5.0,2.0,5.0,2.0,1.0,5.0,2.0,4.0,4.0,1.0,3.0,4.0,4.0,1.0,2.0,5.0,2.0,1,2,5,3,1,5,6,1,4,7,1,1,0,1,1,0,0,0,0,1,0,0,1,1,1,1,3,1,2,1,50,1,6,1,60,1,3,3
458,5.0,4.0,1.0,1.0,4.0,1.0,1.0,2.0,1.0,1.0,1.0,5.0,5.0,1.0,5.0,5.0,1.0,5.0,5.0,4.0,7,7,3,5,7,1,7,5,3,1,1,1,1,1,1,1,0,0,0,1,1,0,1,1,1,1,3,2,1,1,22,1,2,2,60,1,1,14
459,2.0,1.0,3.0,3.0,3.0,4.0,3.0,4.0,5.0,4.0,1.0,3.0,2.0,3.0,1.0,4.0,4.0,4.0,4.0,2.0,1,2,7,1,5,7,7,1,7,5,1,1,1,1,1,0,1,1,0,1,0,0,1,1,1,1,3,2,2,2,39,1,4,3,60,1,1,2
460,5.0,5.0,2.0,1.0,5.0,1.0,1.0,2.0,3.0,2.0,1.0,4.0,4.0,1.0,3.0,1.0,1.0,2.0,5.0,5.0,2,1,1,1,7,5,6,4,6,2,1,1,1,1,1,0,1,0,0,1,0,0,1,1,1,1,3,2,2,1,46,1,1,1,60,1,3,3
461,5.0,5.0,2.0,1.0,5.0,1.0,1.0,4.0,1.0,1.0,1.0,5.0,5.0,1.0,5.0,1.0,2.0,5.0,5.0,5.0,2,5,7,1,3,7,1,1,6,3,1,1,1,1,1,0,0,1,0,1,0,1,1,1,1,1,4,3,1,1,35,1,2,1,30,1,2,0
462,1.0,5.0,5.0,1.0,1.0,5.0,5.0,5.0,5.0,1.0,1.0,5.0,4.0,1.0,5.0,4.0,1.0,5.0,1.0,5.0,1,7,7,5,4,7,7,5,3,1,1,1,0,1,1,0,0,0,0,1,0,0,0,1,1,1,2,2,1,2,22,1,7,1,60,1,1,7
463,1.0,1.0,4.0,4.0,4.0,5.0,4.0,1.0,5.0,5.0,2.0,2.0,1.0,2.0,1.0,4.0,4.0,2.0,1.0,2.0,6,2,3,1,7,2,6,5,6,1,1,1,0,1,1,0,0,0,0,1,0,0,1,1,1,1,3,3,1,1,42,1,7,1,30,2,2,7
464,1.0,2.0,2.0,2.0,2.0,2.0,1.0,1.0,3.0,5.0,1.0,2.0,1.0,2.0,1.0,2.0,1.0,1.0,5.0,1.0,6,2,2,2,6,6,3,6,3,2,1,1,0,1,1,0,1,0,0,1,1,0,1,1,1,1,4,2,1,1,66,1,1,1,60,1,2,3
465,2.0,4.0,1.0,4.0,2.0,1.0,1.0,4.0,4.0,2.0,2.0,4.0,2.0,3.0,4.0,1.0,3.0,3.0,5.0,1.0,5,6,5,6,6,6,6,5,4,1,1,1,0,1,1,0,0,0,0,1,1,0,1,1,1,1,3,2,2,1,40,1,2,1,60,1,2,2
466,5.0,3.0,4.0,3.0,1.0,5.0,4.0,2.0,5.0,5.0,2.0,4.0,1.0,1.0,1.0,4.0,1.0,1.0,2.0,1.0,4,6,6,7,2,6,7,6,3,7,1,1,0,1,1,0,1,0,0,1,0,0,1,1,1,1,4,2,1,1,60,1,6,1,60,1,3,6
467,1.0,1.0,5.0,4.0,1.0,4.0,5.0,1.0,4.0,5.0,2.0,1.0,1.0,4.0,2.0,5.0,5.0,2.0,5.0,1.0,6,5,3,5,6,3,7,7,5,2,1,1,0,1,0,0,0,1,0,1,1,0,0,0,1,1,4,2,2,2,32,1,4,1,60,2,2,3
468,5.0,5.0,2.0,1.0,4.0,1.0,1.0,4.0,1.0,1.0,1.0,5.0,5.0,1.0,4.0,2.0,1.0,4.0,5.0,3.0,3,5,3,1,5,5,3,5,4,3,1,1,0,1,1,0,0,0,0,1,0,0,1,1,1,1,3,3,1,1,20,1,6,1,30,1,1,1
469,2.0,3.0,4.0,4.0,2.0,5.0,4.0,1.0,5.0,4.0,3.0,2.0,2.0,4.0,2.0,4.0,4.0,1.0,5.0,4.0,2,2,7,1,6,6,5,2,6,5,1,1,1,1,1,0,1,0,0,1,0,0,1,1,1,1,4,3,1,1,52,1,12,1,10,2,2,3
470,1.0,3.0,3.0,3.0,2.0,4.0,2.0,3.0,5.0,5.0,1.0,1.0,1.0,2.0,4.0,4.0,1.0,4.0,5.0,2.0,7,2,6,1,6,2,6,2,7,2,1,0,0,1,0,0,0,1,0,1,0,0,0,0,1,1,3,3,2,2,27,1,2,1,60,2,1,2
471,1.0,3.0,3.0,2.0,2.0,3.0,3.0,4.0,5.0,4.0,2.0,4.0,1.0,3.0,2.0,4.0,4.0,4.0,3.0,1.0,4,1,6,2,7,6,6,4,6,4,1,1,1,1,1,0,1,1,0,1,0,0,1,1,1,1,4,2,1,1,62,2,0,1,60,1,3,4
472,1.0,3.0,3.0,3.0,2.0,2.0,1.0,2.0,4.0,5.0,2.0,1.0,1.0,1.0,1.0,2.0,3.0,3.0,5.0,1.0,4,3,5,3,4,5,5,2,3,3,1,1,0,1,1,0,0,0,0,0,0,0,1,1,1,1,3,2,1,1,40,1,4,1,60,2,1,4
473,5.0,1.0,3.0,1.0,4.0,1.0,2.0,5.0,5.0,1.0,1.0,5.0,4.0,1.0,3.0,3.0,1.0,1.0,5.0,3.0,2,6,7,2,5,6,4,1,7,3,1,1,1,1,1,1,0,1,0,1,0,0,1,1,1,1,4,2,2,1,36,1,1,3,60,1,1,4
474,4.0,2.0,4.0,4.0,4.0,2.0,1.0,4.0,3.0,2.0,1.0,2.0,1.0,1.0,1.0,2.0,2.0,4.0,5.0,3.0,6,7,2,3,7,3,7,5,6,1,1,1,0,1,1,0,0,1,0,1,0,0,0,1,1,1,3,1,1,2,22,1,1,1,60,2,1,2
475,1.0,1.0,4.0,2.0,1.0,2.0,2.0,1.0,5.0,4.0,1.0,5.0,4.0,4.0,2.0,1.0,2.0,5.0,5.0,4.0,2,2,1,6,7,1,7,7,2,6,1,1,1,1,1,1,1,1,0,1,1,1,1,1,1,1,3,2,2,1,36,1,2,2,60,2,3,1
476,5.0,2.0,4.0,4.0,5.0,1.0,1.0,4.0,2.0,2.0,1.0,5.0,4.0,1.0,4.0,3.0,1.0,5.0,5.0,5.0,6,6,7,7,7,1,5,6,1,1,1,1,0,1,1,0,0,0,0,1,0,0,1,1,1,1,2,3,2,2,25,1,2,5,60,1,1,2
477,5.0,4.0,2.0,3.0,5.0,2.0,2.0,4.0,2.0,1.0,1.0,4.0,1.0,2.0,2.0,5.0,4.0,2.0,5.0,4.0,2,5,5,6,5,6,3,2,3,2,1,1,1,1,1,0,0,1,0,1,0,0,1,1,1,1,3,3,1,2,23,1,2,1,60,1,1,2
478,3.0,3.0,2.0,4.0,3.0,2.0,1.0,4.0,4.0,3.0,2.0,4.0,1.0,2.0,4.0,2.0,2.0,2.0,5.0,2.0,5,5,6,2,6,3,5,2,5,3,1,1,1,1,1,0,0,0,0,1,0,0,1,1,1,1,3,2,1,1,38,1,2,1,60,2,2,2
479,1.0,2.0,4.0,5.0,1.0,5.0,5.0,1.0,5.0,5.0,2.0,1.0,1.0,3.0,1.0,5.0,2.0,1.0,1.0,3.0,7,2,6,2,6,1,7,5,7,1,1,1,0,1,1,0,0,0,0,1,0,0,1,1,1,1,4,2,2,1,38,1,6,1,70,1,1,2
480,2.0,2.0,5.0,5.0,2.0,5.0,4.0,2.0,5.0,5.0,3.0,3.0,1.0,3.0,4.0,5.0,3.0,2.0,4.0,3.0,7,1,7,1,7,1,7,1,7,1,1,1,1,1,1,0,1,0,0,1,0,0,1,1,1,1,3,3,1,2,61,1,8,1,10,1,2,3
481,3.0,4.0,2.0,3.0,4.0,2.0,2.0,3.0,3.0,4.0,2.0,5.0,2.0,3.0,4.0,4.0,2.0,4.0,4.0,1.0,3,6,2,7,4,3,4,5,2,2,1,1,1,1,1,0,0,0,0,1,1,0,0,1,1,1,3,3,2,2,33,1,2,2,60,2,1,1
482,1.0,3.0,3.0,5.0,2.0,2.0,2.0,2.0,4.0,4.0,2.0,2.0,3.0,2.0,2.0,2.0,5.0,4.0,5.0,1.0,5,5,6,7,7,5,6,3,5,1,1,1,1,1,1,0,1,1,0,1,1,0,1,1,1,1,4,2,2,1,31,1,1,2,60,2,2,2
483,1.0,1.0,2.0,2.0,5.0,5.0,2.0,2.0,5.0,5.0,1.0,5.0,5.0,1.0,5.0,2.0,4.0,5.0,5.0,1.0,6,6,5,7,6,3,6,4,3,3,1,1,1,1,0,0,0,0,0,1,0,0,0,1,1,1,3,3,2,2,22,1,4,2,50,1,1,3
484,1.0,3.0,4.0,2.0,1.0,3.0,1.0,5.0,5.0,3.0,1.0,4.0,2.0,2.0,4.0,5.0,2.0,4.0,5.0,2.0,3,3,5,5,3,6,7,6,5,5,1,1,0,1,1,0,0,1,0,1,0,0,1,1,1,1,2,0,2,1,20,1,4,1,70,2,1,2
485,5.0,3.0,3.0,1.0,1.0,1.0,2.0,4.0,5.0,2.0,1.0,5.0,2.0,1.0,4.0,3.0,1.0,4.0,5.0,4.0,5,7,5,2,7,3,4,5,5,2,1,1,1,1,1,0,1,1,0,1,0,0,1,1,1,1,3,2,1,1,29,1,7,1,70,1,2,2
486,3.0,2.0,3.0,4.0,4.0,3.0,1.0,3.0,4.0,2.0,2.0,4.0,3.0,1.0,4.0,1.0,4.0,2.0,4.0,3.0,3,4,6,2,6,5,4,5,7,2,1,1,0,1,1,0,0,0,0,1,0,0,1,1,1,1,3,2,1,1,30,2,7,1,60,2,2,3
487,5.0,2.0,5.0,4.0,5.0,5.0,5.0,2.0,3.0,5.0,2.0,5.0,1.0,4.0,1.0,1.0,5.0,1.0,5.0,1.0,6,5,5,3,6,3,6,4,4,2,1,1,0,1,1,0,1,0,0,1,0,0,1,1,1,1,3,3,1,2,55,1,8,1,10,2,2,2
488,5.0,1.0,5.0,4.0,5.0,3.0,2.0,2.0,5.0,4.0,4.0,5.0,1.0,2.0,4.0,5.0,2.0,4.0,2.0,3.0,6,7,6,2,7,2,6,3,6,1,1,1,0,1,1,0,1,1,0,1,0,0,1,1,1,1,3,2,2,1,20,1,6,1,70,2,1,2
489,5.0,5.0,1.0,1.0,5.0,1.0,1.0,4.0,1.0,1.0,1.0,5.0,5.0,2.0,5.0,1.0,1.0,5.0,5.0,5.0,2,5,7,2,7,6,1,7,7,2,1,1,0,1,1,0,0,1,0,1,0,0,1,1,1,1,2,3,1,2,19,1,10,1,20,2,1,4
490,1.0,3.0,2.0,5.0,5.0,2.0,2.0,1.0,5.0,5.0,3.0,1.0,2.0,3.0,4.0,1.0,4.0,4.0,5.0,1.0,5,7,6,6,5,4,6,2,4,4,1,1,0,1,1,0,0,1,0,1,0,0,1,1,1,1,3,1,2,1,26,1,2,2,60,1,1,2
491,5.0,4.0,1.0,1.0,4.0,1.0,1.0,4.0,3.0,1.0,1.0,5.0,3.0,2.0,4.0,1.0,1.0,5.0,5.0,3.0,4,6,6,5,7,4,2,1,7,2,1,1,0,1,1,0,0,0,0,1,0,0,1,1,1,1,2,3,1,1,48,2,1,1,60,1,2,2
492,4.0,3.0,3.0,3.0,4.0,2.0,2.0,3.0,4.0,3.0,2.0,3.0,3.0,2.0,3.0,2.0,2.0,3.0,4.0,4.0,5,2,4,1,6,5,5,3,4,2,1,1,1,1,1,0,0,0,0,1,0,0,1,1,1,1,3,1,1,1,53,1,1,2,60,1,3,2
493,1.0,4.0,4.0,1.0,4.0,1.0,1.0,1.0,2.0,4.0,1.0,5.0,1.0,1.0,5.0,1.0,2.0,4.0,5.0,1.0,2,5,5,5,6,6,2,5,3,5,1,1,0,1,1,0,0,1,0,1,0,0,0,0,1,1,3,2,2,2,24,1,4,1,60,2,1,4
494,3.0,3.0,1.0,4.0,5.0,1.0,2.0,4.0,3.0,3.0,1.0,5.0,5.0,1.0,4.0,3.0,1.0,5.0,5.0,5.0,1,7,5,1,7,6,6,6,7,1,1,1,1,1,1,0,0,1,0,1,1,0,1,1,1,1,3,3,1,2,33,1,4,1,60,2,1,3
495,1.0,1.0,2.0,3.0,2.0,2.0,2.0,1.0,5.0,4.0,2.0,4.0,1.0,3.0,3.0,1.0,3.0,2.0,4.0,1.0,1,3,4,2,3,6,6,3,6,4,1,1,1,1,1,0,1,0,0,1,1,0,1,1,1,1,3,2,2,1,50,1,2,2,60,0,2,6
496,4.0,3.0,5.0,4.0,2.0,2.0,2.0,2.0,5.0,2.0,1.0,2.0,1.0,3.0,4.0,4.0,3.0,4.0,4.0,1.0,5,2,0,5,6,5,7,4,6,4,1,1,0,1,1,0,0,0,0,1,0,1,1,1,1,1,3,2,2,1,27,1,3,1,20,2,1,2
497,4.0,4.0,3.0,1.0,3.0,1.0,1.0,5.0,2.0,1.0,1.0,4.0,3.0,1.0,5.0,1.0,1.0,4.0,5.0,1.0,1,7,4,1,5,2,2,2,7,4,1,1,0,1,1,0,0,0,0,1,0,0,1,1,1,1,2,2,1,1,18,1,2,1,60,1,1,4
498,1.0,1.0,1.0,4.0,1.0,5.0,2.0,2.0,5.0,5.0,1.0,1.0,1.0,3.0,4.0,5.0,2.0,2.0,5.0,1.0,5,1,5,2,7,6,7,5,6,2,1,1,1,1,1,0,0,0,0,1,1,0,1,1,1,1,3,3,2,1,64,1,6,1,70,1,2,4
499,1.0,1.0,5.0,2.0,1.0,5.0,4.0,1.0,5.0,5.0,4.0,3.0,1.0,2.0,5.0,5.0,1.0,1.0,4.0,1.0,3,2,6,2,2,5,7,1,6,4,1,1,0,1,1,0,0,0,0,1,0,0,0,1,1,1,3,3,2,1,39,1,12,1,60,2,3,2
500,5.0,4.0,4.0,4.0,5.0,1.0,1.0,1.0,3.0,3.0,2.0,1.0,2.0,1.0,1.0,5.0,1.0,2.0,4.0,1.0,4,5,3,7,6,5,7,3,3,5,1,1,1,1,1,0,0,0,0,1,0,1,0,1,1,1,2,3,2,1,23,1,4,1,60,1,1,4
501,4.0,3.0,3.0,3.0,5.0,2.0,3.0,2.0,3.0,2.0,1.0,4.0,3.0,1.0,3.0,3.0,4.0,4.0,4.0,3.0,4,5,5,5,4,3,4,4,5,2,1,1,1,1,1,0,0,1,0,1,1,0,1,1,1,1,3,2,1,2,39,1,2,1,60,2,1,4
502,4.0,4.0,2.0,4.0,5.0,1.0,1.0,4.0,3.0,2.0,1.0,5.0,4.0,1.0,4.0,1.0,1.0,5.0,5.0,5.0,2,5,6,4,3,6,4,5,6,1,1,1,0,1,1,0,0,0,0,1,0,0,1,1,1,1,3,1,1,2,30,1,1,2,60,1,1,3
503,3.0,4.0,4.0,2.0,5.0,3.0,2.0,4.0,4.0,2.0,3.0,5.0,2.0,3.0,4.0,4.0,3.0,4.0,4.0,2.0,3,6,5,6,5,7,6,7,2,3,1,1,0,1,1,0,1,1,0,1,0,0,1,1,1,1,3,3,2,2,23,1,1,1,0,1,1,3
504,5.0,4.0,4.0,5.0,4.0,4.0,5.0,1.0,3.0,5.0,1.0,5.0,5.0,2.0,1.0,5.0,3.0,4.0,5.0,1.0,2,4,6,5,6,7,4,1,2,2,1,1,0,1,1,0,0,0,0,1,0,0,1,1,1,1,2,3,1,2,25,1,1,1,60,2,1,2
505,2.0,2.0,4.0,2.0,2.0,3.0,4.0,2.0,2.0,4.0,1.0,4.0,2.0,3.0,2.0,4.0,4.0,1.0,2.0,1.0,4,6,5,5,6,5,6,6,6,5,1,1,0,0,1,0,0,1,0,1,0,0,0,1,1,1,3,3,2,2,29,1,6,1,10,2,1,2
506,3.0,4.0,5.0,1.0,2.0,1.0,1.0,2.0,5.0,4.0,1.0,5.0,4.0,1.0,4.0,1.0,1.0,5.0,5.0,4.0,2,6,5,5,6,6,6,7,2,5,1,1,1,1,1,0,1,0,0,1,0,0,1,1,1,1,2,3,2,2,21,2,8,2,10,2,1,2
507,5.0,4.0,2.0,1.0,2.0,2.0,1.0,1.0,5.0,2.0,1.0,3.0,4.0,2.0,3.0,2.0,3.0,4.0,4.0,3.0,2,6,6,5,7,7,6,6,6,2,1,0,0,1,1,0,0,0,1,1,0,0,0,1,1,1,2,2,1,2,20,1,12,1,60,1,1,1
508,2.0,2.0,4.0,3.0,4.0,4.0,3.0,2.0,4.0,4.0,2.0,4.0,3.0,2.0,4.0,1.0,2.0,4.0,3.0,2.0,7,4,6,2,7,2,6,2,5,5,1,1,1,1,1,0,1,0,0,1,0,0,1,1,1,1,4,2,2,1,24,1,10,1,10,1,1,2
509,4.0,5.0,1.0,1.0,5.0,2.0,1.0,5.0,3.0,4.0,1.0,5.0,4.0,1.0,4.0,1.0,1.0,5.0,5.0,5.0,3,6,6,5,6,7,5,3,6,6,1,1,0,1,1,0,0,0,0,1,0,0,1,0,1,1,3,3,1,2,21,1,7,1,60,2,1,2
510,2.0,3.0,2.0,2.0,2.0,4.0,2.0,2.0,5.0,3.0,1.0,2.0,3.0,3.0,4.0,2.0,2.0,3.0,4.0,3.0,3,4,5,6,7,6,0,6,3,2,1,1,0,1,1,0,0,1,0,1,1,0,1,1,1,1,4,2,2,1,24,1,10,1,10,1,1,4
511,5.0,5.0,5.0,4.0,5.0,2.0,5.0,5.0,2.0,4.0,1.0,5.0,5.0,1.0,5.0,4.0,1.0,5.0,3.0,4.0,6,7,2,7,5,7,7,7,6,1,1,0,0,1,1,0,0,0,0,1,0,0,0,0,1,1,3,3,1,0,25,1,10,1,10,2,1,4
512,3.0,5.0,2.0,4.0,5.0,4.0,5.0,3.0,5.0,4.0,3.0,4.0,3.0,5.0,1.0,4.0,2.0,4.0,3.0,4.0,1,3,6,3,5,7,6,3,5,2,1,1,1,1,1,0,0,0,0,1,0,0,1,1,1,1,2,2,1,1,54,2,5,1,60,1,2,2
513,3.0,1.0,2.0,1.0,5.0,4.0,5.0,5.0,5.0,5.0,1.0,5.0,1.0,1.0,1.0,1.0,2.0,5.0,5.0,2.0,7,6,7,2,5,5,7,1,4,1,1,1,0,1,1,1,0,1,0,1,0,1,1,1,1,1,4,3,2,2,24,1,2,1,60,1,1,2
514,4.0,2.0,4.0,1.0,4.0,2.0,1.0,5.0,1.0,2.0,1.0,4.0,5.0,1.0,4.0,1.0,1.0,3.0,5.0,4.0,1,4,1,7,3,7,5,6,5,4,1,1,0,1,1,0,0,0,0,1,0,0,0,1,1,1,2,2,1,2,24,1,2,1,60,1,1,1
515,2.0,1.0,5.0,3.0,4.0,4.0,4.0,3.0,5.0,4.0,2.0,5.0,4.0,3.0,3.0,4.0,1.0,2.0,5.0,5.0,3,3,5,6,5,7,4,2,5,4,1,1,1,1,1,0,0,0,0,1,0,0,1,1,1,1,3,2,2,1,57,1,7,1,60,1,3,4
516,3.0,5.0,4.0,5.0,2.0,2.0,1.0,1.0,5.0,2.0,1.0,1.0,1.0,5.0,3.0,4.0,1.0,1.0,5.0,2.0,1,2,5,6,7,5,6,1,5,1,1,1,1,1,1,0,1,0,0,1,1,0,1,1,1,1,3,3,2,1,42,1,3,1,60,1,3,2
517,4.0,4.0,2.0,5.0,4.0,5.0,2.0,2.0,5.0,5.0,2.0,5.0,4.0,2.0,3.0,2.0,2.0,3.0,5.0,1.0,4,2,2,1,6,7,6,2,7,1,1,1,1,1,1,0,1,1,0,1,1,1,1,1,1,1,3,3,1,1,61,1,2,2,60,1,2,4
518,5.0,5.0,1.0,4.0,5.0,4.0,4.0,5.0,4.0,2.0,1.0,5.0,5.0,2.0,5.0,1.0,1.0,5.0,5.0,4.0,6,2,7,5,7,2,6,1,7,1,1,1,1,1,1,0,0,0,0,1,0,0,1,1,1,1,4,3,2,1,46,1,4,1,10,1,3,2
519,1.0,4.0,2.0,4.0,4.0,4.0,2.0,4.0,5.0,5.0,2.0,4.0,2.0,1.0,4.0,2.0,4.0,5.0,5.0,1.0,1,7,6,7,3,7,6,2,1,2,1,1,0,1,1,0,0,0,0,1,0,0,1,0,1,1,3,3,2,2,28,1,1,1,60,2,1,2
520,5.0,5.0,1.0,5.0,5.0,1.0,1.0,5.0,1.0,1.0,1.0,5.0,5.0,1.0,5.0,1.0,1.0,5.0,5.0,5.0,6,7,5,2,7,2,6,6,4,1,1,1,1,1,1,1,1,0,1,1,1,1,1,1,1,1,3,2,1,1,47,1,12,1,60,1,2,2
521,2.0,5.0,2.0,2.0,4.0,4.0,2.0,5.0,4.0,4.0,1.0,5.0,2.0,4.0,4.0,1.0,2.0,4.0,4.0,1.0,2,3,2,6,5,7,6,5,3,2,1,1,1,1,1,0,1,0,0,1,1,0,1,1,1,1,3,3,2,1,37,1,6,1,70,1,1,3
522,2.0,4.0,3.0,4.0,2.0,2.0,2.0,4.0,4.0,5.0,3.0,4.0,1.0,2.0,1.0,5.0,1.0,4.0,2.0,1.0,2,5,2,6,6,6,5,5,3,2,1,1,0,1,1,0,0,1,0,1,1,1,1,1,1,1,2,1,1,2,20,1,10,1,10,1,1,2
523,4.0,2.0,2.0,1.0,4.0,1.0,2.0,4.0,3.0,4.0,2.0,4.0,5.0,1.0,2.0,2.0,2.0,4.0,4.0,1.0,3,1,3,1,6,5,7,6,5,2,1,1,1,1,1,0,1,1,1,1,0,1,1,1,1,1,3,2,2,1,63,1,1,2,70,2,3,8
524,5.0,5.0,1.0,2.0,5.0,1.0,1.0,5.0,2.0,2.0,1.0,5.0,4.0,2.0,5.0,1.0,4.0,5.0,5.0,5.0,7,7,6,3,7,4,4,1,7,2,1,1,0,1,1,0,0,0,0,1,0,0,1,1,1,1,3,2,2,1,28,1,7,1,60,1,2,2
525,3.0,3.0,4.0,4.0,2.0,3.0,3.0,1.0,5.0,4.0,2.0,3.0,4.0,4.0,3.0,2.0,4.0,4.0,4.0,1.0,2,1,6,3,5,5,7,3,6,3,1,1,1,1,1,0,1,0,0,1,0,1,1,1,1,1,3,3,1,1,69,1,12,1,60,1,2,5
526,4.0,4.0,2.0,4.0,4.0,5.0,4.0,4.0,5.0,3.0,2.0,5.0,1.0,2.0,4.0,4.0,4.0,5.0,4.0,4.0,6,6,5,2,5,5,3,5,6,5,1,1,0,1,1,0,0,0,1,1,0,0,0,0,1,1,3,3,1,2,22,1,7,1,10,2,1,0
527,4.0,4.0,4.0,4.0,1.0,2.0,2.0,2.0,5.0,3.0,2.0,4.0,1.0,4.0,4.0,5.0,3.0,3.0,4.0,1.0,6,1,6,2,7,5,7,5,7,3,1,1,1,1,1,0,1,1,0,1,1,1,1,1,1,1,3,2,2,1,31,1,7,1,60,2,3,1
528,1.0,1.0,4.0,4.0,2.0,4.0,4.0,2.0,5.0,5.0,4.0,3.0,1.0,3.0,1.0,5.0,4.0,2.0,5.0,1.0,2,5,4,7,5,3,6,2,2,2,1,1,1,1,1,1,1,0,0,1,0,1,1,1,1,1,3,2,2,1,55,1,1,1,60,2,3,6
529,4.0,2.0,4.0,2.0,4.0,2.0,1.0,2.0,3.0,1.0,4.0,4.0,5.0,1.0,5.0,4.0,1.0,4.0,5.0,2.0,1,3,7,2,7,6,3,1,6,6,0,1,1,1,1,0,0,0,0,0,0,0,1,1,1,1,3,2,1,1,29,1,1,1,70,1,1,1
530,1.0,2.0,5.0,4.0,1.0,5.0,2.0,4.0,5.0,1.0,1.0,2.0,1.0,1.0,3.0,4.0,5.0,1.0,5.0,5.0,2,2,7,1,5,7,5,1,7,5,1,1,0,1,1,0,0,0,0,1,0,0,0,1,1,1,2,3,1,1,19,1,9,1,0,1,1,4
531,5.0,5.0,2.0,2.0,5.0,3.0,2.0,4.0,3.0,2.0,2.0,5.0,4.0,1.0,5.0,1.0,1.0,5.0,3.0,4.0,2,6,5,4,5,6,3,3,4,1,1,1,1,1,1,0,0,1,1,1,1,0,1,1,1,1,3,2,1,1,19,1,6,2,60,1,1,3
532,4.0,2.0,2.0,4.0,2.0,1.0,1.0,4.0,3.0,1.0,1.0,3.0,5.0,2.0,4.0,1.0,1.0,4.0,5.0,4.0,6,6,6,2,7,2,5,2,4,2,1,1,1,1,1,0,0,0,0,1,1,1,1,1,1,1,2,2,2,1,20,1,9,1,60,1,1,2
533,5.0,5.0,1.0,1.0,5.0,1.0,1.0,5.0,1.0,1.0,1.0,5.0,5.0,1.0,5.0,1.0,1.0,5.0,5.0,4.0,6,6,2,6,7,6,7,5,2,1,1,1,1,1,1,0,1,1,0,1,1,1,1,1,1,1,3,1,2,1,38,1,12,2,50,1,1,3
534,1.0,2.0,4.0,1.0,4.0,5.0,5.0,4.0,5.0,4.0,3.0,1.0,2.0,2.0,4.0,2.0,3.0,2.0,4.0,1.0,7,2,6,1,6,5,6,1,7,6,1,1,0,1,1,0,0,1,0,1,0,0,1,1,1,1,2,2,1,1,21,1,6,1,60,1,1,3
535,5.0,4.0,3.0,5.0,2.0,2.0,1.0,4.0,3.0,2.0,4.0,4.0,2.0,2.0,5.0,5.0,1.0,2.0,5.0,1.0,7,6,5,3,7,2,3,3,5,1,1,1,1,1,1,0,1,1,0,1,0,0,1,1,1,1,2,2,1,1,18,1,4,2,60,2,1,2
536,4.0,5.0,1.0,1.0,5.0,2.0,1.0,2.0,2.0,4.0,1.0,4.0,5.0,1.0,4.0,1.0,3.0,2.0,5.0,1.0,3,6,6,7,3,7,6,2,1,6,0,1,0,1,1,0,0,0,0,1,0,0,1,1,1,1,3,3,2,1,35,1,1,1,60,1,1,8
537,4.0,4.0,4.0,4.0,5.0,4.0,1.0,4.0,5.0,4.0,4.0,2.0,4.0,2.0,3.0,4.0,1.0,4.0,4.0,2.0,1,5,6,5,6,6,5,5,7,5,1,1,0,1,1,0,0,0,0,1,0,0,1,1,1,1,2,3,1,1,28,1,1,1,70,2,1,3
538,5.0,5.0,2.0,4.0,4.0,1.0,1.0,1.0,3.0,2.0,4.0,4.0,4.0,3.0,5.0,1.0,3.0,3.0,5.0,1.0,4,5,6,7,5,4,3,3,3,1,1,1,0,1,1,0,0,0,0,1,0,0,0,1,1,1,2,3,2,2,15,1,10,1,10,2,1,4
539,4.0,5.0,5.0,1.0,3.0,1.0,1.0,5.0,3.0,2.0,1.0,5.0,4.0,2.0,3.0,1.0,1.0,4.0,4.0,3.0,2,6,3,2,7,5,3,6,5,1,1,1,1,1,1,0,1,1,0,1,0,0,1,1,1,1,3,2,1,1,21,1,6,1,60,1,1,2
540,5.0,5.0,2.0,1.0,5.0,1.0,1.0,4.0,2.0,2.0,1.0,5.0,4.0,1.0,4.0,2.0,2.0,5.0,5.0,3.0,5,5,3,5,5,2,4,5,1,2,1,1,1,1,1,0,0,0,0,1,0,0,1,1,1,1,3,1,2,1,41,1,4,2,0,1,2,1
541,1.0,1.0,5.0,4.0,1.0,5.0,2.0,1.0,5.0,4.0,2.0,2.0,1.0,4.0,4.0,5.0,3.0,1.0,5.0,3.0,5,5,7,5,3,5,6,2,5,5,1,1,0,1,1,1,0,1,0,1,0,1,0,1,1,1,3,2,2,1,35,1,4,1,60,1,2,3
542,2.0,1.0,3.0,3.0,1.0,4.0,2.0,1.0,5.0,5.0,3.0,1.0,5.0,1.0,3.0,3.0,2.0,1.0,5.0,1.0,1,5,4,6,6,7,4,5,3,3,1,1,1,1,1,0,1,0,0,1,0,0,1,1,1,1,4,2,2,1,46,2,12,1,60,1,3,2
543,1.0,2.0,3.0,3.0,3.0,2.0,3.0,2.0,5.0,5.0,5.0,4.0,2.0,4.0,1.0,5.0,4.0,1.0,5.0,1.0,7,5,6,5,7,1,7,5,6,1,1,1,1,1,1,0,1,1,0,1,1,0,1,1,1,1,4,2,2,1,39,1,1,2,60,1,2,3
544,4.0,3.0,3.0,3.0,4.0,2.0,1.0,3.0,2.0,2.0,3.0,3.0,5.0,3.0,4.0,1.0,1.0,3.0,2.0,1.0,5,4,6,2,5,6,4,3,6,1,1,1,1,1,1,0,0,0,0,1,0,0,1,1,1,1,3,2,1,1,19,1,2,1,70,1,1,3
545,5.0,5.0,4.0,1.0,3.0,2.0,1.0,5.0,1.0,1.0,3.0,5.0,2.0,2.0,5.0,1.0,4.0,4.0,5.0,4.0,6,7,7,5,5,1,3,4,2,7,1,1,0,1,1,0,1,0,0,1,0,0,1,1,1,1,2,2,1,1,19,1,6,1,60,2,1,2
546,5.0,5.0,1.0,1.0,5.0,1.0,1.0,5.0,1.0,1.0,1.0,5.0,5.0,1.0,5.0,1.0,1.0,5.0,5.0,3.0,5,2,7,1,7,6,1,2,7,1,1,1,1,1,1,0,1,1,0,1,1,0,1,1,1,1,3,2,1,1,24,1,2,2,70,1,1,2
547,4.0,3.0,2.0,1.0,4.0,2.0,2.0,5.0,4.0,2.0,2.0,5.0,3.0,2.0,3.0,1.0,1.0,4.0,5.0,2.0,2,5,3,5,6,6,4,6,5,3,1,1,0,1,1,0,0,0,0,1,0,0,1,1,1,1,2,3,2,2,20,3,3,1,10,2,1,4
548,3.0,4.0,2.0,5.0,5.0,2.0,1.0,3.0,5.0,5.0,1.0,5.0,1.0,2.0,3.0,4.0,5.0,4.0,1.0,1.0,6,6,4,7,7,7,3,4,4,2,1,0,0,1,0,0,0,0,0,1,0,0,0,1,1,1,2,1,1,2,21,1,10,1,10,2,1,3
549,2.0,4.0,2.0,1.0,4.0,2.0,3.0,2.0,4.0,2.0,1.0,4.0,4.0,1.0,2.0,3.0,1.0,1.0,5.0,3.0,5,5,3,6,7,7,6,3,6,2,1,1,0,1,1,0,0,0,0,1,0,0,0,1,1,1,3,3,1,1,20,1,1,1,60,1,1,2
550,4.0,1.0,3.0,4.0,2.0,2.0,2.0,2.0,4.0,2.0,1.0,1.0,2.0,2.0,3.0,4.0,4.0,2.0,5.0,1.0,6,5,3,5,5,1,7,3,3,1,1,1,0,1,1,0,0,0,0,1,1,0,1,1,1,1,3,2,2,1,39,1,4,1,60,1,2,2
551,5.0,5.0,3.0,2.0,5.0,2.0,3.0,5.0,2.0,5.0,1.0,5.0,5.0,1.0,3.0,5.0,1.0,4.0,5.0,5.0,6,5,3,4,7,2,7,6,5,2,1,0,0,1,1,0,0,0,0,1,0,0,0,0,1,1,4,3,1,2,47,2,10,1,70,2,2,4
552,1.0,2.0,1.0,3.0,4.0,4.0,2.0,1.0,5.0,4.0,1.0,1.0,3.0,1.0,2.0,1.0,1.0,2.0,5.0,1.0,5,2,3,5,7,5,6,7,3,1,1,1,0,1,1,1,0,1,0,1,0,0,1,1,1,1,3,2,2,1,23,1,1,2,60,1,1,4
553,5.0,1.0,4.0,1.0,5.0,1.0,1.0,5.0,3.0,4.0,1.0,4.0,2.0,1.0,5.0,1.0,1.0,4.0,5.0,1.0,5,5,2,3,5,3,6,7,3,3,1,1,0,1,1,0,0,1,0,1,0,0,1,1,1,1,4,3,2,2,27,1,1,2,20,2,1,3
554,5.0,3.0,2.0,3.0,4.0,2.0,1.0,4.0,3.0,1.0,1.0,5.0,4.0,1.0,5.0,1.0,1.0,3.0,5.0,1.0,4,7,5,5,4,5,6,6,3,3,1,1,0,1,1,0,0,1,0,1,0,0,1,1,1,1,4,3,3,2,26,1,1,3,20,2,1,4
555,5.0,3.0,1.0,1.0,5.0,1.0,1.0,5.0,5.0,5.0,1.0,1.0,5.0,1.0,1.0,5.0,1.0,4.0,5.0,3.0,6,3,3,2,6,3,3,3,5,2,1,1,1,1,1,0,1,0,0,1,0,0,0,1,1,1,2,1,2,1,42,1,12,1,60,2,3,3
556,5.0,5.0,1.0,1.0,5.0,1.0,1.0,5.0,1.0,1.0,1.0,5.0,5.0,1.0,5.0,1.0,1.0,5.0,5.0,4.0,7,1,6,1,7,1,7,1,7,1,1,1,1,1,1,1,1,1,0,1,1,0,1,1,1,1,3,3,1,2,33,1,4,1,60,1,2,1
557,5.0,2.0,1.0,1.0,4.0,1.0,1.0,4.0,3.0,1.0,1.0,5.0,2.0,1.0,3.0,1.0,1.0,1.0,3.0,3.0,3,6,3,3,5,5,4,5,4,1,1,1,1,1,1,1,0,1,0,1,0,0,0,1,1,1,4,1,2,2,24,1,4,1,60,2,1,1
558,4.0,4.0,2.0,4.0,2.0,4.0,1.0,1.0,5.0,1.0,1.0,2.0,1.0,1.0,3.0,5.0,1.0,3.0,5.0,1.0,5,5,6,2,6,3,7,2,6,2,1,1,0,1,1,0,0,1,0,1,0,0,1,1,1,1,3,2,2,1,26,1,2,1,60,2,1,2
559,5.0,5.0,1.0,5.0,5.0,1.0,1.0,1.0,5.0,1.0,1.0,5.0,5.0,1.0,5.0,1.0,1.0,5.0,5.0,5.0,1,7,7,1,7,7,5,5,3,1,1,1,0,1,1,0,0,1,0,1,0,0,1,1,1,1,4,3,1,2,37,1,3,1,10,2,1,2
560,1.0,1.0,5.0,5.0,1.0,5.0,4.0,1.0,5.0,5.0,3.0,1.0,1.0,4.0,3.0,5.0,3.0,4.0,4.0,1.0,1,1,1,5,6,6,7,2,7,2,1,1,0,1,1,0,1,0,0,1,0,0,1,1,1,1,4,2,1,2,51,1,8,1,10,1,2,4
561,1.0,1.0,1.0,3.0,1.0,4.0,1.0,1.0,4.0,4.0,1.0,1.0,1.0,1.0,1.0,1.0,1.0,1.0,5.0,3.0,2,6,6,4,6,6,6,3,4,3,1,1,0,1,1,0,0,1,0,1,0,0,1,1,1,1,3,2,1,1,26,2,2,1,60,1,1,3
562,3.0,5.0,3.0,4.0,5.0,5.0,4.0,2.0,4.0,3.0,3.0,5.0,2.0,4.0,3.0,1.0,2.0,5.0,5.0,1.0,6,5,5,6,4,5,6,6,6,4,1,1,1,1,1,0,0,0,0,1,0,1,1,1,1,1,2,2,1,1,50,1,4,1,60,1,2,3
563,5.0,5.0,1.0,4.0,5.0,2.0,2.0,5.0,5.0,2.0,2.0,4.0,4.0,2.0,5.0,1.0,3.0,2.0,4.0,4.0,5,6,7,3,6,3,3,1,6,2,1,1,0,1,1,0,0,0,0,1,0,0,0,1,1,1,3,1,1,2,30,1,10,1,10,2,1,2
564,3.0,4.0,5.0,4.0,5.0,4.0,1.0,5.0,4.0,2.0,3.0,5.0,4.0,3.0,4.0,2.0,1.0,2.0,5.0,4.0,7,6,6,2,6,1,3,6,6,1,1,1,0,1,1,0,0,0,0,1,0,0,1,1,1,1,4,2,1,1,27,1,1,1,60,2,1,2
565,4.0,4.0,2.0,1.0,5.0,2.0,1.0,4.0,2.0,1.0,1.0,5.0,4.0,1.0,4.0,1.0,1.0,5.0,5.0,3.0,2,6,6,2,6,5,2,1,6,1,1,1,1,1,1,0,0,0,0,1,0,0,1,1,1,1,3,1,1,1,25,1,1,1,60,2,1,4
566,3.0,5.0,2.0,1.0,4.0,3.0,1.0,4.0,3.0,2.0,1.0,4.0,5.0,1.0,5.0,2.0,5.0,4.0,5.0,3.0,6,5,4,7,7,2,5,6,1,3,1,1,1,1,1,0,0,1,0,1,1,0,1,1,1,1,4,2,2,2,25,1,2,2,60,1,1,2
567,4.0,4.0,1.0,1.0,4.0,1.0,3.0,1.0,2.0,3.0,2.0,5.0,5.0,2.0,4.0,3.0,1.0,2.0,5.0,5.0,4,5,2,1,7,7,6,5,7,6,1,1,1,1,1,0,0,0,0,1,0,0,0,1,1,1,2,1,1,2,23,1,2,1,60,1,1,2
568,5.0,4.0,1.0,3.0,5.0,2.0,1.0,5.0,1.0,1.0,2.0,5.0,3.0,1.0,3.0,2.0,5.0,5.0,5.0,5.0,6,5,4,5,7,6,5,1,7,1,1,1,0,1,1,0,0,0,0,1,0,0,1,1,1,1,3,3,1,2,37,1,4,1,30,2,2,4
569,5.0,5.0,1.0,2.0,5.0,1.0,1.0,3.0,1.0,1.0,1.0,5.0,5.0,1.0,5.0,1.0,1.0,5.0,5.0,3.0,7,4,7,1,7,2,6,2,7,6,1,1,1,1,1,1,0,1,1,1,0,1,0,1,1,1,1,3,1,1,35,3,12,1,60,1,1,2
570,4.0,5.0,2.0,1.0,4.0,1.0,1.0,2.0,3.0,2.0,1.0,5.0,1.0,3.0,5.0,2.0,3.0,4.0,5.0,1.0,4,6,7,5,6,6,5,6,0,0,1,1,1,1,1,0,0,1,0,1,0,0,1,1,1,1,3,3,2,1,24,1,7,1,30,2,1,3
571,1.0,5.0,3.0,2.0,5.0,2.0,1.0,4.0,4.0,3.0,4.0,5.0,4.0,1.0,5.0,1.0,1.0,5.0,3.0,2.0,2,6,7,2,6,7,3,3,7,3,1,1,1,1,1,0,0,1,0,1,0,0,1,1,1,1,2,2,1,1,20,1,4,1,60,1,1,3
572,1.0,2.0,4.0,4.0,1.0,4.0,4.0,2.0,5.0,5.0,2.0,1.0,1.0,4.0,3.0,4.0,3.0,3.0,3.0,1.0,6,2,7,5,6,5,7,2,5,1,1,1,1,1,1,0,0,0,0,1,0,0,1,1,1,1,3,1,2,1,28,1,1,2,60,1,1,2
573,2.0,2.0,4.0,4.0,2.0,2.0,2.0,2.0,4.0,4.0,3.0,2.0,2.0,3.0,1.0,2.0,1.0,2.0,4.0,2.0,2,3,5,3,6,6,5,3,7,5,1,1,1,1,1,0,1,1,0,1,1,1,1,1,1,1,3,2,1,1,45,1,1,1,60,1,1,0
574,3.0,1.0,1.0,1.0,2.0,3.0,4.0,1.0,4.0,5.0,1.0,5.0,1.0,1.0,1.0,4.0,4.0,1.0,5.0,2.0,3,6,7,1,6,6,3,1,7,1,1,1,1,1,1,0,0,0,1,1,0,0,1,1,1,1,3,1,1,2,27,1,2,1,60,2,1,2
575,1.0,4.0,4.0,5.0,2.0,4.0,2.0,2.0,5.0,5.0,1.0,2.0,1.0,2.0,3.0,5.0,2.0,4.0,3.0,1.0,3,5,7,5,5,6,6,3,3,2,1,1,1,1,1,0,0,1,0,1,0,0,1,1,1,0,3,3,1,1,30,1,10,1,70,1,2,5
576,4.0,5.0,4.0,4.0,2.0,4.0,2.0,4.0,4.0,2.0,4.0,5.0,2.0,2.0,2.0,2.0,4.0,4.0,5.0,4.0,7,6,6,6,6,3,6,1,6,4,1,1,0,1,1,0,1,1,0,1,1,0,1,1,1,1,4,3,1,2,50,1,10,1,70,1,2,1
577,5.0,5.0,1.0,1.0,5.0,1.0,1.0,5.0,1.0,1.0,1.0,5.0,5.0,1.0,5.0,1.0,1.0,5.0,4.0,5.0,7,6,6,2,7,3,4,2,6,1,1,1,1,1,1,0,0,1,0,1,1,0,1,1,1,1,3,2,1,1,21,2,9,1,60,1,1,2
578,4.0,5.0,1.0,1.0,4.0,1.0,1.0,4.0,1.0,1.0,1.0,5.0,5.0,1.0,5.0,3.0,1.0,5.0,5.0,4.0,6,5,7,2,7,1,1,2,7,2,1,1,0,1,1,0,0,0,0,1,0,0,1,1,1,1,2,1,1,1,20,1,2,1,60,1,1,1
579,5.0,5.0,2.0,4.0,4.0,2.0,2.0,5.0,1.0,3.0,1.0,5.0,5.0,1.0,3.0,4.0,5.0,3.0,4.0,2.0,3,6,6,2,7,6,5,3,6,2,1,1,0,1,0,0,0,1,1,0,0,0,0,1,1,1,1,3,2,2,15,1,4,1,60,2,1,2
580,5.0,5.0,1.0,3.0,1.0,1.0,1.0,3.0,5.0,3.0,1.0,4.0,1.0,1.0,5.0,5.0,1.0,5.0,5.0,5.0,7,3,5,1,7,1,5,5,7,1,1,0,0,1,1,0,1,0,0,1,0,1,1,1,1,1,2,3,1,1,20,1,1,1,70,1,1,2
581,5.0,4.0,1.0,4.0,2.0,2.0,1.0,5.0,2.0,2.0,2.0,1.0,1.0,1.0,3.0,1.0,3.0,4.0,5.0,5.0,5,7,6,1,7,5,4,1,7,5,1,1,0,1,1,0,0,0,0,1,0,0,1,1,1,1,3,3,1,2,23,1,4,1,60,1,1,1
582,4.0,4.0,3.0,1.0,5.0,2.0,1.0,5.0,3.0,1.0,1.0,5.0,5.0,1.0,5.0,1.0,1.0,5.0,5.0,3.0,7,5,5,5,5,0,2,1,5,3,1,1,0,1,1,1,1,0,1,1,0,1,1,1,1,1,2,2,2,1,28,1,6,1,60,2,1,3
583,4.0,5.0,4.0,5.0,4.0,2.0,2.0,1.0,5.0,2.0,1.0,4.0,2.0,1.0,5.0,3.0,1.0,5.0,5.0,1.0,1,3,3,6,6,7,6,6,6,1,1,1,0,1,1,0,0,1,0,1,0,0,1,1,1,1,4,3,2,1,26,1,1,1,60,1,1,2
584,2.0,5.0,2.0,2.0,4.0,3.0,1.0,4.0,3.0,3.0,1.0,4.0,2.0,1.0,3.0,1.0,3.0,5.0,5.0,4.0,2,5,2,5,7,7,6,6,3,2,1,1,0,1,1,0,0,0,0,1,0,0,1,1,1,1,2,2,2,2,20,1,1,2,60,2,1,3
585,4.0,2.0,4.0,4.0,4.0,4.0,5.0,4.0,5.0,5.0,2.0,4.0,3.0,2.0,1.0,2.0,4.0,1.0,5.0,1.0,4,5,7,7,5,5,7,1,3,2,1,1,1,1,1,0,1,1,1,1,0,0,1,1,1,1,4,3,1,2,32,1,8,1,10,2,2,2
586,3.0,4.0,3.0,4.0,4.0,2.0,1.0,2.0,4.0,2.0,2.0,5.0,1.0,3.0,4.0,2.0,3.0,5.0,5.0,1.0,4,4,4,2,6,4,3,5,6,3,1,1,0,1,1,0,0,1,0,1,0,0,0,1,1,1,4,3,1,2,29,1,4,1,60,1,1,2
587,4.0,1.0,5.0,4.0,2.0,5.0,5.0,1.0,5.0,4.0,1.0,5.0,4.0,1.0,2.0,2.0,5.0,4.0,2.0,5.0,2,1,6,2,6,7,7,5,5,1,1,1,0,1,1,0,0,1,0,1,0,0,1,1,1,1,3,1,1,1,23,1,7,1,60,1,1,2
588,4.0,1.0,1.0,1.0,5.0,1.0,1.0,4.0,4.0,1.0,1.0,5.0,2.0,1.0,1.0,1.0,1.0,3.0,5.0,4.0,5,3,5,1,7,6,5,2,6,1,1,1,1,1,1,0,0,0,0,1,0,0,1,1,1,1,3,2,1,2,22,1,2,1,60,2,1,1
589,4.0,4.0,2.0,1.0,5.0,2.0,2.0,5.0,3.0,1.0,1.0,5.0,5.0,2.0,2.0,1.0,4.0,5.0,3.0,4.0,2,5,3,5,5,6,2,4,4,3,1,1,0,1,1,0,0,0,0,1,0,0,0,0,1,1,3,2,2,2,24,1,2,1,10,1,1,2
590,5.0,4.0,1.0,1.0,5.0,1.0,1.0,4.0,2.0,3.0,1.0,4.0,4.0,2.0,5.0,1.0,3.0,5.0,4.0,2.0,3,5,7,1,4,5,5,1,7,3,1,0,0,1,1,0,0,0,0,1,0,0,1,1,1,1,1,1,2,1,15,1,6,1,60,2,1,2
591,5.0,5.0,1.0,4.0,5.0,5.0,2.0,5.0,5.0,1.0,1.0,4.0,5.0,1.0,3.0,1.0,1.0,4.0,2.0,5.0,2,2,6,1,6,6,5,3,7,4,1,1,1,1,1,0,1,1,0,1,0,1,1,1,1,1,3,2,1,1,43,1,6,1,60,1,1,2
592,4.0,5.0,4.0,1.0,5.0,2.0,1.0,5.0,2.0,1.0,1.0,5.0,5.0,1.0,5.0,4.0,1.0,5.0,5.0,5.0,2,6,5,4,4,6,3,5,5,3,1,1,1,1,1,0,0,1,0,1,0,0,1,1,1,1,2,2,1,2,22,1,1,1,60,2,1,2
593,5.0,4.0,1.0,1.0,5.0,1.0,1.0,4.0,2.0,2.0,1.0,5.0,2.0,1.0,4.0,1.0,2.0,5.0,5.0,5.0,6,7,6,6,5,4,4,2,4,2,1,1,1,1,1,0,1,1,0,1,1,0,1,1,1,1,4,3,2,2,25,1,4,1,60,1,1,1
594,5.0,4.0,5.0,1.0,5.0,5.0,4.0,5.0,4.0,4.0,1.0,4.0,2.0,1.0,4.0,4.0,2.0,3.0,5.0,5.0,2,5,6,5,6,7,5,3,3,2,1,1,1,1,1,0,0,1,0,1,1,0,1,1,1,1,3,1,2,2,21,3,1,1,60,1,1,2
595,5.0,5.0,2.0,1.0,4.0,4.0,1.0,5.0,4.0,4.0,1.0,5.0,4.0,2.0,3.0,2.0,1.0,5.0,2.0,4.0,5,7,7,6,7,5,6,2,5,5,1,1,0,1,1,0,0,0,0,1,0,1,1,1,0,1,3,3,1,2,30,2,10,1,20,2,2,5
596,5.0,4.0,2.0,1.0,5.0,4.0,2.0,5.0,3.0,2.0,1.0,5.0,5.0,1.0,5.0,2.0,1.0,5.0,5.0,4.0,6,7,7,5,2,6,2,4,6,3,1,1,1,1,1,1,0,1,0,1,1,1,1,1,1,1,2,3,1,2,20,1,1,4,60,1,1,2
597,3.0,2.0,5.0,1.0,4.0,4.0,2.0,4.0,5.0,4.0,1.0,5.0,5.0,1.0,1.0,1.0,3.0,1.0,5.0,3.0,4,7,5,6,7,7,7,7,4,3,1,1,0,1,1,0,1,0,0,1,0,0,1,1,1,1,3,3,2,2,22,1,1,2,10,1,1,3
598,5.0,4.0,2.0,1.0,5.0,2.0,2.0,2.0,4.0,2.0,1.0,2.0,4.0,3.0,4.0,1.0,4.0,4.0,4.0,4.0,6,5,6,3,6,2,4,2,6,3,1,1,0,1,1,0,0,1,0,1,0,0,1,1,1,1,3,3,1,1,45,2,1,1,60,2,2,3
599,4.0,4.0,2.0,5.0,5.0,4.0,1.0,4.0,5.0,5.0,5.0,4.0,1.0,4.0,4.0,5.0,3.0,1.0,5.0,1.0,6,3,5,5,6,5,6,2,6,3,1,0,0,1,0,0,0,0,0,1,1,0,0,0,1,1,0,3,2,2,28,1,4,1,60,1,1,1
600,5.0,4.0,3.0,2.0,5.0,1.0,1.0,5.0,2.0,5.0,1.0,5.0,5.0,1.0,5.0,1.0,1.0,5.0,5.0,5.0,4,7,7,3,5,7,1,2,7,5,1,1,1,1,1,0,1,0,1,1,0,1,1,1,1,1,2,3,1,1,19,1,4,1,60,1,1,1
601,5.0,4.0,1.0,1.0,4.0,1.0,1.0,1.0,3.0,2.0,1.0,3.0,5.0,1.0,4.0,1.0,2.0,5.0,5.0,5.0,5,7,6,5,7,3,7,5,1,1,1,1,1,1,1,1,1,1,1,1,1,1,1,1,1,0,4,3,1,1,31,1,2,1,60,1,1,3
602,3.0,4.0,3.0,3.0,4.0,3.0,3.0,2.0,4.0,2.0,3.0,5.0,3.0,3.0,5.0,3.0,3.0,3.0,5.0,4.0,5,2,5,2,5,6,5,5,6,5,1,1,0,1,1,0,1,0,0,1,0,0,1,1,1,1,4,1,1,2,27,1,8,1,10,1,1,0
603,4.0,4.0,4.0,5.0,3.0,4.0,1.0,4.0,5.0,4.0,1.0,4.0,4.0,3.0,4.0,3.0,1.0,5.0,5.0,3.0,3,5,6,5,3,5,6,5,5,2,1,1,0,1,1,0,0,0,0,1,0,0,1,1,1,1,3,3,1,2,33,2,1,1,60,2,1,2
604,4.0,4.0,2.0,1.0,5.0,2.0,1.0,4.0,4.0,2.0,1.0,5.0,4.0,1.0,4.0,1.0,1.0,5.0,5.0,3.0,3,6,2,6,6,6,6,6,5,2,1,1,1,1,1,0,1,1,0,1,1,0,1,1,1,1,4,3,1,2,48,1,1,1,60,2,1,2
605,2.0,2.0,1.0,5.0,4.0,5.0,4.0,1.0,5.0,3.0,3.0,4.0,2.0,3.0,1.0,1.0,2.0,3.0,5.0,3.0,5,7,6,7,7,4,7,6,4,2,1,1,0,1,1,0,1,0,0,1,0,0,1,1,1,1,1,3,2,1,15,1,4,2,60,2,1,3
606,2.0,1.0,5.0,1.0,4.0,5.0,5.0,3.0,5.0,5.0,1.0,2.0,1.0,2.0,1.0,2.0,2.0,1.0,1.0,1.0,1,1,7,7,7,4,7,1,7,3,1,1,1,1,1,0,1,1,0,1,1,0,1,1,1,1,4,3,2,1,63,1,7,1,60,1,2,2
607,1.0,4.0,4.0,4.0,4.0,4.0,3.0,3.0,5.0,2.0,2.0,1.0,3.0,3.0,4.0,3.0,1.0,5.0,5.0,1.0,1,5,6,1,6,7,5,6,7,3,1,1,1,1,1,0,0,1,0,1,0,0,1,1,1,1,3,3,1,2,22,1,4,1,70,1,1,2
608,5.0,4.0,2.0,2.0,4.0,1.0,1.0,5.0,3.0,4.0,1.0,5.0,4.0,1.0,4.0,5.0,4.0,5.0,5.0,3.0,1,6,6,3,6,7,6,5,4,1,1,1,1,1,1,0,0,0,0,1,0,0,1,1,1,1,3,3,1,2,23,1,2,1,60,2,1,1
609,2.0,2.0,2.0,1.0,4.0,1.0,1.0,1.0,4.0,5.0,1.0,5.0,1.0,1.0,1.0,1.0,5.0,3.0,1.0,1.0,5,5,7,1,7,3,5,1,5,2,1,1,1,1,1,0,0,0,0,1,0,0,0,1,1,1,4,3,2,2,28,1,7,1,60,1,1,2
610,5.0,5.0,2.0,3.0,3.0,1.0,1.0,3.0,2.0,2.0,1.0,4.0,2.0,2.0,5.0,2.0,4.0,4.0,5.0,3.0,6,6,5,4,6,4,4,4,4,2,1,1,0,1,0,0,0,0,0,1,0,0,1,0,1,1,3,3,1,2,24,1,7,1,60,1,1,2
611,5.0,5.0,1.0,1.0,5.0,1.0,1.0,4.0,1.0,1.0,2.0,5.0,5.0,1.0,5.0,2.0,1.0,5.0,5.0,2.0,1,5,6,1,7,7,1,5,7,1,0,1,1,1,1,1,0,0,0,1,0,1,1,1,1,1,3,2,1,1,24,2,2,1,30,1,2,2
612,1.0,1.0,2.0,4.0,4.0,2.0,1.0,1.0,5.0,3.0,1.0,5.0,3.0,1.0,4.0,1.0,1.0,5.0,5.0,5.0,6,1,3,6,6,3,5,5,6,5,1,1,1,1,1,0,1,0,0,1,1,0,1,1,1,1,3,2,2,1,39,1,6,2,60,2,2,2
613,5.0,5.0,3.0,4.0,3.0,4.0,3.0,3.0,5.0,5.0,1.0,5.0,3.0,4.0,5.0,5.0,1.0,5.0,5.0,1.0,4,6,3,5,4,7,6,5,5,1,1,1,0,1,1,1,0,0,0,1,0,0,1,1,1,1,3,3,1,1,27,1,7,1,70,1,1,1
614,3.0,4.0,2.0,2.0,2.0,1.0,1.0,2.0,4.0,4.0,1.0,4.0,4.0,1.0,3.0,1.0,1.0,4.0,5.0,2.0,2,5,6,2,6,4,2,3,5,3,1,1,1,1,1,0,1,1,0,1,1,0,1,1,1,1,3,3,1,1,67,1,2,1,60,1,3,5
615,3.0,4.0,3.0,2.0,5.0,1.0,2.0,4.0,2.0,1.0,1.0,4.0,4.0,3.0,5.0,1.0,3.0,2.0,5.0,4.0,4,5,7,3,2,4,3,1,2,4,1,1,1,1,1,0,0,1,0,1,0,0,1,1,1,1,3,2,1,1,34,1,1,1,60,2,1,1
616,1.0,2.0,4.0,4.0,2.0,4.0,2.0,1.0,5.0,5.0,1.0,2.0,1.0,4.0,2.0,1.0,4.0,3.0,3.0,1.0,6,4,6,2,5,1,6,4,5,2,1,1,0,1,1,0,1,0,0,1,0,0,1,1,1,1,4,2,2,1,48,1,4,1,60,1,2,3
617,4.0,4.0,2.0,1.0,3.0,1.0,2.0,2.0,2.0,2.0,1.0,4.0,2.0,1.0,4.0,2.0,3.0,5.0,5.0,2.0,5,5,3,5,6,3,5,2,5,2,1,1,0,1,1,0,0,1,0,1,0,0,1,1,1,1,4,3,1,2,26,1,2,1,60,2,1,2
618,5.0,4.0,3.0,2.0,5.0,1.0,2.0,2.0,4.0,1.0,1.0,4.0,3.0,1.0,3.0,1.0,2.0,4.0,5.0,3.0,3,5,7,4,7,4,5,2,6,1,1,1,0,1,1,1,0,1,0,1,0,0,1,1,1,1,3,1,0,1,25,1,1,2,60,1,3,2
619,4.0,4.0,4.0,4.0,4.0,4.0,4.0,2.0,5.0,4.0,2.0,4.0,2.0,2.0,2.0,2.0,2.0,2.0,4.0,2.0,5,5,7,3,6,5,6,2,6,2,1,1,0,1,0,0,0,0,0,1,0,0,0,0,1,1,3,1,1,2,38,1,7,1,10,1,2,8
620,5.0,5.0,1.0,1.0,5.0,1.0,1.0,5.0,1.0,1.0,1.0,5.0,5.0,1.0,1.0,1.0,1.0,5.0,5.0,5.0,3,7,7,2,7,5,4,2,7,5,1,0,0,1,1,0,0,0,0,0,0,0,0,0,0,0,3,1,1,2,20,1,2,1,60,1,1,2
621,1.0,1.0,5.0,2.0,4.0,2.0,3.0,1.0,5.0,3.0,1.0,4.0,5.0,2.0,4.0,5.0,4.0,1.0,5.0,2.0,6,1,5,2,6,4,7,2,6,1,1,1,0,1,1,0,0,0,0,1,0,0,1,1,1,1,2,3,2,1,33,1,12,1,60,2,1,1
622,5.0,4.0,2.0,4.0,5.0,1.0,1.0,4.0,4.0,2.0,1.0,5.0,2.0,3.0,5.0,1.0,1.0,4.0,2.0,4.0,1,4,7,1,5,7,4,1,7,4,1,1,0,1,1,0,0,0,0,1,0,0,0,0,1,1,3,3,1,2,27,1,7,1,30,2,1,2
623,1.0,1.0,2.0,3.0,2.0,3.0,1.0,1.0,5.0,5.0,2.0,3.0,1.0,3.0,3.0,1.0,5.0,4.0,4.0,1.0,7,3,6,4,2,1,7,2,4,4,1,1,0,1,1,0,0,1,0,1,0,0,1,1,1,1,3,2,1,2,28,1,2,1,60,2,1,1
624,3.0,3.0,2.0,4.0,5.0,2.0,2.0,4.0,4.0,1.0,1.0,4.0,2.0,3.0,2.0,1.0,3.0,4.0,4.0,2.0,2,3,3,2,7,7,5,5,7,1,1,1,1,1,1,0,0,0,0,1,0,0,1,1,1,1,3,3,1,2,26,1,6,1,70,2,1,4
625,1.0,2.0,1.0,5.0,5.0,2.0,1.0,2.0,5.0,4.0,1.0,2.0,3.0,1.0,5.0,1.0,1.0,5.0,5.0,1.0,3,5,2,2,5,7,5,7,7,1,1,1,1,1,1,0,0,0,0,1,0,0,1,1,1,1,2,1,1,1,33,1,1,1,60,2,2,3
626,1.0,2.0,4.0,2.0,2.0,4.0,2.0,1.0,4.0,5.0,1.0,4.0,1.0,1.0,3.0,1.0,1.0,5.0,5.0,2.0,1,3,2,6,5,2,3,6,2,2,1,1,1,1,1,0,0,0,0,1,0,0,0,0,1,1,4,3,1,2,45,1,12,1,60,2,1,3
627,1.0,1.0,1.0,4.0,4.0,3.0,5.0,1.0,5.0,3.0,4.0,1.0,2.0,1.0,1.0,3.0,2.0,1.0,4.0,1.0,3,2,7,2,7,4,7,4,7,2,1,1,1,1,1,0,1,1,0,1,1,0,1,1,1,1,4,3,2,1,40,1,1,1,30,2,2,5
628,5.0,2.0,2.0,2.0,4.0,1.0,1.0,4.0,3.0,2.0,2.0,5.0,4.0,1.0,2.0,2.0,5.0,4.0,5.0,4.0,6,7,6,6,7,3,2,3,2,1,1,1,1,1,1,0,1,1,0,1,1,0,1,1,1,1,4,1,2,1,58,1,1,2,60,1,2,4
629,4.0,4.0,2.0,2.0,4.0,1.0,1.0,3.0,3.0,2.0,1.0,4.0,2.0,3.0,3.0,1.0,2.0,4.0,5.0,3.0,2,5,5,6,5,5,4,5,3,2,0,0,0,1,0,0,0,0,0,0,0,0,0,0,0,1,2,2,1,1,19,1,2,1,60,2,1,4
630,5.0,4.0,1.0,2.0,5.0,1.0,1.0,4.0,5.0,1.0,1.0,5.0,5.0,1.0,5.0,1.0,1.0,2.0,5.0,5.0,1,5,7,1,2,7,3,1,7,7,1,1,1,1,1,0,0,1,0,1,0,1,1,1,1,1,3,1,1,1,36,1,6,1,60,1,3,3
631,5.0,5.0,5.0,2.0,5.0,3.0,3.0,5.0,5.0,1.0,3.0,5.0,5.0,1.0,5.0,3.0,1.0,1.0,5.0,2.0,1,4,1,5,7,7,4,5,7,7,1,0,0,1,1,0,0,0,0,1,0,0,0,1,1,1,4,3,1,1,32,1,1,1,10,2,1,3
632,2.0,3.0,2.0,3.0,4.0,3.0,2.0,1.0,5.0,3.0,1.0,4.0,2.0,1.0,5.0,5.0,3.0,2.0,4.0,2.0,4,4,6,3,6,4,7,2,7,3,1,1,0,1,1,0,1,0,0,1,0,0,1,1,1,1,4,3,2,1,33,1,4,2,70,1,1,2
633,4.0,3.0,4.0,2.0,4.0,4.0,2.0,1.0,4.0,4.0,1.0,5.0,1.0,1.0,1.0,3.0,2.0,2.0,4.0,1.0,4,4,4,6,4,5,6,1,6,1,1,1,0,1,0,0,0,1,0,1,0,0,0,1,1,1,3,3,1,2,42,1,9,1,60,1,1,3
634,5.0,5.0,1.0,1.0,2.0,1.0,1.0,5.0,1.0,2.0,1.0,5.0,5.0,1.0,3.0,2.0,1.0,5.0,5.0,5.0,5,7,6,1,6,6,1,5,7,1,0,0,0,0,0,0,0,0,0,0,0,0,0,0,0,0,4,3,1,2,35,1,4,1,60,2,1,2
635,4.0,5.0,3.0,3.0,5.0,1.0,1.0,5.0,3.0,2.0,1.0,5.0,4.0,5.0,4.0,2.0,1.0,5.0,5.0,3.0,5,2,7,1,7,5,5,2,6,2,1,1,1,1,1,0,1,1,0,1,1,0,1,1,1,1,4,1,1,1,46,1,2,1,60,1,3,2
636,5.0,5.0,5.0,1.0,5.0,3.0,1.0,4.0,3.0,1.0,1.0,5.0,2.0,1.0,5.0,1.0,5.0,5.0,1.0,2.0,2,1,2,7,6,2,6,5,2,2,1,1,0,1,1,0,0,1,0,1,0,0,1,1,1,1,3,2,1,1,33,1,7,1,70,1,1,2
637,4.0,4.0,4.0,1.0,5.0,3.0,1.0,5.0,3.0,1.0,1.0,4.0,3.0,1.0,4.0,2.0,1.0,2.0,4.0,4.0,5,5,6,3,5,4,4,4,3,1,1,1,0,1,1,0,0,0,0,1,0,0,0,1,1,1,2,2,2,1,17,1,2,1,70,2,1,3
638,4.0,5.0,3.0,3.0,5.0,2.0,2.0,5.0,2.0,2.0,2.0,5.0,5.0,1.0,3.0,4.0,4.0,5.0,3.0,5.0,7,7,7,4,7,4,4,3,6,4,1,1,0,1,1,0,0,0,0,1,0,0,1,1,1,1,3,3,1,2,22,2,10,2,70,2,1,3
639,1.0,1.0,5.0,5.0,1.0,5.0,5.0,1.0,5.0,5.0,2.0,2.0,1.0,3.0,1.0,1.0,4.0,2.0,3.0,1.0,2,5,7,1,5,6,6,1,7,2,1,1,0,1,1,0,1,0,0,1,0,0,1,1,1,1,4,1,1,1,57,1,4,1,60,2,3,6
640,2.0,3.0,3.0,2.0,3.0,1.0,1.0,3.0,4.0,3.0,1.0,4.0,4.0,1.0,3.0,2.0,1.0,3.0,4.0,3.0,7,6,4,1,7,1,7,4,5,1,1,1,1,1,1,0,1,0,0,1,0,0,1,1,1,1,3,3,2,1,37,1,1,2,70,1,2,2
641,1.0,1.0,4.0,5.0,2.0,5.0,4.0,1.0,5.0,5.0,4.0,2.0,1.0,3.0,3.0,4.0,3.0,3.0,3.0,1.0,5,5,6,3,6,4,7,1,7,2,1,1,1,1,1,0,1,1,1,1,1,0,0,1,1,1,3,3,2,2,28,1,4,1,60,1,2,3
642,3.0,3.0,1.0,1.0,5.0,1.0,1.0,5.0,1.0,1.0,1.0,5.0,3.0,1.0,3.0,1.0,1.0,5.0,5.0,5.0,4,7,7,4,4,5,3,1,5,3,1,1,0,1,0,0,0,0,0,1,0,0,1,1,1,1,4,2,1,2,31,1,2,1,60,1,1,2
643,1.0,3.0,1.0,5.0,5.0,2.0,3.0,5.0,3.0,3.0,1.0,1.0,2.0,1.0,3.0,1.0,1.0,4.0,4.0,1.0,6,7,2,5,7,2,4,6,4,2,1,1,0,1,1,0,0,0,0,1,0,0,1,1,1,1,4,3,2,2,24,1,3,1,10,2,1,3
644,1.0,1.0,4.0,5.0,1.0,5.0,4.0,1.0,5.0,1.0,5.0,1.0,1.0,5.0,1.0,5.0,1.0,1.0,2.0,1.0,2,1,6,2,6,5,6,5,7,1,1,1,1,1,1,0,0,0,0,1,0,0,1,1,1,1,3,1,2,1,51,1,6,1,60,1,3,4
645,1.0,1.0,3.0,3.0,4.0,2.0,1.0,4.0,5.0,1.0,1.0,2.0,1.0,1.0,5.0,1.0,1.0,2.0,5.0,1.0,3,3,7,5,6,6,5,1,5,5,1,0,0,1,1,0,0,0,0,1,0,0,0,0,1,1,4,3,2,2,23,1,3,1,10,2,1,2
646,3.0,1.0,3.0,3.0,5.0,4.0,4.0,3.0,5.0,5.0,1.0,4.0,1.0,2.0,3.0,1.0,3.0,4.0,5.0,2.0,2,6,5,6,5,7,4,4,3,5,1,1,0,1,0,0,0,1,0,1,0,0,1,1,1,1,3,3,1,2,24,1,2,1,60,1,1,2
647,1.0,4.0,5.0,5.0,1.0,5.0,5.0,4.0,5.0,5.0,1.0,4.0,1.0,4.0,4.0,5.0,2.0,2.0,5.0,1.0,1,1,7,6,5,7,6,1,5,2,1,1,0,1,0,0,0,0,0,1,0,0,0,0,1,1,3,3,2,1,49,1,7,1,60,2,2,3
648,1.0,2.0,4.0,5.0,1.0,4.0,4.0,1.0,5.0,5.0,2.0,1.0,1.0,3.0,2.0,2.0,2.0,2.0,5.0,1.0,3,1,6,1,6,5,7,2,7,1,1,1,1,1,1,0,0,0,0,1,0,0,1,1,1,1,3,3,2,1,29,1,2,1,60,1,1,4
649,5.0,5.0,1.0,3.0,1.0,1.0,1.0,4.0,3.0,3.0,1.0,5.0,4.0,1.0,2.0,5.0,1.0,5.0,5.0,1.0,1,6,1,7,7,4,7,7,7,1,1,1,0,1,1,1,0,1,0,1,1,0,1,1,1,1,3,3,1,2,28,1,1,1,60,1,1,0
650,5.0,5.0,1.0,2.0,5.0,1.0,1.0,5.0,1.0,1.0,1.0,5.0,5.0,1.0,5.0,4.0,3.0,4.0,5.0,5.0,6,4,7,1,7,7,2,1,7,1,1,1,1,1,1,1,1,1,1,1,1,1,1,1,1,1,3,3,1,2,19,3,10,1,20,1,1,1
651,4.0,4.0,4.0,5.0,2.0,5.0,4.0,4.0,5.0,3.0,3.0,2.0,2.0,4.0,4.0,4.0,3.0,3.0,4.0,2.0,6,6,6,2,6,4,6,2,6,3,1,1,0,1,1,0,0,0,0,1,0,0,1,0,1,1,4,1,1,1,28,1,1,1,60,1,1,2
652,3.0,4.0,1.0,3.0,4.0,1.0,1.0,5.0,2.0,2.0,1.0,4.0,3.0,1.0,2.0,1.0,2.0,4.0,5.0,4.0,7,6,7,5,5,3,6,3,5,1,0,1,0,0,1,0,0,1,0,1,0,0,1,1,1,1,3,3,1,1,24,1,2,1,60,1,1,1
653,1.0,5.0,1.0,2.0,3.0,1.0,1.0,4.0,5.0,1.0,1.0,4.0,1.0,1.0,4.0,2.0,1.0,4.0,5.0,5.0,2,6,7,4,3,5,5,2,7,6,1,1,0,1,1,0,0,0,0,1,0,0,1,0,1,1,3,2,1,1,23,1,9,1,20,2,1,3
654,1.0,3.0,3.0,3.0,5.0,3.0,3.0,1.0,5.0,5.0,1.0,5.0,1.0,1.0,4.0,5.0,3.0,2.0,4.0,1.0,7,6,5,5,6,1,5,2,1,1,1,1,1,1,1,0,0,1,0,1,1,0,1,1,1,1,4,3,2,2,39,1,1,1,60,2,3,2
655,5.0,2.0,3.0,1.0,4.0,1.0,2.0,5.0,2.0,1.0,1.0,4.0,5.0,1.0,5.0,1.0,1.0,4.0,5.0,1.0,3,6,7,4,4,3,5,2,6,5,1,1,0,1,1,0,0,0,0,1,1,1,1,1,1,1,2,2,1,2,19,1,7,1,60,2,1,2
656,4.0,4.0,2.0,2.0,4.0,2.0,3.0,5.0,3.0,1.0,5.0,5.0,3.0,2.0,3.0,1.0,1.0,5.0,5.0,4.0,7,5,4,3,6,4,7,5,4,3,1,1,0,1,1,0,0,0,0,1,0,0,0,1,1,1,2,3,2,1,29,1,7,1,30,1,3,8
657,4.0,1.0,4.0,4.0,4.0,3.0,1.0,1.0,5.0,5.0,2.0,5.0,1.0,4.0,4.0,4.0,2.0,4.0,5.0,1.0,1,5,5,7,5,7,6,4,2,5,1,1,1,1,1,0,1,0,0,1,1,0,1,1,1,1,4,1,2,1,50,1,6,1,60,1,2,5
658,1.0,4.0,3.0,2.0,5.0,4.0,1.0,1.0,5.0,4.0,1.0,5.0,1.0,2.0,3.0,2.0,5.0,4.0,5.0,1.0,5,7,3,7,7,5,6,6,2,1,1,1,0,1,1,0,0,0,0,1,0,0,1,1,1,1,2,3,2,2,20,1,12,1,60,1,1,1
659,5.0,4.0,1.0,1.0,4.0,2.0,1.0,1.0,1.0,3.0,1.0,1.0,1.0,1.0,4.0,2.0,1.0,4.0,5.0,5.0,3,6,5,3,5,5,5,2,5,5,1,1,0,1,1,0,0,1,0,1,1,0,1,1,1,1,3,2,1,2,24,1,7,1,60,1,1,4
660,1.0,1.0,3.0,5.0,1.0,5.0,4.0,2.0,2.0,5.0,1.0,5.0,1.0,4.0,1.0,4.0,1.0,2.0,2.0,5.0,7,3,5,5,7,2,7,7,4,1,1,1,1,1,1,0,1,0,0,1,0,0,1,1,1,1,3,1,1,1,50,1,6,1,30,1,2,3
661,1.0,1.0,3.0,4.0,3.0,4.0,5.0,2.0,5.0,5.0,3.0,4.0,4.0,3.0,2.0,5.0,2.0,1.0,4.0,1.0,2,2,7,2,7,5,7,5,6,1,1,1,1,1,1,0,0,0,0,1,0,0,1,1,1,1,3,3,2,1,44,1,1,1,60,1,1,2
662,5.0,1.0,2.0,1.0,5.0,5.0,5.0,4.0,5.0,5.0,1.0,5.0,4.0,1.0,4.0,5.0,1.0,5.0,1.0,1.0,2,5,7,1,6,5,7,1,7,1,1,1,1,1,1,0,0,0,0,1,0,0,1,1,1,1,4,2,2,1,52,1,4,1,60,1,1,2
663,3.0,1.0,2.0,3.0,2.0,2.0,2.0,3.0,4.0,3.0,1.0,5.0,4.0,1.0,4.0,4.0,1.0,5.0,2.0,4.0,2,6,7,7,7,6,5,5,2,1,1,1,0,1,1,0,0,0,0,1,0,1,1,1,1,1,3,3,2,1,18,1,1,2,60,2,1,3
664,1.0,1.0,5.0,5.0,1.0,2.0,2.0,1.0,5.0,5.0,5.0,1.0,1.0,5.0,1.0,1.0,4.0,1.0,5.0,1.0,5,2,7,1,7,5,7,2,7,1,1,1,1,1,1,0,0,0,0,1,0,0,1,1,1,1,3,1,2,1,56,1,7,1,60,1,2,2
665,4.0,4.0,1.0,2.0,4.0,3.0,3.0,4.0,3.0,2.0,2.0,5.0,5.0,2.0,4.0,3.0,1.0,4.0,5.0,3.0,1,6,1,3,7,5,5,6,4,1,1,1,1,1,1,0,1,1,0,1,1,0,1,1,1,1,3,3,1,2,32,1,2,2,60,1,1,2
666,5.0,5.0,1.0,1.0,5.0,5.0,1.0,5.0,4.0,1.0,1.0,5.0,4.0,1.0,5.0,1.0,1.0,5.0,5.0,5.0,7,3,7,2,7,6,6,1,7,1,1,1,1,1,1,0,0,0,0,1,0,0,1,1,1,1,2,2,1,1,51,1,12,1,60,1,2,4
667,5.0,5.0,2.0,2.0,5.0,2.0,1.0,4.0,3.0,2.0,1.0,5.0,5.0,2.0,5.0,1.0,1.0,5.0,5.0,1.0,7,6,6,2,6,1,6,4,2,2,1,1,1,1,1,1,1,1,0,1,1,1,1,1,1,1,4,2,1,1,25,1,4,1,60,1,2,3
668,5.0,4.0,1.0,1.0,4.0,1.0,1.0,4.0,2.0,2.0,1.0,4.0,1.0,1.0,4.0,1.0,1.0,4.0,4.0,3.0,4,6,6,6,7,1,2,1,2,1,1,1,0,1,1,0,0,0,0,1,1,1,1,1,1,1,2,3,1,2,20,1,4,3,60,2,1,4
669,2.0,4.0,3.0,4.0,2.0,3.0,2.0,2.0,5.0,5.0,3.0,1.0,2.0,3.0,4.0,3.0,2.0,2.0,4.0,2.0,2,2,5,3,5,6,6,2,6,5,1,1,1,1,1,0,0,0,0,1,0,0,1,1,1,1,4,2,1,1,45,1,6,1,60,1,2,1
670,4.0,1.0,3.0,1.0,4.0,1.0,1.0,1.0,5.0,4.0,2.0,4.0,3.0,1.0,3.0,1.0,1.0,4.0,5.0,2.0,2,3,3,5,6,5,3,4,2,2,1,1,0,1,1,0,0,0,0,1,0,0,1,1,1,1,2,2,2,1,43,1,1,1,70,1,3,6
671,5.0,4.0,4.0,3.0,5.0,2.0,1.0,4.0,3.0,2.0,1.0,5.0,4.0,2.0,5.0,3.0,1.0,4.0,5.0,4.0,1,6,5,4,7,6,4,5,6,2,1,1,1,1,1,0,1,1,0,1,1,0,1,1,1,1,3,3,2,1,22,1,2,5,60,1,1,3
672,1.0,1.0,4.0,5.0,1.0,4.0,3.0,1.0,5.0,5.0,5.0,1.0,1.0,5.0,4.0,2.0,5.0,1.0,5.0,1.0,7,1,4,2,7,2,7,5,6,1,1,1,1,1,1,0,0,0,0,1,0,0,1,1,1,1,4,1,2,1,52,1,12,1,60,1,2,4
673,2.0,4.0,1.0,2.0,2.0,1.0,2.0,1.0,3.0,3.0,1.0,4.0,2.0,2.0,4.0,1.0,3.0,3.0,5.0,2.0,2,7,4,5,2,7,2,5,3,1,1,1,1,1,1,0,1,1,0,1,1,0,1,1,1,1,3,3,1,2,20,1,2,1,60,1,1,4
674,1.0,2.0,2.0,4.0,1.0,4.0,2.0,1.0,5.0,5.0,4.0,1.0,2.0,4.0,1.0,4.0,1.0,2.0,4.0,1.0,2,1,6,2,6,7,6,1,6,2,1,1,1,1,1,0,1,1,0,1,1,0,1,1,1,1,3,3,2,1,63,1,1,2,60,1,1,3
675,1.0,1.0,3.0,5.0,2.0,5.0,4.0,1.0,5.0,5.0,2.0,1.0,1.0,3.0,1.0,5.0,3.0,1.0,5.0,1.0,6,4,6,1,7,2,5,2,7,5,1,1,0,1,1,0,0,0,0,1,0,0,1,1,1,1,4,2,1,1,56,2,6,1,60,1,3,2
676,5.0,4.0,3.0,2.0,5.0,1.0,2.0,1.0,2.0,1.0,1.0,2.0,3.0,2.0,3.0,4.0,4.0,5.0,5.0,5.0,4,7,4,7,7,4,7,6,3,2,1,1,0,1,1,0,0,0,0,1,0,0,1,1,1,1,2,1,1,1,19,1,3,1,70,2,1,3
677,2.0,3.0,4.0,4.0,1.0,5.0,4.0,3.0,5.0,5.0,2.0,4.0,2.0,2.0,4.0,1.0,2.0,3.0,4.0,1.0,3,5,6,4,2,7,7,2,4,5,1,1,0,1,1,0,0,1,0,1,0,0,1,1,1,1,2,3,1,2,21,1,12,1,60,1,1,2
678,5.0,5.0,1.0,3.0,4.0,1.0,1.0,2.0,1.0,1.0,1.0,5.0,5.0,1.0,5.0,1.0,1.0,5.0,5.0,5.0,1,6,5,4,1,6,2,4,5,1,1,1,1,1,1,0,0,1,0,1,1,0,1,1,1,1,3,3,1,2,49,1,2,1,60,1,2,1
679,1.0,2.0,3.0,2.0,2.0,3.0,2.0,2.0,4.0,5.0,2.0,4.0,1.0,2.0,1.0,2.0,4.0,3.0,5.0,5.0,3,4,6,5,5,3,6,2,3,2,1,1,0,1,1,1,0,0,0,1,0,0,0,1,1,1,3,2,2,1,47,1,12,1,60,1,3,3
680,4.0,5.0,1.0,4.0,3.0,5.0,1.0,2.0,5.0,5.0,3.0,2.0,3.0,5.0,4.0,4.0,3.0,4.0,4.0,4.0,6,3,6,5,5,3,6,2,4,5,1,0,0,1,0,0,0,0,0,1,0,0,0,1,1,1,3,3,2,2,22,1,6,1,60,1,1,3
681,1.0,1.0,5.0,5.0,2.0,2.0,5.0,1.0,5.0,5.0,2.0,4.0,1.0,2.0,1.0,5.0,5.0,1.0,1.0,1.0,5,3,7,3,6,7,7,3,6,2,1,1,0,1,1,0,0,0,0,1,0,0,1,1,1,1,3,1,3,1,52,1,6,1,70,1,3,5
682,2.0,2.0,4.0,5.0,2.0,5.0,4.0,4.0,5.0,5.0,4.0,2.0,1.0,3.0,3.0,4.0,2.0,2.0,5.0,1.0,5,2,7,3,6,5,7,2,4,4,1,1,1,1,1,0,0,1,0,1,0,0,1,1,1,1,3,2,2,1,30,1,4,1,60,1,3,3
683,3.0,5.0,3.0,3.0,3.0,2.0,2.0,4.0,3.0,3.0,2.0,5.0,4.0,2.0,4.0,2.0,1.0,4.0,5.0,4.0,2,4,6,3,6,7,5,2,4,3,1,1,0,1,1,0,0,0,0,1,0,0,1,1,1,1,3,1,2,1,25,1,4,2,60,1,1,4
684,4.0,2.0,4.0,3.0,4.0,2.0,4.0,4.0,5.0,5.0,1.0,3.0,1.0,2.0,5.0,4.0,1.0,4.0,5.0,1.0,3,6,6,5,6,6,6,6,6,6,1,1,0,1,1,0,1,0,0,1,0,0,1,1,1,1,4,3,1,2,21,1,1,1,10,2,1,1
685,3.0,5.0,2.0,1.0,4.0,4.0,4.0,5.0,4.0,2.0,2.0,5.0,2.0,1.0,4.0,4.0,4.0,4.0,5.0,1.0,6,4,4,2,6,4,5,5,3,4,1,0,0,1,0,0,0,0,0,0,0,0,0,0,0,1,3,3,2,2,21,1,4,1,60,2,1,2
686,5.0,4.0,2.0,3.0,5.0,1.0,2.0,5.0,2.0,1.0,3.0,5.0,3.0,1.0,2.0,3.0,3.0,1.0,5.0,1.0,1,6,5,6,3,7,1,3,2,5,1,1,0,1,1,0,0,1,0,1,1,0,1,1,1,1,3,3,1,2,28,2,1,1,60,2,1,3
687,4.0,5.0,1.0,1.0,5.0,1.0,1.0,1.0,1.0,1.0,1.0,5.0,5.0,1.0,4.0,1.0,1.0,1.0,5.0,1.0,1,6,3,7,5,3,1,7,1,1,1,1,1,1,1,0,0,0,0,1,0,0,1,1,1,1,3,2,2,1,33,1,2,2,60,1,2,3
688,5.0,3.0,3.0,1.0,4.0,3.0,3.0,3.0,3.0,5.0,3.0,5.0,4.0,1.0,3.0,2.0,3.0,3.0,5.0,3.0,4,1,6,4,6,6,6,5,6,2,1,1,0,1,1,0,0,0,0,1,0,0,0,1,1,1,4,3,1,2,23,1,10,0,20,2,1,2
689,2.0,4.0,3.0,2.0,4.0,2.0,1.0,4.0,5.0,3.0,1.0,4.0,1.0,1.0,4.0,1.0,3.0,3.0,5.0,2.0,2,4,6,1,5,6,5,3,6,4,1,1,0,1,1,0,0,1,0,1,0,0,1,1,1,1,2,3,1,2,27,1,2,1,60,1,1,2
690,1.0,1.0,2.0,2.0,5.0,5.0,5.0,2.0,5.0,5.0,2.0,1.0,1.0,2.0,1.0,5.0,1.0,1.0,1.0,1.0,7,2,7,5,5,5,7,1,7,1,1,1,1,1,1,0,1,1,0,1,0,1,1,1,1,1,4,2,2,1,55,1,7,1,70,1,2,3
691,1.0,2.0,2.0,1.0,2.0,3.0,2.0,1.0,2.0,2.0,2.0,1.0,3.0,1.0,1.0,1.0,1.0,2.0,3.0,2.0,7,4,6,2,6,2,2,1,6,2,1,1,0,1,1,1,1,0,0,1,0,0,1,1,1,1,3,3,1,1,72,1,6,1,60,1,2,1
692,1.0,1.0,5.0,4.0,1.0,2.0,2.0,1.0,5.0,5.0,4.0,4.0,1.0,4.0,1.0,2.0,4.0,1.0,4.0,2.0,1,1,6,5,7,6,6,5,6,2,1,1,0,1,1,0,0,1,0,1,0,0,1,1,1,1,3,2,1,1,57,1,6,1,60,1,1,5
693,4.0,5.0,4.0,1.0,5.0,1.0,1.0,5.0,4.0,1.0,1.0,5.0,2.0,1.0,4.0,1.0,1.0,4.0,3.0,1.0,6,7,7,1,6,3,5,1,7,1,1,1,1,1,1,1,1,1,0,1,1,1,1,1,1,1,4,2,1,1,26,1,4,1,60,0,1,1
694,1.0,4.0,4.0,2.0,5.0,2.0,1.0,1.0,5.0,2.0,1.0,4.0,2.0,1.0,3.0,4.0,1.0,5.0,5.0,1.0,6,5,3,7,6,2,7,6,1,2,1,1,1,1,1,1,0,1,0,1,1,1,1,1,1,1,4,2,2,1,23,1,4,2,60,2,1,3
695,5.0,3.0,5.0,4.0,4.0,4.0,4.0,4.0,4.0,4.0,4.0,4.0,1.0,2.0,4.0,5.0,1.0,5.0,5.0,1.0,5,3,7,5,7,5,7,5,6,1,1,1,0,1,1,0,1,1,0,1,1,0,1,1,1,1,2,3,2,1,66,1,6,1,60,1,3,2
696,2.0,4.0,4.0,4.0,4.0,2.0,2.0,4.0,5.0,4.0,2.0,5.0,1.0,4.0,1.0,2.0,5.0,4.0,5.0,4.0,5,3,6,5,7,3,5,5,5,2,1,1,1,0,1,0,1,0,0,1,1,1,1,1,1,1,3,2,1,1,60,3,12,1,60,1,1,6
697,1.0,1.0,2.0,1.0,2.0,1.0,2.0,2.0,2.0,2.0,1.0,2.0,2.0,1.0,2.0,1.0,1.0,2.0,2.0,2.0,6,2,6,2,7,2,5,1,6,2,1,1,0,1,1,1,1,0,0,1,0,0,1,1,1,1,3,3,1,1,72,1,6,1,60,1,2,1
698,5.0,3.0,3.0,3.0,5.0,4.0,5.0,4.0,4.0,2.0,4.0,5.0,4.0,2.0,4.0,2.0,1.0,3.0,4.0,4.0,4,2,4,4,7,7,4,4,4,1,1,1,1,1,1,0,0,0,0,1,1,0,1,1,1,1,2,2,2,1,42,1,1,1,60,1,3,4
699,3.0,3.0,3.0,3.0,3.0,2.0,1.0,3.0,2.0,4.0,1.0,5.0,1.0,1.0,4.0,1.0,1.0,4.0,5.0,4.0,1,5,7,4,5,6,5,1,7,5,1,1,0,1,1,0,0,0,0,1,0,0,1,1,1,1,4,3,1,1,52,1,4,1,60,2,1,2
700,2.0,2.0,4.0,5.0,4.0,2.0,4.0,2.0,4.0,4.0,1.0,4.0,4.0,5.0,2.0,5.0,2.0,5.0,5.0,1.0,6,3,6,2,6,2,6,6,6,7,1,1,0,1,1,0,0,1,0,1,0,0,1,1,1,1,2,2,1,1,38,2,2,1,30,1,2,6
701,2.0,4.0,4.0,3.0,1.0,2.0,1.0,1.0,3.0,5.0,2.0,4.0,3.0,2.0,3.0,2.0,3.0,4.0,5.0,3.0,5,7,4,1,7,5,5,6,4,1,1,1,0,1,1,0,0,0,0,1,1,0,0,1,1,1,3,1,1,2,27,1,2,1,60,1,1,3
702,2.0,4.0,2.0,4.0,5.0,1.0,1.0,1.0,4.0,3.0,1.0,2.0,2.0,5.0,5.0,5.0,1.0,4.0,5.0,1.0,6,2,7,2,7,3,7,2,6,5,1,1,1,1,1,0,1,0,0,1,1,0,1,1,1,1,3,1,2,1,30,2,4,2,60,1,2,3
703,5.0,1.0,4.0,2.0,2.0,4.0,5.0,1.0,5.0,5.0,1.0,5.0,4.0,1.0,1.0,1.0,1.0,5.0,1.0,5.0,2,5,3,5,7,7,5,6,1,3,1,1,0,1,1,0,0,1,0,1,0,1,1,1,1,1,4,1,1,1,27,1,6,1,60,1,2,1
704,1.0,4.0,2.0,4.0,2.0,3.0,1.0,1.0,5.0,4.0,3.0,3.0,1.0,2.0,1.0,4.0,3.0,2.0,5.0,1.0,2,1,4,1,5,5,5,5,6,1,1,1,0,1,1,1,0,1,0,1,0,0,1,1,1,1,4,2,1,1,32,1,1,1,70,1,1,3
705,5.0,5.0,1.0,1.0,5.0,1.0,1.0,5.0,1.0,1.0,1.0,5.0,5.0,1.0,5.0,1.0,1.0,5.0,5.0,3.0,7,7,6,1,7,6,4,1,7,3,1,1,0,1,1,0,1,1,0,1,0,1,1,1,1,1,2,3,1,1,15,1,4,1,60,2,1,5
706,3.0,5.0,1.0,3.0,4.0,1.0,1.0,2.0,3.0,1.0,1.0,5.0,5.0,1.0,5.0,1.0,1.0,5.0,5.0,1.0,5,5,5,1,7,4,2,5,7,1,1,1,0,1,1,0,0,1,0,1,0,0,1,1,1,1,2,1,1,1,24,1,2,1,60,1,1,3
707,3.0,2.0,2.0,2.0,3.0,2.0,3.0,5.0,5.0,4.0,1.0,5.0,2.0,1.0,3.0,2.0,1.0,4.0,5.0,2.0,2,7,4,5,6,6,4,2,4,4,1,1,1,1,1,0,1,1,0,1,0,0,1,1,1,1,4,3,1,2,29,1,2,1,60,2,1,3
708,5.0,3.0,1.0,1.0,4.0,1.0,1.0,1.0,2.0,2.0,2.0,5.0,5.0,1.0,4.0,1.0,3.0,2.0,5.0,2.0,2,5,6,3,5,4,3,5,6,2,1,1,0,1,1,0,0,0,0,1,0,0,1,1,1,1,3,2,1,1,24,1,2,1,60,2,1,1
709,1.0,1.0,5.0,4.0,2.0,4.0,2.0,1.0,5.0,2.0,2.0,4.0,1.0,4.0,2.0,5.0,2.0,4.0,5.0,1.0,2,6,6,7,2,7,6,3,2,5,1,1,0,1,1,0,1,1,0,1,0,0,1,1,1,1,3,3,2,2,20,1,6,1,10,2,1,2
710,4.0,4.0,2.0,2.0,5.0,2.0,1.0,3.0,2.0,2.0,1.0,2.0,4.0,1.0,4.0,2.0,1.0,4.0,4.0,4.0,3,6,3,6,5,5,3,6,2,2,1,1,0,1,1,0,0,1,0,1,0,0,1,1,1,1,4,3,2,1,24,1,9,2,60,1,2,1
711,5.0,3.0,1.0,2.0,4.0,1.0,1.0,3.0,3.0,2.0,1.0,5.0,4.0,1.0,4.0,5.0,1.0,5.0,5.0,4.0,2,7,6,1,6,4,2,3,6,2,1,1,0,1,1,0,0,0,0,1,1,0,1,1,1,1,2,2,1,1,18,1,2,1,60,2,1,2
712,1.0,3.0,5.0,4.0,2.0,5.0,5.0,1.0,5.0,2.0,3.0,2.0,1.0,4.0,4.0,4.0,2.0,3.0,4.0,1.0,4,3,7,5,7,6,6,3,6,2,1,1,0,1,1,0,0,0,0,1,0,0,0,1,1,1,3,3,2,1,28,1,4,2,60,1,1,4
713,5.0,4.0,2.0,4.0,3.0,1.0,2.0,4.0,4.0,2.0,1.0,5.0,2.0,2.0,5.0,4.0,1.0,4.0,5.0,1.0,3,5,6,2,5,6,3,3,5,4,1,1,1,1,1,1,1,1,0,1,0,0,1,1,1,1,4,3,1,1,30,1,2,1,60,1,1,3
714,1.0,4.0,5.0,5.0,4.0,2.0,5.0,5.0,5.0,5.0,2.0,5.0,4.0,2.0,5.0,5.0,1.0,5.0,5.0,1.0,5,6,5,2,7,2,5,5,6,5,1,1,1,1,1,0,0,1,0,1,1,0,1,1,1,1,4,3,1,2,31,1,6,1,10,2,1,2
715,5.0,5.0,2.0,2.0,4.0,4.0,1.0,4.0,5.0,1.0,1.0,5.0,5.0,1.0,3.0,1.0,1.0,5.0,5.0,1.0,1,5,7,2,6,5,3,3,7,2,1,1,0,1,1,0,0,0,0,1,0,0,1,1,1,1,3,3,1,2,32,1,2,1,60,2,2,2
716,4.0,4.0,1.0,4.0,4.0,1.0,2.0,3.0,4.0,2.0,1.0,5.0,2.0,1.0,5.0,1.0,2.0,4.0,5.0,1.0,3,5,3,1,7,6,5,6,6,3,1,1,0,1,1,0,0,0,0,1,0,0,1,1,1,1,3,2,1,2,26,1,6,1,60,1,1,5
717,5.0,5.0,1.0,1.0,5.0,1.0,1.0,5.0,1.0,5.0,1.0,5.0,5.0,1.0,2.0,1.0,1.0,5.0,1.0,5.0,6,1,7,7,7,1,6,1,5,1,1,1,0,1,1,0,0,0,0,1,0,0,1,1,1,1,3,3,1,1,26,1,3,1,30,2,1,2
718,4.0,4.0,5.0,3.0,5.0,4.0,5.0,5.0,5.0,3.0,1.0,5.0,5.0,2.0,2.0,4.0,2.0,4.0,1.0,4.0,1,1,7,5,2,7,5,2,7,6,1,1,0,1,1,0,1,0,0,1,0,0,1,1,1,1,4,3,1,2,37,1,10,1,20,2,2,9
719,5.0,3.0,2.0,3.0,4.0,1.0,1.0,2.0,4.0,2.0,1.0,4.0,4.0,1.0,5.0,1.0,3.0,1.0,5.0,5.0,5,2,6,2,7,4,2,2,5,1,1,1,1,1,1,0,0,1,0,1,1,0,1,1,1,1,2,3,1,2,28,1,2,2,60,2,1,3
720,5.0,5.0,3.0,2.0,4.0,3.0,2.0,4.0,4.0,5.0,1.0,5.0,5.0,1.0,5.0,4.0,2.0,4.0,5.0,4.0,4,5,6,1,7,6,2,1,7,2,0,0,0,0,0,0,1,1,0,0,0,1,0,0,0,1,3,1,1,2,28,1,0,1,10,2,1,3
721,3.0,1.0,4.0,5.0,5.0,4.0,5.0,3.0,5.0,5.0,4.0,4.0,3.0,3.0,3.0,5.0,1.0,2.0,5.0,4.0,1,1,5,7,1,6,7,5,6,4,1,1,0,1,1,0,0,0,0,1,0,0,0,1,1,1,3,2,1,1,34,1,4,1,60,1,1,3
722,3.0,4.0,2.0,2.0,4.0,1.0,1.0,5.0,3.0,2.0,1.0,5.0,4.0,2.0,4.0,1.0,4.0,5.0,5.0,4.0,6,6,3,1,5,3,4,5,7,1,1,1,0,1,1,0,0,0,0,1,0,0,1,1,1,1,2,1,1,2,21,1,12,1,60,2,1,2
723,1.0,3.0,4.0,4.0,2.0,3.0,2.0,1.0,4.0,5.0,2.0,2.0,2.0,3.0,4.0,2.0,2.0,2.0,3.0,2.0,6,2,4,3,5,3,7,5,5,2,1,1,1,1,1,0,1,0,0,1,1,0,1,1,1,1,4,1,2,1,23,1,2,2,70,1,1,2
724,2.0,2.0,5.0,1.0,4.0,4.0,2.0,4.0,4.0,4.0,1.0,1.0,2.0,3.0,4.0,2.0,1.0,5.0,4.0,1.0,6,4,5,2,6,5,7,3,6,4,1,1,0,1,1,0,1,1,0,1,0,0,1,1,1,1,3,3,2,2,24,1,1,1,60,1,1,1
725,5.0,5.0,5.0,3.0,4.0,2.0,3.0,1.0,4.0,5.0,2.0,4.0,4.0,5.0,1.0,2.0,5.0,1.0,5.0,1.0,7,1,7,1,7,4,7,1,7,1,1,1,0,1,1,0,0,1,0,1,0,0,1,1,1,1,4,2,1,2,24,1,8,1,70,1,1,1
726,3.0,5.0,1.0,1.0,5.0,1.0,2.0,5.0,5.0,3.0,1.0,5.0,4.0,1.0,1.0,1.0,1.0,5.0,5.0,4.0,5,6,2,6,5,2,5,5,3,2,1,1,1,1,1,0,0,0,1,1,0,0,1,1,1,1,4,3,1,2,31,1,1,1,60,2,2,1
727,2.0,4.0,4.0,1.0,5.0,3.0,1.0,2.0,5.0,3.0,2.0,5.0,1.0,1.0,4.0,2.0,1.0,4.0,5.0,3.0,1,6,6,3,7,7,2,6,4,1,1,1,1,1,1,0,0,1,0,1,1,0,1,1,1,1,2,3,2,2,20,1,1,2,20,2,1,2
728,4.0,3.0,1.0,2.0,4.0,2.0,2.0,2.0,4.0,3.0,1.0,5.0,4.0,1.0,3.0,2.0,2.0,4.0,5.0,2.0,2,6,3,4,6,6,2,5,3,2,1,1,1,1,0,0,1,0,0,1,0,1,1,1,1,1,3,2,2,1,24,1,2,2,60,2,2,2
729,5.0,5.0,1.0,1.0,5.0,1.0,1.0,5.0,1.0,1.0,1.0,5.0,5.0,1.0,5.0,1.0,1.0,5.0,5.0,5.0,1,6,4,7,2,6,2,1,1,4,1,1,1,1,1,0,0,1,0,1,0,0,1,1,1,1,4,3,1,1,27,2,1,1,70,1,1,2
730,3.0,2.0,3.0,1.0,4.0,2.0,2.0,4.0,3.0,3.0,2.0,5.0,5.0,1.0,3.0,3.0,2.0,2.0,5.0,5.0,3,2,6,4,7,6,6,5,7,2,1,1,0,1,1,0,0,1,0,1,0,0,1,1,1,1,3,3,1,2,22,3,1,1,10,2,1,1
731,5.0,4.0,1.0,1.0,4.0,1.0,1.0,5.0,1.0,2.0,3.0,2.0,5.0,3.0,4.0,3.0,1.0,3.0,4.0,4.0,7,5,6,6,7,1,6,4,5,1,1,1,0,1,1,0,0,1,0,1,0,0,1,1,1,1,3,3,1,2,20,2,1,1,60,1,1,1
732,5.0,4.0,5.0,4.0,5.0,5.0,4.0,4.0,5.0,4.0,3.0,4.0,4.0,4.0,4.0,4.0,1.0,4.0,2.0,1.0,2,3,5,7,7,6,6,5,6,1,1,0,0,1,0,0,0,0,0,1,0,0,0,0,1,1,3,1,2,2,19,1,7,5,10,2,1,4
733,2.0,1.0,3.0,4.0,2.0,4.0,3.0,2.0,5.0,5.0,1.0,4.0,1.0,2.0,2.0,5.0,3.0,2.0,5.0,1.0,5,6,7,7,5,5,6,2,3,1,1,1,1,1,1,0,0,0,0,1,0,0,1,1,1,1,3,2,2,1,24,1,1,2,60,2,1,1
734,3.0,3.0,3.0,2.0,3.0,1.0,1.0,1.0,3.0,3.0,2.0,2.0,1.0,1.0,4.0,1.0,5.0,3.0,4.0,2.0,4,4,5,3,6,5,3,3,4,2,1,1,1,1,1,0,0,0,0,1,1,0,1,1,1,1,3,3,2,1,29,1,1,2,60,1,1,2
735,5.0,5.0,1.0,1.0,5.0,1.0,1.0,5.0,2.0,1.0,1.0,5.0,5.0,1.0,5.0,1.0,1.0,5.0,1.0,2.0,7,7,7,2,6,1,7,1,6,1,1,1,1,1,1,0,1,1,0,1,0,0,0,1,1,1,3,2,1,2,60,1,10,1,60,1,2,4
736,5.0,3.0,1.0,3.0,1.0,1.0,1.0,2.0,4.0,3.0,1.0,5.0,5.0,5.0,4.0,1.0,1.0,4.0,5.0,1.0,6,5,6,2,7,6,6,5,5,1,1,1,1,1,1,0,1,1,0,1,1,0,1,1,1,1,2,1,2,1,71,1,2,1,70,1,2,1
737,1.0,5.0,5.0,5.0,2.0,4.0,3.0,1.0,5.0,4.0,1.0,1.0,2.0,1.0,3.0,5.0,3.0,4.0,5.0,5.0,6,6,6,4,7,4,5,5,5,3,1,1,0,1,1,0,1,0,0,1,0,0,1,1,1,1,4,2,1,1,64,1,3,1,60,1,2,3
738,2.0,2.0,1.0,3.0,4.0,1.0,2.0,2.0,4.0,4.0,1.0,5.0,1.0,1.0,3.0,2.0,1.0,4.0,5.0,1.0,5,7,5,2,7,2,3,5,2,1,1,1,1,1,1,0,1,1,0,1,0,0,1,1,1,1,4,2,1,1,31,1,2,1,60,1,1,1
739,1.0,3.0,3.0,2.0,3.0,4.0,2.0,3.0,5.0,3.0,1.0,4.0,3.0,2.0,3.0,2.0,2.0,2.0,5.0,1.0,3,2,7,2,7,5,5,1,6,1,1,1,1,1,1,1,1,0,0,1,1,1,1,1,1,1,3,3,2,1,47,1,1,2,60,1,2,3
740,4.0,4.0,2.0,1.0,5.0,3.0,2.0,5.0,5.0,4.0,4.0,4.0,4.0,1.0,3.0,1.0,2.0,5.0,5.0,5.0,2,1,6,3,4,2,7,1,6,2,1,1,0,1,1,1,1,0,0,1,0,0,1,1,1,1,4,1,1,2,43,1,8,1,10,1,2,1
741,4.0,2.0,2.0,2.0,4.0,2.0,2.0,2.0,5.0,2.0,1.0,3.0,1.0,2.0,2.0,2.0,2.0,2.0,5.0,3.0,2,6,3,7,6,7,5,5,5,3,0,0,0,0,1,0,0,0,0,0,0,0,0,1,1,1,3,2,2,1,20,1,4,1,70,1,1,2
742,5.0,5.0,4.0,2.0,5.0,4.0,4.0,2.0,4.0,2.0,1.0,5.0,5.0,2.0,5.0,4.0,1.0,5.0,4.0,4.0,1,3,5,6,3,5,7,5,3,5,1,1,0,1,1,0,0,0,0,1,0,0,1,1,1,1,3,2,2,1,37,1,1,2,60,1,2,2
743,4.0,5.0,4.0,3.0,5.0,1.0,1.0,5.0,2.0,1.0,1.0,5.0,5.0,2.0,5.0,2.0,1.0,2.0,4.0,2.0,2,6,4,4,5,7,5,5,5,3,1,1,0,1,1,0,0,0,0,1,0,0,1,1,1,1,3,3,1,1,24,1,2,1,60,1,1,3
744,2.0,2.0,4.0,4.0,4.0,2.0,1.0,4.0,3.0,2.0,1.0,4.0,5.0,3.0,5.0,2.0,2.0,4.0,3.0,1.0,1,5,6,7,6,7,5,5,2,1,1,1,1,1,1,0,1,0,0,1,1,1,1,1,1,1,3,2,2,1,23,1,1,2,20,1,1,2
745,3.0,1.0,2.0,1.0,5.0,1.0,1.0,3.0,3.0,1.0,1.0,5.0,4.0,2.0,2.0,5.0,1.0,1.0,5.0,1.0,5,6,7,7,5,2,1,1,2,2,1,1,1,1,1,0,0,0,0,1,0,0,1,1,1,1,3,3,2,1,31,1,1,1,10,2,2,1
746,4.0,1.0,4.0,1.0,5.0,1.0,2.0,5.0,5.0,2.0,1.0,5.0,5.0,1.0,5.0,5.0,1.0,5.0,5.0,5.0,5,3,4,5,2,2,5,2,4,2,1,1,0,1,1,0,0,0,0,1,0,0,0,1,1,1,3,3,2,2,29,1,1,1,60,1,1,2
747,5.0,4.0,3.0,1.0,5.0,1.0,3.0,4.0,5.0,1.0,1.0,5.0,2.0,1.0,4.0,5.0,1.0,5.0,5.0,4.0,1,6,5,7,2,7,6,7,6,4,0,0,0,0,0,1,1,0,1,0,0,1,0,0,0,0,3,3,1,1,58,2,2,1,60,1,2,4
748,2.0,3.0,2.0,3.0,5.0,2.0,1.0,2.0,4.0,4.0,2.0,4.0,2.0,2.0,4.0,1.0,1.0,3.0,5.0,4.0,3,6,6,3,6,6,2,2,4,3,1,1,0,1,1,0,0,0,0,1,0,0,1,1,1,1,4,3,2,2,34,3,2,1,60,2,1,1
749,2.0,1.0,4.0,4.0,1.0,2.0,2.0,4.0,5.0,4.0,4.0,4.0,1.0,1.0,1.0,2.0,5.0,2.0,5.0,1.0,3,1,7,1,7,7,4,3,7,5,1,1,1,1,1,1,0,0,0,1,0,0,1,1,1,1,4,1,1,1,47,1,7,1,60,1,2,3
750,3.0,5.0,1.0,1.0,3.0,1.0,3.0,2.0,1.0,1.0,1.0,5.0,4.0,1.0,4.0,1.0,1.0,4.0,5.0,5.0,3,7,7,2,7,6,2,4,7,1,1,1,0,1,1,0,0,1,1,1,0,0,1,1,1,1,4,3,1,1,24,2,2,1,60,1,1,3
751,5.0,4.0,4.0,2.0,4.0,5.0,1.0,4.0,4.0,2.0,2.0,5.0,4.0,2.0,4.0,1.0,1.0,2.0,5.0,2.0,1,2,5,3,5,7,1,3,7,1,1,1,1,1,1,0,0,1,0,1,1,0,1,1,1,1,3,3,2,2,28,1,4,1,60,1,1,2
752,5.0,4.0,1.0,1.0,5.0,1.0,1.0,2.0,2.0,1.0,1.0,5.0,5.0,2.0,5.0,5.0,1.0,5.0,5.0,5.0,5,6,4,1,7,5,2,2,3,1,1,1,1,1,1,0,0,1,0,1,1,1,1,1,1,1,2,3,1,1,23,2,2,1,60,1,1,3
753,5.0,5.0,1.0,1.0,5.0,1.0,1.0,5.0,1.0,3.0,1.0,5.0,5.0,1.0,5.0,1.0,5.0,5.0,5.0,5.0,6,7,1,2,5,7,1,1,5,3,1,0,0,1,1,0,0,1,0,1,0,0,0,1,1,1,4,3,1,2,29,1,2,1,60,1,2,2
754,5.0,5.0,1.0,1.0,5.0,1.0,1.0,1.0,4.0,1.0,1.0,5.0,5.0,1.0,5.0,1.0,1.0,5.0,5.0,1.0,1,6,6,2,7,7,5,4,7,1,1,1,1,1,1,0,0,1,0,1,1,0,1,1,1,1,3,3,1,1,30,1,12,1,60,2,2,4
755,5.0,1.0,1.0,1.0,5.0,1.0,1.0,5.0,1.0,1.0,1.0,5.0,5.0,1.0,5.0,1.0,1.0,5.0,5.0,5.0,2,7,6,1,6,6,1,2,7,1,1,1,0,1,1,0,0,1,0,1,0,0,1,1,1,1,3,3,1,2,24,1,1,1,60,1,1,1
756,5.0,2.0,2.0,1.0,4.0,1.0,2.0,5.0,2.0,2.0,3.0,5.0,3.0,2.0,5.0,2.0,2.0,2.0,4.0,5.0,2,6,3,7,3,7,6,6,2,1,1,1,1,1,1,1,0,0,0,1,0,0,1,1,1,1,3,3,2,2,40,3,4,1,60,1,1,4
757,4.0,4.0,2.0,2.0,5.0,1.0,1.0,1.0,3.0,2.0,2.0,4.0,2.0,1.0,4.0,3.0,1.0,4.0,5.0,2.0,2,5,7,5,6,7,5,4,3,2,1,1,1,1,1,0,0,1,0,1,0,0,1,1,1,1,3,2,1,1,28,1,2,1,60,1,1,3
758,5.0,5.0,1.0,1.0,5.0,1.0,1.0,5.0,1.0,1.0,1.0,5.0,5.0,1.0,5.0,5.0,1.0,5.0,5.0,5.0,7,7,1,1,7,1,1,1,7,1,1,1,1,1,1,0,0,1,0,1,0,0,0,1,1,1,2,2,1,2,18,1,2,1,70,2,1,3
759,5.0,5.0,2.0,2.0,4.0,1.0,1.0,4.0,4.0,3.0,1.0,5.0,5.0,2.0,4.0,3.0,1.0,4.0,5.0,5.0,3,5,4,2,5,2,3,6,5,3,1,1,1,1,1,0,0,0,0,1,1,1,1,1,1,1,3,2,1,1,40,1,1,1,60,2,2,3
760,4.0,4.0,4.0,5.0,1.0,2.0,2.0,1.0,4.0,2.0,2.0,4.0,1.0,4.0,4.0,1.0,2.0,2.0,5.0,1.0,5,6,3,3,7,2,5,5,6,2,1,1,1,1,1,0,1,1,0,1,1,1,1,1,1,1,4,3,2,1,44,1,1,1,60,1,2,2
761,5.0,4.0,1.0,1.0,4.0,1.0,1.0,4.0,1.0,1.0,1.0,5.0,2.0,2.0,4.0,1.0,1.0,5.0,5.0,5.0,1,4,3,5,5,7,5,6,5,6,1,1,1,1,1,0,1,1,0,1,0,0,1,1,1,1,3,3,1,1,60,1,2,1,60,2,1,1
762,5.0,4.0,1.0,4.0,2.0,1.0,1.0,4.0,1.0,2.0,1.0,5.0,2.0,1.0,4.0,1.0,2.0,5.0,5.0,3.0,6,7,7,1,7,5,5,4,7,1,1,1,1,1,1,0,1,0,1,1,1,1,1,1,1,1,3,2,1,1,20,1,2,1,60,1,1,1
763,1.0,5.0,3.0,5.0,2.0,2.0,2.0,2.0,5.0,5.0,1.0,4.0,4.0,1.0,4.0,2.0,2.0,1.0,5.0,1.0,2,3,6,5,6,6,5,6,5,5,1,1,1,1,1,0,0,0,0,1,0,0,1,1,1,1,3,0,2,1,40,1,2,2,60,1,3,2
764,4.0,5.0,1.0,3.0,4.0,1.0,1.0,2.0,2.0,1.0,1.0,4.0,2.0,1.0,5.0,1.0,1.0,4.0,4.0,5.0,3,5,5,2,5,7,2,5,7,2,1,1,1,1,1,0,1,1,0,1,0,0,1,1,1,1,3,2,1,1,66,1,2,3,60,1,1,3
765,4.0,4.0,1.0,1.0,3.0,3.0,1.0,4.0,1.0,2.0,1.0,5.0,4.0,1.0,5.0,5.0,5.0,4.0,5.0,1.0,7,5,6,2,7,2,5,5,6,1,1,1,1,1,1,1,1,1,1,1,1,1,1,1,1,1,3,3,1,1,23,1,1,1,60,1,1,1
766,2.0,5.0,1.0,5.0,5.0,5.0,4.0,5.0,5.0,5.0,1.0,4.0,4.0,1.0,5.0,1.0,1.0,5.0,5.0,2.0,2,6,1,7,6,7,7,3,1,2,1,1,1,1,1,0,0,0,0,1,0,0,1,1,1,1,3,1,1,1,36,1,2,1,60,1,3,3
767,5.0,5.0,3.0,2.0,4.0,2.0,3.0,5.0,1.0,5.0,3.0,5.0,3.0,1.0,3.0,3.0,5.0,4.0,5.0,1.0,4,4,1,7,7,4,6,7,1,7,1,0,0,1,1,0,0,1,0,1,0,0,1,1,1,1,2,2,1,1,29,1,1,1,30,1,1,1
768,1.0,1.0,5.0,1.0,5.0,5.0,5.0,2.0,5.0,5.0,3.0,5.0,1.0,3.0,1.0,3.0,2.0,1.0,4.0,1.0,1,1,6,7,4,7,5,2,6,5,1,1,1,1,1,1,1,0,0,1,0,0,1,1,1,1,3,1,2,1,60,1,6,1,60,1,2,4
769,2.0,4.0,1.0,3.0,5.0,1.0,1.0,4.0,4.0,1.0,1.0,3.0,1.0,2.0,5.0,1.0,3.0,4.0,4.0,1.0,7,2,7,5,6,2,7,1,5,5,1,1,0,1,1,0,0,1,0,1,1,0,1,1,1,1,3,2,1,2,26,1,2,1,60,1,1,1
770,3.0,1.0,3.0,1.0,1.0,1.0,1.0,5.0,5.0,5.0,1.0,1.0,4.0,3.0,1.0,4.0,3.0,4.0,5.0,1.0,1,6,4,6,7,5,5,3,3,2,1,1,0,1,1,0,0,0,0,1,0,0,0,0,1,1,3,1,2,1,25,1,1,2,70,1,1,3
771,5.0,4.0,2.0,3.0,4.0,2.0,2.0,4.0,4.0,4.0,1.0,3.0,2.0,2.0,5.0,2.0,2.0,4.0,5.0,4.0,4,2,5,2,5,6,4,1,6,3,1,1,1,1,1,0,0,0,0,1,1,1,1,1,1,1,3,2,2,1,19,3,12,2,60,1,1,5
772,5.0,5.0,1.0,3.0,5.0,1.0,2.0,5.0,2.0,2.0,3.0,3.0,4.0,2.0,5.0,1.0,1.0,2.0,5.0,5.0,1,4,7,2,6,7,3,1,7,3,1,1,1,1,1,0,1,0,0,1,0,0,1,1,1,1,4,1,1,1,28,1,6,1,60,1,1,1
773,5.0,1.0,1.0,3.0,5.0,4.0,1.0,5.0,4.0,1.0,1.0,5.0,5.0,1.0,5.0,1.0,1.0,5.0,5.0,1.0,2,5,4,1,7,7,7,5,7,3,1,1,0,1,1,1,0,0,0,1,0,1,1,0,1,1,2,3,1,2,29,1,7,1,70,1,1,5
774,5.0,5.0,1.0,1.0,5.0,1.0,1.0,4.0,1.0,1.0,1.0,5.0,5.0,1.0,4.0,1.0,1.0,5.0,5.0,4.0,1,6,6,1,6,6,1,5,3,1,1,1,1,1,1,0,1,1,0,1,1,1,1,1,1,1,3,2,2,1,24,3,2,2,60,1,1,1
775,3.0,3.0,4.0,3.0,2.0,5.0,1.0,5.0,4.0,2.0,1.0,1.0,1.0,2.0,1.0,4.0,5.0,3.0,5.0,1.0,5,6,6,7,3,3,4,1,3,1,1,1,0,1,1,0,0,0,0,1,0,0,0,0,1,1,4,1,2,1,24,2,2,1,60,1,1,2
776,5.0,5.0,1.0,5.0,4.0,1.0,2.0,2.0,2.0,2.0,1.0,4.0,1.0,1.0,3.0,1.0,1.0,4.0,5.0,1.0,5,4,2,5,6,2,5,2,6,7,1,1,1,1,1,0,0,0,0,1,0,0,1,1,1,1,3,1,1,1,25,1,2,1,60,1,1,4
777,4.0,5.0,1.0,3.0,4.0,1.0,2.0,4.0,1.0,1.0,1.0,5.0,4.0,1.0,3.0,2.0,1.0,3.0,5.0,3.0,6,5,5,1,7,3,4,2,6,2,0,0,0,0,1,0,0,0,0,1,0,0,0,0,0,0,3,3,1,2,22,1,1,1,60,1,1,2
778,4.0,5.0,2.0,1.0,4.0,1.0,1.0,3.0,2.0,5.0,1.0,5.0,3.0,2.0,1.0,1.0,1.0,3.0,5.0,5.0,1,6,4,6,4,7,1,5,7,4,0,0,0,0,0,0,0,0,0,0,0,0,0,0,0,0,3,3,1,2,24,1,2,1,60,1,1,2
779,3.0,5.0,1.0,3.0,3.0,1.0,1.0,3.0,1.0,3.0,1.0,5.0,3.0,1.0,3.0,3.0,1.0,5.0,5.0,3.0,4,4,4,4,7,4,4,4,7,1,1,1,0,1,1,0,0,1,0,1,0,0,1,1,1,1,3,3,1,2,25,1,1,1,10,2,1,2
780,1.0,1.0,2.0,5.0,4.0,5.0,5.0,1.0,5.0,4.0,1.0,3.0,4.0,1.0,1.0,2.0,1.0,1.0,5.0,3.0,6,2,7,1,7,4,6,1,7,3,1,1,1,1,1,0,1,1,0,1,1,0,1,1,1,1,4,3,1,1,75,1,2,1,60,1,2,2
781,5.0,4.0,2.0,2.0,5.0,1.0,2.0,5.0,3.0,1.0,2.0,5.0,4.0,1.0,4.0,1.0,1.0,4.0,5.0,5.0,5,3,4,2,6,6,4,4,6,3,1,1,0,0,0,0,0,0,0,1,0,0,1,1,0,1,3,3,1,2,25,1,12,2,10,2,1,4
782,4.0,4.0,4.0,3.0,5.0,4.0,2.0,4.0,5.0,4.0,1.0,5.0,1.0,2.0,4.0,5.0,1.0,2.0,3.0,4.0,6,6,6,6,5,6,6,2,5,4,1,1,0,1,1,0,0,0,0,1,0,0,0,0,1,1,3,3,2,2,23,1,10,1,10,2,1,4
783,5.0,5.0,2.0,1.0,3.0,1.0,2.0,4.0,3.0,2.0,1.0,5.0,4.0,1.0,2.0,1.0,1.0,4.0,1.0,3.0,6,7,7,7,5,7,5,1,5,5,1,1,0,1,1,0,0,0,0,1,0,0,0,0,1,1,3,3,1,2,42,1,10,1,20,1,2,1
784,4.0,4.0,1.0,2.0,5.0,1.0,1.0,4.0,1.0,2.0,1.0,5.0,5.0,1.0,4.0,2.0,1.0,5.0,5.0,5.0,5,4,6,1,7,3,2,2,7,1,1,1,1,1,1,0,1,0,0,1,0,0,1,1,1,1,3,1,1,1,26,1,2,1,60,1,1,3
785,4.0,2.0,2.0,3.0,2.0,5.0,1.0,2.0,3.0,2.0,2.0,4.0,4.0,3.0,4.0,4.0,3.0,4.0,3.0,3.0,3,5,6,2,5,5,4,2,6,4,1,0,0,0,1,0,0,0,0,1,0,0,0,0,1,1,2,3,2,2,18,1,7,2,70,2,1,2
786,5.0,2.0,3.0,2.0,5.0,2.0,2.0,2.0,4.0,2.0,1.0,4.0,1.0,2.0,4.0,1.0,4.0,2.0,4.0,4.0,6,2,7,5,7,5,5,4,6,5,0,0,0,1,1,0,0,0,0,1,0,0,0,0,1,0,4,3,1,2,24,1,8,1,10,1,1,3
787,4.0,3.0,1.0,1.0,3.0,1.0,1.0,2.0,2.0,2.0,1.0,4.0,4.0,2.0,3.0,1.0,1.0,5.0,5.0,2.0,1,6,5,2,3,7,1,5,6,4,1,1,1,1,1,0,0,0,0,1,0,1,1,1,1,1,2,3,1,2,18,1,1,1,60,2,1,2
788,2.0,3.0,5.0,2.0,3.0,2.0,2.0,5.0,5.0,4.0,2.0,5.0,1.0,1.0,2.0,3.0,2.0,4.0,3.0,2.0,6,6,4,6,3,1,3,6,3,3,1,1,0,1,1,0,0,0,0,1,0,0,1,1,1,1,4,3,1,2,35,1,7,1,60,2,1,3
789,5.0,5.0,1.0,1.0,5.0,1.0,1.0,5.0,1.0,1.0,1.0,5.0,5.0,1.0,5.0,1.0,5.0,5.0,5.0,1.0,1,7,7,1,1,7,1,6,7,7,1,1,1,1,1,1,0,1,0,1,0,0,1,1,1,1,2,2,1,1,19,1,2,1,60,2,1,2
790,5.0,4.0,3.0,2.0,2.0,1.0,1.0,5.0,1.0,1.0,1.0,5.0,4.0,1.0,5.0,1.0,1.0,4.0,5.0,5.0,6,2,6,1,6,4,6,7,7,1,1,1,0,1,1,0,0,0,0,1,0,0,1,1,1,1,2,3,2,1,36,1,1,1,60,1,1,2
791,1.0,1.0,5.0,4.0,1.0,5.0,5.0,1.0,2.0,5.0,5.0,1.0,1.0,2.0,1.0,4.0,2.0,1.0,5.0,2.0,0,0,0,0,0,0,0,0,0,0,1,1,0,1,1,0,0,0,0,1,0,0,0,1,1,1,0,0,0,1,60,2,0,0,0,2,3,3
792,3.0,4.0,4.0,3.0,3.0,4.0,2.0,4.0,4.0,3.0,4.0,3.0,4.0,4.0,3.0,2.0,3.0,5.0,3.0,3.0,5,6,3,3,5,5,5,3,2,3,0,0,0,1,0,0,0,0,0,1,0,0,0,0,1,1,1,1,2,1,13,1,12,3,70,2,1,3
793,1.0,4.0,4.0,4.0,4.0,2.0,2.0,1.0,5.0,4.0,1.0,4.0,2.0,1.0,4.0,2.0,2.0,1.0,5.0,3.0,3,1,6,2,7,6,4,2,6,2,1,1,1,1,1,0,0,0,0,1,0,0,1,1,1,1,3,2,2,1,36,1,1,1,60,1,2,2
794,4.0,5.0,3.0,2.0,4.0,1.0,1.0,4.0,5.0,4.0,1.0,4.0,4.0,2.0,5.0,1.0,5.0,5.0,5.0,3.0,1,6,5,1,7,4,6,2,1,2,1,1,0,1,1,0,0,1,0,1,1,0,1,1,1,1,2,1,1,1,25,1,12,1,60,2,1,2
795,1.0,4.0,2.0,4.0,3.0,4.0,1.0,3.0,2.0,2.0,2.0,1.0,1.0,2.0,4.0,1.0,2.0,3.0,5.0,2.0,5,5,3,1,2,4,6,5,7,1,1,1,1,1,1,0,0,0,0,1,1,0,1,1,1,1,3,2,1,1,22,1,2,1,60,2,1,2
796,5.0,4.0,2.0,4.0,5.0,2.0,1.0,5.0,5.0,4.0,1.0,5.0,5.0,1.0,5.0,1.0,1.0,5.0,3.0,1.0,3,2,7,2,7,6,7,1,7,1,1,1,0,1,1,0,0,0,0,1,0,0,0,1,1,1,3,3,1,1,36,1,12,1,30,2,2,3
797,3.0,2.0,3.0,4.0,4.0,2.0,3.0,1.0,3.0,2.0,2.0,2.0,2.0,1.0,2.0,2.0,2.0,4.0,3.0,4.0,3,4,6,4,6,5,4,2,4,1,1,1,1,1,1,1,1,1,0,1,1,1,1,1,1,1,4,2,2,1,49,1,6,1,60,1,1,3
798,2.0,1.0,5.0,2.0,4.0,5.0,4.0,5.0,5.0,4.0,1.0,3.0,2.0,2.0,5.0,5.0,1.0,5.0,5.0,1.0,2,2,6,7,7,6,6,3,6,2,1,1,1,1,1,0,1,1,0,1,1,0,1,1,1,1,4,1,1,1,32,1,2,1,60,1,1,2
799,4.0,5.0,4.0,1.0,5.0,2.0,2.0,3.0,4.0,1.0,1.0,5.0,5.0,1.0,4.0,1.0,5.0,3.0,5.0,1.0,3,5,5,1,6,6,6,2,5,3,1,1,1,1,1,0,1,1,0,1,0,1,1,1,1,1,4,2,1,1,33,1,1,1,60,1,1,1
800,4.0,5.0,3.0,1.0,4.0,1.0,2.0,2.0,5.0,5.0,1.0,5.0,4.0,2.0,3.0,1.0,1.0,4.0,5.0,5.0,1,5,7,3,7,2,5,1,5,1,1,1,1,1,1,0,1,1,0,1,1,0,1,1,1,1,3,3,1,1,59,3,1,2,70,1,3,2
801,5.0,5.0,3.0,4.0,5.0,4.0,5.0,5.0,3.0,5.0,1.0,5.0,5.0,1.0,4.0,1.0,1.0,4.0,5.0,4.0,4,6,7,3,7,5,4,6,6,1,1,1,0,1,1,0,0,0,0,1,0,1,1,1,1,1,3,2,2,2,25,1,2,3,60,1,1,2
802,5.0,5.0,1.0,1.0,5.0,1.0,1.0,4.0,1.0,1.0,1.0,5.0,4.0,2.0,4.0,1.0,1.0,5.0,1.0,5.0,3,7,6,3,6,2,3,5,6,4,1,1,0,1,1,0,0,0,1,1,0,1,1,1,1,1,3,1,1,1,20,1,2,1,60,1,1,2
803,4.0,4.0,2.0,3.0,2.0,1.0,2.0,4.0,5.0,2.0,1.0,5.0,4.0,1.0,2.0,1.0,1.0,4.0,5.0,4.0,2,6,7,3,6,5,3,1,4,2,1,1,1,1,1,0,0,0,0,1,1,0,1,1,1,1,4,3,1,2,30,1,1,1,60,2,1,3
804,2.0,3.0,4.0,3.0,2.0,5.0,4.0,5.0,4.0,5.0,5.0,4.0,2.0,2.0,3.0,2.0,3.0,3.0,4.0,1.0,5,2,6,4,6,3,7,2,6,2,1,1,0,1,1,0,0,0,1,1,1,0,1,0,1,1,3,3,2,2,28,1,2,1,60,2,1,2
805,5.0,3.0,2.0,2.0,2.0,3.0,3.0,4.0,5.0,3.0,1.0,4.0,3.0,2.0,3.0,2.0,2.0,4.0,5.0,4.0,3,1,6,5,2,5,6,6,5,4,1,1,1,1,1,0,1,1,0,1,1,1,1,1,1,1,4,2,2,1,34,1,9,1,60,2,2,1
806,2.0,4.0,1.0,3.0,2.0,2.0,1.0,3.0,3.0,2.0,2.0,4.0,2.0,1.0,5.0,5.0,4.0,4.0,5.0,1.0,2,5,5,1,6,6,2,5,7,2,1,1,0,1,1,0,1,1,0,1,1,0,1,1,1,1,4,2,1,2,30,1,1,2,60,2,1,2
807,2.0,2.0,5.0,3.0,2.0,2.0,4.0,4.0,5.0,4.0,2.0,2.0,1.0,2.0,3.0,2.0,4.0,4.0,4.0,1.0,3,4,5,0,3,6,5,2,4,6,1,0,0,1,1,0,0,0,0,1,0,0,1,1,1,1,2,3,1,2,22,1,10,1,20,2,1,5
808,4.0,2.0,2.0,3.0,4.0,2.0,3.0,1.0,5.0,3.0,1.0,5.0,2.0,3.0,4.0,4.0,3.0,3.0,5.0,5.0,6,5,5,4,6,6,6,4,6,3,1,1,1,1,1,0,0,1,0,1,0,0,1,1,1,1,4,3,2,2,40,1,4,1,60,1,1,2
809,2.0,1.0,2.0,2.0,4.0,2.0,1.0,2.0,4.0,2.0,2.0,2.0,3.0,1.0,4.0,2.0,1.0,4.0,4.0,5.0,5,5,6,5,7,4,5,3,4,2,1,1,1,1,1,0,0,0,0,1,0,0,1,0,1,1,3,2,1,2,28,1,1,1,60,1,1,2
810,5.0,2.0,1.0,1.0,5.0,2.0,1.0,2.0,4.0,5.0,2.0,4.0,5.0,1.0,1.0,1.0,1.0,4.0,5.0,5.0,6,7,0,3,7,1,1,5,6,2,1,1,0,1,1,0,0,1,0,1,0,0,1,0,1,1,2,3,1,2,21,2,1,4,60,1,1,3
811,5.0,5.0,1.0,1.0,5.0,1.0,1.0,2.0,1.0,1.0,1.0,5.0,4.0,1.0,4.0,2.0,2.0,5.0,5.0,5.0,5,5,6,5,6,3,6,5,2,2,1,1,1,1,1,0,0,1,0,1,0,1,1,1,1,1,2,3,1,2,27,1,6,1,60,1,1,2
812,2.0,3.0,5.0,4.0,4.0,1.0,1.0,5.0,5.0,4.0,4.0,2.0,3.0,2.0,4.0,4.0,3.0,1.0,5.0,2.0,1,7,7,5,7,6,7,7,5,1,1,1,1,1,1,0,1,1,0,1,0,0,1,1,1,1,3,3,2,1,21,1,2,1,10,2,1,1
813,5.0,5.0,3.0,1.0,4.0,3.0,1.0,4.0,3.0,2.0,1.0,5.0,4.0,3.0,5.0,1.0,1.0,5.0,4.0,4.0,4,6,7,5,7,6,4,4,6,3,1,1,0,1,1,0,0,0,0,1,0,0,1,1,1,1,4,3,1,2,41,1,10,1,20,2,2,7
814,4.0,3.0,3.0,3.0,2.0,2.0,2.0,1.0,4.0,4.0,1.0,5.0,4.0,1.0,4.0,2.0,1.0,2.0,4.0,3.0,2,1,6,5,6,7,5,7,5,5,1,1,1,1,1,0,1,1,0,1,1,0,1,1,1,1,3,2,1,1,35,1,1,1,10,1,1,2
815,3.0,4.0,4.0,1.0,5.0,4.0,2.0,2.0,5.0,3.0,1.0,5.0,1.0,3.0,5.0,1.0,1.0,4.0,5.0,1.0,6,6,6,3,6,2,5,1,3,3,1,1,1,1,1,0,1,0,0,1,0,0,1,1,1,1,4,3,1,1,74,2,1,1,60,1,2,2
816,5.0,5.0,2.0,4.0,3.0,2.0,2.0,4.0,2.0,4.0,2.0,3.0,2.0,4.0,4.0,4.0,3.0,5.0,5.0,3.0,6,6,6,5,7,5,6,6,5,2,1,0,0,1,1,0,0,0,0,1,0,0,0,0,1,1,3,3,1,2,24,1,12,1,10,2,1,3
817,3.0,2.0,5.0,1.0,3.0,3.0,2.0,3.0,5.0,3.0,1.0,5.0,2.0,1.0,2.0,1.0,1.0,3.0,5.0,1.0,2,6,4,4,7,5,4,4,5,4,1,1,0,1,1,0,1,0,0,1,0,0,1,1,1,1,3,2,1,1,23,1,2,1,60,2,1,2
818,1.0,1.0,2.0,3.0,2.0,4.0,4.0,2.0,4.0,5.0,4.0,4.0,2.0,4.0,1.0,1.0,4.0,4.0,5.0,1.0,1,3,6,6,2,7,7,1,5,6,1,1,0,1,1,0,0,0,0,1,0,0,1,0,1,1,4,2,1,2,35,1,2,1,60,1,1,2
819,3.0,4.0,2.0,5.0,4.0,3.0,2.0,2.0,4.0,1.0,2.0,4.0,2.0,2.0,5.0,3.0,3.0,3.0,5.0,3.0,6,2,7,2,6,3,3,2,6,3,1,1,1,1,1,0,0,1,0,1,0,0,1,1,1,1,2,2,2,1,19,1,2,1,60,2,1,1
820,2.0,3.0,4.0,3.0,4.0,3.0,4.0,4.0,5.0,4.0,1.0,2.0,1.0,2.0,4.0,2.0,2.0,4.0,3.0,3.0,5,5,6,3,6,4,7,3,6,3,1,1,0,1,1,0,0,0,0,1,0,0,1,1,1,1,3,3,1,2,37,1,1,1,60,1,1,2
821,5.0,5.0,1.0,1.0,5.0,1.0,5.0,5.0,1.0,1.0,1.0,5.0,5.0,1.0,5.0,1.0,1.0,1.0,5.0,5.0,7,5,7,2,7,6,2,1,6,1,1,1,1,1,1,1,0,0,0,1,1,1,1,1,1,1,4,1,1,1,45,3,3,4,60,2,1,3
822,1.0,1.0,4.0,1.0,5.0,2.0,5.0,4.0,5.0,4.0,4.0,4.0,3.0,1.0,4.0,4.0,5.0,1.0,4.0,5.0,6,2,7,2,6,3,7,1,2,1,1,1,0,1,1,0,0,0,0,1,0,0,1,1,1,1,4,2,1,2,53,1,10,2,10,1,1,7
823,1.0,2.0,4.0,5.0,3.0,4.0,4.0,5.0,5.0,5.0,1.0,3.0,5.0,3.0,3.0,3.0,1.0,5.0,5.0,1.0,7,1,6,1,6,2,7,3,7,1,1,1,1,1,1,0,0,1,0,1,0,0,1,1,1,1,3,2,2,2,23,1,1,3,10,1,1,2
824,4.0,3.0,2.0,1.0,4.0,1.0,1.0,5.0,1.0,1.0,1.0,5.0,4.0,1.0,3.0,1.0,2.0,3.0,2.0,3.0,5,5,6,2,6,3,5,4,5,1,1,1,0,1,1,0,0,1,0,1,0,0,0,0,1,1,3,3,1,2,23,1,2,1,60,1,1,1
825,3.0,1.0,5.0,3.0,4.0,2.0,3.0,5.0,5.0,3.0,2.0,5.0,4.0,1.0,1.0,1.0,3.0,1.0,4.0,1.0,4,5,7,4,4,5,5,1,7,4,1,1,0,1,1,0,1,1,0,0,0,1,1,1,1,1,4,3,1,1,35,1,7,1,30,1,1,6
826,4.0,4.0,3.0,2.0,4.0,1.0,1.0,4.0,4.0,4.0,1.0,4.0,2.0,2.0,1.0,4.0,3.0,3.0,1.0,3.0,2,5,5,6,5,6,5,4,2,5,1,1,0,1,1,0,0,1,0,1,0,0,0,1,1,1,3,3,1,2,24,2,7,1,60,1,1,2
827,5.0,5.0,5.0,4.0,4.0,4.0,5.0,1.0,4.0,4.0,1.0,1.0,1.0,1.0,1.0,5.0,2.0,5.0,5.0,1.0,6,1,6,1,7,5,7,2,7,1,1,1,1,1,1,0,0,0,0,1,0,1,1,1,1,1,3,2,1,1,32,1,1,1,60,1,1,4
828,4.0,2.0,5.0,3.0,2.0,4.0,1.0,4.0,4.0,4.0,1.0,1.0,1.0,1.0,1.0,4.0,1.0,4.0,5.0,1.0,5,6,2,4,5,1,5,6,5,2,1,1,0,1,0,0,0,1,0,1,0,0,1,1,1,1,2,3,1,2,21,1,2,1,60,1,1,3
829,4.0,5.0,1.0,3.0,5.0,3.0,1.0,3.0,3.0,1.0,1.0,5.0,5.0,1.0,3.0,1.0,1.0,4.0,5.0,5.0,1,6,6,2,6,6,1,1,6,1,1,1,1,1,1,0,1,1,0,1,1,0,1,1,1,1,3,3,2,1,55,1,2,1,60,1,1,5
830,5.0,4.0,2.0,1.0,5.0,2.0,4.0,5.0,4.0,5.0,2.0,5.0,4.0,3.0,5.0,3.0,4.0,4.0,5.0,1.0,5,1,7,2,7,5,7,2,6,2,1,1,0,1,1,0,1,0,0,1,1,0,1,1,1,1,4,3,2,1,30,1,6,1,30,1,1,7
831,5.0,5.0,3.0,3.0,5.0,3.0,5.0,1.0,3.0,5.0,1.0,4.0,5.0,1.0,5.0,1.0,1.0,5.0,4.0,1.0,7,6,7,2,6,2,6,1,3,1,1,1,0,1,1,0,1,1,0,1,0,0,1,1,1,1,4,2,1,2,29,1,8,1,10,2,1,2
832,2.0,2.0,4.0,4.0,4.0,4.0,4.0,1.0,5.0,2.0,4.0,4.0,2.0,2.0,4.0,2.0,4.0,4.0,5.0,2.0,5,7,2,6,2,7,5,6,1,5,1,1,1,1,1,0,1,0,0,1,1,1,1,1,1,1,4,2,1,1,72,1,7,1,60,1,2,3
833,5.0,4.0,2.0,3.0,4.0,2.0,1.0,4.0,3.0,2.0,1.0,5.0,5.0,1.0,1.0,5.0,3.0,3.0,5.0,1.0,4,7,2,5,6,5,2,1,6,1,1,1,1,1,1,0,1,1,0,1,0,0,1,1,1,1,3,3,1,2,26,1,1,1,60,1,1,2
834,5.0,5.0,1.0,1.0,5.0,1.0,1.0,5.0,1.0,1.0,1.0,5.0,5.0,2.0,4.0,1.0,1.0,5.0,5.0,4.0,7,3,7,5,7,1,7,5,5,5,1,1,1,1,1,0,1,1,0,1,1,0,1,1,1,1,3,1,1,2,25,1,6,1,60,1,1,2
835,5.0,4.0,4.0,4.0,5.0,4.0,2.0,2.0,5.0,5.0,1.0,5.0,4.0,3.0,5.0,1.0,5.0,5.0,5.0,3.0,5,5,6,4,7,5,5,7,6,1,1,1,1,1,1,0,0,0,1,1,1,0,1,1,1,1,3,3,1,1,30,2,2,2,60,1,1,3
836,2.0,3.0,2.0,2.0,5.0,1.0,2.0,4.0,3.0,5.0,1.0,2.0,1.0,1.0,3.0,2.0,5.0,2.0,5.0,5.0,2,3,7,2,5,7,5,5,6,3,1,1,0,1,1,0,0,1,0,1,0,0,1,1,1,1,3,2,1,2,30,1,4,1,70,1,1,3
837,4.0,4.0,3.0,4.0,4.0,2.0,2.0,3.0,5.0,3.0,2.0,2.0,4.0,3.0,4.0,2.0,2.0,3.0,4.0,1.0,3,3,5,5,6,5,5,2,6,6,1,1,1,1,1,0,0,1,0,1,0,0,1,1,1,1,2,3,1,1,20,1,2,1,60,1,1,2
838,4.0,4.0,1.0,2.0,5.0,1.0,1.0,4.0,3.0,2.0,1.0,4.0,3.0,3.0,5.0,1.0,3.0,3.0,5.0,3.0,7,5,3,6,7,2,6,3,2,4,1,1,0,1,1,0,0,0,0,1,0,0,1,1,1,1,2,1,2,1,23,1,1,2,60,1,1,2
839,5.0,4.0,5.0,3.0,5.0,3.0,5.0,5.0,5.0,4.0,1.0,3.0,5.0,3.0,5.0,4.0,3.0,5.0,5.0,1.0,7,6,7,6,7,6,7,1,6,1,1,1,0,1,1,0,0,1,0,1,0,0,0,0,1,1,3,3,2,2,23,1,7,1,30,2,1,3
840,4.0,4.0,4.0,2.0,4.0,2.0,1.0,4.0,4.0,5.0,1.0,5.0,2.0,1.0,4.0,4.0,4.0,4.0,5.0,5.0,6,3,6,6,6,4,6,5,5,3,1,1,0,1,1,0,0,0,0,1,0,0,1,1,1,1,4,3,1,2,33,1,8,1,10,2,1,2
841,4.0,2.0,3.0,1.0,4.0,4.0,1.0,5.0,2.0,2.0,3.0,4.0,4.0,1.0,5.0,5.0,1.0,4.0,5.0,1.0,6,5,7,2,7,4,5,5,7,2,1,1,0,1,1,0,0,0,0,1,0,1,1,1,1,1,3,1,1,1,27,1,12,4,60,1,1,1
842,4.0,4.0,3.0,2.0,3.0,2.0,1.0,5.0,3.0,4.0,1.0,5.0,5.0,1.0,5.0,1.0,4.0,4.0,5.0,2.0,6,5,4,6,7,5,5,6,4,1,1,1,1,1,1,1,1,1,1,1,1,1,1,1,1,1,2,2,1,1,24,1,2,1,70,1,1,2
843,4.0,2.0,4.0,5.0,2.0,2.0,4.0,4.0,5.0,4.0,3.0,2.0,1.0,2.0,4.0,1.0,1.0,5.0,5.0,1.0,5,5,5,6,7,6,6,5,5,3,1,1,0,1,1,0,0,1,0,1,0,0,1,1,1,1,3,1,2,1,23,1,1,1,60,1,1,2
844,5.0,5.0,1.0,1.0,5.0,1.0,1.0,5.0,1.0,1.0,1.0,5.0,5.0,1.0,5.0,1.0,1.0,5.0,5.0,5.0,1,6,7,7,7,6,2,1,5,2,1,1,1,1,1,0,1,1,0,1,0,0,1,1,1,1,3,3,1,1,53,1,1,1,60,1,3,3
845,4.0,4.0,3.0,1.0,5.0,2.0,2.0,5.0,4.0,2.0,1.0,5.0,4.0,2.0,4.0,1.0,1.0,4.0,5.0,3.0,4,6,6,7,3,6,3,2,1,1,1,1,1,1,1,0,0,0,0,1,1,0,1,1,1,1,3,3,3,2,28,1,2,4,60,2,1,1
846,4.0,4.0,3.0,1.0,3.0,1.0,1.0,3.0,3.0,2.0,2.0,3.0,3.0,2.0,4.0,3.0,4.0,4.0,4.0,2.0,6,5,5,4,7,2,4,5,6,3,1,1,0,1,1,1,0,0,0,1,0,0,0,1,1,1,3,3,1,2,18,1,4,1,30,2,1,6
847,5.0,4.0,1.0,1.0,4.0,2.0,1.0,5.0,4.0,2.0,2.0,5.0,5.0,1.0,4.0,2.0,1.0,5.0,5.0,1.0,1,7,6,3,6,7,2,2,6,1,1,1,1,1,1,0,0,1,0,1,1,0,1,1,1,1,4,1,2,1,28,1,12,2,60,1,1,2
848,5.0,4.0,4.0,1.0,4.0,2.0,2.0,5.0,2.0,1.0,2.0,5.0,5.0,2.0,5.0,2.0,2.0,1.0,5.0,1.0,3,7,3,6,6,5,5,6,5,2,1,1,1,1,1,1,1,0,0,1,0,1,1,1,1,1,4,2,2,1,27,1,1,1,60,1,2,2
849,1.0,2.0,5.0,4.0,1.0,5.0,5.0,1.0,5.0,5.0,1.0,2.0,1.0,2.0,1.0,5.0,1.0,1.0,5.0,1.0,7,2,7,4,7,1,7,1,5,1,1,1,1,1,1,0,1,0,0,1,0,0,1,1,1,1,3,1,2,1,57,1,12,2,60,1,3,2
850,1.0,4.0,3.0,5.0,2.0,4.0,2.0,1.0,3.0,5.0,1.0,4.0,2.0,4.0,2.0,2.0,2.0,4.0,4.0,1.0,3,3,5,4,6,2,7,3,3,1,1,1,1,1,1,0,0,0,0,1,0,0,1,1,1,1,3,1,2,1,28,1,1,1,60,1,1,2
851,2.0,1.0,5.0,3.0,1.0,5.0,5.0,3.0,5.0,5.0,1.0,1.0,1.0,5.0,1.0,5.0,4.0,1.0,3.0,1.0,5,6,7,5,7,5,7,3,5,1,1,1,0,1,1,0,0,0,0,0,0,0,0,1,1,1,2,3,2,1,32,1,7,1,30,1,3,4
852,5.0,5.0,1.0,1.0,5.0,1.0,1.0,5.0,1.0,1.0,1.0,5.0,5.0,1.0,3.0,1.0,1.0,5.0,5.0,1.0,6,5,6,3,6,6,2,1,5,3,1,1,1,1,1,0,0,0,0,1,0,0,1,1,1,1,3,2,1,1,36,2,4,3,10,1,1,2
853,5.0,4.0,1.0,1.0,5.0,1.0,1.0,5.0,1.0,2.0,1.0,5.0,4.0,1.0,5.0,1.0,2.0,4.0,5.0,4.0,1,6,3,2,6,5,1,5,5,1,1,1,1,1,1,1,0,1,1,1,0,1,1,1,1,1,3,2,1,1,19,2,1,1,60,1,1,2
854,3.0,3.0,2.0,4.0,4.0,3.0,2.0,4.0,5.0,2.0,1.0,2.0,2.0,2.0,3.0,3.0,2.0,4.0,5.0,2.0,3,5,5,5,5,5,3,5,6,3,1,1,0,1,1,0,0,0,0,1,0,0,0,1,1,1,3,1,2,1,34,1,2,1,60,1,2,2
855,5.0,5.0,1.0,1.0,5.0,1.0,1.0,1.0,1.0,1.0,1.0,5.0,5.0,1.0,5.0,1.0,1.0,3.0,5.0,3.0,7,7,3,6,4,1,5,7,2,1,1,1,0,1,1,0,0,1,0,1,1,0,1,1,1,1,2,3,1,2,18,1,2,1,60,1,1,3
856,3.0,4.0,4.0,4.0,4.0,5.0,2.0,5.0,5.0,3.0,2.0,5.0,4.0,3.0,5.0,5.0,3.0,5.0,1.0,3.0,6,5,7,3,6,4,7,1,6,2,0,1,0,1,1,0,0,0,0,1,0,0,1,1,1,1,3,2,1,2,23,1,2,1,60,1,1,1
857,5.0,5.0,3.0,3.0,5.0,1.0,1.0,5.0,4.0,2.0,1.0,3.0,5.0,1.0,5.0,1.0,5.0,5.0,5.0,3.0,2,5,2,7,6,3,6,6,1,2,1,1,1,1,1,1,1,1,1,1,1,1,1,1,1,1,1,2,1,2,17,3,2,2,60,2,1,1
858,4.0,4.0,1.0,4.0,4.0,5.0,1.0,4.0,2.0,1.0,2.0,5.0,4.0,1.0,2.0,1.0,2.0,5.0,4.0,3.0,3,6,3,2,6,7,2,6,3,2,0,1,0,1,1,0,0,1,0,1,0,0,0,1,1,1,2,3,1,2,19,1,6,1,10,2,1,3
859,4.0,4.0,4.0,2.0,4.0,2.0,2.0,2.0,3.0,2.0,1.0,3.0,4.0,2.0,4.0,4.0,2.0,4.0,4.0,2.0,3,5,5,5,6,6,5,4,3,3,1,1,0,1,1,0,0,1,0,1,0,0,1,1,1,1,3,2,3,1,26,1,12,5,70,1,1,6
860,5.0,3.0,2.0,2.0,4.0,3.0,1.0,4.0,2.0,2.0,2.0,5.0,4.0,2.0,4.0,1.0,3.0,4.0,5.0,4.0,7,5,3,6,7,2,5,6,4,1,1,1,0,1,1,0,0,1,0,1,0,0,1,0,1,1,4,3,1,2,37,1,10,1,10,2,1,2
861,2.0,4.0,4.0,4.0,2.0,2.0,2.0,2.0,4.0,4.0,2.0,2.0,4.0,3.0,4.0,2.0,2.0,2.0,5.0,1.0,5,5,6,2,6,5,6,2,6,5,1,1,1,1,1,1,1,1,0,1,0,0,1,1,1,1,4,2,2,1,40,1,2,1,60,1,2,2
862,4.0,4.0,4.0,3.0,4.0,1.0,5.0,3.0,5.0,5.0,2.0,4.0,5.0,3.0,4.0,1.0,2.0,3.0,5.0,4.0,6,2,7,3,7,1,4,3,7,2,1,1,0,1,1,0,0,0,0,1,0,0,0,1,1,1,2,3,2,2,21,1,8,1,10,2,1,1
863,5.0,4.0,5.0,4.0,3.0,1.0,3.0,1.0,5.0,2.0,4.0,4.0,1.0,4.0,2.0,5.0,2.0,4.0,1.0,1.0,7,2,6,3,7,2,7,5,7,1,1,1,0,1,1,0,0,0,0,1,0,0,0,1,1,1,4,3,1,2,21,1,8,1,10,2,1,2
864,5.0,2.0,5.0,4.0,5.0,4.0,1.0,2.0,5.0,5.0,3.0,1.0,1.0,2.0,3.0,4.0,4.0,5.0,5.0,1.0,6,7,5,7,6,5,5,1,2,2,1,0,0,1,1,0,0,0,0,1,0,0,0,0,1,1,3,3,2,2,20,1,8,0,10,2,1,0
865,4.0,5.0,4.0,2.0,4.0,4.0,1.0,5.0,4.0,2.0,1.0,5.0,2.0,1.0,5.0,5.0,1.0,5.0,5.0,5.0,1,5,6,5,7,7,3,5,5,2,1,1,0,1,1,0,0,0,0,1,0,0,1,1,1,1,3,2,1,2,31,1,12,1,60,2,1,0
866,3.0,4.0,2.0,1.0,5.0,1.0,1.0,4.0,2.0,2.0,1.0,5.0,3.0,1.0,3.0,1.0,3.0,4.0,5.0,3.0,4,5,6,2,4,5,3,2,6,2,1,1,0,1,1,0,0,1,0,1,0,0,1,1,1,1,2,3,1,2,19,1,2,1,70,2,1,1
867,1.0,1.0,1.0,3.0,1.0,5.0,1.0,2.0,5.0,5.0,2.0,4.0,1.0,5.0,1.0,2.0,5.0,2.0,5.0,3.0,4,1,5,1,7,5,3,1,7,1,1,1,0,1,1,0,0,0,0,1,0,0,1,1,1,1,3,2,1,1,20,1,1,2,60,1,1,3
868,5.0,5.0,2.0,1.0,5.0,1.0,1.0,4.0,1.0,1.0,1.0,1.0,5.0,1.0,5.0,5.0,1.0,5.0,5.0,5.0,6,7,7,1,7,3,2,1,7,1,1,1,1,1,1,1,1,1,1,1,1,1,1,1,1,1,3,3,1,1,20,3,1,2,70,1,1,5
869,5.0,5.0,1.0,4.0,4.0,1.0,1.0,5.0,1.0,1.0,1.0,5.0,4.0,1.0,5.0,1.0,1.0,5.0,5.0,5.0,7,7,6,5,7,2,1,1,7,1,1,1,0,1,1,0,1,0,0,1,0,0,0,1,1,1,4,3,1,2,21,1,8,1,10,1,1,2
870,4.0,4.0,4.0,1.0,5.0,2.0,3.0,3.0,4.0,4.0,1.0,5.0,3.0,2.0,3.0,1.0,1.0,2.0,5.0,1.0,1,4,7,2,5,7,4,2,7,2,1,1,0,1,1,0,0,1,0,1,1,0,1,1,1,1,4,1,2,2,32,1,1,1,60,1,1,3
871,5.0,5.0,2.0,1.0,5.0,3.0,2.0,4.0,3.0,2.0,1.0,5.0,1.0,1.0,4.0,4.0,1.0,5.0,5.0,5.0,4,5,5,6,3,5,2,5,3,4,1,1,0,1,1,0,0,1,0,1,0,0,0,0,1,1,4,3,1,2,27,2,2,1,60,2,1,2
872,3.0,4.0,2.0,4.0,4.0,5.0,2.0,1.0,4.0,1.0,4.0,3.0,1.0,5.0,4.0,2.0,3.0,3.0,1.0,4.0,5,5,6,6,7,5,7,1,5,1,1,1,0,1,1,0,0,0,0,1,0,0,1,0,1,1,4,2,2,2,46,1,1,1,60,1,2,3
873,4.0,5.0,3.0,2.0,5.0,3.0,1.0,4.0,3.0,1.0,1.0,3.0,4.0,2.0,4.0,1.0,5.0,4.0,5.0,1.0,1,3,6,6,4,5,5,2,3,5,1,1,1,1,1,0,0,0,0,1,0,0,1,1,1,1,4,3,1,2,30,1,4,0,60,1,1,2
874,4.0,4.0,2.0,2.0,4.0,1.0,2.0,4.0,2.0,2.0,2.0,2.0,4.0,1.0,4.0,1.0,1.0,5.0,5.0,5.0,2,5,3,5,5,6,3,5,3,2,1,0,0,1,1,0,0,0,0,1,0,0,0,1,1,1,4,2,1,2,31,1,2,1,60,1,1,1
875,1.0,4.0,1.0,4.0,1.0,1.0,1.0,3.0,3.0,3.0,2.0,4.0,2.0,1.0,4.0,1.0,1.0,4.0,5.0,5.0,1,6,7,1,5,3,1,1,7,1,1,1,1,1,1,0,1,1,0,1,1,0,1,1,1,1,3,1,1,2,22,1,1,1,60,1,1,2
876,1.0,4.0,4.0,4.0,4.0,4.0,5.0,3.0,5.0,5.0,1.0,5.0,5.0,2.0,1.0,1.0,2.0,2.0,5.0,2.0,3,6,7,2,7,7,6,2,7,1,1,1,0,1,1,0,0,0,0,1,0,0,1,1,1,1,2,2,1,2,20,2,12,1,60,1,1,2
877,1.0,1.0,5.0,5.0,2.0,1.0,1.0,1.0,5.0,1.0,1.0,4.0,1.0,5.0,5.0,1.0,1.0,4.0,5.0,1.0,1,2,7,7,5,3,7,1,2,1,1,1,1,1,1,0,1,1,0,1,0,0,0,1,1,1,4,2,2,1,41,1,4,1,60,2,2,2
878,4.0,1.0,1.0,4.0,4.0,1.0,1.0,2.0,5.0,2.0,1.0,5.0,1.0,1.0,1.0,2.0,1.0,2.0,5.0,1.0,1,5,5,5,7,5,5,2,5,1,1,1,0,1,1,0,0,0,0,1,0,0,1,1,1,1,3,3,2,1,48,0,7,1,30,1,1,4
879,5.0,4.0,1.0,3.0,5.0,2.0,2.0,2.0,2.0,2.0,4.0,4.0,2.0,1.0,4.0,3.0,2.0,4.0,5.0,3.0,5,7,4,2,6,5,6,4,6,5,1,1,0,1,1,0,0,0,0,1,0,0,1,1,1,1,2,3,1,2,19,1,2,1,60,2,1,2
880,5.0,5.0,1.0,1.0,5.0,1.0,1.0,5.0,1.0,1.0,1.0,5.0,5.0,1.0,5.0,5.0,5.0,5.0,5.0,5.0,1,7,1,6,7,7,4,7,3,4,1,1,0,1,1,0,0,0,0,1,0,0,1,1,1,1,3,3,1,2,25,1,2,1,10,2,1,2
881,5.0,5.0,1.0,1.0,4.0,2.0,1.0,5.0,2.0,2.0,1.0,5.0,4.0,2.0,5.0,1.0,2.0,5.0,5.0,5.0,2,6,5,3,3,6,2,6,6,4,1,1,1,1,1,0,0,0,0,1,0,0,0,1,1,1,4,3,1,2,29,2,1,1,60,1,1,2
882,4.0,4.0,1.0,1.0,5.0,2.0,1.0,3.0,5.0,2.0,1.0,4.0,5.0,1.0,1.0,2.0,2.0,4.0,5.0,2.0,6,5,7,4,7,3,4,1,7,1,1,1,0,1,1,0,0,0,0,1,0,0,1,1,1,1,2,2,1,1,20,1,1,1,60,1,1,1
883,2.0,2.0,1.0,4.0,4.0,4.0,2.0,2.0,4.0,4.0,2.0,4.0,1.0,3.0,3.0,4.0,2.0,4.0,5.0,4.0,2,1,7,3,6,7,6,3,6,4,1,1,1,1,1,0,1,1,0,0,1,0,1,1,1,1,4,2,1,1,53,1,2,1,70,1,2,3
884,4.0,4.0,2.0,1.0,5.0,5.0,1.0,5.0,4.0,1.0,1.0,5.0,5.0,1.0,4.0,1.0,4.0,2.0,5.0,2.0,2,5,1,2,5,7,6,3,6,1,0,1,1,1,0,0,0,0,0,0,0,0,1,0,1,1,4,3,1,2,26,1,7,1,60,1,0,2
885,4.0,1.0,2.0,4.0,4.0,5.0,5.0,4.0,5.0,5.0,1.0,2.0,3.0,4.0,1.0,5.0,3.0,1.0,1.0,3.0,6,5,7,4,7,4,6,1,4,1,1,0,1,1,0,0,1,1,0,1,0,0,1,1,1,1,2,2,2,2,20,3,12,2,60,2,1,1
886,3.0,2.0,3.0,4.0,3.0,2.0,2.0,4.0,4.0,3.0,3.0,4.0,3.0,4.0,2.0,1.0,4.0,2.0,5.0,2.0,5,4,6,3,6,3,3,2,5,6,1,1,1,1,1,0,1,1,0,1,1,0,1,1,1,1,4,3,2,1,38,1,1,3,60,1,1,2
887,5.0,5.0,2.0,2.0,5.0,1.0,1.0,5.0,4.0,1.0,1.0,5.0,5.0,2.0,4.0,1.0,1.0,4.0,5.0,5.0,1,3,1,5,5,6,6,3,5,6,1,1,1,1,1,0,0,0,0,1,0,0,1,1,1,1,2,1,1,1,32,1,2,1,10,2,1,6
888,5.0,5.0,4.0,4.0,5.0,2.0,2.0,2.0,4.0,1.0,1.0,5.0,1.0,1.0,5.0,1.0,4.0,5.0,5.0,5.0,6,6,7,4,7,5,7,1,3,2,1,1,0,1,1,0,0,0,0,1,0,0,0,1,1,1,3,2,2,2,48,1,6,1,0,1,1,4
889,4.0,4.0,3.0,2.0,4.0,2.0,3.0,1.0,4.0,2.0,1.0,3.0,3.0,3.0,4.0,1.0,3.0,3.0,4.0,2.0,3,5,4,5,7,5,4,4,3,2,0,0,0,0,0,0,0,0,0,0,0,0,0,1,0,1,3,3,1,1,20,1,8,1,10,2,1,1
890,5.0,5.0,1.0,2.0,5.0,1.0,1.0,4.0,1.0,1.0,1.0,5.0,4.0,1.0,5.0,1.0,1.0,5.0,5.0,4.0,4,1,7,5,2,6,7,2,6,7,1,1,0,1,1,0,1,0,0,1,1,0,1,1,1,1,4,3,1,1,54,1,12,1,0,2,3,3
891,4.0,4.0,2.0,3.0,5.0,3.0,2.0,5.0,4.0,2.0,3.0,5.0,4.0,3.0,4.0,4.0,2.0,4.0,5.0,1.0,1,3,0,5,6,4,3,3,3,6,1,1,0,1,1,0,0,0,0,1,0,0,0,1,1,1,0,3,1,1,35,1,12,1,60,2,3,3
892,3.0,4.0,2.0,3.0,4.0,1.0,1.0,5.0,2.0,3.0,1.0,4.0,1.0,1.0,5.0,1.0,1.0,4.0,5.0,2.0,5,5,6,2,3,4,5,5,7,2,1,0,0,1,1,0,0,0,0,1,0,0,1,1,1,1,3,3,1,2,24,1,10,1,70,1,1,2
893,4.0,2.0,2.0,2.0,5.0,4.0,1.0,5.0,3.0,2.0,1.0,5.0,3.0,1.0,4.0,2.0,2.0,4.0,4.0,1.0,5,6,3,6,5,5,5,6,3,2,1,1,1,1,1,0,0,1,0,1,1,0,1,0,1,1,3,0,2,2,20,1,1,1,60,2,1,0
894,4.0,3.0,1.0,3.0,5.0,1.0,2.0,5.0,1.0,1.0,1.0,5.0,4.0,1.0,2.0,1.0,5.0,5.0,5.0,3.0,3,5,6,7,7,5,3,5,6,1,1,1,0,1,1,0,1,0,0,1,0,0,1,1,1,1,4,1,1,2,51,1,1,1,30,2,2,9
895,5.0,3.0,1.0,1.0,2.0,2.0,1.0,2.0,2.0,1.0,1.0,5.0,2.0,2.0,5.0,1.0,1.0,1.0,5.0,4.0,6,6,3,5,7,1,5,7,5,2,1,1,0,1,1,0,0,1,0,1,0,0,1,1,1,0,4,3,1,1,26,1,1,1,60,1,1,3
896,1.0,4.0,3.0,5.0,3.0,1.0,1.0,4.0,5.0,2.0,2.0,1.0,2.0,1.0,4.0,3.0,2.0,2.0,2.0,2.0,3,5,7,1,2,5,2,1,7,5,1,1,0,1,1,0,0,0,0,1,0,0,1,1,1,1,4,2,1,1,31,1,4,1,60,1,2,4
897,5.0,4.0,3.0,4.0,4.0,1.0,1.0,1.0,4.0,2.0,2.0,5.0,4.0,3.0,1.0,1.0,1.0,5.0,5.0,4.0,2,6,5,1,5,7,2,5,6,1,1,1,0,1,1,0,0,0,0,1,0,0,0,1,1,1,4,2,1,2,25,1,1,1,60,1,1,3
898,4.0,3.0,5.0,5.0,1.0,4.0,3.0,4.0,5.0,5.0,1.0,1.0,1.0,5.0,5.0,2.0,4.0,2.0,4.0,1.0,6,5,7,6,7,6,7,5,6,2,1,1,1,1,1,0,0,1,0,1,0,0,1,1,1,1,2,2,1,1,21,1,3,1,10,1,1,2
899,5.0,5.0,2.0,1.0,5.0,1.0,1.0,4.0,1.0,1.0,1.0,5.0,5.0,1.0,4.0,1.0,2.0,5.0,5.0,5.0,3,4,6,1,6,5,2,1,7,3,1,1,0,1,1,1,0,1,0,1,0,0,1,1,1,1,3,3,1,2,24,1,2,3,60,2,1,2
900,1.0,5.0,3.0,4.0,4.0,4.0,2.0,3.0,4.0,4.0,2.0,4.0,4.0,2.0,4.0,3.0,2.0,3.0,4.0,2.0,4,4,6,6,7,5,5,4,4,3,1,1,0,1,1,0,0,0,0,1,0,0,1,1,1,1,3,3,1,1,22,1,1,1,60,2,1,3
901,5.0,4.0,1.0,4.0,5.0,1.0,1.0,2.0,1.0,2.0,1.0,5.0,4.0,3.0,5.0,4.0,1.0,4.0,5.0,2.0,2,7,3,1,5,6,2,1,7,2,1,1,1,1,1,0,0,1,0,1,0,0,1,1,1,1,2,3,1,1,14,1,2,1,60,2,1,1
902,5.0,4.0,2.0,4.0,2.0,2.0,2.0,5.0,4.0,1.0,1.0,5.0,4.0,2.0,4.0,4.0,1.0,4.0,5.0,4.0,2,2,6,2,7,6,2,2,2,1,1,1,1,1,1,0,1,1,0,1,0,0,1,1,1,1,4,2,2,1,59,2,7,1,0,1,2,1
903,5.0,5.0,2.0,3.0,4.0,1.0,1.0,1.0,5.0,1.0,1.0,5.0,5.0,1.0,4.0,1.0,1.0,2.0,5.0,5.0,1,7,5,5,7,7,3,5,3,1,1,1,1,1,1,0,1,1,0,1,0,0,1,1,1,1,3,0,1,1,41,1,2,1,60,2,1,3
904,5.0,5.0,2.0,2.0,5.0,1.0,1.0,5.0,2.0,1.0,1.0,5.0,5.0,2.0,5.0,2.0,1.0,5.0,5.0,2.0,7,1,7,1,7,1,7,5,7,1,1,1,0,1,1,0,0,0,0,1,0,0,1,1,1,1,3,2,1,1,22,2,2,1,60,1,1,2
905,3.0,4.0,3.0,4.0,5.0,3.0,1.0,3.0,4.0,5.0,2.0,2.0,1.0,4.0,3.0,1.0,2.0,4.0,5.0,1.0,4,5,4,7,7,6,6,6,3,3,1,1,1,1,1,0,0,0,0,1,0,0,1,1,1,1,3,3,2,1,30,1,2,1,10,2,1,1
906,5.0,4.0,1.0,1.0,4.0,1.0,1.0,4.0,2.0,2.0,1.0,5.0,5.0,1.0,5.0,1.0,1.0,4.0,5.0,5.0,6,5,7,1,6,6,5,1,7,5,1,1,1,1,1,1,1,0,1,1,0,1,1,1,1,1,3,2,1,2,23,1,2,1,70,2,1,3
907,4.0,4.0,4.0,3.0,5.0,3.0,2.0,5.0,3.0,1.0,4.0,4.0,2.0,1.0,5.0,2.0,1.0,5.0,5.0,2.0,3,5,6,1,6,7,5,6,7,4,0,1,0,1,1,0,0,0,0,0,0,0,1,1,1,1,2,2,1,1,22,1,12,1,30,2,1,3
908,1.0,4.0,2.0,3.0,5.0,3.0,2.0,4.0,5.0,2.0,1.0,5.0,4.0,1.0,5.0,1.0,1.0,1.0,5.0,5.0,3,3,6,6,5,6,6,4,3,2,1,1,1,1,1,1,0,0,0,1,0,1,1,1,1,1,3,2,1,1,34,1,2,1,60,1,1,2
909,5.0,4.0,1.0,1.0,4.0,1.0,1.0,4.0,3.0,1.0,1.0,5.0,4.0,2.0,5.0,1.0,1.0,5.0,5.0,2.0,1,4,7,3,6,7,2,1,4,2,1,1,0,1,1,0,0,0,0,1,0,0,1,1,1,1,2,3,1,1,18,2,1,1,10,2,1,2
910,5.0,5.0,1.0,1.0,5.0,1.0,1.0,3.0,2.0,1.0,2.0,5.0,4.0,2.0,5.0,2.0,2.0,5.0,5.0,4.0,3,5,7,2,5,5,5,1,6,4,1,1,0,1,1,0,0,1,0,1,0,0,1,1,1,1,2,0,1,2,18,1,1,3,60,1,1,2
911,3.0,3.0,3.0,3.0,4.0,2.0,2.0,5.0,3.0,3.0,2.0,3.0,2.0,2.0,4.0,1.0,3.0,4.0,2.0,3.0,5,6,5,6,5,5,4,5,3,2,1,1,0,1,1,0,0,1,0,1,0,0,1,1,1,1,4,3,1,2,50,1,9,1,60,1,2,2
912,5.0,4.0,1.0,3.0,5.0,1.0,1.0,2.0,3.0,1.0,1.0,5.0,5.0,1.0,3.0,1.0,2.0,4.0,5.0,3.0,3,2,4,1,7,5,5,4,4,2,1,1,0,1,1,1,0,0,0,1,0,1,0,1,1,1,3,3,1,1,32,1,1,1,70,2,1,2
913,2.0,4.0,3.0,3.0,4.0,4.0,5.0,5.0,4.0,1.0,5.0,5.0,2.0,1.0,4.0,3.0,5.0,4.0,5.0,2.0,5,6,5,5,5,2,2,7,1,3,1,1,0,1,0,0,0,0,0,1,0,0,0,0,1,1,3,1,1,2,32,1,2,3,10,2,1,2
914,1.0,3.0,1.0,1.0,5.0,5.0,5.0,1.0,3.0,5.0,1.0,5.0,5.0,1.0,1.0,1.0,3.0,1.0,1.0,5.0,6,7,7,7,7,7,1,7,7,5,1,1,0,1,1,0,0,0,1,1,0,0,0,1,1,1,3,2,1,2,24,2,2,1,10,2,1,4
915,3.0,1.0,5.0,1.0,4.0,4.0,4.0,3.0,5.0,5.0,2.0,4.0,1.0,1.0,1.0,1.0,1.0,2.0,1.0,1.0,4,4,4,6,6,6,6,6,6,4,1,1,1,1,1,0,0,0,0,1,0,0,1,1,1,1,3,3,2,1,47,2,6,1,60,1,2,3
916,5.0,4.0,1.0,3.0,5.0,3.0,1.0,5.0,1.0,1.0,1.0,5.0,5.0,1.0,5.0,1.0,5.0,5.0,5.0,5.0,3,5,7,7,7,7,6,1,6,6,1,1,1,1,1,0,1,1,0,1,0,0,1,1,1,1,4,1,1,2,48,1,11,1,10,1,3,3
917,1.0,4.0,4.0,5.0,5.0,4.0,1.0,5.0,5.0,5.0,1.0,5.0,5.0,1.0,4.0,1.0,1.0,5.0,5.0,5.0,1,6,6,5,6,7,2,6,3,6,1,1,0,1,1,0,0,0,0,1,0,0,1,0,1,1,3,2,1,2,40,1,1,1,10,2,2,3
918,5.0,4.0,4.0,2.0,5.0,1.0,2.0,4.0,2.0,2.0,1.0,5.0,4.0,2.0,4.0,1.0,3.0,5.0,5.0,5.0,5,6,7,1,6,5,3,2,5,1,1,1,0,1,1,0,0,0,0,1,0,1,0,1,1,1,3,3,1,2,24,1,2,1,60,1,1,1
919,5.0,4.0,1.0,1.0,5.0,1.0,1.0,5.0,1.0,3.0,1.0,4.0,5.0,1.0,5.0,1.0,5.0,5.0,5.0,1.0,7,7,1,7,7,1,7,7,1,1,1,1,0,1,1,0,0,0,0,1,0,0,1,1,1,1,3,1,1,2,24,1,4,2,10,2,1,2
920,1.0,2.0,5.0,5.0,3.0,5.0,4.0,1.0,5.0,5.0,3.0,1.0,1.0,2.0,1.0,4.0,2.0,1.0,5.0,4.0,6,6,6,2,7,3,3,2,6,1,1,1,0,1,1,0,0,0,0,1,0,0,1,1,1,1,3,2,1,2,46,1,2,4,10,1,2,2
921,4.0,1.0,2.0,2.0,4.0,4.0,4.0,4.0,4.0,2.0,4.0,4.0,4.0,1.0,1.0,5.0,4.0,5.0,1.0,1.0,3,6,6,2,6,6,5,2,7,2,1,1,0,1,1,0,0,0,0,1,0,0,0,0,1,1,4,3,1,2,38,1,3,1,10,2,2,2
922,4.0,5.0,1.0,1.0,5.0,2.0,2.0,4.0,2.0,2.0,1.0,5.0,4.0,1.0,4.0,2.0,4.0,4.0,4.0,4.0,6,6,6,5,6,5,5,3,2,2,1,1,1,1,1,0,0,0,0,1,1,0,1,1,1,1,2,3,1,2,18,2,1,1,60,2,1,2
923,5.0,2.0,1.0,2.0,2.0,4.0,1.0,3.0,4.0,3.0,2.0,3.0,4.0,1.0,3.0,3.0,2.0,5.0,5.0,4.0,4,6,5,2,6,7,5,5,4,3,0,1,0,1,1,0,0,1,0,1,1,0,1,0,1,1,3,3,1,2,22,2,10,1,70,2,1,5
924,4.0,2.0,2.0,4.0,4.0,4.0,4.0,2.0,4.0,4.0,4.0,4.0,4.0,2.0,1.0,4.0,3.0,1.0,4.0,1.0,2,3,6,3,6,5,3,2,6,2,0,0,0,0,1,0,0,0,0,1,0,0,0,0,0,0,3,1,2,2,29,1,2,1,10,1,1,2
925,1.0,3.0,2.0,4.0,3.0,4.0,3.0,2.0,5.0,3.0,5.0,2.0,2.0,2.0,1.0,5.0,4.0,5.0,5.0,1.0,7,7,5,1,7,2,3,5,6,1,1,0,0,1,1,0,0,0,0,1,0,0,0,0,1,1,3,3,1,2,23,1,2,4,10,2,1,3
926,1.0,3.0,4.0,5.0,2.0,3.0,1.0,2.0,4.0,5.0,2.0,1.0,1.0,4.0,4.0,4.0,4.0,4.0,5.0,2.0,6,4,5,3,6,3,3,2,5,1,1,1,0,1,1,0,1,1,0,1,1,0,1,1,1,1,3,1,1,1,26,1,2,1,60,1,2,3
927,1.0,2.0,2.0,4.0,4.0,5.0,4.0,2.0,5.0,5.0,2.0,2.0,1.0,3.0,1.0,5.0,4.0,2.0,4.0,4.0,6,5,6,1,6,6,6,3,7,3,1,1,0,1,1,0,0,0,0,1,0,0,1,1,1,1,4,2,1,2,26,1,6,1,60,2,1,4
928,3.0,1.0,2.0,2.0,1.0,2.0,1.0,1.0,4.0,2.0,1.0,4.0,2.0,2.0,3.0,2.0,4.0,4.0,5.0,1.0,2,3,6,5,6,7,5,2,7,2,1,1,1,1,1,1,0,0,0,1,1,0,1,1,1,1,3,2,1,2,34,1,2,1,60,2,1,3
929,2.0,4.0,4.0,1.0,5.0,2.0,2.0,5.0,2.0,5.0,1.0,5.0,5.0,2.0,5.0,1.0,5.0,2.0,4.0,5.0,5,6,5,5,7,4,5,5,4,1,1,0,0,0,0,0,1,0,0,1,0,0,0,0,0,1,4,3,1,2,23,1,4,3,10,2,1,4
930,5.0,5.0,1.0,4.0,4.0,2.0,1.0,5.0,3.0,1.0,2.0,5.0,3.0,1.0,5.0,2.0,2.0,5.0,4.0,3.0,6,2,7,1,6,7,6,1,7,1,1,1,1,1,1,0,0,1,0,1,0,0,1,1,1,1,2,3,1,2,18,1,1,1,60,2,1,4
931,5.0,5.0,5.0,1.0,5.0,1.0,5.0,5.0,5.0,5.0,1.0,5.0,1.0,1.0,5.0,5.0,1.0,5.0,1.0,1.0,7,7,7,4,7,4,7,2,4,1,0,0,0,0,0,0,0,1,0,1,1,0,1,1,0,0,2,2,2,2,20,3,6,1,10,2,1,3
932,2.0,4.0,4.0,3.0,4.0,4.0,2.0,2.0,3.0,3.0,2.0,3.0,3.0,4.0,3.0,3.0,2.0,2.0,3.0,3.0,4,1,7,5,2,7,6,5,6,2,1,1,0,1,1,0,0,1,0,1,1,0,1,1,1,1,3,2,1,1,50,1,1,1,60,2,2,5
933,2.0,5.0,4.0,3.0,3.0,3.0,5.0,4.0,5.0,4.0,3.0,4.0,4.0,3.0,2.0,5.0,2.0,4.0,3.0,1.0,4,4,7,4,3,4,4,2,5,4,1,1,0,1,1,0,1,0,0,1,1,0,1,1,1,1,3,1,1,2,20,3,7,1,60,2,1,2
934,5.0,4.0,2.0,4.0,5.0,2.0,1.0,1.0,1.0,2.0,1.0,3.0,5.0,5.0,5.0,5.0,5.0,5.0,5.0,1.0,7,5,6,3,5,4,5,3,4,3,1,1,0,1,1,0,0,0,0,1,0,1,1,1,1,1,2,3,1,2,23,2,2,1,60,2,1,2
935,5.0,3.0,2.0,2.0,4.0,2.0,3.0,5.0,2.0,2.0,1.0,5.0,5.0,1.0,5.0,1.0,2.0,3.0,3.0,1.0,5,1,1,6,7,2,2,6,2,2,1,1,1,1,1,1,1,1,1,1,1,1,1,1,1,1,4,2,1,2,34,1,4,1,30,1,2,12
936,4.0,4.0,2.0,2.0,4.0,2.0,2.0,2.0,3.0,2.0,1.0,5.0,4.0,2.0,4.0,5.0,2.0,4.0,5.0,4.0,6,4,7,2,5,7,4,1,6,2,1,1,0,1,1,1,1,1,0,1,0,1,1,1,1,1,3,1,1,1,26,1,4,1,60,1,1,2
937,4.0,4.0,2.0,4.0,5.0,1.0,1.0,2.0,4.0,2.0,1.0,4.0,2.0,3.0,3.0,2.0,1.0,3.0,4.0,2.0,5,2,4,5,5,5,5,5,6,2,1,1,0,1,0,0,0,0,0,1,0,0,0,1,1,1,2,3,2,2,22,1,3,1,10,2,1,2
938,3.0,3.0,4.0,3.0,4.0,2.0,2.0,1.0,5.0,4.0,2.0,2.0,1.0,3.0,4.0,2.0,2.0,4.0,2.0,1.0,5,6,7,2,6,2,7,3,6,1,1,1,0,1,1,0,0,0,0,1,0,0,0,1,1,1,3,2,1,2,22,1,1,1,20,2,1,3
939,5.0,4.0,2.0,3.0,4.0,1.0,2.0,5.0,3.0,1.0,1.0,5.0,5.0,1.0,4.0,1.0,5.0,4.0,5.0,4.0,1,6,6,2,2,7,2,1,7,4,1,1,0,1,1,0,0,0,0,1,0,0,1,1,1,1,3,1,1,2,29,1,2,1,60,1,1,1
940,4.0,5.0,2.0,4.0,2.0,4.0,1.0,4.0,3.0,4.0,2.0,5.0,5.0,3.0,4.0,4.0,1.0,5.0,5.0,2.0,2,6,7,2,6,6,5,2,7,2,1,1,1,1,1,1,0,0,1,1,1,1,1,1,1,1,2,2,1,1,18,2,6,1,60,1,1,3
941,5.0,4.0,1.0,1.0,4.0,2.0,1.0,4.0,4.0,1.0,1.0,4.0,4.0,2.0,4.0,2.0,1.0,5.0,1.0,1.0,3,5,7,2,5,4,3,2,5,3,1,1,1,1,1,0,1,1,0,1,1,0,1,1,1,1,4,3,1,1,33,1,6,1,70,1,2,3
942,5.0,5.0,1.0,1.0,1.0,1.0,1.0,5.0,1.0,1.0,1.0,5.0,4.0,1.0,5.0,2.0,1.0,5.0,5.0,4.0,4,5,7,2,6,5,2,1,7,3,1,1,1,1,1,0,0,1,0,1,0,0,1,1,1,1,3,3,1,2,22,1,2,1,60,1,1,0
943,5.0,5.0,1.0,2.0,4.0,1.0,5.0,5.0,4.0,1.0,1.0,5.0,5.0,1.0,5.0,1.0,5.0,5.0,5.0,4.0,6,6,7,7,3,5,7,7,7,1,1,1,0,1,1,0,0,0,0,1,0,0,1,1,1,1,4,0,1,2,34,1,1,1,10,2,1,3
944,5.0,5.0,1.0,1.0,2.0,1.0,1.0,1.0,2.0,4.0,3.0,4.0,4.0,2.0,3.0,1.0,1.0,4.0,4.0,1.0,6,6,3,2,7,1,5,5,6,2,1,1,0,1,0,0,0,0,0,0,0,0,0,1,1,1,2,2,1,2,17,1,2,1,60,2,1,2
945,5.0,5.0,1.0,1.0,5.0,1.0,1.0,5.0,1.0,1.0,1.0,5.0,5.0,1.0,5.0,1.0,5.0,5.0,1.0,5.0,7,6,7,5,7,7,7,7,5,1,0,1,0,1,1,0,0,1,0,1,1,0,0,1,1,1,4,3,1,2,37,3,4,1,60,2,1,4
946,4.0,5.0,2.0,2.0,3.0,1.0,1.0,2.0,2.0,1.0,2.0,5.0,2.0,3.0,5.0,1.0,4.0,5.0,5.0,1.0,2,6,6,3,6,1,1,3,4,2,1,1,0,1,1,0,0,0,0,1,0,1,1,1,1,1,3,3,2,1,26,1,2,2,60,1,1,2
947,2.0,4.0,5.0,3.0,4.0,2.0,4.0,2.0,4.0,2.0,2.0,5.0,5.0,2.0,4.0,5.0,5.0,5.0,3.0,1.0,2,4,7,4,6,7,5,1,7,2,0,1,0,1,1,1,1,0,0,1,0,0,1,1,1,1,3,3,2,2,22,2,8,1,10,2,1,2
948,3.0,2.0,3.0,1.0,4.0,3.0,3.0,5.0,3.0,3.0,3.0,4.0,3.0,2.0,1.0,2.0,3.0,3.0,4.0,3.0,2,3,6,3,6,5,3,4,7,1,1,0,0,0,0,0,0,1,0,1,0,0,0,0,1,1,2,1,1,2,20,1,1,1,70,1,1,3
949,1.0,1.0,5.0,4.0,1.0,5.0,5.0,1.0,5.0,5.0,1.0,1.0,1.0,3.0,1.0,4.0,5.0,1.0,1.0,1.0,6,4,5,4,6,1,7,1,3,4,1,1,0,1,1,0,0,0,0,1,0,0,1,1,1,1,2,3,2,1,49,1,7,1,60,1,2,2
950,2.0,1.0,2.0,3.0,4.0,5.0,2.0,2.0,3.0,5.0,1.0,1.0,4.0,1.0,3.0,4.0,2.0,2.0,5.0,1.0,3,5,6,2,7,6,7,3,6,3,1,1,1,1,1,0,1,1,0,1,1,1,1,1,1,1,3,3,1,1,36,1,6,1,30,1,1,1
951,5.0,5.0,1.0,1.0,5.0,1.0,1.0,5.0,1.0,1.0,1.0,5.0,5.0,1.0,5.0,1.0,1.0,5.0,5.0,5.0,6,2,7,1,7,2,1,1,7,1,1,1,1,1,1,0,1,0,0,1,0,0,1,1,1,1,3,3,1,1,54,1,6,1,60,1,2,1
952,4.0,5.0,2.0,4.0,4.0,2.0,1.0,4.0,2.0,1.0,2.0,5.0,2.0,1.0,4.0,1.0,2.0,2.0,5.0,3.0,5,6,4,6,7,3,6,5,3,3,1,1,0,1,1,0,0,0,1,1,1,0,1,1,1,1,2,1,1,1,24,1,6,2,60,1,2,2
953,4.0,1.0,1.0,1.0,1.0,1.0,2.0,2.0,5.0,2.0,1.0,5.0,4.0,1.0,4.0,1.0,5.0,1.0,5.0,1.0,2,2,5,3,6,3,6,2,3,3,1,1,1,1,1,0,1,1,0,1,0,0,1,1,1,1,3,3,2,1,32,1,12,1,60,1,1,2
954,5.0,4.0,1.0,2.0,4.0,1.0,1.0,2.0,4.0,1.0,1.0,5.0,4.0,2.0,4.0,1.0,1.0,4.0,5.0,1.0,5,4,4,1,7,2,5,5,7,4,1,1,1,1,1,0,1,1,0,1,1,0,1,1,1,1,3,3,1,1,47,1,2,1,60,1,3,3
955,5.0,5.0,1.0,1.0,4.0,1.0,1.0,1.0,5.0,2.0,1.0,5.0,4.0,1.0,2.0,1.0,1.0,5.0,5.0,5.0,7,7,5,7,7,7,6,5,6,1,1,1,0,1,1,0,0,0,0,1,0,0,1,0,1,1,4,3,1,1,20,1,7,1,10,2,1,1
956,2.0,3.0,4.0,2.0,3.0,3.0,2.0,2.0,4.0,4.0,3.0,4.0,4.0,2.0,3.0,2.0,1.0,2.0,5.0,1.0,5,3,7,1,6,3,5,1,7,3,1,1,1,1,1,0,1,0,0,1,0,0,1,1,1,1,4,2,2,1,33,1,1,1,60,1,1,1
957,5.0,5.0,1.0,2.0,4.0,4.0,1.0,1.0,2.0,2.0,1.0,5.0,3.0,1.0,4.0,3.0,3.0,5.0,5.0,1.0,2,7,3,3,6,7,2,5,4,5,1,1,1,1,1,0,0,1,0,1,0,0,0,1,1,1,2,1,1,2,30,1,0,1,60,1,1,1
958,1.0,1.0,1.0,5.0,1.0,5.0,2.0,1.0,5.0,5.0,5.0,1.0,1.0,3.0,1.0,5.0,2.0,2.0,5.0,1.0,2,2,6,5,6,6,6,5,6,2,1,1,0,1,1,0,0,0,0,0,0,0,1,1,1,1,4,2,1,1,41,2,6,1,60,1,1,3
959,5.0,4.0,1.0,1.0,4.0,1.0,3.0,5.0,2.0,1.0,1.0,5.0,4.0,2.0,4.0,1.0,1.0,5.0,4.0,5.0,1,6,5,6,5,7,3,4,5,4,1,1,0,1,1,1,0,0,0,1,0,0,0,1,1,1,2,3,1,2,31,1,2,1,20,2,1,4
960,4.0,3.0,5.0,4.0,1.0,3.0,5.0,3.0,5.0,4.0,1.0,1.0,4.0,1.0,4.0,1.0,1.0,3.0,5.0,4.0,7,7,7,5,5,1,7,1,6,2,1,1,0,1,1,0,0,0,0,1,0,0,1,1,1,1,3,3,1,1,28,2,10,1,20,2,2,2
961,2.0,3.0,2.0,4.0,3.0,2.0,1.0,3.0,4.0,4.0,3.0,4.0,2.0,1.0,5.0,3.0,1.0,4.0,5.0,2.0,4,2,4,2,6,4,4,4,5,3,1,1,1,1,1,0,1,1,0,1,1,0,1,1,1,1,3,1,1,1,32,1,12,1,60,2,2,2
962,5.0,1.0,2.0,4.0,5.0,1.0,1.0,4.0,4.0,1.0,1.0,5.0,5.0,4.0,5.0,5.0,5.0,3.0,5.0,1.0,5,7,7,7,7,7,7,7,5,4,1,1,0,1,1,0,0,0,0,1,0,0,0,0,1,1,3,3,1,1,24,1,6,1,30,2,1,2
963,1.0,1.0,5.0,3.0,4.0,5.0,4.0,1.0,5.0,5.0,1.0,1.0,1.0,3.0,1.0,1.0,3.0,1.0,5.0,1.0,6,1,7,1,7,6,6,1,7,1,1,1,0,1,1,0,0,0,0,1,0,0,1,1,1,1,4,2,1,1,70,1,6,0,60,1,2,2
964,2.0,5.0,3.0,1.0,2.0,2.0,1.0,5.0,1.0,5.0,1.0,5.0,5.0,2.0,5.0,1.0,4.0,5.0,5.0,1.0,1,6,6,2,7,7,6,1,4,1,1,1,0,1,1,0,0,1,1,1,0,1,1,1,1,1,2,3,1,2,21,3,12,3,60,1,1,1
965,5.0,5.0,3.0,3.0,5.0,3.0,4.0,4.0,5.0,3.0,3.0,3.0,1.0,2.0,4.0,5.0,3.0,5.0,1.0,1.0,5,5,4,3,6,4,7,6,6,4,1,1,0,1,0,0,0,0,0,1,0,0,0,0,1,1,4,3,2,1,19,1,7,5,10,2,1,0
966,4.0,4.0,1.0,2.0,2.0,1.0,1.0,4.0,5.0,5.0,3.0,5.0,1.0,1.0,4.0,1.0,1.0,5.0,5.0,4.0,2,5,5,3,6,7,3,1,3,1,1,1,1,1,1,0,0,0,0,1,0,0,1,1,1,1,3,2,1,2,20,2,2,1,60,1,1,3
967,5.0,5.0,1.0,1.0,5.0,1.0,1.0,5.0,1.0,1.0,1.0,5.0,5.0,2.0,3.0,1.0,2.0,4.0,5.0,5.0,4,7,4,1,3,7,1,4,7,5,0,1,1,1,1,0,0,1,0,1,0,0,0,1,1,1,3,3,1,2,27,1,2,1,60,2,1,1
968,5.0,5.0,1.0,3.0,2.0,2.0,2.0,4.0,2.0,4.0,2.0,4.0,4.0,3.0,1.0,3.0,2.0,1.0,4.0,1.0,6,5,4,1,7,3,5,4,2,2,1,1,1,1,1,0,0,0,0,1,0,0,1,1,1,1,3,3,2,1,21,1,1,1,60,1,1,2
969,3.0,2.0,4.0,4.0,2.0,4.0,2.0,2.0,5.0,4.0,3.0,4.0,1.0,3.0,2.0,4.0,4.0,2.0,5.0,1.0,6,2,4,2,5,2,6,4,6,4,1,1,0,1,1,0,0,0,0,1,0,0,1,1,1,1,3,1,2,1,38,1,4,1,60,1,3,2
970,1.0,4.0,4.0,2.0,1.0,2.0,4.0,3.0,3.0,3.0,1.0,2.0,1.0,4.0,4.0,1.0,5.0,4.0,5.0,1.0,6,6,4,3,7,1,3,4,4,1,0,0,0,0,1,0,0,0,0,0,0,0,0,0,0,1,2,3,2,1,21,1,4,2,10,2,1,1
971,1.0,2.0,2.0,2.0,2.0,4.0,4.0,4.0,5.0,4.0,1.0,1.0,1.0,4.0,4.0,5.0,5.0,1.0,1.0,1.0,2,2,7,2,6,6,7,1,7,2,1,1,0,1,1,0,0,0,0,1,0,0,1,1,1,1,4,2,1,1,41,1,7,1,60,2,2,4
972,5.0,2.0,4.0,2.0,5.0,2.0,2.0,5.0,5.0,1.0,1.0,5.0,4.0,1.0,5.0,5.0,3.0,5.0,5.0,1.0,6,6,6,2,7,3,3,2,5,2,1,1,0,1,1,0,0,0,0,1,0,1,1,1,1,1,3,1,1,2,35,2,4,3,10,2,3,2
973,5.0,5.0,2.0,2.0,5.0,3.0,3.0,5.0,3.0,5.0,1.0,5.0,4.0,4.0,5.0,4.0,1.0,5.0,5.0,5.0,7,4,7,1,7,2,3,7,6,1,1,1,0,1,1,0,0,0,1,1,1,1,1,1,1,1,4,2,2,1,29,1,1,1,60,2,3,2
974,1.0,1.0,5.0,5.0,1.0,5.0,5.0,1.0,5.0,3.0,2.0,1.0,1.0,5.0,2.0,5.0,5.0,1.0,3.0,1.0,1,1,6,7,5,7,7,1,6,1,1,1,0,1,1,0,0,0,0,1,0,0,1,1,1,1,3,1,2,1,22,1,7,1,60,1,1,1
975,1.0,3.0,4.0,4.0,2.0,4.0,4.0,1.0,5.0,5.0,1.0,1.0,1.0,2.0,3.0,4.0,2.0,4.0,5.0,1.0,4,3,6,2,4,5,6,1,7,3,1,1,0,1,1,0,1,1,0,1,0,0,1,1,1,1,3,3,1,1,52,1,2,1,60,2,1,2
976,5.0,4.0,1.0,2.0,3.0,3.0,1.0,5.0,5.0,1.0,1.0,5.0,4.0,1.0,5.0,3.0,1.0,4.0,5.0,5.0,6,7,5,7,7,5,5,2,7,2,1,1,0,1,1,0,0,1,0,1,0,0,1,1,1,1,4,2,2,2,31,1,1,1,60,1,1,2
977,5.0,5.0,2.0,2.0,4.0,1.0,1.0,4.0,2.0,1.0,1.0,5.0,4.0,1.0,1.0,2.0,1.0,4.0,5.0,1.0,1,7,7,5,6,7,5,3,5,1,1,1,1,1,1,1,1,0,0,1,0,1,1,1,1,1,3,3,1,2,27,1,4,1,70,2,1,3
978,1.0,1.0,4.0,2.0,3.0,5.0,5.0,2.0,5.0,5.0,1.0,4.0,1.0,2.0,4.0,2.0,3.0,3.0,4.0,1.0,2,2,4,4,6,6,4,4,6,3,1,1,1,1,1,0,0,1,0,1,0,0,1,1,1,1,4,1,2,1,28,1,4,2,60,1,1,2
979,5.0,5.0,1.0,2.0,3.0,1.0,1.0,4.0,2.0,5.0,1.0,2.0,4.0,1.0,5.0,1.0,3.0,5.0,5.0,2.0,7,5,5,1,7,1,5,1,7,1,1,1,0,1,1,0,0,0,0,1,0,0,0,1,1,1,2,2,1,1,16,2,2,1,60,2,1,1
980,2.0,3.0,3.0,3.0,4.0,4.0,5.0,1.0,5.0,4.0,1.0,4.0,3.0,4.0,2.0,5.0,1.0,4.0,4.0,2.0,2,7,7,6,5,5,6,1,6,2,1,1,1,1,1,1,0,1,0,1,1,0,1,1,1,1,4,3,1,2,52,1,2,1,60,1,3,4
981,5.0,4.0,2.0,3.0,4.0,3.0,2.0,5.0,3.0,4.0,2.0,5.0,5.0,2.0,4.0,2.0,1.0,4.0,5.0,4.0,2,5,6,5,6,5,4,1,7,4,1,1,0,1,1,0,0,0,0,1,0,0,1,1,1,1,3,1,1,2,23,2,2,3,10,1,1,6
982,4.0,4.0,3.0,5.0,3.0,5.0,2.0,2.0,5.0,3.0,4.0,4.0,1.0,3.0,3.0,5.0,3.0,4.0,4.0,3.0,5,3,4,4,5,5,6,4,4,5,1,1,0,1,1,0,0,0,0,1,0,0,0,0,1,1,3,3,2,2,21,1,3,1,10,2,1,2
983,3.0,1.0,5.0,5.0,5.0,1.0,1.0,2.0,5.0,5.0,3.0,2.0,4.0,2.0,5.0,5.0,1.0,5.0,5.0,3.0,1,7,7,7,7,7,4,5,6,1,1,1,0,1,1,0,0,0,0,1,0,0,1,1,1,1,1,2,1,2,17,1,4,1,70,2,1,2
984,5.0,1.0,2.0,3.0,1.0,2.0,2.0,4.0,4.0,5.0,1.0,4.0,4.0,3.0,2.0,1.0,4.0,2.0,1.0,1.0,1,6,2,7,5,5,6,5,3,3,1,1,1,1,1,0,0,0,0,1,1,0,1,1,1,1,3,2,2,1,46,1,9,1,60,2,3,2
985,4.0,2.0,2.0,2.0,5.0,1.0,1.0,5.0,5.0,2.0,5.0,5.0,4.0,1.0,4.0,5.0,1.0,4.0,5.0,1.0,6,1,7,3,7,5,5,1,7,2,1,1,1,1,1,0,1,0,0,1,0,0,1,1,1,1,3,3,2,2,40,1,1,1,10,1,1,2
986,5.0,4.0,4.0,4.0,4.0,2.0,4.0,5.0,3.0,2.0,3.0,5.0,4.0,3.0,4.0,3.0,2.0,4.0,1.0,4.0,3,6,5,6,6,7,5,5,3,2,1,0,0,1,1,0,0,0,0,1,0,0,0,1,1,1,3,3,2,2,20,1,7,1,10,2,1,4
987,1.0,1.0,5.0,4.0,2.0,5.0,2.0,3.0,5.0,5.0,1.0,4.0,1.0,4.0,1.0,5.0,1.0,4.0,1.0,2.0,1,5,7,5,6,5,7,2,5,1,1,1,1,1,1,0,0,0,0,1,0,0,1,1,1,1,4,1,2,1,62,1,6,1,60,1,2,3
988,4.0,5.0,2.0,3.0,5.0,2.0,1.0,5.0,3.0,2.0,1.0,5.0,4.0,1.0,3.0,1.0,1.0,5.0,5.0,1.0,6,4,7,4,6,6,6,1,6,4,1,1,0,1,1,0,0,0,0,1,0,0,1,1,1,1,3,2,2,1,37,1,12,1,60,1,1,0
989,1.0,5.0,5.0,5.0,4.0,4.0,5.0,5.0,5.0,5.0,1.0,4.0,1.0,2.0,1.0,1.0,4.0,2.0,1.0,5.0,6,2,6,7,7,2,7,5,3,1,1,1,1,1,1,0,1,1,0,1,0,0,1,1,1,1,4,3,2,2,25,1,10,1,10,1,1,4
990,1.0,1.0,5.0,5.0,4.0,5.0,2.0,4.0,5.0,5.0,1.0,5.0,1.0,4.0,1.0,5.0,2.0,1.0,2.0,1.0,6,6,2,6,7,1,7,5,1,2,1,1,1,1,1,0,1,0,0,1,0,0,1,1,1,1,4,3,2,2,26,1,8,1,10,2,2,1
991,3.0,2.0,1.0,1.0,5.0,1.0,3.0,5.0,2.0,2.0,1.0,1.0,1.0,2.0,3.0,1.0,2.0,3.0,3.0,1.0,4,7,1,5,6,3,6,4,5,1,1,1,0,1,0,0,0,0,0,1,0,0,0,1,1,1,3,3,2,2,25,1,12,1,60,1,1,2
992,4.0,1.0,4.0,3.0,4.0,2.0,2.0,2.0,5.0,4.0,3.0,4.0,1.0,2.0,4.0,3.0,2.0,2.0,5.0,2.0,5,5,6,5,4,4,5,2,6,5,1,1,0,1,1,0,0,1,0,1,0,0,0,1,1,1,3,3,2,2,20,1,2,1,60,2,1,3
993,5.0,4.0,2.0,4.0,3.0,1.0,1.0,5.0,1.0,1.0,1.0,4.0,3.0,2.0,3.0,1.0,2.0,4.0,5.0,2.0,6,5,7,1,7,1,6,6,7,1,1,1,0,1,1,0,1,0,0,1,0,1,1,1,1,1,3,1,1,1,22,1,4,1,60,1,1,2
994,5.0,1.0,2.0,1.0,2.0,2.0,1.0,1.0,3.0,1.0,1.0,5.0,1.0,1.0,5.0,4.0,2.0,2.0,4.0,4.0,3,3,3,4,3,7,7,3,3,3,0,1,1,1,1,0,0,0,0,1,0,0,1,1,1,1,3,3,2,2,50,1,2,2,10,2,2,8
995,5.0,5.0,3.0,3.0,4.0,4.0,2.0,4.0,5.0,4.0,1.0,3.0,2.0,3.0,5.0,3.0,5.0,5.0,4.0,2.0,5,5,6,5,7,6,7,4,7,5,1,1,1,1,1,0,1,0,1,1,1,1,1,1,1,1,3,2,2,2,26,1,4,1,70,2,1,1
996,5.0,2.0,5.0,2.0,5.0,2.0,5.0,2.0,5.0,1.0,2.0,5.0,5.0,4.0,5.0,4.0,3.0,5.0,3.0,1.0,1,5,6,2,6,7,7,2,6,2,1,1,1,1,1,0,1,0,0,1,0,0,1,1,1,1,4,2,1,2,25,1,8,1,10,1,1,2
997,5.0,5.0,3.0,3.0,4.0,1.0,5.0,5.0,5.0,1.0,1.0,4.0,4.0,1.0,4.0,1.0,1.0,5.0,4.0,2.0,5,6,7,2,7,1,6,2,6,1,1,1,0,1,1,0,0,0,0,0,0,0,0,1,1,1,3,3,2,2,30,1,7,1,60,2,1,2
998,3.0,4.0,3.0,2.0,5.0,2.0,1.0,4.0,3.0,2.0,2.0,5.0,2.0,1.0,4.0,1.0,1.0,4.0,3.0,2.0,3,7,3,4,7,6,5,6,4,2,1,0,0,1,0,0,0,0,0,1,0,0,0,1,1,1,2,3,2,2,19,1,1,2,70,2,1,2
999,3.0,4.0,2.0,4.0,1.0,5.0,4.0,4.0,5.0,3.0,2.0,4.0,2.0,2.0,3.0,5.0,3.0,4.0,3.0,2.0,6,2,6,5,5,2,7,5,5,2,1,1,0,1,1,0,0,1,0,1,0,0,1,1,1,1,3,2,2,1,38,1,6,1,60,1,3,2
1000,5.0,5.0,2.0,3.0,5.0,1.0,1.0,4.0,3.0,1.0,3.0,4.0,5.0,2.0,4.0,5.0,1.0,2.0,5.0,2.0,7,2,7,5,6,1,7,5,3,1,1,1,1,1,1,0,1,1,0,1,1,1,1,1,1,1,3,2,1,1,51,1,2,1,60,1,2,2
1001,3.0,5.0,1.0,1.0,4.0,1.0,1.0,4.0,2.0,4.0,2.0,4.0,2.0,1.0,2.0,1.0,1.0,5.0,5.0,1.0,3,1,1,1,7,6,1,7,7,2,1,1,0,1,1,0,0,0,1,1,0,0,0,1,1,1,2,3,1,2,19,1,2,1,60,1,1,4
1002,4.0,4.0,3.0,3.0,4.0,4.0,1.0,1.0,3.0,2.0,1.0,4.0,5.0,2.0,5.0,1.0,1.0,5.0,5.0,1.0,5,5,6,1,5,6,4,4,4,6,1,1,0,1,1,0,0,0,0,1,0,0,1,1,1,1,2,3,1,1,17,1,1,1,30,2,1,1
1003,4.0,4.0,4.0,3.0,5.0,2.0,1.0,5.0,5.0,2.0,2.0,5.0,5.0,2.0,4.0,2.0,1.0,4.0,1.0,2.0,2,2,6,2,6,5,3,2,5,3,1,1,1,1,1,1,1,0,0,1,1,1,1,1,1,1,4,1,1,1,47,1,4,1,60,1,2,9
1004,2.0,4.0,2.0,4.0,4.0,3.0,1.0,4.0,3.0,4.0,1.0,4.0,5.0,1.0,3.0,2.0,1.0,2.0,5.0,4.0,4,3,2,1,6,5,4,6,6,1,1,1,1,1,1,0,0,0,0,1,0,0,1,1,1,1,3,3,1,2,28,1,2,1,60,1,1,1
1005,4.0,5.0,3.0,2.0,4.0,1.0,1.0,4.0,3.0,2.0,2.0,5.0,2.0,3.0,3.0,2.0,2.0,2.0,3.0,4.0,1,3,6,5,6,6,4,1,3,2,1,1,1,1,1,0,0,0,0,1,0,0,1,1,1,1,4,3,2,1,29,1,1,1,0,1,1,2
1006,1.0,1.0,5.0,1.0,3.0,5.0,5.0,2.0,5.0,3.0,1.0,3.0,2.0,2.0,1.0,5.0,2.0,2.0,2.0,1.0,3,2,7,5,4,5,0,7,6,4,1,1,0,1,1,0,0,1,0,1,0,0,0,1,1,1,3,2,2,1,26,1,10,1,70,2,1,1
1007,5.0,4.0,3.0,1.0,5.0,4.0,1.0,5.0,3.0,5.0,1.0,2.0,5.0,1.0,5.0,1.0,1.0,5.0,5.0,1.0,1,6,6,4,7,7,2,5,4,1,1,1,0,1,1,0,0,1,0,1,0,0,1,1,1,1,3,3,1,1,24,1,2,1,70,1,1,3
1008,4.0,4.0,1.0,4.0,2.0,1.0,2.0,4.0,5.0,2.0,2.0,5.0,4.0,3.0,4.0,1.0,2.0,4.0,4.0,1.0,2,1,6,5,5,7,7,2,6,5,0,0,0,0,0,0,0,0,0,0,0,0,0,0,0,0,4,3,1,2,22,1,12,1,70,2,1,3
1009,4.0,4.0,1.0,2.0,4.0,1.0,2.0,5.0,2.0,2.0,1.0,3.0,3.0,1.0,3.0,1.0,1.0,5.0,5.0,4.0,7,6,7,5,6,3,6,3,5,1,0,1,0,0,1,0,0,1,0,1,0,0,1,1,1,1,3,3,1,1,24,1,2,1,60,1,1,0
1010,5.0,4.0,1.0,1.0,5.0,1.0,1.0,2.0,4.0,1.0,1.0,5.0,2.0,2.0,5.0,1.0,5.0,4.0,5.0,2.0,2,6,5,5,3,7,5,5,5,3,1,1,0,1,0,0,0,0,0,1,0,0,1,0,1,1,3,1,1,2,34,1,6,1,60,2,1,3
1011,5.0,2.0,1.0,2.0,4.0,1.0,5.0,1.0,1.0,1.0,1.0,4.0,4.0,2.0,5.0,5.0,5.0,5.0,5.0,2.0,6,2,1,5,7,1,6,7,6,2,1,0,1,1,0,0,0,0,0,1,0,1,1,0,0,1,3,3,1,2,23,1,12,1,10,2,1,2
1012,2.0,4.0,5.0,3.0,3.0,5.0,2.0,5.0,5.0,5.0,3.0,5.0,2.0,2.0,3.0,5.0,3.0,2.0,3.0,1.0,7,3,6,1,7,3,7,2,2,4,0,1,1,1,1,0,0,0,0,1,0,0,1,1,1,1,2,3,2,2,20,1,4,1,60,1,1,1
1013,5.0,4.0,4.0,3.0,5.0,3.0,2.0,5.0,5.0,4.0,1.0,5.0,5.0,1.0,5.0,4.0,3.0,5.0,1.0,3.0,5,6,3,7,5,7,5,7,2,6,1,0,0,1,0,0,0,0,0,0,0,0,0,0,1,1,3,3,1,2,23,0,7,0,60,1,1,2
1014,4.0,2.0,1.0,4.0,4.0,2.0,2.0,2.0,2.0,3.0,3.0,3.0,1.0,4.0,2.0,3.0,3.0,3.0,5.0,1.0,7,7,5,1,6,2,6,3,5,2,0,0,0,0,0,0,0,0,0,0,0,0,0,0,0,1,4,3,1,2,26,1,2,3,10,2,1,1
1015,4.0,5.0,4.0,4.0,5.0,2.0,1.0,4.0,2.0,4.0,1.0,5.0,2.0,2.0,5.0,1.0,1.0,5.0,5.0,1.0,5,6,7,7,5,3,7,3,3,1,1,1,0,1,1,0,0,0,0,1,0,0,1,1,1,1,3,3,1,1,24,1,4,1,70,1,1,2
1016,4.0,3.0,2.0,1.0,5.0,2.0,2.0,5.0,1.0,3.0,1.0,5.0,4.0,1.0,3.0,1.0,1.0,5.0,5.0,1.0,6,6,6,7,5,2,6,5,6,1,1,1,0,1,1,0,0,0,0,1,1,0,1,1,1,1,3,3,1,1,25,1,12,1,0,1,1,3
1017,3.0,3.0,3.0,2.0,3.0,3.0,2.0,2.0,4.0,5.0,1.0,3.0,4.0,2.0,3.0,1.0,3.0,3.0,5.0,2.0,5,3,6,5,6,4,5,6,5,2,1,1,0,1,1,0,0,0,1,1,0,0,1,1,1,1,4,3,2,1,24,1,12,2,60,2,2,3
1018,1.0,2.0,4.0,5.0,3.0,4.0,3.0,1.0,2.0,5.0,4.0,1.0,1.0,4.0,1.0,4.0,3.0,2.0,5.0,1.0,4,5,5,4,7,5,6,5,5,2,1,1,1,1,1,0,0,1,0,1,1,0,1,1,1,1,4,2,1,1,68,0,9,1,60,2,3,2
1019,3.0,4.0,2.0,2.0,2.0,2.0,2.0,4.0,3.0,3.0,2.0,4.0,2.0,1.0,4.0,4.0,2.0,3.0,5.0,2.0,5,5,4,7,6,5,5,4,3,1,1,1,0,1,1,0,0,1,0,1,0,0,1,1,1,1,0,3,2,2,27,1,12,1,60,1,1,1
1020,5.0,5.0,1.0,4.0,5.0,1.0,1.0,1.0,3.0,1.0,1.0,4.0,1.0,1.0,5.0,1.0,1.0,5.0,5.0,3.0,2,7,4,6,5,7,2,5,5,4,1,1,0,1,1,0,0,0,0,0,0,0,1,1,1,1,2,3,1,2,28,1,12,4,60,2,1,1
1021,4.0,4.0,3.0,1.0,4.0,2.0,2.0,1.0,3.0,4.0,1.0,5.0,2.0,2.0,3.0,2.0,2.0,2.0,5.0,3.0,4,5,6,3,7,5,5,2,5,2,1,1,0,1,1,0,0,0,0,1,0,0,0,1,1,1,3,2,2,2,26,1,3,1,10,2,1,4
1022,2.0,3.0,4.0,5.0,4.0,3.0,1.0,1.0,5.0,5.0,2.0,4.0,2.0,2.0,2.0,2.0,5.0,3.0,5.0,1.0,5,5,2,3,6,4,6,5,5,1,1,1,0,1,1,0,0,1,0,1,0,0,0,1,1,1,4,1,1,1,54,1,0,1,70,2,2,3
1023,3.0,4.0,3.0,4.0,3.0,4.0,2.0,5.0,4.0,1.0,1.0,4.0,3.0,1.0,3.0,1.0,1.0,5.0,5.0,3.0,6,5,5,4,7,3,4,1,4,1,1,1,0,1,1,0,0,0,0,1,0,0,1,1,1,1,3,3,2,1,30,1,1,1,50,1,1,4
1024,3.0,1.0,5.0,3.0,4.0,4.0,2.0,1.0,4.0,2.0,3.0,2.0,4.0,2.0,3.0,2.0,1.0,4.0,1.0,2.0,7,5,2,1,7,1,4,5,5,1,1,1,1,1,1,0,1,1,0,1,1,0,1,1,1,1,4,1,1,1,34,1,6,1,60,2,2,3
1025,5.0,5.0,1.0,3.0,4.0,2.0,1.0,5.0,2.0,1.0,1.0,3.0,4.0,1.0,5.0,4.0,1.0,3.0,5.0,1.0,6,7,5,1,4,1,2,5,5,1,1,1,1,1,1,1,0,0,0,1,0,0,1,1,1,1,2,1,1,1,35,1,6,1,60,1,2,2
1026,1.0,4.0,2.0,2.0,4.0,4.0,1.0,2.0,4.0,4.0,1.0,1.0,1.0,1.0,5.0,1.0,2.0,2.0,4.0,1.0,3,3,6,1,5,5,6,5,6,3,1,1,0,1,1,1,0,0,0,1,0,0,1,1,1,1,3,2,1,1,29,1,7,1,50,2,1,3
1027,1.0,2.0,2.0,4.0,1.0,2.0,1.0,1.0,5.0,2.0,1.0,5.0,1.0,4.0,2.0,1.0,1.0,1.0,5.0,1.0,5,1,2,5,7,1,5,6,4,7,1,1,1,1,1,0,1,0,0,1,1,0,1,1,1,1,0,2,2,1,68,1,1,1,60,1,1,2
1028,5.0,5.0,1.0,1.0,5.0,1.0,1.0,1.0,4.0,2.0,1.0,5.0,5.0,1.0,5.0,5.0,2.0,5.0,5.0,5.0,1,7,7,7,7,7,4,7,7,7,1,1,1,1,1,1,0,0,1,1,0,0,1,1,1,1,3,1,1,2,22,1,1,1,10,2,1,2
1029,4.0,4.0,4.0,3.0,5.0,1.0,1.0,2.0,3.0,1.0,1.0,5.0,2.0,2.0,2.0,1.0,1.0,1.0,5.0,4.0,3,5,6,5,5,5,2,2,3,3,1,1,0,1,1,0,0,1,0,1,0,0,1,1,1,1,2,2,2,1,19,1,2,3,60,1,1,2
1030,2.0,5.0,2.0,5.0,4.0,1.0,2.0,5.0,4.0,1.0,2.0,4.0,4.0,4.0,5.0,2.0,3.0,5.0,5.0,1.0,6,6,2,7,7,2,6,2,1,2,1,1,0,1,1,0,0,0,0,1,0,0,1,1,1,1,3,2,2,1,24,1,1,2,70,2,1,2
1031,5.0,5.0,1.0,1.0,5.0,1.0,1.0,5.0,1.0,1.0,1.0,5.0,5.0,1.0,5.0,1.0,1.0,5.0,5.0,5.0,7,7,7,1,7,1,1,1,7,1,1,1,1,1,1,1,0,1,0,1,0,0,1,1,1,1,2,1,1,1,69,1,12,1,60,1,3,5
1032,2.0,2.0,4.0,4.0,2.0,4.0,2.0,2.0,5.0,5.0,3.0,2.0,2.0,3.0,3.0,4.0,4.0,2.0,5.0,3.0,6,2,5,1,6,2,6,5,6,2,1,1,0,1,1,0,0,0,0,1,0,0,1,1,1,1,3,3,1,1,29,1,2,1,60,1,2,2
1033,3.0,4.0,3.0,1.0,5.0,1.0,1.0,5.0,3.0,2.0,1.0,5.0,5.0,1.0,5.0,1.0,1.0,5.0,5.0,2.0,1,5,7,7,3,7,5,5,1,1,1,1,1,1,1,0,0,1,0,1,1,0,1,1,1,1,2,1,3,2,36,3,12,2,60,2,2,1
1034,3.0,4.0,4.0,4.0,5.0,4.0,4.0,3.0,4.0,3.0,4.0,1.0,4.0,3.0,3.0,3.0,4.0,3.0,2.0,1.0,5,4,5,1,6,6,6,5,3,3,0,1,0,0,1,0,0,0,0,1,0,0,0,1,0,0,2,3,2,1,47,1,12,5,60,1,1,2
1035,5.0,4.0,2.0,3.0,5.0,3.0,1.0,3.0,3.0,2.0,1.0,5.0,3.0,1.0,4.0,1.0,3.0,4.0,3.0,3.0,7,2,6,2,6,1,6,1,7,1,1,1,0,1,1,0,0,1,0,1,1,0,0,1,1,1,3,2,1,2,57,1,3,1,60,1,2,2
1036,5.0,2.0,4.0,3.0,4.0,5.0,4.0,2.0,5.0,5.0,1.0,5.0,5.0,1.0,2.0,1.0,5.0,4.0,3.0,5.0,5,6,7,3,6,7,5,6,7,1,1,1,1,1,1,0,0,0,0,1,0,0,1,1,1,1,0,3,2,2,19,1,4,1,10,1,1,1
1037,5.0,4.0,1.0,1.0,5.0,4.0,1.0,4.0,4.0,2.0,1.0,3.0,5.0,1.0,4.0,4.0,2.0,4.0,5.0,1.0,6,3,0,6,3,6,6,2,6,7,1,1,0,1,1,0,0,0,0,1,0,0,1,1,1,1,3,2,1,2,23,1,2,1,70,2,1,3
1038,1.0,3.0,4.0,5.0,2.0,4.0,2.0,2.0,4.0,4.0,3.0,1.0,1.0,3.0,5.0,3.0,1.0,4.0,5.0,1.0,2,2,4,2,7,6,7,4,7,4,1,1,1,1,1,0,1,1,0,1,1,0,1,1,1,1,2,2,2,1,23,2,2,1,60,1,1,1
1039,1.0,2.0,5.0,5.0,2.0,5.0,5.0,2.0,5.0,5.0,2.0,1.0,1.0,4.0,4.0,2.0,3.0,3.0,4.0,1.0,3,5,1,5,7,1,7,7,2,1,1,1,1,1,1,0,1,1,0,1,1,1,1,1,1,1,3,3,2,1,27,1,2,2,60,2,1,3
1040,5.0,1.0,4.0,1.0,5.0,1.0,2.0,5.0,5.0,4.0,1.0,5.0,5.0,1.0,1.0,4.0,1.0,4.0,5.0,5.0,5,7,7,5,6,2,3,1,3,1,1,1,0,1,1,0,0,1,0,1,0,0,1,1,1,1,4,2,1,1,53,1,10,3,60,1,3,1
1041,1.0,1.0,3.0,5.0,1.0,5.0,2.0,4.0,5.0,5.0,3.0,4.0,1.0,2.0,1.0,1.0,3.0,1.0,4.0,1.0,1,6,6,7,6,7,6,5,4,4,1,1,0,1,1,0,0,1,0,1,0,0,1,1,1,1,4,3,1,2,54,1,9,1,60,1,2,5
1042,5.0,5.0,4.0,4.0,5.0,3.0,2.0,1.0,5.0,1.0,1.0,3.0,1.0,1.0,2.0,5.0,1.0,5.0,5.0,4.0,3,6,6,6,7,7,7,6,2,1,1,1,1,1,1,0,0,1,0,1,0,1,1,1,1,1,3,3,1,2,32,1,1,1,60,1,3,1
1043,5.0,4.0,4.0,1.0,5.0,2.0,4.0,5.0,5.0,1.0,2.0,5.0,4.0,2.0,5.0,4.0,3.0,4.0,5.0,3.0,5,3,6,5,6,6,6,3,5,3,1,1,0,1,1,0,0,0,0,1,0,0,1,1,1,1,3,3,1,2,22,1,2,1,10,1,1,3
1044,5.0,5.0,2.0,2.0,4.0,2.0,1.0,5.0,2.0,1.0,1.0,4.0,4.0,1.0,2.0,1.0,1.0,4.0,5.0,4.0,6,7,4,5,7,3,4,5,2,1,1,1,1,1,1,1,1,1,1,1,1,0,1,1,1,1,0,2,1,1,54,1,2,1,60,2,2,2
1045,4.0,5.0,2.0,2.0,4.0,5.0,2.0,5.0,3.0,2.0,1.0,5.0,2.0,3.0,5.0,4.0,2.0,4.0,5.0,4.0,6,7,3,4,2,3,2,6,4,1,0,0,0,1,0,0,0,0,0,1,0,0,0,0,0,1,4,1,1,2,25,1,4,3,60,0,1,0
1046,1.0,4.0,2.0,5.0,2.0,4.0,2.0,4.0,5.0,4.0,2.0,1.0,1.0,5.0,2.0,2.0,1.0,4.0,5.0,1.0,5,6,7,5,7,5,6,1,6,5,1,1,1,1,1,0,0,0,0,1,1,0,1,1,1,1,4,2,2,1,36,1,1,1,60,1,2,2
1047,5.0,5.0,3.0,2.0,4.0,1.0,1.0,1.0,2.0,3.0,1.0,3.0,5.0,2.0,5.0,1.0,1.0,5.0,4.0,1.0,5,7,5,3,7,2,3,7,4,3,1,0,0,1,1,0,0,0,0,1,0,0,1,1,1,1,3,3,1,1,27,1,2,1,10,2,1,2
1048,1.0,2.0,4.0,5.0,1.0,4.0,4.0,1.0,5.0,5.0,1.0,1.0,1.0,1.0,4.0,4.0,3.0,5.0,5.0,1.0,6,5,7,2,7,2,6,1,5,1,1,1,1,1,1,0,1,1,0,1,1,0,1,1,1,1,4,2,1,1,40,1,1,1,60,2,2,4
1049,4.0,5.0,1.0,2.0,4.0,1.0,1.0,4.0,1.0,2.0,1.0,5.0,4.0,2.0,3.0,1.0,1.0,5.0,5.0,3.0,3,5,4,5,6,5,2,3,2,5,0,1,0,1,1,0,0,1,0,1,0,0,1,1,1,1,4,2,1,2,28,1,2,1,60,1,1,2
1050,3.0,1.0,4.0,3.0,4.0,4.0,2.0,2.0,5.0,5.0,1.0,4.0,1.0,2.0,2.0,3.0,1.0,4.0,3.0,1.0,5,6,6,5,6,6,6,1,5,1,1,1,0,1,1,0,0,0,0,1,0,0,0,1,1,1,3,3,1,2,37,2,7,1,60,1,1,2
1051,2.0,2.0,2.0,4.0,5.0,4.0,2.0,4.0,2.0,4.0,2.0,4.0,4.0,4.0,4.0,2.0,4.0,4.0,4.0,2.0,3,5,3,5,5,3,6,5,3,2,1,1,1,1,1,1,0,0,0,1,0,0,0,1,1,1,3,3,2,1,33,3,1,1,60,1,1,1
1052,3.0,3.0,4.0,4.0,2.0,5.0,3.0,5.0,5.0,3.0,5.0,2.0,1.0,2.0,2.0,1.0,1.0,4.0,2.0,1.0,6,6,4,6,6,5,7,3,2,4,1,1,0,1,1,1,0,0,0,1,0,0,0,1,1,1,3,1,2,1,23,1,6,1,30,1,1,2
1053,3.0,5.0,5.0,3.0,3.0,5.0,3.0,2.0,5.0,5.0,2.0,5.0,1.0,2.0,3.0,4.0,5.0,3.0,5.0,5.0,6,1,7,4,7,4,6,4,7,2,1,1,1,1,1,1,1,0,1,1,0,1,1,1,1,1,3,1,2,2,45,1,4,1,60,1,3,3
1054,5.0,3.0,1.0,3.0,4.0,5.0,5.0,4.0,5.0,2.0,1.0,5.0,5.0,4.0,3.0,1.0,2.0,1.0,5.0,3.0,6,7,7,7,6,4,5,3,4,1,1,0,0,0,1,0,0,0,0,1,0,0,0,0,1,1,3,3,2,1,20,1,7,1,60,1,1,2
1055,3.0,4.0,4.0,3.0,4.0,2.0,2.0,1.0,5.0,4.0,2.0,4.0,4.0,3.0,3.0,2.0,2.0,4.0,4.0,1.0,4,5,2,5,4,6,4,5,3,4,0,1,0,1,1,0,0,0,0,1,0,0,0,1,1,1,2,3,2,2,20,1,4,1,10,2,1,2
1056,2.0,1.0,4.0,3.0,4.0,4.0,2.0,2.0,5.0,4.0,2.0,3.0,1.0,4.0,2.0,3.0,4.0,4.0,4.0,2.0,5,5,3,2,7,6,6,5,5,1,1,1,0,1,1,0,0,0,0,1,0,0,1,0,1,1,3,1,1,1,32,2,7,1,30,2,2,1
1057,3.0,4.0,2.0,3.0,4.0,3.0,1.0,3.0,3.0,4.0,3.0,3.0,3.0,5.0,4.0,3.0,2.0,4.0,5.0,5.0,6,3,2,3,4,4,4,4,1,2,0,0,0,0,0,0,0,0,0,1,0,0,0,0,0,0,3,3,1,2,28,2,2,1,60,1,1,2
1058,5.0,5.0,1.0,1.0,5.0,1.0,1.0,5.0,1.0,1.0,1.0,5.0,5.0,1.0,5.0,5.0,5.0,5.0,5.0,5.0,3,7,7,4,7,4,3,1,7,1,1,0,0,1,0,0,0,1,0,1,0,0,0,1,1,1,3,3,1,2,37,1,12,1,60,2,2,1
1059,3.0,1.0,2.0,2.0,1.0,1.0,1.0,3.0,5.0,5.0,1.0,1.0,1.0,1.0,1.0,1.0,3.0,4.0,5.0,1.0,1,4,5,3,6,7,5,4,7,1,1,1,1,1,1,0,0,0,0,1,0,0,1,1,1,1,2,2,2,1,23,1,1,2,60,1,2,2
1060,3.0,5.0,2.0,3.0,2.0,2.0,2.0,4.0,4.0,4.0,2.0,5.0,5.0,2.0,5.0,4.0,1.0,5.0,3.0,5.0,7,6,7,1,7,6,7,7,7,1,1,1,0,1,1,0,0,0,0,1,0,0,1,1,1,1,2,3,1,2,24,1,4,1,70,2,1,3
1061,1.0,1.0,5.0,2.0,2.0,5.0,4.0,1.0,5.0,5.0,1.0,5.0,1.0,2.0,5.0,4.0,5.0,4.0,1.0,1.0,3,4,5,5,6,7,7,2,5,3,1,1,0,1,0,0,0,0,0,1,0,0,0,0,1,1,2,1,2,1,54,1,6,1,60,1,2,5
1062,2.0,2.0,4.0,5.0,1.0,2.0,2.0,1.0,5.0,5.0,5.0,5.0,1.0,4.0,3.0,5.0,5.0,1.0,5.0,1.0,7,5,5,5,7,2,7,4,5,2,1,1,1,1,1,0,0,0,0,1,0,1,0,1,1,1,3,2,2,1,47,1,6,2,60,2,3,2
1063,5.0,4.0,2.0,1.0,5.0,4.0,2.0,2.0,5.0,1.0,4.0,5.0,1.0,1.0,2.0,2.0,1.0,4.0,5.0,4.0,3,3,2,1,7,5,5,6,6,2,1,1,0,1,1,0,0,0,0,1,0,0,1,1,1,1,3,3,1,2,22,1,2,1,60,2,1,3
1064,3.0,4.0,4.0,3.0,3.0,2.0,2.0,5.0,5.0,4.0,3.0,5.0,4.0,1.0,4.0,2.0,2.0,4.0,4.0,4.0,2,6,4,5,4,7,5,4,6,3,1,1,1,1,1,0,0,0,0,1,0,0,1,1,1,1,3,2,1,1,23,1,6,1,60,2,1,2
1065,3.0,4.0,4.0,4.0,4.0,2.0,2.0,3.0,3.0,5.0,1.0,5.0,1.0,1.0,4.0,2.0,5.0,1.0,5.0,1.0,5,4,7,7,5,1,7,1,6,4,0,1,0,0,1,0,0,0,0,1,0,0,0,1,1,1,4,3,2,2,23,1,10,1,70,2,1,2
1066,1.0,2.0,5.0,5.0,4.0,5.0,2.0,2.0,5.0,4.0,5.0,2.0,2.0,4.0,4.0,4.0,3.0,4.0,3.0,5.0,6,2,5,6,7,3,6,1,5,5,1,1,1,1,1,0,1,1,0,1,1,0,1,1,1,1,4,2,1,2,30,1,4,2,10,2,1,1
1067,1.0,4.0,1.0,4.0,2.0,5.0,1.0,3.0,5.0,5.0,1.0,4.0,1.0,1.0,5.0,2.0,1.0,5.0,5.0,5.0,7,5,6,1,7,2,7,6,7,6,1,1,0,1,1,0,1,0,0,1,0,0,1,1,1,1,3,2,1,1,50,1,1,1,60,2,1,2
1068,4.0,4.0,2.0,3.0,5.0,3.0,1.0,2.0,4.0,4.0,1.0,4.0,4.0,2.0,4.0,3.0,2.0,4.0,5.0,1.0,3,5,4,4,5,6,4,5,6,5,1,1,0,1,1,1,0,0,0,1,1,0,1,1,1,1,3,3,1,1,33,1,2,1,60,1,1,4
1069,3.0,3.0,3.0,1.0,4.0,1.0,1.0,4.0,5.0,2.0,2.0,4.0,2.0,2.0,4.0,1.0,3.0,4.0,5.0,1.0,3,5,5,7,2,7,7,6,2,4,1,1,1,1,1,0,0,0,0,1,0,0,1,1,1,1,3,3,2,2,28,1,4,1,60,2,1,3
1070,5.0,4.0,2.0,2.0,4.0,1.0,2.0,3.0,1.0,2.0,1.0,5.0,4.0,1.0,4.0,1.0,3.0,3.0,4.0,5.0,5,4,5,6,6,2,1,1,4,1,0,0,0,0,0,0,0,1,0,1,0,0,0,1,0,1,0,3,2,2,33,1,1,1,60,1,1,2
1071,4.0,5.0,2.0,3.0,4.0,1.0,1.0,4.0,2.0,1.0,1.0,5.0,5.0,2.0,4.0,1.0,5.0,4.0,5.0,1.0,4,7,3,4,7,7,3,1,3,1,1,1,1,1,1,0,1,1,0,1,1,1,1,1,1,1,4,1,2,1,58,1,2,1,60,1,2,5
1072,2.0,5.0,3.0,5.0,2.0,2.0,2.0,2.0,2.0,1.0,1.0,4.0,3.0,1.0,5.0,2.0,1.0,4.0,5.0,1.0,7,7,6,1,7,1,6,5,5,1,1,1,0,1,1,0,0,0,0,1,1,0,1,1,1,1,2,3,2,2,31,2,1,3,60,1,3,3
1073,5.0,1.0,1.0,1.0,5.0,1.0,1.0,5.0,2.0,1.0,1.0,5.0,4.0,1.0,3.0,1.0,1.0,5.0,5.0,5.0,2,7,4,4,5,4,3,5,5,2,1,1,0,1,1,1,1,1,0,1,0,0,1,1,1,1,4,3,1,2,26,1,1,1,60,1,1,3
1074,5.0,5.0,5.0,3.0,5.0,3.0,5.0,3.0,4.0,4.0,2.0,5.0,3.0,4.0,4.0,3.0,3.0,5.0,5.0,1.0,4,5,7,7,7,6,4,4,3,4,1,1,0,1,1,0,0,0,0,1,0,0,0,0,1,1,4,1,2,2,19,1,8,2,10,1,1,1
1075,1.0,1.0,4.0,5.0,4.0,4.0,2.0,2.0,5.0,4.0,1.0,3.0,1.0,3.0,3.0,4.0,2.0,5.0,4.0,3.0,7,5,5,3,7,2,6,5,5,2,1,1,1,1,1,0,0,1,0,1,0,0,1,1,1,1,3,2,1,1,65,1,12,1,60,1,3,7
1076,4.0,4.0,2.0,3.0,3.0,4.0,2.0,4.0,3.0,4.0,2.0,5.0,3.0,2.0,4.0,2.0,3.0,4.0,5.0,3.0,3,5,7,5,5,4,5,1,4,1,1,1,0,1,1,0,0,0,0,1,0,0,1,1,1,1,3,1,1,1,28,1,6,2,60,1,1,3
1077,4.0,1.0,5.0,3.0,5.0,5.0,5.0,1.0,5.0,5.0,2.0,2.0,3.0,2.0,1.0,5.0,3.0,1.0,5.0,1.0,4,1,7,4,7,4,6,1,4,1,1,0,0,0,0,0,0,0,0,0,0,0,0,0,0,1,3,3,1,1,50,1,7,1,60,1,2,5
1078,5.0,5.0,1.0,2.0,5.0,1.0,1.0,4.0,3.0,4.0,1.0,5.0,5.0,1.0,3.0,1.0,2.0,5.0,5.0,4.0,3,5,7,5,5,7,7,1,6,1,1,1,0,1,1,0,0,0,0,1,0,0,0,1,1,1,3,1,1,2,22,1,6,1,60,2,1,3
1079,2.0,1.0,4.0,4.0,1.0,2.0,2.0,1.0,5.0,5.0,2.0,1.0,1.0,2.0,1.0,2.0,4.0,1.0,3.0,3.0,6,2,6,2,6,4,7,3,6,2,1,1,0,1,1,0,0,0,0,1,0,0,1,1,1,1,4,3,1,1,31,1,7,1,60,1,1,2
1080,5.0,5.0,1.0,1.0,5.0,1.0,1.0,5.0,1.0,1.0,1.0,5.0,5.0,2.0,4.0,2.0,1.0,5.0,4.0,5.0,3,5,6,2,5,6,4,3,7,5,1,1,0,1,1,0,0,0,0,1,0,0,1,1,1,1,4,2,1,1,35,1,2,1,60,2,2,2
1081,1.0,2.0,2.0,5.0,1.0,4.0,2.0,1.0,3.0,4.0,2.0,4.0,1.0,2.0,4.0,5.0,5.0,3.0,5.0,1.0,6,5,7,5,6,5,7,6,5,2,1,1,0,1,1,0,0,0,0,1,0,0,0,1,1,1,4,2,2,2,31,1,6,1,60,1,1,1
1082,5.0,5.0,1.0,1.0,5.0,1.0,1.0,3.0,1.0,1.0,1.0,5.0,5.0,1.0,5.0,1.0,1.0,5.0,3.0,5.0,1,7,7,1,6,7,5,1,7,2,1,1,0,1,1,0,0,1,0,1,0,0,0,1,1,1,3,1,1,2,25,1,2,4,60,2,1,1
1083,5.0,5.0,1.0,1.0,5.0,2.0,1.0,4.0,3.0,2.0,1.0,5.0,5.0,1.0,5.0,3.0,1.0,3.0,5.0,3.0,1,7,3,5,3,7,1,3,6,6,1,1,0,1,1,0,0,0,0,1,0,0,1,1,1,1,4,2,1,2,29,1,2,1,60,2,1,3
1084,5.0,4.0,5.0,5.0,4.0,2.0,2.0,5.0,1.0,2.0,1.0,5.0,1.0,2.0,4.0,4.0,1.0,2.0,1.0,4.0,7,1,6,1,7,1,6,2,7,1,1,1,1,1,1,0,1,0,0,1,1,0,1,1,1,1,3,1,1,1,57,1,6,1,60,1,2,2
1085,4.0,4.0,2.0,2.0,5.0,1.0,1.0,4.0,5.0,1.0,1.0,5.0,1.0,1.0,3.0,1.0,5.0,5.0,5.0,3.0,5,1,2,6,7,5,6,6,6,5,1,1,0,1,1,0,0,1,0,1,1,0,1,1,1,1,3,2,2,2,21,1,2,2,60,1,1,2
1086,1.0,2.0,5.0,5.0,1.0,4.0,4.0,2.0,5.0,5.0,1.0,1.0,1.0,4.0,2.0,5.0,3.0,4.0,5.0,1.0,6,6,7,5,6,5,7,3,5,1,1,1,0,1,1,0,0,1,0,1,0,0,1,1,1,1,3,2,1,2,26,1,2,3,60,1,1,2
1087,5.0,5.0,1.0,1.0,5.0,1.0,1.0,5.0,1.0,1.0,1.0,5.0,2.0,1.0,3.0,1.0,1.0,1.0,5.0,5.0,1,7,4,7,7,7,5,5,3,5,1,1,0,1,1,0,0,0,0,1,0,0,1,1,1,1,3,3,1,2,43,1,4,1,60,1,3,2
1088,5.0,5.0,5.0,2.0,5.0,5.0,5.0,1.0,5.0,2.0,2.0,5.0,5.0,1.0,1.0,1.0,3.0,1.0,5.0,5.0,5,7,7,6,7,1,7,5,7,1,1,1,1,1,1,1,0,0,0,1,0,0,1,1,1,1,4,3,1,2,25,1,2,1,70,1,1,2
1089,2.0,4.0,5.0,2.0,4.0,4.0,5.0,1.0,5.0,4.0,4.0,3.0,1.0,4.0,4.0,5.0,3.0,2.0,5.0,2.0,2,2,5,6,2,6,7,6,3,5,1,1,0,1,1,0,0,0,0,1,0,0,1,1,1,1,4,2,2,2,25,1,2,1,70,1,1,3
1090,4.0,4.0,2.0,4.0,4.0,2.0,1.0,5.0,5.0,2.0,2.0,2.0,1.0,1.0,4.0,1.0,1.0,4.0,5.0,1.0,2,6,5,5,3,7,6,3,3,2,1,1,0,1,1,0,0,0,0,1,0,0,1,1,1,1,3,3,1,1,43,1,1,3,60,1,1,3
1091,5.0,3.0,2.0,1.0,2.0,1.0,1.0,2.0,2.0,4.0,2.0,4.0,4.0,3.0,5.0,2.0,2.0,5.0,5.0,3.0,2,4,2,5,3,6,5,3,6,1,1,1,0,1,1,0,0,0,0,1,0,0,1,1,1,1,2,3,1,1,19,1,1,1,70,2,1,5
1092,1.0,4.0,5.0,4.0,4.0,4.0,4.0,4.0,5.0,4.0,3.0,5.0,4.0,1.0,3.0,4.0,5.0,5.0,5.0,1.0,7,5,5,6,7,1,6,7,4,3,1,1,1,1,1,0,0,1,0,1,0,0,1,1,1,1,2,2,2,1,21,1,2,1,60,1,1,3
1093,5.0,5.0,1.0,2.0,5.0,1.0,1.0,5.0,5.0,3.0,1.0,5.0,5.0,2.0,5.0,1.0,1.0,2.0,5.0,4.0,1,6,5,2,5,7,2,4,7,7,0,1,1,1,0,0,1,0,0,1,0,0,0,1,0,1,2,3,1,2,16,1,4,1,70,2,1,2
1094,1.0,1.0,2.0,2.0,4.0,4.0,5.0,1.0,5.0,4.0,2.0,3.0,4.0,4.0,2.0,4.0,3.0,1.0,5.0,1.0,6,5,1,6,5,5,6,7,5,6,1,1,0,1,1,0,0,0,0,1,0,0,0,0,1,1,2,3,0,1,23,1,0,1,50,1,1,3
1095,3.0,4.0,1.0,1.0,4.0,1.0,1.0,2.0,2.0,1.0,1.0,5.0,5.0,2.0,4.0,1.0,4.0,5.0,5.0,3.0,6,7,7,2,7,3,5,1,6,1,1,1,0,1,1,0,0,1,0,1,0,0,1,1,1,1,3,1,1,2,20,1,2,1,60,2,1,1
1096,4.0,3.0,1.0,2.0,4.0,2.0,1.0,4.0,1.0,2.0,2.0,5.0,2.0,1.0,3.0,2.0,1.0,4.0,5.0,4.0,2,7,6,2,6,6,3,1,7,3,1,1,0,1,1,0,0,1,0,1,0,0,1,1,1,1,3,3,1,2,27,1,2,1,60,2,1,3
1097,2.0,3.0,4.0,2.0,4.0,4.0,3.0,2.0,5.0,4.0,1.0,2.0,2.0,4.0,3.0,4.0,2.0,4.0,5.0,1.0,5,5,3,5,6,3,7,7,3,1,1,1,1,1,1,0,0,0,0,1,1,0,1,1,1,1,3,0,2,1,21,1,7,2,30,2,1,4
1098,5.0,1.0,2.0,1.0,5.0,2.0,1.0,5.0,5.0,5.0,1.0,5.0,1.0,1.0,4.0,5.0,1.0,4.0,5.0,1.0,5,2,6,1,2,6,3,2,6,6,1,1,0,1,1,1,0,0,0,1,0,1,1,1,1,1,3,2,1,1,25,1,7,1,60,2,1,2
1099,5.0,5.0,1.0,4.0,4.0,4.0,1.0,2.0,4.0,2.0,1.0,5.0,4.0,2.0,4.0,2.0,1.0,4.0,5.0,3.0,5,6,1,7,6,5,5,6,5,2,1,1,0,1,1,0,0,0,0,1,1,0,1,1,1,1,3,1,1,1,24,2,2,1,60,2,1,3
1100,2.0,2.0,4.0,5.0,4.0,5.0,4.0,4.0,5.0,3.0,5.0,1.0,2.0,4.0,4.0,5.0,5.0,3.0,5.0,1.0,7,6,7,3,7,2,7,6,4,1,1,1,0,1,1,0,0,0,0,1,0,0,1,0,1,1,3,3,2,2,21,1,2,1,10,2,1,3
1101,4.0,4.0,2.0,3.0,4.0,1.0,2.0,4.0,4.0,4.0,2.0,5.0,2.0,2.0,3.0,1.0,2.0,4.0,4.0,2.0,5,6,5,6,6,3,5,2,3,3,1,1,1,1,1,0,0,1,0,1,0,0,1,1,1,1,3,2,2,2,31,1,2,3,70,2,1,3
1102,5.0,4.0,2.0,1.0,5.0,1.0,2.0,4.0,3.0,1.0,1.0,5.0,2.0,2.0,5.0,1.0,4.0,5.0,5.0,4.0,3,6,6,6,2,5,3,4,2,4,1,1,0,1,1,0,0,0,0,1,0,0,0,0,0,1,1,3,2,1,15,2,7,1,30,2,1,2
1103,5.0,5.0,1.0,1.0,5.0,1.0,1.0,5.0,4.0,1.0,1.0,5.0,5.0,1.0,5.0,1.0,1.0,1.0,4.0,5.0,1,5,7,1,6,7,5,2,6,1,1,1,1,1,1,0,1,1,0,1,0,1,1,1,1,1,3,1,1,1,26,1,12,1,60,1,1,2
1104,1.0,2.0,4.0,3.0,2.0,2.0,2.0,2.0,2.0,3.0,1.0,4.0,1.0,2.0,4.0,4.0,1.0,4.0,5.0,1.0,2,6,6,5,3,4,3,2,6,5,1,1,0,1,1,0,0,1,0,1,0,0,1,1,1,1,3,2,1,1,26,1,1,1,60,2,1,2
1105,4.0,3.0,2.0,1.0,5.0,1.0,1.0,5.0,1.0,2.0,1.0,5.0,4.0,1.0,5.0,1.0,1.0,5.0,5.0,3.0,2,7,6,2,7,2,2,1,7,1,1,1,0,1,1,1,0,1,0,1,0,1,1,1,1,1,3,2,1,2,24,1,1,1,60,1,1,2
1106,4.0,4.0,2.0,5.0,2.0,5.0,4.0,2.0,5.0,2.0,5.0,2.0,2.0,4.0,4.0,2.0,4.0,2.0,2.0,2.0,2,6,6,6,7,3,5,5,3,5,1,1,1,1,1,0,1,1,1,1,1,1,1,1,1,1,4,2,2,2,40,1,7,1,10,1,2,4
1107,4.0,5.0,1.0,1.0,5.0,1.0,1.0,4.0,2.0,3.0,1.0,4.0,4.0,1.0,5.0,1.0,1.0,5.0,5.0,1.0,1,5,7,5,2,7,2,1,4,1,1,1,1,1,1,0,0,1,0,1,1,1,1,1,1,1,3,3,1,1,41,1,2,1,60,1,1,3
1108,5.0,4.0,2.0,3.0,4.0,2.0,1.0,2.0,4.0,3.0,1.0,5.0,5.0,1.0,5.0,2.0,4.0,4.0,5.0,4.0,7,4,6,3,5,1,7,4,6,4,1,1,1,1,1,0,1,1,0,1,0,0,1,1,1,1,4,2,1,2,29,1,2,1,30,1,1,4
1109,5.0,2.0,1.0,1.0,5.0,1.0,1.0,5.0,3.0,4.0,1.0,5.0,4.0,1.0,2.0,1.0,5.0,4.0,5.0,1.0,3,2,6,2,7,6,3,4,2,1,1,1,1,1,1,0,0,0,0,1,0,0,1,1,1,1,3,2,1,2,27,1,2,3,10,1,1,1
1110,5.0,3.0,1.0,1.0,5.0,1.0,1.0,1.0,1.0,1.0,1.0,5.0,5.0,1.0,5.0,1.0,1.0,5.0,5.0,4.0,6,4,5,2,7,2,5,5,7,6,1,1,1,1,1,0,0,1,0,1,0,0,1,1,1,1,3,2,1,1,25,1,1,2,70,1,1,2
1111,1.0,1.0,2.0,3.0,3.0,2.0,2.0,1.0,4.0,2.0,1.0,5.0,4.0,1.0,3.0,1.0,1.0,4.0,5.0,1.0,6,2,6,1,7,6,5,6,7,7,1,1,1,1,1,1,1,1,0,1,0,1,1,1,1,1,3,2,2,1,21,1,6,2,60,1,1,2
1112,1.0,3.0,2.0,3.0,5.0,1.0,1.0,1.0,5.0,3.0,1.0,4.0,3.0,1.0,4.0,1.0,1.0,2.0,5.0,1.0,6,1,6,1,7,4,7,2,7,1,1,1,0,1,1,1,0,0,0,1,0,0,1,1,1,1,2,1,1,1,20,1,2,1,60,2,1,2
1113,4.0,2.0,3.0,4.0,5.0,2.0,2.0,4.0,3.0,2.0,2.0,5.0,4.0,2.0,5.0,2.0,1.0,4.0,3.0,1.0,4,5,5,5,7,6,6,3,6,3,1,1,0,1,1,0,0,0,0,1,0,0,1,0,1,1,4,3,1,1,33,1,6,1,60,1,2,2
1114,5.0,5.0,2.0,1.0,4.0,2.0,1.0,5.0,2.0,3.0,1.0,5.0,5.0,2.0,3.0,1.0,1.0,5.0,5.0,4.0,5,7,2,6,4,3,6,6,3,3,1,1,1,1,1,0,1,0,0,1,0,0,1,1,1,1,3,2,1,1,35,1,2,1,10,2,1,2
1115,4.0,5.0,1.0,3.0,5.0,3.0,2.0,5.0,3.0,4.0,3.0,5.0,5.0,1.0,4.0,3.0,1.0,2.0,5.0,4.0,6,7,7,4,5,5,3,6,6,5,1,1,1,1,1,1,0,1,0,1,0,0,1,1,1,1,3,2,1,1,27,1,1,1,60,2,1,1
1116,5.0,5.0,4.0,5.0,5.0,4.0,1.0,2.0,5.0,3.0,1.0,5.0,5.0,2.0,2.0,5.0,1.0,4.0,5.0,2.0,5,6,6,5,6,2,6,6,6,2,1,1,1,1,1,0,0,1,0,1,0,0,1,1,1,0,3,1,1,2,22,1,2,1,10,1,1,4
1117,5.0,5.0,4.0,1.0,5.0,1.0,2.0,5.0,2.0,5.0,1.0,5.0,5.0,4.0,5.0,1.0,5.0,5.0,5.0,5.0,4,5,6,4,7,7,2,1,7,2,1,1,0,1,1,0,1,0,0,1,0,0,1,1,1,1,3,3,1,2,32,1,8,1,10,1,2,2
1118,5.0,5.0,3.0,1.0,3.0,2.0,1.0,3.0,1.0,1.0,1.0,5.0,5.0,1.0,3.0,1.0,1.0,5.0,5.0,4.0,4,6,6,4,6,6,4,5,4,1,1,1,1,1,1,0,0,0,0,1,0,0,1,1,1,1,4,3,1,2,27,1,2,1,60,1,1,2
1119,4.0,4.0,2.0,2.0,4.0,2.0,1.0,4.0,3.0,3.0,1.0,5.0,5.0,2.0,3.0,1.0,3.0,5.0,5.0,2.0,7,5,5,3,7,1,6,4,5,1,1,1,0,1,1,0,0,0,0,1,0,0,0,0,1,1,3,3,1,2,44,1,1,1,70,1,2,1
1120,1.0,3.0,5.0,5.0,4.0,1.0,4.0,1.0,5.0,5.0,1.0,4.0,1.0,3.0,4.0,5.0,2.0,1.0,5.0,1.0,6,7,7,6,4,1,3,2,4,4,1,1,0,1,1,0,0,0,0,1,0,0,1,1,1,1,4,2,1,1,50,1,1,1,60,2,2,2
1121,5.0,2.0,5.0,1.0,5.0,5.0,4.0,5.0,5.0,3.0,1.0,5.0,5.0,1.0,1.0,1.0,4.0,4.0,5.0,4.0,2,2,7,2,7,6,4,2,6,1,1,1,1,1,1,0,1,1,0,1,0,0,1,1,1,1,4,2,2,2,24,1,2,3,10,2,1,2
1122,5.0,1.0,1.0,1.0,3.0,4.0,1.0,5.0,5.0,3.0,1.0,1.0,4.0,1.0,5.0,1.0,1.0,1.0,5.0,5.0,7,6,7,1,6,2,7,1,7,1,1,1,0,1,1,1,0,0,0,1,0,0,1,1,1,1,3,3,1,2,27,1,12,1,60,1,1,3
1123,5.0,1.0,5.0,4.0,5.0,5.0,3.0,5.0,3.0,5.0,5.0,1.0,3.0,1.0,1.0,5.0,1.0,3.0,5.0,1.0,7,5,5,1,7,4,7,1,7,7,0,0,0,0,0,0,0,0,0,1,0,0,0,0,0,1,3,3,1,2,29,1,12,1,60,2,1,1
1124,5.0,5.0,4.0,2.0,5.0,2.0,3.0,4.0,3.0,2.0,1.0,5.0,2.0,2.0,4.0,2.0,3.0,4.0,3.0,3.0,1,5,4,5,4,5,4,3,2,5,1,1,1,1,1,0,0,1,0,1,1,0,0,1,1,1,4,3,2,2,26,0,7,1,60,2,1,1
1125,4.0,4.0,1.0,1.0,5.0,1.0,1.0,4.0,3.0,1.0,1.0,5.0,5.0,2.0,4.0,1.0,5.0,5.0,5.0,2.0,6,6,4,3,7,6,3,2,6,1,1,1,1,1,1,0,0,0,0,1,1,0,1,1,1,1,2,1,1,2,36,1,2,1,60,2,1,2
1126,2.0,1.0,2.0,1.0,4.0,4.0,5.0,4.0,5.0,4.0,1.0,4.0,1.0,1.0,5.0,1.0,5.0,5.0,5.0,5.0,3,3,6,6,6,7,5,5,2,1,1,1,1,1,1,0,1,1,0,1,1,0,1,1,1,1,4,2,1,1,38,1,6,1,60,1,3,3
1127,5.0,5.0,1.0,2.0,5.0,1.0,2.0,4.0,2.0,1.0,3.0,5.0,2.0,1.0,5.0,1.0,3.0,4.0,5.0,4.0,4,5,4,2,6,6,6,4,7,3,1,1,1,1,0,0,0,0,0,1,1,0,0,1,1,1,2,3,1,2,26,1,2,1,60,2,2,2
1128,5.0,5.0,5.0,2.0,3.0,5.0,4.0,5.0,5.0,5.0,2.0,5.0,1.0,2.0,5.0,5.0,3.0,2.0,5.0,1.0,6,2,7,5,6,6,7,3,3,2,1,1,1,1,1,0,1,1,0,1,0,0,1,1,1,1,3,3,2,2,27,1,4,1,60,1,1,1
1129,3.0,4.0,3.0,4.0,2.0,3.0,3.0,4.0,4.0,4.0,1.0,4.0,2.0,2.0,3.0,2.0,2.0,4.0,4.0,3.0,5,5,3,2,6,6,6,5,6,3,1,1,1,1,1,1,0,0,0,1,1,0,1,1,1,1,3,1,1,1,35,1,2,1,60,1,1,3
1130,4.0,4.0,2.0,2.0,4.0,1.0,5.0,2.0,3.0,4.0,1.0,4.0,5.0,3.0,1.0,1.0,1.0,4.0,5.0,1.0,6,7,6,4,7,2,1,1,7,1,1,1,1,1,1,0,0,1,0,1,0,0,1,1,1,1,3,3,1,2,27,1,2,1,60,2,1,1
1131,4.0,4.0,5.0,5.0,4.0,4.0,2.0,5.0,5.0,4.0,1.0,2.0,1.0,2.0,1.0,5.0,4.0,4.0,5.0,1.0,1,5,5,7,6,7,6,1,1,7,1,1,1,1,1,1,1,0,0,1,0,1,1,1,1,1,3,3,2,2,47,1,5,1,70,2,2,6
1132,4.0,5.0,3.0,4.0,4.0,4.0,2.0,4.0,3.0,2.0,3.0,2.0,2.0,1.0,4.0,2.0,5.0,4.0,5.0,1.0,6,6,4,1,7,3,3,5,7,3,1,1,1,1,1,1,0,1,0,1,0,0,1,1,1,1,3,1,1,1,21,1,1,1,60,1,1,2
1133,2.0,2.0,4.0,3.0,2.0,5.0,4.0,4.0,5.0,3.0,2.0,4.0,1.0,1.0,3.0,4.0,4.0,4.0,4.0,2.0,2,5,6,5,6,5,6,3,5,1,1,0,0,0,0,0,0,1,1,1,0,0,0,1,0,0,3,2,1,2,38,3,1,1,60,1,2,2
1134,2.0,2.0,2.0,3.0,4.0,4.0,4.0,2.0,4.0,4.0,3.0,4.0,5.0,2.0,3.0,5.0,4.0,3.0,5.0,3.0,3,5,6,4,5,7,4,2,7,2,1,1,1,1,1,0,0,1,1,1,1,1,1,1,1,1,3,3,3,2,21,1,2,1,60,2,1,2
1135,3.0,1.0,3.0,1.0,3.0,2.0,3.0,5.0,4.0,3.0,1.0,5.0,1.0,1.0,3.0,1.0,1.0,5.0,5.0,4.0,1,6,6,7,4,7,1,5,2,1,1,0,0,1,0,0,0,0,0,1,0,0,0,1,1,0,2,1,1,2,22,1,10,5,10,2,1,2
1136,2.0,5.0,4.0,1.0,5.0,1.0,2.0,4.0,3.0,2.0,2.0,5.0,4.0,2.0,2.0,1.0,1.0,4.0,5.0,1.0,2,7,6,6,3,5,5,2,5,1,1,1,0,1,1,0,0,1,0,1,0,0,0,1,1,1,2,1,2,2,17,1,12,4,60,2,1,1
1137,2.0,1.0,1.0,1.0,5.0,2.0,1.0,1.0,4.0,1.0,1.0,4.0,1.0,2.0,1.0,1.0,4.0,4.0,5.0,4.0,3,6,6,1,4,6,5,2,7,5,0,1,0,0,0,0,0,0,0,1,0,0,1,1,1,1,3,2,1,2,22,1,2,1,60,1,1,2
1138,4.0,4.0,2.0,5.0,3.0,1.0,1.0,2.0,4.0,2.0,3.0,4.0,3.0,3.0,4.0,4.0,2.0,4.0,4.0,1.0,2,5,1,5,7,3,5,7,4,2,1,1,0,1,1,0,0,1,0,1,0,0,1,1,1,1,2,2,3,1,30,1,2,2,60,1,1,2
1139,5.0,4.0,2.0,1.0,4.0,2.0,3.0,2.0,2.0,2.0,1.0,4.0,4.0,1.0,5.0,1.0,1.0,4.0,5.0,3.0,7,5,7,4,7,1,3,1,6,3,1,1,1,1,1,0,0,0,0,1,0,1,1,1,1,1,3,3,1,1,35,1,2,1,60,1,3,2
1140,2.0,4.0,4.0,3.0,2.0,2.0,2.0,4.0,5.0,4.0,1.0,5.0,1.0,4.0,4.0,2.0,2.0,2.0,4.0,1.0,5,4,6,5,6,3,6,2,2,2,1,1,0,1,1,0,0,0,0,1,0,0,0,1,1,1,3,3,2,1,25,1,7,1,30,2,1,5
1141,1.0,1.0,4.0,5.0,4.0,5.0,3.0,2.0,5.0,3.0,1.0,4.0,4.0,5.0,1.0,3.0,5.0,4.0,4.0,4.0,7,5,5,1,7,2,4,1,3,2,1,1,1,1,1,0,0,0,0,1,0,1,0,1,1,1,3,3,2,2,27,1,7,1,60,1,2,2
1142,2.0,3.0,4.0,1.0,5.0,4.0,2.0,3.0,5.0,2.0,1.0,1.0,2.0,1.0,5.0,1.0,1.0,2.0,1.0,3.0,3,5,6,1,6,4,2,5,7,6,1,1,1,1,1,0,0,1,0,1,0,1,1,1,1,1,3,1,1,1,26,1,6,1,70,1,1,3
1143,5.0,5.0,4.0,1.0,5.0,1.0,1.0,4.0,2.0,1.0,1.0,5.0,4.0,1.0,5.0,1.0,1.0,5.0,5.0,5.0,6,5,6,2,7,6,5,2,6,1,1,1,1,1,1,1,1,1,1,1,0,1,1,1,1,1,2,1,2,1,33,3,1,1,60,1,3,3
1144,5.0,5.0,1.0,1.0,5.0,1.0,1.0,5.0,1.0,1.0,1.0,5.0,5.0,1.0,5.0,1.0,5.0,5.0,5.0,4.0,1,7,4,5,3,7,4,1,2,4,1,0,0,1,1,0,0,1,0,1,0,0,0,0,1,1,3,2,1,2,20,1,7,1,60,2,1,2
1145,2.0,1.0,4.0,1.0,5.0,5.0,5.0,2.0,5.0,5.0,1.0,5.0,2.0,1.0,2.0,1.0,2.0,5.0,4.0,3.0,6,7,2,3,7,2,6,7,6,2,1,1,0,1,1,0,0,1,0,1,0,0,1,1,1,1,2,3,2,2,19,1,2,1,60,1,1,1
1146,5.0,5.0,1.0,3.0,5.0,1.0,1.0,5.0,1.0,1.0,1.0,5.0,2.0,1.0,4.0,1.0,1.0,5.0,5.0,4.0,2,2,2,6,5,7,6,6,5,5,1,1,0,1,1,0,0,0,0,1,0,0,0,0,1,1,3,3,2,2,32,1,2,1,60,2,1,2
1147,5.0,4.0,2.0,2.0,4.0,4.0,1.0,5.0,3.0,5.0,2.0,5.0,2.0,1.0,4.0,2.0,1.0,4.0,5.0,1.0,7,5,6,4,6,1,3,1,2,2,1,1,0,1,1,1,0,1,0,1,0,0,1,1,1,1,3,1,1,1,35,1,1,1,60,2,3,6
1148,4.0,4.0,5.0,3.0,3.0,3.0,2.0,4.0,4.0,4.0,2.0,4.0,1.0,3.0,3.0,2.0,3.0,3.0,5.0,1.0,3,5,5,7,5,4,7,6,3,1,1,1,1,1,1,1,0,0,0,1,1,1,1,1,1,1,3,2,2,1,18,1,2,5,60,1,1,2
1149,5.0,2.0,2.0,2.0,4.0,1.0,1.0,4.0,2.0,3.0,1.0,5.0,4.0,1.0,3.0,1.0,1.0,4.0,5.0,3.0,7,5,6,5,6,1,5,1,6,2,1,1,1,1,1,0,1,0,0,1,0,0,1,1,1,1,3,3,1,1,38,1,2,1,60,2,2,1
1150,2.0,4.0,1.0,4.0,1.0,5.0,2.0,1.0,5.0,5.0,5.0,4.0,1.0,2.0,3.0,4.0,5.0,1.0,5.0,1.0,3,7,6,4,5,5,7,5,5,1,1,1,0,1,1,0,0,1,0,1,0,0,1,1,1,1,2,1,1,2,21,1,1,1,60,1,1,2
1151,4.0,5.0,1.0,2.0,5.0,1.0,1.0,4.0,4.0,2.0,1.0,5.0,4.0,1.0,5.0,1.0,2.0,5.0,5.0,1.0,6,5,4,2,6,3,5,5,5,2,1,1,0,1,1,0,0,0,0,1,0,0,1,1,1,1,4,2,1,2,26,1,8,1,10,2,1,2
1152,5.0,5.0,2.0,1.0,5.0,1.0,1.0,1.0,1.0,3.0,1.0,5.0,1.0,1.0,4.0,1.0,1.0,1.0,3.0,2.0,3,1,4,1,7,7,4,2,7,1,1,1,0,1,1,0,0,1,0,1,0,0,1,1,1,1,2,3,1,2,22,1,1,1,60,2,1,3
1153,5.0,5.0,1.0,1.0,2.0,1.0,1.0,4.0,1.0,1.0,1.0,5.0,5.0,1.0,5.0,2.0,5.0,5.0,5.0,3.0,5,6,6,1,7,6,6,7,7,1,1,1,1,1,1,0,1,1,0,1,0,0,1,1,1,1,3,3,1,2,22,3,2,1,60,1,1,1
1154,1.0,1.0,4.0,4.0,2.0,3.0,2.0,1.0,4.0,5.0,1.0,3.0,2.0,5.0,2.0,1.0,1.0,2.0,5.0,1.0,1,3,4,1,2,6,5,4,6,2,1,1,1,1,1,0,0,0,0,1,1,0,1,1,1,1,4,1,1,1,22,1,1,1,60,1,1,2
1155,5.0,5.0,1.0,1.0,5.0,1.0,1.0,4.0,4.0,4.0,1.0,4.0,3.0,1.0,5.0,4.0,1.0,2.0,5.0,4.0,7,6,6,3,7,1,6,1,7,7,1,1,0,1,1,0,0,0,0,1,0,0,1,1,1,1,3,2,2,1,28,1,7,1,30,1,1,3
1156,2.0,4.0,4.0,4.0,1.0,4.0,2.0,1.0,5.0,2.0,4.0,2.0,2.0,2.0,4.0,5.0,5.0,2.0,4.0,1.0,6,5,5,6,7,5,7,7,3,3,1,1,0,1,1,0,0,1,0,1,0,0,1,1,1,1,2,2,2,1,20,1,2,2,60,1,1,2
1157,5.0,2.0,5.0,4.0,2.0,4.0,2.0,1.0,4.0,4.0,1.0,4.0,2.0,3.0,4.0,5.0,1.0,2.0,5.0,5.0,1,1,6,1,6,7,5,5,7,2,1,1,0,1,1,0,0,1,0,1,0,0,1,1,1,1,3,2,1,1,35,1,1,1,60,2,2,2
1158,3.0,4.0,1.0,4.0,4.0,5.0,1.0,4.0,5.0,1.0,1.0,5.0,4.0,2.0,3.0,5.0,2.0,4.0,5.0,2.0,7,6,6,3,6,1,7,2,6,3,1,1,1,1,1,0,0,1,0,1,0,1,1,1,1,1,3,3,2,1,30,1,2,5,60,1,2,3
1159,4.0,4.0,3.0,3.0,5.0,3.0,1.0,1.0,3.0,2.0,3.0,5.0,3.0,3.0,3.0,1.0,3.0,3.0,4.0,3.0,4,6,5,7,7,4,6,1,1,1,1,1,1,1,1,0,0,0,0,1,0,0,1,1,1,1,3,3,2,2,25,1,12,2,60,2,1,1
1160,2.0,5.0,4.0,1.0,4.0,1.0,1.0,1.0,4.0,1.0,1.0,5.0,4.0,1.0,1.0,1.0,2.0,4.0,5.0,1.0,1,6,7,3,6,1,1,1,1,7,1,1,0,1,1,0,0,0,0,1,0,0,1,1,1,1,3,1,2,1,21,1,2,1,60,1,1,3
1161,4.0,2.0,1.0,4.0,4.0,2.0,4.0,2.0,3.0,2.0,2.0,5.0,5.0,2.0,4.0,2.0,2.0,5.0,4.0,2.0,4,6,7,1,5,7,2,1,7,4,1,1,0,1,1,0,0,0,0,1,0,1,1,1,1,1,4,3,1,1,22,2,2,3,60,1,1,1
1162,4.0,4.0,1.0,2.0,4.0,4.0,1.0,2.0,3.0,5.0,1.0,2.0,4.0,1.0,5.0,1.0,1.0,5.0,5.0,2.0,2,6,5,1,7,6,2,2,7,4,1,1,1,1,1,0,0,1,0,1,0,1,1,1,1,1,3,3,1,1,32,2,2,1,70,1,2,2
1163,4.0,1.0,5.0,4.0,2.0,4.0,4.0,2.0,5.0,4.0,1.0,5.0,2.0,1.0,4.0,4.0,1.0,4.0,5.0,4.0,7,5,6,1,6,3,6,3,7,5,1,1,1,1,1,0,1,0,0,1,0,0,1,1,1,1,3,2,2,1,36,1,1,2,60,2,3,2
1164,5.0,4.0,2.0,5.0,4.0,4.0,3.0,4.0,4.0,4.0,3.0,2.0,2.0,2.0,4.0,4.0,2.0,4.0,5.0,4.0,6,5,5,4,7,5,7,6,5,2,1,1,0,1,1,0,0,0,0,1,0,0,0,1,1,1,3,3,2,2,33,1,2,5,60,1,1,3
1165,4.0,4.0,4.0,4.0,5.0,4.0,4.0,4.0,5.0,4.0,4.0,2.0,1.0,4.0,4.0,5.0,2.0,4.0,2.0,4.0,7,5,5,7,5,4,7,6,3,4,1,0,0,1,1,0,0,0,0,1,0,0,0,0,1,1,3,2,1,2,24,1,3,1,10,1,1,2
1166,5.0,5.0,1.0,5.0,5.0,5.0,3.0,1.0,5.0,5.0,1.0,1.0,1.0,5.0,5.0,5.0,3.0,5.0,3.0,3.0,6,2,4,5,7,2,7,1,4,1,1,1,0,1,1,0,0,0,0,1,0,0,1,1,1,1,2,2,2,1,47,1,12,1,60,2,3,3
1167,2.0,1.0,3.0,5.0,5.0,3.0,4.0,4.0,5.0,5.0,1.0,3.0,2.0,2.0,4.0,4.0,5.0,4.0,4.0,3.0,6,2,2,5,6,3,7,1,6,1,1,1,1,1,1,1,1,1,0,1,1,1,1,1,1,1,3,2,2,1,32,1,12,5,60,1,1,2
1168,4.0,2.0,2.0,1.0,5.0,2.0,1.0,3.0,1.0,1.0,1.0,5.0,1.0,1.0,3.0,1.0,1.0,5.0,5.0,1.0,5,3,4,2,6,2,5,2,3,2,1,1,1,1,1,0,1,1,0,1,1,1,1,1,1,1,3,1,2,1,44,1,1,1,70,2,1,4
1169,5.0,5.0,2.0,1.0,5.0,2.0,2.0,4.0,2.0,2.0,1.0,5.0,2.0,1.0,5.0,1.0,1.0,4.0,5.0,4.0,1,5,6,6,4,6,6,3,2,4,1,1,1,1,1,1,1,1,0,1,0,1,1,1,1,1,3,1,2,1,29,1,12,2,60,1,2,2
1170,3.0,3.0,4.0,5.0,3.0,3.0,5.0,1.0,5.0,3.0,5.0,4.0,3.0,5.0,4.0,4.0,5.0,4.0,1.0,3.0,3,0,1,1,7,6,6,2,7,1,1,1,0,1,1,1,0,0,0,1,0,0,1,1,1,1,4,2,1,1,57,1,6,1,60,1,3,5
1171,3.0,2.0,4.0,2.0,4.0,1.0,1.0,4.0,4.0,4.0,1.0,1.0,4.0,1.0,2.0,1.0,2.0,4.0,5.0,5.0,3,6,6,2,7,5,5,2,7,1,1,1,0,1,1,0,1,1,0,1,0,0,1,1,1,1,3,3,1,2,27,2,10,1,70,1,1,5
1172,1.0,4.0,2.0,5.0,4.0,2.0,3.0,4.0,4.0,3.0,2.0,2.0,2.0,2.0,3.0,2.0,3.0,2.0,5.0,1.0,2,3,6,2,5,5,5,2,6,3,1,1,1,1,1,0,1,0,0,1,1,0,1,1,1,1,3,1,1,1,35,1,1,1,60,2,2,2
1173,1.0,2.0,5.0,4.0,4.0,2.0,3.0,2.0,5.0,3.0,3.0,2.0,1.0,1.0,3.0,4.0,5.0,3.0,1.0,4.0,5,6,1,7,6,5,7,5,2,1,1,1,0,1,0,0,0,0,0,1,0,0,0,0,1,1,3,2,1,2,37,1,10,1,20,2,1,3
1174,5.0,5.0,3.0,1.0,4.0,3.0,5.0,2.0,4.0,1.0,2.0,5.0,2.0,2.0,5.0,5.0,2.0,4.0,5.0,1.0,6,5,6,6,7,2,7,1,4,2,1,1,0,1,1,0,0,1,0,1,1,0,1,1,1,1,3,3,2,2,26,1,7,1,60,1,1,1
1175,1.0,1.0,2.0,1.0,5.0,1.0,1.0,4.0,5.0,4.0,1.0,5.0,2.0,1.0,4.0,1.0,1.0,5.0,5.0,4.0,2,1,2,3,5,4,2,1,3,1,1,1,0,1,1,0,0,1,0,1,1,1,1,1,1,1,3,3,1,2,24,2,2,1,0,1,1,2
1176,5.0,5.0,2.0,1.0,4.0,2.0,1.0,5.0,5.0,1.0,1.0,5.0,4.0,1.0,3.0,1.0,1.0,3.0,5.0,4.0,6,7,1,3,4,3,7,7,7,1,1,1,1,1,1,0,1,0,1,1,1,1,1,1,1,1,3,3,1,1,34,1,4,1,60,1,1,1
1177,3.0,2.0,2.0,4.0,3.0,2.0,2.0,1.0,5.0,4.0,2.0,3.0,1.0,1.0,1.0,5.0,4.0,1.0,5.0,1.0,2,5,7,1,7,7,3,1,7,4,1,1,1,1,1,1,1,1,1,1,1,1,1,1,1,1,4,3,2,1,45,1,1,1,70,1,3,1
1178,4.0,2.0,1.0,1.0,4.0,2.0,1.0,4.0,1.0,3.0,1.0,5.0,4.0,1.0,4.0,1.0,1.0,5.0,5.0,1.0,7,6,7,2,7,2,3,4,7,1,1,1,1,1,1,0,1,1,0,1,0,1,1,1,1,1,3,3,3,1,32,1,2,1,60,1,1,2
1179,5.0,4.0,5.0,5.0,5.0,2.0,1.0,1.0,4.0,5.0,1.0,5.0,1.0,4.0,1.0,5.0,1.0,1.0,1.0,4.0,6,1,7,1,6,7,6,1,7,2,0,1,0,0,1,1,0,0,0,0,0,0,0,1,1,1,3,3,2,1,43,2,4,1,60,1,2,4
1180,5.0,1.0,2.0,1.0,5.0,4.0,3.0,5.0,2.0,2.0,2.0,4.0,5.0,1.0,4.0,3.0,1.0,5.0,5.0,5.0,2,6,6,2,7,6,4,3,7,2,1,1,0,1,1,0,0,0,0,1,0,0,1,1,1,1,3,2,1,1,33,1,3,1,60,1,1,2
1181,3.0,2.0,2.0,4.0,4.0,4.0,4.0,2.0,5.0,2.0,3.0,5.0,2.0,1.0,2.0,4.0,2.0,4.0,5.0,1.0,6,5,5,7,6,5,6,5,5,3,1,1,1,1,1,0,0,1,0,1,1,1,1,1,1,1,3,1,2,1,43,1,1,1,60,1,1,5
1182,1.0,1.0,5.0,3.0,4.0,5.0,5.0,1.0,5.0,5.0,5.0,1.0,1.0,4.0,2.0,5.0,5.0,1.0,1.0,1.0,6,6,7,2,7,6,6,1,7,1,1,1,0,0,1,0,1,1,0,1,0,0,1,1,1,1,4,3,2,2,31,1,6,1,60,1,1,2
1183,1.0,4.0,5.0,4.0,4.0,1.0,1.0,5.0,4.0,2.0,1.0,5.0,1.0,1.0,4.0,1.0,1.0,5.0,5.0,1.0,1,4,6,4,5,6,6,1,6,2,1,1,0,1,1,1,0,1,0,1,0,0,1,1,1,1,3,1,1,1,33,1,2,1,60,1,1,2
1184,1.0,1.0,5.0,5.0,3.0,5.0,5.0,1.0,5.0,5.0,3.0,1.0,3.0,3.0,1.0,5.0,5.0,1.0,1.0,1.0,1,6,6,7,6,7,7,6,5,1,1,1,1,1,1,0,0,1,0,1,0,0,1,1,1,1,2,1,2,1,47,1,4,1,60,1,3,2
1185,4.0,4.0,4.0,2.0,5.0,2.0,3.0,4.0,3.0,2.0,2.0,4.0,4.0,1.0,4.0,4.0,2.0,4.0,3.0,3.0,1,6,4,4,2,6,3,2,4,3,1,1,0,1,1,0,0,0,0,1,0,0,1,1,1,1,3,3,1,1,39,1,9,1,60,1,2,2
1186,2.0,4.0,3.0,3.0,3.0,1.0,1.0,1.0,3.0,1.0,1.0,4.0,1.0,3.0,4.0,1.0,3.0,2.0,3.0,2.0,2,4,6,2,3,6,5,4,7,4,1,1,0,1,1,0,0,0,0,1,0,0,1,1,1,1,3,3,1,1,19,1,1,1,10,2,1,2
1187,5.0,5.0,1.0,4.0,4.0,1.0,1.0,5.0,2.0,1.0,2.0,5.0,5.0,2.0,2.0,1.0,1.0,4.0,5.0,5.0,1,3,7,1,5,7,3,1,7,5,1,1,0,1,1,0,0,1,0,1,0,0,1,1,1,1,3,3,1,1,27,1,2,1,30,1,1,3
1188,4.0,4.0,2.0,3.0,5.0,3.0,2.0,4.0,2.0,5.0,2.0,5.0,4.0,2.0,3.0,2.0,1.0,5.0,5.0,1.0,5,3,3,2,6,5,6,6,7,5,1,1,0,1,1,0,0,0,0,0,0,0,1,1,1,1,3,3,1,1,32,1,4,1,60,1,2,2
1189,5.0,5.0,3.0,3.0,5.0,3.0,1.0,5.0,3.0,5.0,1.0,5.0,5.0,1.0,3.0,1.0,1.0,3.0,5.0,5.0,4,5,6,5,5,5,6,2,2,1,1,1,0,1,1,0,0,0,0,1,0,0,1,1,1,1,3,3,1,2,23,1,2,1,10,1,1,1
1190,4.0,5.0,5.0,4.0,4.0,4.0,1.0,2.0,3.0,4.0,1.0,3.0,3.0,1.0,5.0,2.0,4.0,4.0,5.0,1.0,4,6,6,5,7,4,6,1,7,4,1,1,0,1,1,0,0,0,0,1,0,0,1,1,1,1,3,1,1,1,40,1,2,1,60,1,2,1
1191,2.0,2.0,5.0,3.0,3.0,3.0,3.0,4.0,5.0,3.0,3.0,5.0,4.0,3.0,3.0,1.0,1.0,2.0,5.0,1.0,6,5,5,5,5,2,5,2,4,2,1,1,1,1,1,0,0,1,0,1,0,1,1,1,1,1,3,3,1,1,29,1,4,1,60,2,1,2
1192,5.0,5.0,1.0,1.0,5.0,1.0,1.0,5.0,1.0,1.0,1.0,5.0,5.0,1.0,5.0,1.0,1.0,5.0,5.0,5.0,1,6,6,2,7,6,3,5,7,1,1,1,1,1,1,1,0,1,1,1,1,1,1,1,1,1,1,1,1,1,17,1,2,1,60,2,1,3
1193,5.0,5.0,2.0,3.0,4.0,2.0,5.0,4.0,2.0,1.0,1.0,5.0,5.0,2.0,5.0,1.0,1.0,5.0,5.0,2.0,2,6,7,5,5,7,2,1,5,1,1,1,0,1,1,1,0,1,0,1,0,0,0,1,1,1,2,3,1,1,22,3,12,1,70,2,1,3
1194,1.0,3.0,5.0,3.0,1.0,5.0,4.0,2.0,5.0,5.0,3.0,3.0,1.0,3.0,1.0,4.0,3.0,2.0,2.0,1.0,2,2,5,5,6,5,6,2,6,2,1,0,0,1,1,0,0,0,0,1,0,0,0,0,1,1,3,2,1,1,32,1,5,1,60,2,1,8
1195,5.0,4.0,2.0,4.0,5.0,1.0,1.0,4.0,2.0,2.0,1.0,5.0,5.0,2.0,5.0,1.0,1.0,4.0,5.0,5.0,6,6,2,6,6,4,6,6,2,6,1,1,1,1,1,0,0,1,0,1,0,0,1,1,1,1,2,2,1,1,25,1,2,2,60,1,1,2
1196,1.0,1.0,4.0,3.0,4.0,4.0,1.0,2.0,4.0,4.0,1.0,4.0,1.0,1.0,1.0,2.0,1.0,5.0,5.0,1.0,5,5,7,3,7,5,6,6,6,2,1,1,0,1,1,0,0,1,0,1,1,0,1,1,1,1,4,1,2,1,34,1,6,1,30,2,2,6
1197,4.0,1.0,2.0,1.0,5.0,1.0,5.0,5.0,1.0,1.0,1.0,5.0,5.0,1.0,1.0,1.0,1.0,5.0,5.0,5.0,6,5,5,3,5,7,4,2,5,1,1,0,0,1,1,0,0,0,0,1,0,0,0,1,1,1,4,3,1,2,21,1,8,1,10,2,1,2
1198,5.0,5.0,1.0,1.0,5.0,1.0,2.0,4.0,3.0,2.0,2.0,1.0,3.0,2.0,3.0,5.0,5.0,5.0,5.0,1.0,4,7,3,5,7,7,5,6,5,1,0,0,1,0,0,1,0,1,0,0,1,0,0,0,0,1,3,3,1,2,33,1,1,1,20,2,1,3
1199,4.0,5.0,2.0,1.0,5.0,2.0,1.0,5.0,2.0,2.0,1.0,5.0,5.0,1.0,5.0,1.0,1.0,4.0,5.0,4.0,1,3,7,1,4,7,1,5,7,2,1,0,0,1,1,0,0,1,0,1,0,0,1,1,1,1,2,2,1,1,18,1,1,1,60,2,1,1
1200,5.0,5.0,2.0,3.0,4.0,5.0,4.0,2.0,3.0,1.0,5.0,4.0,5.0,4.0,5.0,2.0,5.0,4.0,5.0,4.0,5,6,3,3,7,4,5,7,6,3,1,0,0,1,0,0,0,0,0,1,0,0,1,0,0,1,2,3,1,2,19,1,7,1,70,1,1,1
1201,2.0,5.0,1.0,4.0,2.0,5.0,4.0,1.0,5.0,4.0,1.0,1.0,4.0,3.0,4.0,5.0,2.0,4.0,5.0,1.0,1,3,1,5,7,7,6,7,3,1,1,1,1,1,1,0,0,1,0,1,1,0,1,1,1,1,3,0,2,2,26,1,1,5,60,2,1,3
1202,4.0,5.0,3.0,3.0,5.0,1.0,1.0,2.0,2.0,1.0,1.0,5.0,5.0,3.0,4.0,2.0,3.0,5.0,5.0,3.0,3,1,6,1,5,7,5,3,6,7,1,1,0,1,1,0,0,0,0,1,0,0,1,1,1,1,3,2,1,2,20,1,2,1,30,1,1,2
1203,5.0,4.0,2.0,2.0,5.0,1.0,1.0,4.0,1.0,1.0,3.0,4.0,1.0,2.0,4.0,3.0,3.0,3.0,5.0,4.0,2,6,7,2,7,7,4,1,6,1,1,1,1,1,1,0,0,1,0,1,0,0,1,1,1,1,3,3,2,1,37,3,7,1,60,2,1,2
1204,5.0,5.0,2.0,1.0,4.0,1.0,1.0,4.0,4.0,2.0,1.0,5.0,4.0,1.0,2.0,3.0,5.0,4.0,5.0,5.0,2,1,2,1,6,6,3,5,7,1,1,1,0,1,0,0,0,0,0,1,0,0,0,1,1,1,3,3,2,2,22,1,2,1,60,2,1,2
1205,5.0,5.0,1.0,1.0,5.0,1.0,1.0,3.0,1.0,1.0,1.0,5.0,5.0,1.0,5.0,1.0,1.0,5.0,5.0,1.0,7,6,7,1,6,2,2,1,7,5,1,1,1,1,1,0,1,1,0,1,0,0,1,1,1,1,3,2,2,1,25,1,2,2,60,1,1,2
1206,5.0,5.0,2.0,3.0,4.0,1.0,1.0,5.0,2.0,1.0,1.0,5.0,3.0,1.0,3.0,1.0,3.0,4.0,5.0,1.0,1,1,4,1,6,7,4,5,7,2,1,1,0,1,1,0,0,0,0,1,0,0,1,1,1,1,4,2,1,2,21,1,8,1,10,1,1,2
1207,1.0,4.0,1.0,4.0,1.0,1.0,1.0,1.0,5.0,4.0,1.0,5.0,4.0,2.0,3.0,2.0,5.0,2.0,5.0,1.0,2,3,6,6,5,6,7,1,2,1,1,1,1,1,1,0,0,0,0,1,0,0,1,1,1,1,1,2,2,1,14,1,4,5,60,2,1,4
1208,4.0,4.0,1.0,1.0,5.0,1.0,2.0,5.0,3.0,2.0,1.0,4.0,2.0,1.0,5.0,1.0,2.0,4.0,5.0,5.0,4,1,5,4,5,1,1,1,1,1,0,1,0,1,1,0,0,1,0,0,0,0,0,0,1,1,4,3,1,2,40,1,1,1,60,1,2,2
1209,5.0,5.0,5.0,4.0,5.0,1.0,2.0,4.0,5.0,4.0,2.0,5.0,2.0,1.0,2.0,2.0,1.0,1.0,5.0,5.0,2,6,1,6,3,7,5,7,2,2,1,1,0,1,1,0,0,0,0,1,0,0,1,1,1,1,2,1,1,2,23,1,7,1,60,1,1,2
1210,5.0,4.0,4.0,2.0,3.0,2.0,2.0,5.0,3.0,2.0,3.0,3.0,1.0,2.0,4.0,2.0,4.0,4.0,1.0,2.0,1,5,5,7,4,6,4,2,5,1,1,0,0,1,0,0,0,0,0,1,0,0,0,1,1,1,2,3,1,2,15,1,3,2,10,2,1,2
1211,5.0,5.0,1.0,1.0,5.0,1.0,1.0,5.0,1.0,1.0,1.0,5.0,5.0,1.0,3.0,1.0,1.0,5.0,5.0,1.0,4,4,7,1,4,4,1,1,7,1,1,1,1,1,1,0,1,1,0,1,1,1,1,1,1,1,3,3,1,1,22,1,2,2,60,2,1,1
1212,5.0,3.0,1.0,2.0,4.0,2.0,1.0,2.0,4.0,3.0,1.0,5.0,3.0,1.0,3.0,2.0,1.0,5.0,5.0,2.0,2,5,6,2,6,3,4,1,6,2,1,1,1,1,1,0,1,1,0,1,1,1,1,1,1,1,4,3,2,1,31,1,2,1,60,2,2,3
1213,1.0,1.0,5.0,4.0,1.0,5.0,2.0,1.0,5.0,5.0,1.0,1.0,1.0,3.0,4.0,5.0,3.0,5.0,5.0,1.0,2,1,7,6,7,5,7,2,3,1,1,1,1,1,1,1,1,1,1,1,1,1,1,1,1,1,3,2,2,1,24,1,2,2,60,1,2,2
1214,2.0,1.0,3.0,4.0,2.0,3.0,2.0,1.0,3.0,5.0,3.0,4.0,1.0,4.0,4.0,3.0,2.0,2.0,5.0,1.0,3,2,7,1,6,3,5,1,7,4,1,1,1,1,1,0,1,1,0,1,1,0,1,1,1,1,4,3,2,1,43,1,2,1,60,2,1,3
1215,5.0,5.0,5.0,2.0,4.0,1.0,1.0,1.0,4.0,1.0,1.0,4.0,5.0,1.0,5.0,1.0,1.0,5.0,5.0,1.0,2,6,1,5,6,5,2,7,3,2,1,1,0,1,1,0,0,1,0,1,0,0,1,1,1,1,2,2,1,2,31,1,2,1,60,2,1,1
1216,4.0,4.0,5.0,1.0,5.0,3.0,5.0,3.0,5.0,3.0,1.0,5.0,1.0,3.0,1.0,1.0,2.0,3.0,3.0,2.0,2,5,5,4,3,5,2,5,3,5,1,1,1,1,1,0,0,0,0,1,0,0,1,1,1,1,3,2,2,2,25,2,6,1,10,2,1,2
1217,3.0,4.0,3.0,2.0,5.0,1.0,1.0,4.0,3.0,2.0,1.0,5.0,5.0,2.0,5.0,1.0,4.0,5.0,5.0,4.0,7,7,3,5,5,1,2,7,4,1,1,1,0,1,1,0,0,0,0,1,0,1,1,1,1,1,2,2,3,1,15,1,2,2,60,2,1,3
1218,4.0,2.0,2.0,3.0,2.0,4.0,2.0,1.0,5.0,2.0,2.0,5.0,1.0,3.0,4.0,2.0,2.0,3.0,3.0,1.0,3,4,5,5,6,6,6,4,5,2,1,1,1,1,1,0,1,1,0,1,1,0,1,1,1,1,3,2,2,1,27,1,0,1,60,1,1,3
1219,1.0,2.0,5.0,4.0,5.0,5.0,5.0,2.0,5.0,5.0,1.0,2.0,2.0,4.0,2.0,5.0,2.0,1.0,1.0,2.0,6,2,7,3,6,5,7,2,6,1,1,1,1,1,1,0,1,1,1,1,0,1,0,1,1,1,2,2,1,1,46,1,7,1,60,1,3,1
1220,5.0,5.0,2.0,5.0,5.0,3.0,1.0,5.0,2.0,5.0,1.0,5.0,5.0,5.0,5.0,3.0,5.0,5.0,5.0,2.0,7,3,7,3,7,7,7,1,7,1,1,1,1,1,1,1,1,1,1,1,1,1,1,1,1,1,3,2,2,1,18,1,4,2,10,2,1,2
1221,5.0,3.0,5.0,1.0,5.0,3.0,1.0,2.0,3.0,4.0,1.0,5.0,1.0,5.0,3.0,1.0,1.0,5.0,5.0,4.0,4,7,5,7,5,5,7,6,3,1,1,1,1,1,1,0,0,0,0,1,0,0,1,1,1,1,2,3,2,2,19,1,2,5,60,1,1,1
1222,3.0,5.0,2.0,4.0,4.0,2.0,1.0,2.0,5.0,4.0,2.0,4.0,4.0,3.0,5.0,5.0,1.0,3.0,5.0,2.0,6,5,1,7,7,1,4,7,2,1,1,1,0,1,1,0,0,0,0,1,0,0,1,1,1,1,2,2,3,1,19,1,1,2,0,1,1,0
1223,2.0,2.0,3.0,4.0,4.0,5.0,4.0,4.0,5.0,4.0,2.0,5.0,4.0,2.0,2.0,1.0,2.0,5.0,3.0,3.0,1,5,5,3,5,7,3,5,6,5,1,1,0,1,1,0,0,0,0,1,0,0,1,1,1,1,3,3,1,1,50,1,6,1,60,1,1,2
1224,3.0,5.0,1.0,2.0,3.0,1.0,1.0,4.0,3.0,1.0,2.0,2.0,5.0,1.0,1.0,2.0,1.0,4.0,5.0,1.0,5,6,2,1,6,5,3,7,4,1,1,1,1,1,1,0,0,1,0,1,0,0,1,1,1,1,1,2,1,1,17,1,1,5,60,2,1,4
1225,2.0,1.0,5.0,4.0,2.0,4.0,2.0,2.0,5.0,4.0,2.0,4.0,1.0,5.0,4.0,1.0,3.0,1.0,3.0,2.0,6,1,6,7,6,2,7,3,3,2,1,1,0,1,1,0,0,1,0,1,0,0,1,1,1,1,3,1,2,1,24,2,6,1,60,2,1,5
1226,2.0,2.0,4.0,1.0,2.0,4.0,2.0,4.0,4.0,5.0,1.0,4.0,4.0,1.0,4.0,1.0,1.0,5.0,5.0,2.0,5,5,2,2,6,7,6,5,7,5,1,1,1,1,1,1,0,1,0,1,1,1,1,1,1,1,3,3,1,1,38,1,2,1,60,1,1,1
1227,1.0,4.0,1.0,4.0,4.0,4.0,4.0,4.0,2.0,2.0,1.0,5.0,3.0,1.0,1.0,1.0,2.0,1.0,4.0,4.0,5,2,6,2,6,6,6,1,7,5,1,1,0,1,1,0,0,0,0,1,0,0,1,1,1,1,4,3,1,1,47,1,10,1,60,2,3,4
1228,4.0,3.0,2.0,1.0,5.0,1.0,3.0,2.0,5.0,3.0,2.0,4.0,3.0,2.0,3.0,1.0,1.0,3.0,1.0,3.0,3,3,6,1,6,6,4,3,7,4,1,1,0,1,1,0,0,0,0,1,0,0,1,1,1,1,3,2,1,1,20,1,6,1,60,1,1,4
1229,1.0,1.0,5.0,4.0,2.0,5.0,5.0,1.0,5.0,5.0,2.0,5.0,5.0,3.0,4.0,4.0,3.0,4.0,5.0,2.0,2,5,7,4,0,7,6,2,7,1,1,1,1,1,1,0,1,1,0,1,0,1,1,1,1,1,4,2,1,1,44,1,1,1,60,2,3,3
1230,2.0,4.0,5.0,4.0,2.0,2.0,1.0,1.0,5.0,5.0,2.0,4.0,1.0,3.0,5.0,1.0,1.0,4.0,5.0,3.0,3,7,4,7,6,7,5,1,3,3,1,1,0,1,1,0,0,0,0,1,0,0,1,1,1,1,3,3,2,1,43,1,12,1,60,2,1,3
1231,4.0,4.0,3.0,1.0,5.0,2.0,1.0,5.0,2.0,2.0,1.0,4.0,5.0,1.0,4.0,1.0,1.0,5.0,5.0,3.0,6,5,7,1,6,4,4,5,6,2,1,1,0,1,1,0,1,1,0,1,1,1,1,1,1,1,3,2,1,2,25,1,2,1,60,1,1,2
1232,3.0,3.0,3.0,3.0,4.0,3.0,2.0,3.0,3.0,4.0,2.0,3.0,3.0,1.0,3.0,2.0,3.0,3.0,3.0,3.0,4,5,2,4,6,6,6,4,4,4,0,1,0,1,0,0,0,0,0,1,0,1,0,0,1,1,2,2,1,1,25,2,12,3,60,2,1,9
1233,4.0,5.0,2.0,2.0,5.0,4.0,1.0,3.0,2.0,2.0,2.0,2.0,5.0,2.0,5.0,4.0,2.0,4.0,4.0,2.0,2,5,7,6,3,6,3,1,3,3,1,1,0,1,1,0,0,1,1,1,1,1,1,1,1,1,3,3,2,2,20,1,10,1,60,2,1,2
1234,2.0,5.0,2.0,2.0,5.0,1.0,1.0,3.0,4.0,4.0,1.0,5.0,4.0,1.0,5.0,1.0,5.0,3.0,3.0,5.0,1,7,7,2,2,6,2,1,7,2,1,1,0,1,1,1,1,1,0,1,1,0,1,1,1,1,4,2,2,2,29,1,2,1,60,2,1,3
1235,1.0,2.0,1.0,2.0,4.0,2.0,1.0,2.0,3.0,4.0,3.0,1.0,1.0,3.0,3.0,1.0,1.0,5.0,5.0,1.0,5,1,6,5,6,5,7,5,7,2,1,1,1,1,1,0,1,1,0,1,0,0,0,1,1,1,4,3,1,2,30,1,6,1,0,1,1,6
1236,5.0,1.0,5.0,2.0,3.0,5.0,3.0,1.0,3.0,5.0,1.0,5.0,3.0,1.0,5.0,1.0,5.0,1.0,5.0,3.0,4,6,7,2,4,4,4,4,2,1,1,0,0,0,0,0,0,0,0,1,0,0,0,0,0,1,4,2,1,1,47,3,1,1,60,1,1,0
1237,5.0,5.0,1.0,1.0,4.0,1.0,2.0,5.0,2.0,2.0,1.0,4.0,4.0,1.0,5.0,2.0,1.0,5.0,3.0,5.0,5,5,5,3,7,5,5,1,3,1,1,1,1,1,1,1,1,1,1,1,1,1,0,1,1,1,3,1,2,2,38,2,1,1,60,2,1,1
1238,5.0,3.0,1.0,4.0,5.0,2.0,1.0,5.0,4.0,2.0,1.0,4.0,4.0,1.0,4.0,1.0,3.0,5.0,5.0,1.0,3,6,5,2,7,7,2,3,6,7,1,1,0,0,1,0,0,0,1,1,0,0,1,1,1,1,4,3,1,2,23,1,2,1,60,1,1,2
1239,4.0,5.0,2.0,2.0,5.0,3.0,2.0,2.0,5.0,2.0,1.0,2.0,3.0,1.0,4.0,5.0,4.0,1.0,5.0,4.0,5,1,2,2,7,6,5,1,6,4,1,1,0,1,1,0,0,1,0,1,1,0,1,1,0,1,4,3,1,2,41,1,1,1,60,1,1,3
1240,2.0,2.0,1.0,4.0,1.0,1.0,1.0,1.0,3.0,1.0,1.0,2.0,2.0,1.0,2.0,1.0,1.0,5.0,1.0,1.0,1,2,4,1,3,7,5,6,7,3,1,1,0,1,1,0,0,0,0,1,0,0,1,1,1,1,3,2,1,2,21,2,6,1,60,1,1,2
1241,2.0,1.0,3.0,3.0,1.0,4.0,3.0,1.0,4.0,5.0,3.0,2.0,3.0,3.0,4.0,5.0,3.0,3.0,5.0,1.0,4,6,6,4,6,4,4,1,3,4,1,1,0,1,1,0,0,0,0,1,0,0,1,1,1,1,2,1,1,1,27,1,1,1,60,2,1,2
1242,5.0,2.0,4.0,3.0,4.0,5.0,4.0,2.0,5.0,5.0,4.0,3.0,1.0,3.0,3.0,4.0,3.0,1.0,1.0,1.0,6,5,6,5,6,5,7,2,4,3,1,1,0,1,1,0,0,1,0,1,0,0,1,1,1,1,3,2,2,1,28,1,12,1,60,1,1,1
1243,3.0,5.0,1.0,1.0,5.0,1.0,1.0,5.0,3.0,1.0,1.0,5.0,5.0,1.0,4.0,1.0,2.0,3.0,4.0,3.0,1,7,3,5,2,7,2,3,3,6,1,1,1,1,1,0,0,0,0,1,0,0,1,1,1,1,2,2,1,2,21,2,1,1,70,2,1,1
1244,2.0,5.0,5.0,5.0,4.0,5.0,4.0,1.0,5.0,4.0,3.0,2.0,2.0,5.0,2.0,1.0,2.0,2.0,5.0,1.0,7,5,6,6,5,4,7,5,2,1,0,0,0,0,1,0,0,1,0,0,0,0,1,0,0,1,3,1,1,1,22,2,7,1,60,1,1,2
1245,5.0,5.0,1.0,1.0,5.0,1.0,1.0,4.0,1.0,1.0,1.0,5.0,5.0,1.0,5.0,4.0,1.0,4.0,5.0,5.0,1,6,5,1,5,7,1,2,6,3,1,1,1,1,1,0,0,1,0,1,0,0,1,1,1,1,2,3,1,2,18,1,2,1,70,2,1,2
1246,3.0,1.0,3.0,2.0,4.0,5.0,2.0,3.0,5.0,4.0,2.0,5.0,2.0,2.0,2.0,2.0,2.0,4.0,3.0,1.0,2,4,6,6,6,2,4,2,2,1,0,0,0,0,0,0,0,0,0,0,0,0,0,0,0,1,2,3,2,2,20,1,1,1,70,2,1,1
1247,3.0,5.0,5.0,3.0,1.0,3.0,4.0,5.0,5.0,4.0,1.0,5.0,4.0,1.0,1.0,5.0,1.0,4.0,5.0,1.0,6,1,3,7,7,1,7,1,1,1,1,1,1,1,1,0,0,0,0,1,0,0,1,1,1,1,3,1,2,1,41,1,1,2,60,1,2,7
1248,3.0,1.0,3.0,4.0,1.0,2.0,1.0,1.0,4.0,3.0,1.0,2.0,1.0,1.0,4.0,4.0,3.0,2.0,4.0,2.0,2,4,3,2,6,6,5,5,6,4,1,1,0,1,1,0,1,1,0,1,1,0,1,1,1,1,3,1,1,2,40,2,1,1,60,2,1,3
1249,5.0,4.0,3.0,2.0,4.0,2.0,2.0,4.0,5.0,3.0,1.0,5.0,3.0,1.0,2.0,1.0,3.0,5.0,3.0,5.0,3,4,6,5,3,6,6,5,5,2,1,1,0,1,1,0,0,0,0,1,0,0,0,1,1,1,2,3,1,1,18,2,7,1,30,2,1,2
1250,1.0,1.0,1.0,1.0,1.0,1.0,1.0,3.0,4.0,1.0,3.0,4.0,5.0,2.0,1.0,5.0,1.0,2.0,5.0,5.0,4,7,5,7,6,4,4,4,1,3,1,1,0,1,1,0,0,0,0,1,0,0,1,1,1,1,1,3,1,1,15,3,12,1,10,2,1,1
1251,3.0,2.0,3.0,2.0,3.0,2.0,2.0,1.0,5.0,3.0,1.0,4.0,4.0,1.0,3.0,1.0,2.0,3.0,4.0,3.0,3,4,4,5,5,7,7,6,5,3,1,1,1,1,1,0,1,1,0,1,0,1,1,1,1,1,3,3,2,1,50,1,12,1,60,2,2,2
1252,1.0,1.0,3.0,5.0,5.0,5.0,5.0,1.0,5.0,5.0,5.0,1.0,1.0,3.0,1.0,5.0,5.0,1.0,5.0,1.0,6,6,7,1,7,7,7,1,7,4,1,1,1,1,1,0,0,1,0,1,0,0,0,1,1,1,4,3,1,2,24,3,10,2,60,2,1,3
1253,4.0,4.0,2.0,3.0,5.0,2.0,5.0,4.0,5.0,2.0,1.0,4.0,5.0,2.0,5.0,5.0,1.0,4.0,5.0,4.0,1,5,4,5,5,7,6,5,5,2,1,1,1,1,1,0,0,0,0,1,1,0,1,1,1,1,2,2,2,1,24,2,12,2,60,1,1,3
1254,5.0,3.0,1.0,4.0,5.0,1.0,1.0,4.0,1.0,4.0,5.0,5.0,5.0,1.0,3.0,1.0,1.0,5.0,5.0,4.0,6,6,2,3,2,2,5,4,5,1,1,1,0,1,1,0,0,0,0,1,0,0,1,1,1,1,3,3,1,2,24,1,1,1,60,1,1,2
1255,1.0,1.0,1.0,5.0,1.0,1.0,1.0,1.0,5.0,5.0,1.0,1.0,1.0,5.0,1.0,1.0,5.0,1.0,5.0,1.0,7,2,7,2,7,5,7,2,3,1,1,1,0,1,1,0,0,1,0,1,1,0,1,1,1,1,4,2,2,2,39,1,1,2,70,2,2,2
1256,3.0,4.0,4.0,4.0,3.0,4.0,2.0,4.0,4.0,2.0,2.0,5.0,2.0,2.0,4.0,2.0,5.0,4.0,5.0,3.0,7,2,6,2,7,1,6,5,6,2,1,1,1,1,1,0,1,1,0,1,0,0,1,1,1,1,4,2,1,1,56,1,1,2,70,2,2,3
1257,4.0,3.0,3.0,4.0,4.0,4.0,2.0,3.0,2.0,2.0,1.0,5.0,4.0,1.0,3.0,1.0,3.0,5.0,5.0,3.0,4,5,4,4,6,7,5,3,6,1,1,1,0,1,1,0,1,0,0,1,0,0,0,1,1,1,4,3,1,2,26,1,8,1,10,2,1,3
1258,5.0,5.0,5.0,2.0,5.0,4.0,3.0,4.0,4.0,4.0,2.0,5.0,5.0,2.0,1.0,2.0,3.0,4.0,5.0,1.0,1,3,6,5,6,7,5,1,6,3,1,1,0,1,1,0,0,1,0,1,0,0,0,1,1,1,4,2,1,2,31,1,7,1,70,2,2,2
1259,4.0,4.0,4.0,4.0,4.0,5.0,5.0,2.0,4.0,4.0,4.0,4.0,3.0,4.0,4.0,5.0,2.0,2.0,5.0,2.0,3,5,6,5,5,5,6,2,6,5,1,1,0,1,1,0,0,0,0,1,0,0,1,1,1,1,3,1,1,1,23,1,2,1,60,1,1,4
1260,5.0,5.0,5.0,4.0,5.0,5.0,3.0,4.0,5.0,3.0,4.0,2.0,4.0,4.0,3.0,5.0,3.0,3.0,5.0,1.0,6,4,4,7,4,6,4,3,4,1,0,1,0,0,0,0,0,0,0,0,0,0,0,0,1,1,1,2,2,1,13,1,1,5,70,2,1,3
1261,5.0,4.0,1.0,1.0,3.0,1.0,1.0,2.0,2.0,3.0,1.0,5.0,5.0,2.0,4.0,3.0,2.0,4.0,4.0,4.0,4,5,6,3,6,6,5,2,5,3,1,1,1,1,1,0,0,1,0,1,1,0,0,1,1,1,3,3,1,2,25,1,4,1,60,1,1,2
1262,4.0,2.0,4.0,2.0,5.0,3.0,2.0,4.0,5.0,2.0,2.0,5.0,4.0,1.0,4.0,2.0,1.0,4.0,4.0,4.0,2,5,5,5,7,6,6,4,3,2,1,1,1,1,1,0,0,1,0,1,1,0,1,1,1,1,3,2,2,1,32,1,12,5,60,1,1,2
1263,4.0,1.0,1.0,4.0,4.0,5.0,1.0,3.0,4.0,5.0,1.0,5.0,4.0,1.0,4.0,1.0,1.0,2.0,5.0,5.0,1,2,7,1,3,6,5,2,7,2,1,1,1,1,1,0,0,1,0,1,1,1,1,1,1,1,3,2,1,1,26,1,2,1,60,1,1,1
1264,5.0,2.0,1.0,5.0,5.0,2.0,2.0,1.0,5.0,4.0,4.0,5.0,1.0,1.0,3.0,1.0,1.0,2.0,5.0,1.0,7,3,3,5,7,1,2,6,5,6,0,0,0,0,1,0,0,0,0,1,0,0,0,0,1,1,3,3,1,2,46,1,2,1,60,2,2,3
1265,5.0,5.0,1.0,3.0,5.0,1.0,1.0,4.0,4.0,2.0,1.0,5.0,2.0,1.0,5.0,1.0,1.0,4.0,5.0,5.0,7,4,6,1,7,1,7,5,7,4,1,1,0,1,1,0,0,0,0,1,0,0,1,1,1,1,3,3,2,1,41,1,1,1,70,1,3,1
1266,3.0,5.0,2.0,4.0,4.0,1.0,1.0,4.0,2.0,3.0,1.0,4.0,4.0,1.0,4.0,2.0,4.0,5.0,5.0,4.0,6,5,6,6,7,2,5,5,6,2,1,1,0,1,1,0,0,0,0,1,1,0,1,1,1,1,3,3,2,2,26,1,2,2,60,1,1,3
1267,2.0,1.0,3.0,4.0,2.0,2.0,1.0,1.0,5.0,4.0,1.0,1.0,1.0,3.0,2.0,3.0,1.0,2.0,5.0,1.0,7,4,6,5,5,1,7,5,2,1,1,1,0,1,1,0,0,0,0,1,0,0,1,1,1,1,4,3,2,1,21,1,8,1,10,2,1,2
1268,1.0,1.0,1.0,2.0,4.0,5.0,1.0,1.0,5.0,5.0,1.0,4.0,1.0,2.0,4.0,2.0,1.0,1.0,5.0,4.0,3,7,6,2,6,3,3,1,6,2,1,1,0,1,1,0,0,1,0,1,0,0,1,1,1,1,3,2,1,2,23,1,2,0,60,1,1,2
1269,5.0,5.0,2.0,1.0,2.0,1.0,2.0,4.0,1.0,1.0,1.0,4.0,2.0,1.0,5.0,2.0,5.0,5.0,5.0,1.0,6,6,7,3,6,4,2,2,6,6,1,1,0,1,1,0,0,0,0,1,0,0,0,0,1,1,4,3,1,1,59,1,6,1,30,1,2,2
1270,5.0,4.0,1.0,2.0,5.0,2.0,1.0,3.0,1.0,1.0,1.0,5.0,2.0,1.0,5.0,3.0,1.0,5.0,5.0,3.0,2,6,6,5,6,7,2,4,6,2,1,1,0,1,1,0,0,1,0,1,0,0,1,1,1,1,3,3,1,2,26,1,2,1,60,2,1,1
1271,1.0,1.0,3.0,3.0,4.0,5.0,5.0,4.0,4.0,4.0,2.0,3.0,2.0,4.0,4.0,2.0,2.0,4.0,4.0,3.0,1,5,6,5,5,4,4,4,2,2,1,1,0,1,1,0,0,0,0,1,0,0,1,1,1,1,0,2,2,1,21,1,0,0,10,1,1,1
1272,5.0,5.0,1.0,1.0,5.0,1.0,1.0,4.0,1.0,1.0,1.0,5.0,5.0,1.0,3.0,1.0,5.0,5.0,5.0,3.0,4,7,2,3,2,3,3,2,3,1,1,0,0,0,1,0,0,0,0,1,0,0,0,0,0,1,3,3,1,2,29,1,2,1,10,1,1,3
1273,2.0,1.0,4.0,4.0,2.0,4.0,5.0,1.0,5.0,5.0,1.0,4.0,2.0,3.0,1.0,5.0,1.0,1.0,5.0,1.0,6,2,6,2,7,5,7,2,6,2,1,1,0,1,1,0,0,0,0,1,0,0,0,1,1,1,3,3,2,1,45,1,3,1,60,1,3,1
1274,5.0,5.0,1.0,1.0,3.0,1.0,3.0,5.0,3.0,5.0,2.0,4.0,5.0,3.0,5.0,1.0,3.0,4.0,5.0,1.0,2,4,3,4,4,6,6,5,6,5,1,1,0,1,1,0,0,0,0,1,0,0,1,1,1,1,2,1,1,2,21,1,2,1,60,1,1,2
1275,1.0,1.0,4.0,4.0,4.0,5.0,5.0,1.0,5.0,4.0,3.0,5.0,4.0,4.0,1.0,5.0,5.0,1.0,5.0,1.0,0,0,0,4,0,0,0,0,0,0,1,1,1,1,1,0,0,0,0,1,1,1,1,1,1,1,3,3,1,1,62,1,12,1,60,1,3,3
1276,2.0,4.0,4.0,1.0,1.0,2.0,2.0,5.0,1.0,3.0,1.0,4.0,4.0,1.0,4.0,1.0,1.0,4.0,5.0,2.0,5,6,2,5,3,3,2,6,2,6,1,1,0,1,1,0,0,0,0,1,0,0,1,1,1,1,3,2,1,1,22,1,2,1,70,2,1,2
1277,5.0,4.0,1.0,1.0,4.0,3.0,1.0,4.0,3.0,2.0,1.0,5.0,5.0,1.0,4.0,1.0,1.0,1.0,5.0,3.0,5,6,5,2,7,6,2,4,6,5,1,1,0,1,1,0,0,1,0,1,0,0,0,1,1,1,2,2,1,2,20,1,2,1,10,2,1,2
1278,5.0,4.0,2.0,1.0,5.0,1.0,1.0,4.0,1.0,2.0,2.0,4.0,5.0,2.0,4.0,4.0,3.0,5.0,5.0,5.0,3,2,6,3,7,5,5,3,5,1,1,1,0,1,1,0,0,0,0,1,0,0,1,1,1,1,3,1,1,1,20,1,2,1,60,1,1,3
1279,5.0,5.0,1.0,1.0,5.0,1.0,1.0,5.0,1.0,1.0,1.0,5.0,5.0,1.0,5.0,1.0,1.0,5.0,5.0,5.0,5,5,5,2,6,5,6,5,6,3,1,1,0,1,1,0,0,0,0,1,1,0,0,1,1,1,2,3,1,2,37,2,1,1,60,1,1,2
1280,4.0,2.0,3.0,3.0,5.0,2.0,2.0,5.0,3.0,1.0,1.0,4.0,4.0,1.0,3.0,2.0,3.0,4.0,5.0,1.0,5,2,4,2,7,3,6,6,4,1,1,1,1,1,1,0,1,1,0,1,0,0,1,1,1,1,4,3,1,2,22,1,8,1,10,2,1,2
1281,1.0,4.0,4.0,4.0,4.0,4.0,2.0,2.0,5.0,2.0,1.0,2.0,1.0,2.0,3.0,1.0,2.0,4.0,5.0,1.0,5,6,5,7,2,2,6,4,5,2,1,1,0,1,1,0,0,0,0,1,0,1,1,1,1,1,3,2,2,1,28,1,2,1,60,2,1,2
1282,2.0,2.0,1.0,4.0,5.0,3.0,1.0,5.0,1.0,5.0,1.0,4.0,4.0,2.0,5.0,1.0,1.0,3.0,3.0,2.0,5,7,5,5,7,6,7,5,4,1,0,0,0,0,0,0,0,0,0,0,0,0,0,0,0,1,4,2,1,1,23,2,4,1,60,1,1,4
1283,5.0,3.0,1.0,3.0,5.0,4.0,3.0,5.0,5.0,2.0,1.0,5.0,3.0,1.0,4.0,1.0,1.0,4.0,5.0,4.0,4,3,6,5,7,5,4,2,4,3,1,1,1,1,1,0,1,0,0,1,0,0,1,1,1,1,3,2,3,1,60,1,4,2,60,1,2,4
1284,4.0,4.0,5.0,1.0,2.0,1.0,2.0,2.0,4.0,2.0,1.0,2.0,1.0,1.0,3.0,1.0,3.0,2.0,5.0,2.0,1,6,2,7,4,6,6,5,3,2,1,1,0,1,1,0,0,1,0,1,0,0,1,1,1,1,2,2,2,2,19,2,2,1,60,1,1,1
1285,3.0,5.0,3.0,3.0,4.0,4.0,2.0,5.0,2.0,1.0,1.0,4.0,4.0,1.0,5.0,1.0,4.0,5.0,5.0,2.0,7,5,6,4,6,1,2,2,1,1,1,1,0,1,1,1,1,0,1,1,0,0,1,1,1,1,3,3,1,1,36,1,7,3,60,2,1,3
1286,5.0,4.0,2.0,2.0,5.0,2.0,1.0,4.0,2.0,1.0,2.0,5.0,5.0,1.0,2.0,2.0,5.0,3.0,2.0,3.0,6,6,7,2,6,6,5,1,7,1,1,1,1,1,1,1,1,1,1,1,1,1,1,1,1,1,4,2,1,1,27,1,6,1,60,1,1,1
1287,5.0,4.0,3.0,3.0,1.0,1.0,3.0,1.0,2.0,2.0,1.0,4.0,1.0,1.0,5.0,5.0,3.0,4.0,5.0,4.0,2,6,5,3,6,3,6,3,6,1,1,0,0,1,0,0,0,0,0,0,0,0,0,0,1,1,3,1,1,2,24,2,6,1,60,2,1,2
1288,2.0,2.0,4.0,2.0,4.0,1.0,1.0,1.0,5.0,4.0,2.0,5.0,2.0,1.0,4.0,1.0,2.0,4.0,5.0,2.0,2,7,3,6,6,2,4,4,1,4,1,1,1,1,1,1,1,0,0,1,1,0,1,1,1,1,3,2,1,1,53,1,12,1,60,2,3,3
1289,5.0,4.0,1.0,3.0,4.0,1.0,1.0,4.0,1.0,4.0,1.0,5.0,4.0,1.0,5.0,3.0,1.0,5.0,5.0,5.0,7,5,7,6,7,5,2,6,7,1,1,1,0,1,1,0,0,0,0,1,0,0,0,1,1,1,2,2,1,1,18,1,12,1,60,1,1,3
1290,1.0,1.0,2.0,3.0,2.0,1.0,1.0,5.0,3.0,2.0,1.0,5.0,1.0,1.0,4.0,1.0,2.0,5.0,4.0,2.0,3,7,4,7,1,2,7,4,1,6,1,0,0,1,0,0,0,0,0,1,0,0,0,0,1,1,4,3,1,2,30,1,7,1,60,2,2,2
1291,5.0,5.0,1.0,1.0,5.0,1.0,1.0,5.0,1.0,1.0,1.0,5.0,5.0,1.0,5.0,3.0,1.0,5.0,5.0,5.0,6,7,5,2,5,4,1,2,5,2,1,1,0,1,1,0,0,0,0,1,0,0,1,1,1,1,3,2,1,1,21,2,6,1,60,1,1,1
1292,2.0,2.0,5.0,4.0,4.0,2.0,2.0,5.0,5.0,1.0,1.0,5.0,2.0,1.0,4.0,3.0,1.0,2.0,1.0,1.0,1,5,6,4,1,7,5,2,6,7,1,1,1,1,1,0,0,0,0,1,0,0,1,1,1,1,3,2,2,1,51,1,4,1,60,1,2,4
1293,5.0,5.0,1.0,2.0,4.0,1.0,1.0,5.0,1.0,2.0,1.0,5.0,1.0,1.0,4.0,1.0,1.0,5.0,5.0,3.0,2,6,7,5,4,6,2,1,4,2,1,1,1,1,1,0,1,0,0,1,1,0,1,1,1,1,4,3,2,1,31,1,2,1,60,2,1,3
1294,5.0,4.0,2.0,3.0,1.0,2.0,1.0,5.0,3.0,2.0,1.0,5.0,4.0,1.0,4.0,1.0,2.0,4.0,5.0,4.0,3,6,5,1,6,7,5,5,7,4,1,1,0,1,1,0,0,0,0,1,0,0,1,1,1,1,4,2,1,2,25,1,4,1,60,1,1,2
1295,1.0,5.0,4.0,2.0,4.0,4.0,2.0,2.0,5.0,5.0,2.0,4.0,2.0,3.0,5.0,4.0,3.0,4.0,5.0,2.0,1,5,6,7,5,6,7,1,2,3,1,1,1,1,1,0,1,1,0,1,1,0,0,1,1,1,4,3,2,2,33,1,2,3,60,2,1,1
1296,4.0,2.0,4.0,4.0,4.0,2.0,2.0,4.0,3.0,3.0,3.0,4.0,2.0,2.0,4.0,3.0,3.0,3.0,5.0,2.0,5,5,4,2,7,4,5,3,5,4,1,1,0,1,1,0,0,1,0,1,0,0,0,1,1,1,4,3,2,1,32,1,1,1,60,2,3,4
1297,2.0,2.0,4.0,3.0,2.0,3.0,2.0,2.0,4.0,4.0,1.0,4.0,3.0,2.0,3.0,2.0,3.0,2.0,4.0,1.0,3,3,4,5,5,5,6,3,4,3,1,1,0,1,1,0,0,0,0,1,0,0,0,1,1,1,2,2,2,1,21,1,12,1,70,2,1,4
1298,4.0,4.0,5.0,3.0,4.0,5.0,3.0,3.0,5.0,5.0,4.0,5.0,2.0,3.0,4.0,5.0,5.0,4.0,4.0,4.0,2,1,2,1,7,6,4,2,4,1,1,1,1,1,1,1,1,1,1,1,0,1,1,1,1,1,2,3,1,2,37,1,4,1,60,1,1,2
1299,1.0,1.0,5.0,1.0,5.0,2.0,3.0,4.0,5.0,5.0,2.0,1.0,1.0,1.0,1.0,1.0,2.0,1.0,1.0,1.0,1,1,6,1,3,1,2,5,7,3,1,1,1,1,1,0,0,1,0,1,1,1,1,1,1,1,3,3,2,1,66,1,7,1,60,1,1,1
1300,1.0,4.0,3.0,2.0,5.0,2.0,3.0,5.0,3.0,1.0,1.0,5.0,1.0,2.0,3.0,1.0,1.0,2.0,5.0,5.0,6,2,1,1,6,5,7,6,6,1,1,1,1,1,1,0,1,1,1,1,0,1,1,1,1,1,3,3,2,2,29,1,1,2,60,2,1,4
1301,4.0,1.0,4.0,2.0,1.0,2.0,5.0,1.0,5.0,3.0,3.0,1.0,1.0,3.0,1.0,5.0,2.0,1.0,4.0,1.0,2,5,6,5,6,6,7,5,4,2,1,1,1,1,1,0,0,0,0,1,0,0,1,1,1,1,3,3,2,1,54,1,6,1,60,1,3,3
1302,2.0,5.0,2.0,2.0,5.0,1.0,1.0,4.0,2.0,2.0,1.0,5.0,5.0,2.0,4.0,1.0,1.0,3.0,5.0,1.0,2,6,5,2,6,6,5,2,3,3,1,1,1,1,1,0,1,0,0,1,0,0,1,1,1,1,3,2,1,1,21,1,1,1,60,1,1,2
1303,5.0,5.0,1.0,1.0,5.0,1.0,2.0,4.0,4.0,2.0,1.0,5.0,5.0,1.0,5.0,3.0,1.0,5.0,4.0,2.0,5,6,7,2,6,5,3,3,7,6,1,1,0,1,1,0,0,0,0,1,0,0,1,1,1,1,3,1,1,1,21,1,6,1,60,2,1,4
1304,4.0,1.0,5.0,5.0,1.0,4.0,3.0,1.0,5.0,5.0,4.0,2.0,1.0,1.0,3.0,5.0,5.0,1.0,5.0,1.0,3,6,7,6,7,6,7,4,5,1,1,1,0,1,1,0,1,1,0,1,0,1,1,1,1,1,4,2,2,1,32,1,2,1,60,1,2,1
1305,2.0,2.0,2.0,1.0,4.0,1.0,2.0,4.0,3.0,3.0,1.0,5.0,4.0,2.0,4.0,2.0,4.0,3.0,5.0,4.0,5,7,6,4,6,3,4,2,4,3,1,0,0,1,1,0,0,0,0,1,0,1,0,1,1,1,2,2,1,2,21,2,4,1,60,1,1,4
1306,4.0,4.0,2.0,4.0,5.0,1.0,3.0,4.0,4.0,2.0,1.0,5.0,4.0,4.0,4.0,3.0,2.0,4.0,3.0,4.0,6,4,5,3,7,3,7,4,6,3,0,0,0,1,1,0,0,0,0,1,0,0,0,0,1,1,4,3,1,1,23,1,8,1,10,1,1,2
1307,5.0,5.0,1.0,1.0,5.0,1.0,1.0,5.0,1.0,1.0,1.0,5.0,5.0,1.0,5.0,1.0,1.0,5.0,5.0,2.0,7,4,4,4,7,7,4,5,7,1,1,1,1,1,1,1,1,1,1,1,1,1,1,1,1,1,2,1,2,1,34,1,2,2,60,1,3,3
1308,5.0,3.0,1.0,1.0,5.0,4.0,1.0,3.0,1.0,1.0,1.0,5.0,5.0,1.0,3.0,1.0,1.0,2.0,5.0,5.0,6,5,7,2,6,6,5,1,6,1,1,1,1,1,1,1,1,1,1,1,1,1,1,1,1,1,4,2,1,1,28,1,6,1,60,1,1,1
1309,1.0,5.0,5.0,1.0,5.0,1.0,1.0,2.0,5.0,1.0,1.0,5.0,4.0,1.0,3.0,1.0,3.0,2.0,5.0,5.0,1,7,2,6,7,4,3,7,2,4,1,1,0,1,1,0,0,0,0,1,0,0,1,1,1,1,2,3,1,1,27,1,4,1,50,2,1,3
1310,5.0,5.0,1.0,1.0,5.0,1.0,1.0,5.0,1.0,5.0,1.0,5.0,5.0,2.0,5.0,3.0,1.0,5.0,5.0,5.0,4,1,7,1,7,7,4,1,7,1,1,1,0,1,1,0,1,0,0,1,0,0,0,1,1,1,3,1,2,2,31,1,7,1,10,2,2,2
1311,2.0,2.0,4.0,4.0,4.0,2.0,2.0,3.0,5.0,4.0,2.0,2.0,2.0,3.0,4.0,2.0,2.0,2.0,5.0,1.0,3,5,2,4,6,5,7,4,3,2,1,1,0,1,1,0,0,0,0,1,0,0,1,1,1,1,4,2,2,1,38,1,1,1,60,1,1,2
1312,5.0,3.0,1.0,3.0,3.0,1.0,1.0,3.0,1.0,3.0,1.0,4.0,4.0,1.0,5.0,1.0,1.0,3.0,5.0,5.0,1,7,6,5,3,7,1,3,3,3,0,1,0,1,1,0,0,0,0,1,0,0,1,0,1,1,2,2,1,1,20,1,2,1,60,1,1,4
1313,5.0,5.0,2.0,2.0,5.0,1.0,1.0,5.0,3.0,1.0,2.0,5.0,3.0,1.0,5.0,1.0,1.0,4.0,5.0,1.0,7,5,7,2,7,1,6,1,3,1,1,1,0,1,1,1,0,1,0,1,1,0,1,1,1,1,3,3,1,1,60,1,3,3,60,1,1,3
1314,1.0,1.0,1.0,3.0,1.0,4.0,4.0,1.0,5.0,5.0,1.0,1.0,1.0,1.0,1.0,2.0,2.0,4.0,5.0,1.0,6,2,6,5,7,2,6,3,5,1,1,1,1,1,1,0,1,1,0,1,1,0,1,1,1,1,4,2,1,1,66,1,2,1,60,1,2,3
1315,3.0,4.0,4.0,2.0,5.0,3.0,1.0,4.0,4.0,2.0,1.0,5.0,1.0,1.0,4.0,3.0,2.0,4.0,5.0,2.0,5,6,6,2,6,4,6,1,7,5,1,1,0,1,1,0,0,1,0,1,0,0,1,0,1,1,3,3,1,2,32,1,7,1,60,1,2,2
1316,2.0,2.0,5.0,3.0,4.0,1.0,2.0,3.0,5.0,4.0,2.0,2.0,1.0,1.0,3.0,1.0,3.0,3.0,5.0,4.0,5,5,4,5,6,4,7,4,5,1,1,1,0,1,0,0,0,1,0,0,0,0,0,1,1,1,3,2,2,2,27,1,1,1,60,2,1,1
1317,1.0,2.0,5.0,4.0,2.0,4.0,4.0,2.0,5.0,4.0,2.0,4.0,2.0,2.0,2.0,4.0,4.0,4.0,4.0,4.0,6,5,2,5,6,1,6,3,3,2,1,1,0,1,1,0,1,0,0,1,0,0,0,1,1,1,3,1,2,2,56,1,12,1,60,1,2,5
1318,5.0,2.0,1.0,2.0,3.0,1.0,5.0,5.0,1.0,2.0,4.0,5.0,5.0,4.0,5.0,1.0,2.0,4.0,5.0,5.0,1,5,6,2,5,7,3,5,7,1,1,0,0,1,1,0,0,0,0,1,0,0,0,1,1,1,3,2,1,2,20,1,8,1,10,2,1,1
1319,5.0,5.0,4.0,4.0,5.0,2.0,3.0,4.0,3.0,1.0,3.0,5.0,4.0,1.0,5.0,1.0,5.0,5.0,5.0,5.0,6,4,7,1,6,6,4,2,7,5,1,1,1,1,1,0,0,0,0,1,1,1,0,1,1,1,3,2,1,2,25,1,1,1,60,1,1,2
1320,5.0,4.0,2.0,3.0,4.0,3.0,1.0,4.0,1.0,1.0,2.0,1.0,4.0,2.0,5.0,4.0,5.0,5.0,5.0,1.0,4,6,6,7,7,7,6,6,4,2,1,1,0,1,1,0,0,0,0,1,0,0,1,1,1,1,3,2,1,2,28,1,8,1,10,2,1,2
1321,5.0,4.0,1.0,3.0,4.0,1.0,2.0,5.0,2.0,2.0,1.0,4.0,4.0,1.0,1.0,3.0,1.0,4.0,5.0,1.0,1,5,7,7,3,7,6,3,5,5,1,0,0,1,1,0,0,0,0,1,0,0,1,1,1,1,3,3,2,2,30,1,8,1,10,2,2,1
1322,4.0,4.0,5.0,4.0,1.0,3.0,3.0,4.0,5.0,5.0,3.0,4.0,1.0,2.0,2.0,4.0,5.0,2.0,1.0,3.0,7,4,3,5,6,1,7,6,4,4,1,1,0,1,1,0,0,0,0,1,0,0,1,0,1,1,4,3,2,2,25,1,8,1,10,1,1,2
1323,5.0,4.0,3.0,3.0,5.0,2.0,2.0,5.0,4.0,3.0,1.0,4.0,1.0,1.0,4.0,1.0,3.0,4.0,5.0,1.0,2,1,6,2,4,5,6,5,7,2,1,1,0,1,1,0,1,0,0,1,0,0,1,1,1,1,3,2,1,2,33,1,8,0,10,1,1,5
1324,2.0,1.0,5.0,5.0,5.0,5.0,5.0,2.0,5.0,5.0,5.0,1.0,1.0,3.0,1.0,4.0,5.0,1.0,1.0,1.0,0,0,7,0,0,0,7,0,7,0,1,0,0,1,1,0,1,0,0,1,0,0,1,1,1,1,4,3,1,2,26,1,8,0,10,1,1,2
1325,5.0,5.0,1.0,1.0,2.0,1.0,1.0,5.0,1.0,5.0,4.0,1.0,4.0,1.0,3.0,1.0,2.0,4.0,5.0,4.0,5,2,6,4,5,5,2,5,4,5,1,0,0,1,1,0,0,0,0,1,0,0,0,0,1,1,4,3,1,2,33,1,8,1,10,2,2,2
1326,5.0,5.0,1.0,1.0,5.0,1.0,1.0,5.0,1.0,1.0,1.0,5.0,4.0,1.0,5.0,1.0,1.0,5.0,5.0,3.0,7,5,4,1,7,4,3,5,7,1,1,1,1,1,1,0,0,1,0,1,0,1,1,1,1,1,3,2,1,1,24,1,12,1,60,1,1,1
1327,1.0,1.0,3.0,2.0,4.0,5.0,4.0,1.0,5.0,1.0,3.0,3.0,2.0,2.0,2.0,4.0,5.0,3.0,4.0,1.0,2,5,6,6,6,5,6,2,3,2,1,1,0,1,1,0,0,0,0,1,0,0,1,1,1,1,3,1,2,1,36,2,12,1,0,2,3,5
1328,5.0,5.0,1.0,1.0,5.0,1.0,1.0,4.0,2.0,1.0,1.0,5.0,1.0,1.0,5.0,2.0,1.0,1.0,4.0,5.0,2,1,7,3,6,6,6,1,7,2,1,1,0,1,1,0,0,0,0,1,0,0,1,1,1,1,3,1,1,2,37,1,6,1,30,1,3,8
1329,5.0,5.0,5.0,2.0,5.0,1.0,1.0,5.0,5.0,5.0,1.0,5.0,4.0,1.0,5.0,1.0,5.0,2.0,5.0,4.0,3,2,6,6,3,5,3,3,5,6,1,1,0,1,1,0,0,0,0,1,0,0,1,1,1,1,3,2,2,1,46,1,6,1,60,1,2,2
1330,5.0,5.0,1.0,1.0,5.0,1.0,1.0,4.0,1.0,2.0,1.0,5.0,5.0,2.0,4.0,1.0,2.0,4.0,3.0,5.0,3,4,7,1,5,7,1,4,4,2,1,1,0,1,1,0,0,0,0,1,0,0,0,1,1,1,3,3,1,2,23,1,2,1,20,1,1,1
1331,5.0,5.0,1.0,1.0,1.0,1.0,2.0,5.0,4.0,2.0,1.0,5.0,5.0,2.0,5.0,2.0,2.0,5.0,5.0,5.0,2,7,6,3,5,7,4,2,6,6,1,1,0,1,1,0,0,0,0,1,0,0,0,1,1,1,2,2,1,2,16,1,10,1,10,2,1,2
1332,5.0,4.0,5.0,5.0,2.0,2.0,2.0,4.0,5.0,4.0,1.0,2.0,4.0,1.0,2.0,5.0,4.0,4.0,4.0,4.0,6,2,6,6,6,6,6,6,6,2,1,1,0,1,1,0,0,1,0,1,0,0,1,0,1,1,3,3,1,2,40,1,2,1,30,2,2,3
1333,5.0,5.0,2.0,1.0,4.0,1.0,1.0,2.0,4.0,2.0,1.0,5.0,4.0,1.0,2.0,1.0,1.0,5.0,5.0,5.0,2,5,5,5,6,3,3,5,3,2,1,1,0,1,1,0,0,1,0,1,0,0,0,1,1,1,3,3,1,2,21,1,1,1,60,1,1,2
1334,3.0,4.0,1.0,2.0,4.0,2.0,1.0,4.0,4.0,4.0,2.0,4.0,3.0,1.0,5.0,1.0,2.0,4.0,5.0,3.0,3,5,6,2,6,5,4,4,7,2,0,1,0,1,1,0,0,0,0,1,0,0,1,1,1,1,3,2,1,1,24,1,2,1,60,1,1,2
1335,1.0,1.0,1.0,1.0,1.0,5.0,1.0,1.0,5.0,3.0,2.0,1.0,1.0,3.0,1.0,3.0,1.0,1.0,5.0,5.0,3,4,7,2,7,3,3,1,6,1,1,1,0,1,1,0,0,0,0,1,0,0,1,1,1,1,4,3,1,2,40,1,12,1,70,1,2,2
1336,3.0,4.0,5.0,3.0,4.0,4.0,3.0,5.0,4.0,3.0,2.0,4.0,4.0,1.0,3.0,3.0,1.0,4.0,4.0,1.0,4,3,7,5,7,5,6,5,6,2,1,1,0,1,1,1,0,0,0,1,0,0,1,1,1,1,3,2,2,1,38,3,2,1,60,1,3,5
1337,5.0,5.0,1.0,2.0,5.0,1.0,1.0,5.0,2.0,1.0,1.0,5.0,1.0,1.0,5.0,1.0,1.0,3.0,5.0,4.0,1,7,5,5,3,7,4,2,3,5,1,1,1,1,1,0,0,1,0,1,1,1,1,1,1,1,2,1,1,2,18,1,1,1,60,2,1,2
1338,4.0,5.0,2.0,2.0,4.0,2.0,1.0,4.0,2.0,2.0,1.0,2.0,1.0,1.0,5.0,4.0,3.0,3.0,4.0,1.0,6,6,3,6,5,2,7,3,2,3,1,1,1,1,1,0,0,1,0,1,1,0,1,1,1,1,3,2,2,2,19,1,2,2,60,1,1,3
1339,1.0,1.0,5.0,2.0,5.0,3.0,3.0,1.0,5.0,5.0,1.0,1.0,1.0,5.0,1.0,5.0,3.0,3.0,5.0,1.0,1,4,7,6,7,7,7,1,4,4,0,1,0,0,0,0,0,0,0,1,0,0,0,1,0,1,3,2,2,2,21,1,2,1,60,1,1,1
1340,3.0,4.0,3.0,3.0,4.0,4.0,3.0,4.0,3.0,4.0,3.0,5.0,3.0,2.0,3.0,4.0,2.0,4.0,5.0,4.0,4,4,5,4,5,4,5,5,4,3,1,1,0,1,1,0,0,0,0,1,0,0,1,1,1,1,2,3,1,2,20,1,1,2,0,2,1,1
1341,5.0,4.0,4.0,1.0,3.0,5.0,1.0,4.0,5.0,3.0,3.0,5.0,1.0,1.0,3.0,5.0,3.0,3.0,5.0,1.0,4,5,5,5,7,5,7,5,2,1,1,0,0,1,1,0,0,0,0,1,0,0,0,1,1,1,4,2,1,2,29,1,8,2,10,1,1,2
1342,1.0,4.0,4.0,2.0,4.0,4.0,2.0,1.0,5.0,5.0,1.0,5.0,1.0,2.0,4.0,5.0,1.0,4.0,5.0,4.0,7,5,5,6,7,2,7,4,3,3,1,1,0,1,1,0,0,1,0,1,1,0,1,1,1,1,4,3,2,2,41,1,1,1,60,2,1,3
1343,5.0,3.0,4.0,3.0,4.0,1.0,1.0,5.0,2.0,4.0,2.0,5.0,2.0,1.0,3.0,1.0,1.0,4.0,5.0,1.0,7,5,3,1,7,2,6,5,6,1,1,1,1,1,1,1,1,1,0,1,0,0,1,1,1,1,4,2,1,1,40,1,1,1,60,1,2,1
1344,4.0,5.0,3.0,4.0,2.0,1.0,4.0,5.0,5.0,4.0,1.0,3.0,5.0,1.0,2.0,5.0,2.0,1.0,1.0,5.0,6,7,7,2,6,7,2,2,7,3,1,1,0,1,1,0,0,0,0,1,0,1,0,1,1,1,2,1,1,2,27,1,2,1,60,2,1,2
1345,5.0,5.0,1.0,1.0,5.0,1.0,1.0,1.0,2.0,1.0,1.0,1.0,5.0,1.0,5.0,1.0,3.0,5.0,5.0,1.0,7,4,7,6,7,1,1,3,3,2,1,1,0,1,1,0,1,0,0,1,0,0,0,1,1,1,2,2,2,1,17,1,2,5,30,2,1,2
1346,3.0,3.0,2.0,3.0,5.0,4.0,1.0,2.0,3.0,3.0,3.0,4.0,3.0,3.0,2.0,1.0,1.0,3.0,3.0,3.0,5,6,4,3,7,3,4,5,4,2,1,1,0,1,1,0,0,1,0,1,1,0,1,1,1,1,3,1,1,2,31,1,2,1,60,2,1,2
1347,5.0,3.0,1.0,1.0,5.0,1.0,3.0,5.0,3.0,1.0,1.0,5.0,5.0,3.0,5.0,1.0,1.0,5.0,5.0,5.0,7,7,4,1,4,1,2,5,4,2,1,1,1,1,1,0,0,0,0,1,1,0,1,1,1,1,3,2,1,2,23,1,2,1,60,1,1,2
1348,5.0,5.0,1.0,1.0,5.0,1.0,1.0,5.0,5.0,5.0,1.0,5.0,5.0,1.0,5.0,1.0,5.0,5.0,5.0,3.0,6,1,7,4,6,4,4,1,5,7,1,1,0,1,1,0,0,0,0,1,1,0,1,1,1,0,3,1,1,1,38,1,4,1,60,2,1,4
1349,5.0,5.0,2.0,2.0,5.0,4.0,2.0,4.0,4.0,1.0,2.0,5.0,4.0,1.0,5.0,1.0,1.0,5.0,5.0,2.0,2,7,7,2,1,1,4,1,1,1,1,1,1,1,1,1,0,1,1,1,0,0,1,1,1,1,4,2,1,1,21,1,1,1,60,1,1,2
1350,2.0,2.0,2.0,1.0,3.0,2.0,1.0,2.0,5.0,2.0,1.0,4.0,2.0,2.0,4.0,1.0,2.0,4.0,5.0,5.0,1,3,4,6,5,7,6,2,5,7,1,1,0,1,1,0,0,0,0,1,0,0,1,0,1,1,3,2,1,2,27,1,2,1,60,2,1,2
1351,5.0,5.0,1.0,1.0,5.0,1.0,1.0,1.0,1.0,1.0,1.0,5.0,5.0,1.0,5.0,5.0,1.0,5.0,5.0,1.0,2,3,5,5,7,5,6,5,3,3,1,1,0,1,1,0,0,1,0,1,0,0,1,1,1,1,2,2,1,1,24,2,1,1,60,2,1,3
1352,4.0,4.0,2.0,1.0,4.0,1.0,3.0,4.0,1.0,2.0,1.0,5.0,3.0,1.0,4.0,1.0,4.0,4.0,4.0,3.0,3,6,5,1,5,6,2,1,5,4,1,0,0,1,0,0,0,0,0,0,0,0,0,1,0,0,3,3,1,2,22,1,4,1,70,1,1,3
1353,2.0,4.0,3.0,2.0,2.0,4.0,2.0,1.0,5.0,2.0,2.0,4.0,1.0,2.0,4.0,2.0,2.0,4.0,4.0,1.0,2,5,5,3,7,6,5,3,3,2,1,1,1,1,1,0,1,1,0,1,1,0,1,1,1,1,3,2,2,1,23,1,2,2,60,2,1,2
1354,5.0,2.0,3.0,4.0,3.0,4.0,1.0,2.0,3.0,2.0,2.0,4.0,3.0,2.0,4.0,4.0,2.0,4.0,5.0,1.0,5,5,6,2,6,4,6,2,5,2,1,1,0,1,1,0,0,1,0,1,0,0,0,1,0,1,3,1,2,2,31,1,1,3,60,1,1,1
1355,5.0,5.0,1.0,2.0,5.0,1.0,1.0,4.0,1.0,2.0,1.0,5.0,1.0,2.0,5.0,1.0,1.0,5.0,3.0,1.0,7,5,3,1,6,1,3,1,6,4,1,1,0,1,0,0,0,1,0,1,0,0,1,0,1,1,4,1,1,2,26,1,2,1,60,1,1,0
1356,4.0,3.0,1.0,1.0,4.0,1.0,1.0,4.0,2.0,2.0,3.0,5.0,4.0,1.0,2.0,1.0,5.0,5.0,3.0,4.0,5,7,6,2,6,4,4,2,6,4,1,1,0,1,1,0,0,0,0,1,1,0,1,1,1,1,4,2,1,2,24,1,4,1,60,2,1,2
1357,5.0,5.0,1.0,1.0,5.0,1.0,5.0,5.0,1.0,1.0,1.0,5.0,5.0,1.0,5.0,1.0,1.0,5.0,5.0,2.0,5,1,7,2,7,7,3,1,7,3,1,0,0,1,0,0,0,1,0,1,1,0,0,0,1,1,3,3,1,2,30,1,2,1,60,2,2,2
1358,5.0,5.0,1.0,1.0,5.0,1.0,1.0,5.0,1.0,5.0,1.0,5.0,5.0,1.0,5.0,1.0,1.0,5.0,5.0,5.0,1,1,7,1,7,7,1,1,7,1,1,1,1,1,1,1,1,1,1,1,1,1,1,1,1,1,3,3,1,2,32,1,2,1,60,2,2,2
1359,4.0,4.0,4.0,1.0,5.0,1.0,1.0,4.0,2.0,2.0,1.0,5.0,2.0,1.0,4.0,1.0,1.0,5.0,5.0,4.0,5,7,3,1,1,1,3,5,5,1,1,1,1,1,1,0,1,1,1,1,1,1,1,1,1,1,2,2,1,1,25,1,6,1,60,1,1,4
1360,5.0,5.0,4.0,1.0,4.0,1.0,2.0,4.0,5.0,2.0,1.0,2.0,5.0,1.0,5.0,4.0,2.0,4.0,5.0,4.0,3,5,5,2,5,5,6,2,7,1,0,1,1,1,1,0,0,1,1,1,1,0,1,1,1,1,3,2,1,2,27,1,12,4,70,1,1,4
1361,4.0,4.0,2.0,1.0,2.0,2.0,1.0,2.0,2.0,3.0,2.0,3.0,2.0,2.0,4.0,1.0,2.0,3.0,5.0,1.0,1,1,3,1,6,5,7,5,5,4,1,1,1,1,1,0,1,1,0,1,0,1,1,1,1,1,4,3,2,1,28,1,9,1,60,1,2,2
1362,5.0,5.0,1.0,1.0,4.0,1.0,1.0,5.0,1.0,1.0,1.0,5.0,4.0,1.0,5.0,1.0,1.0,5.0,5.0,3.0,6,7,7,2,7,1,6,1,7,5,1,1,1,1,1,1,1,1,0,1,1,0,1,1,1,1,3,1,1,1,23,1,2,2,60,1,1,1
1363,1.0,4.0,4.0,5.0,4.0,4.0,2.0,1.0,5.0,1.0,2.0,1.0,1.0,1.0,4.0,1.0,1.0,5.0,4.0,1.0,5,5,7,6,7,4,7,5,5,1,1,1,1,1,1,0,1,0,0,1,0,0,1,1,1,1,4,3,2,1,30,1,1,1,10,2,2,1
1364,5.0,3.0,3.0,2.0,5.0,2.0,5.0,4.0,2.0,5.0,1.0,5.0,3.0,3.0,4.0,2.0,5.0,5.0,4.0,4.0,5,4,5,6,7,6,4,3,6,4,0,0,1,0,0,0,0,1,0,0,1,0,1,0,0,0,4,1,2,2,26,1,6,1,10,2,1,5
1365,2.0,4.0,2.0,3.0,3.0,2.0,4.0,4.0,5.0,4.0,1.0,4.0,4.0,1.0,4.0,1.0,1.0,4.0,4.0,1.0,3,6,6,2,3,4,4,2,5,2,1,1,1,1,1,1,0,1,0,1,0,0,1,1,1,1,3,1,1,1,21,1,1,1,60,1,1,2
1366,2.0,2.0,5.0,4.0,2.0,2.0,1.0,1.0,4.0,4.0,1.0,2.0,2.0,3.0,3.0,3.0,2.0,1.0,5.0,3.0,4,3,4,5,7,2,6,3,3,1,1,1,1,1,1,0,1,1,0,1,1,0,1,1,1,1,3,3,1,1,37,1,1,1,60,1,1,3
1367,4.0,3.0,1.0,5.0,2.0,5.0,4.0,2.0,5.0,5.0,2.0,2.0,1.0,4.0,2.0,1.0,5.0,2.0,2.0,2.0,5,5,2,4,6,6,5,2,6,2,1,0,0,1,0,0,0,0,0,1,0,0,0,0,0,1,4,1,1,2,32,1,10,2,10,1,1,2
1368,5.0,5.0,1.0,4.0,3.0,1.0,1.0,2.0,5.0,2.0,1.0,4.0,1.0,1.0,4.0,1.0,5.0,1.0,5.0,3.0,2,1,2,0,2,3,0,2,0,1,1,1,0,1,1,0,0,0,0,1,0,0,0,1,1,1,3,3,2,1,20,1,6,1,30,2,1,1
1369,5.0,5.0,1.0,1.0,5.0,1.0,2.0,4.0,2.0,2.0,1.0,5.0,5.0,1.0,4.0,4.0,5.0,5.0,5.0,5.0,6,7,5,3,5,4,3,5,7,1,1,1,0,1,1,0,0,0,0,1,0,0,1,1,1,1,2,2,1,1,19,1,6,1,60,1,1,2
1370,4.0,1.0,2.0,1.0,1.0,1.0,1.0,1.0,4.0,1.0,1.0,2.0,1.0,1.0,5.0,2.0,1.0,5.0,4.0,1.0,1,3,6,3,5,7,6,2,7,7,1,1,0,1,1,0,0,0,0,1,0,0,1,1,1,1,4,3,1,1,34,2,4,3,30,1,1,3
1371,3.0,3.0,1.0,1.0,5.0,4.0,2.0,5.0,4.0,3.0,3.0,3.0,4.0,1.0,3.0,2.0,1.0,3.0,5.0,3.0,2,4,7,6,3,6,7,1,3,1,1,1,0,1,1,0,0,0,0,1,0,0,0,1,1,1,2,2,2,1,19,1,4,1,60,1,1,2
1372,4.0,4.0,5.0,5.0,5.0,5.0,5.0,3.0,5.0,5.0,1.0,4.0,4.0,4.0,4.0,2.0,5.0,4.0,3.0,4.0,3,5,6,5,7,6,5,1,5,5,1,1,1,1,1,0,1,1,0,1,1,0,1,1,1,1,3,3,1,1,55,1,4,1,60,2,2,3
1373,4.0,4.0,2.0,3.0,4.0,2.0,2.0,4.0,4.0,2.0,3.0,5.0,5.0,1.0,2.0,1.0,3.0,4.0,4.0,2.0,5,2,5,6,7,6,5,4,3,3,0,0,1,0,1,0,0,0,1,1,0,0,0,0,0,0,4,1,2,2,27,1,12,2,10,2,3,3
1374,2.0,5.0,4.0,3.0,5.0,1.0,1.0,5.0,2.0,2.0,1.0,5.0,1.0,1.0,5.0,1.0,1.0,4.0,5.0,1.0,6,1,6,3,6,2,7,1,7,5,1,1,0,1,1,0,0,0,0,1,0,0,1,1,1,1,3,2,1,1,25,1,1,1,60,1,1,3
1375,3.0,5.0,1.0,4.0,4.0,2.0,2.0,3.0,2.0,2.0,1.0,5.0,2.0,3.0,4.0,2.0,1.0,4.0,5.0,1.0,6,4,4,2,7,6,5,5,7,1,1,1,1,1,1,0,0,1,0,1,0,0,1,1,1,1,4,2,1,1,48,1,1,1,60,2,2,3
1376,3.0,4.0,5.0,4.0,4.0,5.0,4.0,4.0,5.0,2.0,1.0,4.0,5.0,1.0,2.0,2.0,4.0,1.0,1.0,4.0,3,7,6,4,7,7,6,1,5,1,1,1,0,1,1,0,0,0,0,1,0,0,1,1,1,1,3,3,1,2,44,1,10,1,20,2,2,3
1377,4.0,4.0,1.0,1.0,5.0,4.0,2.0,1.0,4.0,4.0,1.0,5.0,4.0,1.0,4.0,1.0,2.0,2.0,5.0,2.0,1,5,3,1,7,7,5,2,3,1,1,1,1,1,1,0,0,0,0,1,0,1,1,1,1,1,3,1,2,1,36,1,2,2,60,2,2,3
1378,5.0,2.0,5.0,4.0,5.0,1.0,2.0,5.0,2.0,4.0,1.0,5.0,1.0,1.0,4.0,4.0,1.0,5.0,5.0,1.0,2,4,4,4,6,5,2,7,5,3,1,1,0,1,1,0,0,1,0,1,0,0,1,1,1,1,2,3,1,1,19,1,2,1,60,1,1,3
1379,2.0,4.0,5.0,4.0,2.0,4.0,2.0,3.0,5.0,4.0,2.0,4.0,4.0,2.0,4.0,4.0,2.0,3.0,5.0,3.0,5,1,6,5,7,6,5,4,6,5,1,1,1,1,1,1,0,0,1,1,0,0,1,1,1,1,3,1,1,1,29,1,6,1,60,2,2,6
1380,5.0,5.0,1.0,1.0,4.0,1.0,1.0,4.0,3.0,1.0,1.0,5.0,2.0,1.0,5.0,4.0,1.0,5.0,3.0,5.0,4,6,5,3,6,3,5,2,7,1,1,1,0,1,1,0,0,0,0,1,0,0,1,1,1,1,3,3,1,2,24,1,2,1,70,1,1,2
1381,5.0,5.0,3.0,1.0,4.0,2.0,1.0,3.0,3.0,1.0,2.0,4.0,5.0,4.0,3.0,2.0,1.0,4.0,2.0,4.0,3,4,6,5,6,7,4,3,2,4,1,1,1,1,1,0,0,0,0,1,0,0,1,1,1,1,3,2,1,1,43,1,4,1,70,1,2,3
1382,5.0,4.0,2.0,2.0,4.0,4.0,1.0,4.0,5.0,1.0,3.0,4.0,1.0,2.0,4.0,4.0,2.0,4.0,1.0,2.0,1,7,7,6,5,7,6,1,4,1,1,1,0,1,1,0,0,1,0,1,0,0,1,1,1,1,3,3,2,2,25,1,2,1,10,1,1,3
1383,3.0,2.0,4.0,2.0,4.0,1.0,5.0,4.0,4.0,2.0,2.0,5.0,5.0,2.0,4.0,1.0,1.0,4.0,4.0,4.0,5,7,3,5,6,1,5,5,5,5,1,1,1,1,1,0,0,0,0,1,0,0,1,1,1,1,4,1,1,2,42,1,6,1,60,1,2,2
1384,5.0,5.0,3.0,1.0,5.0,1.0,4.0,5.0,1.0,4.0,1.0,5.0,5.0,3.0,3.0,1.0,1.0,5.0,5.0,2.0,6,6,5,6,7,3,6,7,2,1,1,1,1,1,1,1,0,0,0,1,0,0,1,1,1,1,2,2,1,1,24,1,2,1,60,1,1,1
1385,4.0,4.0,4.0,5.0,4.0,4.0,2.0,1.0,5.0,5.0,1.0,1.0,1.0,5.0,1.0,4.0,5.0,1.0,5.0,1.0,6,5,6,6,6,5,7,4,6,3,1,0,0,1,1,0,0,0,0,1,0,0,0,1,1,1,3,1,2,2,23,1,4,1,10,2,1,3
1386,1.0,1.0,5.0,1.0,1.0,5.0,5.0,1.0,5.0,5.0,1.0,1.0,3.0,3.0,1.0,5.0,3.0,3.0,5.0,1.0,7,4,7,5,7,1,7,2,6,1,1,1,0,1,1,0,0,0,0,1,1,0,1,1,1,1,4,1,2,1,34,1,2,2,60,1,2,3
1387,2.0,4.0,2.0,2.0,4.0,3.0,1.0,3.0,3.0,2.0,1.0,4.0,2.0,1.0,2.0,1.0,1.0,3.0,5.0,1.0,2,2,6,5,6,6,6,2,4,2,1,1,0,1,1,0,0,1,0,1,1,1,1,1,1,1,4,3,2,2,29,1,1,1,60,1,1,2
1388,4.0,4.0,4.0,4.0,4.0,4.0,1.0,4.0,4.0,5.0,2.0,4.0,4.0,2.0,4.0,5.0,2.0,5.0,5.0,1.0,6,5,6,6,6,2,6,5,3,5,1,1,1,1,1,0,1,1,0,1,1,0,1,1,1,1,4,2,2,2,50,1,6,1,10,2,2,2
1389,5.0,5.0,3.0,1.0,4.0,4.0,2.0,4.0,3.0,2.0,2.0,5.0,3.0,1.0,5.0,2.0,2.0,4.0,4.0,4.0,6,2,6,6,7,5,7,2,6,2,1,1,0,0,1,0,0,0,0,1,0,0,1,0,0,1,4,2,1,1,34,1,7,1,60,1,2,2
1390,5.0,5.0,2.0,1.0,5.0,1.0,3.0,4.0,2.0,1.0,1.0,4.0,3.0,1.0,2.0,1.0,2.0,5.0,5.0,4.0,3,6,7,4,7,7,4,3,6,2,0,0,0,0,0,0,0,0,0,0,0,0,0,0,0,0,3,3,1,2,23,1,4,1,70,1,1,2
1391,5.0,5.0,3.0,2.0,5.0,1.0,1.0,5.0,4.0,2.0,1.0,3.0,4.0,3.0,4.0,2.0,4.0,4.0,5.0,4.0,2,2,6,5,5,7,7,3,6,4,1,1,0,1,1,0,0,0,0,1,1,0,1,1,1,1,3,3,2,2,21,1,8,2,10,1,1,2
1392,4.0,4.0,4.0,3.0,5.0,2.0,1.0,3.0,4.0,3.0,2.0,4.0,3.0,2.0,3.0,3.0,2.0,2.0,5.0,4.0,5,5,4,5,3,6,6,5,4,1,1,1,1,1,1,1,0,1,0,1,0,0,1,1,1,1,2,3,2,2,19,1,2,2,60,1,1,1
1393,5.0,4.0,2.0,4.0,5.0,1.0,1.0,4.0,1.0,2.0,2.0,5.0,4.0,1.0,5.0,1.0,2.0,5.0,5.0,4.0,5,5,2,6,7,5,5,6,2,7,0,0,0,0,0,1,0,1,0,1,0,0,0,0,1,1,2,3,1,2,18,2,7,1,10,2,1,4
1394,1.0,1.0,5.0,5.0,1.0,5.0,3.0,1.0,5.0,5.0,1.0,4.0,1.0,1.0,5.0,5.0,5.0,1.0,5.0,1.0,6,1,7,1,7,4,5,1,7,1,1,1,0,1,1,0,0,0,0,1,0,0,1,1,1,1,4,2,1,1,68,1,6,1,60,1,2,4
1395,2.0,4.0,4.0,3.0,2.0,4.0,2.0,2.0,5.0,4.0,3.0,5.0,1.0,3.0,3.0,2.0,3.0,2.0,4.0,1.0,3,5,6,4,6,5,5,2,5,2,1,1,0,1,0,0,0,1,0,1,1,0,0,1,1,1,4,3,2,2,28,1,4,3,60,2,2,2
1396,2.0,3.0,4.0,2.0,4.0,4.0,2.0,2.0,4.0,4.0,2.0,5.0,4.0,2.0,4.0,4.0,1.0,4.0,5.0,2.0,6,5,3,2,6,2,4,5,6,2,1,1,0,1,1,0,0,0,0,1,0,0,1,1,1,1,3,2,1,1,27,1,2,1,60,1,1,3
1397,4.0,2.0,3.0,4.0,4.0,5.0,4.0,4.0,5.0,2.0,2.0,5.0,2.0,1.0,2.0,4.0,2.0,5.0,5.0,2.0,6,5,5,5,7,7,6,6,6,3,1,1,0,1,1,0,0,0,0,1,0,1,1,1,1,1,2,3,2,2,21,1,4,1,10,2,1,4
1398,2.0,1.0,1.0,4.0,4.0,3.0,2.0,1.0,4.0,4.0,1.0,3.0,1.0,3.0,1.0,2.0,2.0,1.0,2.0,2.0,3,4,5,6,5,7,5,5,4,3,1,1,0,1,1,0,0,0,0,1,0,0,1,1,1,1,3,3,2,1,23,1,5,1,60,2,1,6
1399,1.0,4.0,4.0,5.0,1.0,4.0,2.0,2.0,5.0,5.0,4.0,2.0,2.0,4.0,4.0,4.0,3.0,1.0,5.0,1.0,7,2,6,2,6,1,6,5,5,3,1,1,1,1,1,1,1,1,1,1,0,1,1,1,1,1,4,1,2,1,47,1,6,1,60,1,2,4
1400,4.0,4.0,3.0,2.0,5.0,1.0,1.0,4.0,3.0,2.0,3.0,3.0,4.0,1.0,5.0,4.0,1.0,4.0,5.0,3.0,4,7,6,6,7,6,6,2,3,2,1,1,0,1,1,0,0,0,0,1,0,0,0,1,1,1,2,3,1,2,18,1,2,1,60,1,1,1
1401,4.0,3.0,3.0,1.0,4.0,3.0,2.0,4.0,3.0,2.0,2.0,5.0,2.0,1.0,4.0,1.0,1.0,4.0,5.0,1.0,2,6,5,2,5,6,3,2,3,1,1,1,0,1,1,0,0,0,0,1,0,0,1,1,1,1,3,2,1,2,25,1,2,1,60,2,1,2
1402,4.0,2.0,3.0,4.0,4.0,2.0,1.0,4.0,5.0,2.0,2.0,2.0,2.0,2.0,2.0,4.0,3.0,2.0,4.0,1.0,5,5,5,5,2,2,3,1,3,3,1,1,0,1,1,0,0,0,0,1,0,0,0,1,1,1,3,2,2,1,24,1,1,1,60,1,1,1
1403,4.0,5.0,1.0,3.0,5.0,4.0,1.0,5.0,3.0,5.0,1.0,5.0,4.0,1.0,5.0,1.0,5.0,5.0,5.0,2.0,4,5,3,2,7,6,6,3,7,4,1,1,1,1,1,0,0,0,1,1,0,0,1,1,1,1,3,3,1,1,25,1,7,1,30,2,1,3
1404,3.0,3.0,2.0,3.0,4.0,2.0,3.0,2.0,2.0,2.0,1.0,4.0,1.0,1.0,2.0,1.0,3.0,4.0,5.0,2.0,2,1,5,1,6,5,7,4,5,4,1,1,0,1,1,0,0,1,0,1,0,0,1,1,1,1,3,1,2,2,22,1,1,1,60,1,1,2
1405,5.0,2.0,5.0,2.0,5.0,5.0,5.0,5.0,5.0,3.0,3.0,5.0,5.0,1.0,4.0,2.0,1.0,3.0,5.0,5.0,7,5,4,7,5,3,7,5,4,4,0,1,0,1,1,0,1,0,0,1,1,1,0,1,0,1,3,3,1,2,32,2,10,1,10,1,1,0
1406,5.0,5.0,3.0,2.0,4.0,2.0,1.0,1.0,2.0,5.0,1.0,4.0,5.0,1.0,4.0,1.0,5.0,5.0,5.0,1.0,1,6,7,1,3,6,2,5,7,3,1,1,0,1,0,0,0,0,0,0,0,0,0,0,1,1,4,1,1,2,29,1,2,1,60,1,1,2
1407,1.0,2.0,5.0,4.0,2.0,4.0,4.0,2.0,5.0,5.0,3.0,2.0,1.0,3.0,3.0,5.0,3.0,2.0,4.0,1.0,2,5,7,5,5,6,4,1,6,4,1,1,0,1,1,0,0,0,0,1,0,0,1,1,1,1,4,3,2,1,38,1,2,1,60,1,2,4
1408,5.0,5.0,2.0,2.0,5.0,3.0,2.0,1.0,4.0,4.0,1.0,4.0,2.0,5.0,3.0,5.0,4.0,4.0,5.0,1.0,5,4,4,5,6,4,6,3,2,1,1,1,0,1,1,0,0,0,0,1,0,0,0,1,1,1,3,1,1,2,24,1,1,1,60,1,1,1
1409,4.0,2.0,1.0,4.0,4.0,3.0,1.0,2.0,4.0,2.0,1.0,5.0,2.0,2.0,3.0,1.0,4.0,4.0,5.0,2.0,2,6,5,1,7,7,5,5,6,1,1,1,0,1,1,0,0,1,0,1,0,0,1,1,1,1,2,2,1,2,23,1,2,1,60,1,1,2
1410,5.0,5.0,1.0,1.0,5.0,1.0,1.0,5.0,1.0,1.0,1.0,5.0,3.0,1.0,4.0,5.0,1.0,5.0,5.0,4.0,7,7,6,7,7,7,7,6,7,1,0,1,1,1,1,1,1,1,0,1,1,1,1,1,1,1,4,3,2,2,38,1,1,2,60,2,3,5
1411,5.0,5.0,4.0,2.0,4.0,3.0,2.0,5.0,5.0,1.0,1.0,5.0,5.0,2.0,5.0,1.0,2.0,2.0,3.0,1.0,3,7,7,5,3,5,5,1,7,1,1,1,0,1,1,1,0,0,0,1,0,1,1,1,1,1,2,2,1,1,19,1,7,1,20,1,1,2
1412,4.0,5.0,1.0,4.0,5.0,1.0,1.0,5.0,3.0,2.0,1.0,5.0,5.0,1.0,5.0,2.0,2.0,3.0,5.0,5.0,4,1,6,7,7,6,4,7,2,1,1,1,1,1,1,0,0,1,0,1,1,0,1,1,1,1,4,3,2,2,34,2,2,1,60,1,2,2
1413,5.0,5.0,2.0,2.0,3.0,3.0,1.0,2.0,2.0,1.0,2.0,4.0,4.0,2.0,5.0,2.0,1.0,4.0,4.0,3.0,1,7,7,3,5,6,1,2,7,3,1,1,0,1,1,0,0,0,0,1,0,0,1,1,1,1,4,3,1,2,26,1,2,1,60,2,1,2
1414,5.0,4.0,1.0,1.0,5.0,1.0,2.0,5.0,1.0,1.0,1.0,4.0,5.0,2.0,4.0,3.0,2.0,5.0,5.0,5.0,6,6,7,1,5,3,3,2,7,6,1,1,0,1,0,0,0,0,0,1,0,0,1,1,1,1,2,3,1,2,21,1,2,1,60,1,1,0
1415,1.0,2.0,2.0,5.0,2.0,4.0,4.0,2.0,5.0,4.0,3.0,4.0,2.0,4.0,4.0,4.0,3.0,2.0,5.0,1.0,6,2,6,1,6,2,6,2,6,5,1,1,1,1,1,0,0,0,0,1,0,0,1,1,1,1,3,1,2,1,33,1,7,1,60,1,3,2
1416,3.0,4.0,2.0,4.0,4.0,1.0,1.0,4.0,3.0,2.0,2.0,5.0,3.0,1.0,2.0,2.0,1.0,4.0,5.0,1.0,6,5,6,6,6,5,6,7,4,2,1,1,1,1,1,0,1,1,0,1,1,0,1,1,1,1,3,2,2,1,38,1,1,1,60,1,1,2
1417,2.0,2.0,4.0,4.0,4.0,4.0,2.0,2.0,4.0,5.0,3.0,2.0,1.0,4.0,3.0,5.0,3.0,2.0,4.0,1.0,5,5,7,1,6,6,7,2,7,1,1,1,1,1,1,0,1,0,0,1,1,0,1,1,1,1,4,2,2,1,37,2,1,1,60,2,3,3
1418,4.0,5.0,1.0,1.0,5.0,1.0,1.0,4.0,1.0,3.0,1.0,5.0,1.0,1.0,4.0,1.0,2.0,2.0,5.0,4.0,7,2,7,1,5,1,3,1,7,1,1,1,0,1,1,1,0,1,0,1,0,0,1,1,1,1,2,2,1,1,29,1,1,2,60,1,2,2
1419,3.0,5.0,4.0,4.0,1.0,1.0,1.0,2.0,5.0,2.0,1.0,5.0,4.0,2.0,5.0,1.0,1.0,2.0,5.0,1.0,1,7,6,6,7,7,5,4,5,1,1,1,1,1,1,0,0,1,0,1,0,0,1,1,1,1,4,1,2,1,35,1,6,2,60,1,2,1
1420,1.0,1.0,5.0,5.0,1.0,5.0,5.0,1.0,5.0,5.0,4.0,1.0,1.0,3.0,1.0,2.0,4.0,1.0,1.0,1.0,7,1,7,1,7,2,7,1,7,1,1,1,0,1,1,0,0,0,0,1,0,0,1,1,1,1,3,2,2,1,65,1,6,1,60,1,3,2
1421,1.0,5.0,3.0,3.0,2.0,1.0,1.0,2.0,4.0,3.0,2.0,3.0,1.0,1.0,5.0,4.0,1.0,4.0,1.0,3.0,7,1,4,2,6,1,7,4,6,1,1,1,1,1,1,0,0,1,0,1,0,0,1,1,1,1,3,3,1,1,40,1,12,1,70,1,2,3
1422,4.0,3.0,1.0,3.0,3.0,1.0,1.0,2.0,2.0,4.0,1.0,4.0,4.0,1.0,4.0,4.0,1.0,4.0,4.0,3.0,5,4,3,2,6,2,2,5,5,2,1,1,0,1,1,0,0,0,0,1,1,0,1,1,1,1,3,2,1,2,26,1,12,1,60,2,1,2
1423,2.0,1.0,2.0,1.0,5.0,1.0,1.0,1.0,5.0,2.0,1.0,1.0,1.0,1.0,1.0,1.0,1.0,1.0,5.0,1.0,0,0,0,0,0,0,0,0,0,0,1,1,0,1,1,0,0,0,0,1,0,0,0,1,1,1,2,2,2,2,18,1,1,2,10,2,1,2
1424,3.0,3.0,2.0,3.0,4.0,3.0,2.0,4.0,3.0,4.0,2.0,4.0,5.0,3.0,5.0,2.0,2.0,4.0,4.0,2.0,5,5,3,3,6,5,5,7,5,3,1,1,0,1,1,0,0,1,0,1,0,1,1,1,1,1,3,1,1,1,21,1,7,1,60,2,1,3
1425,1.0,1.0,5.0,2.0,1.0,3.0,2.0,2.0,5.0,5.0,1.0,3.0,1.0,2.0,1.0,1.0,1.0,4.0,5.0,1.0,7,3,2,5,6,1,7,7,1,1,1,1,0,1,1,0,0,0,0,1,1,0,1,1,1,1,3,3,2,2,26,1,2,1,60,1,1,2
1426,1.0,1.0,5.0,2.0,2.0,5.0,5.0,4.0,5.0,5.0,4.0,4.0,1.0,4.0,1.0,4.0,5.0,1.0,1.0,1.0,1,4,7,5,6,7,5,3,5,5,1,1,0,1,1,0,0,1,0,1,0,0,1,1,1,1,3,3,2,1,56,1,6,1,60,1,2,4
1427,5.0,5.0,1.0,2.0,4.0,2.0,1.0,4.0,3.0,2.0,1.0,4.0,4.0,1.0,4.0,1.0,1.0,4.0,5.0,4.0,3,5,5,2,5,7,3,5,7,5,1,1,0,1,1,0,0,1,0,1,0,0,0,1,1,1,3,3,1,2,27,1,1,1,60,2,1,3
1428,1.0,1.0,4.0,5.0,3.0,3.0,2.0,4.0,5.0,4.0,2.0,1.0,1.0,5.0,2.0,3.0,4.0,1.0,3.0,1.0,5,5,7,3,5,3,5,2,6,3,1,1,1,1,1,0,0,0,0,1,0,0,1,1,1,1,4,2,2,1,44,1,6,1,60,1,2,3
1429,5.0,5.0,1.0,2.0,3.0,1.0,1.0,4.0,1.0,1.0,1.0,4.0,5.0,1.0,5.0,5.0,4.0,4.0,5.0,5.0,6,5,7,6,2,1,2,6,7,2,1,1,0,1,1,0,0,0,0,1,1,1,1,1,1,1,2,1,1,1,19,2,2,1,60,2,1,3
1430,2.0,5.0,1.0,4.0,1.0,1.0,1.0,1.0,4.0,2.0,1.0,5.0,2.0,1.0,5.0,1.0,5.0,5.0,5.0,1.0,6,1,6,2,7,2,7,2,6,2,1,1,1,1,1,0,0,0,0,1,0,0,1,1,1,1,0,2,2,1,35,1,7,1,60,1,1,3
1431,4.0,5.0,3.0,3.0,5.0,3.0,3.0,5.0,3.0,4.0,2.0,4.0,5.0,3.0,5.0,2.0,3.0,4.0,3.0,4.0,7,6,6,3,7,1,4,3,5,2,1,1,1,1,1,1,0,0,0,1,0,1,1,1,1,1,2,3,2,1,17,1,12,5,70,1,1,1
1432,5.0,3.0,1.0,1.0,5.0,1.0,1.0,5.0,2.0,1.0,1.0,4.0,4.0,1.0,4.0,2.0,5.0,3.0,5.0,4.0,1,7,6,5,7,7,1,1,7,2,1,1,0,1,1,0,1,1,1,1,1,0,1,1,1,1,4,1,1,1,21,1,2,1,60,1,2,5
1433,5.0,5.0,3.0,2.0,3.0,1.0,1.0,1.0,5.0,2.0,2.0,4.0,2.0,1.0,3.0,3.0,5.0,1.0,1.0,1.0,1,5,6,5,7,4,5,6,3,2,0,0,0,1,1,0,0,0,0,0,0,0,0,0,1,1,3,2,1,2,31,1,10,1,10,1,2,3
1434,5.0,3.0,1.0,1.0,5.0,1.0,1.0,4.0,2.0,1.0,1.0,5.0,4.0,1.0,5.0,2.0,2.0,5.0,5.0,3.0,6,5,6,6,7,4,6,6,6,2,1,1,0,1,1,0,1,1,0,1,0,0,1,1,1,1,3,0,1,2,20,1,2,1,10,2,1,2
1435,1.0,5.0,2.0,4.0,1.0,4.0,3.0,1.0,5.0,5.0,2.0,2.0,1.0,1.0,3.0,5.0,2.0,4.0,1.0,1.0,4,2,7,5,7,7,4,3,2,1,1,1,1,1,1,0,0,0,0,1,0,0,0,1,1,1,3,3,2,2,22,1,4,1,10,1,1,4
1436,1.0,1.0,5.0,3.0,1.0,5.0,5.0,5.0,5.0,5.0,2.0,1.0,1.0,3.0,5.0,3.0,5.0,1.0,1.0,1.0,5,6,3,7,7,3,5,6,2,1,1,1,1,1,1,0,0,0,0,1,0,0,0,1,1,1,3,3,2,1,22,1,7,1,50,1,1,2
1437,2.0,1.0,3.0,4.0,4.0,2.0,1.0,2.0,2.0,4.0,1.0,5.0,2.0,1.0,3.0,2.0,2.0,4.0,4.0,3.0,6,5,4,5,6,5,6,6,4,3,1,1,0,1,1,0,0,0,0,1,0,0,1,0,1,1,2,3,1,2,23,1,1,1,70,1,1,2
1438,4.0,5.0,4.0,1.0,5.0,1.0,1.0,5.0,1.0,2.0,1.0,5.0,3.0,1.0,3.0,4.0,1.0,5.0,5.0,2.0,2,7,5,5,6,4,5,3,3,2,1,1,0,1,1,0,0,1,0,1,0,0,1,1,1,1,3,3,1,2,23,1,2,1,60,1,1,1
1439,3.0,4.0,4.0,3.0,2.0,2.0,2.0,2.0,2.0,2.0,1.0,3.0,4.0,1.0,4.0,2.0,1.0,4.0,5.0,4.0,3,3,7,1,6,6,3,4,6,2,1,1,0,1,1,1,0,1,1,1,0,0,1,1,1,1,3,3,1,1,20,1,12,1,60,2,1,3
1440,4.0,4.0,4.0,3.0,5.0,4.0,3.0,2.0,4.0,4.0,3.0,5.0,2.0,2.0,5.0,2.0,2.0,4.0,3.0,3.0,1,5,5,7,4,5,5,7,2,2,1,0,0,1,1,0,0,1,0,0,0,0,0,1,1,1,2,2,2,2,20,1,10,1,10,1,1,3
1441,5.0,5.0,5.0,4.0,5.0,1.0,1.0,5.0,3.0,1.0,2.0,5.0,3.0,1.0,5.0,4.0,1.0,4.0,5.0,2.0,1,6,7,5,4,7,5,7,7,1,1,1,1,1,1,0,0,0,0,1,0,0,1,1,1,1,4,3,2,2,20,3,12,1,70,2,1,4
1442,2.0,2.0,2.0,3.0,2.0,1.0,2.0,2.0,2.0,2.0,1.0,2.0,2.0,2.0,1.0,2.0,5.0,4.0,5.0,1.0,3,5,7,4,5,5,3,2,6,5,1,1,0,1,1,0,1,0,0,1,0,1,1,1,1,1,4,3,2,1,27,1,8,1,10,1,1,2
1443,1.0,1.0,2.0,5.0,3.0,4.0,3.0,1.0,4.0,5.0,1.0,4.0,1.0,2.0,1.0,4.0,3.0,2.0,4.0,1.0,6,7,7,2,7,1,4,3,5,1,1,0,0,1,1,0,0,1,0,1,0,0,1,0,1,1,3,3,1,2,23,1,4,1,10,2,1,3
1444,2.0,4.0,2.0,3.0,4.0,5.0,4.0,5.0,4.0,3.0,2.0,5.0,5.0,1.0,3.0,2.0,2.0,5.0,4.0,2.0,3,2,6,5,5,6,2,1,2,5,0,0,0,0,1,0,0,1,0,1,0,0,1,0,1,0,1,1,1,2,14,1,12,2,60,2,1,3
1445,5.0,5.0,5.0,2.0,5.0,1.0,1.0,4.0,4.0,1.0,1.0,5.0,4.0,2.0,5.0,1.0,1.0,5.0,5.0,1.0,6,7,3,7,5,1,7,2,3,3,1,1,0,1,1,0,0,0,1,1,0,0,1,1,1,1,2,2,1,1,18,1,4,1,60,1,1,3
1446,4.0,4.0,2.0,3.0,2.0,1.0,1.0,4.0,2.0,1.0,3.0,4.0,4.0,1.0,5.0,2.0,2.0,4.0,5.0,4.0,5,5,2,1,6,5,4,7,5,1,1,1,1,1,1,1,0,1,0,1,0,0,1,1,1,1,3,3,2,2,24,1,1,2,60,1,1,1
1447,4.0,4.0,3.0,2.0,5.0,3.0,1.0,4.0,3.0,4.0,1.0,2.0,1.0,2.0,4.0,1.0,1.0,4.0,2.0,2.0,5,7,6,6,5,7,6,3,2,2,1,1,1,1,1,1,0,0,0,1,0,1,1,1,1,1,4,3,1,2,27,1,4,1,60,2,1,1
1448,1.0,1.0,4.0,5.0,2.0,5.0,4.0,2.0,5.0,5.0,5.0,1.0,2.0,4.0,2.0,5.0,5.0,2.0,4.0,4.0,7,2,4,2,7,4,7,4,5,2,1,1,0,1,1,1,1,0,0,1,1,0,1,1,1,1,4,3,2,1,43,0,7,1,50,2,3,6
1449,1.0,1.0,1.0,3.0,3.0,1.0,1.0,4.0,5.0,5.0,2.0,5.0,1.0,1.0,5.0,5.0,2.0,3.0,5.0,1.0,6,4,5,5,5,7,7,1,5,4,1,1,0,1,1,0,0,1,0,1,0,0,1,1,1,1,2,2,1,1,18,1,12,1,30,2,1,3
1450,2.0,3.0,1.0,2.0,5.0,5.0,2.0,2.0,5.0,5.0,4.0,2.0,1.0,2.0,3.0,5.0,2.0,4.0,5.0,1.0,3,1,4,5,6,7,7,1,4,1,1,1,0,1,0,0,0,0,0,1,0,0,0,1,1,1,4,1,2,2,27,1,4,3,60,2,1,1
1451,5.0,5.0,4.0,3.0,3.0,4.0,1.0,1.0,4.0,3.0,1.0,5.0,1.0,2.0,4.0,1.0,3.0,5.0,5.0,2.0,2,5,4,5,6,1,5,5,3,3,1,1,1,1,1,0,0,0,0,1,1,0,1,1,1,1,2,1,1,1,54,1,12,1,60,2,2,3
1452,5.0,4.0,1.0,3.0,3.0,1.0,1.0,5.0,3.0,2.0,1.0,5.0,2.0,1.0,5.0,1.0,1.0,3.0,4.0,1.0,4,5,6,1,6,6,5,5,7,3,1,1,0,1,1,0,0,0,0,1,0,0,1,1,1,1,3,3,1,1,24,1,10,1,10,1,1,4
1453,5.0,5.0,1.0,1.0,5.0,1.0,1.0,5.0,1.0,1.0,1.0,5.0,2.0,1.0,5.0,1.0,1.0,5.0,5.0,4.0,1,6,1,6,5,7,6,5,6,2,1,1,0,1,1,0,0,0,0,1,0,0,1,1,1,1,3,1,1,2,26,2,2,1,60,2,1,1
1454,2.0,1.0,5.0,5.0,1.0,3.0,1.0,1.0,5.0,4.0,2.0,2.0,4.0,2.0,3.0,5.0,4.0,1.0,4.0,4.0,7,6,6,1,5,2,5,6,6,3,1,1,1,1,1,0,0,1,0,1,0,0,1,1,1,1,3,3,1,2,24,1,6,1,60,1,1,3
1455,4.0,4.0,4.0,4.0,5.0,4.0,2.0,4.0,5.0,2.0,1.0,4.0,4.0,5.0,4.0,2.0,1.0,4.0,5.0,1.0,6,6,6,3,7,1,6,6,6,1,1,1,0,1,1,0,0,1,0,1,0,0,1,1,1,1,3,3,2,2,36,1,12,1,60,1,1,1
1456,1.0,2.0,1.0,3.0,5.0,1.0,1.0,5.0,5.0,4.0,1.0,5.0,4.0,1.0,5.0,1.0,1.0,5.0,5.0,1.0,1,7,6,7,3,6,6,5,1,1,1,1,0,1,1,0,0,0,0,1,0,0,1,1,1,1,3,1,1,1,35,1,12,1,60,2,1,2
1457,4.0,5.0,2.0,5.0,4.0,4.0,2.0,1.0,4.0,4.0,1.0,5.0,4.0,1.0,4.0,2.0,2.0,4.0,4.0,1.0,6,5,3,3,6,2,6,6,3,1,1,1,1,1,1,1,0,0,0,1,0,1,0,1,1,1,4,2,1,2,33,1,2,1,70,2,1,2
1458,3.0,4.0,2.0,2.0,4.0,4.0,1.0,2.0,5.0,1.0,1.0,4.0,1.0,2.0,4.0,2.0,1.0,5.0,4.0,2.0,6,7,6,7,6,2,6,6,1,2,1,1,1,1,1,0,0,0,0,1,0,0,1,1,1,1,3,3,2,1,57,1,6,1,60,1,3,2
1459,4.0,5.0,3.0,3.0,5.0,2.0,1.0,2.0,2.0,2.0,2.0,5.0,5.0,2.0,4.0,2.0,2.0,2.0,4.0,2.0,1,6,5,3,7,6,3,1,5,1,1,1,1,1,1,1,0,1,0,1,1,1,1,1,1,1,4,2,1,1,20,3,2,1,60,1,1,1
1460,4.0,5.0,3.0,4.0,2.0,1.0,1.0,2.0,3.0,1.0,1.0,4.0,3.0,2.0,4.0,1.0,1.0,4.0,3.0,3.0,5,6,7,2,6,1,4,2,6,1,1,1,1,1,1,0,0,0,0,1,1,1,1,1,1,1,2,1,2,1,24,1,3,4,60,2,1,2
1461,2.0,4.0,2.0,4.0,2.0,4.0,1.0,1.0,5.0,4.0,1.0,5.0,2.0,1.0,5.0,2.0,1.0,4.0,5.0,3.0,3,5,7,2,7,5,6,5,6,2,1,1,1,1,1,1,1,1,0,1,1,0,1,1,1,1,4,1,1,1,58,2,6,3,60,1,1,5
1462,3.0,4.0,2.0,1.0,3.0,1.0,1.0,2.0,4.0,2.0,1.0,5.0,2.0,1.0,4.0,1.0,3.0,4.0,5.0,2.0,2,6,5,6,5,5,5,5,4,4,1,1,0,1,1,0,0,1,0,1,0,0,1,0,1,1,2,3,1,2,18,1,2,1,60,2,1,3
1463,5.0,4.0,1.0,1.0,4.0,1.0,1.0,5.0,2.0,4.0,1.0,5.0,4.0,1.0,4.0,1.0,1.0,5.0,5.0,4.0,3,6,6,5,2,7,2,4,2,5,0,0,0,1,1,0,0,0,0,1,0,0,1,1,1,1,3,1,1,2,31,1,7,1,60,2,1,3
1464,3.0,4.0,3.0,3.0,5.0,2.0,2.0,5.0,3.0,2.0,1.0,4.0,1.0,3.0,5.0,1.0,1.0,3.0,3.0,3.0,3,3,3,3,6,6,6,6,4,2,1,1,1,1,1,1,0,0,1,1,1,1,1,1,1,1,4,3,2,2,29,2,1,1,60,2,1,2
1465,4.0,4.0,2.0,2.0,4.0,1.0,2.0,4.0,3.0,4.0,2.0,5.0,2.0,2.0,4.0,1.0,2.0,5.0,5.0,3.0,3,3,5,3,7,5,5,2,3,3,1,1,1,1,1,0,0,1,0,1,0,0,1,1,1,0,2,1,1,2,46,1,12,1,60,1,1,5
1466,4.0,4.0,4.0,4.0,2.0,3.0,4.0,2.0,4.0,4.0,2.0,4.0,3.0,2.0,4.0,4.0,4.0,4.0,4.0,2.0,2,2,7,3,5,6,6,2,6,4,1,1,1,1,1,0,0,1,0,1,1,0,1,1,1,1,4,3,2,1,55,1,6,1,60,2,3,2
1467,1.0,2.0,5.0,5.0,5.0,4.0,2.0,1.0,5.0,5.0,5.0,1.0,1.0,5.0,1.0,4.0,5.0,1.0,5.0,1.0,7,2,5,7,5,1,7,5,4,1,1,1,1,1,1,1,0,1,0,1,1,0,1,1,1,1,2,1,2,1,18,1,2,1,60,1,1,2
1468,1.0,2.0,4.0,3.0,2.0,2.0,2.0,1.0,4.0,5.0,3.0,3.0,1.0,3.0,4.0,2.0,1.0,4.0,5.0,1.0,3,3,7,6,7,6,7,1,4,5,1,1,0,1,1,0,0,0,0,1,0,0,1,1,1,1,3,3,2,1,27,1,1,3,60,2,1,3
1469,5.0,5.0,1.0,1.0,4.0,1.0,1.0,5.0,3.0,1.0,1.0,5.0,3.0,1.0,3.0,1.0,5.0,5.0,4.0,3.0,1,1,6,6,4,7,5,4,6,4,1,1,1,1,1,0,1,0,0,1,0,0,1,1,1,1,3,3,1,2,23,1,8,2,10,2,1,2
1470,1.0,2.0,5.0,3.0,2.0,2.0,2.0,4.0,5.0,2.0,1.0,4.0,1.0,3.0,4.0,5.0,1.0,4.0,5.0,1.0,2,6,4,6,5,6,3,2,4,4,1,1,1,1,1,0,1,1,0,1,1,0,1,1,1,1,3,2,2,1,26,1,10,5,10,1,1,3
1471,4.0,4.0,4.0,4.0,2.0,4.0,2.0,4.0,5.0,5.0,1.0,4.0,4.0,1.0,5.0,3.0,1.0,5.0,1.0,4.0,5,6,6,3,6,2,4,2,6,6,1,1,1,1,1,0,1,1,0,1,1,0,1,1,1,1,3,3,1,1,57,1,4,1,60,1,2,4
1472,4.0,4.0,2.0,4.0,4.0,2.0,2.0,4.0,5.0,1.0,2.0,2.0,4.0,1.0,4.0,2.0,2.0,1.0,5.0,1.0,3,5,3,5,5,6,5,5,6,0,1,1,1,1,1,1,0,1,0,1,0,0,0,1,1,1,2,3,2,1,18,1,2,1,50,1,1,2
1473,4.0,3.0,1.0,1.0,5.0,1.0,1.0,2.0,2.0,1.0,2.0,4.0,5.0,1.0,3.0,1.0,2.0,5.0,5.0,1.0,7,5,6,2,6,2,7,7,6,2,1,1,0,1,1,0,0,1,0,1,0,0,0,1,1,1,4,3,1,2,21,1,1,1,70,1,1,2
1474,5.0,5.0,1.0,1.0,5.0,1.0,1.0,2.0,1.0,1.0,1.0,5.0,5.0,3.0,5.0,1.0,1.0,5.0,5.0,4.0,2,7,5,3,5,3,2,2,5,6,1,1,0,1,1,0,0,0,0,1,0,0,1,1,1,1,3,2,1,1,24,1,1,1,60,2,1,2
1475,4.0,3.0,2.0,3.0,4.0,3.0,3.0,2.0,3.0,4.0,2.0,4.0,3.0,1.0,5.0,4.0,2.0,3.0,5.0,1.0,1,4,5,5,6,7,3,5,6,2,1,1,1,1,1,0,0,1,0,1,0,0,1,1,1,1,2,3,1,1,24,1,2,1,60,1,1,2
1476,2.0,3.0,2.0,4.0,3.0,1.0,1.0,4.0,3.0,2.0,1.0,5.0,4.0,2.0,4.0,1.0,2.0,4.0,5.0,4.0,6,4,3,2,7,2,5,3,5,4,1,1,1,1,1,0,1,1,0,1,0,0,1,1,1,1,3,2,1,1,32,1,1,1,60,1,2,1
1477,2.0,1.0,5.0,5.0,1.0,4.0,4.0,1.0,5.0,4.0,5.0,1.0,1.0,4.0,2.0,1.0,4.0,1.0,2.0,1.0,6,2,7,2,7,3,7,1,7,5,1,1,0,1,1,0,0,0,0,1,0,0,1,1,1,1,3,2,2,1,33,1,6,1,60,1,2,3
1478,4.0,4.0,2.0,2.0,4.0,2.0,1.0,1.0,2.0,2.0,1.0,5.0,1.0,2.0,3.0,1.0,1.0,3.0,5.0,4.0,3,3,3,5,7,3,6,5,5,3,1,1,1,1,1,0,0,0,0,1,1,0,1,1,1,1,2,2,1,1,41,1,12,2,60,1,2,1
1479,2.0,2.0,2.0,3.0,1.0,5.0,4.0,1.0,5.0,4.0,2.0,2.0,2.0,3.0,2.0,2.0,2.0,3.0,5.0,1.0,3,5,6,6,6,5,5,3,3,2,1,1,1,1,1,0,0,0,0,1,0,0,1,1,1,1,2,2,2,1,41,1,2,1,60,1,2,2
1480,1.0,3.0,1.0,4.0,4.0,1.0,1.0,1.0,2.0,2.0,1.0,4.0,1.0,2.0,4.0,1.0,2.0,4.0,5.0,1.0,1,1,6,2,5,7,6,2,6,2,1,1,0,1,1,0,0,1,0,1,0,0,1,1,1,1,3,2,1,1,24,1,2,1,10,1,1,1
1481,1.0,1.0,5.0,3.0,1.0,2.0,1.0,1.0,5.0,2.0,2.0,4.0,2.0,3.0,2.0,2.0,2.0,2.0,5.0,1.0,7,3,4,2,7,2,5,4,6,1,1,1,1,1,1,0,1,1,0,1,1,0,1,1,1,1,3,2,2,1,39,2,1,1,60,1,2,2
1482,1.0,3.0,5.0,5.0,1.0,5.0,5.0,1.0,5.0,5.0,5.0,1.0,1.0,4.0,3.0,5.0,3.0,1.0,3.0,1.0,5,5,6,4,4,7,7,6,5,4,1,1,0,1,1,0,0,0,0,1,0,1,1,1,1,1,4,2,1,1,55,1,6,1,60,2,2,3
1483,2.0,1.0,2.0,2.0,5.0,5.0,5.0,3.0,5.0,2.0,2.0,3.0,2.0,2.0,1.0,3.0,4.0,2.0,3.0,1.0,2,6,5,7,4,5,6,1,2,1,1,1,1,1,1,1,0,1,0,1,0,0,1,1,1,1,4,3,2,1,25,1,7,1,70,1,2,2
1484,1.0,1.0,3.0,4.0,2.0,5.0,2.0,1.0,5.0,5.0,3.0,1.0,3.0,1.0,2.0,5.0,5.0,1.0,4.0,1.0,6,1,6,2,5,5,7,1,3,1,1,1,0,1,1,0,0,0,0,1,0,0,0,1,1,1,3,2,2,1,43,1,4,1,10,1,3,3
1485,2.0,2.0,1.0,3.0,4.0,2.0,2.0,2.0,3.0,2.0,1.0,4.0,2.0,4.0,4.0,1.0,2.0,4.0,4.0,3.0,2,6,6,3,5,7,3,3,6,3,1,1,0,1,1,0,0,0,0,1,0,0,1,1,1,1,2,2,1,1,19,1,4,1,60,1,1,3
1486,3.0,3.0,2.0,3.0,4.0,2.0,2.0,2.0,5.0,3.0,2.0,4.0,2.0,3.0,5.0,1.0,2.0,4.0,5.0,3.0,5,5,6,6,7,5,5,3,4,2,1,1,1,1,1,0,0,1,0,1,1,0,1,1,1,1,4,3,2,2,41,1,2,1,70,2,3,0
1487,1.0,2.0,4.0,5.0,3.0,2.0,1.0,5.0,5.0,4.0,1.0,5.0,2.0,1.0,4.0,5.0,1.0,5.0,5.0,1.0,6,3,6,1,7,2,6,2,7,2,1,1,1,1,1,1,1,1,0,1,0,0,1,1,1,1,4,1,1,1,40,1,1,2,60,1,2,3
1488,4.0,5.0,3.0,2.0,4.0,2.0,3.0,4.0,3.0,3.0,1.0,4.0,4.0,2.0,2.0,2.0,1.0,4.0,3.0,4.0,4,6,7,4,5,5,3,2,4,3,1,1,0,1,1,0,1,0,0,1,0,1,1,1,1,1,3,3,1,1,39,3,12,1,30,2,1,4
1489,2.0,3.0,3.0,1.0,4.0,3.0,3.0,4.0,3.0,3.0,1.0,4.0,3.0,2.0,4.0,1.0,2.0,2.0,5.0,1.0,2,6,1,7,3,7,5,4,1,1,1,1,0,1,0,0,0,0,0,0,1,0,1,1,1,1,2,3,1,2,30,1,1,1,60,1,1,1
1490,1.0,1.0,5.0,1.0,1.0,1.0,1.0,1.0,5.0,5.0,1.0,1.0,1.0,1.0,1.0,5.0,1.0,1.0,5.0,1.0,1,5,6,6,7,7,3,1,2,1,1,1,1,1,1,0,1,1,0,1,1,0,1,1,1,1,3,1,2,1,40,1,7,1,60,1,2,4
1491,5.0,4.0,2.0,1.0,2.0,4.0,4.0,2.0,4.0,2.0,1.0,2.0,1.0,1.0,4.0,1.0,2.0,2.0,4.0,1.0,5,6,7,5,7,6,6,6,7,5,1,1,0,1,1,0,0,0,0,1,0,0,0,1,1,1,2,2,2,1,15,1,7,1,70,2,1,2
1492,3.0,4.0,1.0,5.0,4.0,3.0,2.0,2.0,5.0,5.0,1.0,1.0,3.0,1.0,1.0,1.0,1.0,3.0,5.0,1.0,4,4,7,1,6,4,6,2,6,4,1,1,1,1,1,0,1,1,0,1,0,0,1,1,1,1,4,1,2,1,63,1,7,1,60,1,2,3
1493,3.0,5.0,1.0,4.0,5.0,1.0,1.0,5.0,1.0,1.0,1.0,5.0,2.0,1.0,5.0,1.0,1.0,4.0,5.0,4.0,7,7,3,5,7,2,5,5,3,3,1,1,1,1,1,0,1,1,0,1,1,0,1,1,1,1,3,1,1,2,36,1,12,1,60,1,1,2
1494,4.0,4.0,4.0,1.0,3.0,3.0,3.0,5.0,3.0,3.0,3.0,3.0,5.0,1.0,4.0,3.0,3.0,4.0,4.0,3.0,2,4,5,5,5,6,7,5,4,4,1,1,0,1,1,0,1,1,0,1,1,1,1,1,1,1,3,2,1,1,22,3,12,1,10,1,1,2
1495,3.0,3.0,3.0,3.0,2.0,2.0,2.0,2.0,3.0,2.0,2.0,4.0,4.0,2.0,3.0,3.0,2.0,3.0,5.0,1.0,2,5,3,3,6,5,2,3,4,3,1,1,1,1,1,0,1,1,0,1,1,1,1,1,1,1,3,2,2,1,33,1,2,1,60,1,2,3
1496,1.0,1.0,2.0,4.0,4.0,4.0,2.0,1.0,5.0,5.0,3.0,4.0,1.0,1.0,1.0,2.0,5.0,1.0,4.0,1.0,5,4,7,5,7,5,6,5,3,1,1,1,0,1,1,0,0,0,0,1,0,0,1,1,1,1,4,1,2,1,57,1,7,1,60,1,2,3
1497,3.0,5.0,4.0,1.0,5.0,1.0,1.0,4.0,4.0,5.0,1.0,5.0,4.0,1.0,4.0,1.0,1.0,2.0,5.0,5.0,2,5,4,5,5,6,7,6,5,5,1,1,0,0,1,0,0,0,0,1,0,0,1,0,1,1,2,1,1,1,21,2,4,1,60,1,1,3
1498,1.0,1.0,5.0,3.0,3.0,4.0,3.0,1.0,5.0,5.0,3.0,2.0,1.0,4.0,3.0,2.0,3.0,2.0,3.0,1.0,7,2,6,2,7,2,7,2,7,1,1,1,1,1,1,0,1,1,0,1,0,0,1,1,1,1,4,1,2,1,63,3,7,1,60,1,3,2
1499,3.0,4.0,1.0,3.0,3.0,1.0,1.0,1.0,1.0,1.0,1.0,5.0,3.0,1.0,4.0,5.0,5.0,1.0,5.0,1.0,6,7,5,4,6,3,1,7,7,3,1,1,0,1,1,0,0,0,0,1,0,0,1,1,1,1,2,2,1,1,23,1,1,1,60,2,1,3
1500,2.0,2.0,5.0,1.0,4.0,4.0,1.0,2.0,5.0,3.0,4.0,5.0,2.0,3.0,2.0,4.0,3.0,2.0,5.0,1.0,3,2,7,6,5,4,7,3,2,3,1,1,1,1,1,0,1,1,0,1,0,0,1,1,1,1,3,3,2,2,26,1,1,1,10,1,1,2
1501,2.0,1.0,4.0,4.0,3.0,3.0,2.0,1.0,5.0,5.0,1.0,2.0,1.0,4.0,1.0,4.0,3.0,2.0,4.0,1.0,3,6,6,6,7,2,6,2,2,1,1,1,1,1,1,0,0,0,0,1,0,0,1,1,1,1,3,1,3,1,29,1,12,4,70,1,1,2
1502,3.0,3.0,3.0,3.0,3.0,3.0,1.0,1.0,3.0,3.0,3.0,3.0,1.0,2.0,4.0,5.0,1.0,3.0,5.0,1.0,1,3,1,2,6,6,6,7,6,4,1,1,0,1,1,0,0,1,0,1,0,0,1,1,1,1,3,2,1,1,22,1,6,1,60,1,1,2
1503,4.0,4.0,1.0,3.0,3.0,4.0,1.0,4.0,2.0,1.0,1.0,5.0,3.0,1.0,4.0,1.0,2.0,4.0,5.0,5.0,1,3,7,2,6,6,2,1,7,2,1,1,1,1,1,0,1,1,0,1,0,0,1,1,1,1,3,3,1,1,71,1,1,1,60,1,2,2
1504,1.0,2.0,2.0,1.0,2.0,2.0,3.0,1.0,5.0,5.0,1.0,3.0,1.0,1.0,1.0,2.0,4.0,2.0,5.0,1.0,7,5,3,5,6,1,7,6,7,1,1,1,1,1,1,0,0,0,0,1,0,0,1,1,1,1,3,3,1,2,37,1,2,1,60,2,1,3
1505,2.0,1.0,4.0,5.0,5.0,5.0,2.0,2.0,5.0,2.0,5.0,1.0,1.0,5.0,2.0,5.0,1.0,4.0,5.0,1.0,7,1,4,1,7,5,7,5,5,1,1,0,0,0,0,0,0,0,0,1,0,0,0,1,0,1,3,2,1,2,29,1,7,2,60,1,2,1
1506,5.0,5.0,4.0,1.0,5.0,2.0,1.0,5.0,2.0,2.0,1.0,5.0,1.0,1.0,5.0,2.0,1.0,5.0,5.0,1.0,7,7,7,2,7,1,3,2,5,1,1,1,0,1,1,0,0,0,0,1,0,0,1,1,0,1,2,2,1,1,28,1,2,1,60,2,1,3
1507,3.0,3.0,4.0,1.0,5.0,2.0,2.0,1.0,3.0,3.0,1.0,4.0,4.0,1.0,2.0,4.0,1.0,4.0,5.0,2.0,3,2,6,2,7,7,5,5,7,1,1,1,1,1,1,1,1,1,1,1,1,1,1,1,1,1,3,2,2,1,30,2,1,1,60,1,2,3
1508,5.0,4.0,2.0,1.0,5.0,1.0,2.0,3.0,5.0,2.0,4.0,5.0,5.0,1.0,3.0,3.0,1.0,4.0,5.0,4.0,6,5,7,2,6,7,7,7,6,4,1,1,1,1,1,0,0,1,0,1,0,0,1,1,1,1,4,3,1,2,20,1,1,1,60,1,1,2
1509,5.0,4.0,1.0,4.0,4.0,2.0,1.0,5.0,3.0,2.0,1.0,3.0,4.0,1.0,2.0,1.0,1.0,5.0,5.0,2.0,2,7,5,3,7,5,2,2,7,5,0,0,0,0,0,0,0,0,0,1,0,0,1,1,0,0,3,2,1,2,21,1,2,1,10,1,1,3
1510,5.0,4.0,4.0,3.0,4.0,2.0,2.0,4.0,4.0,2.0,2.0,4.0,2.0,3.0,4.0,1.0,2.0,4.0,5.0,2.0,1,5,5,4,5,6,2,3,4,3,1,1,1,1,1,0,0,1,0,1,1,0,1,1,1,1,3,3,1,2,29,1,2,1,60,2,1,4
1511,5.0,3.0,2.0,1.0,5.0,1.0,1.0,1.0,5.0,3.0,1.0,5.0,5.0,1.0,4.0,3.0,1.0,5.0,5.0,5.0,1,6,6,5,6,7,1,3,5,1,1,1,1,1,1,0,0,0,0,1,1,0,1,1,1,1,3,3,1,1,39,1,2,1,60,1,2,2
1512,1.0,2.0,2.0,5.0,5.0,1.0,2.0,5.0,3.0,2.0,1.0,4.0,1.0,1.0,3.0,1.0,1.0,5.0,1.0,1.0,5,3,3,1,7,3,6,5,7,1,1,1,0,1,1,0,1,0,0,1,0,0,1,1,1,1,3,3,2,2,29,1,10,1,70,2,2,3
1513,5.0,5.0,3.0,2.0,5.0,1.0,1.0,5.0,2.0,2.0,1.0,5.0,5.0,1.0,4.0,1.0,1.0,4.0,5.0,4.0,5,6,3,7,6,5,5,6,4,1,1,1,0,1,1,0,0,0,0,1,0,0,1,1,1,1,2,2,2,1,19,1,4,2,10,1,1,2
1514,5.0,5.0,4.0,2.0,4.0,3.0,1.0,4.0,2.0,1.0,1.0,5.0,4.0,2.0,5.0,2.0,2.0,5.0,2.0,4.0,7,5,6,2,7,5,6,5,4,1,1,1,0,1,1,0,0,0,0,1,0,0,1,1,1,1,3,3,1,1,24,2,2,1,70,2,1,2
1515,5.0,5.0,1.0,1.0,5.0,1.0,1.0,5.0,2.0,1.0,1.0,5.0,4.0,2.0,5.0,1.0,1.0,5.0,2.0,3.0,6,7,6,6,7,6,1,2,1,4,1,1,1,1,1,0,0,0,0,1,1,0,1,1,0,1,2,2,2,1,21,2,4,1,70,1,1,3
1516,4.0,4.0,1.0,1.0,5.0,2.0,1.0,5.0,3.0,2.0,2.0,5.0,1.0,2.0,3.0,1.0,2.0,4.0,5.0,1.0,6,6,4,2,4,2,4,5,5,4,1,1,1,1,1,0,0,0,0,1,1,0,1,1,1,1,3,2,1,2,31,1,1,1,60,2,1,3
1517,2.0,1.0,1.0,5.0,3.0,2.0,4.0,1.0,5.0,5.0,2.0,4.0,3.0,3.0,4.0,4.0,1.0,2.0,1.0,1.0,4,5,4,3,5,6,4,3,2,6,1,1,0,1,1,0,0,0,0,1,0,0,0,1,1,1,4,3,2,2,40,1,4,1,10,1,1,3
1518,5.0,5.0,3.0,1.0,5.0,1.0,1.0,5.0,1.0,1.0,1.0,5.0,5.0,1.0,3.0,1.0,3.0,4.0,5.0,3.0,4,5,4,4,7,4,6,6,4,1,1,1,0,1,1,0,0,0,0,1,0,0,0,1,1,1,3,3,1,2,19,2,8,1,10,2,1,2
1519,3.0,2.0,2.0,1.0,5.0,5.0,5.0,5.0,4.0,2.0,1.0,5.0,1.0,1.0,1.0,5.0,4.0,5.0,5.0,1.0,7,6,7,2,6,2,7,4,1,1,1,0,0,1,1,0,0,0,0,1,0,0,1,0,1,1,2,3,1,2,19,1,2,1,70,2,1,2
1520,5.0,4.0,3.0,2.0,5.0,2.0,1.0,5.0,2.0,1.0,2.0,5.0,4.0,3.0,4.0,3.0,2.0,3.0,5.0,3.0,7,4,7,5,5,4,6,1,6,4,1,1,0,1,1,0,1,0,0,1,0,0,0,1,1,1,3,3,1,2,68,1,8,1,10,1,2,4
1521,5.0,4.0,4.0,2.0,4.0,1.0,1.0,2.0,1.0,3.0,1.0,5.0,1.0,1.0,5.0,3.0,1.0,5.0,5.0,4.0,6,5,5,1,7,6,1,5,7,1,1,1,1,1,1,1,0,0,0,1,0,0,0,1,1,1,3,3,1,2,27,1,10,1,20,1,2,0
1522,1.0,1.0,4.0,3.0,1.0,2.0,2.0,4.0,5.0,2.0,1.0,2.0,1.0,1.0,1.0,4.0,2.0,2.0,5.0,2.0,6,5,3,5,5,6,7,6,5,3,1,1,0,1,1,0,0,0,0,1,0,0,1,1,1,1,3,3,2,2,21,1,7,1,60,1,1,2
1523,1.0,2.0,5.0,4.0,4.0,4.0,2.0,4.0,5.0,5.0,1.0,1.0,4.0,1.0,4.0,5.0,4.0,2.0,5.0,1.0,3,6,4,1,7,4,7,4,7,2,1,1,1,1,1,0,0,0,0,1,0,0,1,1,1,1,3,1,1,2,27,1,12,1,60,1,1,3
1524,1.0,4.0,5.0,5.0,2.0,5.0,5.0,4.0,5.0,5.0,5.0,2.0,1.0,1.0,1.0,2.0,2.0,2.0,1.0,1.0,2,1,6,2,6,7,7,1,6,7,1,1,0,1,1,0,1,0,0,1,0,0,1,1,1,1,3,2,1,1,55,1,9,1,60,1,2,2
1525,5.0,4.0,1.0,3.0,4.0,1.0,1.0,4.0,3.0,1.0,1.0,5.0,3.0,1.0,1.0,4.0,3.0,3.0,5.0,4.0,6,5,5,5,6,6,7,5,6,2,1,0,0,1,0,0,0,1,0,0,0,0,0,1,1,1,3,3,2,2,24,1,7,1,60,2,1,2
1526,5.0,5.0,1.0,2.0,5.0,1.0,1.0,1.0,2.0,3.0,1.0,5.0,1.0,1.0,5.0,3.0,3.0,1.0,5.0,3.0,2,6,7,6,3,6,1,2,6,4,1,1,1,1,1,0,0,0,0,1,0,1,1,1,1,1,3,3,1,2,23,1,2,1,60,1,1,1
1527,4.0,2.0,4.0,2.0,2.0,2.0,2.0,1.0,4.0,4.0,1.0,2.0,4.0,2.0,3.0,4.0,4.0,2.0,5.0,1.0,1,6,6,6,6,6,6,1,6,1,1,1,1,1,1,0,0,1,0,1,0,0,1,1,1,1,3,3,2,1,56,1,4,1,60,1,2,5
1528,5.0,1.0,1.0,2.0,5.0,3.0,1.0,5.0,3.0,4.0,1.0,4.0,4.0,2.0,4.0,1.0,2.0,5.0,5.0,2.0,5,6,5,7,7,4,4,6,2,5,1,1,0,1,1,0,0,0,0,1,0,0,1,1,1,1,3,3,2,2,24,1,1,1,70,1,1,2
1529,5.0,5.0,2.0,1.0,5.0,2.0,1.0,4.0,1.0,1.0,5.0,5.0,5.0,1.0,5.0,1.0,1.0,5.0,5.0,5.0,7,7,6,1,6,7,7,1,7,4,1,1,1,1,1,1,1,1,1,1,1,1,1,1,1,1,3,3,1,1,28,2,2,1,60,2,1,1
1530,5.0,5.0,5.0,1.0,4.0,2.0,2.0,2.0,5.0,4.0,1.0,5.0,2.0,3.0,4.0,1.0,2.0,4.0,5.0,3.0,5,5,5,5,2,1,5,1,3,2,1,1,1,1,1,1,1,1,0,1,1,0,1,1,1,1,4,2,2,2,40,1,2,4,60,2,1,3
1531,5.0,1.0,5.0,1.0,5.0,3.0,5.0,1.0,5.0,5.0,4.0,3.0,5.0,1.0,1.0,1.0,1.0,4.0,1.0,1.0,6,4,7,7,7,5,2,4,3,1,1,0,0,1,1,0,0,0,0,0,0,0,0,0,1,1,1,3,1,1,14,2,7,1,30,2,1,4
1532,1.0,4.0,4.0,5.0,1.0,5.0,4.0,1.0,5.0,5.0,4.0,4.0,1.0,1.0,4.0,4.0,1.0,1.0,5.0,1.0,5,1,6,5,5,5,7,1,6,1,1,1,0,1,1,0,0,0,0,1,0,0,1,1,1,1,4,2,1,1,59,1,9,1,60,2,2,2
1533,5.0,5.0,5.0,4.0,4.0,1.0,1.0,4.0,2.0,1.0,1.0,5.0,5.0,3.0,5.0,2.0,1.0,3.0,5.0,5.0,6,7,7,4,7,5,5,1,7,6,1,1,0,1,1,0,0,0,0,1,0,0,0,1,1,1,3,3,1,2,18,1,2,1,10,2,1,5
1534,2.0,2.0,2.0,4.0,4.0,5.0,2.0,2.0,5.0,3.0,1.0,4.0,1.0,4.0,1.0,5.0,2.0,2.0,4.0,1.0,5,3,7,2,6,5,7,1,5,3,1,1,1,1,1,0,0,1,0,1,1,0,1,1,1,1,3,1,2,1,24,1,12,3,60,1,1,1
1535,5.0,5.0,2.0,1.0,5.0,2.0,1.0,3.0,2.0,1.0,1.0,5.0,4.0,3.0,5.0,1.0,1.0,4.0,5.0,4.0,3,5,6,3,6,6,5,5,6,1,0,0,0,1,1,0,0,0,0,1,0,0,0,0,1,1,4,2,1,2,20,1,2,1,60,1,1,2
1536,3.0,1.0,1.0,5.0,1.0,3.0,2.0,1.0,5.0,2.0,3.0,1.0,1.0,4.0,1.0,4.0,4.0,2.0,5.0,1.0,3,3,6,2,7,3,6,2,7,2,1,1,1,1,1,0,1,0,0,1,1,0,1,1,1,1,4,3,1,1,55,1,1,1,60,1,2,3
1537,4.0,4.0,2.0,5.0,1.0,3.0,1.0,4.0,5.0,2.0,2.0,1.0,1.0,1.0,4.0,4.0,1.0,4.0,5.0,1.0,3,5,6,2,5,5,3,1,7,3,1,1,0,1,1,0,0,0,0,1,0,0,1,1,1,1,4,2,1,1,34,1,1,1,60,2,2,3
1538,4.0,4.0,4.0,5.0,1.0,4.0,4.0,1.0,5.0,2.0,4.0,1.0,1.0,1.0,3.0,5.0,5.0,1.0,5.0,5.0,2,2,3,2,6,6,5,5,6,2,1,1,0,1,1,0,0,1,0,1,0,0,1,1,1,1,2,3,1,2,20,1,2,1,60,1,1,2
1539,4.0,5.0,2.0,4.0,2.0,1.0,1.0,4.0,1.0,2.0,1.0,1.0,5.0,1.0,5.0,1.0,1.0,4.0,5.0,4.0,2,6,6,5,6,6,4,2,7,4,1,0,1,1,1,0,0,0,0,1,0,0,0,1,1,1,1,3,1,2,17,1,12,1,70,2,1,2
1540,5.0,5.0,1.0,3.0,5.0,1.0,1.0,5.0,1.0,1.0,1.0,5.0,5.0,1.0,5.0,1.0,1.0,5.0,5.0,3.0,6,2,4,1,7,6,7,5,7,1,1,1,1,1,1,0,0,0,0,1,0,0,1,1,1,1,3,3,3,1,20,1,3,2,60,2,1,6
1541,1.0,1.0,4.0,2.0,2.0,2.0,2.0,2.0,4.0,4.0,1.0,4.0,1.0,1.0,2.0,4.0,2.0,2.0,1.0,1.0,3,2,6,3,6,3,5,3,3,3,1,1,0,1,1,0,0,0,0,1,0,0,1,1,1,1,4,1,2,1,50,1,6,1,60,1,2,4
1542,5.0,5.0,4.0,2.0,4.0,4.0,1.0,2.0,4.0,2.0,2.0,5.0,2.0,2.0,4.0,1.0,3.0,5.0,5.0,3.0,2,5,5,5,5,7,3,2,6,1,1,1,0,1,1,0,0,0,0,1,0,0,0,1,1,1,1,2,2,2,15,0,2,0,60,2,1,3
1543,4.0,4.0,2.0,2.0,4.0,2.0,2.0,3.0,3.0,3.0,1.0,4.0,4.0,1.0,4.0,2.0,5.0,3.0,4.0,1.0,4,5,6,4,4,4,3,5,4,5,1,1,1,1,1,1,1,0,0,1,0,1,1,1,1,1,4,2,1,1,31,1,2,1,60,1,1,1
1544,2.0,1.0,3.0,4.0,3.0,2.0,2.0,1.0,5.0,5.0,3.0,1.0,4.0,2.0,1.0,2.0,3.0,4.0,5.0,1.0,2,5,7,5,6,7,5,5,6,1,1,1,1,1,1,0,0,0,0,1,0,0,1,1,1,1,2,1,1,1,39,1,2,1,60,1,2,3
1545,4.0,4.0,3.0,3.0,4.0,4.0,4.0,4.0,4.0,2.0,4.0,5.0,3.0,1.0,5.0,2.0,1.0,5.0,4.0,4.0,3,4,6,2,7,6,4,2,7,2,1,1,1,1,1,0,1,0,0,1,0,0,1,1,1,1,4,3,2,1,25,1,1,1,10,1,1,0
1546,3.0,2.0,5.0,2.0,4.0,2.0,2.0,4.0,4.0,3.0,2.0,5.0,2.0,1.0,3.0,2.0,4.0,3.0,5.0,2.0,3,5,3,4,5,7,5,3,5,4,1,1,0,1,0,0,0,0,0,1,0,0,1,0,1,1,3,3,1,2,28,1,2,1,60,2,1,2
1547,2.0,1.0,5.0,4.0,2.0,5.0,1.0,1.0,5.0,5.0,4.0,5.0,1.0,3.0,4.0,4.0,1.0,2.0,4.0,1.0,5,4,6,2,6,6,5,5,4,2,1,1,1,1,1,0,1,1,0,1,1,0,1,1,1,1,4,2,1,1,65,1,6,1,60,1,2,3
1548,1.0,5.0,4.0,3.0,2.0,4.0,2.0,3.0,5.0,1.0,1.0,4.0,1.0,1.0,4.0,2.0,4.0,1.0,2.0,2.0,2,5,5,6,5,6,5,1,2,2,1,1,0,1,1,0,0,1,0,1,1,0,1,1,1,1,3,3,1,2,53,1,4,1,60,1,2,2
1549,1.0,5.0,2.0,1.0,4.0,5.0,2.0,1.0,5.0,5.0,2.0,1.0,1.0,1.0,1.0,1.0,1.0,2.0,5.0,1.0,1,5,7,5,3,7,6,3,5,1,1,1,1,1,1,0,1,0,0,1,1,0,1,1,1,1,3,1,1,1,31,1,2,2,60,1,2,4
1550,2.0,1.0,3.0,5.0,2.0,4.0,2.0,2.0,5.0,2.0,1.0,2.0,1.0,3.0,2.0,2.0,3.0,3.0,1.0,1.0,2,1,6,3,7,6,6,2,6,3,0,1,0,1,1,0,0,0,0,1,0,0,1,1,1,1,3,3,2,2,31,1,2,1,60,2,1,2
1551,2.0,3.0,2.0,4.0,1.0,3.0,3.0,2.0,5.0,2.0,1.0,4.0,3.0,4.0,5.0,3.0,3.0,4.0,4.0,1.0,6,5,5,1,6,4,6,3,6,2,1,1,1,1,1,1,0,1,0,1,0,0,1,1,1,1,3,2,1,1,21,1,12,2,60,1,1,1
1552,3.0,4.0,1.0,2.0,5.0,1.0,1.0,5.0,2.0,2.0,1.0,5.0,5.0,2.0,3.0,1.0,3.0,4.0,5.0,3.0,3,5,7,2,6,7,6,1,7,3,1,1,1,1,1,0,0,1,0,1,0,0,1,1,1,1,4,3,1,2,24,1,1,1,60,2,1,2
1553,5.0,5.0,1.0,2.0,4.0,2.0,1.0,4.0,3.0,1.0,1.0,4.0,4.0,1.0,3.0,3.0,1.0,5.0,5.0,3.0,6,5,5,4,7,3,7,5,6,1,1,1,1,1,1,0,0,1,0,1,1,0,1,1,1,1,3,2,1,1,32,1,2,1,60,1,1,0
1554,5.0,4.0,3.0,1.0,3.0,1.0,1.0,4.0,2.0,2.0,5.0,5.0,1.0,1.0,3.0,1.0,5.0,4.0,1.0,1.0,5,5,7,3,6,6,5,3,2,1,1,1,0,1,1,0,0,0,0,1,0,0,0,1,1,1,2,3,2,2,20,2,10,1,30,2,1,0
1555,4.0,2.0,3.0,1.0,4.0,2.0,1.0,1.0,5.0,4.0,1.0,2.0,1.0,1.0,3.0,4.0,1.0,2.0,5.0,1.0,6,3,5,3,6,1,5,5,3,2,1,1,1,1,1,0,0,0,0,1,1,0,1,1,1,1,3,2,1,1,40,2,12,1,60,2,2,2
1556,4.0,4.0,3.0,4.0,4.0,3.0,2.0,2.0,5.0,3.0,1.0,4.0,4.0,4.0,3.0,1.0,2.0,4.0,4.0,2.0,4,5,5,6,6,6,6,7,4,3,1,1,1,1,1,0,1,0,0,1,1,0,1,1,1,1,3,0,2,1,56,1,4,1,60,1,3,3
1557,5.0,1.0,4.0,1.0,5.0,3.0,4.0,5.0,5.0,4.0,1.0,5.0,5.0,1.0,5.0,4.0,1.0,5.0,5.0,4.0,4,7,6,2,4,3,3,6,3,2,1,1,1,1,1,0,0,0,0,1,0,0,0,1,1,1,2,3,1,2,20,1,2,1,60,2,1,1
1558,4.0,5.0,5.0,2.0,1.0,5.0,5.0,3.0,5.0,5.0,3.0,3.0,5.0,4.0,4.0,5.0,5.0,5.0,1.0,1.0,6,6,7,1,7,2,7,1,7,1,1,0,0,1,0,0,0,0,0,1,0,0,0,0,1,1,2,3,1,1,14,1,7,5,30,2,1,2
1559,4.0,4.0,1.0,4.0,1.0,1.0,1.0,1.0,4.0,1.0,3.0,4.0,2.0,4.0,5.0,1.0,1.0,4.0,5.0,4.0,1,2,7,1,7,5,2,2,7,7,1,1,0,1,1,0,0,0,0,1,0,0,1,1,1,1,3,3,1,2,21,1,2,1,60,2,1,2
1560,5.0,5.0,2.0,3.0,5.0,1.0,1.0,3.0,2.0,1.0,1.0,4.0,5.0,1.0,5.0,2.0,1.0,4.0,5.0,5.0,1,6,6,4,6,7,1,7,7,7,1,1,1,1,1,1,1,0,1,1,0,1,1,1,1,1,3,2,1,1,25,1,4,1,60,1,1,4
1561,4.0,4.0,2.0,4.0,2.0,2.0,2.0,4.0,5.0,4.0,4.0,4.0,4.0,2.0,4.0,4.0,4.0,2.0,1.0,1.0,6,1,7,1,6,5,7,2,7,2,1,1,1,1,1,0,1,1,0,1,1,0,1,1,1,1,4,1,1,2,46,1,6,1,0,1,2,2
1562,5.0,5.0,5.0,5.0,5.0,2.0,3.0,5.0,5.0,2.0,1.0,5.0,5.0,2.0,4.0,5.0,3.0,4.0,3.0,4.0,5,6,6,3,7,3,1,5,1,1,0,0,0,0,1,0,0,0,0,0,0,0,0,0,0,1,2,3,2,2,18,1,6,1,10,2,1,3
1563,2.0,3.0,1.0,5.0,3.0,3.0,3.0,1.0,5.0,5.0,3.0,1.0,1.0,3.0,3.0,5.0,1.0,3.0,3.0,3.0,4,1,6,1,6,6,6,5,6,1,1,1,1,1,1,1,0,1,0,1,0,0,1,1,1,1,3,1,1,1,69,2,7,1,60,1,2,1
1564,5.0,5.0,1.0,1.0,5.0,1.0,1.0,5.0,4.0,1.0,1.0,5.0,4.0,1.0,3.0,2.0,1.0,2.0,5.0,4.0,1,1,7,1,6,7,2,2,7,3,1,1,1,1,1,0,1,1,0,1,1,0,1,1,1,1,2,3,1,1,22,1,6,1,60,1,1,4
1565,5.0,5.0,3.0,4.0,5.0,5.0,4.0,1.0,5.0,3.0,1.0,5.0,1.0,3.0,1.0,5.0,5.0,3.0,5.0,1.0,5,4,5,5,7,7,7,1,7,7,0,0,0,0,1,0,0,0,0,1,0,0,0,0,1,1,2,0,2,1,14,1,4,5,30,2,1,2
1566,5.0,4.0,3.0,3.0,4.0,2.0,1.0,5.0,5.0,2.0,1.0,3.0,4.0,1.0,2.0,1.0,2.0,4.0,5.0,4.0,6,6,5,7,5,1,6,1,3,5,1,1,1,1,1,0,0,0,0,1,1,1,1,1,1,1,3,2,1,1,48,1,2,2,60,2,3,1
1567,1.0,4.0,1.0,5.0,1.0,4.0,2.0,1.0,5.0,5.0,2.0,2.0,2.0,4.0,4.0,4.0,2.0,4.0,4.0,1.0,2,3,3,6,6,6,6,5,3,4,1,1,1,1,1,0,0,1,0,1,0,0,1,1,1,1,4,3,2,1,28,1,6,1,60,2,1,3
1568,5.0,4.0,1.0,1.0,5.0,1.0,1.0,5.0,1.0,1.0,1.0,5.0,5.0,1.0,5.0,1.0,1.0,5.0,5.0,5.0,1,1,7,5,6,7,7,7,7,2,1,1,1,1,1,0,0,0,0,1,0,1,1,1,1,1,2,1,1,1,21,1,2,1,60,2,1,1
1569,5.0,5.0,1.0,1.0,4.0,1.0,1.0,4.0,1.0,1.0,1.0,1.0,5.0,2.0,5.0,1.0,2.0,5.0,5.0,5.0,7,3,2,1,6,1,1,2,3,5,1,1,0,1,1,0,0,0,0,1,0,0,1,1,1,1,4,2,1,1,28,1,2,1,60,1,1,2
1570,5.0,4.0,2.0,3.0,4.0,2.0,1.0,3.0,3.0,2.0,3.0,4.0,4.0,1.0,4.0,3.0,5.0,4.0,5.0,2.0,2,6,4,5,4,5,3,5,6,5,1,0,0,1,1,0,0,0,0,1,0,0,0,1,1,1,3,3,1,2,25,1,2,1,10,1,1,2
1571,5.0,5.0,1.0,1.0,5.0,1.0,1.0,4.0,1.0,1.0,1.0,5.0,4.0,1.0,5.0,1.0,1.0,5.0,3.0,5.0,4,6,7,1,6,6,0,4,6,2,1,1,1,1,1,0,0,0,0,1,0,0,1,1,1,1,2,3,1,1,17,1,2,1,60,1,1,2
1572,1.0,1.0,5.0,5.0,1.0,2.0,2.0,1.0,5.0,3.0,1.0,1.0,1.0,1.0,1.0,1.0,2.0,2.0,5.0,1.0,3,1,3,7,2,2,7,5,1,5,0,1,0,1,1,0,1,0,0,1,0,0,1,1,1,1,4,3,2,1,35,1,1,1,60,1,1,4
1573,2.0,4.0,4.0,4.0,4.0,2.0,1.0,4.0,4.0,4.0,3.0,4.0,2.0,3.0,5.0,2.0,4.0,4.0,5.0,1.0,3,4,6,6,5,5,6,4,4,3,1,1,0,1,1,0,0,1,0,1,0,0,1,1,1,1,3,2,2,1,23,1,1,2,70,2,1,2
1574,1.0,1.0,1.0,3.0,4.0,4.0,2.0,3.0,5.0,1.0,1.0,3.0,1.0,2.0,4.0,1.0,3.0,2.0,1.0,5.0,5,6,4,4,7,7,5,2,6,5,1,1,0,1,1,0,0,0,0,1,0,0,0,1,1,1,2,1,1,1,23,1,12,1,60,2,1,2
1575,5.0,5.0,1.0,1.0,5.0,1.0,1.0,5.0,1.0,1.0,1.0,5.0,5.0,1.0,5.0,1.0,1.0,5.0,3.0,5.0,4,7,6,5,6,2,5,5,6,1,1,1,1,1,1,0,0,0,0,1,0,0,1,1,1,1,2,3,1,1,17,1,2,1,60,1,1,2
1576,5.0,5.0,2.0,2.0,5.0,2.0,2.0,3.0,1.0,1.0,1.0,1.0,1.0,1.0,5.0,5.0,1.0,4.0,5.0,4.0,2,6,3,6,7,5,3,2,7,1,1,1,0,1,1,0,0,1,0,1,1,0,1,1,1,1,3,3,1,2,29,1,1,1,60,2,2,3
1577,5.0,5.0,3.0,1.0,5.0,3.0,2.0,3.0,4.0,2.0,1.0,5.0,3.0,1.0,4.0,3.0,4.0,3.0,3.0,1.0,5,4,6,5,6,7,6,4,6,1,1,1,1,1,1,0,1,0,0,1,0,1,1,1,1,1,0,3,2,2,27,1,8,1,10,1,1,2
1578,1.0,1.0,4.0,5.0,2.0,5.0,2.0,1.0,5.0,5.0,5.0,3.0,1.0,4.0,5.0,3.0,1.0,4.0,5.0,1.0,1,2,3,6,5,6,4,5,5,2,1,1,0,1,1,0,0,1,0,1,0,0,1,1,1,1,3,2,1,2,40,1,2,1,60,1,1,4
1579,5.0,1.0,1.0,1.0,5.0,1.0,1.0,3.0,1.0,4.0,1.0,5.0,1.0,2.0,5.0,1.0,3.0,5.0,1.0,5.0,2,5,5,6,3,7,7,3,7,7,1,1,0,1,0,0,0,1,0,1,1,0,0,1,1,1,3,1,1,2,25,1,4,1,60,1,1,3
1580,4.0,2.0,1.0,1.0,5.0,2.0,1.0,5.0,1.0,4.0,1.0,5.0,5.0,1.0,4.0,1.0,4.0,5.0,5.0,3.0,2,7,1,6,4,6,6,7,6,6,1,1,1,1,1,1,1,1,0,1,1,0,1,1,1,1,3,2,1,1,34,1,4,1,60,1,2,5
1581,1.0,1.0,5.0,2.0,1.0,5.0,1.0,1.0,5.0,5.0,2.0,5.0,1.0,2.0,4.0,1.0,1.0,1.0,5.0,1.0,6,6,5,7,7,2,7,1,4,1,1,1,1,1,1,0,0,0,0,1,1,0,1,1,1,1,4,2,2,1,31,1,7,1,60,1,2,1
1582,5.0,5.0,1.0,1.0,2.0,1.0,1.0,1.0,1.0,1.0,1.0,4.0,5.0,1.0,1.0,1.0,5.0,5.0,5.0,1.0,6,3,6,1,7,2,7,2,5,1,1,1,1,1,1,0,1,1,0,1,1,0,1,1,1,1,3,3,2,2,34,1,7,1,60,1,1,2
1583,2.0,2.0,3.0,2.0,4.0,2.0,2.0,2.0,4.0,4.0,2.0,2.0,2.0,1.0,3.0,1.0,4.0,4.0,5.0,3.0,6,5,5,4,4,4,5,4,5,3,0,0,0,0,0,0,0,0,0,0,0,0,0,0,0,1,3,2,1,2,27,1,2,1,60,2,1,3
1584,4.0,3.0,2.0,4.0,4.0,2.0,2.0,1.0,3.0,2.0,1.0,4.0,5.0,1.0,1.0,2.0,1.0,5.0,3.0,4.0,7,6,5,5,6,3,6,3,3,1,1,1,1,1,1,0,1,0,0,1,1,0,1,1,1,1,4,2,1,1,56,1,1,2,60,1,1,1
1585,2.0,5.0,3.0,4.0,4.0,4.0,2.0,1.0,3.0,4.0,1.0,5.0,4.0,1.0,4.0,4.0,1.0,5.0,5.0,4.0,5,5,4,6,5,7,4,5,3,4,1,1,0,1,1,0,0,0,0,0,0,0,1,1,1,1,2,3,2,2,21,1,7,2,10,1,1,4
1586,4.0,4.0,5.0,3.0,4.0,4.0,5.0,5.0,5.0,5.0,4.0,5.0,1.0,2.0,2.0,5.0,3.0,4.0,3.0,5.0,3,5,6,6,6,6,3,2,6,3,1,0,1,1,1,0,0,1,0,1,0,0,0,1,1,1,2,3,1,2,27,1,1,1,60,2,1,4
1587,4.0,4.0,2.0,4.0,4.0,4.0,2.0,2.0,4.0,4.0,1.0,4.0,4.0,1.0,4.0,1.0,2.0,4.0,2.0,3.0,4,5,6,3,6,3,4,3,5,3,1,1,1,1,1,0,1,1,0,1,0,0,1,1,1,1,3,1,2,1,57,1,6,1,60,1,2,1
1588,4.0,1.0,1.0,5.0,2.0,1.0,1.0,1.0,2.0,1.0,1.0,4.0,1.0,1.0,2.0,2.0,3.0,4.0,5.0,5.0,7,6,6,6,5,2,6,5,3,3,1,1,1,1,1,0,0,0,0,1,0,0,1,1,1,1,4,1,2,1,36,1,4,3,60,1,1,3
1589,5.0,5.0,4.0,1.0,5.0,4.0,3.0,5.0,3.0,5.0,2.0,5.0,5.0,1.0,5.0,3.0,4.0,5.0,5.0,5.0,7,5,7,2,7,7,7,6,7,1,1,0,0,1,0,0,0,1,0,1,0,0,0,0,0,0,3,2,1,2,32,1,12,1,60,1,1,2
1590,5.0,5.0,1.0,1.0,5.0,1.0,2.0,4.0,2.0,1.0,1.0,4.0,4.0,1.0,4.0,1.0,2.0,5.0,5.0,5.0,3,5,5,6,7,2,3,4,4,4,1,1,0,1,1,0,0,1,0,1,0,0,1,1,1,1,4,3,1,2,26,1,4,1,10,2,1,2
1591,2.0,5.0,1.0,2.0,5.0,1.0,1.0,5.0,3.0,3.0,1.0,5.0,2.0,1.0,5.0,2.0,1.0,4.0,5.0,2.0,3,2,7,6,7,5,3,5,4,1,1,1,1,1,1,0,1,1,0,1,1,0,1,1,1,1,3,1,2,1,29,1,2,1,60,2,1,5
1592,3.0,5.0,1.0,3.0,5.0,2.0,2.0,5.0,3.0,2.0,2.0,5.0,4.0,1.0,4.0,2.0,1.0,5.0,5.0,4.0,6,7,4,5,7,3,7,6,4,1,1,1,0,1,1,0,0,0,0,0,0,0,1,1,1,1,3,3,1,2,21,1,0,1,10,2,1,2
1593,1.0,4.0,2.0,4.0,2.0,2.0,2.0,4.0,2.0,1.0,1.0,2.0,2.0,2.0,5.0,2.0,2.0,4.0,5.0,1.0,3,2,6,6,7,3,7,2,5,5,1,1,1,1,1,0,1,1,0,1,1,0,1,1,1,1,3,2,2,1,28,1,1,1,60,2,2,5
1594,2.0,3.0,2.0,1.0,3.0,3.0,2.0,4.0,2.0,2.0,2.0,2.0,2.0,3.0,4.0,2.0,1.0,2.0,5.0,1.0,6,6,6,7,5,4,2,2,3,5,1,1,1,1,1,0,1,1,0,1,1,1,1,1,1,1,4,3,2,2,30,1,2,1,60,1,2,1
1595,1.0,1.0,3.0,2.0,4.0,2.0,2.0,1.0,4.0,4.0,2.0,2.0,2.0,4.0,1.0,2.0,3.0,2.0,3.0,1.0,5,5,6,5,6,6,7,3,4,2,1,1,1,1,1,0,0,1,0,1,0,0,1,1,1,1,3,2,2,1,38,1,4,1,60,1,3,1
1596,2.0,1.0,4.0,3.0,2.0,5.0,3.0,4.0,5.0,4.0,1.0,2.0,1.0,4.0,1.0,1.0,5.0,2.0,3.0,1.0,3,5,4,4,7,6,6,2,3,1,1,0,0,1,0,0,0,0,0,1,1,0,0,1,1,1,3,3,2,2,31,1,4,1,60,1,1,2
1597,3.0,4.0,3.0,2.0,4.0,2.0,2.0,4.0,2.0,5.0,2.0,4.0,2.0,1.0,3.0,1.0,2.0,5.0,4.0,3.0,2,6,6,6,6,6,6,6,6,6,1,1,0,1,1,0,0,0,0,0,1,0,0,0,0,1,3,3,1,2,40,1,4,1,60,1,1,1
1598,4.0,2.0,5.0,5.0,5.0,2.0,2.0,5.0,4.0,1.0,1.0,1.0,1.0,1.0,4.0,4.0,2.0,5.0,5.0,2.0,1,2,6,1,6,2,6,5,7,1,1,1,1,1,1,0,0,0,0,1,0,0,1,1,1,1,3,3,1,2,40,1,7,1,60,1,1,1
1599,1.0,2.0,4.0,5.0,2.0,4.0,4.0,2.0,4.0,5.0,3.0,1.0,1.0,3.0,2.0,1.0,4.0,2.0,4.0,1.0,5,5,7,2,7,3,6,2,6,2,1,1,1,1,1,0,1,0,1,1,1,0,1,1,1,1,4,2,1,2,36,1,4,1,60,1,2,2
1600,5.0,5.0,1.0,1.0,5.0,1.0,1.0,1.0,1.0,1.0,1.0,5.0,5.0,1.0,1.0,1.0,1.0,5.0,5.0,1.0,6,3,7,1,7,1,7,2,6,1,1,1,1,1,1,0,1,1,0,1,1,1,1,1,1,1,3,3,2,2,34,1,7,1,60,1,1,2
1601,5.0,5.0,4.0,2.0,5.0,1.0,1.0,4.0,4.0,3.0,2.0,5.0,5.0,3.0,3.0,4.0,3.0,4.0,4.0,4.0,5,4,3,5,6,2,5,3,7,6,1,1,0,1,1,0,0,0,0,0,0,0,1,1,1,1,2,2,1,2,18,1,6,1,60,2,1,3
1602,5.0,3.0,3.0,2.0,4.0,1.0,1.0,4.0,3.0,1.0,1.0,5.0,1.0,2.0,4.0,1.0,1.0,5.0,4.0,1.0,3,7,4,6,6,7,4,2,4,1,1,1,1,1,1,0,1,1,0,1,1,0,1,1,1,1,3,3,1,2,21,1,2,1,60,2,1,1
1603,5.0,5.0,2.0,1.0,5.0,1.0,1.0,4.0,4.0,1.0,1.0,4.0,4.0,1.0,5.0,1.0,1.0,5.0,5.0,3.0,1,6,6,7,7,7,3,1,5,1,1,1,1,1,1,1,1,1,1,1,0,0,1,1,1,1,3,1,1,1,22,2,2,1,60,1,1,0
1604,5.0,5.0,1.0,1.0,5.0,1.0,1.0,5.0,1.0,1.0,1.0,5.0,5.0,1.0,5.0,1.0,1.0,5.0,5.0,5.0,1,6,7,6,5,7,2,1,7,1,1,1,1,1,1,0,0,1,0,1,1,0,1,1,1,1,3,3,1,2,23,1,1,1,70,2,1,2
1605,5.0,4.0,2.0,2.0,4.0,1.0,2.0,2.0,2.0,1.0,1.0,5.0,3.0,2.0,4.0,2.0,4.0,3.0,3.0,2.0,5,5,3,2,6,4,6,7,5,2,1,1,0,1,1,0,0,0,0,1,0,0,0,1,1,1,3,3,2,2,23,1,1,1,10,2,1,2
1606,5.0,5.0,1.0,2.0,3.0,2.0,1.0,4.0,2.0,1.0,2.0,4.0,4.0,2.0,5.0,2.0,1.0,4.0,5.0,3.0,6,2,3,3,7,5,3,6,6,2,1,1,1,1,1,0,0,0,0,1,1,0,1,1,1,1,3,2,1,2,25,1,1,1,60,1,1,3
1607,5.0,5.0,1.0,3.0,5.0,1.0,1.0,2.0,1.0,1.0,1.0,5.0,5.0,3.0,2.0,4.0,1.0,5.0,5.0,5.0,3,5,7,1,7,7,3,1,6,1,1,0,0,0,1,0,0,0,0,1,0,0,0,1,1,1,3,3,1,2,21,1,2,1,60,1,1,2
1608,1.0,3.0,4.0,3.0,2.0,4.0,2.0,1.0,5.0,2.0,2.0,1.0,1.0,3.0,3.0,3.0,2.0,2.0,4.0,1.0,3,4,4,3,7,6,7,2,6,3,1,1,1,1,1,0,1,1,0,1,0,0,1,1,1,1,3,2,2,1,30,1,6,1,10,1,1,2
1609,5.0,5.0,2.0,5.0,5.0,1.0,1.0,4.0,4.0,1.0,2.0,4.0,5.0,1.0,4.0,2.0,2.0,4.0,4.0,3.0,3,5,6,6,6,3,3,2,1,6,1,1,1,1,1,0,1,1,0,1,1,0,1,1,1,1,3,1,1,2,62,1,6,1,60,1,2,8
1610,1.0,2.0,5.0,4.0,4.0,5.0,5.0,3.0,5.0,5.0,3.0,3.0,4.0,2.0,3.0,4.0,3.0,5.0,1.0,2.0,4,2,2,5,5,6,5,2,3,3,1,1,1,1,1,1,0,1,1,1,0,0,0,1,1,1,3,3,2,2,21,1,10,1,20,2,1,3
1611,1.0,2.0,5.0,4.0,3.0,3.0,3.0,2.0,4.0,4.0,1.0,1.0,3.0,2.0,4.0,4.0,5.0,3.0,4.0,1.0,6,5,2,6,6,3,6,4,1,4,0,1,0,1,1,0,0,1,0,1,0,0,1,1,1,1,3,3,2,1,26,1,1,1,60,1,1,2
1612,2.0,5.0,2.0,3.0,5.0,1.0,1.0,4.0,1.0,1.0,1.0,4.0,3.0,1.0,5.0,1.0,2.0,5.0,5.0,1.0,2,7,6,1,6,5,2,1,7,1,1,1,0,1,1,0,0,0,0,1,0,0,1,1,1,1,3,1,1,2,22,1,2,1,60,1,1,2
1613,5.0,4.0,4.0,2.0,4.0,1.0,1.0,1.0,2.0,1.0,1.0,5.0,3.0,1.0,5.0,1.0,5.0,5.0,5.0,3.0,6,1,7,1,6,4,5,1,7,1,1,1,0,1,1,0,0,1,0,1,1,1,1,1,1,1,4,3,1,1,26,1,1,1,60,1,2,2
1614,5.0,2.0,2.0,1.0,5.0,2.0,2.0,4.0,1.0,1.0,2.0,4.0,4.0,2.0,4.0,2.0,4.0,4.0,5.0,1.0,6,7,7,3,7,3,3,2,6,1,1,1,0,1,1,0,0,1,0,1,0,0,1,1,1,1,2,2,2,2,20,1,1,1,60,1,1,2
1615,3.0,4.0,1.0,1.0,5.0,1.0,2.0,3.0,5.0,3.0,2.0,5.0,3.0,1.0,5.0,4.0,4.0,2.0,5.0,2.0,5,5,7,2,6,4,7,1,7,2,1,1,0,1,1,0,0,0,0,1,0,0,1,1,1,1,2,0,1,1,21,1,12,1,60,2,1,2
1616,5.0,5.0,3.0,1.0,5.0,1.0,1.0,4.0,3.0,2.0,1.0,5.0,5.0,1.0,3.0,1.0,1.0,5.0,5.0,5.0,3,5,7,1,7,4,3,1,7,2,1,1,0,1,1,1,1,0,1,1,0,0,1,1,1,1,3,3,1,2,29,1,3,1,60,2,2,2
1617,2.0,4.0,2.0,2.0,3.0,2.0,2.0,5.0,3.0,2.0,1.0,4.0,4.0,2.0,3.0,2.0,2.0,4.0,2.0,3.0,2,2,3,2,4,6,5,5,6,4,1,1,0,1,1,1,0,0,0,1,0,0,1,1,1,1,3,3,1,2,26,1,7,1,30,1,1,4
1618,4.0,4.0,3.0,4.0,5.0,2.0,3.0,1.0,3.0,1.0,1.0,5.0,5.0,1.0,4.0,1.0,1.0,1.0,5.0,1.0,1,2,7,4,7,7,2,1,5,1,1,1,1,1,1,0,0,1,1,1,0,1,1,1,1,1,3,1,2,1,42,3,7,1,60,1,3,1
1619,3.0,4.0,3.0,1.0,5.0,2.0,1.0,5.0,3.0,2.0,1.0,5.0,4.0,1.0,4.0,1.0,2.0,4.0,5.0,3.0,1,6,3,6,5,7,5,6,3,2,1,1,0,1,1,0,0,0,0,1,1,0,1,1,1,1,2,2,2,2,20,1,1,5,60,2,1,1
1620,3.0,5.0,5.0,1.0,4.0,2.0,2.0,4.0,5.0,2.0,1.0,2.0,2.0,1.0,4.0,5.0,5.0,4.0,5.0,1.0,5,2,5,7,6,7,6,5,6,1,1,1,0,1,1,0,0,0,0,1,0,0,0,1,1,1,3,3,1,2,29,2,1,1,70,2,1,3
1621,1.0,4.0,2.0,2.0,5.0,1.0,2.0,5.0,5.0,4.0,1.0,4.0,4.0,3.0,4.0,2.0,4.0,4.0,3.0,2.0,2,5,3,7,5,6,5,6,3,4,1,1,1,1,1,0,1,0,0,1,1,1,1,1,1,1,3,2,2,1,27,1,4,1,60,2,1,4
1622,4.0,4.0,1.0,1.0,3.0,3.0,2.0,1.0,5.0,1.0,2.0,4.0,2.0,1.0,2.0,1.0,2.0,2.0,4.0,1.0,2,4,3,2,7,7,6,5,3,2,1,1,1,1,1,0,0,0,0,1,0,0,1,1,1,1,3,1,1,1,23,1,2,1,60,1,1,1
1623,1.0,5.0,5.0,1.0,5.0,1.0,1.0,5.0,5.0,1.0,1.0,5.0,5.0,1.0,5.0,1.0,5.0,5.0,1.0,5.0,5,1,1,5,5,5,1,5,3,1,0,0,0,0,0,0,0,0,0,0,0,0,0,0,1,1,2,2,0,1,23,2,7,5,30,2,1,2
1624,5.0,3.0,1.0,1.0,2.0,1.0,1.0,3.0,1.0,2.0,1.0,5.0,5.0,2.0,5.0,1.0,1.0,5.0,5.0,5.0,6,7,2,5,6,2,2,6,6,1,1,1,1,1,1,0,0,0,0,1,0,0,1,1,1,1,2,3,1,1,20,2,12,1,70,2,1,5
1625,2.0,4.0,4.0,2.0,3.0,3.0,3.0,4.0,5.0,4.0,2.0,2.0,1.0,2.0,3.0,3.0,2.0,4.0,3.0,4.0,5,5,6,4,5,5,5,3,6,3,1,1,1,1,1,0,0,1,0,1,0,1,1,1,1,1,2,2,1,1,25,2,7,1,60,1,1,1
1626,3.0,2.0,4.0,3.0,3.0,4.0,4.0,4.0,3.0,3.0,1.0,5.0,4.0,2.0,3.0,5.0,2.0,1.0,4.0,2.0,4,2,6,1,5,3,4,2,6,2,1,1,1,1,1,0,0,0,0,1,0,0,1,1,1,1,3,3,2,1,32,1,12,1,30,1,1,3
1627,5.0,5.0,1.0,1.0,5.0,1.0,1.0,4.0,1.0,1.0,1.0,5.0,5.0,1.0,5.0,1.0,1.0,4.0,5.0,4.0,6,7,7,1,7,1,1,6,7,1,0,1,0,1,1,0,0,0,1,1,1,0,0,1,1,1,1,3,1,2,16,1,1,2,20,2,1,2
1628,4.0,5.0,2.0,2.0,3.0,2.0,1.0,2.0,2.0,2.0,2.0,5.0,5.0,1.0,5.0,2.0,5.0,2.0,4.0,5.0,6,2,5,7,6,2,3,2,1,3,1,1,0,1,1,0,0,0,0,1,0,0,1,1,0,1,2,3,2,1,15,1,7,5,30,2,1,0
1629,4.0,3.0,2.0,2.0,4.0,1.0,2.0,4.0,3.0,2.0,2.0,4.0,4.0,2.0,4.0,2.0,1.0,5.0,5.0,4.0,6,5,3,3,6,5,2,6,5,2,1,1,1,1,1,0,0,1,0,1,0,0,1,1,1,1,4,1,2,1,25,1,12,1,60,1,1,3
1630,2.0,2.0,4.0,4.0,4.0,2.0,1.0,2.0,4.0,4.0,1.0,3.0,2.0,4.0,4.0,4.0,3.0,4.0,4.0,1.0,2,2,6,2,7,6,6,5,3,2,1,1,1,1,1,0,1,1,0,1,0,0,1,1,1,1,4,2,3,1,24,1,2,5,60,2,1,2
1631,1.0,1.0,5.0,5.0,4.0,5.0,5.0,1.0,5.0,5.0,1.0,1.0,1.0,5.0,1.0,5.0,1.0,1.0,5.0,1.0,1,5,7,7,5,5,7,3,1,5,1,1,0,1,1,0,0,0,0,1,0,0,1,1,0,1,3,2,2,1,38,1,7,1,0,1,2,3
1632,1.0,1.0,4.0,5.0,1.0,5.0,2.0,1.0,5.0,3.0,2.0,1.0,1.0,4.0,1.0,4.0,3.0,2.0,4.0,1.0,6,5,6,3,7,5,7,3,6,1,1,1,1,1,1,1,1,1,0,1,1,0,1,1,1,1,4,3,2,1,32,1,1,5,70,1,2,4
1633,5.0,3.0,3.0,2.0,4.0,1.0,2.0,4.0,2.0,3.0,1.0,4.0,1.0,1.0,3.0,1.0,5.0,4.0,5.0,5.0,2,5,5,2,6,2,5,4,7,2,1,1,1,1,1,0,0,0,0,0,0,0,1,1,1,1,3,3,1,2,32,1,2,1,60,2,1,2
1634,5.0,4.0,2.0,2.0,4.0,1.0,1.0,3.0,2.0,2.0,2.0,5.0,5.0,2.0,5.0,2.0,2.0,4.0,5.0,2.0,2,5,6,3,6,7,1,6,6,3,1,1,0,1,1,0,0,0,0,1,0,1,1,1,1,1,2,1,2,1,21,1,1,2,70,2,1,5
1635,5.0,5.0,1.0,1.0,5.0,1.0,1.0,3.0,2.0,1.0,1.0,4.0,3.0,1.0,3.0,2.0,5.0,5.0,5.0,5.0,4,1,7,1,6,6,6,1,7,1,1,1,0,1,1,0,1,0,0,1,1,0,1,1,1,1,3,3,1,1,37,2,12,1,30,1,1,3
1636,2.0,2.0,2.0,4.0,4.0,1.0,2.0,2.0,4.0,5.0,1.0,5.0,1.0,2.0,4.0,2.0,4.0,4.0,5.0,1.0,1,2,7,2,6,3,5,1,6,2,1,1,1,1,1,0,1,1,0,1,1,0,1,1,1,1,4,1,1,1,46,2,2,1,60,1,2,2
1637,5.0,5.0,1.0,1.0,5.0,2.0,2.0,2.0,1.0,2.0,1.0,5.0,5.0,2.0,4.0,1.0,1.0,5.0,5.0,1.0,2,6,7,3,5,6,4,1,7,5,0,0,0,1,0,0,0,1,0,1,0,0,0,1,1,0,3,2,1,1,38,1,7,1,30,2,1,3
1638,5.0,4.0,2.0,3.0,5.0,2.0,3.0,5.0,3.0,2.0,2.0,4.0,5.0,2.0,4.0,3.0,1.0,4.0,4.0,5.0,3,3,4,5,6,7,4,5,3,4,1,1,0,1,1,0,0,0,0,1,0,0,0,0,1,1,4,2,1,1,22,1,1,1,10,2,1,2
1639,5.0,5.0,1.0,2.0,4.0,4.0,2.0,4.0,2.0,4.0,1.0,5.0,1.0,1.0,3.0,1.0,1.0,5.0,3.0,3.0,2,6,7,1,5,6,4,5,7,3,1,1,1,1,1,0,0,1,0,1,0,1,1,1,1,1,3,3,1,2,24,1,4,1,70,2,1,1
1640,5.0,1.0,1.0,3.0,4.0,2.0,1.0,4.0,5.0,4.0,3.0,5.0,3.0,3.0,4.0,1.0,3.0,4.0,5.0,4.0,3,4,3,3,5,3,4,5,5,5,1,1,0,1,1,0,0,0,0,1,0,0,1,1,1,1,3,3,1,1,29,1,2,1,10,2,1,1
1641,2.0,2.0,4.0,4.0,4.0,4.0,3.0,2.0,5.0,4.0,4.0,3.0,2.0,5.0,2.0,4.0,3.0,3.0,5.0,2.0,5,6,5,5,4,7,6,2,4,3,1,1,0,1,0,0,1,1,0,1,1,0,0,1,1,1,2,2,1,2,19,1,2,1,60,2,1,2
1642,5.0,5.0,2.0,3.0,4.0,2.0,2.0,3.0,4.0,5.0,3.0,4.0,4.0,3.0,5.0,5.0,4.0,5.0,4.0,4.0,1,6,4,7,1,7,1,5,1,4,1,1,1,1,1,0,0,0,0,1,0,0,1,1,1,1,2,1,2,1,18,1,6,1,60,2,1,2
1643,5.0,5.0,1.0,1.0,5.0,1.0,1.0,5.0,1.0,1.0,1.0,5.0,5.0,1.0,5.0,1.0,1.0,5.0,3.0,5.0,5,7,6,2,6,5,2,5,5,1,1,1,1,1,1,0,0,0,0,1,0,0,1,1,1,1,2,3,1,1,17,1,2,1,60,1,1,2
1644,4.0,4.0,1.0,3.0,3.0,2.0,2.0,2.0,3.0,3.0,3.0,5.0,3.0,2.0,4.0,3.0,1.0,4.0,5.0,1.0,3,4,5,2,5,7,6,2,6,1,1,1,0,1,1,0,0,1,0,1,0,0,1,1,1,1,1,2,1,2,18,1,1,1,60,2,1,2
1645,4.0,4.0,3.0,2.0,5.0,5.0,2.0,2.0,2.0,2.0,2.0,4.0,4.0,1.0,4.0,2.0,1.0,5.0,5.0,3.0,5,6,7,4,6,3,3,5,3,1,1,1,1,1,1,0,0,0,0,1,0,0,1,1,1,1,3,2,2,1,30,1,2,2,60,1,2,2
1646,1.0,1.0,5.0,4.0,1.0,5.0,5.0,1.0,5.0,5.0,3.0,4.0,1.0,3.0,3.0,5.0,3.0,1.0,5.0,2.0,6,6,7,4,6,2,7,2,4,2,1,1,0,1,1,0,0,0,0,1,0,0,0,1,1,1,3,2,2,2,25,1,2,1,60,1,1,2
1647,4.0,5.0,5.0,3.0,4.0,3.0,2.0,5.0,5.0,1.0,1.0,5.0,4.0,1.0,5.0,2.0,1.0,5.0,5.0,1.0,1,5,6,1,6,7,7,1,7,4,1,1,0,1,1,0,0,0,0,1,1,0,0,1,1,1,3,3,1,2,43,1,2,1,60,2,1,2
1648,5.0,5.0,2.0,5.0,5.0,2.0,2.0,5.0,4.0,1.0,1.0,5.0,5.0,2.0,5.0,2.0,4.0,5.0,5.0,5.0,2,6,6,4,7,7,6,3,5,2,1,1,0,1,1,0,1,1,0,1,0,0,1,1,1,1,4,1,1,2,38,1,8,1,10,1,2,3
1649,5.0,5.0,1.0,1.0,5.0,5.0,1.0,5.0,1.0,1.0,1.0,5.0,1.0,1.0,5.0,1.0,1.0,5.0,5.0,5.0,3,1,7,5,7,7,7,1,7,1,1,0,0,1,1,0,0,1,0,1,0,0,0,1,1,1,3,3,2,2,31,1,7,5,30,1,2,4
1650,3.0,2.0,3.0,5.0,2.0,4.0,2.0,5.0,5.0,3.0,1.0,4.0,4.0,3.0,4.0,1.0,1.0,3.0,4.0,2.0,7,1,6,5,7,4,6,5,3,3,1,1,0,1,1,0,1,0,0,1,0,0,1,1,1,1,3,2,2,1,34,1,12,1,60,2,1,0
1651,5.0,5.0,1.0,4.0,5.0,1.0,1.0,5.0,4.0,4.0,1.0,5.0,4.0,4.0,5.0,4.0,1.0,3.0,5.0,5.0,3,2,5,6,7,5,7,4,7,2,1,1,1,1,1,0,0,0,0,1,0,0,1,1,1,1,2,1,2,1,20,1,2,2,10,2,1,2
1652,5.0,5.0,3.0,5.0,4.0,3.0,5.0,1.0,3.0,5.0,1.0,5.0,5.0,5.0,4.0,2.0,1.0,5.0,4.0,3.0,7,6,7,5,5,3,6,0,5,1,0,0,0,0,1,0,0,0,0,1,0,0,0,0,0,1,3,3,2,2,31,2,7,1,10,1,2,3
1653,2.0,2.0,1.0,1.0,2.0,1.0,1.0,2.0,1.0,2.0,3.0,4.0,2.0,1.0,5.0,1.0,1.0,4.0,5.0,1.0,5,7,5,1,6,5,1,4,7,6,1,1,0,1,1,0,0,1,0,1,0,0,1,1,1,1,2,2,1,1,18,1,2,1,60,2,1,2
1654,4.0,4.0,2.0,3.0,4.0,3.0,1.0,4.0,3.0,3.0,2.0,3.0,3.0,4.0,4.0,3.0,2.0,3.0,3.0,4.0,4,5,4,3,6,5,5,4,4,3,1,1,0,1,1,0,0,1,0,1,0,0,1,1,1,1,3,3,1,1,22,1,1,1,60,1,1,1
1655,1.0,1.0,4.0,5.0,1.0,5.0,1.0,1.0,5.0,5.0,5.0,1.0,1.0,3.0,1.0,2.0,4.0,1.0,4.0,1.0,2,2,7,3,6,7,7,5,7,3,1,1,0,1,1,0,0,0,0,1,0,0,1,1,1,1,0,0,1,1,65,1,6,1,60,2,2,2
1656,4.0,4.0,4.0,5.0,5.0,3.0,2.0,4.0,4.0,4.0,2.0,4.0,2.0,3.0,5.0,2.0,2.0,1.0,5.0,4.0,3,6,6,2,6,1,6,1,7,1,1,1,0,1,1,0,0,0,0,1,0,0,0,0,1,1,3,2,1,2,47,1,4,1,60,1,2,2
1657,5.0,2.0,1.0,2.0,4.0,2.0,1.0,4.0,1.0,1.0,1.0,5.0,5.0,1.0,3.0,2.0,1.0,5.0,5.0,4.0,2,4,3,2,3,6,2,5,6,2,1,1,1,1,1,0,0,1,0,1,1,0,1,1,1,1,3,3,1,2,30,1,2,1,60,2,1,1
1658,1.0,4.0,5.0,5.0,4.0,4.0,1.0,1.0,5.0,5.0,1.0,2.0,1.0,5.0,4.0,4.0,1.0,4.0,5.0,1.0,6,6,3,6,6,5,7,6,5,1,1,1,1,1,1,0,0,0,0,1,0,0,1,1,1,1,3,3,2,2,30,1,4,1,70,1,1,1
1659,5.0,5.0,2.0,1.0,4.0,1.0,1.0,5.0,1.0,1.0,1.0,5.0,4.0,2.0,3.0,2.0,1.0,5.0,2.0,1.0,2,4,6,3,7,6,5,2,4,2,1,1,1,1,1,0,1,1,0,1,1,0,1,1,1,1,4,2,1,1,28,2,6,3,60,1,1,2
1660,4.0,5.0,5.0,3.0,4.0,1.0,1.0,4.0,3.0,2.0,1.0,4.0,3.0,1.0,4.0,2.0,1.0,5.0,5.0,1.0,4,6,6,2,7,4,7,5,6,1,1,1,1,1,1,0,0,0,1,1,0,0,1,1,1,1,2,2,1,1,20,1,2,1,60,1,1,2
1661,5.0,4.0,3.0,3.0,4.0,1.0,1.0,4.0,4.0,4.0,1.0,4.0,5.0,2.0,5.0,2.0,5.0,5.0,5.0,5.0,7,6,6,1,7,1,2,7,7,2,1,1,0,1,1,0,0,0,0,1,0,1,1,1,1,1,3,3,1,1,21,1,10,1,20,1,1,2
1662,4.0,4.0,1.0,4.0,4.0,1.0,1.0,4.0,3.0,2.0,1.0,4.0,5.0,2.0,4.0,1.0,5.0,5.0,5.0,1.0,2,5,3,1,6,7,5,6,5,2,1,0,1,1,1,0,0,0,0,1,0,0,1,1,1,1,2,2,1,2,27,1,2,1,60,2,1,2
1663,3.0,2.0,1.0,2.0,5.0,2.0,2.0,5.0,3.0,4.0,2.0,2.0,4.0,2.0,4.0,3.0,2.0,4.0,5.0,4.0,7,5,6,2,6,5,4,5,5,3,0,1,0,0,1,0,0,0,0,0,0,0,0,0,1,1,2,2,1,1,19,1,2,2,30,2,1,1
1664,1.0,4.0,4.0,5.0,1.0,4.0,4.0,1.0,5.0,5.0,2.0,5.0,1.0,5.0,3.0,4.0,4.0,4.0,5.0,4.0,3,1,7,1,6,7,7,3,5,1,1,1,1,1,1,0,1,1,0,1,0,0,1,1,1,1,3,3,2,1,67,1,1,1,60,1,3,3
1665,4.0,4.0,3.0,4.0,4.0,4.0,1.0,5.0,4.0,2.0,1.0,5.0,5.0,1.0,5.0,2.0,1.0,3.0,5.0,4.0,3,6,6,2,7,5,5,5,6,6,1,1,0,1,1,0,0,0,0,1,0,0,1,1,1,1,3,3,1,2,34,1,4,1,10,2,1,2
1666,2.0,3.0,3.0,1.0,3.0,5.0,5.0,2.0,5.0,4.0,2.0,3.0,1.0,1.0,2.0,1.0,5.0,2.0,5.0,4.0,6,5,4,3,7,2,6,3,4,2,1,1,0,1,1,0,0,0,0,1,0,0,1,1,1,1,3,1,2,2,30,1,1,1,60,2,1,2
1667,3.0,5.0,2.0,3.0,4.0,4.0,1.0,4.0,4.0,2.0,2.0,4.0,3.0,1.0,5.0,2.0,3.0,4.0,4.0,4.0,2,5,4,5,5,6,6,5,5,2,1,1,0,1,1,0,0,0,0,1,0,0,0,0,1,1,4,1,1,2,31,1,2,1,60,2,1,4
1668,3.0,4.0,1.0,2.0,4.0,3.0,1.0,1.0,2.0,4.0,2.0,2.0,4.0,3.0,5.0,4.0,3.0,4.0,5.0,2.0,3,5,3,5,4,6,4,5,5,4,1,0,0,1,0,0,0,0,0,1,0,1,0,1,1,1,3,3,1,2,24,1,1,1,60,1,1,2
1669,5.0,5.0,1.0,2.0,5.0,1.0,1.0,4.0,1.0,1.0,1.0,5.0,5.0,2.0,5.0,1.0,1.0,1.0,2.0,4.0,6,5,6,5,6,6,3,2,3,2,1,1,1,1,1,0,1,1,0,1,0,1,1,1,1,1,2,2,1,1,19,1,1,3,60,1,1,1
1670,1.0,4.0,5.0,2.0,4.0,4.0,4.0,4.0,5.0,5.0,1.0,5.0,2.0,3.0,1.0,2.0,3.0,3.0,5.0,4.0,4,7,7,7,6,7,6,1,4,2,1,1,0,1,1,0,0,1,0,1,0,0,0,0,1,1,4,3,1,2,47,1,1,1,60,2,1,1
1671,3.0,2.0,3.0,5.0,3.0,3.0,2.0,2.0,5.0,5.0,2.0,3.0,4.0,2.0,3.0,2.0,2.0,4.0,5.0,2.0,6,6,7,1,6,2,4,2,6,4,1,1,0,1,1,0,0,0,0,1,0,0,0,1,1,1,4,3,2,2,32,1,2,1,10,1,1,2
1672,4.0,1.0,2.0,4.0,4.0,5.0,1.0,2.0,5.0,2.0,2.0,4.0,4.0,4.0,2.0,2.0,2.0,5.0,5.0,2.0,7,5,6,2,7,1,7,5,7,1,1,1,0,1,1,0,0,0,0,1,0,0,1,1,1,1,3,3,2,1,50,1,7,4,10,2,2,3
1673,2.0,5.0,3.0,3.0,4.0,2.0,2.0,2.0,4.0,5.0,1.0,5.0,1.0,1.0,5.0,1.0,5.0,5.0,5.0,3.0,3,6,1,7,5,3,2,7,2,6,1,0,0,1,0,0,0,0,0,1,0,0,0,0,0,1,1,2,1,2,20,1,12,1,10,2,1,3
1674,4.0,5.0,5.0,5.0,5.0,4.0,3.0,4.0,2.0,4.0,1.0,5.0,1.0,3.0,1.0,1.0,1.0,4.0,3.0,4.0,3,1,6,4,4,7,6,1,5,2,0,1,1,1,1,0,0,1,0,1,0,0,0,1,1,1,4,1,2,2,29,1,1,1,60,1,1,2
1675,5.0,4.0,1.0,3.0,5.0,2.0,1.0,4.0,2.0,3.0,1.0,5.0,4.0,1.0,2.0,1.0,1.0,4.0,3.0,2.0,3,5,7,1,7,6,4,2,7,1,1,1,1,1,1,0,0,1,0,1,1,1,1,1,1,1,3,3,1,2,27,1,1,1,60,2,1,1
1676,4.0,1.0,1.0,5.0,4.0,5.0,4.0,1.0,5.0,2.0,1.0,2.0,4.0,2.0,4.0,1.0,4.0,2.0,4.0,1.0,6,5,7,1,5,3,5,3,6,5,1,1,0,1,1,0,0,0,0,1,0,0,1,1,1,1,4,3,1,1,31,1,2,0,10,1,2,1
1677,1.0,1.0,2.0,5.0,1.0,2.0,2.0,1.0,5.0,4.0,1.0,1.0,1.0,4.0,2.0,5.0,4.0,2.0,4.0,1.0,7,2,5,3,7,1,7,3,6,1,1,1,1,1,1,1,1,1,0,1,0,1,1,1,1,1,4,2,2,1,55,1,9,3,60,1,1,3
1678,1.0,1.0,3.0,4.0,4.0,3.0,3.0,4.0,5.0,5.0,2.0,1.0,4.0,1.0,1.0,3.0,4.0,2.0,4.0,3.0,5,5,6,5,7,3,6,4,4,2,1,1,1,1,1,0,0,0,0,1,1,0,1,1,1,1,3,3,2,1,68,1,12,1,60,1,3,2
1679,4.0,3.0,3.0,1.0,2.0,4.0,1.0,5.0,5.0,2.0,1.0,5.0,1.0,1.0,1.0,1.0,4.0,5.0,2.0,4.0,2,5,3,7,7,4,5,7,2,1,1,1,1,1,1,0,0,1,0,1,1,0,1,1,1,1,3,3,2,1,28,2,2,2,60,1,1,3
1680,5.0,3.0,1.0,1.0,5.0,1.0,1.0,1.0,3.0,1.0,1.0,4.0,5.0,1.0,5.0,1.0,1.0,5.0,5.0,3.0,5,5,6,1,7,6,6,3,7,1,1,1,1,1,1,1,0,0,0,1,1,1,1,1,1,1,3,3,1,1,28,2,12,5,30,1,1,1
1681,5.0,5.0,3.0,3.0,5.0,5.0,1.0,1.0,2.0,3.0,1.0,5.0,4.0,1.0,5.0,3.0,3.0,4.0,5.0,5.0,4,5,7,1,4,3,7,1,6,1,1,0,0,1,0,0,0,0,0,1,0,0,0,0,1,1,1,1,1,2,27,1,2,1,60,1,1,3
1682,5.0,5.0,1.0,2.0,5.0,2.0,1.0,4.0,1.0,4.0,2.0,4.0,5.0,1.0,4.0,5.0,2.0,3.0,5.0,4.0,4,5,6,1,6,7,7,3,7,2,1,1,1,1,1,1,1,0,1,1,1,0,1,1,1,1,1,2,2,2,15,3,2,1,60,2,1,3
1683,5.0,5.0,1.0,2.0,4.0,1.0,1.0,2.0,1.0,1.0,1.0,5.0,5.0,1.0,4.0,1.0,5.0,5.0,5.0,2.0,2,6,7,1,7,7,1,1,6,4,1,1,0,1,1,0,0,0,1,1,0,0,0,1,1,1,3,2,1,1,19,2,12,3,60,1,1,0
1684,2.0,3.0,4.0,2.0,5.0,3.0,1.0,5.0,5.0,4.0,1.0,5.0,4.0,2.0,4.0,2.0,2.0,5.0,5.0,2.0,1,5,5,6,2,6,4,4,3,3,1,1,1,1,1,0,0,1,0,1,1,0,1,1,1,1,3,2,1,1,28,1,2,1,60,1,1,2
1685,3.0,4.0,1.0,2.0,4.0,4.0,1.0,2.0,2.0,2.0,1.0,3.0,5.0,1.0,5.0,1.0,1.0,4.0,5.0,1.0,5,2,5,1,7,5,6,5,7,2,1,1,1,1,1,0,1,0,0,1,0,1,1,1,1,1,4,2,2,1,26,1,2,2,60,1,1,2
1686,2.0,2.0,4.0,4.0,1.0,5.0,5.0,2.0,5.0,5.0,1.0,4.0,2.0,2.0,1.0,4.0,3.0,2.0,5.0,3.0,6,5,7,5,7,2,7,3,2,1,1,0,0,1,0,0,0,1,0,0,0,0,1,1,0,1,3,2,2,1,29,1,1,1,70,1,1,5
1687,4.0,2.0,5.0,2.0,2.0,3.0,2.0,2.0,5.0,2.0,2.0,5.0,2.0,2.0,4.0,4.0,5.0,2.0,5.0,4.0,3,4,6,3,5,6,5,3,7,2,1,1,0,1,1,0,0,0,0,1,0,0,1,1,1,1,3,2,1,1,31,1,6,1,30,0,1,3
1688,2.0,3.0,4.0,4.0,5.0,2.0,2.0,4.0,5.0,2.0,2.0,4.0,2.0,3.0,4.0,5.0,2.0,4.0,5.0,1.0,5,3,5,6,7,3,4,3,3,1,1,1,1,1,1,0,1,0,0,1,0,0,0,1,1,1,2,2,2,1,18,1,6,1,30,2,1,1
1689,3.0,5.0,2.0,3.0,4.0,4.0,1.0,4.0,3.0,2.0,1.0,5.0,2.0,2.0,2.0,1.0,3.0,4.0,4.0,4.0,1,6,6,6,5,7,4,4,6,3,1,1,0,1,1,0,0,0,0,1,0,0,1,0,1,1,3,3,2,2,30,1,2,0,60,2,1,2
1690,1.0,2.0,2.0,5.0,4.0,4.0,2.0,2.0,5.0,4.0,5.0,1.0,1.0,1.0,5.0,1.0,5.0,5.0,2.0,4.0,1,3,5,2,6,7,7,1,6,5,1,1,0,1,1,0,0,0,0,1,0,0,0,1,1,1,3,3,1,2,25,1,4,1,60,1,1,2
1691,1.0,1.0,5.0,2.0,3.0,5.0,5.0,2.0,5.0,5.0,1.0,4.0,1.0,1.0,1.0,5.0,5.0,1.0,5.0,2.0,5,1,1,3,6,7,7,1,6,1,1,1,0,1,1,0,0,0,0,1,0,0,0,1,1,1,2,3,2,1,21,1,2,1,60,2,1,5
1692,1.0,3.0,4.0,4.0,2.0,2.0,2.0,2.0,4.0,3.0,2.0,5.0,1.0,1.0,3.0,2.0,2.0,4.0,4.0,1.0,2,6,5,7,5,7,4,5,2,3,1,1,0,1,0,0,0,1,0,0,0,0,0,1,1,1,4,3,2,2,27,1,2,1,60,1,1,2
1693,4.0,2.0,1.0,2.0,4.0,2.0,1.0,4.0,2.0,4.0,1.0,3.0,4.0,2.0,2.0,2.0,3.0,5.0,5.0,2.0,2,6,7,1,3,3,2,1,6,1,1,0,0,0,0,0,0,1,1,1,0,0,0,0,0,0,4,1,1,2,27,2,4,3,60,0,1,2
1694,4.0,4.0,2.0,4.0,5.0,2.0,1.0,5.0,4.0,2.0,1.0,2.0,1.0,1.0,4.0,2.0,1.0,4.0,4.0,1.0,1,5,7,2,6,3,3,3,5,1,1,1,0,1,1,0,0,0,0,1,0,0,1,1,1,1,3,3,2,1,53,1,6,1,60,1,2,2
1695,3.0,3.0,2.0,3.0,4.0,2.0,2.0,2.0,4.0,2.0,1.0,3.0,2.0,1.0,5.0,2.0,1.0,5.0,5.0,1.0,7,3,6,1,7,1,5,2,6,5,1,1,0,1,1,0,0,0,0,1,0,0,1,1,1,1,3,2,2,1,26,1,1,1,10,2,1,3
1696,1.0,1.0,1.0,5.0,1.0,5.0,5.0,1.0,5.0,5.0,3.0,4.0,1.0,5.0,5.0,5.0,3.0,2.0,5.0,1.0,6,5,7,6,6,5,6,5,3,2,1,1,0,1,1,0,0,0,0,1,0,0,1,1,1,1,3,3,2,2,58,1,7,1,60,1,2,3
1697,1.0,4.0,4.0,4.0,1.0,2.0,1.0,1.0,5.0,5.0,1.0,4.0,1.0,2.0,4.0,5.0,1.0,1.0,4.0,1.0,5,1,7,2,6,6,7,1,6,6,1,1,0,1,1,1,0,1,0,1,0,0,1,1,1,1,4,1,2,1,31,1,4,1,60,2,1,4
1698,2.0,4.0,1.0,3.0,4.0,1.0,1.0,1.0,3.0,1.0,1.0,5.0,4.0,1.0,5.0,3.0,1.0,3.0,5.0,4.0,4,7,5,2,7,6,5,3,6,5,0,0,0,0,0,0,0,0,0,0,0,0,0,1,0,0,3,3,1,1,23,1,2,1,60,2,1,3
1699,5.0,5.0,2.0,1.0,5.0,4.0,1.0,3.0,4.0,2.0,1.0,5.0,2.0,1.0,1.0,1.0,5.0,4.0,5.0,5.0,6,7,7,1,7,2,5,3,7,1,1,1,1,1,1,1,1,1,0,1,0,0,1,1,1,1,3,3,1,1,40,1,1,1,60,1,2,4
1700,5.0,5.0,2.0,3.0,5.0,1.0,1.0,5.0,3.0,1.0,1.0,5.0,5.0,2.0,5.0,2.0,5.0,5.0,3.0,3.0,1,7,4,2,5,6,5,1,4,6,0,0,0,0,0,0,0,0,0,0,0,0,0,0,0,0,2,2,1,1,17,1,1,2,30,2,1,3
1701,4.0,5.0,2.0,1.0,2.0,1.0,1.0,5.0,1.0,3.0,1.0,5.0,2.0,1.0,4.0,1.0,1.0,4.0,5.0,5.0,6,3,6,5,7,1,6,1,1,1,1,0,0,1,1,0,0,1,1,1,0,1,0,1,1,1,2,2,1,2,19,2,7,1,60,2,1,2
1702,4.0,4.0,1.0,1.0,4.0,2.0,2.0,5.0,1.0,2.0,1.0,5.0,4.0,1.0,1.0,2.0,1.0,4.0,5.0,1.0,2,4,5,5,2,6,5,6,4,3,1,1,1,1,1,0,1,1,1,1,1,1,1,1,1,1,3,2,1,1,22,1,1,3,60,1,1,2
1703,1.0,3.0,5.0,3.0,4.0,4.0,4.0,2.0,5.0,4.0,3.0,3.0,2.0,3.0,4.0,3.0,1.0,2.0,4.0,3.0,6,4,4,3,5,2,7,4,3,2,1,1,0,1,1,0,0,0,0,1,0,0,1,1,1,1,4,2,1,1,37,1,6,1,60,2,2,4
1704,1.0,5.0,4.0,1.0,4.0,2.0,2.0,1.0,5.0,2.0,1.0,4.0,1.0,1.0,4.0,5.0,4.0,1.0,3.0,5.0,5,5,7,3,7,7,7,4,6,1,1,1,1,1,1,1,0,1,0,1,1,1,1,1,1,1,4,2,1,2,29,1,2,1,0,1,1,2
1705,4.0,2.0,1.0,4.0,4.0,3.0,4.0,2.0,4.0,2.0,2.0,4.0,1.0,3.0,4.0,2.0,2.0,4.0,5.0,4.0,5,3,7,3,6,6,6,1,7,4,1,1,0,1,1,1,1,1,1,1,0,0,1,1,1,1,4,2,1,1,46,1,7,1,60,1,2,3
1706,5.0,4.0,1.0,1.0,5.0,1.0,1.0,5.0,3.0,1.0,1.0,5.0,4.0,1.0,5.0,1.0,1.0,5.0,5.0,2.0,6,7,5,7,6,1,6,4,1,1,1,1,1,1,1,0,1,0,0,1,1,0,1,1,1,1,2,2,2,1,21,1,2,2,10,1,1,1
1707,5.0,5.0,1.0,1.0,5.0,1.0,1.0,5.0,4.0,5.0,1.0,5.0,4.0,1.0,5.0,1.0,1.0,4.0,5.0,4.0,2,6,6,6,6,6,6,2,3,2,1,1,1,1,1,0,1,0,0,1,0,0,1,1,1,1,4,3,2,2,30,1,2,1,10,2,2,1
1708,5.0,5.0,2.0,1.0,5.0,1.0,1.0,4.0,1.0,1.0,1.0,5.0,5.0,1.0,5.0,1.0,1.0,5.0,5.0,5.0,7,3,7,1,7,2,5,2,6,1,1,1,1,1,1,0,1,1,0,1,1,0,1,1,1,1,4,3,1,1,41,2,2,1,50,1,2,4
1709,1.0,1.0,4.0,5.0,1.0,5.0,5.0,1.0,5.0,5.0,4.0,2.0,1.0,4.0,2.0,5.0,2.0,1.0,4.0,1.0,5,1,7,3,6,4,7,2,7,2,1,1,1,1,1,1,1,1,0,1,0,0,1,1,1,1,4,2,2,1,32,1,2,1,60,1,1,3
1710,3.0,1.0,3.0,5.0,4.0,1.0,1.0,3.0,5.0,1.0,1.0,5.0,5.0,1.0,4.0,4.0,1.0,4.0,1.0,1.0,3,6,2,1,4,6,6,7,7,3,1,1,1,1,1,0,0,0,0,1,1,0,1,1,1,1,3,3,1,1,19,1,7,1,20,1,1,2
1711,5.0,4.0,2.0,1.0,4.0,2.0,1.0,5.0,2.0,2.0,1.0,5.0,4.0,2.0,5.0,1.0,1.0,5.0,4.0,4.0,3,6,7,5,6,7,4,2,6,3,1,1,1,1,1,0,1,0,0,1,0,1,1,1,1,1,3,2,1,1,43,1,4,1,10,1,2,3
1712,3.0,4.0,2.0,3.0,4.0,3.0,1.0,4.0,4.0,2.0,2.0,4.0,2.0,2.0,4.0,3.0,2.0,4.0,5.0,2.0,1,7,3,7,4,7,4,4,3,2,1,1,1,1,1,0,0,1,0,1,1,0,1,1,1,1,2,1,1,1,20,1,1,1,30,2,1,3
1713,5.0,5.0,1.0,5.0,4.0,1.0,1.0,5.0,1.0,1.0,1.0,5.0,4.0,1.0,5.0,1.0,1.0,5.0,5.0,1.0,1,5,5,2,5,7,5,3,7,3,1,1,1,1,1,0,0,1,1,1,1,1,1,1,0,1,2,2,1,2,30,1,2,1,60,1,1,2
1714,5.0,5.0,1.0,1.0,5.0,1.0,1.0,3.0,1.0,1.0,1.0,5.0,5.0,1.0,5.0,1.0,1.0,5.0,5.0,5.0,4,7,5,4,5,5,2,6,4,2,1,1,1,1,0,0,0,0,0,1,0,0,1,1,1,1,3,3,1,2,21,2,7,1,60,2,1,1
1715,3.0,4.0,3.0,2.0,2.0,2.0,4.0,1.0,4.0,1.0,2.0,5.0,5.0,2.0,2.0,4.0,2.0,4.0,4.0,4.0,1,6,1,5,7,6,2,5,4,4,1,1,1,1,1,0,0,0,0,1,0,1,1,1,1,1,2,2,1,1,19,1,12,1,10,1,1,2
1716,2.0,2.0,1.0,1.0,5.0,2.0,1.0,5.0,5.0,1.0,1.0,4.0,4.0,2.0,1.0,2.0,1.0,5.0,5.0,3.0,2,6,1,2,7,6,3,7,2,1,1,1,1,1,1,0,1,1,0,1,0,0,1,1,1,1,4,3,2,2,25,1,1,2,10,2,1,1
1717,5.0,5.0,1.0,2.0,5.0,1.0,1.0,4.0,2.0,2.0,1.0,5.0,5.0,2.0,4.0,1.0,2.0,5.0,5.0,3.0,2,5,7,5,6,5,5,5,2,1,1,1,1,1,1,0,1,0,0,1,0,1,1,1,1,1,2,2,2,1,18,1,2,1,30,2,1,3
1718,3.0,1.0,3.0,3.0,5.0,1.0,1.0,1.0,1.0,3.0,1.0,5.0,1.0,1.0,1.0,1.0,5.0,1.0,5.0,1.0,2,1,5,2,7,6,7,2,6,1,1,1,1,1,1,1,1,1,0,1,1,1,1,1,1,1,3,1,2,1,57,3,3,2,60,1,2,3
1719,1.0,4.0,5.0,4.0,3.0,2.0,1.0,1.0,5.0,5.0,3.0,1.0,1.0,4.0,4.0,1.0,1.0,1.0,5.0,1.0,5,1,7,5,6,5,7,1,6,4,1,1,1,1,1,1,1,1,0,1,0,1,1,1,1,1,3,2,2,1,64,1,9,1,60,1,2,3
1720,5.0,2.0,3.0,1.0,5.0,2.0,2.0,4.0,1.0,2.0,1.0,5.0,4.0,1.0,5.0,1.0,1.0,4.0,5.0,5.0,3,7,6,5,6,7,4,1,6,2,1,0,0,1,1,0,0,0,0,1,0,1,0,1,1,1,4,2,1,2,22,1,4,1,60,1,2,1
1721,1.0,1.0,4.0,5.0,2.0,5.0,3.0,1.0,5.0,5.0,4.0,3.0,1.0,2.0,4.0,5.0,4.0,1.0,2.0,1.0,7,3,6,2,5,1,6,3,5,1,1,1,1,1,1,0,0,0,0,1,0,0,1,1,1,1,3,2,2,1,50,2,5,1,60,1,2,2
1722,5.0,4.0,1.0,1.0,2.0,1.0,1.0,5.0,1.0,1.0,1.0,5.0,5.0,1.0,5.0,1.0,5.0,5.0,5.0,5.0,6,5,5,3,6,1,5,5,6,1,1,1,0,1,1,0,0,0,0,1,1,0,1,1,1,1,3,0,1,1,66,1,2,1,60,1,2,2
1723,5.0,5.0,1.0,1.0,5.0,1.0,1.0,4.0,2.0,1.0,1.0,5.0,5.0,1.0,4.0,1.0,1.0,5.0,2.0,5.0,2,5,6,6,5,7,6,7,6,7,1,1,1,1,1,0,1,0,0,1,0,1,1,1,1,1,2,3,1,2,18,2,8,3,10,2,1,1
1724,1.0,1.0,5.0,5.0,1.0,5.0,2.0,1.0,5.0,5.0,1.0,1.0,1.0,4.0,1.0,4.0,2.0,1.0,5.0,1.0,5,4,6,4,7,5,7,5,5,1,1,1,0,1,1,0,0,0,0,1,0,0,1,1,1,1,4,3,2,1,31,1,2,5,60,1,1,1
1725,5.0,5.0,1.0,1.0,3.0,1.0,1.0,5.0,1.0,1.0,1.0,4.0,5.0,1.0,5.0,1.0,1.0,4.0,5.0,5.0,4,6,5,2,6,5,1,1,6,4,1,1,1,1,1,1,0,1,0,1,0,0,1,1,1,1,3,3,1,2,22,2,2,1,60,1,1,1
1726,5.0,2.0,2.0,3.0,4.0,5.0,2.0,2.0,4.0,4.0,1.0,3.0,4.0,3.0,4.0,1.0,1.0,2.0,4.0,1.0,6,5,7,3,6,5,5,2,7,5,1,1,0,1,1,1,0,0,0,1,0,0,0,1,1,1,2,3,2,1,30,1,7,1,30,1,1,2
1727,1.0,1.0,2.0,5.0,2.0,1.0,1.0,1.0,5.0,4.0,1.0,2.0,1.0,5.0,4.0,2.0,5.0,4.0,3.0,1.0,6,6,5,6,6,2,6,3,2,3,1,1,1,1,1,1,0,1,0,1,0,0,1,1,1,1,3,1,2,1,45,1,2,2,60,1,2,3
1728,1.0,1.0,5.0,5.0,1.0,5.0,4.0,4.0,5.0,5.0,3.0,3.0,1.0,3.0,3.0,5.0,4.0,1.0,5.0,4.0,2,1,2,1,4,1,6,7,6,2,1,1,1,1,1,0,1,1,0,1,0,0,1,1,1,1,3,2,1,1,68,1,7,1,60,1,3,3
1729,5.0,5.0,5.0,1.0,5.0,1.0,1.0,5.0,1.0,1.0,1.0,5.0,5.0,1.0,5.0,1.0,1.0,5.0,5.0,5.0,6,5,6,2,6,3,6,3,7,5,1,1,0,1,1,0,0,0,0,1,0,0,1,1,1,1,3,3,1,1,34,2,2,1,10,2,2,2
1730,5.0,5.0,2.0,2.0,4.0,2.0,1.0,4.0,5.0,2.0,1.0,5.0,5.0,1.0,4.0,4.0,2.0,5.0,5.0,1.0,5,6,5,5,5,2,6,6,5,3,1,1,0,1,1,0,0,0,0,1,0,0,1,1,1,1,4,3,1,2,40,1,4,2,10,2,1,2
1731,1.0,1.0,5.0,5.0,1.0,4.0,4.0,1.0,5.0,4.0,4.0,2.0,1.0,3.0,1.0,3.0,4.0,4.0,4.0,1.0,2,3,7,1,6,7,6,1,7,4,1,1,1,1,1,0,1,1,0,1,1,0,1,1,1,1,4,2,1,1,69,1,12,1,60,1,3,2
1732,1.0,4.0,1.0,5.0,1.0,5.0,2.0,1.0,5.0,5.0,1.0,4.0,1.0,5.0,4.0,2.0,5.0,5.0,4.0,1.0,1,6,7,6,7,6,6,1,3,5,1,1,1,1,1,0,0,0,0,1,0,0,0,1,1,1,3,3,2,1,59,2,4,1,60,1,2,3
1733,4.0,4.0,2.0,1.0,3.0,2.0,1.0,5.0,5.0,4.0,1.0,4.0,2.0,1.0,4.0,1.0,1.0,5.0,5.0,4.0,4,6,3,1,7,7,2,6,7,2,1,1,1,1,1,0,1,0,0,1,0,0,1,1,1,1,4,2,1,2,24,1,8,1,70,1,1,1
1734,4.0,2.0,2.0,4.0,4.0,4.0,1.0,2.0,4.0,1.0,1.0,2.0,4.0,4.0,4.0,1.0,1.0,4.0,5.0,1.0,2,6,1,2,7,7,5,5,5,1,1,1,0,1,1,0,0,1,0,1,0,0,1,1,1,1,3,3,2,2,25,1,4,1,60,2,1,1
1735,5.0,2.0,1.0,2.0,5.0,1.0,1.0,5.0,2.0,1.0,1.0,4.0,5.0,1.0,5.0,1.0,1.0,5.0,2.0,1.0,6,7,2,7,3,1,7,7,3,6,1,1,0,1,1,0,1,0,0,1,0,0,1,1,1,1,4,1,2,1,37,1,6,1,60,1,2,2
1736,5.0,5.0,1.0,4.0,5.0,1.0,1.0,1.0,1.0,1.0,1.0,5.0,5.0,1.0,5.0,1.0,1.0,5.0,5.0,5.0,3,1,5,6,6,4,5,6,7,1,0,1,0,1,1,0,0,0,0,1,0,0,0,0,1,1,3,3,1,2,29,1,7,1,30,2,1,1
1737,4.0,4.0,1.0,2.0,5.0,1.0,1.0,1.0,2.0,2.0,1.0,5.0,4.0,1.0,2.0,5.0,1.0,5.0,5.0,5.0,1,1,6,1,7,7,2,2,7,2,1,1,1,1,1,0,0,0,0,1,0,0,1,1,1,1,2,3,1,1,20,1,12,1,70,1,1,1
1738,5.0,4.0,4.0,2.0,5.0,1.0,2.0,4.0,2.0,4.0,1.0,5.0,5.0,2.0,5.0,2.0,2.0,5.0,4.0,5.0,7,6,2,6,7,1,5,6,3,1,1,1,0,1,1,0,0,0,0,1,0,0,1,1,1,1,4,3,1,1,37,2,12,1,10,2,3,1
1739,5.0,5.0,3.0,4.0,5.0,2.0,1.0,5.0,2.0,2.0,1.0,4.0,5.0,1.0,4.0,1.0,1.0,5.0,1.0,5.0,5,1,7,7,4,3,7,5,6,1,1,1,0,1,0,0,0,0,0,1,0,0,0,0,1,1,3,3,1,2,24,3,10,1,20,2,1,5
1740,5.0,5.0,1.0,1.0,5.0,1.0,1.0,5.0,1.0,1.0,1.0,5.0,5.0,1.0,5.0,1.0,1.0,5.0,5.0,5.0,7,1,7,1,7,7,1,7,7,1,1,1,0,1,1,0,0,0,0,1,0,1,1,1,1,1,0,3,1,1,34,3,12,1,60,1,1,0
1741,1.0,1.0,5.0,3.0,1.0,4.0,3.0,3.0,5.0,5.0,1.0,3.0,1.0,3.0,5.0,4.0,1.0,4.0,5.0,1.0,6,2,7,1,5,5,7,1,6,1,1,1,1,1,1,0,0,1,0,1,0,0,1,1,1,1,3,2,1,1,31,1,12,1,60,2,2,3
1742,2.0,4.0,4.0,4.0,4.0,2.0,1.0,4.0,4.0,4.0,2.0,1.0,1.0,2.0,4.0,4.0,3.0,4.0,5.0,2.0,2,3,6,5,6,6,3,3,5,3,1,1,1,1,1,0,0,0,0,1,0,0,1,1,1,1,3,3,2,2,21,1,2,1,60,2,1,1
1743,4.0,4.0,2.0,1.0,4.0,2.0,1.0,4.0,2.0,2.0,1.0,5.0,2.0,1.0,5.0,1.0,1.0,4.0,5.0,2.0,5,6,6,3,6,1,6,1,3,4,1,1,1,1,1,1,0,1,0,1,1,0,1,1,1,1,2,2,1,2,18,1,4,1,70,2,1,4
1744,1.0,3.0,2.0,3.0,2.0,4.0,2.0,1.0,5.0,5.0,1.0,1.0,2.0,2.0,1.0,4.0,2.0,1.0,5.0,1.0,3,5,5,6,5,7,5,7,2,4,0,1,1,1,1,0,0,0,0,1,0,0,1,1,1,1,2,1,1,2,21,1,1,1,60,2,1,2
1745,5.0,5.0,2.0,1.0,5.0,5.0,5.0,5.0,5.0,2.0,1.0,5.0,5.0,1.0,5.0,4.0,5.0,5.0,3.0,4.0,3,3,6,7,6,6,4,5,5,1,1,1,0,1,1,0,0,1,0,1,0,0,0,1,1,1,3,1,2,2,19,1,4,2,70,1,1,0
1746,5.0,4.0,2.0,4.0,4.0,1.0,1.0,2.0,1.0,4.0,5.0,5.0,2.0,2.0,4.0,2.0,1.0,4.0,5.0,4.0,6,6,3,2,6,2,6,6,5,3,1,1,0,1,1,0,0,0,0,1,1,0,1,1,1,1,3,3,1,2,26,1,4,1,60,2,1,1
1747,5.0,5.0,1.0,2.0,5.0,1.0,1.0,5.0,2.0,1.0,1.0,5.0,5.0,1.0,5.0,1.0,2.0,5.0,5.0,1.0,4,6,5,7,3,7,4,7,1,1,1,1,0,1,1,0,0,1,0,1,0,0,1,1,1,1,4,2,1,1,28,1,12,1,60,1,2,2
1748,3.0,5.0,1.0,1.0,5.0,5.0,3.0,1.0,5.0,5.0,2.0,4.0,5.0,3.0,1.0,1.0,3.0,1.0,5.0,4.0,2,6,5,5,4,5,4,3,6,4,0,0,0,0,1,0,1,1,0,1,0,0,0,1,0,1,4,3,1,2,32,2,1,1,70,2,1,3
1749,5.0,5.0,3.0,5.0,3.0,5.0,2.0,3.0,3.0,3.0,4.0,4.0,3.0,5.0,3.0,5.0,3.0,5.0,5.0,4.0,1,4,6,5,6,7,1,2,7,7,0,0,0,1,0,1,0,1,0,1,0,0,0,0,1,0,1,3,1,1,13,1,12,1,70,2,1,3
1750,5.0,5.0,1.0,1.0,5.0,1.0,1.0,5.0,5.0,1.0,1.0,5.0,1.0,1.0,3.0,5.0,1.0,5.0,5.0,5.0,0,0,0,0,0,0,0,7,0,0,1,1,1,1,1,0,1,0,0,1,0,0,1,1,1,1,4,3,1,1,66,0,2,1,10,2,3,4
1751,3.0,2.0,3.0,4.0,1.0,4.0,3.0,3.0,5.0,3.0,2.0,3.0,1.0,2.0,1.0,4.0,3.0,3.0,1.0,1.0,1,2,6,5,6,7,5,1,4,2,1,1,1,1,1,0,0,0,0,1,0,0,1,1,1,1,3,1,2,1,54,1,0,1,60,1,3,5
1752,5.0,5.0,1.0,5.0,4.0,2.0,5.0,4.0,1.0,1.0,3.0,5.0,5.0,2.0,5.0,4.0,5.0,5.0,3.0,5.0,5,2,4,3,2,7,3,1,7,4,1,1,0,1,1,0,1,0,0,1,0,0,1,1,1,1,2,3,1,2,15,1,4,4,60,2,1,2
1753,5.0,5.0,4.0,2.0,5.0,1.0,2.0,4.0,1.0,1.0,1.0,5.0,4.0,1.0,5.0,1.0,2.0,5.0,5.0,5.0,3,7,6,1,7,5,2,3,7,1,1,1,0,1,1,0,0,0,0,1,0,0,1,1,1,1,3,3,1,2,25,1,10,1,20,2,1,1
1754,3.0,3.0,3.0,3.0,4.0,3.0,3.0,3.0,4.0,3.0,3.0,4.0,3.0,2.0,4.0,1.0,1.0,5.0,5.0,3.0,4,4,6,5,7,6,6,4,6,3,1,1,0,1,1,0,0,0,1,1,0,0,0,1,1,1,2,2,1,1,18,1,1,1,60,1,1,2
1755,4.0,2.0,2.0,1.0,4.0,2.0,1.0,3.0,4.0,1.0,1.0,4.0,3.0,1.0,4.0,2.0,1.0,4.0,5.0,3.0,6,7,7,5,3,2,2,1,5,2,1,1,0,1,1,0,0,1,0,1,0,0,1,1,1,1,3,1,1,1,25,1,1,1,60,1,3,2
1756,5.0,1.0,4.0,1.0,5.0,3.0,2.0,5.0,3.0,1.0,1.0,5.0,5.0,1.0,4.0,1.0,1.0,5.0,5.0,5.0,5,4,6,5,6,7,6,1,6,1,1,1,1,1,1,1,0,0,0,1,0,0,1,1,1,1,3,1,1,1,27,1,1,2,30,2,1,4
1757,2.0,2.0,4.0,4.0,2.0,4.0,4.0,2.0,5.0,4.0,1.0,5.0,2.0,2.0,4.0,4.0,2.0,1.0,4.0,1.0,3,2,6,5,7,2,6,2,2,2,1,1,1,1,1,1,1,1,0,1,1,0,1,1,1,1,4,2,2,1,48,1,1,1,60,1,3,4
1758,5.0,4.0,3.0,1.0,5.0,1.0,1.0,4.0,2.0,2.0,1.0,5.0,4.0,1.0,3.0,5.0,1.0,4.0,5.0,5.0,7,6,6,1,7,3,5,6,7,2,1,1,0,1,1,1,1,0,0,1,0,1,1,1,1,1,3,1,1,2,23,3,3,5,60,2,1,2
1759,4.0,3.0,3.0,3.0,2.0,3.0,2.0,3.0,5.0,3.0,1.0,4.0,2.0,1.0,4.0,1.0,1.0,3.0,5.0,3.0,2,5,7,4,3,6,2,2,7,3,1,1,0,1,1,0,1,1,0,1,0,0,1,1,1,1,4,3,1,1,32,1,1,1,60,1,2,2
1760,5.0,5.0,1.0,1.0,5.0,1.0,1.0,5.0,1.0,2.0,1.0,5.0,5.0,1.0,5.0,1.0,1.0,5.0,3.0,4.0,1,6,6,4,7,7,4,5,4,3,1,1,1,1,1,0,0,1,1,1,1,1,1,1,1,1,2,3,1,1,19,1,2,2,70,1,1,2
1761,4.0,4.0,5.0,4.0,4.0,2.0,1.0,5.0,2.0,1.0,2.0,5.0,2.0,1.0,5.0,1.0,2.0,5.0,5.0,2.0,6,7,2,1,7,1,7,6,7,2,1,1,1,1,1,0,0,1,0,1,0,0,1,1,1,1,3,3,1,2,26,1,6,1,10,2,1,4
1762,2.0,4.0,3.0,4.0,4.0,1.0,2.0,1.0,4.0,4.0,1.0,4.0,2.0,2.0,2.0,1.0,2.0,4.0,5.0,1.0,6,7,6,6,7,3,2,2,2,5,1,1,1,1,1,0,1,1,0,1,1,0,1,1,1,1,4,2,1,1,30,1,2,1,60,1,1,2
1763,4.0,4.0,4.0,2.0,4.0,3.0,2.0,4.0,3.0,4.0,2.0,4.0,4.0,3.0,4.0,3.0,2.0,4.0,4.0,3.0,2,2,6,1,5,5,4,3,6,4,1,1,1,1,1,0,0,1,1,1,0,0,1,1,1,1,3,3,1,1,24,1,7,1,60,1,3,2
1764,2.0,5.0,1.0,4.0,5.0,2.0,2.0,5.0,4.0,1.0,3.0,4.0,5.0,1.0,5.0,4.0,1.0,3.0,5.0,4.0,2,1,7,1,7,7,5,3,7,2,1,1,0,1,1,0,1,1,0,1,0,0,1,1,1,1,4,2,1,1,29,1,1,1,60,1,1,4
1765,4.0,5.0,4.0,2.0,3.0,4.0,1.0,5.0,3.0,2.0,3.0,4.0,4.0,2.0,3.0,1.0,2.0,2.0,1.0,2.0,3,7,4,5,5,6,3,1,3,2,1,1,1,1,1,0,1,1,1,1,0,1,1,1,1,1,2,2,1,2,18,2,12,2,60,1,1,1
1766,5.0,5.0,4.0,1.0,5.0,1.0,1.0,1.0,1.0,1.0,1.0,5.0,5.0,1.0,5.0,1.0,5.0,5.0,4.0,5.0,2,1,2,5,7,5,5,2,5,1,1,1,1,1,1,0,1,1,0,1,1,0,1,1,1,1,2,3,1,1,65,1,1,1,60,2,2,4
1767,4.0,4.0,1.0,2.0,4.0,1.0,2.0,5.0,1.0,2.0,1.0,5.0,4.0,1.0,3.0,2.0,2.0,4.0,5.0,4.0,2,7,5,3,4,7,1,3,5,1,1,1,1,1,1,0,0,0,0,1,1,1,0,1,1,1,1,2,1,2,16,1,2,1,60,2,1,1
1768,4.0,1.0,5.0,1.0,5.0,5.0,1.0,4.0,5.0,5.0,1.0,5.0,4.0,1.0,2.0,1.0,5.0,2.0,1.0,3.0,7,7,3,1,7,1,7,6,7,2,1,1,1,1,1,0,1,1,0,1,1,1,1,1,1,1,3,3,1,1,35,1,6,1,60,2,2,6
1769,5.0,5.0,1.0,1.0,5.0,1.0,1.0,5.0,1.0,1.0,1.0,5.0,5.0,1.0,5.0,1.0,1.0,5.0,5.0,5.0,5,5,5,1,7,3,4,4,7,5,1,0,0,1,0,0,0,0,0,1,0,0,0,0,1,1,2,2,1,2,15,1,10,5,20,2,1,3
1770,4.0,4.0,2.0,2.0,4.0,2.0,4.0,5.0,4.0,2.0,2.0,4.0,4.0,2.0,3.0,5.0,2.0,4.0,4.0,4.0,5,5,5,3,4,4,5,3,6,4,0,0,0,0,0,0,0,0,0,0,0,0,0,0,0,0,3,2,1,2,23,1,7,1,60,1,1,2
1771,3.0,4.0,2.0,4.0,2.0,2.0,2.0,2.0,5.0,4.0,1.0,2.0,1.0,2.0,2.0,3.0,5.0,5.0,5.0,2.0,2,2,6,1,6,6,7,1,7,1,1,1,1,1,1,0,1,0,0,1,1,0,1,1,1,1,0,1,1,1,65,1,2,1,60,2,2,4
1772,5.0,5.0,2.0,2.0,5.0,2.0,1.0,5.0,3.0,2.0,1.0,5.0,1.0,1.0,4.0,1.0,1.0,5.0,2.0,1.0,6,6,4,2,6,4,3,5,6,1,1,1,1,1,1,0,0,1,0,1,0,0,1,1,1,1,4,3,2,2,46,1,2,1,60,2,1,3
1773,2.0,2.0,5.0,3.0,4.0,4.0,3.0,4.0,4.0,4.0,3.0,4.0,2.0,3.0,3.0,2.0,2.0,2.0,1.0,1.0,7,5,5,6,6,1,5,4,3,4,1,1,0,1,1,0,0,1,0,1,0,1,1,1,1,1,4,2,2,1,36,1,1,3,60,1,3,3
1774,4.0,4.0,5.0,5.0,1.0,4.0,5.0,1.0,5.0,5.0,1.0,4.0,1.0,3.0,4.0,5.0,1.0,3.0,3.0,1.0,5,5,7,5,7,5,7,2,6,2,1,1,0,1,1,0,0,0,0,1,0,0,1,1,1,1,4,1,2,1,51,1,7,1,60,1,3,5
1775,5.0,5.0,1.0,1.0,4.0,1.0,1.0,3.0,1.0,1.0,1.0,5.0,5.0,2.0,4.0,1.0,1.0,5.0,5.0,3.0,2,3,4,5,5,6,2,5,6,4,1,1,0,1,1,0,0,1,0,1,0,0,1,0,1,1,3,1,1,2,41,1,6,1,60,2,3,3
1776,4.0,1.0,5.0,1.0,4.0,5.0,4.0,1.0,5.0,4.0,1.0,2.0,4.0,1.0,4.0,3.0,5.0,2.0,5.0,5.0,0,0,0,0,6,0,0,0,0,0,1,1,0,1,1,0,0,1,0,1,0,0,1,1,1,1,3,1,1,1,62,1,6,2,60,1,1,6
1777,5.0,5.0,1.0,1.0,5.0,4.0,5.0,5.0,5.0,5.0,1.0,5.0,5.0,1.0,5.0,5.0,5.0,5.0,5.0,5.0,0,0,0,0,6,0,0,0,0,0,1,1,1,1,1,0,1,0,0,1,1,0,1,1,1,1,0,1,1,1,61,1,6,2,60,1,1,5
1778,5.0,5.0,1.0,3.0,5.0,1.0,1.0,5.0,1.0,1.0,1.0,5.0,5.0,1.0,5.0,1.0,1.0,1.0,5.0,5.0,4,2,5,5,7,3,5,2,7,1,1,1,0,1,1,0,1,1,0,1,1,0,1,1,1,0,4,3,1,2,33,2,4,1,60,2,1,2
1779,1.0,4.0,5.0,1.0,5.0,5.0,1.0,5.0,5.0,5.0,1.0,1.0,4.0,1.0,1.0,1.0,5.0,1.0,1.0,1.0,7,1,6,6,6,1,7,1,6,6,1,1,1,1,1,0,1,1,0,1,0,0,1,1,1,1,3,1,1,1,63,1,6,1,60,2,2,12
1780,5.0,5.0,1.0,1.0,5.0,1.0,1.0,1.0,1.0,1.0,1.0,5.0,5.0,1.0,5.0,1.0,1.0,5.0,5.0,1.0,1,6,7,1,7,6,6,1,7,1,1,1,1,1,1,0,1,1,0,1,0,0,1,1,1,1,0,1,1,1,45,1,4,1,60,1,2,5
1781,1.0,1.0,4.0,4.0,4.0,4.0,2.0,2.0,5.0,5.0,1.0,4.0,1.0,2.0,1.0,5.0,2.0,4.0,5.0,1.0,5,5,5,7,6,5,5,1,5,3,1,1,1,1,1,0,0,0,0,1,0,0,1,1,1,1,3,3,2,1,39,1,2,1,60,1,2,2
1782,5.0,4.0,2.0,1.0,2.0,2.0,2.0,1.0,4.0,2.0,2.0,4.0,2.0,1.0,2.0,4.0,2.0,2.0,1.0,3.0,5,7,6,5,5,6,6,1,6,2,1,1,1,1,1,0,0,0,0,1,0,1,0,1,1,1,2,3,1,2,17,1,2,1,60,2,1,2
1783,3.0,4.0,3.0,1.0,4.0,2.0,5.0,5.0,5.0,5.0,5.0,5.0,5.0,1.0,1.0,2.0,5.0,5.0,1.0,4.0,6,7,3,7,7,1,6,5,3,3,1,0,0,1,1,0,0,0,0,0,0,0,0,0,1,1,2,3,2,2,17,1,8,0,10,2,1,2
1784,5.0,4.0,2.0,4.0,4.0,1.0,2.0,2.0,4.0,3.0,1.0,5.0,4.0,3.0,4.0,2.0,1.0,4.0,5.0,3.0,5,6,6,6,6,7,6,5,6,4,1,1,0,1,1,0,0,0,0,1,0,0,1,1,1,1,2,3,1,2,22,1,2,1,70,2,1,0
1785,2.0,1.0,3.0,4.0,4.0,2.0,2.0,2.0,5.0,4.0,1.0,4.0,3.0,3.0,1.0,4.0,1.0,1.0,4.0,3.0,1,6,5,1,7,7,2,1,7,5,1,1,1,1,1,0,0,0,0,1,1,0,1,1,1,1,3,3,2,1,33,1,2,1,10,2,2,4
1786,4.0,4.0,1.0,2.0,4.0,2.0,1.0,2.0,4.0,2.0,1.0,4.0,2.0,1.0,2.0,2.0,2.0,4.0,5.0,2.0,2,5,5,2,6,6,3,5,6,3,1,1,0,1,1,0,0,0,0,1,0,0,1,1,1,1,2,1,1,2,26,2,1,1,60,2,1,3
1787,3.0,5.0,1.0,3.0,5.0,2.0,2.0,3.0,2.0,1.0,3.0,5.0,3.0,1.0,5.0,1.0,3.0,5.0,3.0,3.0,2,4,4,1,7,7,4,2,4,2,1,1,1,1,1,0,1,1,1,1,1,0,1,1,1,1,3,3,1,2,32,1,4,1,60,1,1,3
1788,5.0,4.0,4.0,4.0,5.0,2.0,2.0,2.0,5.0,2.0,4.0,2.0,4.0,4.0,4.0,4.0,3.0,2.0,4.0,4.0,6,5,6,6,6,5,7,5,3,1,1,0,0,1,1,0,0,0,0,1,0,0,0,1,1,1,2,2,1,2,22,1,8,1,70,2,1,1
1789,5.0,2.0,1.0,1.0,3.0,1.0,1.0,5.0,2.0,3.0,2.0,5.0,3.0,1.0,3.0,1.0,3.0,4.0,5.0,4.0,4,5,7,1,5,7,1,4,7,1,1,1,0,0,0,1,0,0,0,0,0,0,1,0,1,0,3,1,1,1,20,1,2,1,60,1,2,3
1790,2.0,2.0,5.0,4.0,5.0,3.0,3.0,1.0,4.0,5.0,1.0,4.0,2.0,3.0,4.0,3.0,4.0,2.0,5.0,1.0,7,1,6,5,7,5,7,4,5,1,0,0,0,0,0,0,0,0,0,0,0,0,0,0,0,1,3,3,2,1,24,3,2,2,60,2,1,2
1791,2.0,2.0,1.0,5.0,5.0,1.0,1.0,1.0,5.0,1.0,3.0,4.0,1.0,1.0,3.0,4.0,1.0,1.0,5.0,3.0,2,3,6,2,4,7,5,1,7,7,1,0,0,1,0,0,0,0,0,0,0,0,0,0,1,1,3,2,2,2,46,1,4,1,60,1,2,2
1792,2.0,2.0,2.0,4.0,5.0,1.0,1.0,1.0,3.0,2.0,1.0,4.0,3.0,1.0,5.0,3.0,3.0,3.0,5.0,2.0,5,5,6,5,7,5,6,1,3,1,1,1,0,1,1,0,0,1,0,1,0,0,0,1,1,1,3,3,2,1,22,2,2,1,60,1,1,3
1793,4.0,4.0,1.0,2.0,4.0,1.0,1.0,2.0,2.0,1.0,2.0,2.0,4.0,2.0,5.0,1.0,1.0,2.0,5.0,1.0,7,5,4,6,5,1,6,6,3,3,1,1,1,1,1,0,0,0,1,1,1,0,1,1,1,1,2,3,1,1,21,1,2,1,60,1,1,2
1794,5.0,5.0,2.0,2.0,5.0,1.0,5.0,4.0,5.0,5.0,2.0,5.0,4.0,1.0,5.0,2.0,1.0,5.0,5.0,5.0,5,4,4,5,5,7,4,5,6,4,1,1,0,1,1,0,0,0,1,1,1,1,1,1,1,1,4,3,1,2,49,2,1,1,60,1,2,1
1795,2.0,2.0,5.0,1.0,4.0,5.0,5.0,4.0,5.0,5.0,5.0,4.0,1.0,1.0,4.0,5.0,5.0,4.0,4.0,3.0,3,1,6,2,7,6,7,2,7,1,1,1,0,1,1,0,0,0,0,1,0,0,0,1,1,1,4,3,2,2,33,1,12,1,60,2,1,2
1796,1.0,1.0,4.0,2.0,2.0,2.0,5.0,3.0,5.0,5.0,1.0,1.0,1.0,3.0,3.0,2.0,3.0,1.0,2.0,1.0,5,4,6,5,6,5,6,2,5,3,1,1,1,1,1,0,0,0,0,1,0,0,1,1,1,1,3,1,2,1,27,2,7,1,60,1,1,1
1797,5.0,3.0,2.0,2.0,5.0,1.0,1.0,3.0,1.0,2.0,1.0,5.0,2.0,1.0,4.0,1.0,1.0,4.0,5.0,2.0,5,3,5,3,5,2,5,2,6,3,1,1,0,1,1,0,0,0,0,1,0,0,1,1,1,1,3,2,1,2,23,1,2,1,10,1,1,1
1798,2.0,3.0,4.0,5.0,3.0,4.0,2.0,2.0,4.0,4.0,1.0,1.0,1.0,2.0,2.0,2.0,3.0,4.0,5.0,1.0,2,4,2,5,5,7,3,5,6,7,1,1,1,1,1,0,0,1,0,1,0,1,1,1,1,1,3,2,1,1,27,1,7,1,20,1,1,2
1799,5.0,4.0,2.0,4.0,5.0,1.0,1.0,4.0,3.0,2.0,1.0,4.0,4.0,1.0,5.0,2.0,3.0,3.0,5.0,1.0,6,5,6,5,7,4,4,3,5,6,1,1,0,1,1,0,1,1,0,1,0,0,1,0,1,1,4,2,1,2,23,1,2,3,70,1,1,2
1800,4.0,4.0,4.0,1.0,4.0,1.0,1.0,5.0,3.0,1.0,1.0,4.0,4.0,1.0,4.0,4.0,5.0,5.0,5.0,3.0,4,5,5,5,7,5,3,6,5,2,1,1,0,1,1,0,0,0,0,1,0,0,1,1,1,1,3,2,1,1,24,1,1,1,60,2,1,1
1801,1.0,1.0,5.0,5.0,1.0,4.0,2.0,2.0,5.0,4.0,2.0,2.0,1.0,2.0,4.0,2.0,5.0,2.0,5.0,1.0,2,4,4,1,7,5,6,5,6,2,1,1,1,1,1,0,0,0,0,1,0,0,1,1,1,1,3,2,2,1,43,1,2,1,60,2,2,7
1802,4.0,3.0,2.0,4.0,4.0,1.0,1.0,3.0,3.0,3.0,2.0,5.0,3.0,1.0,3.0,2.0,2.0,2.0,5.0,3.0,1,6,1,6,3,4,5,6,3,1,1,1,1,1,1,0,0,0,0,1,0,0,1,1,1,1,2,2,1,2,27,1,2,1,60,0,1,3
1803,2.0,4.0,4.0,2.0,5.0,2.0,1.0,2.0,4.0,2.0,1.0,4.0,2.0,2.0,3.0,1.0,3.0,4.0,5.0,1.0,3,2,5,3,5,5,6,6,3,2,1,1,1,1,1,0,1,1,0,1,1,0,1,1,1,1,4,2,2,1,54,1,1,1,60,2,1,2
1804,5.0,5.0,1.0,1.0,5.0,1.0,1.0,5.0,1.0,1.0,1.0,5.0,5.0,3.0,5.0,5.0,1.0,5.0,5.0,5.0,5,7,6,1,7,4,1,5,4,1,1,1,1,1,1,1,1,1,1,1,1,1,1,1,1,1,2,3,1,1,19,1,8,1,10,2,1,3
1805,5.0,5.0,1.0,1.0,3.0,1.0,1.0,5.0,4.0,1.0,1.0,5.0,5.0,1.0,5.0,1.0,3.0,5.0,5.0,1.0,5,5,6,1,7,5,2,6,7,2,1,1,0,1,1,0,0,1,0,1,0,0,1,1,1,1,2,2,1,1,23,1,1,1,60,2,1,2
1806,4.0,4.0,3.0,2.0,3.0,2.0,1.0,4.0,4.0,2.0,1.0,3.0,3.0,3.0,4.0,4.0,3.0,4.0,5.0,1.0,1,6,6,2,7,7,3,2,4,3,1,1,1,1,1,0,0,1,0,1,1,0,1,1,1,1,3,2,1,2,21,1,2,1,60,2,1,2
1807,3.0,5.0,2.0,4.0,5.0,1.0,1.0,4.0,2.0,2.0,2.0,4.0,5.0,2.0,5.0,1.0,1.0,4.0,5.0,2.0,3,6,3,5,6,3,7,1,1,6,1,1,1,1,1,0,0,1,1,1,0,1,1,1,1,1,3,3,2,1,23,1,1,1,70,1,1,2
1808,5.0,5.0,1.0,1.0,5.0,1.0,1.0,5.0,2.0,1.0,1.0,5.0,5.0,1.0,5.0,1.0,1.0,4.0,5.0,4.0,2,6,6,1,5,6,3,3,6,3,1,1,1,1,1,1,1,0,1,1,0,1,1,1,1,1,3,1,1,2,19,3,2,1,60,2,1,1
1809,5.0,3.0,5.0,5.0,5.0,5.0,5.0,3.0,5.0,5.0,2.0,3.0,1.0,4.0,4.0,2.0,4.0,2.0,4.0,5.0,5,1,4,5,7,6,5,2,7,1,1,0,0,1,1,0,0,0,0,1,0,0,0,0,1,1,4,3,1,2,26,1,8,1,10,1,1,1
1810,3.0,3.0,4.0,2.0,2.0,4.0,5.0,4.0,5.0,2.0,1.0,4.0,1.0,2.0,3.0,4.0,3.0,4.0,5.0,4.0,1,6,2,4,6,6,4,5,4,2,1,1,0,1,0,0,0,0,0,1,0,0,0,0,1,1,4,3,1,2,27,1,4,1,60,1,2,1
1811,4.0,4.0,2.0,4.0,5.0,1.0,2.0,4.0,4.0,2.0,1.0,5.0,5.0,1.0,4.0,5.0,1.0,4.0,4.0,2.0,6,3,7,5,7,3,2,3,5,3,1,1,0,1,1,1,0,0,0,1,0,0,1,1,1,1,2,3,1,2,21,1,12,1,10,2,1,1
1812,1.0,5.0,2.0,4.0,4.0,2.0,1.0,1.0,5.0,4.0,1.0,4.0,1.0,3.0,4.0,1.0,4.0,1.0,5.0,1.0,4,2,1,7,3,7,6,6,1,1,1,1,1,1,1,0,0,0,0,1,1,0,1,1,1,1,2,2,3,1,26,3,1,2,60,1,1,3
1813,5.0,4.0,4.0,1.0,2.0,1.0,5.0,5.0,2.0,2.0,1.0,5.0,4.0,1.0,5.0,1.0,4.0,5.0,5.0,2.0,7,6,6,3,6,5,7,1,5,5,1,1,1,1,1,1,1,0,1,1,0,1,1,1,1,1,3,2,1,2,24,1,8,1,10,2,1,0
1814,2.0,1.0,4.0,2.0,3.0,5.0,2.0,4.0,5.0,3.0,2.0,1.0,1.0,2.0,3.0,1.0,3.0,5.0,4.0,1.0,7,4,6,3,5,4,7,4,5,1,0,1,1,1,1,0,1,0,0,0,0,1,0,1,1,1,3,3,2,2,20,1,4,1,70,1,1,4
1815,4.0,4.0,2.0,4.0,2.0,1.0,1.0,3.0,2.0,2.0,1.0,5.0,5.0,2.0,4.0,2.0,1.0,4.0,5.0,1.0,1,6,5,5,5,7,2,3,6,5,1,1,0,1,1,0,0,1,0,1,0,0,1,1,1,1,3,1,1,1,29,1,2,1,10,1,1,1
1816,1.0,5.0,1.0,5.0,4.0,5.0,5.0,5.0,5.0,5.0,1.0,3.0,1.0,5.0,1.0,5.0,4.0,1.0,1.0,1.0,4,3,5,3,5,7,7,3,6,3,1,1,1,1,1,0,0,0,0,1,1,0,1,1,1,1,3,2,2,1,40,1,1,1,70,1,1,6
1817,2.0,5.0,4.0,4.0,3.0,3.0,3.0,2.0,4.0,3.0,2.0,2.0,3.0,3.0,3.0,4.0,4.0,4.0,3.0,2.0,6,5,7,4,6,5,6,3,4,2,1,1,1,1,1,0,0,0,1,1,0,0,1,1,1,1,3,2,2,1,24,1,4,1,60,1,1,1
1818,2.0,2.0,4.0,3.0,2.0,2.0,3.0,1.0,4.0,4.0,3.0,3.0,4.0,3.0,3.0,3.0,3.0,3.0,3.0,1.0,6,5,7,5,7,5,6,4,5,1,1,1,1,1,1,0,0,0,0,1,0,0,1,1,1,1,3,2,2,1,46,1,12,1,60,1,1,2
1819,5.0,5.0,1.0,1.0,5.0,1.0,1.0,5.0,1.0,1.0,1.0,5.0,5.0,1.0,5.0,1.0,1.0,5.0,5.0,5.0,7,7,7,1,7,1,1,7,7,1,0,0,0,1,1,0,0,0,0,0,0,0,0,1,1,0,2,2,1,1,19,1,2,1,60,1,1,2
1820,5.0,5.0,1.0,2.0,5.0,2.0,1.0,5.0,1.0,1.0,1.0,5.0,5.0,1.0,1.0,1.0,1.0,4.0,5.0,3.0,7,7,7,1,7,4,6,1,6,1,1,1,1,1,1,0,0,1,0,1,0,0,1,1,1,1,2,2,2,2,18,1,2,1,70,2,1,4
1821,1.0,1.0,4.0,5.0,1.0,5.0,5.0,1.0,5.0,5.0,5.0,1.0,1.0,3.0,1.0,5.0,1.0,1.0,3.0,1.0,7,6,7,1,6,3,1,1,4,1,1,1,0,1,1,0,1,0,0,1,0,0,1,0,1,1,4,3,1,2,31,1,0,1,10,2,2,3
1822,4.0,5.0,2.0,1.0,5.0,2.0,4.0,3.0,2.0,2.0,1.0,5.0,4.0,2.0,5.0,4.0,3.0,4.0,5.0,2.0,6,3,2,3,6,2,5,5,3,2,1,1,0,1,1,0,0,0,0,1,0,0,0,1,1,1,2,2,2,1,19,2,4,1,70,2,1,2
1823,4.0,4.0,4.0,3.0,4.0,4.0,3.0,5.0,5.0,4.0,2.0,4.0,5.0,2.0,5.0,4.0,4.0,5.0,2.0,1.0,5,3,2,6,7,5,0,6,3,3,1,1,1,1,1,0,1,0,0,1,0,0,1,1,1,1,3,2,2,2,22,1,10,1,10,1,1,2
1824,1.0,1.0,4.0,4.0,2.0,5.0,4.0,1.0,5.0,5.0,3.0,4.0,1.0,5.0,1.0,5.0,2.0,1.0,4.0,1.0,3,1,6,2,7,5,6,5,5,2,1,1,1,1,1,0,1,1,0,1,1,1,1,1,1,1,4,2,2,1,54,1,2,1,60,1,2,3
1825,1.0,1.0,2.0,5.0,2.0,4.0,2.0,1.0,5.0,5.0,1.0,1.0,1.0,3.0,2.0,4.0,2.0,2.0,5.0,1.0,6,5,5,2,7,2,5,6,5,2,1,1,1,1,1,0,0,1,0,1,0,0,1,1,1,1,3,2,2,1,37,1,2,1,60,1,1,3
1826,5.0,5.0,1.0,1.0,5.0,1.0,1.0,4.0,1.0,1.0,1.0,5.0,1.0,1.0,5.0,4.0,5.0,5.0,5.0,2.0,5,7,6,7,6,2,2,1,2,1,1,1,0,1,1,0,0,0,0,1,0,0,1,1,1,1,3,3,1,1,27,2,12,1,60,2,1,3
1827,4.0,3.0,2.0,1.0,5.0,4.0,2.0,4.0,2.0,4.0,1.0,5.0,4.0,2.0,3.0,1.0,4.0,5.0,5.0,5.0,6,7,4,1,7,3,2,5,7,7,1,1,1,1,1,0,0,1,0,1,1,0,1,1,1,1,3,3,1,2,23,3,2,1,70,2,1,2
1828,4.0,5.0,3.0,4.0,5.0,1.0,2.0,5.0,5.0,1.0,2.0,5.0,2.0,1.0,5.0,1.0,1.0,4.0,5.0,4.0,5,5,3,5,5,2,6,5,2,5,0,0,0,1,1,0,0,0,0,1,0,0,1,1,1,1,4,3,1,2,41,1,3,1,10,2,2,4
1829,2.0,4.0,5.0,5.0,1.0,4.0,1.0,2.0,5.0,4.0,4.0,3.0,4.0,3.0,4.0,2.0,2.0,4.0,4.0,1.0,6,5,7,6,7,4,6,5,6,1,1,1,0,1,1,0,0,0,0,1,0,0,1,1,1,1,2,3,2,1,24,1,2,1,60,1,2,1
1830,1.0,1.0,2.0,5.0,1.0,2.0,3.0,1.0,5.0,5.0,2.0,1.0,1.0,1.0,2.0,2.0,3.0,1.0,4.0,1.0,2,3,6,5,3,5,6,1,7,3,1,1,0,1,1,0,0,0,0,1,0,0,1,1,1,1,3,2,1,1,38,1,7,1,60,1,2,2
1831,5.0,4.0,1.0,3.0,4.0,1.0,1.0,3.0,3.0,4.0,1.0,5.0,2.0,2.0,4.0,2.0,3.0,5.0,5.0,5.0,6,7,5,5,6,1,5,1,6,1,1,1,1,1,1,0,1,1,0,1,0,1,1,1,1,1,3,2,1,1,23,1,7,1,70,1,1,2
1832,5.0,5.0,1.0,1.0,5.0,1.0,1.0,5.0,1.0,5.0,1.0,1.0,5.0,1.0,5.0,1.0,1.0,5.0,5.0,5.0,7,6,6,7,7,1,2,7,1,1,1,1,1,1,1,0,0,0,0,1,0,0,1,1,1,1,4,3,1,2,27,1,1,1,10,2,1,6
1833,3.0,1.0,3.0,5.0,5.0,5.0,1.0,5.0,5.0,5.0,3.0,1.0,1.0,1.0,1.0,5.0,3.0,1.0,5.0,5.0,3,6,7,3,6,6,6,1,6,5,1,1,0,1,1,0,0,0,0,1,0,0,0,1,1,1,3,2,1,2,32,0,10,1,10,1,2,2
1834,3.0,4.0,1.0,1.0,4.0,1.0,1.0,2.0,1.0,1.0,1.0,4.0,1.0,1.0,4.0,2.0,2.0,5.0,5.0,1.0,5,6,7,6,6,7,5,1,4,1,1,1,1,1,1,0,0,0,0,1,1,0,1,1,1,1,4,1,1,1,25,1,1,3,60,2,1,1
1835,5.0,4.0,4.0,3.0,3.0,2.0,2.0,3.0,2.0,4.0,2.0,5.0,2.0,3.0,4.0,3.0,3.0,4.0,5.0,4.0,2,3,2,5,4,7,6,7,3,3,1,1,0,1,1,0,0,0,0,1,0,0,0,1,1,1,3,1,1,2,25,1,10,1,10,1,1,4
1836,5.0,5.0,3.0,3.0,5.0,2.0,2.0,4.0,3.0,2.0,2.0,5.0,4.0,3.0,4.0,2.0,2.0,4.0,5.0,5.0,6,5,5,4,7,3,4,2,5,2,1,0,0,1,1,0,0,1,0,1,0,0,0,1,1,1,2,3,1,2,22,1,10,1,60,1,1,1
1837,5.0,2.0,4.0,4.0,2.0,4.0,4.0,1.0,4.0,5.0,2.0,2.0,4.0,3.0,5.0,2.0,5.0,2.0,5.0,1.0,1,1,3,3,7,4,7,4,4,2,1,1,1,1,1,1,1,0,1,1,1,0,1,1,1,1,4,3,1,1,39,2,12,1,60,2,1,0
1838,5.0,3.0,2.0,1.0,3.0,1.0,1.0,4.0,3.0,2.0,1.0,1.0,5.0,1.0,5.0,1.0,1.0,5.0,5.0,3.0,7,2,6,1,5,2,6,5,2,1,1,1,1,1,1,1,1,1,1,1,0,0,1,1,1,1,3,1,1,1,26,1,2,3,50,1,1,3
1839,4.0,4.0,3.0,2.0,3.0,2.0,2.0,4.0,4.0,3.0,2.0,4.0,1.0,2.0,2.0,2.0,3.0,4.0,2.0,3.0,3,5,6,5,5,7,6,5,6,4,1,1,1,1,1,0,0,0,0,1,0,0,1,1,1,1,3,1,1,2,27,1,7,1,60,0,1,2
1840,1.0,1.0,4.0,3.0,2.0,5.0,2.0,1.0,5.0,4.0,3.0,2.0,1.0,4.0,1.0,4.0,5.0,2.0,5.0,1.0,2,5,6,3,6,6,7,3,6,2,1,0,0,1,0,0,0,1,0,1,0,0,0,1,1,1,2,3,1,2,20,1,12,2,60,1,1,7
1841,5.0,4.0,1.0,1.0,5.0,1.0,1.0,4.0,1.0,1.0,1.0,5.0,4.0,1.0,4.0,3.0,1.0,5.0,5.0,1.0,2,2,6,5,5,3,5,4,7,1,1,1,0,1,1,0,0,1,1,1,0,0,1,1,1,1,2,3,1,2,18,2,2,1,60,2,1,2
1842,1.0,4.0,5.0,5.0,2.0,5.0,5.0,1.0,5.0,5.0,4.0,4.0,1.0,5.0,1.0,5.0,1.0,4.0,1.0,1.0,6,2,7,5,7,2,7,2,6,2,1,0,0,1,0,0,0,0,0,1,0,0,0,1,1,1,3,3,2,2,30,1,4,2,10,1,2,4
1843,3.0,4.0,2.0,1.0,4.0,2.0,1.0,1.0,4.0,4.0,1.0,5.0,1.0,1.0,4.0,1.0,2.0,5.0,5.0,1.0,1,3,4,5,5,4,6,2,3,2,1,1,1,1,1,0,0,0,0,1,0,0,1,1,1,1,3,3,2,2,31,1,1,1,60,1,2,2
1844,4.0,2.0,2.0,1.0,4.0,3.0,2.0,2.0,5.0,4.0,1.0,4.0,1.0,2.0,1.0,2.0,5.0,3.0,5.0,2.0,6,4,5,7,5,2,7,3,4,3,1,1,1,1,1,0,1,0,0,1,0,0,1,1,1,1,3,3,2,1,32,1,8,1,70,2,1,1
1845,5.0,1.0,1.0,5.0,1.0,2.0,5.0,1.0,5.0,1.0,1.0,5.0,1.0,1.0,1.0,1.0,5.0,5.0,5.0,1.0,7,1,6,1,5,1,7,5,6,1,1,1,0,1,1,0,1,0,0,1,0,0,1,1,1,1,4,3,1,2,53,1,8,1,10,1,2,3
1846,5.0,1.0,2.0,5.0,5.0,2.0,2.0,1.0,5.0,4.0,1.0,2.0,3.0,2.0,1.0,1.0,5.0,4.0,5.0,1.0,5,5,6,5,5,6,6,2,5,2,1,1,0,1,1,0,0,0,0,1,0,0,1,1,1,1,3,3,2,2,21,1,1,1,10,2,1,2
1847,5.0,4.0,2.0,2.0,4.0,3.0,2.0,4.0,5.0,4.0,1.0,4.0,5.0,2.0,5.0,2.0,1.0,4.0,5.0,1.0,6,6,6,5,6,5,6,2,6,6,1,1,1,1,1,1,0,1,0,1,0,0,1,1,1,1,3,2,2,2,21,1,2,1,10,2,1,3
1848,2.0,1.0,1.0,3.0,4.0,1.0,1.0,2.0,1.0,2.0,1.0,2.0,2.0,1.0,5.0,4.0,3.0,5.0,5.0,1.0,5,6,3,2,6,7,5,6,3,2,1,1,0,1,1,0,0,0,0,1,0,0,1,0,1,1,2,1,1,2,21,2,1,1,60,1,1,4
1849,4.0,4.0,1.0,3.0,4.0,1.0,1.0,4.0,2.0,2.0,1.0,5.0,4.0,2.0,5.0,1.0,1.0,5.0,2.0,2.0,7,3,5,2,5,1,6,4,6,3,1,1,0,1,1,0,0,0,0,1,0,0,1,1,1,1,2,2,1,1,19,1,6,1,60,2,1,2
1850,4.0,4.0,3.0,4.0,4.0,2.0,2.0,4.0,4.0,3.0,1.0,3.0,4.0,2.0,4.0,2.0,2.0,4.0,4.0,4.0,1,5,3,2,6,7,6,5,3,3,1,1,0,1,1,0,0,0,0,1,0,0,1,1,1,1,3,2,1,1,22,2,1,2,60,1,1,1
1851,5.0,2.0,2.0,3.0,4.0,1.0,1.0,1.0,3.0,1.0,1.0,5.0,4.0,1.0,4.0,4.0,5.0,4.0,5.0,4.0,4,2,6,1,7,2,5,1,7,1,1,1,0,1,1,0,0,0,1,1,0,0,1,1,1,1,4,2,1,1,34,1,1,1,30,1,1,4
1852,5.0,5.0,2.0,1.0,5.0,2.0,2.0,4.0,5.0,1.0,1.0,5.0,2.0,1.0,4.0,2.0,2.0,4.0,5.0,5.0,1,5,6,6,5,7,5,5,5,1,1,1,1,1,1,0,1,1,0,1,1,0,1,1,1,1,3,2,2,1,70,1,3,2,60,2,2,3
1853,4.0,5.0,2.0,2.0,4.0,2.0,1.0,3.0,4.0,2.0,1.0,4.0,3.0,1.0,5.0,1.0,2.0,2.0,5.0,4.0,1,4,2,1,3,6,4,2,5,5,1,1,0,1,1,0,0,1,0,1,0,0,0,1,1,1,4,2,1,2,29,1,2,1,30,1,1,4
1854,3.0,2.0,2.0,4.0,4.0,2.0,2.0,2.0,5.0,4.0,2.0,4.0,1.0,3.0,2.0,3.0,4.0,1.0,4.0,1.0,4,2,7,6,4,7,7,1,4,3,0,0,0,0,1,0,0,1,0,1,0,0,0,1,0,1,3,3,1,2,21,1,3,1,10,2,1,2
1855,4.0,4.0,2.0,1.0,5.0,2.0,2.0,5.0,3.0,3.0,1.0,5.0,5.0,2.0,2.0,1.0,3.0,2.0,5.0,4.0,6,7,6,2,7,4,5,4,7,5,1,1,0,1,1,0,0,0,0,1,0,0,1,1,1,1,3,3,1,1,23,1,3,1,10,2,1,4
1856,5.0,4.0,1.0,3.0,4.0,2.0,1.0,4.0,3.0,1.0,1.0,5.0,3.0,2.0,5.0,1.0,2.0,5.0,5.0,4.0,6,5,5,1,6,4,5,4,6,5,1,1,0,1,1,0,0,1,0,1,1,1,1,1,1,1,4,3,1,2,22,1,2,3,60,1,1,2
1857,5.0,5.0,3.0,2.0,4.0,2.0,2.0,4.0,4.0,4.0,1.0,4.0,4.0,2.0,3.0,2.0,1.0,4.0,4.0,3.0,6,5,3,5,7,3,7,2,4,1,0,0,0,1,0,0,0,0,0,1,0,0,1,1,1,1,2,3,1,2,22,1,2,1,60,1,1,1
1858,4.0,4.0,3.0,1.0,4.0,2.0,2.0,2.0,4.0,2.0,1.0,3.0,2.0,2.0,4.0,2.0,2.0,4.0,5.0,4.0,1,6,1,6,5,5,1,5,1,5,1,1,0,1,1,0,0,0,0,1,0,0,0,1,1,1,4,3,2,1,19,1,2,2,60,2,1,3
1859,3.0,3.0,3.0,3.0,5.0,4.0,3.0,3.0,2.0,4.0,3.0,5.0,3.0,2.0,3.0,2.0,3.0,4.0,5.0,4.0,6,5,5,5,6,3,6,6,5,3,1,1,0,1,1,0,1,0,1,1,1,0,1,1,1,1,3,3,1,2,26,1,2,1,60,1,1,1
1860,5.0,5.0,5.0,2.0,5.0,1.0,3.0,5.0,2.0,3.0,3.0,5.0,5.0,1.0,5.0,5.0,1.0,3.0,5.0,5.0,4,5,2,5,7,5,7,7,2,1,1,1,1,1,1,0,1,0,0,1,0,0,1,1,1,1,4,1,1,2,41,1,3,4,10,2,1,3
1861,5.0,4.0,5.0,3.0,5.0,1.0,2.0,4.0,3.0,1.0,1.0,4.0,5.0,1.0,2.0,3.0,1.0,4.0,5.0,5.0,5,6,7,2,7,7,5,1,7,1,1,1,1,1,1,0,0,0,1,1,0,0,1,1,1,1,4,1,1,1,28,1,7,1,60,1,1,3
1862,5.0,2.0,1.0,1.0,5.0,2.0,5.0,2.0,5.0,4.0,1.0,5.0,5.0,4.0,4.0,4.0,4.0,5.0,5.0,1.0,6,3,6,2,7,3,6,3,6,3,1,0,1,0,1,1,1,0,0,0,1,1,1,0,0,0,3,3,1,2,21,1,7,1,70,1,1,3
1863,1.0,3.0,5.0,1.0,1.0,3.0,5.0,1.0,5.0,5.0,1.0,4.0,1.0,1.0,3.0,3.0,1.0,5.0,5.0,3.0,1,1,6,1,4,6,7,6,7,1,1,1,1,1,1,0,1,1,0,1,1,0,1,1,1,1,3,2,1,1,58,1,12,1,50,2,2,2
1864,5.0,5.0,5.0,5.0,5.0,5.0,5.0,1.0,5.0,5.0,3.0,2.0,3.0,2.0,5.0,3.0,4.0,5.0,4.0,4.0,7,5,7,2,7,6,7,7,6,1,1,0,0,1,1,0,0,0,0,1,0,0,0,1,1,1,3,2,2,2,34,1,4,3,10,1,1,3
1865,4.0,4.0,2.0,4.0,2.0,4.0,2.0,3.0,4.0,5.0,2.0,2.0,2.0,3.0,5.0,2.0,1.0,5.0,4.0,2.0,3,4,7,6,5,6,6,2,6,2,1,1,0,1,1,0,0,0,0,1,0,0,1,1,1,1,3,1,2,1,36,1,3,1,60,1,2,3
1866,5.0,5.0,1.0,3.0,4.0,1.0,1.0,5.0,5.0,1.0,2.0,2.0,5.0,2.0,4.0,1.0,1.0,4.0,5.0,3.0,6,5,4,3,5,1,5,5,6,5,1,1,0,1,1,0,0,1,0,1,0,0,1,1,1,1,2,3,1,1,18,1,2,1,60,2,1,2
1867,1.0,1.0,5.0,5.0,3.0,5.0,4.0,1.0,5.0,5.0,3.0,4.0,1.0,2.0,2.0,5.0,4.0,1.0,5.0,1.0,4,1,7,5,5,5,7,2,6,1,1,1,1,1,1,0,1,1,0,1,0,1,1,1,1,1,3,3,1,1,67,1,6,1,60,1,2,2
1868,5.0,5.0,5.0,5.0,5.0,5.0,5.0,5.0,5.0,5.0,3.0,5.0,5.0,4.0,4.0,1.0,5.0,1.0,5.0,5.0,4,1,7,6,5,7,7,7,7,1,1,0,0,1,1,0,1,0,0,1,0,0,0,0,1,1,3,3,1,2,45,1,8,1,10,1,3,4
1869,5.0,5.0,3.0,1.0,5.0,1.0,3.0,4.0,1.0,1.0,1.0,5.0,5.0,1.0,4.0,2.0,1.0,5.0,5.0,4.0,2,7,6,2,7,7,5,5,3,1,0,1,0,0,1,0,0,0,0,0,0,0,0,0,0,1,3,3,1,2,22,1,2,2,10,1,1,1
1870,5.0,5.0,2.0,3.0,5.0,1.0,1.0,5.0,3.0,1.0,2.0,5.0,2.0,1.0,4.0,1.0,1.0,5.0,5.0,1.0,5,5,3,1,6,4,7,5,7,1,1,1,1,1,1,0,1,1,0,1,0,0,1,1,1,1,3,2,1,2,24,1,2,1,60,1,1,2
1871,2.0,4.0,2.0,3.0,3.0,1.0,1.0,5.0,4.0,1.0,1.0,5.0,5.0,1.0,2.0,1.0,5.0,4.0,4.0,1.0,5,7,5,1,7,5,1,6,7,2,1,1,0,1,1,0,0,0,0,1,0,0,1,1,1,1,3,3,1,2,26,1,1,1,60,1,1,2
1872,2.0,5.0,3.0,4.0,4.0,2.0,2.0,4.0,4.0,3.0,2.0,4.0,4.0,3.0,4.0,5.0,3.0,4.0,5.0,1.0,2,2,5,3,6,6,5,3,7,5,1,1,0,1,1,0,0,0,0,1,0,0,1,1,1,1,3,2,1,1,22,1,3,1,60,2,1,3
1873,5.0,5.0,1.0,1.0,4.0,1.0,1.0,3.0,3.0,2.0,1.0,5.0,5.0,2.0,3.0,1.0,1.0,4.0,4.0,3.0,5,6,5,4,6,7,4,3,3,4,1,1,1,1,1,0,1,1,0,1,0,0,1,1,1,1,4,1,1,1,47,1,1,1,60,2,3,2
1874,2.0,2.0,2.0,3.0,4.0,4.0,2.0,2.0,4.0,5.0,2.0,2.0,2.0,3.0,2.0,2.0,4.0,3.0,4.0,3.0,6,6,5,7,7,3,7,4,2,1,1,1,1,1,1,0,1,1,0,1,0,0,1,1,1,1,4,2,2,1,50,1,1,1,60,1,2,3
1875,5.0,5.0,1.0,1.0,4.0,2.0,1.0,2.0,2.0,2.0,1.0,4.0,1.0,3.0,4.0,1.0,1.0,5.0,5.0,1.0,6,5,6,2,6,7,7,5,6,1,1,1,1,1,1,0,0,0,0,1,0,0,1,1,1,1,3,3,1,2,19,1,12,1,60,2,1,1
1876,5.0,4.0,3.0,2.0,5.0,3.0,1.0,4.0,4.0,4.0,2.0,4.0,3.0,1.0,4.0,3.0,3.0,4.0,4.0,2.0,1,6,5,7,5,7,3,3,2,5,0,1,1,0,1,0,0,0,0,0,0,0,1,0,0,0,3,3,1,2,24,1,12,1,50,2,1,2
1877,2.0,5.0,1.0,1.0,4.0,1.0,1.0,4.0,1.0,2.0,1.0,4.0,3.0,1.0,5.0,1.0,1.0,5.0,5.0,5.0,2,5,4,3,2,1,4,1,2,1,1,1,0,1,1,0,0,1,0,1,1,1,1,1,1,1,3,2,1,2,25,1,2,1,60,1,3,2
1878,5.0,5.0,4.0,1.0,5.0,4.0,4.0,5.0,4.0,4.0,1.0,5.0,5.0,1.0,5.0,1.0,2.0,4.0,5.0,2.0,6,2,2,2,6,4,5,2,4,3,1,1,1,1,1,0,1,0,0,1,0,0,0,1,1,1,3,3,2,2,24,1,4,1,60,1,1,1
1879,4.0,1.0,3.0,2.0,5.0,4.0,2.0,3.0,4.0,4.0,1.0,4.0,4.0,2.0,2.0,2.0,1.0,2.0,5.0,3.0,5,5,6,5,7,5,4,2,6,2,1,1,0,1,1,0,0,0,1,1,0,0,1,1,1,1,2,3,1,1,25,1,12,1,60,1,1,6
1880,3.0,4.0,2.0,3.0,5.0,1.0,1.0,4.0,3.0,2.0,2.0,4.0,4.0,2.0,4.0,3.0,1.0,4.0,5.0,3.0,3,3,7,1,7,7,5,1,7,1,1,1,0,1,1,0,0,0,0,1,0,0,1,1,1,1,4,1,1,2,38,1,9,1,60,1,2,3
1881,5.0,5.0,1.0,1.0,5.0,1.0,1.0,5.0,1.0,1.0,1.0,5.0,5.0,1.0,5.0,1.0,1.0,5.0,5.0,5.0,6,6,2,5,6,1,2,7,1,1,1,1,1,1,1,0,0,1,0,1,0,0,1,1,1,1,3,3,1,2,26,1,2,1,60,2,1,1
1882,4.0,5.0,4.0,1.0,3.0,1.0,2.0,5.0,4.0,3.0,2.0,5.0,4.0,1.0,3.0,1.0,1.0,5.0,4.0,3.0,3,2,6,1,4,7,5,4,5,1,1,1,0,1,1,0,0,1,0,1,0,1,1,1,1,1,2,2,1,2,19,1,10,1,60,1,1,1
1883,1.0,1.0,2.0,2.0,2.0,3.0,3.0,3.0,4.0,3.0,1.0,3.0,2.0,1.0,1.0,1.0,4.0,5.0,5.0,1.0,2,6,5,3,6,4,3,5,4,4,1,1,0,0,0,0,0,0,0,1,0,0,0,1,1,1,3,2,1,2,30,2,12,1,60,2,1,1
1884,2.0,5.0,2.0,1.0,5.0,1.0,1.0,2.0,3.0,1.0,1.0,4.0,5.0,5.0,1.0,2.0,1.0,5.0,5.0,5.0,3,6,5,4,6,2,3,1,6,7,1,0,1,1,1,0,1,0,1,1,1,0,1,1,1,1,4,1,1,2,27,1,3,1,60,1,1,1
1885,5.0,5.0,5.0,1.0,5.0,1.0,1.0,4.0,4.0,1.0,1.0,4.0,5.0,2.0,1.0,1.0,1.0,4.0,5.0,4.0,3,6,5,6,6,5,2,3,5,2,1,1,1,1,1,1,0,1,0,1,1,0,1,1,1,1,3,3,3,2,24,1,2,3,10,2,1,4
1886,5.0,4.0,1.0,2.0,4.0,2.0,1.0,5.0,3.0,1.0,1.0,5.0,4.0,2.0,3.0,1.0,2.0,4.0,4.0,1.0,0,7,1,4,0,6,3,2,5,5,1,1,0,1,1,0,0,0,0,1,0,0,0,1,1,1,3,2,1,2,28,1,1,1,60,1,1,2
1887,5.0,5.0,5.0,5.0,5.0,5.0,2.0,5.0,1.0,5.0,1.0,2.0,5.0,4.0,5.0,1.0,1.0,5.0,5.0,5.0,2,1,7,3,7,5,7,1,6,6,1,1,1,1,1,1,0,1,0,1,0,0,1,1,1,1,3,2,2,1,74,1,6,1,60,1,3,3
1888,1.0,1.0,5.0,5.0,1.0,1.0,1.0,1.0,5.0,5.0,2.0,5.0,4.0,2.0,1.0,1.0,1.0,3.0,5.0,1.0,6,2,4,5,6,1,7,2,7,2,1,1,1,1,0,0,0,0,0,1,0,0,1,0,1,1,4,1,2,1,58,1,6,1,60,1,2,3
1889,4.0,4.0,5.0,5.0,4.0,4.0,2.0,2.0,5.0,2.0,2.0,5.0,1.0,4.0,1.0,4.0,4.0,1.0,5.0,1.0,2,3,7,3,5,5,6,1,7,2,1,1,1,1,1,0,0,0,0,1,0,0,1,1,1,1,4,2,2,1,42,1,7,1,60,1,2,2
1890,1.0,2.0,2.0,5.0,4.0,2.0,2.0,1.0,5.0,5.0,2.0,1.0,2.0,5.0,1.0,1.0,1.0,2.0,3.0,1.0,3,2,4,6,7,7,7,6,4,2,1,1,0,1,1,0,1,1,0,1,0,0,1,1,1,1,4,1,2,1,37,1,4,1,60,2,1,3
1891,5.0,5.0,5.0,1.0,5.0,2.0,2.0,5.0,2.0,5.0,1.0,5.0,1.0,1.0,3.0,5.0,5.0,5.0,5.0,1.0,3,2,7,2,7,6,2,1,6,1,1,1,0,1,1,0,0,1,0,1,0,0,0,1,1,1,4,1,1,2,25,1,10,1,20,1,1,4
1892,2.0,4.0,4.0,2.0,2.0,2.0,2.0,1.0,5.0,2.0,1.0,5.0,1.0,5.0,4.0,1.0,3.0,4.0,5.0,1.0,7,2,7,3,7,2,6,2,6,5,1,1,1,1,1,0,0,0,0,1,1,0,1,1,1,1,3,2,2,2,55,1,4,1,60,2,3,2
1893,1.0,2.0,1.0,1.0,1.0,1.0,1.0,2.0,4.0,2.0,1.0,1.0,1.0,4.0,3.0,1.0,2.0,1.0,4.0,3.0,3,5,5,3,6,6,5,4,5,2,1,1,0,1,1,0,1,1,0,1,0,0,1,1,1,1,3,1,1,1,29,1,12,1,60,1,1,4
1894,4.0,5.0,5.0,2.0,5.0,5.0,4.0,4.0,4.0,3.0,1.0,4.0,4.0,1.0,4.0,2.0,1.0,4.0,5.0,5.0,6,7,2,6,2,7,7,6,2,6,1,1,1,1,1,1,1,1,0,1,0,1,1,1,1,1,3,1,1,1,48,1,2,1,60,1,2,0
1895,5.0,4.0,1.0,1.0,5.0,1.0,1.0,4.0,1.0,1.0,1.0,5.0,5.0,1.0,5.0,1.0,1.0,5.0,5.0,3.0,6,7,2,3,6,1,2,5,6,1,1,1,0,1,1,0,0,0,0,1,0,1,1,1,1,1,2,2,1,1,17,1,2,1,60,2,1,3
1896,5.0,5.0,2.0,1.0,5.0,1.0,1.0,5.0,4.0,1.0,1.0,5.0,5.0,1.0,4.0,1.0,1.0,5.0,4.0,5.0,7,6,5,2,7,3,6,3,6,1,1,1,0,1,1,1,0,0,0,1,1,1,1,1,1,1,3,3,2,2,21,1,7,1,60,1,1,1
1897,2.0,2.0,4.0,3.0,3.0,4.0,2.0,2.0,5.0,3.0,1.0,4.0,1.0,2.0,2.0,4.0,3.0,2.0,5.0,2.0,6,3,7,6,7,1,7,1,5,1,1,1,0,1,1,0,1,1,0,1,1,0,1,1,1,1,4,1,2,1,50,1,6,1,60,1,3,3
1898,1.0,2.0,4.0,5.0,2.0,2.0,3.0,1.0,4.0,2.0,2.0,2.0,1.0,2.0,2.0,3.0,3.0,5.0,4.0,1.0,5,6,4,5,2,1,4,1,3,5,1,1,0,1,1,0,0,0,0,1,0,0,0,0,1,1,2,2,2,1,52,1,6,1,60,2,1,3
1899,2.0,2.0,2.0,5.0,1.0,5.0,5.0,2.0,5.0,1.0,5.0,4.0,1.0,4.0,2.0,5.0,3.0,2.0,5.0,1.0,3,2,6,1,5,7,7,1,6,6,1,1,1,1,1,1,1,1,1,1,1,1,1,1,1,1,3,3,2,1,43,1,4,1,60,1,3,3
1900,5.0,4.0,5.0,2.0,4.0,2.0,1.0,2.0,5.0,5.0,1.0,4.0,1.0,2.0,2.0,2.0,1.0,2.0,5.0,1.0,1,3,6,6,6,7,5,1,5,1,1,1,1,1,1,1,0,0,0,1,1,0,1,1,1,1,3,1,2,1,53,2,7,1,60,1,2,5
1901,5.0,5.0,3.0,5.0,5.0,1.0,1.0,4.0,1.0,5.0,1.0,5.0,4.0,2.0,4.0,1.0,3.0,5.0,5.0,5.0,2,5,5,2,7,6,4,6,6,3,1,1,0,1,1,1,0,1,0,1,1,0,1,1,1,1,3,2,1,2,28,1,1,1,60,2,1,2
1902,1.0,2.0,2.0,2.0,4.0,5.0,2.0,2.0,5.0,5.0,1.0,2.0,1.0,1.0,1.0,5.0,2.0,2.0,5.0,2.0,6,5,2,5,6,2,7,6,6,2,1,1,1,1,1,0,0,0,0,1,0,0,1,1,0,1,3,3,2,2,56,1,4,1,60,1,3,2
1903,5.0,1.0,5.0,4.0,5.0,5.0,5.0,5.0,5.0,5.0,1.0,1.0,5.0,1.0,5.0,5.0,1.0,4.0,5.0,1.0,7,2,1,1,7,1,7,1,7,3,1,1,1,1,1,0,1,0,0,1,1,0,1,1,1,1,4,2,2,1,49,1,12,1,70,1,2,3
1904,4.0,2.0,3.0,4.0,3.0,3.0,2.0,2.0,5.0,4.0,2.0,4.0,3.0,4.0,4.0,5.0,3.0,4.0,4.0,1.0,5,2,4,2,5,5,5,2,5,5,1,1,0,1,1,0,1,0,0,1,0,0,0,1,1,1,4,3,1,2,29,1,8,1,10,2,1,1
1905,4.0,5.0,2.0,1.0,5.0,1.0,1.0,5.0,1.0,3.0,1.0,4.0,2.0,1.0,5.0,1.0,1.0,5.0,4.0,4.0,5,7,4,5,6,7,4,5,3,1,0,1,0,1,1,0,0,1,0,0,0,0,0,1,1,1,2,3,1,2,22,1,10,1,20,1,1,2
1906,3.0,1.0,3.0,3.0,5.0,5.0,4.0,4.0,5.0,5.0,1.0,5.0,2.0,3.0,5.0,5.0,1.0,2.0,1.0,4.0,5,1,6,1,7,3,7,5,7,7,1,1,0,1,1,0,1,0,0,0,0,0,1,1,1,1,3,1,1,1,56,2,6,1,60,1,2,4
1907,1.0,4.0,5.0,3.0,1.0,4.0,4.0,3.0,5.0,5.0,1.0,5.0,1.0,1.0,1.0,5.0,1.0,4.0,5.0,1.0,5,1,7,2,7,3,7,1,7,1,1,1,1,1,1,0,1,1,0,1,1,1,1,1,1,0,3,3,2,1,57,2,1,1,60,1,2,1
1908,1.0,1.0,5.0,5.0,4.0,5.0,1.0,1.0,5.0,2.0,2.0,1.0,1.0,5.0,3.0,3.0,1.0,1.0,5.0,1.0,7,5,6,4,7,5,7,5,7,1,1,1,0,1,1,0,0,0,0,1,1,0,0,1,1,1,3,1,1,1,44,1,7,1,60,1,0,1
1909,2.0,1.0,5.0,2.0,4.0,5.0,5.0,2.0,5.0,4.0,2.0,4.0,2.0,3.0,1.0,2.0,3.0,2.0,1.0,1.0,7,3,7,2,6,2,6,1,7,3,1,1,0,1,1,0,0,0,0,1,0,0,1,1,1,1,3,3,1,1,44,1,8,1,10,1,2,2
1910,4.0,2.0,2.0,5.0,2.0,4.0,5.0,2.0,5.0,2.0,2.0,2.0,4.0,4.0,2.0,4.0,2.0,1.0,5.0,2.0,6,5,7,7,5,2,7,1,4,3,1,1,0,1,1,0,0,1,0,1,0,0,0,1,1,1,4,3,2,1,30,1,1,1,70,2,2,2
1911,1.0,3.0,5.0,4.0,4.0,5.0,4.0,3.0,5.0,5.0,3.0,4.0,1.0,3.0,2.0,5.0,2.0,4.0,2.0,1.0,5,5,6,2,6,5,7,5,6,2,1,1,0,1,1,0,0,0,1,1,1,0,1,1,1,1,3,2,1,1,69,2,4,1,60,1,3,8
1912,4.0,4.0,3.0,1.0,4.0,2.0,2.0,5.0,5.0,5.0,2.0,5.0,1.0,1.0,4.0,5.0,1.0,2.0,5.0,5.0,1,6,7,6,3,7,1,1,2,2,1,1,1,1,1,0,0,1,0,1,0,0,0,1,1,1,3,3,1,2,23,1,4,1,70,1,1,1
1913,5.0,5.0,2.0,2.0,3.0,1.0,2.0,2.0,4.0,3.0,1.0,5.0,4.0,1.0,2.0,1.0,3.0,4.0,4.0,1.0,3,4,6,4,7,6,5,5,5,2,1,1,0,1,1,0,0,0,0,1,0,0,1,1,1,1,3,3,1,1,23,1,4,1,70,2,1,1
1914,3.0,3.0,2.0,2.0,4.0,3.0,3.0,4.0,3.0,2.0,1.0,3.0,5.0,4.0,4.0,2.0,2.0,4.0,5.0,3.0,6,6,2,6,7,3,4,6,4,2,0,1,0,1,1,0,0,0,0,1,0,0,0,1,1,1,2,1,2,2,21,1,2,1,60,2,1,5
1915,3.0,4.0,1.0,2.0,3.0,1.0,1.0,3.0,3.0,2.0,1.0,4.0,4.0,2.0,4.0,1.0,1.0,4.0,5.0,5.0,1,7,4,7,6,7,5,1,3,3,1,1,0,1,1,0,1,1,0,1,0,0,1,1,1,1,3,3,1,1,26,1,9,1,60,1,1,3
1916,1.0,3.0,5.0,5.0,3.0,5.0,5.0,3.0,5.0,5.0,3.0,4.0,1.0,3.0,3.0,5.0,5.0,3.0,3.0,2.0,7,5,6,3,5,2,7,2,3,2,1,1,0,1,1,0,1,0,0,1,0,0,0,1,1,1,4,3,2,2,45,1,3,1,10,2,2,2
1917,4.0,1.0,3.0,3.0,5.0,2.0,2.0,3.0,4.0,3.0,2.0,4.0,1.0,4.0,3.0,3.0,2.0,4.0,5.0,2.0,5,6,3,5,4,6,7,2,5,3,1,1,0,1,1,0,0,0,0,1,0,0,0,1,1,1,3,3,2,1,26,1,8,1,10,2,1,2
1918,4.0,3.0,3.0,3.0,4.0,3.0,2.0,4.0,4.0,2.0,2.0,4.0,1.0,2.0,3.0,2.0,3.0,4.0,1.0,1.0,1,5,6,2,4,6,5,5,7,4,1,1,1,1,1,1,1,1,1,1,1,1,1,1,1,1,3,3,1,2,23,1,2,1,70,1,1,0
1919,2.0,1.0,2.0,5.0,5.0,2.0,1.0,1.0,2.0,2.0,4.0,1.0,1.0,2.0,4.0,1.0,1.0,4.0,5.0,5.0,6,6,6,3,7,2,7,1,7,1,1,1,1,1,1,1,1,1,0,1,1,1,1,1,1,1,4,2,1,1,40,1,4,3,60,1,2,5
1920,3.0,5.0,3.0,3.0,4.0,2.0,2.0,5.0,2.0,2.0,2.0,5.0,3.0,2.0,4.0,1.0,1.0,4.0,5.0,3.0,6,6,5,2,6,3,3,2,4,1,1,1,1,1,1,0,1,0,0,1,1,0,1,1,1,1,3,1,1,1,51,1,2,1,60,1,2,2
1921,4.0,2.0,2.0,2.0,5.0,1.0,1.0,2.0,2.0,2.0,2.0,5.0,1.0,2.0,4.0,1.0,5.0,5.0,5.0,2.0,3,6,7,2,6,7,3,1,7,2,1,1,1,1,1,0,1,1,0,1,1,0,1,1,1,1,4,2,1,1,49,1,6,1,30,1,2,2
1922,5.0,4.0,1.0,2.0,4.0,1.0,1.0,5.0,2.0,1.0,1.0,4.0,5.0,1.0,5.0,1.0,5.0,5.0,5.0,5.0,6,2,5,1,7,2,7,2,7,2,1,1,1,1,1,0,1,1,0,1,1,0,1,1,1,1,3,3,1,2,40,1,2,3,60,1,1,1
1923,1.0,2.0,4.0,5.0,4.0,4.0,1.0,1.0,5.0,4.0,2.0,4.0,4.0,3.0,3.0,4.0,2.0,4.0,5.0,1.0,7,1,6,2,7,2,6,2,6,5,1,1,0,1,1,0,0,0,0,1,0,0,1,1,1,1,3,2,1,1,38,1,1,3,60,2,1,3
1924,4.0,4.0,5.0,3.0,2.0,4.0,1.0,4.0,5.0,2.0,2.0,3.0,2.0,1.0,3.0,5.0,1.0,4.0,1.0,2.0,6,4,3,5,7,5,6,6,3,1,1,1,1,1,1,0,1,0,0,1,1,0,1,1,1,1,4,3,2,1,27,1,12,1,70,2,1,1
1925,5.0,3.0,1.0,1.0,5.0,2.0,4.0,2.0,2.0,1.0,1.0,4.0,4.0,1.0,2.0,1.0,1.0,5.0,5.0,5.0,3,6,5,6,7,7,6,5,5,6,1,1,0,1,1,0,0,1,0,1,0,0,1,1,1,1,4,2,1,1,25,1,4,1,10,1,1,2
1926,4.0,4.0,2.0,1.0,5.0,3.0,2.0,4.0,3.0,3.0,1.0,2.0,5.0,2.0,5.0,1.0,1.0,4.0,4.0,3.0,5,6,4,4,4,3,4,6,5,4,0,0,0,0,1,0,0,1,0,0,0,0,0,0,0,0,4,3,1,2,24,1,4,1,10,1,1,3
1927,5.0,4.0,2.0,2.0,5.0,3.0,5.0,5.0,2.0,2.0,1.0,5.0,5.0,2.0,5.0,1.0,1.0,5.0,5.0,2.0,5,6,7,2,7,3,4,5,5,1,1,1,1,1,1,1,0,0,0,1,0,0,1,1,1,1,2,3,1,1,26,2,9,1,60,1,1,2
1928,4.0,5.0,5.0,2.0,5.0,5.0,5.0,4.0,5.0,1.0,1.0,5.0,5.0,1.0,5.0,2.0,1.0,3.0,5.0,2.0,6,7,7,1,4,1,6,1,6,1,1,1,1,1,1,0,1,1,0,1,1,0,1,1,1,1,4,3,2,1,49,1,4,1,30,1,1,10
1929,4.0,4.0,2.0,2.0,4.0,1.0,1.0,4.0,4.0,2.0,1.0,5.0,3.0,2.0,4.0,4.0,5.0,2.0,5.0,1.0,2,1,7,2,6,4,4,1,7,1,1,1,1,1,1,0,0,0,0,1,0,0,1,1,1,1,3,3,2,1,53,1,2,1,70,2,3,3
1930,5.0,4.0,2.0,1.0,5.0,1.0,1.0,5.0,3.0,2.0,1.0,5.0,5.0,1.0,3.0,2.0,1.0,5.0,5.0,5.0,4,6,5,2,7,7,2,5,6,4,1,1,0,1,1,0,0,0,0,1,0,0,1,1,1,1,3,2,1,1,25,1,2,1,70,1,1,3
1931,5.0,4.0,5.0,5.0,5.0,1.0,5.0,2.0,5.0,4.0,5.0,5.0,1.0,1.0,4.0,5.0,1.0,2.0,1.0,5.0,7,6,6,5,3,6,5,1,3,2,1,1,0,1,1,0,0,0,0,1,0,0,1,1,1,1,3,3,1,2,25,1,10,1,20,1,1,2
1932,4.0,4.0,3.0,2.0,4.0,1.0,2.0,5.0,4.0,2.0,1.0,4.0,2.0,1.0,5.0,2.0,3.0,4.0,4.0,1.0,3,5,5,5,6,6,6,5,6,4,1,1,1,1,1,1,1,1,0,1,0,0,1,1,1,1,4,2,1,2,23,2,1,1,60,2,1,2
1933,3.0,5.0,2.0,4.0,3.0,3.0,2.0,5.0,5.0,4.0,2.0,5.0,4.0,1.0,4.0,1.0,3.0,4.0,4.0,4.0,6,7,7,2,6,4,6,3,7,2,0,1,0,1,1,0,0,1,0,1,0,0,0,1,1,1,4,1,1,2,22,1,1,1,60,1,1,2
1934,4.0,5.0,1.0,3.0,5.0,1.0,2.0,5.0,4.0,1.0,2.0,4.0,4.0,1.0,5.0,1.0,2.0,5.0,5.0,1.0,5,7,5,7,6,3,7,5,2,1,1,1,1,1,1,0,1,1,0,1,1,0,1,1,1,1,3,3,1,1,25,1,8,2,10,1,1,1
1935,1.0,1.0,2.0,4.0,2.0,2.0,1.0,2.0,5.0,4.0,1.0,5.0,2.0,1.0,4.0,1.0,4.0,4.0,5.0,2.0,6,5,3,2,7,1,6,6,6,4,1,1,0,1,1,0,0,0,0,1,1,0,1,1,1,1,3,2,1,2,25,1,2,1,60,2,1,3
1936,5.0,5.0,2.0,2.0,4.0,2.0,2.0,4.0,2.0,1.0,2.0,5.0,4.0,2.0,4.0,1.0,1.0,4.0,5.0,5.0,5,6,6,5,5,6,2,2,6,1,1,1,0,1,0,0,0,0,0,1,0,0,0,1,1,1,4,2,1,2,22,1,7,1,60,1,1,1
1937,1.0,1.0,3.0,1.0,3.0,3.0,5.0,1.0,5.0,5.0,3.0,1.0,5.0,3.0,1.0,1.0,1.0,2.0,3.0,1.0,7,4,6,2,7,2,4,4,4,1,1,1,0,1,1,0,0,0,0,1,0,0,0,1,1,1,1,3,2,1,16,1,2,1,10,2,1,2
1938,4.0,5.0,2.0,1.0,5.0,2.0,3.0,3.0,5.0,5.0,2.0,5.0,4.0,2.0,5.0,1.0,4.0,5.0,5.0,3.0,6,6,6,6,7,5,7,7,7,2,1,0,0,1,1,0,0,0,0,1,0,0,0,0,1,1,2,3,2,2,13,1,3,2,10,2,1,2
1939,5.0,4.0,4.0,5.0,4.0,1.0,1.0,2.0,2.0,3.0,4.0,5.0,1.0,2.0,4.0,1.0,4.0,4.0,5.0,1.0,5,6,2,1,7,5,7,2,7,2,1,1,1,1,1,0,0,0,0,1,0,0,1,1,1,1,4,3,1,2,27,1,6,1,60,1,1,3
1940,5.0,4.0,2.0,4.0,5.0,1.0,1.0,4.0,5.0,1.0,1.0,5.0,3.0,3.0,4.0,2.0,2.0,5.0,4.0,3.0,6,7,7,2,6,5,5,4,5,3,0,0,0,1,1,0,0,0,0,1,0,0,0,1,1,1,3,3,1,2,28,1,7,1,60,1,1,2
1941,3.0,3.0,4.0,5.0,5.0,2.0,5.0,5.0,5.0,5.0,4.0,2.0,4.0,4.0,3.0,5.0,3.0,5.0,5.0,5.0,5,5,5,7,6,7,4,5,5,7,1,1,0,1,1,0,0,0,0,1,0,0,1,0,1,1,1,3,2,2,16,1,3,1,10,2,1,2
1942,5.0,1.0,2.0,1.0,4.0,1.0,1.0,4.0,2.0,1.0,2.0,5.0,4.0,2.0,3.0,1.0,3.0,3.0,5.0,2.0,2,5,3,5,5,6,5,3,1,1,1,1,1,1,1,1,1,1,1,1,1,1,1,1,1,1,1,3,1,1,14,1,2,2,10,2,1,1
1943,5.0,5.0,4.0,2.0,4.0,4.0,4.0,5.0,5.0,4.0,2.0,5.0,3.0,1.0,5.0,2.0,3.0,4.0,5.0,3.0,6,6,5,3,7,1,6,6,6,2,1,1,0,1,1,1,0,1,1,1,0,1,1,1,1,1,4,2,1,2,26,1,6,1,60,1,1,3
1944,4.0,2.0,5.0,3.0,4.0,4.0,1.0,5.0,5.0,5.0,1.0,5.0,1.0,1.0,4.0,1.0,2.0,4.0,5.0,3.0,6,2,6,6,2,6,6,1,5,5,1,0,0,1,1,0,0,0,0,1,0,0,0,0,1,1,3,3,2,2,26,1,7,1,60,2,1,2
1945,3.0,2.0,3.0,3.0,2.0,4.0,2.0,5.0,5.0,3.0,3.0,3.0,2.0,2.0,5.0,4.0,5.0,1.0,5.0,1.0,4,5,6,5,7,2,4,6,5,5,1,0,0,1,1,0,0,0,0,1,0,0,0,1,1,1,1,3,1,1,14,1,3,1,10,2,1,2
1946,2.0,2.0,4.0,4.0,3.0,3.0,3.0,2.0,5.0,5.0,3.0,3.0,2.0,3.0,2.0,5.0,4.0,3.0,3.0,4.0,6,2,5,3,5,2,4,4,6,3,1,1,0,1,0,0,0,0,0,1,0,0,0,1,1,1,2,3,2,1,14,1,3,1,10,2,1,3
1947,4.0,2.0,4.0,2.0,3.0,1.0,3.0,2.0,5.0,2.0,2.0,5.0,4.0,3.0,1.0,1.0,2.0,4.0,5.0,1.0,1,7,6,3,5,7,6,6,3,1,1,1,0,1,1,0,0,0,0,1,0,0,1,1,1,1,2,1,1,1,35,1,7,1,60,2,3,3
1948,5.0,3.0,4.0,3.0,4.0,4.0,3.0,5.0,5.0,4.0,3.0,5.0,5.0,2.0,4.0,4.0,1.0,5.0,1.0,3.0,3,2,6,4,4,6,6,1,6,3,1,1,0,1,1,0,0,0,0,1,0,0,0,1,1,1,2,3,2,2,17,1,10,1,10,2,1,5
1949,4.0,4.0,1.0,4.0,4.0,1.0,2.0,2.0,4.0,2.0,1.0,5.0,4.0,2.0,3.0,2.0,2.0,5.0,4.0,1.0,2,1,7,4,6,7,5,7,7,3,1,1,1,1,1,0,1,0,0,1,1,0,1,1,1,1,4,1,1,1,57,1,6,1,60,1,3,2
1950,3.0,2.0,2.0,4.0,2.0,2.0,1.0,1.0,5.0,4.0,1.0,1.0,3.0,3.0,2.0,1.0,2.0,4.0,5.0,1.0,6,5,3,1,7,2,7,4,6,1,1,1,0,1,1,0,0,0,0,1,1,0,0,1,1,1,4,2,1,2,25,1,1,1,60,1,1,3
1951,5.0,4.0,5.0,5.0,4.0,1.0,1.0,4.0,5.0,4.0,1.0,1.0,5.0,4.0,2.0,5.0,1.0,5.0,5.0,1.0,2,5,3,6,5,6,5,5,2,3,1,1,1,1,1,0,0,1,1,1,1,1,1,1,1,1,2,2,1,1,28,1,2,4,60,1,1,2
1952,4.0,5.0,1.0,1.0,5.0,2.0,1.0,5.0,3.0,2.0,1.0,2.0,5.0,1.0,4.0,1.0,1.0,5.0,5.0,4.0,2,7,6,3,6,5,2,3,7,4,1,1,1,1,1,0,0,1,0,1,1,0,1,1,1,1,3,3,2,1,26,1,2,3,60,1,1,4
1953,2.0,2.0,4.0,4.0,2.0,4.0,3.0,3.0,5.0,5.0,3.0,2.0,1.0,3.0,2.0,4.0,1.0,2.0,4.0,1.0,1,1,6,6,6,7,6,5,6,1,1,1,0,1,1,0,0,0,0,1,0,0,1,1,1,1,3,2,2,1,27,1,2,2,0,1,1,4
1954,2.0,3.0,4.0,2.0,3.0,4.0,3.0,2.0,2.0,3.0,1.0,4.0,4.0,1.0,3.0,1.0,3.0,3.0,5.0,3.0,3,6,5,3,5,7,4,5,5,3,1,1,1,1,1,0,1,0,0,1,1,0,1,1,1,1,4,3,1,2,24,1,7,1,60,1,1,1
1955,2.0,4.0,4.0,4.0,3.0,1.0,1.0,4.0,5.0,4.0,3.0,4.0,4.0,1.0,4.0,2.0,5.0,4.0,5.0,1.0,7,1,7,1,5,5,1,0,7,1,1,1,1,1,1,0,1,1,0,1,0,0,1,1,1,1,3,3,1,1,49,1,1,1,30,1,3,3
1956,1.0,1.0,2.0,4.0,4.0,5.0,5.0,3.0,5.0,5.0,1.0,2.0,1.0,3.0,1.0,3.0,4.0,2.0,3.0,2.0,7,4,7,2,7,1,6,1,6,4,1,1,1,1,1,0,1,1,0,1,0,1,1,1,1,1,4,3,1,1,58,1,6,1,60,1,2,3
1957,4.0,4.0,1.0,4.0,5.0,3.0,1.0,5.0,2.0,2.0,1.0,4.0,5.0,2.0,4.0,2.0,1.0,4.0,4.0,5.0,2,6,2,1,7,7,5,5,7,5,1,1,0,1,1,0,0,0,0,1,0,0,1,1,1,1,3,2,1,2,22,1,2,4,60,1,1,3
1958,5.0,5.0,1.0,1.0,4.0,1.0,1.0,4.0,1.0,2.0,1.0,5.0,5.0,2.0,5.0,4.0,1.0,5.0,5.0,5.0,6,5,6,2,7,6,6,2,6,2,1,1,1,1,1,0,1,1,0,1,0,0,1,1,1,1,4,3,1,2,22,1,2,1,60,1,1,2
1959,5.0,4.0,2.0,5.0,5.0,3.0,3.0,4.0,3.0,5.0,3.0,3.0,2.0,1.0,3.0,5.0,1.0,4.0,5.0,5.0,4,6,7,6,6,7,4,1,3,4,1,0,0,1,1,0,0,1,0,1,0,0,0,1,1,1,3,3,2,2,21,1,6,1,30,2,1,4
1960,1.0,1.0,3.0,1.0,5.0,1.0,1.0,5.0,5.0,5.0,1.0,5.0,1.0,1.0,1.0,5.0,1.0,5.0,5.0,1.0,2,6,1,5,3,5,5,5,6,3,1,1,0,1,1,0,0,0,0,1,0,0,1,1,1,1,3,3,1,2,31,1,2,1,60,1,2,2
1961,4.0,2.0,4.0,2.0,2.0,3.0,1.0,3.0,4.0,3.0,1.0,4.0,1.0,1.0,4.0,2.0,1.0,5.0,5.0,3.0,4,6,4,3,3,2,2,6,4,1,1,1,0,1,1,0,0,0,1,1,0,0,1,1,1,1,3,1,1,2,26,1,1,1,60,2,1,3
1962,5.0,5.0,4.0,1.0,5.0,1.0,1.0,5.0,1.0,1.0,1.0,5.0,5.0,1.0,5.0,1.0,1.0,5.0,4.0,4.0,6,1,6,2,6,4,3,2,7,1,1,1,1,1,1,1,0,1,1,1,1,1,1,1,1,1,3,1,1,2,23,1,1,1,60,1,1,2
1963,2.0,5.0,2.0,1.0,5.0,4.0,5.0,5.0,2.0,5.0,1.0,5.0,3.0,2.0,1.0,1.0,1.0,1.0,5.0,4.0,6,7,7,7,7,5,7,5,6,7,1,1,0,1,1,0,0,0,0,1,0,0,0,0,0,1,3,3,2,1,41,1,7,1,30,2,2,9
1964,4.0,3.0,5.0,2.0,5.0,1.0,2.0,3.0,5.0,5.0,1.0,4.0,3.0,1.0,4.0,1.0,5.0,5.0,4.0,4.0,5,6,5,4,7,6,4,2,1,2,0,1,0,1,0,0,0,1,0,0,0,0,0,0,1,1,3,1,1,2,32,1,12,1,60,2,1,2
1965,5.0,5.0,1.0,1.0,5.0,2.0,3.0,5.0,3.0,3.0,2.0,5.0,3.0,1.0,4.0,1.0,3.0,2.0,5.0,5.0,2,7,2,5,6,5,3,5,7,4,0,0,0,0,0,0,0,0,0,0,0,1,0,0,0,1,3,3,1,2,22,1,4,1,60,1,1,2
1966,5.0,5.0,1.0,1.0,4.0,1.0,1.0,5.0,1.0,1.0,1.0,5.0,5.0,1.0,5.0,1.0,1.0,4.0,5.0,5.0,1,2,2,6,6,6,5,3,6,3,1,1,1,1,1,1,0,0,0,1,1,0,1,1,1,1,4,3,1,2,29,1,7,1,60,1,1,2
1967,5.0,5.0,2.0,2.0,5.0,4.0,2.0,3.0,4.0,2.0,1.0,5.0,1.0,2.0,3.0,1.0,3.0,5.0,3.0,5.0,6,7,6,5,4,4,5,1,3,6,1,1,0,1,0,1,0,1,0,1,0,0,1,0,1,1,3,3,1,2,22,1,2,1,60,1,1,2
1968,4.0,4.0,4.0,2.0,4.0,3.0,1.0,2.0,3.0,1.0,2.0,2.0,5.0,1.0,3.0,3.0,2.0,4.0,5.0,4.0,6,7,6,4,7,4,3,4,4,1,1,1,1,1,1,0,0,1,1,1,1,1,0,1,1,1,3,3,1,2,30,1,2,1,60,2,1,2
1969,2.0,2.0,4.0,3.0,2.0,3.0,2.0,3.0,4.0,4.0,3.0,4.0,2.0,3.0,3.0,1.0,3.0,2.0,5.0,2.0,4,6,5,4,6,5,6,3,4,3,0,1,0,1,1,0,0,1,0,1,0,0,0,1,1,1,3,1,1,2,40,1,1,1,60,2,1,7
1970,3.0,4.0,4.0,4.0,5.0,5.0,4.0,2.0,5.0,3.0,2.0,3.0,3.0,2.0,4.0,5.0,3.0,5.0,4.0,2.0,6,5,6,4,6,3,6,3,4,2,1,1,1,1,1,0,1,1,0,1,0,0,0,1,1,1,3,2,2,2,29,1,12,1,60,1,2,2
1971,5.0,5.0,5.0,1.0,5.0,5.0,5.0,5.0,5.0,5.0,5.0,3.0,3.0,1.0,2.0,4.0,5.0,4.0,1.0,1.0,5,5,5,5,7,5,7,5,2,3,1,1,0,1,1,0,0,0,0,1,0,0,0,0,1,1,4,3,2,2,34,1,10,1,20,1,2,3
1972,5.0,5.0,1.0,1.0,5.0,1.0,1.0,5.0,1.0,1.0,1.0,5.0,3.0,1.0,5.0,1.0,1.0,5.0,5.0,5.0,5,7,6,7,7,4,2,2,4,1,1,1,0,1,1,0,0,0,0,1,0,0,1,0,1,1,3,3,1,2,26,1,1,1,10,2,1,1
1973,4.0,2.0,2.0,1.0,4.0,1.0,1.0,2.0,2.0,2.0,1.0,5.0,5.0,1.0,5.0,1.0,1.0,5.0,5.0,4.0,2,5,6,1,5,6,4,2,7,6,1,1,1,1,1,0,0,1,0,1,0,1,1,1,1,1,2,2,1,2,19,1,2,1,20,2,1,2
1974,5.0,3.0,1.0,3.0,5.0,2.0,1.0,2.0,2.0,1.0,1.0,5.0,4.0,2.0,4.0,3.0,1.0,4.0,5.0,5.0,4,5,5,4,6,3,5,3,4,1,1,1,1,1,1,1,0,0,0,1,0,1,1,1,1,1,3,2,2,2,33,3,12,1,70,1,3,2
1975,1.0,1.0,5.0,5.0,1.0,4.0,5.0,1.0,5.0,5.0,2.0,1.0,1.0,5.0,1.0,5.0,3.0,4.0,1.0,1.0,4,1,6,5,1,6,6,7,2,6,1,1,0,1,1,0,0,0,0,1,0,0,1,1,1,1,3,2,1,1,43,1,6,1,60,1,2,3
1976,5.0,5.0,3.0,3.0,5.0,3.0,1.0,1.0,2.0,1.0,1.0,4.0,5.0,1.0,4.0,1.0,1.0,2.0,5.0,4.0,7,6,7,3,7,2,6,1,7,1,1,1,1,1,1,0,0,1,0,1,0,1,1,1,1,1,4,3,1,1,31,1,3,1,70,1,1,1
1977,5.0,5.0,5.0,5.0,5.0,5.0,5.0,5.0,3.0,5.0,4.0,1.0,5.0,5.0,5.0,5.0,3.0,3.0,3.0,1.0,7,7,6,4,7,6,4,1,4,5,1,0,0,1,0,0,0,1,0,1,0,0,0,1,0,1,3,3,1,2,32,2,10,1,60,1,1,2
1978,5.0,2.0,2.0,1.0,5.0,2.0,2.0,1.0,3.0,2.0,1.0,5.0,5.0,1.0,2.0,1.0,1.0,4.0,5.0,1.0,3,5,6,4,5,7,4,1,6,1,1,1,1,1,1,0,0,1,1,1,1,1,0,1,1,1,3,2,1,1,18,1,2,1,60,1,1,0
1979,4.0,5.0,3.0,2.0,4.0,4.0,1.0,4.0,4.0,4.0,2.0,2.0,4.0,1.0,4.0,3.0,4.0,4.0,3.0,4.0,4,6,7,5,6,1,4,1,4,3,1,1,1,1,1,0,1,1,0,1,0,0,1,1,1,1,4,3,1,2,40,1,7,1,60,2,2,2
1980,4.0,1.0,1.0,2.0,3.0,2.0,1.0,4.0,5.0,5.0,2.0,4.0,1.0,1.0,1.0,3.0,1.0,1.0,5.0,1.0,7,7,7,4,7,6,6,1,6,2,1,1,0,1,1,0,0,0,0,1,0,0,1,1,1,1,3,3,1,1,42,1,1,1,30,1,2,4
1981,4.0,5.0,1.0,1.0,5.0,1.0,1.0,1.0,4.0,2.0,1.0,5.0,5.0,1.0,5.0,1.0,5.0,4.0,5.0,5.0,6,7,6,2,7,1,2,5,5,3,1,1,0,1,1,0,0,0,0,1,0,0,1,1,1,1,2,3,1,1,19,1,2,2,60,1,1,2
1982,1.0,1.0,5.0,4.0,1.0,5.0,4.0,3.0,5.0,5.0,2.0,3.0,4.0,3.0,4.0,1.0,4.0,3.0,5.0,1.0,4,1,5,4,7,5,7,5,6,5,1,1,1,1,1,1,1,0,0,1,1,0,1,1,1,1,4,2,1,1,34,1,2,1,60,1,2,3
1983,5.0,5.0,3.0,2.0,4.0,2.0,3.0,5.0,4.0,5.0,1.0,4.0,2.0,1.0,4.0,2.0,3.0,3.0,5.0,4.0,2,4,5,6,3,6,5,3,5,5,1,1,1,0,1,0,1,0,0,1,0,0,1,1,1,1,4,2,1,2,21,1,11,1,10,2,1,0
1984,5.0,5.0,5.0,2.0,3.0,5.0,1.0,2.0,5.0,5.0,2.0,4.0,2.0,2.0,1.0,1.0,5.0,3.0,5.0,3.0,5,5,2,2,7,3,5,5,6,1,0,0,0,0,0,0,0,1,0,1,0,0,1,0,0,1,2,3,1,2,22,1,6,2,10,2,1,2
1985,4.0,5.0,3.0,2.0,3.0,1.0,1.0,2.0,3.0,1.0,1.0,5.0,2.0,1.0,4.0,2.0,1.0,5.0,5.0,1.0,3,6,6,6,5,6,6,2,2,2,0,0,0,0,0,0,0,0,0,1,0,0,0,0,1,1,3,3,2,2,25,3,3,1,10,2,1,3
1986,5.0,5.0,2.0,2.0,5.0,1.0,1.0,4.0,1.0,5.0,1.0,5.0,4.0,1.0,4.0,1.0,5.0,4.0,5.0,3.0,1,7,7,4,6,7,4,1,7,1,1,0,1,1,1,1,1,0,0,1,1,1,0,1,1,1,3,3,1,2,26,1,2,1,60,2,1,2
1987,2.0,4.0,1.0,1.0,4.0,1.0,1.0,5.0,1.0,1.0,2.0,4.0,4.0,1.0,5.0,1.0,2.0,5.0,3.0,3.0,3,3,5,5,5,3,1,4,2,6,1,1,0,1,1,0,1,1,0,1,0,0,1,1,1,1,3,3,1,1,25,1,1,1,10,2,1,1
1988,5.0,5.0,1.0,2.0,5.0,1.0,1.0,4.0,1.0,1.0,1.0,5.0,5.0,2.0,5.0,1.0,1.0,5.0,5.0,4.0,6,2,6,2,7,3,6,1,6,1,1,1,1,1,1,0,0,1,0,1,1,0,1,1,1,1,4,3,1,2,22,1,2,1,60,1,1,2
1989,4.0,1.0,5.0,2.0,1.0,4.0,4.0,2.0,4.0,5.0,2.0,1.0,1.0,2.0,5.0,5.0,1.0,3.0,5.0,3.0,7,2,7,2,5,2,6,1,6,5,1,1,0,1,1,0,0,0,0,1,0,0,1,1,1,1,3,2,2,1,39,1,9,1,60,1,3,4
1990,3.0,4.0,4.0,3.0,3.0,1.0,1.0,1.0,3.0,3.0,1.0,4.0,1.0,1.0,3.0,4.0,1.0,5.0,5.0,1.0,6,6,6,1,4,1,6,1,6,3,1,1,0,1,1,0,0,0,0,1,0,0,0,1,1,1,4,3,1,2,46,1,2,1,60,2,2,2
1991,1.0,5.0,1.0,2.0,4.0,1.0,1.0,1.0,3.0,2.0,1.0,5.0,5.0,2.0,3.0,2.0,3.0,2.0,5.0,2.0,6,6,2,1,7,1,6,4,5,1,1,0,0,1,1,0,0,0,0,1,0,0,0,0,0,1,3,2,1,2,25,1,4,1,60,1,1,3
1992,2.0,4.0,1.0,2.0,3.0,2.0,1.0,4.0,5.0,3.0,2.0,3.0,2.0,1.0,3.0,2.0,2.0,3.0,5.0,2.0,1,6,4,3,6,6,5,3,5,4,1,1,0,1,1,0,0,0,0,1,0,0,1,1,1,1,2,3,1,2,23,1,2,1,60,2,1,2
1993,4.0,5.0,1.0,3.0,5.0,2.0,1.0,2.0,1.0,5.0,1.0,4.0,2.0,1.0,5.0,4.0,1.0,5.0,3.0,4.0,5,2,6,6,5,4,5,3,6,5,0,1,0,1,1,0,0,0,0,1,0,0,0,1,1,1,4,2,1,1,33,1,6,3,30,1,3,5
1994,2.0,2.0,1.0,5.0,5.0,5.0,4.0,3.0,5.0,5.0,1.0,3.0,2.0,4.0,5.0,1.0,3.0,4.0,5.0,1.0,6,5,7,6,7,2,6,3,4,1,1,1,0,1,1,0,0,0,0,1,0,0,1,1,1,0,3,3,1,2,41,1,6,1,30,1,3,4
1995,4.0,5.0,2.0,1.0,4.0,4.0,2.0,2.0,4.0,2.0,2.0,4.0,2.0,1.0,2.0,4.0,2.0,3.0,5.0,4.0,1,7,4,1,5,1,7,4,4,3,1,1,0,1,1,0,0,0,0,1,0,0,0,0,1,1,3,3,2,2,30,1,4,2,70,2,1,1
1996,1.0,1.0,5.0,5.0,1.0,5.0,5.0,3.0,5.0,5.0,1.0,3.0,1.0,3.0,1.0,5.0,4.0,2.0,1.0,1.0,3,2,6,6,7,6,7,1,6,2,1,1,0,1,1,0,0,1,0,1,0,0,1,0,1,1,3,1,1,1,24,1,4,1,60,2,1,1
1997,5.0,3.0,1.0,1.0,5.0,1.0,1.0,5.0,1.0,1.0,1.0,5.0,5.0,1.0,4.0,1.0,1.0,5.0,5.0,4.0,4,4,4,4,4,4,4,4,7,4,1,1,1,1,1,0,0,1,0,0,0,0,1,1,1,1,2,3,1,1,22,1,3,1,70,1,1,2
1998,5.0,5.0,1.0,1.0,5.0,1.0,1.0,5.0,1.0,1.0,1.0,5.0,1.0,1.0,5.0,1.0,5.0,5.0,5.0,5.0,7,2,7,1,6,5,4,1,7,1,1,1,1,1,1,0,1,1,0,1,0,0,1,1,1,1,2,3,1,1,51,1,12,1,30,1,2,7
1999,5.0,4.0,2.0,5.0,3.0,5.0,1.0,1.0,5.0,4.0,1.0,4.0,4.0,2.0,5.0,4.0,2.0,4.0,4.0,5.0,6,5,7,2,6,5,7,1,7,4,1,1,1,1,1,0,0,1,0,1,0,0,1,1,1,1,3,3,2,2,21,1,4,1,60,1,1,2
2000,5.0,2.0,2.0,1.0,5.0,1.0,1.0,5.0,3.0,1.0,1.0,5.0,5.0,1.0,4.0,1.0,1.0,4.0,3.0,5.0,5,5,7,5,6,5,3,1,4,4,1,1,1,1,1,0,1,1,0,1,1,0,1,1,1,1,3,3,1,2,53,1,7,1,70,2,2,1
2001,4.0,4.0,2.0,4.0,5.0,2.0,1.0,5.0,3.0,2.0,1.0,5.0,5.0,1.0,2.0,4.0,1.0,3.0,5.0,4.0,2,5,5,6,6,6,4,3,5,5,1,1,0,1,1,0,0,0,0,1,1,0,1,1,1,1,3,3,1,2,24,2,6,1,60,2,1,2
2002,4.0,4.0,3.0,3.0,4.0,1.0,1.0,4.0,3.0,2.0,1.0,4.0,4.0,2.0,5.0,1.0,1.0,4.0,5.0,3.0,1,6,3,6,4,7,5,1,5,2,1,1,1,1,1,0,1,0,1,1,1,0,1,1,1,1,3,2,1,1,35,1,2,1,60,1,1,3
2003,1.0,1.0,4.0,4.0,4.0,4.0,2.0,4.0,5.0,5.0,3.0,3.0,1.0,1.0,4.0,1.0,1.0,2.0,5.0,3.0,6,7,7,3,7,2,5,2,6,5,1,1,1,1,1,0,1,1,0,1,1,0,1,1,1,1,4,2,1,1,30,1,1,1,60,1,2,2
2004,5.0,2.0,3.0,1.0,4.0,1.0,1.0,1.0,3.0,3.0,1.0,5.0,4.0,1.0,3.0,1.0,3.0,4.0,5.0,2.0,2,7,4,4,7,5,2,5,6,2,1,1,0,1,1,0,0,1,0,1,0,0,1,1,1,1,2,1,2,2,28,1,1,2,70,1,1,2
2005,5.0,5.0,2.0,2.0,5.0,3.0,2.0,5.0,2.0,5.0,1.0,5.0,5.0,2.0,5.0,1.0,2.0,5.0,5.0,2.0,5,2,7,3,5,5,4,1,5,3,1,1,0,1,1,0,0,0,1,1,0,0,1,1,1,1,3,2,2,1,23,1,4,1,70,1,1,4
2006,4.0,5.0,1.0,1.0,2.0,1.0,1.0,3.0,2.0,1.0,1.0,5.0,5.0,2.0,3.0,1.0,1.0,5.0,5.0,1.0,1,4,5,1,1,7,3,1,2,4,1,1,0,1,1,0,0,0,0,1,0,0,0,1,1,1,3,3,2,2,55,1,12,1,70,1,2,3
2007,5.0,5.0,1.0,1.0,5.0,1.0,1.0,5.0,2.0,1.0,1.0,5.0,5.0,1.0,3.0,1.0,1.0,5.0,3.0,1.0,7,7,6,4,7,6,4,1,7,1,1,1,0,1,1,0,0,0,0,1,0,1,1,1,1,1,3,3,1,1,26,1,7,1,70,2,1,2
2008,5.0,4.0,1.0,3.0,3.0,3.0,1.0,3.0,4.0,1.0,1.0,5.0,3.0,1.0,3.0,1.0,5.0,2.0,5.0,4.0,4,7,6,2,7,3,2,1,6,4,0,0,0,0,1,0,0,1,1,1,0,0,0,0,0,0,3,3,1,2,24,1,2,1,60,2,1,2
2009,1.0,4.0,2.0,4.0,4.0,5.0,1.0,2.0,5.0,2.0,4.0,1.0,1.0,2.0,4.0,1.0,2.0,3.0,5.0,4.0,5,6,7,5,2,1,3,1,6,1,1,1,1,1,1,0,0,1,0,1,0,0,1,1,1,1,4,2,1,1,38,1,4,1,60,1,2,1
2010,5.0,5.0,2.0,4.0,5.0,1.0,1.0,1.0,2.0,2.0,1.0,4.0,5.0,1.0,5.0,1.0,1.0,5.0,5.0,5.0,6,5,3,3,7,1,3,5,5,7,1,1,1,1,1,0,0,0,1,1,0,1,1,1,1,1,2,1,2,1,24,1,2,2,60,1,1,4
2011,4.0,1.0,4.0,4.0,5.0,4.0,2.0,5.0,5.0,1.0,2.0,5.0,4.0,1.0,4.0,1.0,2.0,1.0,3.0,5.0,6,2,7,5,7,4,7,1,5,5,1,1,0,1,1,0,0,0,0,1,0,0,1,1,1,1,4,3,1,2,38,1,4,1,30,2,2,8
2012,5.0,4.0,1.0,2.0,4.0,1.0,1.0,5.0,2.0,1.0,1.0,2.0,3.0,1.0,5.0,1.0,4.0,5.0,5.0,4.0,3,5,6,1,6,7,6,4,7,3,1,1,1,1,1,0,1,1,0,1,1,0,1,1,1,1,3,1,1,1,23,1,1,1,60,1,1,1
2013,5.0,5.0,3.0,1.0,5.0,2.0,1.0,1.0,1.0,2.0,1.0,5.0,5.0,1.0,5.0,1.0,1.0,5.0,5.0,4.0,2,4,5,5,6,5,6,5,3,2,0,0,0,0,0,0,0,0,0,0,0,0,0,0,0,0,4,2,1,1,36,1,1,1,60,2,1,2
2014,3.0,1.0,4.0,4.0,1.0,5.0,4.0,1.0,5.0,5.0,1.0,2.0,1.0,4.0,1.0,5.0,3.0,1.0,5.0,1.0,2,5,7,5,7,7,6,2,6,3,1,1,1,1,1,1,0,0,0,1,1,0,1,1,1,1,3,3,2,1,24,1,1,2,60,1,1,2
2015,5.0,4.0,1.0,4.0,2.0,2.0,2.0,2.0,2.0,4.0,1.0,5.0,4.0,1.0,3.0,2.0,4.0,4.0,5.0,3.0,1,4,6,3,6,7,6,2,6,2,1,1,1,1,1,0,0,0,0,1,1,0,1,1,1,1,3,1,1,1,27,1,1,2,60,2,0,3
2016,2.0,2.0,2.0,4.0,4.0,2.0,2.0,2.0,4.0,4.0,3.0,2.0,2.0,2.0,4.0,4.0,4.0,2.0,2.0,2.0,6,2,6,5,6,3,7,2,6,6,1,1,1,1,1,1,0,0,0,1,0,0,1,1,1,1,3,1,2,1,32,1,1,4,60,1,1,3
2017,2.0,2.0,4.0,4.0,1.0,4.0,4.0,1.0,5.0,4.0,2.0,1.0,4.0,2.0,3.0,4.0,2.0,2.0,5.0,1.0,3,6,4,5,7,4,6,4,2,2,1,1,1,1,1,0,0,1,0,1,1,0,1,1,1,1,3,1,1,1,27,1,2,1,60,1,1,2
2018,3.0,5.0,5.0,2.0,4.0,2.0,1.0,4.0,4.0,2.0,1.0,5.0,2.0,2.0,5.0,2.0,2.0,4.0,5.0,5.0,6,6,5,4,7,4,0,5,5,0,1,1,1,1,1,1,0,0,1,1,0,0,1,1,1,1,3,3,1,1,22,1,7,0,60,1,1,2
2019,4.0,2.0,5.0,3.0,3.0,5.0,5.0,4.0,5.0,5.0,4.0,2.0,4.0,4.0,3.0,5.0,1.0,4.0,1.0,1.0,5,5,2,7,4,7,5,5,3,1,1,1,0,1,1,0,0,0,0,1,0,0,1,1,1,1,2,1,1,1,19,2,1,4,60,2,1,2
2020,5.0,1.0,4.0,4.0,5.0,1.0,1.0,5.0,1.0,2.0,2.0,5.0,1.0,1.0,5.0,1.0,3.0,5.0,5.0,3.0,6,3,7,5,7,3,5,2,5,1,1,1,1,1,1,0,0,1,0,1,0,0,1,1,1,1,4,2,2,2,31,1,4,1,70,2,1,2
2021,2.0,2.0,4.0,1.0,5.0,4.0,2.0,5.0,5.0,5.0,2.0,5.0,1.0,1.0,5.0,1.0,1.0,5.0,5.0,1.0,6,6,5,6,7,3,5,6,5,2,1,1,0,1,1,0,0,0,0,1,0,0,1,1,1,1,3,2,2,1,26,1,9,1,60,1,1,4
2022,5.0,4.0,2.0,3.0,4.0,2.0,1.0,4.0,3.0,2.0,2.0,5.0,4.0,3.0,4.0,4.0,2.0,5.0,5.0,2.0,6,1,6,2,7,1,7,1,6,3,1,1,1,1,1,1,0,0,1,1,0,0,1,1,1,1,4,1,1,1,53,1,6,1,60,1,1,2
2023,5.0,2.0,3.0,1.0,5.0,1.0,1.0,5.0,3.0,5.0,1.0,5.0,5.0,1.0,5.0,1.0,4.0,1.0,5.0,1.0,1,7,4,3,7,7,4,5,7,2,1,1,0,1,1,1,1,0,1,1,0,1,1,1,1,1,2,2,1,1,20,1,2,1,70,1,1,1
2024,3.0,4.0,3.0,5.0,4.0,3.0,2.0,5.0,5.0,2.0,1.0,4.0,2.0,1.0,5.0,1.0,3.0,3.0,5.0,3.0,2,6,7,6,7,4,5,2,3,2,1,1,0,1,1,0,0,0,0,1,0,0,1,1,1,1,3,2,2,1,20,1,7,1,60,2,1,2
2025,5.0,5.0,4.0,4.0,4.0,5.0,2.0,3.0,4.0,1.0,3.0,5.0,4.0,1.0,3.0,4.0,1.0,5.0,5.0,3.0,5,7,7,6,7,3,5,6,7,2,1,1,1,1,1,0,1,0,1,1,0,1,1,1,1,1,4,2,1,2,28,1,1,1,50,1,1,4
2026,4.0,4.0,2.0,2.0,4.0,2.0,2.0,4.0,2.0,2.0,2.0,4.0,4.0,1.0,5.0,2.0,2.0,4.0,1.0,3.0,7,4,5,6,6,3,6,5,2,2,1,1,1,1,1,1,1,1,0,1,1,1,1,1,1,1,4,2,1,1,29,1,4,1,10,2,1,3
2027,2.0,1.0,2.0,2.0,4.0,2.0,1.0,4.0,5.0,4.0,1.0,2.0,1.0,1.0,2.0,3.0,2.0,5.0,5.0,2.0,1,7,7,2,5,6,6,3,7,4,1,1,0,1,1,0,0,0,0,1,1,0,1,1,1,1,3,3,1,1,24,1,2,1,60,1,1,2
2028,4.0,5.0,4.0,1.0,5.0,5.0,1.0,2.0,5.0,1.0,1.0,5.0,1.0,1.0,5.0,2.0,1.0,3.0,5.0,5.0,3,1,6,1,7,7,2,2,7,2,1,1,1,1,1,0,1,1,0,1,1,0,1,1,1,1,2,3,1,1,22,1,2,1,60,1,1,4
2029,3.0,4.0,3.0,3.0,4.0,2.0,3.0,2.0,2.0,4.0,2.0,4.0,4.0,2.0,3.0,5.0,4.0,3.0,4.0,2.0,2,3,3,3,6,4,3,6,5,4,1,1,1,1,1,1,0,0,0,1,0,0,1,1,1,1,2,3,1,1,22,2,9,1,0,2,1,4
2030,5.0,5.0,3.0,1.0,5.0,3.0,3.0,5.0,4.0,3.0,2.0,4.0,5.0,3.0,5.0,4.0,3.0,5.0,5.0,1.0,4,5,4,5,6,7,4,4,6,5,1,1,0,1,1,1,0,0,0,1,0,0,0,1,1,1,2,1,1,1,21,1,4,1,60,1,1,1
2031,5.0,5.0,2.0,1.0,5.0,5.0,1.0,5.0,5.0,1.0,1.0,5.0,5.0,1.0,1.0,1.0,1.0,5.0,1.0,4.0,6,5,7,5,6,6,6,1,6,1,1,0,0,1,1,0,0,0,0,1,0,0,0,1,1,1,4,3,2,2,45,1,6,1,30,1,3,8
2032,5.0,4.0,5.0,5.0,4.0,3.0,4.0,4.0,5.0,5.0,1.0,5.0,4.0,5.0,5.0,5.0,4.0,4.0,1.0,1.0,7,7,7,7,7,7,7,1,7,1,1,1,0,1,1,1,0,0,0,1,0,0,1,1,1,1,3,3,1,1,30,1,1,1,30,1,1,5
2033,2.0,2.0,5.0,4.0,4.0,5.0,4.0,2.0,5.0,5.0,2.0,5.0,1.0,2.0,3.0,3.0,2.0,5.0,4.0,4.0,6,7,4,3,6,6,7,2,5,3,1,1,0,1,0,0,0,0,0,1,0,0,0,0,1,1,3,3,2,2,30,1,3,3,10,2,1,2
2034,4.0,1.0,4.0,4.0,4.0,4.0,2.0,1.0,5.0,5.0,3.0,2.0,2.0,4.0,2.0,1.0,4.0,2.0,5.0,1.0,3,2,6,6,3,6,7,2,6,2,1,1,1,1,1,0,0,1,0,1,0,0,1,1,1,1,4,2,2,1,29,1,1,1,60,1,2,4
2035,4.0,5.0,3.0,3.0,1.0,5.0,4.0,3.0,5.0,5.0,2.0,3.0,3.0,1.0,4.0,2.0,1.0,4.0,5.0,1.0,4,4,5,6,7,5,5,3,4,2,1,1,0,1,1,0,0,0,0,1,0,0,1,1,1,1,3,2,1,1,21,1,12,2,60,2,1,3
2036,4.0,4.0,1.0,3.0,5.0,1.0,1.0,4.0,2.0,2.0,1.0,5.0,4.0,3.0,5.0,2.0,1.0,4.0,5.0,1.0,5,5,5,4,5,7,5,1,4,2,1,1,0,1,1,0,0,0,0,0,0,0,1,1,1,1,4,3,1,1,45,1,4,1,10,1,2,3
2037,2.0,2.0,5.0,5.0,3.0,5.0,5.0,1.0,5.0,4.0,2.0,2.0,2.0,2.0,2.0,4.0,2.0,4.0,5.0,1.0,6,6,6,6,7,5,7,6,5,6,0,1,0,0,0,0,0,0,0,1,0,0,0,0,0,0,4,3,2,2,49,1,4,3,10,2,2,6
2038,5.0,5.0,1.0,1.0,5.0,2.0,1.0,4.0,2.0,2.0,1.0,3.0,5.0,2.0,5.0,3.0,3.0,4.0,5.0,4.0,2,4,5,5,6,5,3,5,3,2,1,1,0,1,1,0,0,1,0,1,0,0,1,1,1,1,3,3,2,2,22,2,1,1,10,2,1,3
2039,1.0,1.0,5.0,2.0,3.0,3.0,3.0,1.0,5.0,5.0,2.0,2.0,3.0,1.0,1.0,3.0,3.0,1.0,1.0,3.0,5,5,6,5,5,4,5,4,3,3,1,1,0,1,1,0,0,0,0,1,0,0,0,1,1,1,0,3,2,2,21,1,4,1,60,1,1,1
2040,5.0,5.0,5.0,1.0,5.0,1.0,2.0,5.0,4.0,2.0,2.0,5.0,1.0,1.0,4.0,5.0,1.0,4.0,5.0,4.0,2,6,7,2,6,4,2,3,7,1,1,1,1,1,1,0,0,1,0,1,1,1,1,1,1,1,2,2,1,1,40,1,5,1,50,1,2,3
2041,4.0,4.0,5.0,2.0,5.0,4.0,3.0,3.0,4.0,1.0,2.0,4.0,5.0,4.0,4.0,2.0,1.0,4.0,2.0,1.0,6,5,5,3,6,2,3,2,7,3,1,1,1,1,1,0,0,1,0,1,0,1,1,1,1,1,3,1,1,1,24,1,6,1,60,1,2,4
2042,4.0,5.0,2.0,1.0,4.0,2.0,1.0,5.0,2.0,1.0,1.0,5.0,4.0,2.0,4.0,1.0,5.0,4.0,5.0,2.0,7,5,6,1,6,1,6,2,7,4,1,1,0,1,1,0,0,1,0,1,0,0,0,1,1,1,4,3,1,2,27,1,1,1,60,1,1,3
2043,5.0,5.0,1.0,3.0,5.0,1.0,1.0,5.0,2.0,4.0,2.0,5.0,1.0,1.0,2.0,1.0,4.0,5.0,1.0,3.0,1,6,4,3,5,6,4,5,4,6,1,1,0,1,0,0,0,0,0,1,0,0,0,1,1,1,4,3,1,2,29,1,1,1,60,2,1,3
2044,3.0,3.0,1.0,4.0,2.0,1.0,3.0,4.0,4.0,2.0,2.0,4.0,4.0,2.0,4.0,4.0,3.0,4.0,2.0,5.0,5,5,7,3,6,6,6,2,7,3,1,0,0,1,0,0,0,0,1,1,0,0,0,0,0,0,3,3,1,1,28,3,10,1,10,1,1,2
2045,4.0,1.0,5.0,5.0,5.0,5.0,4.0,4.0,5.0,1.0,2.0,1.0,4.0,1.0,3.0,5.0,1.0,5.0,5.0,1.0,7,5,6,5,7,1,7,5,4,1,1,1,0,1,1,0,0,0,0,1,0,0,1,1,1,1,3,3,1,1,32,2,7,1,70,1,1,3
2046,4.0,5.0,1.0,1.0,5.0,1.0,2.0,5.0,3.0,2.0,1.0,4.0,4.0,1.0,5.0,2.0,1.0,5.0,5.0,4.0,2,7,5,6,6,6,4,5,2,7,1,1,1,1,1,0,0,1,0,1,0,1,1,1,1,1,2,2,1,1,30,1,12,1,60,1,1,0
2047,1.0,5.0,4.0,4.0,1.0,4.0,2.0,2.0,3.0,4.0,1.0,3.0,4.0,2.0,4.0,5.0,2.0,5.0,5.0,1.0,6,5,6,4,7,3,7,5,3,2,1,1,1,1,1,1,0,0,1,1,0,1,1,1,1,1,3,1,2,1,25,1,7,1,60,2,1,3
2048,2.0,2.0,1.0,1.0,5.0,1.0,1.0,1.0,5.0,5.0,1.0,4.0,1.0,3.0,5.0,4.0,1.0,4.0,5.0,5.0,1,5,5,7,2,7,6,6,3,2,1,1,1,1,1,0,0,0,0,1,0,0,1,1,1,1,3,2,1,1,27,1,2,1,60,1,1,2
2049,3.0,4.0,4.0,4.0,2.0,3.0,1.0,3.0,4.0,2.0,2.0,2.0,1.0,2.0,4.0,3.0,2.0,4.0,4.0,1.0,3,6,5,2,5,7,5,4,7,5,1,1,0,1,1,0,0,1,0,1,1,0,1,0,1,1,3,1,1,2,25,1,2,1,60,2,1,2
2050,5.0,4.0,5.0,4.0,4.0,5.0,4.0,4.0,5.0,5.0,5.0,5.0,1.0,1.0,1.0,5.0,2.0,1.0,1.0,1.0,5,1,6,5,5,6,6,1,6,4,1,1,1,1,1,0,1,1,0,1,0,0,1,1,1,1,3,1,1,2,43,1,7,1,30,2,2,13
2051,4.0,4.0,2.0,5.0,4.0,3.0,4.0,4.0,5.0,2.0,1.0,5.0,4.0,3.0,1.0,4.0,1.0,4.0,5.0,4.0,3,1,6,3,7,6,7,2,6,3,1,1,0,1,1,0,0,0,0,1,0,0,0,1,1,1,3,3,1,2,40,1,4,1,10,2,1,4
2052,2.0,5.0,3.0,1.0,4.0,3.0,1.0,4.0,3.0,1.0,1.0,5.0,4.0,2.0,2.0,1.0,2.0,2.0,5.0,2.0,3,5,5,6,7,6,1,2,3,3,1,1,0,1,1,0,0,0,0,1,0,0,1,1,1,1,3,3,1,1,29,1,4,1,10,2,1,2
2053,3.0,2.0,4.0,4.0,3.0,4.0,2.0,2.0,5.0,3.0,2.0,1.0,1.0,3.0,4.0,4.0,1.0,4.0,3.0,1.0,3,4,5,3,6,6,4,3,7,3,1,1,0,1,1,0,0,0,0,1,0,0,1,1,1,1,4,2,1,1,51,1,6,1,10,2,2,2
2054,5.0,1.0,5.0,2.0,2.0,5.0,3.0,4.0,5.0,4.0,1.0,2.0,1.0,1.0,1.0,5.0,1.0,2.0,5.0,5.0,2,7,7,1,6,6,1,1,7,1,1,1,0,1,1,1,0,1,0,1,0,0,1,1,1,1,3,1,1,1,28,1,2,1,60,1,1,3
2055,5.0,5.0,1.0,1.0,5.0,1.0,1.0,4.0,1.0,2.0,1.0,5.0,4.0,1.0,5.0,1.0,4.0,5.0,3.0,4.0,4,6,6,2,3,4,1,2,3,2,1,1,1,1,1,0,0,1,0,1,1,0,1,1,1,1,3,3,1,1,23,1,4,1,60,1,1,2
2056,4.0,3.0,3.0,3.0,4.0,4.0,2.0,4.0,5.0,4.0,1.0,3.0,4.0,1.0,4.0,3.0,2.0,4.0,5.0,2.0,6,5,6,6,7,2,7,2,1,1,1,1,0,1,1,0,0,0,0,1,0,0,0,1,1,1,2,3,2,1,26,1,12,2,70,1,1,2
2057,5.0,2.0,1.0,1.0,5.0,2.0,1.0,5.0,1.0,2.0,2.0,5.0,4.0,1.0,2.0,1.0,1.0,5.0,5.0,3.0,5,7,5,6,6,3,3,5,3,2,1,1,1,1,1,0,1,1,0,1,0,0,0,1,1,1,3,1,2,2,29,1,1,2,60,1,1,2
2058,4.0,4.0,2.0,3.0,5.0,3.0,1.0,4.0,4.0,2.0,1.0,4.0,2.0,1.0,5.0,1.0,2.0,4.0,5.0,2.0,6,7,5,6,3,1,5,6,3,1,1,1,0,1,1,0,1,1,0,1,0,0,1,1,1,1,3,1,1,1,19,1,2,1,60,1,1,2
2059,5.0,4.0,1.0,5.0,2.0,3.0,1.0,1.0,3.0,2.0,1.0,4.0,3.0,1.0,1.0,3.0,3.0,4.0,5.0,1.0,7,2,4,1,7,4,6,5,6,1,1,1,0,1,1,0,0,1,0,1,1,1,0,1,1,1,4,3,2,2,32,1,2,1,60,2,1,1
2060,2.0,3.0,2.0,4.0,2.0,2.0,2.0,2.0,4.0,4.0,2.0,4.0,4.0,3.0,1.0,2.0,2.0,1.0,4.0,1.0,6,4,5,5,5,5,6,3,4,2,1,1,0,1,1,0,0,0,0,1,0,0,1,0,1,1,3,3,1,2,21,1,10,1,20,2,1,3
2061,3.0,2.0,3.0,1.0,4.0,1.0,1.0,4.0,2.0,4.0,2.0,2.0,3.0,2.0,2.0,1.0,2.0,2.0,5.0,1.0,5,4,5,2,5,3,4,5,6,5,1,1,0,1,1,0,0,0,0,1,0,0,1,1,1,1,3,1,1,1,25,1,2,1,70,2,1,3
2062,3.0,4.0,2.0,2.0,3.0,3.0,1.0,2.0,4.0,5.0,1.0,3.0,4.0,3.0,4.0,1.0,1.0,5.0,5.0,2.0,2,3,5,6,7,5,6,6,4,1,1,1,1,1,1,0,0,1,0,1,0,1,1,1,1,1,2,3,2,2,22,1,1,2,60,2,1,2
2063,5.0,4.0,2.0,4.0,5.0,2.0,1.0,5.0,3.0,2.0,1.0,4.0,5.0,2.0,5.0,1.0,4.0,4.0,5.0,4.0,1,6,4,6,5,7,5,5,3,2,0,0,0,1,0,0,0,0,0,1,0,0,0,0,1,1,2,3,1,2,23,1,2,3,60,2,1,5
2064,1.0,3.0,4.0,4.0,1.0,2.0,2.0,1.0,5.0,3.0,2.0,4.0,1.0,2.0,3.0,2.0,4.0,2.0,5.0,1.0,1,1,6,3,6,7,5,3,6,5,1,1,1,1,0,0,0,0,0,0,0,0,1,0,1,1,3,2,1,2,33,1,2,1,60,2,1,2
2065,2.0,3.0,4.0,3.0,2.0,2.0,2.0,3.0,3.0,3.0,4.0,3.0,2.0,5.0,3.0,1.0,3.0,4.0,5.0,3.0,4,3,6,6,5,7,7,2,5,2,1,1,1,1,1,0,1,1,0,1,1,0,1,1,1,1,2,3,2,2,18,1,1,1,70,2,1,2
2066,5.0,5.0,5.0,5.0,5.0,1.0,1.0,5.0,5.0,1.0,1.0,5.0,5.0,1.0,5.0,1.0,1.0,5.0,5.0,5.0,1,6,5,5,6,7,5,7,1,1,1,1,1,1,1,0,0,0,0,1,0,0,1,1,1,1,4,3,1,2,33,1,2,4,70,1,1,2
2067,2.0,4.0,2.0,2.0,4.0,2.0,2.0,5.0,5.0,2.0,2.0,4.0,4.0,1.0,4.0,3.0,1.0,4.0,5.0,1.0,2,5,7,5,6,6,3,2,6,3,1,1,1,1,1,0,1,0,0,1,0,0,1,1,1,1,3,1,2,1,31,1,1,1,60,2,2,4
2068,5.0,4.0,1.0,1.0,5.0,1.0,1.0,1.0,5.0,5.0,1.0,5.0,5.0,1.0,5.0,1.0,1.0,5.0,5.0,5.0,1,6,2,6,7,7,2,6,6,3,1,1,0,1,1,0,0,1,0,0,0,0,1,1,1,1,4,2,1,2,30,1,2,1,60,1,1,2
2069,5.0,4.0,2.0,1.0,4.0,1.0,2.0,4.0,5.0,2.0,1.0,4.0,4.0,1.0,4.0,2.0,2.0,4.0,5.0,1.0,1,6,6,2,3,7,7,5,7,1,1,1,0,1,1,0,0,1,0,1,0,1,1,1,1,1,3,1,3,2,29,3,2,5,60,2,2,3
2070,1.0,4.0,5.0,4.0,4.0,5.0,5.0,4.0,5.0,5.0,2.0,1.0,2.0,4.0,3.0,5.0,5.0,1.0,5.0,1.0,1,1,5,6,5,7,7,3,3,2,1,1,0,1,1,1,0,0,0,1,1,0,1,1,1,1,3,2,2,1,21,1,7,1,60,1,2,2
2071,2.0,2.0,3.0,4.0,4.0,2.0,2.0,2.0,3.0,3.0,4.0,3.0,1.0,3.0,3.0,2.0,1.0,4.0,5.0,1.0,2,5,7,5,7,3,6,1,2,2,1,1,0,1,1,0,0,0,0,1,1,0,0,1,1,1,3,2,2,2,52,1,12,3,60,1,2,3
2072,3.0,1.0,5.0,2.0,1.0,5.0,4.0,3.0,5.0,5.0,2.0,2.0,1.0,2.0,1.0,5.0,4.0,2.0,1.0,1.0,3,2,7,5,5,6,7,3,6,2,1,1,0,1,0,0,0,1,0,1,0,0,0,1,1,1,4,3,2,2,38,1,10,1,70,1,1,3
2073,5.0,5.0,3.0,1.0,5.0,2.0,1.0,4.0,4.0,2.0,3.0,5.0,5.0,1.0,4.0,1.0,1.0,5.0,5.0,2.0,7,7,7,2,7,1,1,7,4,1,1,1,0,1,1,0,0,0,0,1,0,0,1,1,1,1,3,1,1,1,33,1,10,1,60,2,2,1
2074,5.0,1.0,5.0,5.0,1.0,1.0,2.0,2.0,5.0,1.0,1.0,5.0,5.0,2.0,4.0,2.0,4.0,2.0,5.0,1.0,1,5,7,5,7,7,7,5,6,1,1,1,1,1,1,0,1,1,0,1,0,1,1,1,1,1,3,1,2,1,39,1,6,1,60,1,2,2
2075,4.0,2.0,2.0,5.0,2.0,2.0,5.0,2.0,5.0,4.0,1.0,4.0,2.0,2.0,3.0,4.0,2.0,4.0,5.0,3.0,1,3,5,5,6,7,7,1,5,2,1,1,0,1,1,0,0,1,0,1,0,0,1,1,1,1,3,1,2,1,30,1,1,1,60,2,1,3
2076,4.0,5.0,4.0,3.0,4.0,2.0,3.0,5.0,4.0,3.0,3.0,4.0,4.0,2.0,3.0,2.0,2.0,5.0,5.0,4.0,4,5,6,5,6,4,6,3,5,2,1,1,0,1,1,0,0,1,1,1,0,0,1,1,1,1,4,1,2,1,29,1,1,1,60,1,2,7
2077,5.0,5.0,1.0,1.0,5.0,4.0,1.0,4.0,5.0,1.0,1.0,5.0,5.0,1.0,4.0,1.0,1.0,5.0,5.0,5.0,1,5,6,5,7,7,3,2,5,1,1,1,1,1,1,0,0,1,0,1,1,1,1,1,1,1,3,3,2,1,38,1,1,5,60,1,2,2
2078,5.0,5.0,1.0,1.0,5.0,1.0,1.0,2.0,1.0,3.0,1.0,5.0,5.0,3.0,5.0,5.0,2.0,5.0,5.0,5.0,3,3,7,1,7,3,1,1,7,3,1,1,1,1,1,0,0,1,0,1,0,0,1,1,0,1,3,3,1,1,28,1,2,1,10,1,1,2
2079,3.0,3.0,2.0,4.0,2.0,1.0,1.0,5.0,3.0,1.0,2.0,4.0,2.0,2.0,5.0,2.0,3.0,5.0,4.0,1.0,1,4,5,3,5,6,5,2,2,4,1,1,1,1,1,0,1,1,0,1,0,1,1,1,1,1,3,2,2,1,24,1,12,1,70,1,1,4
2080,4.0,4.0,3.0,4.0,5.0,2.0,2.0,4.0,4.0,3.0,1.0,5.0,2.0,2.0,4.0,2.0,2.0,4.0,5.0,2.0,1,2,3,6,7,7,6,5,5,2,1,1,1,1,1,1,0,0,0,1,0,0,1,1,1,1,3,2,2,1,34,1,7,1,60,1,2,2
2081,2.0,2.0,2.0,5.0,2.0,4.0,3.0,2.0,5.0,2.0,4.0,1.0,1.0,4.0,4.0,4.0,2.0,4.0,4.0,1.0,1,1,7,6,6,7,7,2,6,2,1,1,1,1,1,0,1,1,0,1,0,1,1,1,1,1,4,2,2,1,40,1,4,1,60,1,1,2
2082,1.0,3.0,5.0,5.0,3.0,3.0,1.0,1.0,5.0,5.0,3.0,2.0,1.0,5.0,5.0,5.0,5.0,1.0,5.0,1.0,4,5,7,6,2,4,6,6,5,7,1,1,0,1,1,0,0,1,0,1,0,0,1,1,1,1,2,3,2,1,20,2,2,1,60,2,1,2
2083,1.0,4.0,1.0,4.0,1.0,4.0,1.0,3.0,4.0,5.0,2.0,4.0,3.0,1.0,5.0,4.0,1.0,3.0,5.0,1.0,2,1,7,5,7,1,7,5,6,1,1,1,1,1,1,0,1,0,0,1,1,1,1,1,1,1,4,2,2,1,35,2,7,0,60,1,2,2
2084,1.0,2.0,2.0,2.0,4.0,4.0,3.0,4.0,5.0,5.0,1.0,5.0,4.0,2.0,2.0,2.0,2.0,4.0,4.0,4.0,1,5,6,5,5,5,6,2,5,1,1,1,1,1,1,0,0,1,0,1,0,0,1,1,1,1,3,1,2,2,36,3,7,0,60,2,2,3
2085,5.0,4.0,2.0,4.0,4.0,3.0,1.0,2.0,5.0,3.0,2.0,4.0,1.0,2.0,5.0,1.0,2.0,4.0,5.0,1.0,5,6,6,7,7,5,7,3,2,1,1,1,1,1,1,0,0,1,0,1,0,1,1,1,1,1,4,3,2,1,40,1,1,1,60,1,2,1
2086,4.0,3.0,5.0,5.0,4.0,4.0,2.0,1.0,5.0,2.0,1.0,2.0,1.0,4.0,4.0,4.0,3.0,4.0,4.0,1.0,2,2,5,6,3,6,6,6,5,1,1,1,1,1,1,0,0,0,0,1,0,1,1,1,1,1,3,1,2,1,20,1,7,1,60,1,1,3
2087,1.0,2.0,4.0,5.0,3.0,5.0,5.0,1.0,5.0,5.0,5.0,2.0,1.0,5.0,1.0,4.0,3.0,4.0,5.0,1.0,5,5,7,4,7,6,7,5,6,2,1,1,0,1,1,0,0,0,0,1,0,0,1,1,1,1,3,1,2,1,30,1,0,1,60,2,1,4
2088,2.0,2.0,4.0,5.0,1.0,5.0,2.0,1.0,5.0,4.0,5.0,4.0,1.0,4.0,1.0,4.0,2.0,1.0,5.0,2.0,2,1,7,5,6,7,7,1,6,2,1,1,0,1,1,0,0,0,0,1,0,0,1,1,1,1,3,1,2,1,35,1,7,1,60,1,2,2
2089,1.0,3.0,4.0,5.0,2.0,2.0,2.0,1.0,5.0,2.0,3.0,1.0,4.0,2.0,4.0,5.0,1.0,4.0,5.0,1.0,1,1,7,6,7,7,7,2,3,4,1,1,0,1,1,1,1,0,0,1,0,1,0,1,1,1,3,1,2,1,23,1,1,2,60,1,1,2
2090,3.0,2.0,3.0,3.0,3.0,5.0,4.0,2.0,5.0,4.0,2.0,2.0,2.0,3.0,2.0,4.0,2.0,2.0,5.0,1.0,5,3,6,5,5,6,5,4,5,3,1,1,0,1,1,0,0,0,0,1,0,0,0,0,1,1,2,1,1,1,20,1,2,1,60,2,1,5
2091,5.0,5.0,1.0,1.0,5.0,1.0,1.0,5.0,1.0,1.0,1.0,5.0,5.0,1.0,5.0,1.0,1.0,5.0,5.0,5.0,5,7,6,3,6,2,3,3,3,5,0,0,0,0,0,0,0,0,0,0,0,0,0,0,0,0,4,1,1,1,24,1,2,1,60,1,1,2
2092,5.0,3.0,1.0,2.0,5.0,1.0,1.0,3.0,3.0,1.0,1.0,5.0,1.0,1.0,5.0,1.0,1.0,2.0,5.0,2.0,7,4,3,1,6,4,7,2,5,4,1,1,0,1,1,0,0,1,0,1,1,1,1,1,1,1,4,3,2,2,33,1,4,1,70,1,1,2
2093,2.0,4.0,4.0,1.0,4.0,4.0,2.0,4.0,5.0,5.0,2.0,5.0,4.0,2.0,3.0,4.0,2.0,2.0,5.0,1.0,2,5,7,2,5,6,5,2,6,3,1,1,0,1,1,0,1,1,0,1,0,0,1,1,1,1,3,3,1,1,48,1,4,1,70,1,3,4
2094,2.0,2.0,5.0,4.0,4.0,2.0,2.0,1.0,5.0,4.0,1.0,2.0,2.0,2.0,4.0,4.0,5.0,4.0,2.0,1.0,2,1,6,3,7,5,6,3,7,1,1,1,1,1,1,0,0,1,0,1,0,1,1,1,1,1,3,2,2,1,41,1,12,1,60,1,3,2
2095,2.0,2.0,4.0,4.0,2.0,3.0,2.0,2.0,5.0,3.0,1.0,4.0,1.0,2.0,2.0,5.0,2.0,4.0,1.0,1.0,2,1,6,5,6,7,6,3,5,1,1,1,0,1,1,0,0,0,0,1,0,1,1,1,1,1,4,3,2,1,35,1,4,1,60,1,1,1
2096,5.0,1.0,2.0,3.0,2.0,4.0,2.0,3.0,4.0,4.0,1.0,4.0,4.0,2.0,2.0,4.0,5.0,2.0,1.0,5.0,6,5,6,3,7,5,6,2,5,2,1,1,0,1,1,0,0,0,0,1,0,1,1,1,1,1,3,2,1,2,27,1,12,1,60,2,1,3
2097,5.0,4.0,3.0,1.0,4.0,1.0,2.0,4.0,2.0,2.0,1.0,5.0,2.0,3.0,4.0,1.0,1.0,4.0,5.0,2.0,1,2,6,5,4,7,2,2,2,1,1,1,0,1,1,0,0,0,0,1,0,0,1,1,0,1,2,2,2,1,28,1,7,1,60,2,3,3
2098,1.0,2.0,4.0,5.0,5.0,4.0,2.0,1.0,5.0,5.0,3.0,1.0,1.0,3.0,2.0,3.0,2.0,2.0,5.0,1.0,4,5,3,2,6,4,6,2,4,1,1,1,1,1,1,0,1,1,0,1,1,0,1,1,1,1,3,3,2,1,60,1,2,1,60,1,2,2
2099,2.0,4.0,4.0,5.0,2.0,2.0,1.0,2.0,5.0,3.0,3.0,4.0,1.0,4.0,4.0,4.0,2.0,2.0,4.0,1.0,2,1,6,6,6,3,7,5,3,2,1,1,1,1,1,0,1,0,0,1,1,0,1,1,1,1,3,2,2,1,43,1,2,1,70,1,2,2
2100,1.0,1.0,5.0,4.0,5.0,5.0,1.0,1.0,5.0,5.0,1.0,1.0,4.0,1.0,1.0,1.0,1.0,4.0,1.0,1.0,7,1,6,2,6,4,7,5,7,1,1,1,0,1,1,0,0,0,0,1,0,0,1,1,1,1,3,3,1,1,24,1,6,1,50,1,1,3
2101,3.0,3.0,3.0,2.0,5.0,4.0,2.0,4.0,4.0,3.0,1.0,4.0,2.0,1.0,4.0,3.0,2.0,2.0,5.0,4.0,2,4,5,6,6,3,7,6,4,1,1,1,1,1,1,0,1,1,1,1,0,1,1,1,1,1,3,1,2,1,36,1,2,2,60,1,2,1
2102,2.0,2.0,4.0,4.0,4.0,5.0,4.0,1.0,5.0,4.0,2.0,2.0,1.0,4.0,2.0,5.0,4.0,2.0,5.0,2.0,2,5,7,7,5,5,5,1,4,2,1,1,0,1,1,0,1,1,0,1,0,1,1,1,1,1,4,3,2,1,26,1,12,1,60,2,1,1
2103,4.0,4.0,3.0,4.0,5.0,4.0,4.0,5.0,4.0,2.0,1.0,4.0,4.0,1.0,4.0,2.0,4.0,5.0,3.0,5.0,3,7,5,3,5,6,2,3,7,6,0,1,1,1,1,0,1,1,0,1,1,0,0,1,1,1,3,3,1,2,54,2,4,1,60,2,2,2
2104,4.0,3.0,1.0,3.0,4.0,4.0,2.0,1.0,5.0,3.0,2.0,5.0,1.0,4.0,1.0,2.0,2.0,4.0,4.0,3.0,3,5,5,5,6,5,6,5,5,2,1,1,1,1,1,1,0,0,0,1,0,0,1,1,1,1,3,3,2,1,62,1,1,2,60,1,2,3
2105,2.0,2.0,4.0,4.0,2.0,4.0,4.0,4.0,5.0,4.0,2.0,2.0,4.0,4.0,2.0,3.0,5.0,2.0,3.0,2.0,1,3,6,5,6,7,6,2,3,1,1,1,1,1,1,0,1,1,0,1,0,1,1,1,1,1,4,2,2,1,30,3,12,1,60,1,3,4
2106,1.0,1.0,5.0,3.0,2.0,5.0,5.0,1.0,5.0,5.0,1.0,5.0,1.0,4.0,1.0,4.0,2.0,2.0,4.0,1.0,1,3,7,2,6,7,7,1,7,5,1,1,1,1,1,0,0,0,0,1,0,0,0,1,1,1,3,1,2,2,47,1,1,1,60,2,1,4
2107,4.0,4.0,5.0,4.0,4.0,5.0,5.0,2.0,5.0,4.0,1.0,5.0,1.0,2.0,1.0,5.0,3.0,1.0,5.0,1.0,1,1,7,3,7,7,7,2,6,2,1,1,1,1,1,0,0,0,0,1,0,0,1,1,1,1,3,2,1,2,24,1,2,3,10,2,1,2
2108,5.0,5.0,3.0,4.0,5.0,1.0,1.0,5.0,3.0,5.0,1.0,5.0,2.0,1.0,4.0,3.0,1.0,5.0,1.0,4.0,6,7,3,5,7,6,2,6,3,1,1,1,0,1,1,0,0,0,0,1,0,0,0,0,1,1,3,3,2,2,24,1,10,1,20,1,1,5
2109,1.0,1.0,1.0,5.0,4.0,5.0,5.0,2.0,5.0,5.0,1.0,4.0,1.0,4.0,1.0,2.0,2.0,3.0,3.0,1.0,2,3,7,5,7,7,7,3,5,1,0,1,0,1,1,0,0,0,0,0,0,0,0,1,1,1,3,3,2,2,42,1,7,1,60,2,3,2
2110,3.0,3.0,4.0,5.0,4.0,3.0,2.0,2.0,4.0,4.0,3.0,4.0,3.0,3.0,2.0,3.0,2.0,4.0,5.0,2.0,7,3,6,5,6,4,6,3,5,4,1,1,0,1,1,0,0,0,0,1,0,0,1,1,1,1,2,2,1,1,21,1,1,1,70,1,1,2
2111,2.0,4.0,4.0,2.0,5.0,2.0,5.0,5.0,5.0,4.0,1.0,5.0,5.0,2.0,5.0,2.0,1.0,1.0,5.0,1.0,1,5,7,5,7,5,6,2,6,1,1,1,1,1,1,0,0,0,0,1,0,1,1,1,1,1,3,3,2,1,33,1,7,1,60,1,2,3
2112,5.0,5.0,4.0,4.0,5.0,1.0,2.0,5.0,4.0,4.0,1.0,5.0,5.0,1.0,4.0,2.0,1.0,4.0,2.0,2.0,5,5,6,7,0,4,5,5,2,3,1,1,0,1,1,0,0,0,0,1,0,0,0,0,1,1,4,2,1,2,31,1,10,5,10,2,1,2
2113,1.0,1.0,3.0,4.0,2.0,2.0,5.0,2.0,5.0,4.0,2.0,1.0,4.0,2.0,2.0,1.0,4.0,4.0,5.0,4.0,2,5,6,5,5,7,7,1,6,2,1,1,0,1,1,0,0,0,0,1,0,0,1,1,1,1,0,1,2,1,27,1,1,1,60,1,1,3
2114,1.0,2.0,2.0,2.0,4.0,3.0,2.0,1.0,5.0,4.0,1.0,4.0,4.0,1.0,1.0,2.0,3.0,5.0,4.0,2.0,1,5,5,6,3,6,5,5,6,5,1,0,0,0,1,0,0,0,0,1,0,0,0,1,1,1,3,2,2,1,32,1,6,1,60,2,2,3
2115,1.0,2.0,4.0,2.0,4.0,4.0,4.0,4.0,5.0,4.0,2.0,5.0,4.0,2.0,4.0,4.0,1.0,5.0,5.0,3.0,2,7,4,3,6,7,2,1,5,1,1,1,0,1,1,1,1,1,0,1,0,1,1,1,1,1,4,2,2,2,25,0,12,5,60,2,1,2
2116,2.0,4.0,5.0,4.0,4.0,5.0,5.0,2.0,5.0,4.0,2.0,1.0,5.0,1.0,4.0,5.0,4.0,3.0,5.0,1.0,2,5,7,5,7,7,7,5,4,1,1,1,0,1,1,0,0,0,0,1,0,0,0,1,1,1,3,2,2,1,24,1,12,1,70,2,1,1
2117,5.0,4.0,3.0,1.0,4.0,1.0,1.0,5.0,3.0,2.0,1.0,5.0,5.0,2.0,4.0,2.0,1.0,3.0,5.0,4.0,6,7,2,4,6,1,6,3,3,1,1,1,1,1,1,0,0,0,0,1,0,0,1,1,1,1,2,3,2,1,28,1,12,2,60,1,2,2
2118,3.0,3.0,5.0,1.0,2.0,5.0,5.0,2.0,5.0,5.0,1.0,5.0,1.0,2.0,3.0,3.0,5.0,1.0,1.0,1.0,0,0,0,0,0,0,0,0,0,0,1,1,1,1,1,0,1,1,0,1,0,1,1,1,0,1,3,2,2,1,60,1,7,1,60,2,2,6
2119,5.0,1.0,2.0,2.0,5.0,1.0,5.0,5.0,3.0,2.0,1.0,5.0,3.0,3.0,4.0,3.0,1.0,5.0,5.0,4.0,6,5,7,5,7,7,4,2,7,1,1,1,0,1,1,0,0,0,0,1,0,0,0,1,1,1,4,3,1,2,22,1,0,1,10,2,1,3
2120,5.0,4.0,1.0,1.0,5.0,1.0,1.0,4.0,2.0,2.0,1.0,5.0,5.0,1.0,2.0,1.0,3.0,5.0,1.0,4.0,2,4,1,1,5,7,2,1,6,3,0,0,0,0,0,0,0,0,0,0,0,0,0,0,0,0,4,1,1,2,20,1,2,3,60,2,1,3
2121,1.0,1.0,1.0,5.0,1.0,4.0,1.0,1.0,5.0,5.0,1.0,1.0,1.0,1.0,1.0,2.0,1.0,2.0,3.0,1.0,1,3,5,2,7,5,7,2,5,5,1,1,1,1,1,0,0,1,0,1,0,1,1,1,1,1,3,2,1,1,46,1,9,1,60,1,3,2
2122,4.0,4.0,4.0,3.0,5.0,1.0,1.0,4.0,4.0,3.0,1.0,4.0,3.0,1.0,4.0,1.0,2.0,4.0,5.0,2.0,2,5,6,5,7,7,5,5,7,2,1,1,1,1,1,0,1,1,0,1,0,0,1,1,1,1,3,2,1,1,25,1,1,1,10,2,1,2
2123,1.0,1.0,4.0,5.0,2.0,4.0,4.0,1.0,5.0,5.0,2.0,2.0,1.0,5.0,2.0,4.0,5.0,1.0,4.0,1.0,2,1,7,3,7,6,6,3,7,1,1,1,0,1,1,0,0,0,0,1,0,0,1,1,1,1,3,2,2,1,40,1,5,3,60,2,2,5
2124,5.0,4.0,1.0,5.0,4.0,4.0,1.0,5.0,4.0,1.0,1.0,5.0,5.0,1.0,4.0,2.0,5.0,4.0,4.0,4.0,3,7,6,7,3,2,5,3,2,4,1,1,0,1,1,0,0,1,0,1,0,0,1,1,1,1,4,2,1,2,26,1,1,1,60,1,1,3
2125,5.0,5.0,1.0,2.0,5.0,1.0,1.0,5.0,5.0,4.0,2.0,5.0,1.0,1.0,4.0,1.0,2.0,4.0,5.0,1.0,3,6,6,2,7,5,5,5,5,2,1,1,0,1,1,1,0,1,0,1,0,1,1,1,1,1,2,1,1,2,21,1,7,2,60,1,1,2
2126,1.0,2.0,5.0,4.0,2.0,5.0,5.0,2.0,5.0,2.0,1.0,2.0,1.0,1.0,3.0,5.0,2.0,4.0,2.0,1.0,3,3,6,5,6,4,7,4,4,1,1,1,0,1,1,0,0,0,0,1,0,0,1,1,1,1,3,2,2,1,38,1,1,1,0,1,1,1
2127,2.0,4.0,5.0,2.0,4.0,3.0,4.0,2.0,5.0,2.0,1.0,4.0,1.0,4.0,1.0,4.0,5.0,2.0,5.0,1.0,5,5,5,6,3,6,4,6,3,3,1,1,0,1,1,0,1,0,0,1,0,1,1,1,1,1,4,3,2,1,35,1,6,1,10,2,1,4
2128,1.0,1.0,5.0,5.0,1.0,4.0,2.0,1.0,5.0,5.0,2.0,1.0,1.0,3.0,1.0,5.0,1.0,3.0,5.0,1.0,2,5,6,4,5,6,7,5,5,1,1,1,0,1,1,0,0,0,0,1,0,0,1,1,1,1,2,1,2,1,26,1,12,2,60,1,1,3
2129,4.0,4.0,5.0,5.0,5.0,4.0,2.0,1.0,5.0,5.0,4.0,5.0,2.0,5.0,5.0,2.0,1.0,2.0,5.0,5.0,1,1,6,5,5,7,6,1,5,1,1,1,1,1,1,0,0,1,0,1,0,0,0,1,1,1,4,2,2,1,54,2,7,1,60,1,2,3
2130,5.0,4.0,1.0,1.0,5.0,1.0,1.0,4.0,3.0,1.0,1.0,5.0,1.0,1.0,1.0,1.0,1.0,5.0,5.0,1.0,5,7,7,1,7,6,2,1,7,1,1,1,1,1,1,0,0,1,0,1,0,0,1,1,1,1,4,3,1,2,29,1,1,1,60,1,1,2
2131,1.0,1.0,3.0,2.0,2.0,1.0,1.0,4.0,5.0,2.0,1.0,5.0,3.0,1.0,3.0,1.0,1.0,3.0,5.0,4.0,6,1,5,1,7,2,6,4,4,3,1,1,0,1,1,0,0,1,0,1,0,0,1,1,1,1,4,2,1,1,31,1,2,1,60,1,3,5
2132,1.0,3.0,5.0,5.0,1.0,4.0,4.0,1.0,5.0,5.0,5.0,1.0,1.0,5.0,1.0,5.0,5.0,1.0,5.0,1.0,7,2,6,1,7,1,6,6,6,1,1,1,0,1,1,0,0,1,0,1,1,0,0,1,1,1,4,1,2,2,35,1,7,1,60,1,1,2
2133,5.0,5.0,5.0,4.0,4.0,2.0,2.0,4.0,5.0,4.0,2.0,4.0,1.0,2.0,2.0,2.0,1.0,3.0,4.0,5.0,1,1,6,3,6,7,7,5,6,5,1,1,0,1,1,0,0,0,0,1,0,0,1,1,1,1,4,2,1,2,26,1,8,1,10,1,1,2
2134,4.0,4.0,1.0,2.0,4.0,3.0,1.0,3.0,3.0,2.0,1.0,5.0,3.0,1.0,4.0,4.0,1.0,3.0,5.0,1.0,6,6,7,5,6,3,1,4,2,1,1,1,0,1,1,0,0,0,0,1,0,0,1,1,1,1,3,3,1,1,23,1,1,3,60,1,1,2
2135,4.0,4.0,2.0,2.0,4.0,2.0,2.0,2.0,5.0,3.0,1.0,4.0,3.0,2.0,4.0,2.0,3.0,1.0,5.0,3.0,2,6,7,4,7,4,7,1,7,1,1,1,1,1,1,0,1,1,0,1,1,1,1,1,1,1,3,2,2,1,46,1,4,1,60,1,2,3
2136,4.0,4.0,4.0,2.0,4.0,2.0,2.0,4.0,5.0,2.0,2.0,4.0,2.0,1.0,5.0,1.0,1.0,4.0,5.0,1.0,3,5,6,5,6,5,5,2,6,2,1,1,1,1,1,0,0,0,0,1,0,0,1,1,1,1,4,2,2,1,24,1,2,1,60,1,1,1
2137,2.0,4.0,4.0,3.0,2.0,4.0,2.0,2.0,5.0,2.0,1.0,4.0,1.0,3.0,2.0,1.0,3.0,4.0,1.0,2.0,5,3,5,5,5,6,6,3,7,2,1,1,0,1,1,0,0,1,0,1,0,0,1,1,1,1,3,1,2,2,35,3,4,1,60,2,1,3
2138,2.0,4.0,5.0,2.0,3.0,2.0,2.0,3.0,5.0,4.0,1.0,3.0,1.0,1.0,4.0,2.0,1.0,4.0,5.0,3.0,1,5,5,5,3,3,5,1,7,2,1,1,0,1,1,0,0,0,0,0,0,0,1,1,1,1,3,1,2,1,25,1,2,2,60,2,1,2
2139,2.0,4.0,4.0,4.0,1.0,4.0,2.0,1.0,5.0,4.0,2.0,4.0,2.0,4.0,3.0,2.0,2.0,4.0,4.0,1.0,1,2,6,7,6,7,6,5,2,2,1,1,1,1,1,0,1,1,0,1,1,0,1,1,1,1,3,2,1,1,66,2,12,2,60,0,3,0
2140,2.0,1.0,5.0,4.0,4.0,5.0,5.0,2.0,5.0,5.0,2.0,4.0,4.0,1.0,3.0,4.0,2.0,1.0,5.0,1.0,3,1,7,3,7,7,7,3,7,3,1,1,0,1,1,0,0,0,0,1,0,0,1,1,1,1,2,1,2,1,26,1,1,1,60,1,1,1
2141,3.0,4.0,2.0,1.0,5.0,1.0,1.0,5.0,3.0,3.0,1.0,4.0,3.0,1.0,3.0,1.0,2.0,5.0,5.0,3.0,2,6,5,2,5,5,2,3,4,2,1,1,0,1,1,0,0,1,0,1,0,0,0,1,1,1,2,3,2,2,19,1,1,2,60,2,1,1
2142,5.0,5.0,1.0,1.0,5.0,1.0,1.0,5.0,4.0,2.0,5.0,5.0,5.0,1.0,5.0,1.0,1.0,4.0,5.0,5.0,2,1,7,1,6,7,2,1,6,1,1,0,1,1,1,0,1,1,0,1,1,0,1,1,1,1,1,2,2,2,15,2,7,1,60,2,1,2
2143,5.0,5.0,1.0,4.0,5.0,1.0,1.0,2.0,1.0,1.0,1.0,5.0,1.0,2.0,5.0,1.0,1.0,5.0,5.0,5.0,6,6,6,6,6,6,5,1,6,1,1,1,0,1,1,0,0,1,0,1,0,0,1,1,1,1,3,3,1,2,22,1,7,1,60,1,1,1
2144,5.0,5.0,1.0,1.0,5.0,1.0,1.0,5.0,1.0,5.0,1.0,5.0,5.0,1.0,1.0,1.0,1.0,5.0,5.0,4.0,5,5,7,1,2,2,1,1,2,1,1,1,0,1,1,0,0,1,0,1,1,0,1,1,1,1,4,3,1,2,31,3,2,1,60,1,1,1
2145,4.0,5.0,2.0,1.0,5.0,1.0,2.0,5.0,2.0,2.0,2.0,5.0,5.0,1.0,5.0,5.0,1.0,4.0,4.0,3.0,1,5,5,3,5,7,5,5,5,1,0,0,0,1,0,0,0,0,0,0,0,0,0,0,0,0,1,2,1,2,18,3,2,1,60,2,1,2
2146,5.0,4.0,2.0,1.0,5.0,2.0,2.0,5.0,4.0,1.0,1.0,5.0,5.0,1.0,4.0,4.0,1.0,5.0,5.0,5.0,5,5,7,2,7,7,5,1,7,5,1,1,1,1,1,1,1,1,1,1,1,1,1,1,1,1,4,1,2,1,36,3,1,1,60,1,2,2
2147,5.0,4.0,4.0,2.0,4.0,1.0,1.0,2.0,4.0,3.0,2.0,4.0,1.0,2.0,4.0,1.0,4.0,4.0,5.0,5.0,1,3,7,3,6,4,7,2,5,2,1,1,0,1,1,0,0,1,0,0,1,0,1,0,1,1,2,1,1,2,39,1,12,1,60,1,1,3
2148,3.0,3.0,4.0,3.0,4.0,3.0,1.0,1.0,5.0,3.0,3.0,4.0,1.0,3.0,1.0,2.0,1.0,1.0,5.0,1.0,2,6,5,5,6,6,6,2,1,2,1,1,0,1,1,0,0,1,0,1,0,0,0,1,1,1,2,3,1,2,19,1,1,1,60,2,1,2
2149,3.0,1.0,4.0,5.0,1.0,4.0,5.0,1.0,5.0,4.0,4.0,2.0,2.0,2.0,3.0,4.0,2.0,1.0,5.0,1.0,7,1,6,2,7,3,7,1,6,1,1,1,0,1,1,1,1,1,0,1,0,0,1,1,1,1,3,1,1,1,32,1,2,1,60,1,1,2
2150,1.0,4.0,3.0,5.0,1.0,3.0,2.0,3.0,5.0,4.0,2.0,1.0,2.0,2.0,3.0,2.0,1.0,3.0,4.0,2.0,2,3,3,1,6,7,4,5,7,1,1,1,0,1,1,0,0,1,0,1,0,1,1,1,1,1,4,2,1,1,26,1,2,1,60,2,1,3
2151,4.0,4.0,5.0,4.0,4.0,1.0,1.0,5.0,4.0,4.0,1.0,3.0,5.0,1.0,5.0,1.0,2.0,4.0,5.0,1.0,3,2,6,6,5,5,6,1,5,2,1,1,0,1,1,0,0,0,0,1,0,0,1,1,1,1,1,3,2,1,15,1,2,1,10,2,1,3
2152,1.0,2.0,4.0,2.0,4.0,4.0,2.0,2.0,4.0,4.0,2.0,3.0,2.0,2.0,3.0,4.0,2.0,4.0,4.0,1.0,6,6,5,3,7,3,3,5,6,1,1,1,1,1,1,1,0,0,1,1,1,0,1,1,1,1,3,3,1,1,36,2,2,1,60,1,1,4
2153,1.0,4.0,4.0,5.0,2.0,3.0,4.0,1.0,4.0,4.0,2.0,3.0,1.0,2.0,2.0,4.0,1.0,3.0,2.0,1.0,3,5,5,6,4,7,4,3,3,6,1,1,1,1,1,0,0,1,0,1,0,0,1,1,1,1,3,3,1,2,41,1,4,1,70,1,1,3
2154,5.0,5.0,1.0,1.0,5.0,1.0,1.0,5.0,1.0,1.0,1.0,5.0,5.0,1.0,5.0,1.0,5.0,5.0,5.0,5.0,1,6,4,6,6,7,5,6,1,2,0,0,0,1,0,0,0,0,0,1,0,0,0,0,1,1,2,3,1,2,23,1,2,3,60,2,1,5
2155,5.0,4.0,4.0,4.0,1.0,5.0,2.0,2.0,5.0,5.0,2.0,4.0,2.0,3.0,2.0,4.0,5.0,3.0,5.0,2.0,6,3,6,5,3,1,6,2,5,2,1,1,1,1,1,0,0,1,0,1,0,0,1,1,1,1,4,3,1,2,34,1,4,3,70,1,1,3
2156,5.0,1.0,4.0,1.0,5.0,4.0,5.0,1.0,5.0,5.0,1.0,5.0,5.0,5.0,3.0,1.0,5.0,1.0,5.0,3.0,1,5,7,6,7,7,7,1,7,1,1,1,0,1,1,1,1,1,0,1,0,0,1,1,1,1,3,1,2,2,24,1,7,1,70,1,1,1
2157,4.0,1.0,3.0,4.0,3.0,3.0,2.0,1.0,5.0,5.0,2.0,4.0,4.0,1.0,3.0,3.0,3.0,5.0,5.0,1.0,6,1,3,2,7,4,6,6,7,1,1,1,0,1,1,0,0,0,0,1,1,0,1,1,1,1,2,3,2,1,19,1,1,1,60,2,1,2
2158,1.0,5.0,5.0,2.0,5.0,2.0,1.0,1.0,5.0,5.0,2.0,5.0,1.0,2.0,4.0,5.0,1.0,1.0,5.0,1.0,1,7,6,7,2,7,7,1,5,7,1,1,0,1,1,0,0,0,0,1,0,0,1,1,1,1,3,2,2,1,33,1,1,3,70,1,1,3
2159,1.0,1.0,4.0,5.0,1.0,5.0,3.0,1.0,5.0,5.0,2.0,1.0,1.0,2.0,1.0,4.0,3.0,2.0,5.0,3.0,5,5,6,2,6,6,7,3,6,5,1,1,0,1,1,0,0,1,0,1,0,1,0,1,1,1,3,2,2,1,21,1,4,1,70,1,1,8
2160,3.0,3.0,4.0,1.0,3.0,4.0,3.0,2.0,5.0,3.0,2.0,3.0,2.0,1.0,3.0,4.0,3.0,2.0,4.0,1.0,3,4,4,6,5,5,6,1,4,2,1,0,0,1,0,0,0,0,0,1,0,0,0,0,1,1,3,3,2,2,22,1,1,1,60,1,1,2
2161,5.0,1.0,4.0,4.0,1.0,4.0,4.0,3.0,4.0,5.0,4.0,1.0,1.0,5.0,3.0,4.0,1.0,1.0,1.0,2.0,6,5,6,3,7,2,5,2,3,2,1,1,0,1,0,0,0,0,0,1,0,0,0,0,0,1,3,1,2,2,20,1,10,1,10,1,1,3
2162,4.0,5.0,1.0,2.0,5.0,2.0,2.0,4.0,2.0,2.0,2.0,3.0,1.0,1.0,2.0,2.0,1.0,4.0,5.0,1.0,5,5,3,5,7,1,6,7,3,2,1,1,0,1,1,0,0,1,0,1,0,0,1,1,1,1,3,2,2,1,48,1,2,1,60,1,3,5
2163,4.0,5.0,4.0,1.0,4.0,1.0,4.0,5.0,1.0,1.0,1.0,5.0,5.0,2.0,5.0,1.0,3.0,5.0,5.0,4.0,6,5,6,2,7,3,6,6,7,1,1,1,1,1,1,0,0,1,0,1,0,0,1,1,1,1,3,3,1,2,22,1,4,2,10,2,1,3
2164,1.0,1.0,4.0,4.0,4.0,2.0,4.0,2.0,5.0,4.0,1.0,2.0,1.0,4.0,1.0,2.0,4.0,2.0,5.0,1.0,4,5,6,5,6,4,6,5,6,2,1,1,0,1,1,0,0,0,0,1,0,0,1,1,1,1,3,2,1,1,26,2,12,1,60,1,1,3
2165,1.0,1.0,4.0,4.0,2.0,2.0,4.0,1.0,5.0,2.0,1.0,4.0,1.0,1.0,2.0,2.0,1.0,1.0,1.0,1.0,6,6,7,5,6,2,6,2,2,2,1,1,0,1,1,0,0,0,0,1,0,0,0,1,1,1,3,2,1,1,44,1,4,1,60,1,2,4
2166,4.0,4.0,4.0,4.0,2.0,3.0,2.0,4.0,3.0,2.0,1.0,2.0,4.0,2.0,5.0,1.0,2.0,2.0,5.0,1.0,3,1,7,6,3,6,6,1,7,6,1,1,0,1,1,0,0,0,0,1,0,0,1,1,1,1,3,2,2,1,29,1,6,1,60,1,2,1
2167,1.0,2.0,2.0,3.0,3.0,5.0,4.0,2.0,5.0,5.0,4.0,5.0,2.0,4.0,2.0,5.0,2.0,1.0,4.0,1.0,6,1,7,5,6,7,7,4,5,1,1,1,1,1,1,1,0,1,1,1,0,1,1,1,1,1,3,3,2,1,38,1,4,1,60,2,1,2
2168,5.0,4.0,3.0,3.0,5.0,1.0,1.0,2.0,3.0,2.0,1.0,5.0,1.0,1.0,3.0,5.0,1.0,1.0,5.0,5.0,5,6,3,2,7,5,4,6,6,3,1,1,1,1,1,0,0,0,0,1,0,0,1,1,1,1,3,2,1,2,30,2,1,2,70,1,1,1
2169,5.0,5.0,1.0,2.0,5.0,1.0,1.0,4.0,1.0,1.0,1.0,5.0,4.0,1.0,5.0,1.0,1.0,5.0,5.0,5.0,6,2,6,4,7,2,6,2,6,1,1,1,1,1,1,1,1,1,0,1,1,1,1,1,1,1,4,1,1,1,56,1,2,1,60,1,3,3
2170,2.0,3.0,1.0,3.0,4.0,3.0,1.0,1.0,5.0,5.0,1.0,2.0,4.0,1.0,3.0,4.0,1.0,5.0,5.0,1.0,1,3,6,4,7,7,7,1,6,3,1,1,1,1,1,0,0,0,0,1,0,0,1,1,1,1,2,1,2,1,29,1,1,1,60,1,3,3
2171,2.0,2.0,5.0,4.0,4.0,4.0,4.0,1.0,5.0,5.0,1.0,4.0,2.0,2.0,4.0,2.0,2.0,4.0,5.0,1.0,1,5,6,3,7,6,7,1,3,6,1,1,1,1,1,0,0,0,0,1,0,0,1,1,1,1,3,2,2,1,45,1,2,2,60,1,2,6
2172,2.0,3.0,5.0,5.0,4.0,4.0,3.0,3.0,4.0,5.0,2.0,3.0,2.0,4.0,3.0,4.0,2.0,3.0,4.0,1.0,2,5,5,6,7,4,5,7,3,7,1,1,0,1,1,0,0,0,0,1,0,0,0,1,1,1,4,1,2,1,33,1,6,1,60,1,2,2
2173,2.0,4.0,3.0,5.0,4.0,2.0,2.0,2.0,5.0,4.0,1.0,3.0,1.0,3.0,2.0,2.0,2.0,4.0,4.0,1.0,5,3,6,7,5,5,6,5,5,2,1,1,1,1,1,0,0,1,0,1,1,0,1,1,1,1,3,1,2,1,46,1,6,1,60,1,1,3
2174,2.0,1.0,4.0,4.0,4.0,3.0,2.0,4.0,5.0,4.0,2.0,4.0,2.0,2.0,1.0,4.0,2.0,1.0,5.0,2.0,2,1,5,6,7,7,7,3,3,1,1,1,1,1,1,0,1,1,0,1,1,0,1,1,1,1,2,1,2,2,38,1,12,1,60,1,0,3
2175,5.0,4.0,2.0,2.0,5.0,1.0,2.0,4.0,5.0,4.0,2.0,3.0,2.0,1.0,5.0,1.0,1.0,4.0,5.0,2.0,1,2,6,5,6,7,5,3,3,3,1,1,0,1,1,0,0,0,0,1,0,0,1,1,1,1,4,2,2,1,29,1,2,1,60,1,1,2
2176,4.0,2.0,2.0,1.0,5.0,2.0,2.0,4.0,2.0,2.0,1.0,5.0,4.0,1.0,4.0,3.0,5.0,2.0,4.0,4.0,5,3,6,1,7,6,7,1,6,5,0,0,0,0,0,0,0,0,0,1,0,0,0,1,0,1,3,2,1,2,46,1,6,2,70,1,2,4
2177,5.0,5.0,1.0,2.0,5.0,1.0,1.0,5.0,1.0,1.0,1.0,5.0,5.0,1.0,5.0,1.0,1.0,5.0,5.0,5.0,2,1,7,1,7,7,7,1,7,1,1,1,1,1,1,0,1,1,0,1,1,0,1,1,1,1,3,2,1,1,51,1,2,1,30,1,3,3
2178,5.0,4.0,1.0,1.0,3.0,1.0,1.0,5.0,4.0,2.0,1.0,2.0,4.0,1.0,4.0,1.0,4.0,4.0,5.0,1.0,5,6,6,6,7,5,5,6,3,1,1,1,1,1,1,0,1,1,0,1,0,1,1,1,1,1,3,2,1,1,20,1,2,1,60,1,1,5
2179,2.0,4.0,2.0,2.0,2.0,1.0,2.0,2.0,2.0,2.0,4.0,2.0,4.0,2.0,4.0,4.0,2.0,2.0,1.0,1.0,6,6,2,6,5,3,5,6,1,5,1,1,0,1,1,0,0,0,0,1,0,0,0,1,1,1,3,2,2,1,37,1,7,1,60,1,2,3
2180,4.0,4.0,2.0,3.0,2.0,1.0,1.0,3.0,4.0,2.0,2.0,5.0,1.0,2.0,3.0,2.0,2.0,4.0,5.0,1.0,2,3,4,4,5,6,6,4,4,4,1,1,1,1,1,0,1,1,0,1,1,0,1,1,1,1,4,3,1,1,28,1,1,1,10,1,1,2
2181,4.0,4.0,4.0,3.0,3.0,1.0,1.0,1.0,2.0,2.0,1.0,4.0,3.0,3.0,4.0,1.0,2.0,4.0,5.0,2.0,4,3,5,3,6,1,6,3,4,1,1,1,1,1,1,0,1,1,0,1,1,1,1,1,1,1,3,1,2,1,40,1,2,2,70,1,2,3
2182,4.0,4.0,4.0,3.0,5.0,3.0,3.0,2.0,5.0,3.0,3.0,4.0,4.0,3.0,4.0,4.0,1.0,4.0,5.0,4.0,2,4,6,2,7,6,7,6,7,2,1,1,1,1,1,0,0,1,0,1,1,1,1,1,1,1,2,2,1,1,25,1,2,2,60,1,1,2
2183,2.0,5.0,1.0,1.0,5.0,1.0,1.0,5.0,1.0,1.0,1.0,5.0,5.0,1.0,5.0,3.0,1.0,5.0,3.0,3.0,3,7,2,7,7,5,1,6,2,5,1,1,0,1,1,0,1,1,0,1,0,0,1,1,1,1,3,3,1,2,21,1,1,4,10,1,1,0
2184,1.0,1.0,5.0,2.0,4.0,4.0,3.0,3.0,5.0,5.0,1.0,3.0,2.0,2.0,5.0,3.0,3.0,1.0,5.0,1.0,3,2,5,6,7,5,5,3,1,1,1,1,0,1,1,0,0,0,0,1,0,0,0,1,1,1,3,2,3,1,24,1,1,2,60,2,1,1
2185,4.0,4.0,4.0,3.0,3.0,2.0,4.0,4.0,3.0,2.0,1.0,5.0,3.0,1.0,3.0,4.0,3.0,3.0,3.0,4.0,5,4,6,6,7,6,6,5,5,5,1,1,0,1,1,0,0,0,0,1,0,0,1,1,1,1,3,2,2,2,27,1,4,1,10,2,1,5
2186,4.0,4.0,1.0,2.0,4.0,3.0,1.0,1.0,3.0,3.0,1.0,4.0,5.0,2.0,1.0,1.0,1.0,4.0,4.0,2.0,5,6,4,3,7,4,4,6,4,3,1,1,0,1,1,1,0,1,0,1,0,0,1,1,1,1,3,1,2,2,32,1,2,2,60,2,2,3
2187,2.0,5.0,2.0,4.0,5.0,5.0,1.0,2.0,5.0,5.0,1.0,4.0,4.0,1.0,1.0,2.0,1.0,5.0,5.0,4.0,2,1,7,5,7,7,7,6,5,1,1,1,1,1,1,0,0,1,0,1,0,1,1,1,1,1,3,1,1,1,40,2,12,2,60,1,3,3
2188,5.0,5.0,2.0,2.0,5.0,2.0,1.0,4.0,1.0,2.0,2.0,5.0,4.0,2.0,5.0,2.0,2.0,5.0,4.0,5.0,7,2,7,1,7,4,6,2,6,1,1,1,1,1,1,1,0,1,0,1,0,1,1,1,1,1,3,1,1,1,58,1,6,1,60,1,3,2
2189,4.0,4.0,2.0,2.0,5.0,2.0,1.0,4.0,4.0,4.0,2.0,4.0,4.0,2.0,4.0,2.0,2.0,4.0,5.0,4.0,5,6,6,5,6,5,6,4,3,3,0,1,0,0,1,0,0,0,0,1,0,0,1,0,1,1,3,1,1,2,27,1,12,3,10,1,1,2
2190,5.0,5.0,1.0,2.0,3.0,3.0,1.0,4.0,1.0,2.0,1.0,5.0,5.0,1.0,5.0,1.0,1.0,4.0,5.0,4.0,6,6,4,2,6,4,2,4,6,1,1,1,0,1,1,0,0,1,1,0,0,1,1,1,1,1,4,1,1,1,45,1,4,1,60,1,3,4
2191,1.0,2.0,4.0,5.0,2.0,3.0,2.0,2.0,5.0,4.0,1.0,2.0,2.0,4.0,2.0,3.0,3.0,2.0,5.0,1.0,2,3,5,3,6,5,7,2,3,1,1,1,0,1,1,0,0,0,0,1,0,0,1,1,1,1,3,1,2,1,31,1,12,2,60,1,2,2
2192,3.0,2.0,5.0,5.0,4.0,2.0,4.0,2.0,5.0,5.0,2.0,1.0,1.0,3.0,4.0,2.0,3.0,4.0,5.0,1.0,3,5,6,1,6,4,7,5,6,2,1,1,1,1,1,0,0,1,0,1,0,0,1,1,1,1,4,3,2,2,59,1,2,2,60,1,1,3
2193,3.0,3.0,2.0,2.0,3.0,2.0,2.0,2.0,4.0,4.0,1.0,1.0,3.0,2.0,4.0,2.0,3.0,4.0,4.0,2.0,1,5,3,6,5,5,4,6,1,3,1,1,1,1,1,0,0,0,0,1,0,1,1,1,1,1,3,2,2,1,20,1,7,5,60,2,1,2
2194,5.0,4.0,2.0,3.0,5.0,1.0,1.0,4.0,2.0,1.0,1.0,5.0,4.0,1.0,5.0,1.0,1.0,4.0,5.0,1.0,3,6,5,3,7,5,2,6,3,1,1,1,1,1,1,0,1,0,0,1,1,0,1,1,1,1,3,3,1,1,46,1,2,1,60,2,2,2
2195,5.0,4.0,2.0,2.0,5.0,2.0,2.0,4.0,3.0,2.0,1.0,4.0,4.0,1.0,4.0,2.0,1.0,4.0,5.0,4.0,2,2,6,6,4,5,3,5,5,5,1,1,0,1,1,0,0,0,0,1,0,0,1,1,1,1,3,3,1,1,34,1,2,3,10,1,1,3
2196,1.0,3.0,5.0,2.0,4.0,4.0,5.0,1.0,5.0,5.0,2.0,4.0,1.0,3.0,3.0,4.0,5.0,2.0,2.0,4.0,3,4,5,1,6,7,5,3,5,2,1,1,1,1,1,0,0,1,0,1,1,0,1,1,1,1,2,3,1,2,29,1,1,1,60,2,1,3
2197,5.0,5.0,2.0,1.0,5.0,1.0,1.0,5.0,2.0,1.0,1.0,5.0,5.0,1.0,4.0,2.0,5.0,4.0,5.0,5.0,3,6,6,5,3,5,1,6,3,5,1,1,1,1,1,1,0,1,1,1,0,1,1,1,1,1,2,1,2,1,21,1,7,1,60,1,1,2
2198,4.0,5.0,5.0,4.0,4.0,4.0,4.0,3.0,5.0,2.0,2.0,5.0,1.0,2.0,2.0,5.0,3.0,3.0,4.0,2.0,2,1,6,5,7,7,7,2,5,2,1,1,1,1,1,0,0,0,0,1,0,0,1,1,1,1,3,2,1,2,24,1,2,3,10,2,1,2
2199,4.0,5.0,2.0,2.0,4.0,3.0,2.0,2.0,3.0,2.0,1.0,5.0,5.0,2.0,4.0,2.0,2.0,4.0,4.0,2.0,3,3,6,2,5,6,5,5,4,5,1,1,0,1,1,0,0,0,0,1,0,0,1,1,1,1,2,3,1,1,22,1,7,1,60,1,1,2
2200,5.0,5.0,4.0,1.0,2.0,1.0,5.0,5.0,5.0,5.0,1.0,5.0,5.0,1.0,3.0,5.0,1.0,5.0,5.0,5.0,3,6,5,7,7,7,4,7,1,3,1,0,0,1,0,0,0,0,0,1,0,0,0,0,1,1,3,1,1,2,18,1,3,2,60,2,1,2
2201,4.0,4.0,1.0,2.0,5.0,2.0,1.0,4.0,2.0,4.0,5.0,5.0,5.0,2.0,4.0,2.0,5.0,2.0,5.0,1.0,3,6,2,5,6,7,1,5,6,2,1,0,0,1,1,0,0,0,0,1,0,0,1,1,1,1,2,2,2,2,19,1,7,2,60,2,1,2
2202,5.0,5.0,2.0,2.0,5.0,1.0,1.0,4.0,1.0,2.0,1.0,5.0,4.0,1.0,5.0,1.0,1.0,4.0,5.0,4.0,6,7,5,3,6,1,6,2,5,1,1,1,0,1,1,1,0,1,0,1,1,1,1,1,1,1,3,2,2,1,27,1,2,2,30,1,2,1
2203,1.0,4.0,2.0,4.0,2.0,1.0,1.0,4.0,5.0,3.0,2.0,4.0,3.0,3.0,3.0,2.0,1.0,5.0,5.0,4.0,2,3,3,5,6,7,5,2,7,4,1,1,1,1,1,0,0,0,0,1,1,0,1,1,1,1,3,1,1,1,32,1,2,1,60,2,2,3
2204,5.0,1.0,1.0,1.0,5.0,1.0,1.0,5.0,1.0,1.0,1.0,5.0,5.0,1.0,4.0,1.0,1.0,5.0,5.0,5.0,7,7,7,2,7,1,7,1,6,1,1,1,1,1,1,1,1,1,1,1,1,1,1,1,1,1,3,1,1,2,29,1,2,1,60,1,1,4
2205,2.0,4.0,3.0,4.0,5.0,2.0,2.0,1.0,5.0,5.0,1.0,5.0,5.0,5.0,1.0,3.0,4.0,3.0,5.0,3.0,5,6,7,7,1,7,5,5,1,4,1,1,1,1,1,0,0,1,0,1,1,0,1,1,1,1,4,3,2,2,34,1,1,1,60,2,1,2
2206,2.0,2.0,2.0,3.0,2.0,4.0,2.0,2.0,4.0,4.0,3.0,3.0,1.0,3.0,2.0,2.0,1.0,4.0,5.0,3.0,5,2,4,2,7,2,6,6,5,1,1,1,1,1,1,0,0,1,0,1,0,0,1,1,1,1,3,2,3,1,21,1,2,3,70,1,1,3
2207,4.0,2.0,1.0,2.0,5.0,5.0,4.0,2.0,5.0,4.0,2.0,3.0,4.0,1.0,2.0,2.0,3.0,4.0,1.0,2.0,3,5,6,4,6,4,6,6,6,2,0,1,0,1,1,0,0,1,0,1,0,0,0,0,1,1,3,1,1,2,46,1,6,1,60,1,1,3
2208,5.0,2.0,2.0,2.0,5.0,3.0,1.0,4.0,3.0,5.0,2.0,5.0,4.0,1.0,3.0,1.0,3.0,4.0,3.0,4.0,5,6,6,2,6,7,6,4,6,2,1,0,0,1,0,0,0,0,0,0,0,0,0,1,0,1,3,3,1,2,25,1,10,1,20,2,1,2
2209,4.0,1.0,4.0,5.0,4.0,2.0,2.0,1.0,5.0,2.0,1.0,4.0,2.0,5.0,4.0,5.0,4.0,4.0,1.0,1.0,1,1,7,2,5,7,7,5,5,2,1,1,1,1,1,0,1,0,0,1,0,1,1,1,1,1,2,2,2,1,46,1,7,1,70,1,2,2
2210,2.0,3.0,3.0,5.0,3.0,4.0,3.0,1.0,5.0,3.0,1.0,1.0,3.0,5.0,2.0,3.0,1.0,3.0,4.0,1.0,4,1,6,2,6,4,6,4,6,2,1,0,0,1,1,0,0,0,0,1,0,0,0,1,1,1,3,2,2,1,35,1,1,1,10,2,2,1
2211,4.0,4.0,2.0,1.0,5.0,1.0,1.0,2.0,3.0,2.0,1.0,5.0,4.0,1.0,3.0,2.0,1.0,4.0,5.0,1.0,6,7,5,1,7,3,5,3,6,3,1,1,1,1,1,1,1,1,1,1,1,1,1,1,1,1,3,1,1,1,22,2,12,1,40,1,1,3
2212,3.0,5.0,2.0,2.0,3.0,2.0,1.0,2.0,4.0,2.0,1.0,5.0,4.0,1.0,5.0,4.0,2.0,5.0,5.0,2.0,3,5,6,7,3,5,6,6,2,5,1,1,0,1,1,1,0,1,0,1,1,1,1,1,1,1,2,1,2,2,20,1,1,1,60,1,1,1
2213,5.0,4.0,2.0,4.0,4.0,4.0,1.0,1.0,4.0,2.0,1.0,5.0,4.0,1.0,1.0,1.0,1.0,5.0,5.0,4.0,6,7,7,2,7,5,5,1,7,2,1,1,1,1,1,0,1,1,1,1,1,1,1,1,1,1,3,1,2,1,47,1,2,1,60,1,1,3
2214,2.0,4.0,2.0,4.0,4.0,2.0,1.0,4.0,3.0,4.0,1.0,4.0,4.0,4.0,4.0,2.0,1.0,4.0,5.0,2.0,6,2,5,1,6,3,5,5,7,5,1,1,1,1,1,1,1,1,1,1,1,1,1,1,1,1,3,2,1,1,42,1,1,1,60,1,1,3
2215,3.0,4.0,2.0,1.0,4.0,2.0,3.0,3.0,2.0,5.0,1.0,4.0,2.0,1.0,4.0,3.0,4.0,5.0,4.0,3.0,1,7,5,2,3,7,3,1,5,3,0,1,1,1,0,0,0,0,1,1,0,0,1,1,1,1,3,1,1,2,24,1,1,1,60,1,1,2
2216,5.0,1.0,5.0,5.0,3.0,5.0,3.0,1.0,5.0,5.0,4.0,3.0,1.0,1.0,1.0,4.0,1.0,3.0,1.0,3.0,5,5,7,4,7,7,7,4,5,3,1,0,0,1,0,0,0,0,0,1,0,0,0,0,1,1,4,3,1,2,32,3,10,1,20,2,1,5
2217,1.0,2.0,2.0,4.0,2.0,4.0,2.0,1.0,5.0,5.0,3.0,2.0,1.0,4.0,1.0,3.0,2.0,1.0,5.0,1.0,5,3,6,7,5,3,5,2,1,2,1,1,1,1,1,0,0,1,0,1,1,0,1,1,1,1,3,2,2,2,35,2,6,1,60,2,2,1
2218,1.0,1.0,1.0,2.0,4.0,2.0,2.0,2.0,5.0,2.0,1.0,5.0,4.0,1.0,2.0,1.0,3.0,4.0,5.0,1.0,2,6,2,5,3,5,5,4,2,5,1,1,1,1,1,0,0,0,0,1,0,0,1,1,1,1,3,3,2,1,41,1,7,1,60,2,3,4
2219,5.0,2.0,2.0,4.0,2.0,2.0,4.0,2.0,5.0,2.0,3.0,2.0,2.0,2.0,3.0,2.0,5.0,3.0,2.0,3.0,5,6,2,2,7,5,6,4,6,1,1,1,0,1,1,0,0,1,0,1,0,0,1,1,1,1,2,1,1,1,23,1,7,1,60,1,1,2
2220,2.0,5.0,5.0,5.0,3.0,5.0,5.0,1.0,5.0,1.0,1.0,4.0,1.0,1.0,1.0,5.0,5.0,5.0,5.0,2.0,1,6,7,4,7,6,5,1,7,1,1,1,0,1,1,0,1,0,0,0,0,0,1,1,1,1,4,2,2,2,25,1,8,1,10,1,1,1
2221,2.0,1.0,2.0,3.0,4.0,4.0,2.0,2.0,4.0,5.0,1.0,5.0,1.0,2.0,1.0,5.0,1.0,3.0,1.0,1.0,2,1,6,6,7,7,7,3,7,1,1,1,0,1,1,0,0,0,0,1,0,0,1,1,1,1,2,3,2,2,21,1,7,1,60,1,1,2
2222,1.0,1.0,2.0,3.0,4.0,3.0,5.0,4.0,4.0,5.0,1.0,5.0,1.0,3.0,1.0,1.0,4.0,4.0,5.0,1.0,1,5,7,6,5,5,4,1,4,3,1,1,0,1,1,0,0,0,0,1,0,0,1,1,1,1,4,1,2,2,30,1,1,3,60,2,1,3
2223,4.0,4.0,1.0,4.0,4.0,1.0,2.0,4.0,1.0,1.0,1.0,5.0,2.0,1.0,4.0,2.0,1.0,5.0,5.0,1.0,4,3,5,2,6,5,6,5,6,2,1,1,1,1,1,0,1,1,0,1,0,0,1,1,1,1,3,3,1,1,23,1,1,1,60,1,1,3
2224,1.0,1.0,4.0,5.0,1.0,5.0,5.0,1.0,5.0,4.0,1.0,1.0,1.0,2.0,3.0,4.0,3.0,4.0,5.0,1.0,5,2,6,7,7,5,7,2,3,1,1,1,1,1,1,0,0,1,0,1,0,0,1,1,1,1,3,3,2,1,54,1,1,1,60,2,1,1
2225,5.0,2.0,4.0,4.0,4.0,4.0,5.0,2.0,5.0,4.0,2.0,3.0,1.0,4.0,2.0,5.0,3.0,4.0,5.0,1.0,5,1,7,6,4,7,7,6,6,5,1,1,0,1,1,0,0,0,0,1,0,0,1,1,1,1,3,3,2,1,30,1,12,1,60,1,3,2
2226,5.0,3.0,1.0,1.0,4.0,1.0,1.0,5.0,4.0,3.0,1.0,5.0,4.0,1.0,4.0,1.0,1.0,4.0,5.0,5.0,1,4,7,4,7,6,4,3,5,5,1,1,1,1,1,0,1,1,0,1,1,1,0,1,1,1,4,1,1,1,50,1,3,5,60,2,2,3
2227,3.0,2.0,2.0,3.0,2.0,1.0,1.0,1.0,2.0,4.0,2.0,4.0,1.0,4.0,3.0,1.0,2.0,3.0,5.0,1.0,5,3,6,3,6,5,6,2,6,1,0,0,0,0,0,0,0,0,0,0,0,0,0,1,0,1,3,2,1,1,65,1,1,1,60,1,3,3
2228,2.0,4.0,5.0,2.0,4.0,2.0,4.0,5.0,5.0,4.0,1.0,5.0,2.0,4.0,5.0,5.0,1.0,4.0,5.0,1.0,2,6,6,6,6,6,6,2,5,6,1,1,0,1,1,0,0,0,0,1,0,0,1,1,1,1,3,1,2,1,30,1,2,1,60,1,2,2
2229,4.0,2.0,4.0,4.0,2.0,4.0,4.0,4.0,4.0,2.0,2.0,4.0,2.0,2.0,4.0,4.0,2.0,4.0,5.0,4.0,0,0,0,0,0,0,0,0,0,0,0,0,0,0,0,0,0,0,0,0,0,0,0,0,0,0,3,2,2,1,41,1,7,1,60,1,1,3
2230,3.0,5.0,3.0,5.0,4.0,2.0,4.0,4.0,4.0,2.0,1.0,5.0,2.0,3.0,4.0,3.0,3.0,2.0,4.0,1.0,2,1,6,7,6,6,6,5,5,2,0,1,0,1,1,0,0,0,0,1,0,0,1,1,1,1,4,2,2,1,31,1,5,1,60,1,2,2
2231,4.0,5.0,2.0,4.0,4.0,1.0,1.0,4.0,4.0,2.0,2.0,5.0,4.0,2.0,4.0,4.0,1.0,4.0,5.0,4.0,2,6,6,3,6,7,4,5,6,3,1,1,0,1,1,0,1,1,0,1,1,0,1,1,1,1,4,3,1,2,36,1,1,1,60,1,1,2
2232,1.0,2.0,2.0,2.0,4.0,5.0,4.0,4.0,5.0,5.0,1.0,5.0,4.0,1.0,2.0,2.0,2.0,1.0,5.0,1.0,1,3,5,1,7,7,6,3,7,2,1,1,0,1,1,0,0,1,0,1,0,0,1,1,1,1,4,1,1,1,29,1,2,1,60,2,2,6
2233,3.0,2.0,4.0,4.0,4.0,4.0,2.0,4.0,4.0,4.0,1.0,4.0,4.0,2.0,2.0,2.0,2.0,4.0,5.0,2.0,2,5,5,3,6,5,5,5,5,1,1,1,0,1,1,0,0,1,0,1,0,0,1,1,1,1,3,2,2,1,21,1,2,1,40,2,1,3
2234,2.0,4.0,4.0,3.0,4.0,1.0,1.0,2.0,4.0,3.0,3.0,5.0,3.0,2.0,4.0,5.0,1.0,5.0,5.0,1.0,6,6,7,5,7,5,4,5,7,3,1,1,0,1,1,0,0,1,0,1,0,0,1,1,1,1,2,2,2,1,26,1,7,1,60,1,1,2
2235,2.0,4.0,1.0,1.0,4.0,1.0,2.0,4.0,4.0,2.0,1.0,4.0,4.0,1.0,4.0,2.0,2.0,4.0,5.0,3.0,2,5,6,6,5,5,5,3,3,1,1,1,0,1,1,0,0,1,1,1,1,1,1,1,1,1,1,1,3,2,15,1,1,3,60,2,1,2
2236,2.0,4.0,2.0,4.0,2.0,4.0,2.0,1.0,4.0,4.0,4.0,1.0,2.0,2.0,3.0,2.0,3.0,3.0,4.0,1.0,2,2,6,5,6,7,6,5,6,2,1,1,0,1,1,0,0,1,0,1,0,0,1,1,1,1,4,2,1,2,32,1,7,1,60,2,2,3
2237,4.0,5.0,4.0,3.0,5.0,1.0,1.0,3.0,2.0,4.0,2.0,1.0,1.0,2.0,4.0,1.0,2.0,3.0,5.0,4.0,1,6,2,5,7,7,3,4,5,1,1,1,1,1,1,0,0,0,0,1,0,0,1,1,1,1,4,3,2,2,26,1,2,1,60,1,1,2
2238,2.0,2.0,1.0,4.0,4.0,2.0,2.0,2.0,5.0,5.0,1.0,5.0,2.0,1.0,4.0,2.0,1.0,4.0,5.0,4.0,1,5,7,5,6,4,2,1,6,3,1,1,1,1,1,0,1,1,0,1,0,1,1,1,1,1,0,1,2,1,41,1,12,1,60,1,2,3
2239,2.0,4.0,5.0,5.0,2.0,4.0,5.0,3.0,5.0,5.0,1.0,2.0,2.0,2.0,1.0,5.0,3.0,1.0,4.0,1.0,1,1,7,5,6,7,4,1,5,1,1,1,1,1,1,0,1,1,1,1,1,1,1,1,1,1,3,2,2,1,27,2,1,4,60,2,1,1
2240,2.0,2.0,5.0,1.0,5.0,5.0,4.0,2.0,5.0,5.0,4.0,2.0,5.0,2.0,4.0,2.0,1.0,2.0,5.0,1.0,3,5,6,6,7,6,7,2,5,3,1,1,0,1,1,0,0,0,0,1,0,0,1,1,1,1,2,2,2,1,25,1,1,2,70,1,1,4
2241,2.0,2.0,4.0,2.0,4.0,4.0,2.0,2.0,5.0,5.0,1.0,4.0,3.0,2.0,1.0,5.0,4.0,2.0,5.0,4.0,2,5,7,2,7,5,5,2,6,2,1,1,1,1,1,0,0,0,1,1,1,1,1,1,1,1,3,1,3,1,32,1,12,2,60,1,2,2
2242,3.0,5.0,1.0,2.0,3.0,1.0,1.0,2.0,2.0,2.0,1.0,5.0,4.0,1.0,3.0,2.0,2.0,4.0,4.0,3.0,2,4,6,2,7,5,3,1,4,2,1,1,0,1,1,0,1,0,0,1,0,0,1,1,1,1,4,2,2,1,47,1,12,2,60,1,3,1
2243,5.0,4.0,4.0,4.0,4.0,2.0,2.0,4.0,5.0,2.0,2.0,5.0,4.0,1.0,2.0,5.0,4.0,4.0,5.0,4.0,1,7,5,3,2,7,1,2,5,3,1,1,0,1,1,0,0,0,0,1,0,0,1,1,1,1,3,1,2,2,22,1,11,1,60,1,1,1
2244,5.0,5.0,2.0,2.0,3.0,2.0,3.0,3.0,3.0,2.0,1.0,4.0,4.0,1.0,5.0,3.0,4.0,4.0,4.0,2.0,2,4,3,3,6,5,4,5,5,6,0,0,1,0,1,1,1,0,0,0,1,1,1,1,0,0,3,3,1,2,32,1,7,2,10,2,1,2
2245,4.0,5.0,5.0,4.0,4.0,5.0,2.0,5.0,5.0,5.0,2.0,5.0,1.0,1.0,3.0,3.0,1.0,1.0,1.0,1.0,1,1,2,1,7,6,7,4,6,1,1,1,0,1,1,0,0,0,0,1,0,0,1,1,1,1,0,2,1,1,25,1,10,1,10,1,1,3
2246,2.0,2.0,2.0,2.0,4.0,4.0,2.0,2.0,4.0,5.0,1.0,5.0,2.0,3.0,2.0,4.0,1.0,4.0,5.0,1.0,3,5,6,3,6,6,3,2,6,2,1,1,1,1,1,0,1,1,0,1,0,0,1,1,1,1,4,3,2,2,33,1,2,1,60,2,1,2
2247,4.0,5.0,3.0,3.0,4.0,4.0,4.0,4.0,5.0,4.0,2.0,4.0,5.0,2.0,1.0,3.0,2.0,2.0,5.0,2.0,2,6,7,2,6,3,2,5,7,5,1,1,0,1,1,1,1,1,0,1,1,1,1,1,1,1,3,3,2,2,19,1,4,3,10,1,1,1
2248,4.0,2.0,4.0,4.0,4.0,4.0,4.0,4.0,5.0,3.0,1.0,4.0,1.0,3.0,2.0,4.0,2.0,2.0,3.0,1.0,2,5,6,7,5,6,6,1,5,3,1,1,0,1,1,0,0,0,0,1,0,0,0,1,1,1,4,2,2,2,28,1,6,1,60,2,1,2
2249,2.0,2.0,4.0,4.0,4.0,2.0,2.0,4.0,4.0,4.0,2.0,4.0,2.0,4.0,2.0,2.0,3.0,2.0,3.0,1.0,1,3,5,4,6,5,5,5,5,5,1,1,1,1,1,0,0,0,0,1,0,0,0,1,1,1,0,1,2,1,37,1,1,4,60,1,1,3
2250,2.0,2.0,3.0,2.0,5.0,4.0,4.0,4.0,5.0,4.0,1.0,5.0,4.0,1.0,3.0,4.0,1.0,3.0,5.0,3.0,1,5,5,4,5,6,4,4,7,2,1,1,0,1,1,0,0,0,0,1,0,0,1,1,1,1,3,3,2,1,34,1,3,1,60,2,1,3
2251,5.0,4.0,4.0,3.0,5.0,4.0,1.0,5.0,5.0,5.0,1.0,5.0,5.0,1.0,3.0,1.0,5.0,1.0,5.0,3.0,1,7,7,4,6,5,2,1,7,1,1,1,1,1,1,0,0,1,0,1,0,0,1,1,1,1,4,1,2,1,24,1,2,1,60,2,1,2
2252,5.0,1.0,4.0,4.0,4.0,2.0,1.0,5.0,4.0,5.0,1.0,4.0,1.0,1.0,4.0,5.0,5.0,5.0,5.0,5.0,1,2,6,1,6,7,2,3,7,1,1,1,0,1,1,0,0,1,0,1,0,0,1,1,1,1,3,2,2,1,20,2,10,1,10,1,1,2
2253,4.0,2.0,5.0,4.0,5.0,4.0,4.0,2.0,5.0,4.0,1.0,4.0,2.0,4.0,2.0,4.0,2.0,2.0,5.0,2.0,1,1,6,3,5,5,5,4,5,1,1,1,1,1,1,0,0,1,0,1,0,0,1,0,1,1,3,3,2,1,48,1,12,1,60,1,3,2
2254,4.0,4.0,4.0,2.0,4.0,2.0,2.0,2.0,4.0,4.0,1.0,5.0,2.0,2.0,2.0,2.0,2.0,4.0,5.0,4.0,2,6,6,5,6,7,5,1,5,2,1,1,1,1,1,0,0,1,0,1,0,0,1,1,1,1,3,2,2,2,28,2,9,1,60,2,1,3
2255,1.0,3.0,5.0,4.0,5.0,5.0,5.0,5.0,5.0,5.0,1.0,5.0,4.0,5.0,1.0,1.0,5.0,3.0,1.0,1.0,4,6,2,6,5,5,5,7,2,6,1,1,0,1,1,0,0,0,0,1,0,0,0,1,1,1,2,3,1,2,19,1,7,1,10,1,1,4
2256,2.0,1.0,5.0,1.0,2.0,4.0,5.0,2.0,5.0,5.0,1.0,5.0,3.0,1.0,1.0,4.0,2.0,3.0,5.0,3.0,2,6,7,5,5,6,3,1,6,5,1,1,0,1,1,0,0,0,0,1,0,0,1,1,1,1,4,2,2,1,31,1,4,1,60,1,3,2
2257,4.0,2.0,3.0,3.0,4.0,3.0,3.0,3.0,4.0,3.0,2.0,4.0,4.0,3.0,4.0,4.0,3.0,4.0,4.0,2.0,2,3,6,4,6,7,5,2,6,4,1,1,1,1,1,0,0,0,0,1,0,0,1,1,1,1,4,3,2,1,45,1,12,1,70,1,3,2
2258,5.0,4.0,3.0,1.0,5.0,5.0,1.0,2.0,4.0,2.0,2.0,5.0,5.0,1.0,4.0,1.0,3.0,3.0,5.0,5.0,1,6,7,6,7,7,4,3,3,1,1,0,0,1,1,0,0,0,0,1,0,0,0,1,1,1,4,3,2,2,21,1,6,5,10,2,1,1
2259,4.0,5.0,2.0,2.0,4.0,4.0,2.0,4.0,4.0,2.0,1.0,5.0,1.0,1.0,4.0,4.0,1.0,5.0,5.0,4.0,2,6,5,7,5,7,5,5,6,1,0,1,0,1,1,0,0,1,0,1,0,0,0,1,1,1,3,1,2,2,30,1,2,1,20,1,1,2
2260,3.0,5.0,5.0,4.0,4.0,4.0,4.0,4.0,4.0,4.0,4.0,4.0,4.0,4.0,4.0,5.0,2.0,4.0,4.0,1.0,5,5,3,3,7,6,6,3,3,1,1,1,1,1,1,1,1,1,1,1,1,0,1,1,1,1,3,3,2,2,46,1,2,1,60,1,2,2
2261,1.0,5.0,3.0,1.0,2.0,3.0,1.0,5.0,5.0,3.0,1.0,5.0,4.0,1.0,5.0,1.0,1.0,5.0,5.0,3.0,1,7,5,7,5,5,5,6,2,2,1,1,1,1,1,0,1,1,0,1,1,0,1,1,1,1,4,3,2,1,46,1,1,1,60,2,2,3
2262,3.0,4.0,2.0,3.0,4.0,1.0,1.0,1.0,2.0,4.0,1.0,3.0,4.0,1.0,5.0,2.0,1.0,4.0,5.0,1.0,2,7,7,5,4,5,2,3,6,5,1,1,0,1,1,0,0,0,0,1,1,0,1,1,1,1,2,1,1,2,19,1,2,1,60,1,1,4
2263,1.0,1.0,5.0,5.0,1.0,4.0,1.0,2.0,5.0,5.0,5.0,1.0,5.0,5.0,1.0,5.0,1.0,1.0,2.0,1.0,5,1,7,1,7,5,5,1,7,5,1,1,1,1,1,0,0,0,0,1,0,0,1,1,1,1,3,2,2,1,52,1,12,2,60,1,3,5
2264,1.0,3.0,1.0,2.0,4.0,2.0,4.0,5.0,5.0,5.0,2.0,4.0,4.0,1.0,4.0,3.0,2.0,4.0,5.0,4.0,1,5,7,5,7,6,2,4,7,2,1,1,1,1,1,0,0,1,0,1,0,0,1,1,1,1,3,1,2,1,32,2,2,5,50,1,3,5
2265,5.0,1.0,1.0,2.0,5.0,5.0,5.0,5.0,5.0,5.0,1.0,5.0,5.0,2.0,1.0,2.0,1.0,2.0,5.0,5.0,3,7,6,2,6,7,2,6,6,3,1,1,1,1,1,0,0,0,0,1,0,0,0,1,1,1,4,1,2,2,25,1,1,5,60,1,1,3
2266,1.0,5.0,1.0,5.0,3.0,5.0,1.0,1.0,5.0,5.0,4.0,1.0,1.0,3.0,5.0,5.0,1.0,3.0,1.0,1.0,7,5,6,7,7,7,7,1,5,1,0,0,0,0,0,0,0,0,0,1,0,0,0,0,0,1,3,3,2,2,19,2,8,1,70,2,1,2
2267,2.0,4.0,1.0,4.0,1.0,5.0,4.0,4.0,5.0,5.0,4.0,2.0,2.0,1.0,4.0,5.0,1.0,2.0,4.0,3.0,7,2,6,1,7,1,7,3,7,2,1,1,0,1,1,0,0,0,0,1,1,0,1,1,1,1,4,3,1,2,44,1,6,1,60,2,3,1
2268,5.0,5.0,3.0,4.0,4.0,3.0,2.0,2.0,4.0,3.0,1.0,5.0,3.0,1.0,5.0,3.0,1.0,2.0,4.0,3.0,6,7,6,2,7,6,5,6,6,7,1,1,0,1,1,0,0,0,0,1,1,0,1,1,1,1,3,3,1,1,25,2,12,1,10,2,1,3
2269,5.0,3.0,4.0,1.0,5.0,4.0,3.0,2.0,4.0,2.0,1.0,5.0,5.0,3.0,1.0,1.0,1.0,5.0,2.0,4.0,3,6,7,6,7,6,1,1,6,1,1,1,0,1,1,0,0,1,0,1,0,0,1,1,1,1,4,3,2,2,30,1,1,1,10,1,1,4
2270,5.0,4.0,3.0,2.0,5.0,4.0,2.0,4.0,3.0,2.0,1.0,4.0,4.0,1.0,1.0,2.0,1.0,3.0,5.0,5.0,7,6,5,1,7,2,6,5,7,4,1,1,1,1,1,1,0,0,0,1,0,0,1,1,1,1,3,3,1,2,25,1,2,1,60,1,1,2
2271,5.0,1.0,1.0,1.0,5.0,1.0,1.0,5.0,1.0,4.0,1.0,5.0,5.0,1.0,4.0,1.0,1.0,3.0,4.0,4.0,7,2,6,1,7,3,1,1,6,1,0,0,0,0,1,0,0,0,0,0,1,0,0,1,0,1,3,2,2,1,32,1,7,5,70,1,3,3
2272,1.0,4.0,1.0,5.0,4.0,5.0,2.0,1.0,5.0,5.0,1.0,1.0,1.0,5.0,3.0,4.0,3.0,1.0,5.0,1.0,6,1,6,5,4,6,6,2,6,1,1,1,0,1,1,0,0,1,0,1,0,0,0,1,1,1,4,1,2,1,23,1,12,1,60,2,1,2
2273,2.0,2.0,3.0,4.0,3.0,5.0,4.0,4.0,4.0,5.0,1.0,4.0,2.0,2.0,4.0,1.0,2.0,2.0,5.0,1.0,2,5,6,5,5,6,4,2,4,2,1,1,0,1,1,0,0,0,0,1,0,0,1,1,1,1,3,1,2,2,23,1,2,4,60,1,1,2
2274,4.0,5.0,4.0,5.0,4.0,4.0,1.0,4.0,4.0,2.0,2.0,3.0,5.0,1.0,5.0,4.0,2.0,3.0,4.0,4.0,1,1,6,5,7,7,7,2,5,1,1,1,1,1,1,0,1,1,0,1,1,0,1,1,1,1,2,1,1,1,27,1,5,1,70,2,1,3
2275,1.0,1.0,1.0,5.0,1.0,1.0,1.0,1.0,5.0,5.0,1.0,1.0,1.0,1.0,1.0,5.0,1.0,1.0,5.0,1.0,1,4,7,1,7,7,7,1,7,1,1,1,1,1,1,0,0,0,0,1,0,0,1,1,1,1,3,1,2,1,44,1,12,2,70,1,3,7
2276,3.0,1.0,2.0,4.0,5.0,4.0,3.0,5.0,5.0,2.0,1.0,4.0,1.0,2.0,2.0,2.0,2.0,2.0,5.0,2.0,2,3,7,5,7,7,5,4,6,2,1,1,1,1,1,1,0,1,0,1,0,1,1,1,1,1,3,3,2,2,34,1,3,1,60,2,3,2
2277,3.0,1.0,1.0,5.0,3.0,4.0,4.0,2.0,5.0,4.0,2.0,4.0,1.0,2.0,1.0,4.0,5.0,2.0,5.0,1.0,2,4,7,1,6,5,3,1,7,1,1,1,1,1,1,1,0,0,0,1,0,1,1,1,1,1,3,3,2,1,48,1,2,1,60,1,2,2
2278,4.0,3.0,5.0,1.0,5.0,4.0,4.0,2.0,5.0,5.0,1.0,5.0,4.0,1.0,3.0,4.0,1.0,4.0,5.0,5.0,1,1,6,6,6,7,6,2,6,2,1,1,1,1,1,0,1,1,1,1,1,0,1,1,1,1,3,1,2,1,44,1,3,1,60,2,3,3
2279,4.0,4.0,2.0,2.0,4.0,1.0,1.0,2.0,3.0,2.0,1.0,5.0,4.0,1.0,5.0,2.0,3.0,5.0,5.0,4.0,2,6,6,2,6,7,5,5,6,2,1,1,1,1,1,0,1,1,0,1,1,0,1,1,1,1,3,1,1,1,21,1,2,1,60,1,1,2
2280,1.0,1.0,4.0,1.0,1.0,4.0,1.0,1.0,5.0,5.0,3.0,5.0,1.0,1.0,4.0,4.0,1.0,4.0,4.0,1.0,3,1,7,1,7,4,5,1,7,4,1,1,1,1,1,0,1,1,0,1,1,1,1,1,1,1,3,1,2,1,51,1,12,2,60,1,2,2
2281,2.0,4.0,2.0,2.0,5.0,1.0,1.0,2.0,4.0,4.0,1.0,5.0,2.0,2.0,4.0,2.0,2.0,4.0,5.0,1.0,2,5,6,3,6,6,5,1,5,1,1,1,0,1,1,0,0,0,0,1,1,0,0,1,1,1,3,3,2,2,25,1,4,1,60,1,1,1
2282,2.0,2.0,3.0,4.0,2.0,4.0,4.0,1.0,5.0,4.0,2.0,1.0,1.0,5.0,1.0,4.0,3.0,4.0,4.0,1.0,3,5,3,2,5,6,7,5,5,5,1,1,0,1,1,0,0,1,0,1,0,0,0,1,1,1,3,2,2,2,32,1,2,1,60,1,2,2
2283,5.0,5.0,1.0,1.0,5.0,1.0,1.0,5.0,1.0,1.0,1.0,5.0,5.0,1.0,5.0,1.0,1.0,5.0,5.0,1.0,1,4,7,4,6,7,1,1,7,1,1,1,1,1,1,0,1,1,0,1,1,0,1,1,1,1,4,1,2,1,43,3,12,1,60,2,1,2
2284,2.0,1.0,1.0,1.0,4.0,5.0,1.0,4.0,5.0,1.0,1.0,5.0,5.0,1.0,1.0,1.0,5.0,5.0,5.0,1.0,1,6,7,2,6,7,1,1,7,2,1,1,0,1,1,0,0,0,0,1,0,0,1,1,1,1,3,1,2,1,55,1,1,3,60,1,2,4
2285,2.0,4.0,2.0,3.0,3.0,3.0,1.0,3.0,4.0,2.0,1.0,5.0,4.0,3.0,3.0,1.0,2.0,4.0,5.0,4.0,5,5,6,4,7,5,6,2,6,1,1,1,1,1,1,0,0,1,0,1,1,1,0,1,1,1,2,3,2,2,20,2,1,2,60,1,1,2
2286,1.0,1.0,4.0,1.0,1.0,5.0,5.0,2.0,5.0,5.0,2.0,4.0,1.0,1.0,2.0,3.0,2.0,4.0,5.0,1.0,1,6,6,7,3,6,5,2,3,1,1,1,1,1,1,0,1,0,0,1,1,0,1,1,0,1,3,1,2,1,41,1,12,1,60,2,2,2
2287,4.0,2.0,4.0,3.0,3.0,3.0,2.0,2.0,4.0,2.0,2.0,2.0,2.0,2.0,2.0,4.0,2.0,3.0,4.0,1.0,3,5,3,3,6,4,5,3,5,2,1,1,1,1,1,0,1,1,0,1,1,0,1,1,1,1,3,1,2,1,39,1,1,1,60,2,1,2
2288,1.0,4.0,4.0,2.0,2.0,5.0,2.0,2.0,5.0,4.0,2.0,4.0,1.0,2.0,3.0,2.0,5.0,1.0,5.0,1.0,1,2,7,7,5,7,7,1,2,5,1,1,0,1,1,0,0,0,0,1,0,0,1,1,1,1,4,3,2,1,27,1,7,1,60,2,3,3
2289,1.0,1.0,5.0,4.0,2.0,4.0,2.0,1.0,5.0,5.0,1.0,2.0,1.0,2.0,1.0,1.0,3.0,5.0,4.0,1.0,1,6,7,6,6,5,7,2,6,2,1,1,1,1,1,0,0,1,0,1,1,0,1,1,1,1,3,2,2,1,31,1,12,1,60,2,1,4
2290,2.0,2.0,2.0,2.0,4.0,4.0,2.0,4.0,5.0,4.0,2.0,4.0,2.0,2.0,2.0,4.0,3.0,1.0,3.0,2.0,3,4,6,5,6,6,6,4,3,2,1,1,1,1,1,0,0,0,0,1,0,0,1,1,1,1,3,1,2,1,33,1,7,1,60,1,2,6
2291,5.0,1.0,5.0,1.0,4.0,5.0,5.0,2.0,5.0,5.0,1.0,4.0,1.0,3.0,1.0,1.0,1.0,4.0,3.0,4.0,1,7,7,7,7,7,2,6,1,2,1,1,0,1,1,0,0,0,0,1,0,0,1,1,1,1,3,3,2,2,22,1,10,4,20,2,1,4
2292,5.0,2.0,4.0,2.0,5.0,4.0,2.0,1.0,5.0,3.0,1.0,5.0,3.0,1.0,4.0,2.0,1.0,1.0,5.0,1.0,7,5,6,1,7,1,6,1,6,1,1,1,1,1,1,0,1,0,0,1,1,0,1,1,1,1,4,1,2,1,56,1,7,1,60,1,2,4
2293,1.0,1.0,5.0,5.0,2.0,5.0,2.0,1.0,5.0,5.0,1.0,5.0,3.0,3.0,1.0,4.0,1.0,5.0,5.0,1.0,2,3,5,6,6,7,7,3,5,2,1,1,0,1,1,0,0,1,0,1,0,0,1,1,1,1,3,2,2,1,49,1,7,1,60,1,2,5
2294,1.0,3.0,4.0,4.0,4.0,4.0,4.0,2.0,4.0,4.0,3.0,4.0,2.0,4.0,3.0,4.0,3.0,1.0,4.0,1.0,2,3,6,5,7,7,6,3,5,1,1,1,1,1,1,0,0,1,0,1,1,0,1,1,1,1,4,2,2,1,26,1,2,2,70,1,1,2
2295,2.0,2.0,2.0,4.0,4.0,2.0,2.0,2.0,5.0,3.0,2.0,2.0,4.0,1.0,4.0,3.0,1.0,4.0,5.0,1.0,2,6,7,1,6,7,6,2,6,7,1,1,1,1,1,0,0,0,0,1,0,0,1,1,1,1,3,2,2,1,43,2,4,1,60,2,3,2
2296,2.0,2.0,4.0,4.0,4.0,4.0,4.0,1.0,5.0,2.0,2.0,1.0,2.0,3.0,1.0,4.0,2.0,4.0,4.0,1.0,3,1,6,6,4,6,6,3,4,3,1,1,1,1,1,0,0,1,0,1,0,0,1,1,1,1,4,2,2,1,33,2,7,1,60,1,2,2
2297,4.0,5.0,3.0,3.0,3.0,3.0,1.0,4.0,2.0,3.0,2.0,4.0,1.0,3.0,2.0,2.0,4.0,4.0,4.0,2.0,1,2,4,4,6,7,7,3,4,3,1,1,1,1,1,1,0,0,0,1,1,0,1,1,1,1,4,2,2,1,48,1,4,1,60,2,3,3
2298,5.0,2.0,1.0,1.0,5.0,2.0,1.0,5.0,5.0,2.0,1.0,5.0,1.0,1.0,5.0,4.0,1.0,5.0,5.0,5.0,1,5,7,5,7,7,7,5,3,2,1,1,1,1,1,1,1,1,1,1,0,1,1,1,1,1,3,2,2,1,26,1,6,1,30,2,1,2
2299,1.0,1.0,1.0,5.0,1.0,5.0,5.0,1.0,5.0,5.0,1.0,1.0,5.0,5.0,1.0,5.0,4.0,5.0,4.0,1.0,7,2,7,1,7,3,7,1,7,2,1,1,0,1,1,1,1,0,1,1,1,1,1,1,1,1,3,3,2,1,69,1,4,1,60,1,2,6
2300,4.0,3.0,5.0,2.0,4.0,4.0,3.0,4.0,4.0,5.0,4.0,3.0,1.0,2.0,2.0,4.0,5.0,3.0,4.0,3.0,3,6,6,7,5,5,6,5,2,2,1,1,1,1,1,0,0,0,0,1,0,0,0,1,1,1,2,2,2,2,21,1,12,4,60,2,1,2
2301,4.0,4.0,5.0,5.0,3.0,2.0,2.0,1.0,3.0,2.0,5.0,1.0,1.0,2.0,3.0,5.0,1.0,2.0,5.0,3.0,2,1,5,2,3,7,7,6,3,1,1,1,1,1,1,0,0,1,0,1,1,0,1,1,1,1,4,1,2,2,33,1,7,1,60,2,1,1
2302,1.0,1.0,4.0,2.0,1.0,5.0,5.0,1.0,5.0,5.0,1.0,4.0,2.0,1.0,2.0,4.0,2.0,1.0,5.0,1.0,2,5,6,5,7,3,7,5,6,1,1,1,0,1,1,1,0,1,0,1,0,0,1,1,1,1,3,3,2,1,30,1,1,1,60,2,1,1
2303,2.0,4.0,5.0,2.0,4.0,5.0,4.0,2.0,5.0,4.0,2.0,5.0,2.0,2.0,2.0,5.0,2.0,4.0,5.0,4.0,3,2,6,3,7,6,7,5,6,1,1,1,1,1,1,0,0,0,0,1,0,0,0,1,1,1,2,3,1,0,21,1,7,3,60,1,1,3
2304,2.0,1.0,2.0,2.0,4.0,2.0,5.0,4.0,5.0,5.0,1.0,4.0,2.0,4.0,1.0,1.0,5.0,2.0,5.0,1.0,1,1,6,3,1,7,0,2,5,1,1,1,0,1,1,0,0,0,0,1,0,0,0,1,1,1,2,3,2,2,18,1,2,1,10,2,1,2
2305,4.0,4.0,2.0,5.0,3.0,2.0,1.0,1.0,2.0,3.0,1.0,4.0,1.0,3.0,2.0,2.0,2.0,5.0,4.0,1.0,2,5,7,5,5,5,7,1,6,2,1,1,1,1,1,0,0,0,0,1,1,0,1,1,1,1,3,2,2,2,47,1,6,1,60,1,2,3
2306,5.0,5.0,5.0,1.0,2.0,4.0,4.0,1.0,5.0,1.0,1.0,2.0,4.0,1.0,4.0,5.0,1.0,5.0,5.0,1.0,1,7,6,2,7,7,4,3,6,3,1,1,0,1,1,0,0,0,0,1,0,0,1,1,1,1,2,1,2,1,35,2,4,1,50,1,2,2
2307,4.0,5.0,4.0,5.0,4.0,2.0,2.0,1.0,2.0,2.0,4.0,5.0,5.0,1.0,2.0,2.0,2.0,4.0,1.0,1.0,2,7,5,5,7,5,6,7,5,1,1,1,0,1,1,1,0,1,0,1,0,0,1,1,1,1,3,3,1,2,24,1,4,1,10,1,1,3
2308,2.0,2.0,4.0,4.0,3.0,5.0,4.0,4.0,5.0,4.0,1.0,1.0,2.0,2.0,4.0,5.0,2.0,2.0,5.0,1.0,1,4,6,7,6,7,7,3,2,1,1,1,0,1,1,0,0,0,0,1,0,0,1,1,1,1,2,2,2,1,25,2,12,2,60,1,2,1
2309,5.0,5.0,2.0,4.0,1.0,2.0,2.0,1.0,5.0,2.0,4.0,2.0,5.0,2.0,4.0,5.0,2.0,2.0,5.0,1.0,2,4,6,5,6,6,0,1,5,2,1,1,1,1,1,1,0,1,0,1,0,1,1,1,1,1,3,3,2,1,50,1,12,1,60,2,2,3
2310,4.0,4.0,2.0,4.0,4.0,4.0,1.0,1.0,2.0,3.0,1.0,2.0,2.0,2.0,5.0,1.0,1.0,4.0,5.0,1.0,2,5,6,2,7,6,2,5,4,1,1,1,0,1,1,0,0,0,0,1,0,0,1,1,1,1,3,2,1,1,21,1,1,1,70,1,1,2
2311,5.0,4.0,2.0,4.0,4.0,2.0,2.0,1.0,5.0,4.0,2.0,5.0,4.0,1.0,1.0,1.0,1.0,2.0,5.0,1.0,2,5,7,6,6,6,5,1,3,2,1,1,1,1,1,0,1,1,0,1,1,0,1,1,1,1,3,3,2,1,67,1,2,1,60,2,2,4
2312,5.0,5.0,3.0,1.0,5.0,1.0,3.0,1.0,5.0,1.0,1.0,5.0,5.0,1.0,5.0,5.0,1.0,4.0,5.0,4.0,1,7,7,4,7,7,1,1,7,7,1,1,1,1,1,1,1,1,1,1,1,1,1,1,1,1,2,2,2,1,31,1,2,1,60,1,2,2
2313,1.0,4.0,4.0,4.0,5.0,4.0,4.0,2.0,5.0,4.0,1.0,5.0,2.0,3.0,4.0,1.0,1.0,1.0,5.0,1.0,1,5,6,5,6,7,6,3,5,3,1,1,1,1,1,0,1,0,0,1,1,0,1,1,1,1,3,1,2,1,50,1,6,1,60,2,3,5
2314,5.0,4.0,1.0,1.0,5.0,1.0,1.0,5.0,2.0,1.0,1.0,5.0,5.0,1.0,4.0,2.0,1.0,5.0,4.0,3.0,2,5,4,7,5,6,5,2,2,1,1,1,1,1,1,1,1,1,1,1,1,0,1,1,1,1,4,3,2,2,24,3,1,0,60,2,1,1
2315,4.0,5.0,2.0,1.0,5.0,3.0,2.0,5.0,3.0,2.0,1.0,4.0,5.0,3.0,4.0,1.0,2.0,1.0,5.0,5.0,5,6,3,6,6,7,5,7,2,4,1,1,1,1,1,1,0,0,0,1,0,0,1,1,1,1,2,3,2,2,19,1,1,1,10,2,1,3
2316,1.0,2.0,5.0,3.0,4.0,4.0,4.0,2.0,5.0,5.0,2.0,2.0,2.0,2.0,3.0,4.0,2.0,2.0,4.0,1.0,3,2,4,6,7,5,7,6,5,1,1,1,1,1,1,0,0,1,1,1,1,0,1,1,1,1,3,2,2,1,28,2,1,1,60,1,1,1
2317,2.0,1.0,1.0,4.0,4.0,4.0,2.0,2.0,5.0,4.0,2.0,1.0,2.0,4.0,4.0,4.0,2.0,3.0,1.0,2.0,2,5,6,6,2,7,7,2,4,2,1,1,1,1,1,0,0,0,0,1,0,0,1,1,1,1,2,3,2,1,20,1,5,1,60,1,1,4
2318,5.0,2.0,1.0,1.0,5.0,1.0,1.0,4.0,2.0,2.0,1.0,5.0,5.0,1.0,5.0,1.0,3.0,4.0,5.0,4.0,4,7,7,6,5,6,4,1,3,4,1,1,1,1,1,0,0,1,0,1,0,0,1,1,1,1,3,2,2,1,19,1,2,4,60,1,1,5
2319,4.0,5.0,5.0,5.0,4.0,3.0,3.0,2.0,4.0,4.0,2.0,4.0,2.0,2.0,1.0,4.0,5.0,3.0,5.0,1.0,3,2,6,6,6,3,6,2,2,1,1,1,1,1,1,0,0,1,0,1,0,0,1,1,1,1,4,1,2,2,35,1,1,1,60,1,1,2
2320,2.0,2.0,2.0,5.0,3.0,2.0,1.0,3.0,5.0,4.0,3.0,4.0,2.0,2.0,4.0,4.0,1.0,3.0,5.0,1.0,2,3,6,5,7,3,7,5,7,4,1,1,1,1,1,1,1,1,0,1,1,1,1,1,1,1,3,2,2,1,36,1,1,1,60,1,3,2
2321,2.0,4.0,1.0,5.0,4.0,2.0,1.0,1.0,3.0,3.0,2.0,2.0,2.0,4.0,2.0,1.0,3.0,2.0,5.0,4.0,2,3,3,2,7,5,5,5,5,1,1,1,1,1,1,0,1,1,0,1,0,0,1,1,1,1,3,2,2,1,50,1,12,2,60,1,3,2
2322,4.0,2.0,4.0,3.0,3.0,5.0,2.0,2.0,5.0,4.0,3.0,2.0,1.0,2.0,3.0,4.0,4.0,4.0,5.0,2.0,2,2,6,3,5,7,7,5,6,3,1,1,0,1,1,0,0,0,0,1,0,1,1,1,1,1,2,2,1,2,20,1,10,1,70,2,1,2
2323,2.0,2.0,1.0,3.0,3.0,2.0,2.0,2.0,5.0,4.0,4.0,2.0,2.0,3.0,1.0,1.0,2.0,2.0,4.0,3.0,1,1,6,5,6,7,6,1,6,1,1,1,1,1,1,1,0,0,0,1,0,0,1,1,1,1,3,1,2,1,45,1,7,1,60,1,2,4
2324,4.0,3.0,2.0,3.0,4.0,2.0,2.0,3.0,5.0,3.0,2.0,4.0,4.0,3.0,2.0,2.0,1.0,2.0,5.0,3.0,1,5,7,2,6,6,3,1,7,2,1,1,1,1,1,0,0,1,0,1,0,0,1,1,1,1,4,1,2,1,36,1,1,1,60,1,1,3
2325,2.0,4.0,4.0,5.0,5.0,3.0,4.0,3.0,5.0,4.0,1.0,2.0,3.0,2.0,2.0,5.0,1.0,4.0,5.0,2.0,1,1,7,6,7,7,6,1,5,3,1,1,1,1,1,0,1,1,0,1,0,0,1,1,1,1,4,2,2,2,25,1,8,1,30,1,1,2
2326,3.0,3.0,4.0,5.0,2.0,2.0,3.0,2.0,5.0,4.0,2.0,2.0,2.0,4.0,4.0,4.0,3.0,2.0,5.0,1.0,4,1,5,6,6,4,7,7,5,1,1,1,0,1,1,0,0,0,0,1,0,0,1,1,1,1,3,2,2,1,36,1,4,1,60,1,3,2
2327,4.0,4.0,4.0,3.0,4.0,5.0,2.0,1.0,5.0,3.0,2.0,1.0,1.0,4.0,4.0,5.0,1.0,1.0,1.0,1.0,1,3,6,5,5,7,6,6,6,3,1,1,1,1,1,0,1,0,0,1,1,0,1,1,1,1,3,2,2,1,50,1,5,1,60,1,2,5
2328,1.0,1.0,3.0,3.0,1.0,4.0,4.0,4.0,5.0,4.0,3.0,2.0,4.0,1.0,2.0,1.0,5.0,4.0,5.0,3.0,2,5,6,2,7,5,4,3,6,1,1,1,1,1,1,0,1,1,0,1,1,0,1,1,1,1,2,2,2,1,55,1,1,1,60,1,2,3
2329,5.0,2.0,5.0,5.0,4.0,5.0,5.0,4.0,5.0,5.0,2.0,2.0,1.0,5.0,1.0,5.0,5.0,2.0,4.0,1.0,2,1,7,2,6,7,7,1,7,2,1,1,1,1,1,1,0,1,0,1,0,0,1,1,1,1,4,1,2,1,35,2,6,1,60,1,2,7
2330,1.0,1.0,2.0,4.0,4.0,5.0,4.0,5.0,5.0,5.0,1.0,5.0,3.0,1.0,1.0,2.0,4.0,4.0,5.0,3.0,2,7,6,2,6,7,6,6,3,2,1,1,0,1,1,0,0,1,0,1,0,0,1,1,1,1,3,2,1,1,33,1,2,1,30,2,1,2
2331,1.0,3.0,5.0,2.0,4.0,5.0,4.0,1.0,5.0,5.0,1.0,2.0,1.0,2.0,3.0,3.0,3.0,1.0,2.0,1.0,2,2,3,2,2,2,3,1,3,1,1,1,0,1,1,0,0,0,0,1,0,0,0,1,1,1,2,2,2,1,28,1,6,1,30,2,2,3
2332,2.0,4.0,1.0,3.0,3.0,1.0,2.0,4.0,5.0,5.0,2.0,5.0,1.0,1.0,3.0,2.0,4.0,1.0,5.0,2.0,1,5,6,5,3,6,6,1,7,5,1,1,1,1,1,0,1,0,0,1,0,0,1,1,1,1,2,2,2,1,19,1,2,5,60,1,2,5
2333,4.0,5.0,5.0,2.0,4.0,2.0,2.0,4.0,3.0,2.0,2.0,5.0,5.0,1.0,3.0,1.0,1.0,4.0,5.0,2.0,2,5,7,5,7,7,6,5,7,1,1,1,1,1,1,0,0,1,0,1,1,1,1,1,1,1,4,1,2,1,48,1,1,1,60,1,2,2
2334,1.0,1.0,2.0,4.0,4.0,1.0,1.0,1.0,5.0,2.0,1.0,1.0,2.0,2.0,4.0,1.0,2.0,4.0,5.0,1.0,2,6,2,6,3,4,6,7,2,4,1,1,0,1,1,0,0,1,0,1,0,0,1,1,1,1,2,2,1,1,20,1,1,1,60,1,1,4
2335,2.0,2.0,2.0,4.0,4.0,2.0,4.0,2.0,5.0,5.0,2.0,4.0,4.0,4.0,2.0,4.0,1.0,5.0,4.0,1.0,6,6,2,5,6,2,5,7,3,3,1,1,0,1,1,0,0,0,0,1,0,0,1,1,1,1,2,3,1,1,37,1,6,1,60,1,1,3
2336,3.0,2.0,4.0,3.0,4.0,1.0,1.0,2.0,5.0,4.0,2.0,4.0,2.0,3.0,3.0,1.0,1.0,5.0,5.0,2.0,2,5,6,4,7,6,3,3,6,1,1,1,0,1,1,0,0,1,0,1,0,0,0,1,1,1,2,3,2,2,23,1,1,1,60,2,1,2
2337,4.0,2.0,4.0,3.0,3.0,4.0,3.0,1.0,5.0,4.0,1.0,2.0,2.0,3.0,3.0,3.0,3.0,1.0,5.0,1.0,3,5,4,5,6,6,6,5,6,2,1,0,0,1,0,0,0,0,0,1,0,0,0,1,1,1,3,1,2,2,25,1,12,5,60,2,1,2
2338,4.0,4.0,3.0,4.0,2.0,2.0,3.0,3.0,5.0,4.0,3.0,3.0,3.0,4.0,4.0,4.0,2.0,4.0,4.0,3.0,5,5,6,5,5,5,7,3,6,3,1,1,1,1,1,0,0,0,0,1,0,0,1,1,1,1,3,1,2,1,42,1,1,1,60,1,2,2
2339,5.0,4.0,2.0,4.0,4.0,4.0,2.0,2.0,4.0,2.0,2.0,4.0,2.0,2.0,3.0,4.0,4.0,2.0,4.0,4.0,5,5,6,1,5,7,5,3,7,2,1,1,1,1,1,0,0,0,0,1,1,0,1,1,1,1,3,2,1,1,24,2,2,1,60,2,1,3
2340,1.0,3.0,5.0,5.0,5.0,5.0,2.0,5.0,5.0,4.0,1.0,5.0,3.0,1.0,4.0,5.0,4.0,1.0,5.0,5.0,6,5,7,2,6,1,7,1,6,1,1,1,1,1,1,1,1,1,0,1,0,1,1,1,1,1,4,3,2,2,45,1,2,1,10,1,3,2
2341,2.0,1.0,3.0,4.0,1.0,4.0,3.0,1.0,5.0,3.0,3.0,2.0,1.0,4.0,3.0,4.0,2.0,1.0,2.0,1.0,3,5,5,1,6,3,5,2,6,5,1,1,1,1,1,0,0,1,0,1,0,0,1,1,1,1,3,1,1,1,28,1,4,1,60,1,2,4
2342,5.0,5.0,2.0,1.0,4.0,1.0,1.0,2.0,1.0,1.0,2.0,3.0,4.0,2.0,5.0,2.0,1.0,4.0,5.0,2.0,5,6,3,2,7,3,6,7,7,2,1,1,0,1,1,0,0,0,0,1,0,0,1,1,1,1,3,1,1,1,19,1,2,1,60,1,2,2
2343,1.0,1.0,4.0,5.0,1.0,4.0,5.0,4.0,5.0,5.0,4.0,1.0,1.0,1.0,1.0,5.0,1.0,5.0,4.0,2.0,5,1,7,5,6,5,5,1,6,1,1,1,1,1,1,0,1,1,0,1,0,1,1,1,1,1,4,1,1,1,60,1,6,1,60,1,1,2
2344,3.0,1.0,5.0,3.0,5.0,5.0,5.0,1.0,5.0,5.0,3.0,5.0,1.0,3.0,1.0,5.0,1.0,1.0,5.0,4.0,2,5,4,5,5,4,3,3,5,1,1,1,0,1,1,0,0,1,0,1,0,0,1,1,1,1,4,3,2,1,33,1,12,1,60,1,3,2
2345,3.0,3.0,3.0,4.0,3.0,2.0,2.0,1.0,4.0,1.0,2.0,2.0,2.0,2.0,3.0,1.0,1.0,4.0,5.0,1.0,1,6,6,1,5,7,6,1,7,3,1,1,1,1,1,0,1,0,0,1,1,0,1,1,1,1,4,2,2,1,43,1,2,1,60,1,3,2
2346,1.0,1.0,3.0,2.0,3.0,5.0,5.0,3.0,5.0,5.0,2.0,5.0,1.0,1.0,1.0,4.0,2.0,2.0,3.0,2.0,3,5,6,1,6,5,5,4,4,2,1,1,1,1,1,0,0,1,1,1,1,1,1,1,1,1,2,3,2,1,31,1,2,1,60,1,1,3
2347,1.0,1.0,2.0,1.0,5.0,2.0,5.0,2.0,5.0,2.0,1.0,5.0,2.0,1.0,1.0,2.0,1.0,2.0,5.0,3.0,2,2,7,6,7,6,5,2,5,3,1,1,0,1,1,1,0,0,0,1,0,0,1,1,1,1,3,1,2,1,28,2,2,3,30,1,2,3
2348,5.0,4.0,1.0,1.0,5.0,2.0,2.0,5.0,5.0,2.0,1.0,5.0,2.0,1.0,5.0,1.0,1.0,5.0,5.0,2.0,1,2,7,4,7,5,5,2,7,1,1,1,1,1,1,0,1,1,0,1,1,0,1,1,1,1,4,2,2,1,42,1,2,2,60,1,2,2
2349,4.0,5.0,4.0,3.0,5.0,3.0,2.0,1.0,5.0,2.0,1.0,5.0,5.0,1.0,4.0,3.0,3.0,3.0,5.0,1.0,7,2,5,3,6,2,7,1,5,3,1,1,1,1,1,1,0,0,1,1,1,0,1,1,1,1,3,3,2,2,32,1,10,1,20,1,2,3
2350,5.0,5.0,5.0,1.0,5.0,1.0,1.0,5.0,5.0,5.0,1.0,5.0,1.0,1.0,5.0,1.0,1.0,5.0,5.0,1.0,2,1,7,1,6,7,7,6,7,1,1,1,1,1,1,0,0,1,0,1,0,0,1,1,1,1,3,3,2,1,33,1,3,1,30,2,1,3
2351,3.0,2.0,3.0,2.0,3.0,3.0,2.0,4.0,5.0,3.0,1.0,4.0,4.0,2.0,4.0,4.0,1.0,4.0,5.0,2.0,1,5,7,5,6,7,5,2,5,5,1,1,1,1,1,0,0,0,0,1,0,1,1,1,1,1,3,3,1,1,34,1,1,1,60,2,2,1
2352,5.0,5.0,2.0,4.0,5.0,1.0,1.0,1.0,2.0,2.0,1.0,4.0,1.0,2.0,2.0,1.0,1.0,2.0,5.0,1.0,3,1,5,1,6,1,7,5,7,1,1,1,1,1,1,0,1,1,0,1,0,1,1,1,1,1,4,2,2,1,40,1,2,4,60,1,3,1
2353,3.0,1.0,3.0,2.0,2.0,2.0,2.0,1.0,5.0,4.0,3.0,1.0,2.0,1.0,1.0,5.0,1.0,1.0,5.0,4.0,1,1,7,5,7,5,3,1,7,1,1,1,1,1,1,0,1,1,0,1,0,0,1,1,1,1,4,2,2,1,52,1,12,1,60,1,2,3
2354,1.0,1.0,5.0,2.0,4.0,2.0,2.0,5.0,5.0,4.0,1.0,4.0,4.0,1.0,3.0,5.0,1.0,4.0,5.0,4.0,6,5,6,5,5,2,5,1,3,3,1,1,1,1,1,0,1,0,0,1,1,1,1,1,1,1,2,3,1,1,46,2,6,1,60,2,2,2
2355,2.0,1.0,2.0,1.0,2.0,4.0,1.0,2.0,5.0,4.0,1.0,2.0,1.0,2.0,1.0,4.0,1.0,4.0,5.0,2.0,3,3,5,6,7,3,7,2,3,2,1,1,0,1,1,0,0,0,0,1,0,0,1,1,1,1,3,2,2,1,34,1,2,1,60,1,2,2
2356,2.0,2.0,5.0,4.0,1.0,4.0,2.0,2.0,5.0,5.0,2.0,5.0,3.0,3.0,4.0,5.0,1.0,2.0,5.0,1.0,5,4,5,4,6,2,4,2,4,3,1,1,0,1,1,0,0,0,0,1,0,0,1,1,1,1,3,1,1,1,42,1,3,1,60,1,2,2
2357,5.0,1.0,4.0,3.0,4.0,1.0,2.0,5.0,5.0,5.0,1.0,5.0,1.0,1.0,1.0,1.0,1.0,3.0,5.0,3.0,1,3,7,4,3,4,5,1,6,1,1,1,1,1,1,0,0,0,0,1,0,0,1,1,1,1,2,3,2,1,52,1,2,1,70,1,2,4
2358,5.0,4.0,1.0,1.0,4.0,1.0,1.0,2.0,2.0,1.0,1.0,5.0,5.0,3.0,5.0,1.0,1.0,4.0,5.0,4.0,5,4,2,1,6,3,4,4,7,1,1,1,0,1,1,0,1,0,0,1,0,0,1,1,1,1,3,3,1,1,21,1,1,1,70,1,1,3
2359,3.0,4.0,5.0,5.0,4.0,3.0,5.0,1.0,5.0,4.0,2.0,5.0,5.0,2.0,1.0,5.0,1.0,2.0,3.0,2.0,1,5,7,2,7,5,5,5,6,1,1,1,1,1,1,0,1,1,0,1,1,0,1,1,1,1,4,3,2,1,64,1,12,1,60,1,1,5
2360,4.0,3.0,4.0,4.0,3.0,2.0,2.0,1.0,5.0,2.0,1.0,5.0,3.0,2.0,5.0,4.0,2.0,2.0,4.0,1.0,3,2,6,5,7,3,7,5,6,1,1,1,1,1,1,0,1,1,0,1,0,0,1,1,1,1,3,2,2,1,35,1,2,2,60,1,3,2
2361,2.0,4.0,1.0,1.0,4.0,4.0,3.0,4.0,4.0,5.0,2.0,2.0,2.0,2.0,2.0,4.0,2.0,3.0,5.0,3.0,1,5,6,3,7,5,3,2,3,2,1,1,0,1,0,0,0,0,0,1,0,0,0,0,1,1,3,2,2,2,26,3,12,5,60,1,1,2
2362,2.0,1.0,4.0,4.0,4.0,5.0,5.0,3.0,5.0,4.0,1.0,4.0,1.0,4.0,2.0,2.0,1.0,2.0,5.0,3.0,2,1,6,6,7,7,6,3,4,3,1,1,1,1,1,0,0,0,1,1,0,0,1,1,1,1,2,3,2,1,29,1,1,5,60,2,3,3
2363,1.0,1.0,5.0,5.0,2.0,4.0,2.0,3.0,5.0,5.0,1.0,2.0,1.0,5.0,4.0,1.0,4.0,4.0,5.0,1.0,2,1,7,6,5,6,7,2,6,2,1,1,0,1,1,0,0,0,0,1,0,0,0,1,1,1,3,2,2,1,24,1,1,1,60,1,1,3
2364,4.0,4.0,2.0,4.0,4.0,4.0,2.0,4.0,5.0,2.0,2.0,4.0,2.0,4.0,5.0,4.0,2.0,4.0,4.0,1.0,5,2,6,5,6,7,6,2,7,2,0,1,1,1,0,0,0,0,0,1,0,0,1,1,1,1,4,2,2,1,45,1,4,1,60,1,2,3
2365,2.0,2.0,3.0,4.0,2.0,5.0,4.0,2.0,5.0,5.0,1.0,4.0,1.0,2.0,2.0,2.0,2.0,2.0,5.0,1.0,2,3,6,7,6,5,7,3,3,3,1,1,0,1,1,0,0,0,0,1,0,0,1,1,1,1,3,1,2,1,33,1,7,1,60,1,2,2
2366,2.0,3.0,4.0,4.0,4.0,4.0,4.0,2.0,5.0,5.0,2.0,4.0,4.0,1.0,1.0,4.0,2.0,4.0,4.0,2.0,7,6,3,7,5,5,6,2,1,1,1,1,1,1,1,0,0,0,0,1,0,0,1,1,1,1,2,3,2,1,30,1,12,2,60,1,1,3
2367,3.0,5.0,4.0,4.0,4.0,1.0,1.0,4.0,2.0,1.0,1.0,5.0,3.0,1.0,5.0,3.0,4.0,5.0,2.0,2.0,7,1,5,1,7,3,1,6,7,3,1,1,1,1,1,0,1,1,0,1,1,1,1,1,1,1,4,3,2,1,46,1,6,2,60,1,3,4
2368,3.0,5.0,2.0,4.0,5.0,1.0,1.0,1.0,2.0,1.0,1.0,5.0,5.0,1.0,4.0,1.0,5.0,5.0,5.0,3.0,7,5,2,7,7,4,7,6,1,1,1,1,0,1,1,0,0,0,0,0,0,0,0,1,1,1,4,3,1,2,26,1,8,1,10,2,1,2
2369,5.0,5.0,1.0,1.0,5.0,5.0,1.0,5.0,5.0,5.0,1.0,5.0,5.0,2.0,4.0,2.0,1.0,5.0,5.0,5.0,1,7,4,7,6,6,5,7,5,3,1,1,1,1,1,1,1,1,0,1,1,1,1,1,1,1,3,3,1,2,26,1,1,2,70,1,3,0
2370,2.0,1.0,3.0,4.0,4.0,3.0,1.0,4.0,5.0,3.0,1.0,4.0,5.0,2.0,1.0,5.0,1.0,4.0,5.0,3.0,1,5,7,5,7,5,6,1,6,1,1,1,1,1,1,0,1,1,0,1,1,1,0,1,1,1,3,2,2,2,37,1,2,1,60,1,1,2
2371,4.0,2.0,4.0,4.0,2.0,4.0,2.0,5.0,5.0,4.0,1.0,5.0,3.0,1.0,3.0,1.0,1.0,5.0,2.0,4.0,2,7,5,6,5,6,5,5,3,3,1,1,1,1,1,0,0,1,0,1,1,0,1,1,1,1,2,3,2,2,23,1,6,1,60,2,1,2
2372,3.0,2.0,4.0,3.0,4.0,1.0,1.0,4.0,5.0,4.0,2.0,1.0,3.0,4.0,3.0,4.0,1.0,3.0,4.0,3.0,6,6,7,3,7,2,7,6,2,1,1,1,1,1,1,0,1,0,0,1,1,0,1,1,1,1,3,1,2,1,48,1,1,4,60,2,2,3
2373,5.0,1.0,5.0,3.0,1.0,5.0,5.0,1.0,5.0,3.0,3.0,3.0,1.0,5.0,1.0,5.0,5.0,1.0,1.0,1.0,1,1,7,7,7,6,7,1,2,7,1,1,1,1,1,0,0,0,0,1,0,0,1,1,1,1,2,2,2,1,42,1,5,1,60,2,2,4
2374,3.0,4.0,4.0,5.0,1.0,3.0,3.0,3.0,5.0,2.0,1.0,4.0,4.0,4.0,3.0,4.0,2.0,4.0,4.0,2.0,5,3,6,4,6,2,7,3,5,1,1,0,1,1,1,0,0,0,0,1,0,1,1,1,1,1,2,2,2,1,25,3,6,1,60,1,2,1
2375,2.0,3.0,3.0,3.0,2.0,4.0,2.0,1.0,5.0,4.0,1.0,2.0,1.0,2.0,1.0,4.0,2.0,2.0,3.0,1.0,1,2,6,6,6,7,6,2,6,1,1,1,1,1,1,0,0,0,0,1,0,0,1,1,1,1,3,1,2,1,28,1,6,1,60,2,0,5
2376,4.0,2.0,1.0,4.0,4.0,2.0,1.0,4.0,4.0,1.0,3.0,4.0,1.0,3.0,4.0,3.0,1.0,5.0,5.0,5.0,2,6,7,5,6,6,5,1,6,1,1,1,0,1,0,0,0,0,0,1,1,0,1,1,1,1,4,3,2,2,33,1,2,2,60,2,2,2
2377,5.0,4.0,4.0,5.0,5.0,2.0,4.0,2.0,5.0,2.0,4.0,1.0,1.0,1.0,4.0,4.0,4.0,2.0,2.0,1.0,2,6,6,7,6,7,5,6,5,2,1,1,1,1,1,0,0,0,0,1,1,0,1,1,1,1,3,2,2,1,23,1,4,1,10,1,1,3
2378,5.0,3.0,1.0,1.0,4.0,1.0,1.0,5.0,1.0,1.0,2.0,4.0,5.0,1.0,5.0,1.0,1.0,2.0,5.0,3.0,4,2,6,1,4,6,2,5,7,4,1,1,1,1,1,0,0,1,0,1,0,0,1,1,1,1,4,1,1,1,45,1,12,1,60,1,3,2
2379,1.0,1.0,5.0,5.0,2.0,4.0,4.0,2.0,5.0,5.0,4.0,4.0,1.0,5.0,4.0,5.0,2.0,1.0,5.0,1.0,2,2,7,2,7,6,6,2,2,2,1,1,1,1,1,0,0,0,0,1,1,0,1,1,1,1,4,3,2,1,47,1,1,1,60,1,2,4
2380,1.0,1.0,5.0,4.0,1.0,4.0,3.0,5.0,5.0,5.0,1.0,4.0,1.0,1.0,1.0,5.0,1.0,2.0,5.0,1.0,4,2,6,2,7,7,7,1,7,1,1,1,0,1,1,1,0,1,0,1,0,0,1,1,1,1,4,3,2,2,43,3,1,2,60,1,3,2
2381,5.0,4.0,1.0,4.0,4.0,1.0,1.0,4.0,4.0,1.0,1.0,4.0,4.0,1.0,3.0,2.0,1.0,1.0,5.0,2.0,1,5,7,2,7,7,1,1,6,1,1,1,1,1,1,0,0,1,0,1,0,1,1,1,1,1,3,2,2,1,22,1,2,1,60,1,1,1
2382,1.0,1.0,5.0,2.0,1.0,4.0,2.0,1.0,5.0,4.0,2.0,1.0,3.0,1.0,1.0,1.0,1.0,1.0,2.0,1.0,1,5,6,2,6,0,7,1,6,1,1,1,1,1,1,0,1,1,0,1,1,0,1,1,1,1,4,3,1,1,67,1,6,0,0,1,2,2
2383,3.0,2.0,1.0,1.0,5.0,4.0,5.0,4.0,5.0,3.0,1.0,5.0,3.0,3.0,4.0,1.0,5.0,2.0,4.0,1.0,1,6,7,5,6,5,4,1,1,5,1,1,0,1,1,0,0,1,0,1,0,0,0,1,1,1,2,3,2,1,21,2,4,5,30,2,1,2
2384,4.0,4.0,4.0,4.0,4.0,2.0,3.0,3.0,5.0,4.0,2.0,4.0,2.0,3.0,1.0,2.0,2.0,1.0,1.0,1.0,2,2,3,5,3,5,6,5,5,5,0,0,0,0,0,0,0,0,0,0,0,0,0,0,0,0,3,3,2,2,40,1,10,1,10,1,2,8
2385,5.0,4.0,1.0,3.0,5.0,1.0,2.0,4.0,2.0,2.0,1.0,4.0,2.0,3.0,5.0,1.0,1.0,3.0,5.0,3.0,1,6,5,3,5,7,2,2,5,6,1,1,0,1,1,0,0,0,0,1,0,0,1,1,1,1,2,2,2,2,21,1,2,4,30,1,1,2
2386,2.0,1.0,5.0,3.0,3.0,4.0,4.0,3.0,5.0,4.0,3.0,5.0,2.0,3.0,2.0,4.0,4.0,2.0,4.0,2.0,5,5,4,5,7,5,6,5,3,1,1,1,0,1,1,1,0,0,0,1,0,0,1,1,1,1,2,2,1,1,21,1,1,1,60,2,1,3
2387,4.0,1.0,2.0,2.0,3.0,5.0,4.0,2.0,5.0,4.0,4.0,4.0,2.0,4.0,3.0,5.0,2.0,4.0,5.0,5.0,5,4,7,5,7,7,7,3,5,2,0,0,0,0,0,0,0,0,0,0,0,0,0,0,0,0,2,1,1,2,22,1,4,1,60,2,1,2
2388,1.0,5.0,1.0,1.0,5.0,3.0,1.0,3.0,5.0,1.0,1.0,4.0,5.0,1.0,2.0,1.0,1.0,5.0,5.0,5.0,1,4,2,4,7,7,1,6,7,1,1,1,0,1,1,0,1,0,0,1,0,0,1,1,1,1,4,3,2,1,42,1,1,0,50,1,3,5
2389,2.0,1.0,5.0,3.0,3.0,4.0,4.0,2.0,5.0,5.0,2.0,4.0,1.0,2.0,3.0,4.0,2.0,4.0,5.0,1.0,3,5,5,3,6,5,5,3,5,3,1,1,0,1,1,0,0,0,0,1,0,0,1,1,1,1,3,1,2,1,27,1,7,2,60,1,1,4
2390,1.0,1.0,1.0,1.0,5.0,1.0,1.0,1.0,1.0,5.0,1.0,5.0,1.0,1.0,1.0,5.0,5.0,1.0,1.0,1.0,4,7,3,5,5,2,6,5,3,1,1,1,1,1,1,0,1,1,0,1,0,0,1,1,1,1,3,2,1,1,33,1,2,1,60,2,1,2
2391,4.0,2.0,3.0,1.0,4.0,2.0,2.0,4.0,4.0,2.0,1.0,5.0,4.0,1.0,2.0,5.0,1.0,4.0,5.0,4.0,1,6,5,4,7,5,3,4,6,4,1,1,0,1,1,0,0,0,1,1,0,0,1,1,1,1,1,3,2,1,25,1,1,4,30,2,1,1
2392,4.0,4.0,2.0,4.0,5.0,1.0,1.0,5.0,4.0,5.0,1.0,5.0,4.0,3.0,4.0,2.0,1.0,4.0,5.0,1.0,3,1,5,2,7,7,6,6,7,4,1,1,0,1,1,1,0,1,0,1,0,0,1,1,1,1,2,3,2,1,29,1,6,2,60,1,3,3
2393,4.0,3.0,5.0,3.0,4.0,1.0,1.0,1.0,1.0,2.0,1.0,2.0,1.0,1.0,5.0,1.0,1.0,5.0,5.0,1.0,1,4,5,6,7,7,7,7,1,1,1,1,1,1,1,0,0,1,0,1,0,0,1,1,1,1,3,2,2,1,27,1,12,3,60,2,1,2
2394,3.0,4.0,4.0,4.0,2.0,2.0,2.0,1.0,4.0,4.0,2.0,2.0,1.0,2.0,3.0,2.0,2.0,4.0,4.0,2.0,7,1,6,1,6,2,6,5,6,5,1,1,0,1,1,0,0,0,0,1,0,1,1,1,1,1,3,1,2,1,36,1,1,1,60,2,3,3
2395,5.0,5.0,2.0,3.0,4.0,3.0,2.0,4.0,4.0,4.0,2.0,4.0,5.0,1.0,5.0,5.0,2.0,5.0,4.0,4.0,5,5,3,1,7,4,5,3,7,1,1,1,0,1,1,1,0,0,0,1,0,0,1,1,1,1,2,3,1,2,26,1,4,3,50,1,1,3
2396,4.0,3.0,4.0,2.0,3.0,4.0,2.0,2.0,4.0,2.0,1.0,5.0,4.0,2.0,1.0,5.0,2.0,4.0,1.0,5.0,1,2,7,3,6,7,2,4,6,2,1,1,1,1,1,0,1,0,0,1,1,0,1,1,1,1,3,2,2,1,41,1,4,4,60,1,1,1
2397,3.0,3.0,4.0,2.0,4.0,3.0,2.0,2.0,5.0,4.0,2.0,3.0,3.0,1.0,3.0,1.0,1.0,1.0,5.0,1.0,3,5,6,1,7,5,3,5,7,2,1,1,1,1,1,0,1,1,0,1,0,0,1,1,1,1,4,2,1,1,28,1,2,1,60,2,1,3
2398,5.0,4.0,3.0,3.0,5.0,4.0,2.0,4.0,5.0,5.0,1.0,4.0,1.0,1.0,1.0,1.0,1.0,1.0,5.0,1.0,5,6,3,3,7,4,5,6,7,1,1,1,1,1,1,1,0,0,0,1,0,0,1,1,1,1,2,2,1,2,41,1,1,2,70,2,3,3
2399,4.0,4.0,4.0,4.0,5.0,5.0,3.0,4.0,5.0,5.0,1.0,5.0,3.0,3.0,4.0,3.0,3.0,5.0,5.0,5.0,5,6,4,7,5,6,7,6,4,3,1,1,0,1,1,0,0,1,0,1,0,0,1,1,1,1,4,2,1,2,30,1,2,1,10,1,1,2
2400,2.0,1.0,5.0,1.0,1.0,5.0,5.0,3.0,5.0,5.0,1.0,1.0,1.0,2.0,1.0,5.0,1.0,4.0,5.0,1.0,1,4,5,7,2,5,6,1,1,2,1,1,0,1,1,0,0,0,0,1,0,0,1,1,1,1,0,2,2,2,34,1,9,1,70,2,2,2
2401,1.0,4.0,1.0,3.0,2.0,5.0,2.0,1.0,5.0,5.0,2.0,2.0,2.0,3.0,3.0,1.0,2.0,1.0,5.0,1.0,1,5,7,5,2,4,5,1,2,2,1,1,1,1,1,0,1,1,0,1,1,0,1,1,1,1,3,1,2,1,49,1,2,1,60,2,3,2
2402,4.0,2.0,4.0,5.0,1.0,5.0,2.0,2.0,5.0,5.0,1.0,1.0,2.0,4.0,4.0,2.0,2.0,3.0,5.0,1.0,6,5,4,5,7,5,7,5,6,2,1,1,0,1,1,0,0,1,0,1,0,0,1,1,0,1,3,2,2,1,23,1,6,4,30,1,1,2
2403,3.0,2.0,5.0,3.0,5.0,4.0,4.0,4.0,5.0,4.0,1.0,4.0,2.0,4.0,3.0,4.0,2.0,3.0,5.0,1.0,4,5,7,5,5,4,6,5,5,6,1,1,1,1,1,1,0,0,0,1,0,0,1,1,1,1,3,3,2,1,44,1,12,1,60,2,2,3
2404,4.0,4.0,2.0,3.0,4.0,3.0,2.0,4.0,3.0,1.0,1.0,4.0,4.0,1.0,5.0,4.0,1.0,5.0,5.0,3.0,2,1,5,5,5,7,6,4,5,3,1,1,1,1,1,0,0,0,0,1,0,1,1,1,1,1,3,2,2,1,34,3,4,2,60,1,1,2
2405,1.0,1.0,3.0,2.0,2.0,5.0,4.0,1.0,5.0,5.0,1.0,4.0,2.0,1.0,3.0,3.0,2.0,2.0,4.0,1.0,2,6,6,7,7,7,5,1,1,2,1,1,0,1,1,0,0,0,0,1,0,0,1,1,1,1,4,2,2,1,25,1,1,1,30,1,1,3
2406,5.0,1.0,5.0,4.0,5.0,1.0,1.0,5.0,2.0,1.0,4.0,5.0,4.0,1.0,4.0,2.0,1.0,5.0,5.0,4.0,1,6,7,1,5,7,7,2,7,1,1,1,1,1,1,1,1,1,1,1,1,1,1,1,1,1,3,1,1,1,19,1,10,1,70,1,1,1
2407,2.0,1.0,2.0,5.0,3.0,2.0,2.0,2.0,5.0,5.0,1.0,4.0,5.0,3.0,2.0,1.0,3.0,2.0,5.0,1.0,5,2,6,1,6,4,6,2,7,3,1,1,0,1,1,0,0,1,0,1,0,0,1,1,1,1,3,3,1,1,28,1,7,1,30,1,2,2
2408,2.0,1.0,4.0,4.0,2.0,2.0,2.0,2.0,4.0,2.0,2.0,4.0,2.0,2.0,2.0,4.0,2.0,2.0,5.0,1.0,2,2,6,7,7,5,6,1,3,1,1,1,1,1,1,0,1,1,0,1,0,1,1,1,1,1,4,2,2,1,28,2,2,1,60,1,2,2
2409,2.0,4.0,5.0,4.0,2.0,4.0,4.0,4.0,5.0,2.0,4.0,2.0,1.0,4.0,2.0,4.0,1.0,3.0,3.0,1.0,2,2,6,5,7,6,7,5,6,2,1,1,1,1,1,0,0,0,0,1,0,0,1,1,1,1,3,3,2,2,20,1,10,1,70,1,1,2
2410,2.0,2.0,5.0,4.0,5.0,5.0,5.0,4.0,5.0,4.0,3.0,4.0,4.0,3.0,3.0,4.0,1.0,4.0,4.0,2.0,6,3,6,4,5,5,6,5,6,5,1,1,1,1,1,0,0,0,0,1,0,0,1,1,1,1,2,3,2,2,21,1,5,1,70,2,1,2
2411,2.0,2.0,4.0,2.0,3.0,3.0,2.0,2.0,3.0,5.0,1.0,4.0,4.0,1.0,3.0,4.0,2.0,4.0,3.0,2.0,1,3,6,5,6,6,2,1,3,1,1,1,1,1,1,0,1,1,0,1,1,0,1,1,1,1,4,2,2,1,53,1,1,5,60,1,2,2
2412,3.0,2.0,5.0,4.0,2.0,5.0,3.0,2.0,5.0,5.0,2.0,3.0,3.0,4.0,4.0,5.0,5.0,4.0,5.0,4.0,4,3,5,6,4,6,5,5,3,1,1,1,1,1,1,0,0,1,0,1,0,0,1,1,1,1,3,1,2,1,27,3,3,2,60,2,2,4
2413,3.0,3.0,2.0,4.0,5.0,2.0,1.0,2.0,4.0,3.0,1.0,4.0,4.0,2.0,4.0,1.0,1.0,4.0,4.0,3.0,5,5,6,3,7,6,5,5,3,2,1,1,1,1,1,1,1,0,0,1,1,0,1,1,1,1,4,2,2,1,29,1,12,2,60,1,3,2
2414,4.0,1.0,4.0,5.0,1.0,4.0,2.0,1.0,5.0,5.0,3.0,2.0,1.0,3.0,1.0,5.0,4.0,1.0,3.0,1.0,2,1,3,5,5,7,6,5,6,1,1,1,1,1,1,0,0,0,0,1,0,0,1,1,1,1,4,3,2,1,52,1,7,1,60,1,1,3
2415,1.0,1.0,3.0,3.0,5.0,4.0,2.0,1.0,5.0,1.0,1.0,5.0,5.0,2.0,5.0,2.0,3.0,4.0,5.0,1.0,4,4,7,3,5,7,7,5,4,5,1,1,0,1,1,0,0,0,0,1,0,0,1,1,1,1,3,3,2,1,47,1,7,1,70,1,2,3
2416,5.0,4.0,2.0,4.0,4.0,2.0,1.0,2.0,4.0,2.0,1.0,4.0,4.0,2.0,5.0,2.0,1.0,5.0,5.0,1.0,6,2,4,6,7,6,6,3,3,2,1,1,1,1,1,0,0,0,0,1,0,0,1,1,1,1,3,3,1,1,30,1,2,1,10,2,1,2
2417,1.0,1.0,1.0,5.0,2.0,5.0,4.0,1.0,5.0,5.0,3.0,3.0,1.0,4.0,2.0,2.0,2.0,1.0,5.0,1.0,3,6,3,6,5,4,6,3,3,5,0,1,0,1,1,0,0,0,0,1,1,0,1,1,1,1,3,1,2,1,48,1,6,1,60,1,1,4
2418,4.0,4.0,5.0,4.0,4.0,4.0,2.0,5.0,4.0,2.0,1.0,4.0,2.0,2.0,3.0,2.0,1.0,4.0,4.0,1.0,3,6,6,2,7,7,5,3,7,1,1,1,0,1,1,1,0,0,0,1,1,1,1,1,1,1,3,3,2,1,28,1,2,1,30,2,2,2
2419,4.0,5.0,4.0,2.0,4.0,5.0,2.0,5.0,5.0,2.0,1.0,5.0,4.0,5.0,4.0,5.0,2.0,5.0,4.0,4.0,3,5,5,6,5,6,5,5,3,3,0,1,0,0,1,0,0,1,0,0,0,0,1,1,0,1,3,1,2,2,24,1,7,1,70,1,1,1
2420,3.0,4.0,1.0,5.0,4.0,3.0,2.0,4.0,5.0,5.0,1.0,4.0,5.0,3.0,3.0,3.0,1.0,3.0,5.0,1.0,1,4,7,7,2,7,7,1,3,1,1,1,0,1,1,0,0,0,0,1,0,0,1,1,0,1,4,3,2,1,35,1,12,1,60,2,1,2
2421,2.0,3.0,3.0,3.0,5.0,3.0,2.0,4.0,4.0,1.0,3.0,5.0,2.0,1.0,4.0,3.0,2.0,5.0,5.0,1.0,3,7,3,6,7,6,6,5,3,1,1,1,1,1,1,0,0,1,1,1,0,0,1,1,1,1,4,2,1,1,34,1,4,1,60,1,2,2
2422,2.0,1.0,4.0,1.0,4.0,4.0,3.0,2.0,5.0,5.0,2.0,4.0,4.0,1.0,1.0,2.0,1.0,3.0,1.0,4.0,1,6,3,7,7,7,5,4,3,4,1,1,1,1,1,1,1,1,0,1,1,1,1,1,1,1,3,1,2,1,33,1,6,1,70,2,1,3
2423,2.0,2.0,2.0,4.0,2.0,1.0,1.0,4.0,3.0,4.0,1.0,4.0,2.0,1.0,3.0,1.0,5.0,4.0,4.0,2.0,2,2,5,6,5,7,5,5,6,5,1,1,0,1,1,0,0,0,0,1,1,0,1,1,1,1,4,2,1,1,32,1,2,1,60,1,1,3
2424,4.0,5.0,2.0,3.0,5.0,5.0,2.0,5.0,3.0,1.0,1.0,5.0,4.0,1.0,5.0,3.0,1.0,4.0,5.0,5.0,7,7,3,6,5,1,7,5,3,3,1,1,1,1,1,0,0,0,0,1,0,0,1,1,1,1,2,3,2,2,27,1,2,1,60,1,1,2
2425,4.0,3.0,1.0,1.0,2.0,4.0,2.0,5.0,5.0,2.0,1.0,2.0,4.0,1.0,4.0,1.0,5.0,3.0,4.0,3.0,5,7,5,3,6,5,2,6,6,1,0,1,0,0,1,1,0,1,0,1,0,1,1,0,0,0,3,3,1,2,24,2,1,1,60,1,1,3
2426,5.0,1.0,5.0,2.0,2.0,3.0,2.0,5.0,5.0,3.0,1.0,5.0,3.0,2.0,2.0,4.0,5.0,4.0,4.0,4.0,6,6,5,7,6,2,5,1,6,5,1,1,0,1,1,0,0,1,0,0,0,0,1,1,1,1,3,3,2,2,31,1,2,1,60,2,1,2
2427,4.0,4.0,2.0,1.0,4.0,4.0,1.0,4.0,4.0,5.0,1.0,5.0,3.0,1.0,5.0,4.0,2.0,3.0,5.0,1.0,6,7,7,3,7,7,5,1,7,6,1,1,1,1,1,1,1,1,1,1,1,1,1,1,1,1,3,3,2,1,23,1,12,1,30,1,1,1
2428,5.0,1.0,2.0,5.0,1.0,5.0,4.0,4.0,5.0,5.0,1.0,1.0,1.0,2.0,4.0,5.0,4.0,1.0,2.0,1.0,1,5,6,2,7,7,7,1,7,2,1,1,0,1,1,0,0,0,0,1,0,0,1,0,1,1,3,1,1,1,36,1,5,1,0,1,3,5
2429,2.0,2.0,2.0,4.0,4.0,2.0,2.0,4.0,2.0,2.0,2.0,4.0,2.0,2.0,4.0,2.0,2.0,4.0,4.0,3.0,2,5,4,5,4,6,5,6,5,4,1,1,0,1,1,0,0,1,0,1,0,0,0,1,1,1,3,3,1,2,23,2,2,1,10,2,1,2
2430,4.0,4.0,1.0,2.0,4.0,2.0,1.0,4.0,3.0,3.0,1.0,5.0,5.0,2.0,3.0,1.0,5.0,4.0,5.0,2.0,5,3,4,2,6,5,5,5,6,6,1,1,1,1,1,0,0,0,0,1,0,0,1,1,1,1,2,2,1,1,22,1,4,1,60,1,1,3
2431,5.0,4.0,4.0,2.0,3.0,2.0,1.0,4.0,3.0,2.0,3.0,1.0,1.0,1.0,3.0,4.0,2.0,2.0,5.0,2.0,7,5,5,2,7,1,4,5,4,1,0,1,1,1,1,0,0,1,0,1,0,0,0,1,1,1,3,2,2,2,25,1,2,1,60,1,1,2
2432,1.0,2.0,2.0,3.0,2.0,3.0,2.0,2.0,5.0,2.0,2.0,2.0,2.0,3.0,2.0,4.0,2.0,1.0,5.0,1.0,3,5,6,3,6,5,4,3,5,2,1,1,0,1,1,0,0,0,0,1,0,0,1,1,1,1,3,2,2,1,40,1,1,1,30,1,1,1
2433,1.0,1.0,5.0,5.0,1.0,5.0,5.0,1.0,5.0,5.0,2.0,5.0,1.0,5.0,1.0,4.0,1.0,1.0,5.0,1.0,5,7,6,1,6,4,6,2,6,1,1,1,0,1,1,0,0,1,0,1,0,0,0,1,1,1,4,2,1,2,61,1,6,1,60,2,2,3
2434,2.0,3.0,5.0,4.0,4.0,2.0,2.0,4.0,4.0,2.0,1.0,5.0,2.0,2.0,4.0,2.0,2.0,2.0,5.0,4.0,1,6,6,3,6,7,3,4,6,3,1,1,1,1,1,0,1,1,0,1,1,0,1,1,1,1,4,2,2,1,27,1,4,1,60,1,1,2
2435,4.0,4.0,1.0,5.0,5.0,2.0,2.0,1.0,2.0,1.0,1.0,4.0,4.0,1.0,5.0,1.0,3.0,5.0,4.0,1.0,5,6,6,4,7,5,6,6,6,1,1,1,1,1,1,0,0,1,0,1,1,0,1,1,1,1,3,1,1,2,27,1,4,1,60,2,1,3
2436,5.0,5.0,5.0,5.0,3.0,1.0,1.0,5.0,1.0,2.0,1.0,5.0,1.0,1.0,3.0,1.0,5.0,5.0,5.0,5.0,2,7,7,2,7,3,1,2,1,1,1,1,1,1,1,1,1,1,1,1,1,1,0,1,1,1,2,3,2,2,16,3,2,2,60,2,1,2
2437,3.0,4.0,3.0,4.0,5.0,3.0,2.0,5.0,5.0,2.0,4.0,5.0,4.0,1.0,4.0,3.0,2.0,4.0,5.0,3.0,5,5,6,4,6,5,6,5,7,4,1,1,0,1,1,0,1,0,0,1,0,0,1,1,1,1,3,3,1,2,24,1,8,1,0,2,1,2
2438,5.0,2.0,1.0,4.0,5.0,2.0,2.0,5.0,5.0,2.0,3.0,5.0,5.0,1.0,1.0,1.0,1.0,5.0,1.0,5.0,6,1,5,5,7,4,7,3,2,1,1,1,0,1,1,0,0,0,0,1,0,0,1,1,1,1,4,3,2,2,20,1,8,1,10,2,1,2
2439,5.0,5.0,1.0,5.0,5.0,1.0,1.0,5.0,1.0,5.0,1.0,5.0,3.0,1.0,5.0,2.0,1.0,3.0,5.0,3.0,1,6,7,5,7,7,5,6,7,1,1,1,0,1,1,0,0,1,0,1,0,0,0,1,1,0,3,3,1,2,24,1,2,1,30,2,1,4
2440,1.0,1.0,4.0,4.0,2.0,3.0,2.0,3.0,5.0,5.0,2.0,2.0,1.0,3.0,2.0,4.0,4.0,3.0,4.0,1.0,2,1,6,5,6,6,7,1,4,2,1,1,0,1,1,0,0,0,0,1,0,1,1,1,1,1,2,3,2,1,21,1,2,2,60,2,3,1
2441,5.0,4.0,1.0,1.0,5.0,2.0,1.0,4.0,3.0,1.0,3.0,5.0,4.0,1.0,5.0,1.0,1.0,3.0,3.0,3.0,2,5,3,6,2,4,3,5,1,6,1,1,1,0,1,0,0,1,0,1,0,0,1,1,1,1,3,2,1,1,22,1,4,3,60,1,1,1
2442,4.0,5.0,5.0,2.0,4.0,4.0,1.0,5.0,5.0,2.0,2.0,2.0,2.0,1.0,2.0,1.0,1.0,2.0,4.0,2.0,2,1,5,6,5,6,6,4,3,3,1,1,0,1,1,0,0,1,0,1,0,0,1,1,1,1,3,2,2,2,21,1,7,1,60,2,1,2
2443,1.0,1.0,1.0,5.0,4.0,2.0,1.0,1.0,5.0,4.0,2.0,4.0,2.0,3.0,1.0,1.0,5.0,4.0,4.0,1.0,1,7,5,5,5,6,4,3,5,2,1,1,0,1,1,0,1,1,0,1,1,0,1,1,1,1,3,3,2,1,59,1,1,1,30,1,3,4
2444,4.0,1.0,5.0,1.0,2.0,4.0,4.0,4.0,5.0,5.0,3.0,3.0,2.0,1.0,1.0,1.0,2.0,2.0,1.0,1.0,1,3,7,4,7,7,5,1,7,1,1,1,1,1,1,1,0,1,0,1,1,0,1,1,1,1,3,2,2,1,51,2,6,1,60,1,2,2
2445,2.0,2.0,4.0,3.0,3.0,4.0,4.0,1.0,5.0,2.0,4.0,4.0,2.0,2.0,5.0,4.0,4.0,3.0,5.0,1.0,6,5,7,2,6,4,5,2,6,4,1,1,1,1,1,0,1,1,0,1,0,0,1,1,1,1,4,1,2,1,31,1,4,1,60,1,2,2
2446,4.0,4.0,2.0,3.0,4.0,1.0,1.0,5.0,3.0,2.0,2.0,5.0,4.0,4.0,4.0,2.0,1.0,3.0,5.0,1.0,3,5,3,5,6,7,5,5,3,3,1,1,1,1,1,0,0,0,0,1,0,0,1,1,1,1,2,2,1,1,24,1,12,2,70,2,1,2
2447,1.0,1.0,4.0,4.0,1.0,4.0,4.0,1.0,4.0,5.0,2.0,1.0,2.0,2.0,3.0,1.0,4.0,2.0,5.0,1.0,7,6,3,7,7,1,6,6,3,1,1,1,1,1,1,0,0,1,0,1,1,0,1,1,1,1,4,2,3,1,38,1,1,5,60,1,1,3
2448,5.0,4.0,2.0,1.0,1.0,1.0,1.0,4.0,1.0,1.0,2.0,4.0,1.0,1.0,4.0,5.0,1.0,4.0,5.0,2.0,1,6,1,7,7,6,3,7,1,3,1,1,1,1,1,0,1,1,0,1,0,1,1,1,1,1,2,2,3,1,19,3,1,2,10,2,1,2
2449,1.0,3.0,2.0,1.0,5.0,5.0,1.0,3.0,3.0,2.0,3.0,5.0,4.0,2.0,1.0,1.0,1.0,4.0,5.0,2.0,1,4,4,6,6,7,3,4,1,2,0,1,1,1,1,0,0,1,0,1,0,0,0,1,1,1,4,3,2,2,25,1,2,1,60,1,1,3
2450,4.0,2.0,3.0,3.0,4.0,3.0,4.0,3.0,3.0,3.0,3.0,4.0,4.0,3.0,4.0,3.0,2.0,4.0,5.0,1.0,5,5,5,5,5,5,5,5,5,4,1,1,1,1,1,1,1,1,1,1,1,1,1,1,1,1,2,3,2,1,24,3,12,5,70,1,1,2
2451,2.0,5.0,1.0,1.0,2.0,4.0,2.0,1.0,5.0,3.0,1.0,4.0,1.0,2.0,1.0,1.0,1.0,2.0,5.0,1.0,6,6,7,2,5,5,2,5,5,1,1,1,0,1,1,0,0,0,0,1,0,0,1,1,1,1,3,2,1,2,20,1,7,1,70,1,1,3
2452,2.0,2.0,5.0,5.0,4.0,4.0,4.0,4.0,5.0,4.0,2.0,4.0,2.0,4.0,2.0,2.0,2.0,2.0,4.0,1.0,1,2,5,5,7,6,6,1,5,3,1,1,1,1,1,0,1,0,0,1,0,0,1,1,1,1,4,2,2,2,23,1,2,1,10,2,1,2
2453,3.0,3.0,5.0,3.0,2.0,5.0,3.0,2.0,5.0,5.0,1.0,4.0,1.0,3.0,1.0,5.0,1.0,3.0,5.0,3.0,2,4,6,1,7,5,4,3,7,1,1,1,1,1,1,1,1,1,1,1,1,1,1,1,1,1,4,2,2,2,44,1,1,1,10,1,2,7
2454,5.0,5.0,2.0,4.0,5.0,2.0,2.0,1.0,4.0,1.0,2.0,5.0,4.0,3.0,5.0,5.0,2.0,4.0,2.0,1.0,5,3,7,5,6,5,6,5,5,3,1,1,0,1,1,1,0,0,0,1,0,0,1,1,1,1,3,3,2,1,29,2,1,2,20,1,2,3
2455,5.0,4.0,4.0,1.0,4.0,4.0,2.0,4.0,4.0,4.0,2.0,5.0,2.0,2.0,4.0,4.0,2.0,1.0,3.0,2.0,6,2,5,2,5,2,5,3,6,1,1,1,0,1,1,0,0,0,0,1,0,0,1,1,1,1,3,2,1,1,19,2,6,1,60,1,1,5
2456,4.0,5.0,4.0,2.0,5.0,2.0,1.0,5.0,4.0,1.0,1.0,2.0,3.0,4.0,4.0,1.0,1.0,1.0,5.0,2.0,2,7,6,5,7,3,3,3,5,2,1,1,1,1,1,0,0,1,0,1,0,0,1,1,1,1,3,1,1,1,27,1,1,1,60,2,2,2
2457,1.0,2.0,5.0,5.0,4.0,5.0,4.0,2.0,5.0,5.0,4.0,1.0,1.0,4.0,4.0,2.0,3.0,3.0,5.0,1.0,2,5,2,5,2,5,6,6,3,1,1,1,0,1,1,0,0,1,0,1,0,0,1,1,1,1,2,3,1,2,25,2,2,2,60,1,1,2
2458,4.0,2.0,4.0,5.0,4.0,5.0,2.0,4.0,5.0,4.0,5.0,4.0,4.0,2.0,2.0,2.0,2.0,2.0,4.0,1.0,1,3,6,3,3,7,7,5,6,3,1,1,1,1,1,0,0,0,0,1,0,0,1,1,1,1,3,3,2,1,45,1,7,1,30,1,3,2
2459,3.0,3.0,3.0,3.0,3.0,4.0,1.0,1.0,5.0,4.0,1.0,4.0,4.0,1.0,3.0,3.0,1.0,4.0,5.0,2.0,1,1,3,1,6,7,2,5,7,2,1,1,0,1,1,0,0,1,0,1,0,0,1,1,1,1,2,2,1,1,29,1,2,1,60,2,1,2
2460,5.0,5.0,2.0,4.0,5.0,1.0,1.0,5.0,4.0,2.0,2.0,5.0,4.0,4.0,5.0,1.0,2.0,4.0,2.0,1.0,5,5,3,5,6,5,6,6,3,4,1,1,0,1,1,0,0,0,0,1,0,0,1,1,1,1,2,3,1,2,20,1,8,1,70,2,1,3
2461,5.0,3.0,1.0,5.0,5.0,1.0,1.0,5.0,3.0,2.0,3.0,5.0,4.0,1.0,2.0,1.0,1.0,5.0,5.0,5.0,6,5,7,2,6,4,5,3,6,1,1,1,1,1,1,1,1,1,0,1,1,0,1,1,1,1,4,3,1,1,48,1,1,1,60,2,2,10
2462,5.0,1.0,1.0,1.0,5.0,1.0,1.0,5.0,1.0,1.0,1.0,5.0,1.0,1.0,5.0,1.0,1.0,5.0,5.0,5.0,1,7,7,7,1,5,1,1,3,1,1,1,0,1,1,0,0,0,0,1,0,0,0,0,1,1,3,3,1,1,23,2,1,1,30,2,1,5
2463,3.0,3.0,4.0,4.0,4.0,4.0,4.0,3.0,4.0,2.0,2.0,4.0,4.0,3.0,4.0,4.0,2.0,2.0,4.0,4.0,1,2,6,1,5,7,2,1,6,3,1,1,1,1,1,0,1,1,0,1,0,0,1,1,1,1,3,2,2,1,45,1,1,1,50,1,3,3
2464,1.0,1.0,4.0,1.0,4.0,5.0,1.0,2.0,5.0,5.0,1.0,4.0,1.0,1.0,4.0,4.0,2.0,1.0,5.0,1.0,1,5,6,6,6,6,3,5,6,7,1,1,1,1,1,0,0,1,0,1,1,0,1,1,1,1,3,1,1,2,25,1,1,3,10,1,1,0
2465,5.0,3.0,3.0,4.0,5.0,2.0,1.0,1.0,2.0,1.0,2.0,4.0,4.0,1.0,4.0,3.0,5.0,5.0,5.0,3.0,6,3,5,5,7,6,6,5,2,2,1,1,0,1,1,0,0,0,0,1,0,0,1,1,1,1,4,3,1,1,27,1,1,1,70,1,1,1
2466,5.0,5.0,1.0,2.0,5.0,1.0,1.0,5.0,1.0,1.0,2.0,5.0,5.0,1.0,5.0,2.0,1.0,4.0,4.0,4.0,2,6,7,3,7,5,1,1,4,1,1,1,1,1,1,1,1,1,0,1,1,0,1,1,1,1,3,2,1,2,15,3,4,3,60,2,1,2
2467,2.0,4.0,5.0,5.0,2.0,4.0,2.0,4.0,5.0,4.0,2.0,1.0,2.0,4.0,4.0,5.0,2.0,5.0,5.0,2.0,5,2,7,6,5,5,6,1,5,6,1,1,1,1,1,0,1,1,0,1,1,1,1,1,1,1,3,2,2,1,61,1,2,1,60,1,3,1
2468,2.0,2.0,4.0,3.0,3.0,4.0,2.0,4.0,4.0,4.0,1.0,2.0,4.0,2.0,4.0,2.0,2.0,3.0,5.0,2.0,1,3,6,2,6,7,3,5,7,4,1,1,1,1,1,1,0,0,0,1,0,1,1,1,1,1,3,2,1,1,50,1,12,1,60,1,1,2
2469,1.0,1.0,4.0,4.0,2.0,4.0,4.0,1.0,5.0,5.0,1.0,4.0,1.0,4.0,1.0,1.0,4.0,4.0,5.0,1.0,1,6,7,7,6,7,7,4,4,4,0,0,0,1,1,0,0,0,0,1,0,0,0,0,1,1,3,1,2,1,21,1,2,1,60,2,1,2
2470,3.0,4.0,2.0,2.0,4.0,3.0,2.0,4.0,3.0,3.0,1.0,5.0,2.0,2.0,4.0,1.0,1.0,5.0,5.0,1.0,6,6,7,2,6,6,2,2,4,4,1,1,0,1,1,0,0,1,0,1,1,0,1,1,1,1,4,1,1,2,32,1,4,3,60,1,1,4
2471,3.0,1.0,5.0,1.0,4.0,5.0,5.0,5.0,5.0,4.0,1.0,5.0,4.0,1.0,4.0,2.0,1.0,1.0,4.0,5.0,2,1,7,2,6,5,5,1,7,2,1,1,1,1,1,1,0,1,0,1,1,0,1,1,1,1,4,1,2,1,36,1,6,1,60,2,3,2
2472,5.0,1.0,1.0,1.0,3.0,4.0,5.0,2.0,3.0,5.0,1.0,5.0,5.0,1.0,3.0,1.0,1.0,5.0,5.0,3.0,1,4,5,4,7,7,1,4,7,1,0,0,0,1,0,0,0,0,0,0,0,0,0,0,0,0,2,3,2,2,18,1,1,4,10,2,1,3
2473,4.0,1.0,1.0,4.0,2.0,5.0,5.0,4.0,1.0,1.0,1.0,5.0,3.0,2.0,1.0,2.0,3.0,1.0,1.0,1.0,5,3,5,6,6,2,6,6,6,5,1,1,0,1,0,0,0,0,0,1,0,0,0,0,1,1,3,1,2,2,27,1,10,1,10,1,2,2
2474,1.0,5.0,2.0,1.0,5.0,5.0,5.0,5.0,5.0,4.0,1.0,3.0,5.0,3.0,1.0,5.0,2.0,5.0,1.0,5.0,5,7,7,4,7,7,2,1,7,4,1,1,0,1,1,0,0,1,0,1,0,0,1,1,1,1,0,2,2,1,19,1,4,2,10,2,1,0
2475,1.0,1.0,3.0,4.0,3.0,5.0,1.0,2.0,5.0,5.0,1.0,4.0,5.0,2.0,2.0,1.0,5.0,4.0,4.0,5.0,5,2,6,1,7,3,5,6,2,5,1,1,1,1,1,0,0,0,0,1,0,0,1,1,1,1,4,1,2,2,25,1,8,1,10,1,1,2
2476,2.0,1.0,5.0,2.0,4.0,4.0,2.0,1.0,5.0,4.0,3.0,4.0,2.0,1.0,1.0,2.0,4.0,4.0,4.0,5.0,2,5,7,2,5,6,3,2,7,5,1,1,0,1,1,0,0,0,0,1,0,0,1,1,1,1,3,3,2,1,42,1,6,1,60,1,3,3
2477,5.0,1.0,5.0,5.0,5.0,4.0,2.0,2.0,5.0,4.0,2.0,5.0,4.0,1.0,1.0,2.0,2.0,4.0,4.0,1.0,2,2,6,7,6,7,6,5,5,1,1,1,0,1,1,0,0,0,0,0,0,0,1,1,1,1,3,1,2,2,25,1,10,1,10,1,1,2
2478,3.0,4.0,2.0,3.0,2.0,1.0,1.0,4.0,5.0,1.0,1.0,4.0,4.0,4.0,2.0,2.0,3.0,4.0,4.0,3.0,2,5,5,5,6,6,2,2,5,2,1,1,1,1,1,0,1,1,0,1,1,0,1,1,1,1,3,2,2,1,45,1,12,5,60,1,3,1
2479,2.0,4.0,5.0,3.0,1.0,3.0,3.0,2.0,4.0,3.0,1.0,4.0,1.0,3.0,4.0,3.0,3.0,2.0,2.0,1.0,2,2,6,4,7,6,6,4,4,2,1,1,1,1,1,0,1,1,0,1,0,1,1,1,1,1,4,1,2,1,57,1,6,1,60,1,2,4
2480,2.0,4.0,5.0,2.0,4.0,1.0,1.0,4.0,5.0,5.0,2.0,5.0,4.0,2.0,3.0,4.0,5.0,4.0,5.0,5.0,2,2,7,2,7,7,6,1,6,2,1,1,1,1,1,0,1,1,0,1,1,0,1,1,1,1,3,2,2,1,43,1,1,1,60,1,2,2
2481,5.0,5.0,4.0,3.0,4.0,1.0,1.0,1.0,5.0,1.0,1.0,5.0,1.0,1.0,5.0,1.0,1.0,2.0,3.0,1.0,3,5,7,2,6,6,4,1,6,3,1,1,0,1,1,0,0,0,0,1,0,0,1,1,1,1,3,3,1,1,54,1,7,1,60,1,3,2
2482,3.0,4.0,4.0,5.0,4.0,4.0,3.0,5.0,4.0,3.0,5.0,4.0,2.0,2.0,2.0,4.0,1.0,4.0,4.0,1.0,3,6,5,3,3,2,6,2,4,5,1,0,0,1,1,0,0,1,0,1,0,0,1,1,1,1,3,2,1,2,29,1,4,1,10,1,2,2
2483,2.0,4.0,4.0,2.0,2.0,2.0,2.0,4.0,5.0,4.0,1.0,5.0,2.0,1.0,1.0,4.0,4.0,4.0,4.0,1.0,2,5,3,5,6,5,5,6,5,3,1,1,0,1,1,1,0,1,0,1,0,0,0,1,1,1,3,3,2,1,32,1,7,1,60,2,1,5
2484,4.0,4.0,4.0,4.0,4.0,5.0,2.0,2.0,4.0,3.0,1.0,2.0,3.0,4.0,3.0,5.0,2.0,3.0,4.0,1.0,1,1,7,6,6,4,7,6,6,4,1,1,1,1,1,0,0,0,0,1,0,1,1,1,1,1,3,1,2,1,38,1,6,2,60,1,3,2
2485,5.0,5.0,1.0,4.0,5.0,1.0,1.0,1.0,5.0,1.0,1.0,4.0,2.0,2.0,1.0,1.0,1.0,5.0,5.0,2.0,1,7,6,1,1,7,1,1,7,1,1,1,1,1,1,0,1,1,0,1,1,1,1,1,1,1,4,2,2,1,45,1,3,1,70,1,2,2
2486,4.0,4.0,3.0,2.0,3.0,3.0,3.0,3.0,3.0,3.0,4.0,3.0,3.0,3.0,3.0,2.0,3.0,2.0,4.0,1.0,6,2,6,1,7,2,3,5,6,1,1,1,1,1,1,1,0,1,0,1,0,0,1,1,1,1,2,2,2,1,34,1,12,1,30,1,1,3
2487,5.0,4.0,2.0,1.0,5.0,1.0,1.0,5.0,5.0,5.0,1.0,5.0,4.0,1.0,5.0,2.0,2.0,5.0,5.0,4.0,1,2,4,2,5,7,3,5,7,3,1,1,1,1,1,0,1,1,0,1,1,1,1,1,1,1,4,2,2,1,54,1,4,1,60,1,3,4
2488,1.0,1.0,2.0,4.0,1.0,3.0,2.0,2.0,5.0,5.0,4.0,2.0,1.0,2.0,2.0,4.0,2.0,1.0,5.0,1.0,3,1,6,5,6,7,7,5,6,3,1,1,1,1,1,0,0,1,0,1,0,0,1,1,1,1,3,1,2,1,24,2,3,1,60,1,2,2
2489,5.0,4.0,2.0,1.0,4.0,2.0,2.0,5.0,2.0,4.0,1.0,5.0,2.0,1.0,1.0,1.0,5.0,5.0,5.0,5.0,1,5,6,2,4,6,3,7,2,2,1,1,0,1,1,0,0,1,0,1,1,0,1,1,1,1,3,1,2,2,27,1,1,1,60,1,1,2
2490,2.0,4.0,2.0,5.0,4.0,4.0,1.0,2.0,5.0,4.0,1.0,2.0,4.0,4.0,2.0,2.0,2.0,4.0,5.0,1.0,2,2,5,5,6,7,7,5,5,3,1,1,1,1,1,0,0,0,0,1,0,0,1,1,1,1,3,2,2,1,36,1,1,1,60,1,1,3
2491,4.0,4.0,3.0,4.0,5.0,2.0,4.0,4.0,5.0,3.0,2.0,5.0,4.0,4.0,3.0,2.0,4.0,4.0,3.0,2.0,2,6,6,3,6,6,2,6,6,2,1,1,1,1,1,0,0,0,0,1,0,0,0,1,1,1,4,1,2,2,30,1,4,1,10,1,1,4
2492,5.0,3.0,5.0,5.0,1.0,5.0,4.0,1.0,5.0,5.0,3.0,4.0,1.0,3.0,1.0,5.0,5.0,1.0,1.0,3.0,5,1,4,4,5,5,6,3,4,2,1,1,0,1,0,0,0,0,0,1,0,0,0,1,1,1,3,3,1,2,39,1,6,0,10,2,2,2
2493,1.0,1.0,4.0,3.0,1.0,2.0,1.0,1.0,5.0,2.0,1.0,1.0,1.0,1.0,1.0,5.0,5.0,3.0,4.0,1.0,3,3,5,3,7,5,7,4,6,1,1,1,0,1,1,0,0,1,0,1,0,0,0,1,1,1,2,2,2,1,20,1,1,3,70,1,1,2
2494,1.0,1.0,3.0,3.0,2.0,4.0,3.0,1.0,5.0,5.0,2.0,5.0,1.0,3.0,1.0,3.0,1.0,4.0,5.0,3.0,1,4,6,3,7,7,5,3,5,1,1,1,0,1,1,0,0,1,0,1,0,0,1,1,1,1,2,3,1,2,42,1,3,1,70,2,2,0
2495,4.0,3.0,5.0,4.0,4.0,4.0,5.0,2.0,5.0,5.0,2.0,5.0,5.0,2.0,4.0,1.0,2.0,4.0,5.0,4.0,2,5,6,7,6,7,5,4,3,3,1,1,0,1,1,0,0,1,0,1,0,0,0,1,1,1,2,3,2,2,18,1,1,1,10,2,1,2
2496,3.0,2.0,4.0,4.0,3.0,4.0,2.0,1.0,5.0,4.0,3.0,4.0,2.0,4.0,2.0,5.0,2.0,2.0,5.0,1.0,5,5,5,2,6,5,7,1,6,6,1,1,1,1,1,0,1,1,0,1,0,0,1,1,1,1,3,2,2,1,39,2,1,1,60,1,2,2
2497,5.0,4.0,2.0,1.0,4.0,1.0,1.0,1.0,2.0,2.0,1.0,5.0,4.0,1.0,4.0,2.0,1.0,5.0,5.0,1.0,2,3,6,2,7,5,3,2,5,1,1,1,1,1,1,0,1,1,0,1,1,0,1,1,1,1,4,1,2,1,31,1,1,5,0,1,1,5
2498,5.0,5.0,1.0,2.0,5.0,3.0,5.0,5.0,3.0,2.0,2.0,1.0,2.0,3.0,5.0,1.0,3.0,4.0,5.0,4.0,7,4,6,5,5,1,7,2,7,1,1,1,1,1,1,0,1,1,0,1,0,0,1,1,1,1,2,3,1,2,18,1,4,1,70,2,1,2
2499,5.0,2.0,1.0,1.0,5.0,1.0,1.0,4.0,2.0,1.0,1.0,5.0,4.0,1.0,3.0,1.0,1.0,4.0,5.0,4.0,5,6,6,1,7,4,2,1,6,4,1,1,1,1,1,1,1,1,1,1,1,1,1,1,1,1,4,1,1,1,29,1,4,1,60,1,2,1
2500,5.0,5.0,2.0,2.0,4.0,2.0,1.0,4.0,2.0,2.0,2.0,5.0,1.0,4.0,4.0,2.0,1.0,2.0,5.0,1.0,2,6,6,6,5,6,5,2,3,3,1,1,0,1,1,0,0,0,0,1,0,0,1,1,1,1,3,3,1,1,25,2,3,1,10,1,1,2
2501,1.0,1.0,2.0,1.0,5.0,5.0,1.0,5.0,3.0,3.0,1.0,5.0,5.0,1.0,5.0,5.0,1.0,1.0,5.0,1.0,6,6,5,6,7,5,6,3,4,4,1,1,1,1,1,1,0,1,1,1,1,1,1,1,1,1,3,2,1,1,21,1,1,1,10,1,1,3
2502,5.0,5.0,3.0,2.0,5.0,3.0,2.0,4.0,4.0,3.0,1.0,5.0,5.0,2.0,4.0,2.0,1.0,3.0,5.0,5.0,2,6,6,4,4,6,2,4,4,1,1,1,1,1,1,0,0,0,0,1,1,1,1,1,1,1,2,1,2,1,20,1,9,4,60,1,1,2
2503,2.0,4.0,2.0,3.0,5.0,1.0,2.0,4.0,3.0,4.0,1.0,4.0,4.0,2.0,4.0,1.0,2.0,4.0,5.0,5.0,7,2,6,1,7,2,3,5,6,1,1,1,1,1,1,0,1,1,0,1,1,0,1,1,1,1,4,2,1,1,54,1,1,1,70,2,2,2
2504,5.0,4.0,1.0,1.0,5.0,1.0,1.0,5.0,2.0,1.0,1.0,5.0,5.0,1.0,5.0,1.0,3.0,5.0,5.0,2.0,1,7,0,2,7,7,1,5,6,1,1,1,1,1,1,1,1,1,0,1,1,0,1,1,1,1,2,2,1,2,25,1,1,1,60,2,1,1
2505,4.0,4.0,3.0,2.0,4.0,5.0,4.0,5.0,5.0,4.0,2.0,5.0,5.0,2.0,1.0,2.0,3.0,3.0,4.0,3.0,4,6,6,5,6,4,2,4,3,2,1,1,0,1,1,0,0,1,0,1,0,0,1,1,1,1,2,3,2,2,20,2,10,1,10,2,1,7
2506,3.0,2.0,3.0,1.0,2.0,1.0,1.0,4.0,4.0,4.0,2.0,3.0,2.0,1.0,1.0,2.0,4.0,4.0,5.0,1.0,2,6,6,6,5,7,6,4,3,5,1,1,0,1,1,0,1,0,0,1,0,0,1,1,1,1,2,3,1,2,17,1,2,5,60,2,1,3
2507,2.0,3.0,4.0,4.0,3.0,3.0,2.0,1.0,4.0,4.0,1.0,2.0,3.0,3.0,2.0,4.0,2.0,4.0,2.0,4.0,5,3,6,5,7,4,6,3,6,4,1,1,1,1,1,0,0,0,0,1,0,1,1,1,1,1,2,3,2,1,20,1,1,2,30,1,1,3
2508,2.0,4.0,2.0,4.0,4.0,4.0,1.0,3.0,4.0,2.0,1.0,5.0,3.0,2.0,1.0,2.0,1.0,5.0,5.0,1.0,2,2,5,3,6,4,3,5,6,5,1,1,1,1,1,1,1,1,0,1,0,1,1,1,1,1,3,2,2,1,40,1,12,2,60,2,3,1
2509,4.0,4.0,5.0,5.0,5.0,5.0,5.0,5.0,5.0,5.0,1.0,5.0,4.0,5.0,2.0,5.0,3.0,5.0,5.0,2.0,4,1,6,1,7,3,3,6,7,1,1,1,0,1,1,0,0,0,0,1,1,0,1,1,1,1,4,1,2,2,29,2,1,5,60,2,1,3
2510,5.0,4.0,1.0,1.0,4.0,1.0,2.0,4.0,3.0,1.0,1.0,5.0,4.0,1.0,5.0,1.0,1.0,4.0,5.0,3.0,2,6,3,6,4,7,2,3,5,6,1,1,0,1,1,0,0,0,0,1,0,0,1,1,1,1,4,3,1,2,22,1,8,1,70,2,1,2
2511,5.0,5.0,1.0,3.0,5.0,2.0,1.0,4.0,2.0,1.0,1.0,5.0,4.0,2.0,4.0,1.0,4.0,4.0,4.0,1.0,6,7,3,6,5,2,6,7,3,3,1,1,0,1,1,0,0,0,0,1,0,0,1,1,1,1,2,1,1,1,29,1,1,1,60,1,3,3
2512,1.0,1.0,4.0,5.0,1.0,4.0,4.0,1.0,5.0,5.0,5.0,1.0,1.0,4.0,1.0,4.0,4.0,1.0,5.0,1.0,2,4,6,6,6,6,7,2,6,2,1,0,1,1,1,0,0,0,0,1,0,0,1,1,1,1,3,1,2,1,44,1,7,1,60,2,2,2
2513,5.0,4.0,4.0,2.0,5.0,1.0,1.0,5.0,2.0,2.0,1.0,5.0,4.0,1.0,4.0,1.0,1.0,5.0,5.0,1.0,6,7,6,6,7,2,1,5,2,1,1,1,0,1,1,0,0,1,0,1,0,0,1,1,1,1,3,3,1,1,23,1,2,1,10,1,1,3
2514,5.0,4.0,2.0,3.0,2.0,3.0,1.0,3.0,5.0,2.0,1.0,3.0,1.0,4.0,5.0,2.0,1.0,4.0,5.0,1.0,1,6,4,6,1,7,6,6,3,1,1,1,1,1,1,0,1,1,0,1,1,0,1,1,1,1,2,2,2,1,30,2,3,2,0,2,1,2
2515,1.0,2.0,5.0,4.0,2.0,5.0,5.0,1.0,5.0,5.0,4.0,2.0,1.0,3.0,2.0,1.0,2.0,1.0,2.0,1.0,2,3,7,5,4,6,4,1,6,4,1,0,0,1,1,0,0,0,0,1,0,0,0,1,1,1,2,3,1,2,20,1,3,1,10,2,1,2
2516,5.0,4.0,4.0,1.0,5.0,2.0,2.0,5.0,3.0,1.0,1.0,5.0,5.0,1.0,4.0,1.0,1.0,4.0,5.0,4.0,3,3,5,5,5,6,5,3,6,3,1,1,1,1,1,0,0,1,0,1,1,1,1,1,1,1,4,3,2,2,25,1,1,1,10,2,1,5
2517,5.0,5.0,1.0,1.0,5.0,1.0,1.0,5.0,5.0,1.0,1.0,5.0,5.0,1.0,5.0,2.0,1.0,5.0,1.0,2.0,7,5,3,5,2,3,6,5,7,2,1,1,1,1,1,0,1,1,0,1,0,0,1,1,1,1,4,2,1,1,23,1,10,1,70,1,1,4
2518,4.0,4.0,2.0,2.0,5.0,2.0,2.0,4.0,3.0,2.0,1.0,4.0,4.0,1.0,5.0,2.0,2.0,4.0,5.0,4.0,5,6,7,1,5,5,5,5,6,2,1,1,0,1,1,0,0,0,0,1,0,0,1,1,1,1,2,3,1,1,18,1,7,1,60,2,1,3
2519,3.0,4.0,4.0,2.0,5.0,4.0,3.0,4.0,5.0,3.0,2.0,4.0,2.0,4.0,3.0,2.0,3.0,3.0,5.0,4.0,6,5,2,3,6,2,6,5,3,2,1,1,0,1,1,0,0,1,0,1,0,0,0,1,1,1,4,1,2,2,25,1,1,1,60,1,1,2
2520,1.0,1.0,4.0,4.0,2.0,4.0,4.0,4.0,4.0,3.0,1.0,5.0,5.0,3.0,5.0,5.0,1.0,5.0,5.0,1.0,6,2,6,4,7,3,7,1,7,5,1,1,0,1,1,0,1,0,0,1,0,0,1,1,1,1,2,3,1,2,18,1,2,2,10,2,1,2
2521,1.0,1.0,1.0,2.0,4.0,5.0,4.0,5.0,5.0,5.0,1.0,1.0,1.0,1.0,1.0,5.0,1.0,1.0,5.0,2.0,5,7,7,1,7,7,6,6,7,1,1,1,1,1,1,0,1,1,0,1,1,1,1,1,1,1,2,2,2,2,20,1,12,1,60,1,1,2
2522,4.0,4.0,4.0,2.0,4.0,4.0,2.0,3.0,5.0,4.0,2.0,4.0,4.0,2.0,4.0,2.0,2.0,3.0,5.0,2.0,1,5,5,6,5,5,7,6,4,2,1,1,1,1,1,0,1,0,0,1,1,0,1,1,1,1,2,2,2,1,35,1,2,2,60,2,2,2
2523,4.0,5.0,1.0,3.0,4.0,2.0,1.0,5.0,4.0,2.0,1.0,5.0,1.0,1.0,3.0,2.0,1.0,4.0,4.0,5.0,2,5,5,6,3,6,6,4,1,7,1,1,0,1,1,0,0,0,0,1,1,0,0,1,1,1,3,3,1,2,23,1,4,1,60,2,1,1
2524,2.0,2.0,4.0,4.0,2.0,5.0,5.0,1.0,5.0,4.0,1.0,4.0,2.0,4.0,2.0,5.0,1.0,4.0,5.0,1.0,5,5,7,2,7,6,5,1,6,3,1,1,1,1,1,0,1,1,0,1,1,0,1,1,1,1,0,3,1,1,29,1,2,1,60,1,1,5
2525,5.0,3.0,2.0,3.0,4.0,4.0,4.0,5.0,5.0,4.0,1.0,5.0,4.0,1.0,4.0,2.0,4.0,1.0,5.0,1.0,1,5,5,7,5,5,6,5,1,1,1,1,1,1,1,0,0,0,0,1,0,0,1,1,1,1,3,1,2,1,44,1,8,2,60,2,3,3
2526,3.0,3.0,4.0,4.0,3.0,1.0,1.0,2.0,4.0,2.0,1.0,2.0,1.0,2.0,2.0,1.0,1.0,3.0,5.0,2.0,4,4,6,3,5,5,7,1,5,1,1,1,1,1,1,0,1,0,0,1,0,1,1,1,1,1,3,3,2,1,42,1,2,1,60,1,2,3
2527,1.0,1.0,4.0,4.0,4.0,5.0,2.0,5.0,3.0,2.0,1.0,2.0,1.0,1.0,2.0,1.0,2.0,2.0,5.0,1.0,2,6,7,5,5,6,2,1,7,2,1,1,1,1,1,0,0,1,0,1,0,0,1,1,1,1,4,1,2,1,41,2,2,1,60,1,3,5
2528,2.0,5.0,2.0,2.0,5.0,1.0,2.0,3.0,3.0,3.0,2.0,5.0,4.0,2.0,5.0,2.0,1.0,3.0,5.0,3.0,3,5,6,6,7,5,7,3,3,1,1,1,1,1,1,0,1,1,0,1,1,0,1,1,1,1,3,3,2,1,45,1,1,4,60,1,2,2
2529,5.0,5.0,1.0,3.0,5.0,1.0,1.0,5.0,1.0,5.0,1.0,5.0,5.0,1.0,4.0,3.0,1.0,5.0,5.0,5.0,7,5,1,5,6,7,2,3,5,1,0,1,0,1,0,0,0,0,0,0,0,0,0,0,0,0,3,3,1,2,21,1,1,2,30,2,1,3
2530,2.0,2.0,2.0,4.0,4.0,4.0,4.0,2.0,5.0,5.0,1.0,4.0,2.0,4.0,2.0,5.0,2.0,2.0,4.0,1.0,5,5,5,5,5,6,6,1,5,2,1,1,0,1,1,1,0,0,0,1,0,0,0,1,1,1,3,1,2,1,33,1,7,1,60,2,2,1
2531,2.0,3.0,1.0,3.0,5.0,1.0,1.0,1.0,4.0,1.0,1.0,5.0,1.0,2.0,4.0,1.0,1.0,5.0,5.0,1.0,4,5,6,3,7,2,6,1,6,2,1,1,1,1,1,0,0,1,0,1,0,1,1,1,1,1,3,2,2,1,46,1,2,1,60,2,2,4
2532,5.0,4.0,2.0,2.0,4.0,2.0,5.0,2.0,4.0,2.0,1.0,5.0,4.0,1.0,4.0,1.0,3.0,5.0,5.0,4.0,1,6,5,3,7,6,7,5,7,2,1,1,1,1,1,0,0,1,0,1,1,0,1,1,1,1,4,2,1,2,25,1,2,1,60,1,1,2
2533,4.0,4.0,2.0,2.0,5.0,2.0,1.0,4.0,3.0,2.0,1.0,5.0,5.0,2.0,5.0,1.0,2.0,3.0,5.0,2.0,7,7,5,2,7,3,5,5,5,3,1,1,1,1,1,0,1,1,0,1,0,0,1,1,1,1,3,2,1,1,32,1,2,1,60,1,2,2
2534,4.0,5.0,1.0,4.0,5.0,1.0,1.0,4.0,1.0,1.0,1.0,5.0,1.0,1.0,5.0,1.0,1.0,5.0,5.0,5.0,5,6,7,3,7,7,2,1,6,4,1,1,1,1,1,0,1,1,0,1,1,0,1,1,1,1,2,3,1,2,14,1,2,1,10,2,1,1
2535,4.0,3.0,4.0,2.0,4.0,1.0,1.0,5.0,5.0,3.0,1.0,4.0,4.0,1.0,5.0,5.0,4.0,4.0,5.0,1.0,1,6,6,4,7,2,4,7,2,4,1,1,0,0,1,0,0,0,0,1,0,0,1,0,1,1,1,1,1,1,15,1,4,1,60,2,1,2
2536,5.0,4.0,5.0,3.0,5.0,4.0,4.0,5.0,5.0,5.0,3.0,5.0,4.0,3.0,4.0,4.0,1.0,4.0,4.0,1.0,3,5,6,5,6,7,7,5,6,2,1,1,1,1,1,0,0,1,0,1,1,0,1,1,1,1,2,3,1,2,25,1,1,1,60,1,1,2
2537,4.0,4.0,1.0,1.0,4.0,2.0,1.0,2.0,5.0,2.0,1.0,5.0,2.0,1.0,2.0,1.0,3.0,2.0,4.0,3.0,5,6,5,5,7,3,7,3,2,2,1,1,0,1,1,0,0,0,0,1,0,0,1,0,1,1,4,3,1,2,37,1,0,1,0,1,2,0
2538,1.0,2.0,4.0,2.0,4.0,4.0,4.0,2.0,5.0,5.0,2.0,4.0,1.0,3.0,2.0,2.0,2.0,1.0,5.0,1.0,6,3,5,2,6,2,6,4,5,2,1,1,0,1,1,0,0,0,0,0,0,0,1,1,1,1,3,3,1,1,25,1,1,2,60,1,1,4
2539,1.0,2.0,5.0,5.0,1.0,5.0,5.0,1.0,5.0,5.0,2.0,1.0,2.0,2.0,2.0,2.0,2.0,1.0,1.0,2.0,2,3,6,5,3,7,7,3,3,5,1,1,1,1,1,0,1,0,0,1,0,0,1,1,1,1,3,3,2,1,58,2,7,1,60,1,2,2
2540,3.0,5.0,2.0,1.0,1.0,1.0,1.0,1.0,5.0,1.0,1.0,5.0,5.0,1.0,5.0,3.0,1.0,2.0,3.0,1.0,2,4,4,5,7,7,5,5,4,1,0,1,0,0,0,0,0,0,0,0,0,0,1,0,0,1,3,2,2,1,22,1,2,1,60,1,1,2
2541,2.0,2.0,4.0,3.0,4.0,5.0,4.0,4.0,5.0,5.0,3.0,2.0,2.0,2.0,2.0,4.0,4.0,4.0,3.0,2.0,6,2,5,2,7,3,6,4,3,1,1,1,1,1,1,1,1,1,1,1,1,1,1,1,1,1,3,3,2,2,24,1,7,1,60,2,1,2
2542,4.0,4.0,2.0,2.0,5.0,2.0,1.0,1.0,2.0,1.0,1.0,5.0,5.0,2.0,4.0,1.0,4.0,4.0,5.0,5.0,1,3,7,5,6,6,2,1,6,6,1,1,1,1,1,0,1,1,0,1,1,0,1,1,1,1,4,1,2,1,57,1,1,1,60,1,3,7
2543,4.0,3.0,2.0,3.0,2.0,2.0,2.0,2.0,3.0,4.0,3.0,5.0,2.0,1.0,4.0,4.0,5.0,4.0,5.0,2.0,6,2,6,1,6,3,3,2,6,3,0,0,0,0,0,0,0,1,0,1,0,0,0,1,0,1,4,2,1,1,28,1,1,1,60,1,1,3
2544,5.0,3.0,5.0,5.0,5.0,3.0,1.0,2.0,5.0,5.0,3.0,5.0,5.0,3.0,3.0,3.0,5.0,2.0,3.0,5.0,4,4,6,6,4,6,6,6,4,2,1,0,0,1,1,0,0,0,0,1,0,0,0,1,1,1,3,2,2,2,27,1,12,5,10,2,1,2
2545,5.0,3.0,2.0,1.0,5.0,5.0,4.0,5.0,5.0,5.0,3.0,5.0,3.0,3.0,4.0,5.0,5.0,4.0,5.0,5.0,1,1,7,7,7,7,7,5,3,4,1,1,0,1,1,0,0,0,0,1,0,0,1,1,1,1,3,3,1,2,23,2,7,1,30,1,1,3
2546,5.0,1.0,5.0,2.0,4.0,5.0,5.0,5.0,5.0,5.0,1.0,4.0,1.0,1.0,3.0,2.0,1.0,2.0,5.0,3.0,0,0,0,0,7,0,0,0,0,0,1,1,1,1,1,1,0,0,0,1,0,1,1,1,1,1,3,1,2,1,43,3,7,1,60,1,3,1
2547,5.0,5.0,2.0,3.0,5.0,3.0,2.0,4.0,2.0,5.0,2.0,5.0,5.0,1.0,4.0,2.0,1.0,5.0,5.0,1.0,4,6,3,4,6,5,4,4,4,2,1,1,0,1,1,0,0,0,0,1,0,0,1,1,1,1,3,3,1,2,25,1,1,2,60,1,1,1
2548,4.0,3.0,2.0,4.0,4.0,4.0,2.0,2.0,5.0,2.0,2.0,4.0,2.0,3.0,3.0,1.0,2.0,4.0,4.0,2.0,6,2,3,5,7,3,6,5,4,1,1,1,0,1,1,0,0,0,0,1,0,0,1,1,1,1,2,3,1,1,25,1,1,1,60,1,1,5
2549,1.0,2.0,2.0,3.0,3.0,4.0,3.0,2.0,4.0,5.0,1.0,4.0,2.0,2.0,3.0,3.0,2.0,4.0,3.0,2.0,2,5,5,3,6,5,6,6,5,2,1,1,1,1,1,0,1,0,0,1,1,0,1,1,1,1,3,1,1,1,48,1,1,1,60,1,2,2
2550,2.0,3.0,3.0,3.0,4.0,4.0,2.0,3.0,4.0,3.0,1.0,5.0,2.0,2.0,3.0,2.0,2.0,2.0,4.0,1.0,5,6,5,5,6,5,2,4,4,2,1,1,0,1,1,0,0,0,0,1,0,0,1,1,1,1,3,2,1,1,32,1,2,1,60,1,1,3
2551,5.0,2.0,1.0,4.0,5.0,2.0,1.0,1.0,4.0,3.0,3.0,2.0,5.0,2.0,2.0,1.0,2.0,4.0,5.0,4.0,2,6,5,3,3,6,2,4,6,6,1,1,0,1,1,0,0,0,0,1,0,0,1,1,1,1,2,2,1,2,21,1,12,1,10,2,1,3
2552,2.0,1.0,2.0,4.0,2.0,4.0,5.0,2.0,5.0,2.0,2.0,1.0,1.0,4.0,2.0,5.0,3.0,4.0,5.0,1.0,5,2,7,2,7,6,7,1,6,1,1,1,1,1,1,0,1,1,0,1,1,0,1,1,1,1,4,1,2,1,48,1,12,2,70,1,2,3
2553,4.0,2.0,4.0,1.0,5.0,5.0,2.0,1.0,5.0,5.0,4.0,5.0,1.0,1.0,2.0,2.0,5.0,5.0,1.0,1.0,6,5,7,7,6,7,5,1,1,2,1,1,0,1,1,0,0,0,0,1,0,0,0,0,1,1,3,3,2,2,18,1,8,1,10,2,1,2
2554,4.0,3.0,5.0,5.0,4.0,3.0,3.0,2.0,5.0,2.0,2.0,4.0,2.0,4.0,4.0,4.0,3.0,4.0,4.0,2.0,6,5,4,5,7,2,6,4,4,2,1,1,0,1,1,0,1,0,0,1,0,0,1,1,1,1,4,3,1,2,29,1,8,2,10,1,1,2
2555,4.0,4.0,4.0,4.0,4.0,2.0,2.0,1.0,5.0,3.0,2.0,5.0,1.0,2.0,4.0,4.0,1.0,4.0,4.0,2.0,1,4,4,6,6,7,7,3,3,3,1,1,1,1,1,0,0,0,1,1,1,0,1,1,1,1,3,1,1,1,27,2,2,1,60,1,1,4
2556,5.0,5.0,1.0,1.0,5.0,1.0,1.0,4.0,1.0,2.0,1.0,5.0,5.0,1.0,5.0,1.0,5.0,5.0,5.0,4.0,5,7,7,2,6,6,5,2,5,1,1,1,0,1,1,0,0,0,1,1,0,0,1,0,1,1,2,1,1,2,21,1,2,1,60,1,1,4
2557,5.0,5.0,1.0,1.0,5.0,1.0,1.0,5.0,5.0,5.0,1.0,5.0,5.0,1.0,5.0,1.0,1.0,1.0,5.0,1.0,6,2,7,2,7,6,7,1,7,6,0,0,0,0,0,0,0,1,0,1,0,0,0,0,0,0,3,3,1,1,34,1,1,1,10,1,2,4
2558,4.0,2.0,1.0,1.0,5.0,3.0,1.0,1.0,2.0,2.0,1.0,5.0,4.0,3.0,1.0,1.0,1.0,5.0,5.0,1.0,1,2,5,2,7,7,5,7,4,1,1,0,0,1,1,0,0,1,0,1,0,0,0,0,1,1,2,1,2,1,21,1,2,3,10,1,1,2
2559,4.0,4.0,2.0,2.0,2.0,4.0,2.0,4.0,4.0,2.0,2.0,4.0,2.0,2.0,5.0,2.0,2.0,4.0,5.0,2.0,2,5,5,5,6,7,5,3,3,2,1,1,1,1,1,0,1,0,0,1,1,0,1,1,1,1,3,2,2,1,40,1,1,1,60,1,3,2
2560,2.0,2.0,3.0,3.0,3.0,3.0,2.0,3.0,2.0,4.0,2.0,3.0,4.0,3.0,3.0,4.0,3.0,3.0,5.0,3.0,5,6,6,4,7,4,4,4,5,2,1,1,0,1,1,0,1,1,0,1,0,0,1,1,1,1,2,3,2,1,21,1,10,4,70,2,1,2
2561,4.0,3.0,2.0,2.0,5.0,1.0,1.0,5.0,2.0,1.0,1.0,5.0,5.0,1.0,5.0,4.0,1.0,5.0,5.0,1.0,2,1,7,2,7,6,7,1,5,1,1,1,0,1,1,0,0,0,0,1,0,0,1,1,1,1,3,2,1,1,24,1,7,1,60,2,1,2
2562,3.0,3.0,2.0,2.0,4.0,2.0,1.0,5.0,4.0,2.0,1.0,3.0,3.0,1.0,4.0,2.0,2.0,2.0,5.0,1.0,4,6,6,1,6,6,5,5,6,2,1,1,0,1,1,0,0,0,0,1,1,0,1,1,1,1,3,3,1,1,25,1,2,1,10,1,1,1
2563,4.0,4.0,5.0,1.0,5.0,5.0,4.0,4.0,5.0,5.0,2.0,4.0,1.0,1.0,2.0,3.0,3.0,4.0,1.0,1.0,2,2,2,7,6,7,4,6,2,1,1,1,1,1,1,0,0,0,0,1,0,0,1,0,1,1,4,2,2,1,25,1,6,2,30,2,1,2
2564,5.0,5.0,5.0,2.0,5.0,5.0,2.0,4.0,5.0,5.0,5.0,1.0,1.0,1.0,3.0,1.0,5.0,3.0,5.0,3.0,6,6,7,2,7,1,4,1,5,1,1,1,0,1,1,0,1,1,0,1,1,0,1,1,1,1,3,3,2,2,65,1,4,1,70,1,3,3
2565,4.0,5.0,4.0,2.0,5.0,1.0,2.0,5.0,4.0,2.0,2.0,4.0,2.0,2.0,3.0,1.0,1.0,4.0,5.0,1.0,2,6,3,6,6,7,4,6,4,2,1,1,1,1,1,0,0,0,0,1,0,1,1,1,1,1,3,3,2,2,24,0,10,1,70,2,1,1
2566,3.0,2.0,2.0,3.0,4.0,4.0,1.0,5.0,2.0,1.0,1.0,4.0,4.0,2.0,1.0,1.0,2.0,5.0,5.0,3.0,2,6,5,1,6,6,6,3,5,5,1,1,0,1,1,0,0,1,0,1,0,0,0,1,1,1,4,3,1,2,24,1,2,3,70,1,1,3
2567,3.0,5.0,4.0,4.0,5.0,2.0,2.0,1.0,4.0,4.0,2.0,5.0,4.0,4.0,5.0,4.0,1.0,4.0,4.0,2.0,7,5,6,3,7,3,3,5,5,7,1,1,0,1,1,0,1,1,0,1,0,0,1,1,1,1,2,2,1,1,18,1,6,1,60,1,1,3
2568,2.0,4.0,4.0,4.0,3.0,4.0,2.0,2.0,4.0,1.0,1.0,3.0,5.0,3.0,4.0,5.0,1.0,4.0,4.0,1.0,7,6,7,1,7,2,7,2,6,1,1,1,1,1,1,0,1,1,0,1,1,0,1,1,1,1,2,1,1,1,39,1,12,5,60,2,2,2
2569,5.0,4.0,4.0,3.0,5.0,2.0,1.0,2.0,5.0,2.0,1.0,5.0,1.0,2.0,4.0,4.0,1.0,4.0,5.0,1.0,2,6,7,5,4,6,1,1,6,6,1,1,1,1,1,0,0,0,0,1,0,0,0,1,1,1,3,3,2,2,34,1,2,0,60,1,2,1
2570,4.0,3.0,1.0,4.0,3.0,2.0,1.0,3.0,5.0,2.0,1.0,5.0,2.0,1.0,4.0,1.0,4.0,3.0,5.0,3.0,2,3,5,5,6,5,3,3,6,1,1,1,0,1,1,0,0,1,0,1,1,0,1,1,1,1,3,1,1,1,35,1,7,5,60,1,3,1
2571,2.0,3.0,3.0,3.0,4.0,4.0,3.0,1.0,5.0,3.0,2.0,3.0,2.0,3.0,3.0,3.0,4.0,3.0,4.0,2.0,4,7,5,4,5,6,3,5,6,3,1,1,0,1,1,0,0,1,1,1,1,0,1,1,1,1,3,1,1,1,27,1,2,1,60,1,1,1
2572,2.0,4.0,4.0,4.0,2.0,4.0,2.0,2.0,5.0,5.0,4.0,1.0,1.0,4.0,3.0,5.0,4.0,3.0,5.0,1.0,5,3,7,6,7,5,7,5,7,1,1,1,1,1,1,1,0,1,0,1,0,0,0,1,1,1,4,1,2,1,37,1,12,1,60,1,2,4
2573,1.0,3.0,1.0,2.0,5.0,1.0,1.0,5.0,3.0,1.0,1.0,5.0,5.0,1.0,4.0,1.0,1.0,3.0,5.0,3.0,2,6,5,3,7,7,4,4,4,1,1,1,0,1,1,0,0,0,0,1,0,0,1,1,1,1,3,2,1,1,24,1,12,1,60,2,1,1
2574,5.0,5.0,1.0,1.0,5.0,5.0,5.0,5.0,3.0,3.0,1.0,5.0,5.0,1.0,3.0,1.0,1.0,1.0,5.0,5.0,1,1,7,1,1,7,5,1,7,1,0,0,0,0,1,0,0,0,0,0,0,0,1,1,1,0,2,3,1,1,20,1,1,1,10,2,1,2
2575,4.0,5.0,2.0,1.0,5.0,3.0,1.0,5.0,3.0,4.0,1.0,4.0,5.0,2.0,4.0,2.0,2.0,4.0,5.0,1.0,5,2,6,2,6,7,6,0,3,4,1,1,1,1,1,0,0,1,0,1,0,0,1,1,1,1,3,3,1,2,21,3,2,4,60,1,1,1
2576,3.0,3.0,4.0,3.0,3.0,4.0,4.0,4.0,5.0,4.0,3.0,3.0,2.0,2.0,2.0,4.0,3.0,2.0,3.0,2.0,6,4,4,3,6,4,6,3,5,2,1,1,0,1,1,0,0,1,0,1,0,1,0,1,1,1,3,3,2,2,24,1,1,1,70,2,1,3
2577,5.0,2.0,1.0,1.0,5.0,2.0,1.0,5.0,2.0,5.0,1.0,5.0,5.0,1.0,5.0,1.0,1.0,2.0,5.0,3.0,3,1,5,4,7,4,2,6,2,1,1,0,0,1,1,0,0,0,0,1,0,0,0,0,1,1,3,1,2,2,19,1,2,2,10,2,1,3
2578,3.0,5.0,1.0,4.0,4.0,1.0,2.0,5.0,2.0,4.0,3.0,4.0,1.0,1.0,5.0,5.0,1.0,5.0,5.0,1.0,7,7,2,7,6,3,7,6,3,1,1,1,0,1,1,1,0,1,0,1,0,0,1,1,1,1,4,3,1,2,29,2,2,1,60,1,2,4
2579,2.0,5.0,4.0,2.0,2.0,2.0,1.0,4.0,3.0,4.0,2.0,2.0,2.0,2.0,4.0,5.0,2.0,4.0,5.0,2.0,1,5,6,5,6,6,6,2,3,2,1,1,0,1,0,0,0,1,0,1,0,0,0,1,1,1,3,3,2,2,27,1,2,1,60,1,2,2
2580,1.0,1.0,5.0,4.0,1.0,5.0,4.0,1.0,5.0,5.0,3.0,1.0,1.0,3.0,2.0,5.0,2.0,2.0,4.0,1.0,2,3,6,6,6,6,5,2,4,3,1,1,1,1,1,0,1,0,0,1,1,0,1,1,1,1,3,3,1,1,65,2,2,1,60,1,3,4
2581,5.0,5.0,1.0,1.0,5.0,1.0,1.0,5.0,5.0,5.0,1.0,5.0,5.0,1.0,5.0,1.0,1.0,5.0,5.0,5.0,6,7,7,2,6,6,4,2,7,1,1,1,1,1,1,0,1,1,0,1,0,0,1,1,1,1,3,2,1,1,18,1,7,1,60,2,1,2
2582,5.0,5.0,3.0,1.0,5.0,1.0,1.0,5.0,2.0,5.0,1.0,5.0,5.0,3.0,5.0,1.0,1.0,5.0,3.0,5.0,2,5,5,2,6,6,7,6,7,2,1,1,0,1,1,0,0,1,0,1,0,0,0,1,1,1,4,1,1,2,38,1,12,1,60,2,1,2
2583,2.0,4.0,2.0,1.0,5.0,3.0,1.0,4.0,4.0,4.0,1.0,5.0,4.0,1.0,5.0,1.0,1.0,5.0,3.0,1.0,5,6,7,1,6,7,3,2,7,3,1,1,1,1,1,0,1,0,0,1,0,1,1,1,1,1,3,2,1,1,30,1,4,1,60,1,2,2
2584,2.0,1.0,2.0,4.0,4.0,1.0,1.0,2.0,5.0,4.0,2.0,2.0,2.0,4.0,4.0,2.0,2.0,4.0,3.0,4.0,2,1,6,1,5,7,6,2,7,3,1,1,1,1,1,0,0,0,0,1,0,0,1,1,1,1,2,2,1,1,19,1,4,1,60,1,1,2
2585,5.0,5.0,1.0,1.0,5.0,5.0,1.0,4.0,1.0,1.0,1.0,5.0,3.0,1.0,5.0,3.0,5.0,5.0,5.0,5.0,5,5,6,2,7,5,4,3,7,1,1,1,1,1,1,1,0,0,1,1,0,0,1,1,1,1,3,1,2,2,23,3,10,1,10,1,1,2
2586,4.0,5.0,3.0,1.0,5.0,1.0,1.0,5.0,3.0,2.0,1.0,5.0,5.0,1.0,4.0,2.0,1.0,4.0,5.0,5.0,6,7,2,5,7,2,4,7,4,1,1,1,0,1,1,0,0,1,1,1,1,1,1,1,1,1,3,3,2,2,24,1,10,3,20,2,1,3
2587,5.0,4.0,1.0,1.0,5.0,2.0,1.0,5.0,4.0,2.0,1.0,4.0,4.0,1.0,4.0,1.0,1.0,5.0,5.0,1.0,2,6,1,7,6,7,4,6,3,2,1,1,0,1,1,0,0,1,0,1,1,1,1,1,1,1,2,1,1,2,22,2,2,1,60,1,1,1
2588,4.0,4.0,2.0,3.0,5.0,2.0,2.0,5.0,3.0,2.0,1.0,5.0,5.0,3.0,4.0,3.0,1.0,5.0,5.0,2.0,2,5,5,2,7,6,3,3,6,6,1,1,1,1,1,0,1,1,0,1,1,0,1,1,1,1,3,2,2,1,42,1,1,1,60,2,2,3
2589,5.0,5.0,3.0,1.0,5.0,1.0,1.0,4.0,3.0,1.0,1.0,5.0,2.0,1.0,5.0,1.0,5.0,2.0,5.0,5.0,1,6,7,1,6,7,2,4,7,2,0,1,0,1,1,0,0,0,0,1,0,0,1,1,1,0,2,3,1,1,16,3,2,1,60,2,1,3
2590,2.0,2.0,3.0,4.0,3.0,4.0,1.0,2.0,5.0,5.0,3.0,1.0,1.0,2.0,1.0,3.0,1.0,1.0,5.0,1.0,2,5,3,7,7,4,7,7,1,1,1,1,1,1,1,0,0,1,0,1,1,0,1,1,1,1,3,3,2,2,29,1,1,1,60,1,1,2
2591,5.0,4.0,3.0,2.0,4.0,3.0,3.0,4.0,3.0,2.0,1.0,5.0,2.0,3.0,3.0,2.0,3.0,5.0,5.0,4.0,1,6,6,2,4,7,4,6,7,4,1,1,0,1,1,0,0,0,0,1,1,0,1,1,1,1,3,2,1,2,22,1,1,1,10,1,1,2
2592,3.0,2.0,3.0,3.0,3.0,3.0,2.0,2.0,5.0,4.0,2.0,2.0,3.0,2.0,2.0,1.0,2.0,2.0,4.0,2.0,2,2,6,4,5,5,4,3,3,4,1,1,1,1,1,0,0,1,0,1,0,1,1,1,1,1,3,1,2,1,41,1,1,1,60,1,3,2
2593,1.0,1.0,4.0,5.0,1.0,2.0,2.0,1.0,5.0,5.0,1.0,1.0,1.0,3.0,1.0,4.0,3.0,2.0,5.0,1.0,1,1,7,1,6,6,6,2,6,1,1,1,1,1,1,0,1,1,0,1,0,1,1,1,1,1,4,1,2,2,67,1,7,1,60,1,3,6
2594,1.0,1.0,1.0,4.0,4.0,2.0,2.0,4.0,4.0,2.0,1.0,2.0,4.0,4.0,3.0,1.0,1.0,2.0,5.0,2.0,7,7,5,5,6,1,7,1,5,1,1,1,0,1,1,0,1,1,0,1,0,0,1,0,1,1,4,1,2,1,36,1,2,1,60,2,2,2
2595,2.0,2.0,1.0,4.0,4.0,1.0,1.0,2.0,4.0,1.0,2.0,4.0,4.0,3.0,4.0,2.0,2.0,4.0,5.0,2.0,1,5,5,5,5,6,3,3,2,3,1,1,1,1,1,1,1,1,0,1,0,0,1,1,1,1,3,2,1,1,24,1,2,1,60,1,1,2
2596,5.0,5.0,1.0,4.0,5.0,1.0,1.0,4.0,1.0,1.0,1.0,5.0,1.0,1.0,5.0,1.0,3.0,5.0,5.0,5.0,4,7,5,1,3,7,5,5,7,1,1,1,1,1,0,0,1,0,1,1,0,0,0,1,1,1,3,2,1,2,30,1,6,1,60,1,3,2
2597,4.0,1.0,4.0,1.0,5.0,4.0,3.0,4.0,4.0,5.0,1.0,2.0,5.0,1.0,2.0,3.0,1.0,4.0,5.0,5.0,2,5,7,4,7,6,2,3,6,1,1,1,0,1,1,0,0,0,0,1,0,0,1,1,1,1,3,1,2,1,34,1,1,1,60,2,1,6
2598,5.0,5.0,1.0,1.0,4.0,1.0,1.0,5.0,3.0,1.0,1.0,4.0,4.0,1.0,5.0,1.0,1.0,5.0,5.0,2.0,1,7,5,1,6,6,3,4,3,2,1,1,1,1,1,1,0,1,0,1,0,0,1,1,1,1,3,3,1,1,24,1,2,1,60,1,1,4
2599,3.0,5.0,3.0,2.0,4.0,4.0,3.0,4.0,4.0,3.0,1.0,4.0,3.0,2.0,4.0,4.0,2.0,4.0,4.0,2.0,2,2,6,2,6,6,3,3,5,4,1,1,0,1,1,0,0,0,0,1,0,0,1,1,1,1,3,3,2,1,28,1,2,1,60,1,2,3
2600,2.0,2.0,2.0,3.0,4.0,5.0,2.0,5.0,4.0,4.0,2.0,2.0,2.0,1.0,4.0,2.0,1.0,4.0,4.0,4.0,1,5,6,4,5,6,5,7,6,3,0,1,1,1,1,1,0,0,1,1,0,0,1,1,1,1,3,2,2,1,22,1,1,1,60,2,1,2
2601,4.0,4.0,4.0,2.0,4.0,1.0,4.0,5.0,5.0,2.0,1.0,5.0,4.0,1.0,1.0,5.0,1.0,4.0,5.0,2.0,7,1,5,2,7,2,6,1,7,1,1,0,1,1,1,0,0,0,0,1,0,1,1,1,0,1,3,2,2,1,47,1,6,1,70,2,3,4
2602,5.0,5.0,3.0,1.0,3.0,1.0,1.0,5.0,2.0,2.0,3.0,5.0,4.0,1.0,5.0,1.0,1.0,5.0,5.0,3.0,1,7,5,5,7,7,3,5,7,3,1,1,0,1,1,1,0,1,0,1,0,0,1,1,1,1,3,2,1,1,24,1,1,1,60,1,1,0
2603,3.0,4.0,3.0,3.0,4.0,4.0,2.0,4.0,4.0,2.0,1.0,2.0,2.0,2.0,4.0,5.0,2.0,3.0,2.0,1.0,6,3,5,5,6,3,5,6,5,4,1,1,1,1,1,0,0,0,0,1,0,0,1,1,1,1,3,2,2,1,21,1,7,1,60,2,1,2
2604,5.0,5.0,1.0,2.0,4.0,4.0,1.0,3.0,5.0,1.0,4.0,4.0,5.0,1.0,5.0,4.0,1.0,4.0,5.0,2.0,1,7,7,2,5,7,3,5,6,3,1,1,0,1,1,0,0,0,0,1,0,0,1,1,1,1,2,1,1,1,20,1,1,1,60,1,1,2
2605,5.0,5.0,1.0,1.0,5.0,1.0,1.0,5.0,5.0,2.0,4.0,5.0,2.0,1.0,5.0,5.0,2.0,4.0,5.0,5.0,6,7,6,1,7,3,7,4,6,1,1,1,1,1,1,1,1,1,1,1,1,1,1,1,1,1,3,3,2,2,22,1,12,1,70,2,1,3
2606,4.0,4.0,3.0,4.0,5.0,1.0,1.0,5.0,5.0,5.0,5.0,5.0,2.0,1.0,5.0,1.0,1.0,5.0,5.0,5.0,6,6,7,1,6,6,5,1,6,1,1,1,0,1,1,0,0,0,0,1,0,0,1,1,1,1,4,1,1,1,51,1,6,1,60,1,1,5
2607,3.0,4.0,4.0,2.0,3.0,2.0,1.0,5.0,2.0,3.0,1.0,5.0,5.0,1.0,4.0,1.0,1.0,5.0,5.0,3.0,6,4,5,2,7,5,6,6,7,2,1,1,0,1,1,0,0,1,0,1,0,0,1,1,1,1,2,3,1,2,27,1,2,1,60,2,1,2
2608,5.0,5.0,1.0,1.0,5.0,1.0,1.0,5.0,2.0,1.0,1.0,5.0,5.0,1.0,5.0,1.0,1.0,5.0,5.0,5.0,1,5,6,4,6,6,4,1,6,1,1,1,0,1,1,0,0,0,0,1,0,0,1,1,1,1,3,3,1,1,23,1,4,1,60,1,1,2
2609,5.0,5.0,2.0,5.0,3.0,1.0,1.0,4.0,5.0,1.0,1.0,5.0,2.0,2.0,5.0,1.0,1.0,5.0,5.0,3.0,1,1,2,1,1,1,3,1,2,2,1,0,0,0,0,0,0,0,0,0,0,0,0,0,0,0,4,3,1,1,33,1,7,1,60,1,3,1
2610,3.0,5.0,4.0,2.0,4.0,5.0,2.0,5.0,4.0,3.0,3.0,5.0,2.0,3.0,3.0,1.0,3.0,3.0,4.0,4.0,1,5,5,7,4,7,4,6,2,4,1,1,0,1,0,0,0,0,0,0,0,0,0,1,1,1,2,3,2,2,19,2,1,2,70,2,1,2
2611,5.0,5.0,1.0,1.0,5.0,1.0,1.0,5.0,2.0,3.0,1.0,5.0,5.0,1.0,1.0,4.0,1.0,5.0,5.0,3.0,2,5,5,5,7,7,1,5,3,1,0,0,0,0,0,0,0,0,0,0,0,0,0,0,0,0,4,2,1,1,23,1,1,1,60,2,1,2
2612,3.0,5.0,3.0,4.0,3.0,1.0,1.0,5.0,4.0,3.0,1.0,2.0,4.0,1.0,4.0,1.0,1.0,5.0,4.0,1.0,4,2,3,3,6,4,5,6,6,3,1,1,1,1,1,0,1,1,0,1,0,0,1,1,1,1,3,1,1,1,35,1,1,1,60,2,2,3
2613,2.0,4.0,2.0,4.0,4.0,3.0,5.0,2.0,4.0,3.0,3.0,4.0,1.0,2.0,4.0,1.0,3.0,4.0,4.0,3.0,2,2,6,5,6,6,6,6,6,1,1,1,1,1,1,0,0,0,0,1,0,0,1,1,1,1,3,3,1,2,21,1,12,1,10,2,1,3
2614,4.0,3.0,3.0,3.0,3.0,4.0,3.0,2.0,4.0,4.0,2.0,4.0,4.0,2.0,4.0,1.0,2.0,2.0,4.0,1.0,1,4,6,1,5,6,6,2,6,3,1,1,0,1,1,0,0,0,0,1,0,0,1,1,1,1,4,3,1,1,33,1,1,1,10,1,1,3
2615,5.0,3.0,5.0,1.0,3.0,3.0,3.0,4.0,5.0,3.0,3.0,5.0,5.0,1.0,3.0,4.0,1.0,3.0,2.0,2.0,2,6,5,4,7,7,6,1,7,1,0,1,0,1,0,0,0,1,0,1,0,0,0,1,1,1,4,3,2,2,25,1,10,1,70,2,1,4
2616,1.0,1.0,5.0,4.0,4.0,4.0,4.0,2.0,5.0,5.0,1.0,2.0,1.0,2.0,3.0,4.0,3.0,3.0,3.0,1.0,5,2,6,5,6,3,7,4,3,2,1,1,0,1,1,0,0,0,0,1,0,0,1,1,1,1,3,2,1,1,32,1,4,1,60,1,1,4
2617,4.0,4.0,5.0,1.0,5.0,4.0,2.0,4.0,4.0,4.0,2.0,4.0,1.0,2.0,3.0,5.0,4.0,5.0,5.0,5.0,5,7,2,6,6,7,7,6,6,3,1,1,0,1,1,0,1,1,0,1,1,1,1,1,1,1,3,3,2,2,21,1,2,1,60,2,1,3
2618,5.0,3.0,3.0,2.0,5.0,3.0,1.0,5.0,4.0,2.0,1.0,4.0,4.0,2.0,5.0,3.0,2.0,5.0,5.0,3.0,3,4,6,7,5,7,5,4,3,4,1,1,0,1,1,0,0,0,0,1,0,0,1,1,1,1,4,2,1,2,29,1,2,1,60,2,1,1
2619,2.0,2.0,4.0,3.0,4.0,4.0,2.0,1.0,5.0,5.0,1.0,4.0,2.0,2.0,3.0,3.0,3.0,4.0,5.0,2.0,1,4,6,5,6,7,5,5,5,2,1,1,1,1,1,0,0,0,0,1,0,0,0,1,1,1,4,3,2,1,44,1,7,1,70,1,2,2
2620,1.0,5.0,1.0,4.0,4.0,5.0,5.0,4.0,5.0,5.0,2.0,5.0,4.0,2.0,1.0,5.0,3.0,3.0,1.0,1.0,1,7,7,5,6,7,6,1,6,1,1,0,0,1,1,0,0,0,0,1,0,0,1,1,1,1,3,3,1,2,28,1,4,1,30,2,1,3
2621,5.0,5.0,2.0,1.0,5.0,1.0,2.0,5.0,5.0,3.0,1.0,5.0,4.0,1.0,5.0,1.0,3.0,5.0,3.0,4.0,6,6,6,6,4,1,5,4,6,1,1,1,1,1,1,0,0,0,0,1,1,1,1,1,1,1,2,2,1,2,31,1,4,1,60,1,1,2
2622,4.0,5.0,3.0,1.0,5.0,4.0,5.0,5.0,5.0,2.0,1.0,5.0,2.0,1.0,5.0,2.0,3.0,5.0,5.0,5.0,4,7,7,7,7,4,6,7,1,1,1,1,1,1,1,0,1,1,0,1,1,1,1,1,1,1,0,2,2,2,41,3,7,1,60,2,1,2
2623,1.0,4.0,5.0,4.0,4.0,5.0,5.0,4.0,5.0,5.0,1.0,5.0,1.0,1.0,2.0,5.0,3.0,4.0,1.0,1.0,6,6,3,5,6,7,6,2,7,2,0,0,0,0,1,1,1,1,0,1,0,0,0,1,0,1,3,3,2,2,37,1,7,0,20,2,2,3
2624,5.0,5.0,2.0,4.0,5.0,2.0,3.0,5.0,4.0,4.0,1.0,4.0,4.0,2.0,2.0,2.0,4.0,5.0,5.0,2.0,1,6,7,7,5,7,3,5,3,2,1,1,0,1,0,0,0,0,0,1,0,0,0,0,1,1,3,2,2,2,17,1,4,1,70,2,1,2
2625,2.0,3.0,5.0,4.0,2.0,4.0,2.0,2.0,4.0,5.0,1.0,1.0,2.0,4.0,4.0,4.0,2.0,2.0,3.0,1.0,5,2,6,5,6,6,7,2,7,3,1,1,1,1,1,0,1,1,0,1,1,0,1,1,1,1,4,1,2,1,40,2,1,1,60,1,2,4
2626,2.0,3.0,1.0,4.0,5.0,1.0,1.0,1.0,4.0,3.0,2.0,2.0,3.0,1.0,4.0,1.0,1.0,4.0,5.0,4.0,2,3,6,5,3,5,6,2,3,3,1,1,0,1,1,0,0,1,1,1,0,0,1,1,1,1,3,1,1,1,34,1,4,1,60,1,2,3
2627,5.0,4.0,1.0,2.0,5.0,1.0,1.0,5.0,1.0,1.0,1.0,5.0,5.0,1.0,5.0,1.0,1.0,1.0,1.0,1.0,4,6,7,1,7,1,4,1,7,1,1,1,1,1,1,0,1,1,0,1,0,1,1,1,1,1,3,1,1,1,32,3,2,0,60,1,1,2
2628,5.0,1.0,3.0,2.0,5.0,2.0,2.0,4.0,5.0,2.0,1.0,4.0,2.0,1.0,3.0,1.0,2.0,4.0,5.0,4.0,3,6,3,5,7,4,7,6,3,1,1,1,0,1,1,0,0,0,0,1,0,0,1,1,1,1,2,3,2,2,17,1,12,1,10,2,1,1
2629,4.0,4.0,2.0,3.0,5.0,2.0,1.0,2.0,2.0,2.0,1.0,1.0,3.0,1.0,5.0,3.0,1.0,5.0,5.0,1.0,4,5,4,1,6,6,6,3,7,4,1,1,0,1,1,0,0,0,0,1,0,0,1,1,1,1,3,3,1,2,19,1,4,1,10,2,1,1
2630,5.0,5.0,1.0,1.0,5.0,1.0,1.0,4.0,2.0,5.0,1.0,5.0,5.0,1.0,4.0,1.0,4.0,5.0,4.0,4.0,7,6,5,5,7,1,2,1,6,1,1,0,0,1,1,0,0,1,0,1,0,0,0,1,1,1,3,3,2,2,19,2,4,1,10,1,1,1
2631,5.0,5.0,2.0,2.0,5.0,3.0,2.0,5.0,3.0,1.0,2.0,5.0,4.0,2.0,5.0,1.0,2.0,3.0,5.0,1.0,3,6,7,5,5,7,5,3,5,4,1,1,0,1,1,0,0,0,0,0,0,0,1,1,1,1,3,2,1,0,27,2,4,1,10,2,1,4
2632,3.0,4.0,1.0,3.0,2.0,3.0,1.0,5.0,5.0,5.0,2.0,5.0,2.0,2.0,4.0,5.0,1.0,4.0,5.0,3.0,2,5,2,3,4,6,5,5,7,6,1,1,0,1,1,0,0,1,0,1,0,0,1,1,1,1,2,2,1,2,24,1,1,1,60,1,1,2
2633,5.0,2.0,5.0,2.0,2.0,5.0,2.0,3.0,5.0,3.0,1.0,5.0,1.0,1.0,4.0,5.0,4.0,4.0,1.0,1.0,1,5,7,6,4,3,6,2,1,6,1,1,1,1,1,0,0,0,0,1,0,1,1,1,1,1,3,3,2,1,42,1,6,1,60,1,2,8
2634,5.0,5.0,4.0,3.0,4.0,1.0,1.0,5.0,1.0,1.0,1.0,4.0,4.0,1.0,4.0,3.0,4.0,4.0,5.0,4.0,2,5,5,3,6,6,5,5,3,2,1,1,1,1,1,0,0,1,0,1,1,0,1,1,1,1,1,2,1,2,19,1,2,2,60,2,1,1
2635,5.0,1.0,2.0,4.0,5.0,1.0,2.0,5.0,5.0,1.0,1.0,1.0,5.0,1.0,1.0,1.0,1.0,2.0,5.0,1.0,6,6,6,2,7,2,5,6,3,1,1,1,0,1,1,1,0,0,0,1,0,1,1,1,1,1,3,3,2,2,23,1,1,1,60,1,1,2
2636,2.0,2.0,3.0,4.0,4.0,1.0,1.0,2.0,4.0,2.0,1.0,4.0,1.0,2.0,4.0,2.0,4.0,4.0,2.0,3.0,5,3,6,2,6,2,6,5,6,4,1,1,0,1,1,0,0,0,0,0,0,0,0,1,1,1,3,3,1,2,38,1,7,1,60,2,3,2
2637,3.0,5.0,2.0,2.0,3.0,2.0,1.0,5.0,4.0,2.0,2.0,5.0,4.0,1.0,3.0,3.0,5.0,4.0,5.0,1.0,6,4,4,2,5,2,6,2,7,2,1,1,0,1,1,0,0,0,0,1,0,0,0,1,1,1,4,2,1,2,29,1,2,1,60,1,2,3
2638,2.0,4.0,2.0,1.0,4.0,1.0,1.0,4.0,5.0,4.0,1.0,2.0,4.0,1.0,4.0,1.0,1.0,4.0,5.0,1.0,1,6,6,1,6,7,6,2,7,3,1,1,0,1,1,0,0,1,0,1,1,0,1,1,1,1,3,3,1,2,26,1,1,1,60,1,1,2
2639,1.0,1.0,4.0,2.0,3.0,5.0,4.0,3.0,5.0,4.0,2.0,2.0,1.0,2.0,1.0,2.0,3.0,2.0,3.0,1.0,2,3,7,5,7,5,7,1,4,1,1,1,0,1,1,0,0,0,0,1,0,0,1,1,1,1,4,1,2,1,37,1,7,1,60,2,3,2
2640,2.0,5.0,5.0,4.0,4.0,5.0,4.0,2.0,5.0,5.0,2.0,5.0,1.0,3.0,1.0,5.0,2.0,2.0,4.0,2.0,2,7,6,5,6,7,6,2,5,2,1,1,1,1,1,0,0,0,0,1,0,0,1,1,1,1,3,2,2,1,23,1,1,1,10,2,1,2
2641,4.0,4.0,2.0,2.0,4.0,1.0,1.0,5.0,1.0,4.0,1.0,4.0,5.0,4.0,5.0,4.0,4.0,5.0,5.0,4.0,6,3,5,7,5,6,5,5,5,6,1,1,0,1,0,0,0,0,0,0,0,0,0,0,1,1,3,3,1,2,21,1,4,1,60,1,1,2
2642,4.0,4.0,2.0,3.0,4.0,4.0,2.0,4.0,4.0,2.0,2.0,2.0,2.0,3.0,4.0,1.0,4.0,4.0,4.0,2.0,3,5,5,5,6,6,6,5,5,3,1,1,0,1,1,0,0,1,0,1,0,0,1,1,1,1,3,3,1,2,29,1,2,1,60,1,1,0
2643,4.0,5.0,1.0,1.0,5.0,1.0,1.0,5.0,5.0,4.0,1.0,5.0,1.0,1.0,5.0,4.0,1.0,4.0,3.0,1.0,1,7,6,7,7,7,5,1,1,1,1,1,0,1,1,0,0,0,0,1,0,0,1,0,1,1,2,3,2,1,22,1,12,3,60,1,1,1
2644,4.0,3.0,2.0,2.0,4.0,2.0,2.0,1.0,3.0,5.0,1.0,5.0,2.0,2.0,4.0,2.0,3.0,5.0,5.0,2.0,2,4,6,5,7,7,4,5,3,4,1,1,1,1,1,0,0,0,0,1,0,1,0,1,1,1,3,3,2,2,29,1,8,1,10,1,1,2
2645,2.0,4.0,2.0,5.0,2.0,2.0,2.0,4.0,3.0,2.0,1.0,4.0,1.0,1.0,4.0,2.0,5.0,4.0,5.0,2.0,3,2,3,1,6,7,5,6,6,2,1,1,0,1,1,0,0,0,0,1,0,0,1,1,1,1,3,3,1,1,25,2,7,1,30,1,1,1
2646,1.0,1.0,5.0,5.0,1.0,2.0,2.0,4.0,5.0,5.0,3.0,1.0,1.0,2.0,1.0,4.0,5.0,3.0,1.0,1.0,7,5,3,7,7,1,7,3,1,4,1,1,0,1,1,0,0,0,0,1,1,0,1,1,1,1,3,1,2,1,36,1,12,2,60,2,1,3
2647,4.0,5.0,2.0,2.0,5.0,2.0,2.0,4.0,4.0,2.0,1.0,4.0,4.0,3.0,4.0,2.0,2.0,4.0,4.0,1.0,6,1,5,5,6,2,6,6,5,5,1,1,0,1,1,0,0,1,0,1,0,0,1,1,1,1,3,3,1,2,23,1,4,3,10,1,1,3
2648,4.0,5.0,3.0,5.0,1.0,5.0,4.0,1.0,5.0,3.0,1.0,5.0,4.0,2.0,1.0,5.0,5.0,4.0,5.0,1.0,5,6,3,3,7,3,7,1,4,1,1,1,0,1,1,0,0,1,0,1,1,0,1,1,1,1,3,3,1,1,23,2,1,1,70,2,1,2
2649,5.0,4.0,3.0,1.0,5.0,5.0,2.0,4.0,4.0,3.0,1.0,5.0,5.0,1.0,4.0,1.0,1.0,2.0,5.0,1.0,1,6,6,5,6,7,3,7,3,2,1,1,1,1,1,1,0,0,0,1,0,0,1,1,1,1,3,1,2,1,35,1,7,1,60,1,1,4
2650,5.0,5.0,1.0,2.0,4.0,1.0,1.0,4.0,2.0,2.0,1.0,4.0,5.0,1.0,4.0,5.0,1.0,2.0,5.0,1.0,6,7,7,1,7,6,7,2,7,1,1,1,0,1,1,0,0,1,0,1,0,0,0,1,1,1,4,3,2,2,28,1,1,1,60,1,2,2
2651,5.0,3.0,5.0,2.0,4.0,2.0,2.0,4.0,5.0,3.0,2.0,5.0,5.0,1.0,5.0,4.0,3.0,2.0,5.0,2.0,2,4,5,5,5,7,6,5,3,2,1,1,0,1,1,0,0,1,0,1,0,0,1,0,1,1,2,3,1,1,21,1,10,2,10,1,1,3
2652,5.0,2.0,4.0,3.0,4.0,4.0,5.0,5.0,3.0,4.0,1.0,5.0,2.0,1.0,4.0,2.0,3.0,5.0,5.0,2.0,4,5,6,2,6,6,4,1,5,1,1,1,1,1,1,0,0,1,0,1,0,0,1,1,1,1,4,1,2,2,33,1,2,1,60,1,1,2
2653,5.0,5.0,3.0,1.0,5.0,1.0,1.0,2.0,2.0,1.0,1.0,5.0,1.0,2.0,5.0,1.0,1.0,5.0,1.0,1.0,1,5,7,1,6,7,3,1,3,1,1,1,1,1,1,0,0,1,0,1,0,0,1,1,1,1,4,3,1,2,21,1,8,2,10,2,1,1
2654,5.0,1.0,4.0,2.0,5.0,4.0,3.0,2.0,5.0,1.0,2.0,5.0,5.0,1.0,5.0,1.0,1.0,5.0,5.0,1.0,5,5,7,1,7,2,2,1,6,1,1,1,0,1,1,0,1,1,0,1,0,1,1,1,1,1,2,1,2,1,40,1,7,1,70,1,3,3
2655,5.0,5.0,4.0,1.0,5.0,1.0,1.0,5.0,2.0,4.0,1.0,5.0,4.0,1.0,5.0,1.0,4.0,5.0,5.0,5.0,1,6,2,7,7,1,3,3,1,1,1,0,0,1,1,0,0,0,0,1,0,0,0,1,1,1,3,3,2,2,41,1,2,1,60,1,1,4
2656,4.0,2.0,1.0,1.0,4.0,4.0,1.0,4.0,3.0,3.0,1.0,5.0,4.0,2.0,4.0,1.0,2.0,4.0,5.0,1.0,2,1,5,7,7,5,7,6,1,2,1,1,1,1,1,0,0,0,0,1,0,0,1,1,1,1,4,3,2,2,21,1,10,2,10,2,1,4
2657,1.0,4.0,4.0,4.0,1.0,5.0,4.0,1.0,5.0,5.0,3.0,5.0,1.0,4.0,4.0,4.0,5.0,2.0,3.0,1.0,5,1,7,3,5,6,5,1,7,3,1,1,0,1,1,0,0,0,0,1,0,0,1,1,1,1,3,1,2,1,48,1,1,1,30,2,1,5
2658,2.0,4.0,4.0,5.0,2.0,2.0,1.0,1.0,5.0,5.0,1.0,4.0,4.0,5.0,3.0,1.0,1.0,4.0,5.0,2.0,1,3,2,1,7,7,6,6,6,2,1,1,0,1,1,0,0,0,0,1,0,0,1,1,1,1,3,2,2,1,52,1,12,1,60,1,3,4
2659,1.0,1.0,5.0,5.0,2.0,5.0,5.0,1.0,5.0,5.0,4.0,2.0,1.0,5.0,1.0,5.0,1.0,1.0,5.0,1.0,6,1,7,1,7,6,7,1,7,1,1,1,0,1,1,1,0,1,0,1,0,0,1,1,1,1,3,2,2,1,31,1,2,1,60,1,1,3
2660,1.0,1.0,4.0,5.0,3.0,5.0,3.0,1.0,5.0,2.0,3.0,4.0,1.0,2.0,3.0,5.0,3.0,4.0,3.0,4.0,6,3,7,5,7,6,4,4,3,1,0,0,0,1,1,0,1,0,0,1,0,0,1,1,1,1,4,2,1,2,39,1,4,2,60,1,2,1
2661,4.0,4.0,4.0,2.0,5.0,1.0,2.0,2.0,2.0,1.0,2.0,5.0,4.0,2.0,4.0,2.0,2.0,4.0,5.0,4.0,5,6,7,2,6,3,6,6,3,3,1,1,0,1,1,0,0,0,0,1,0,0,1,1,1,1,3,2,2,1,58,1,1,1,60,2,3,5
2662,5.0,5.0,1.0,4.0,5.0,2.0,1.0,5.0,2.0,1.0,1.0,5.0,5.0,1.0,5.0,1.0,1.0,5.0,5.0,5.0,7,1,6,1,7,4,4,1,7,1,1,1,1,1,1,0,1,1,0,1,1,1,1,1,1,1,4,1,2,1,50,3,1,2,60,2,3,2
2663,5.0,1.0,3.0,5.0,2.0,3.0,3.0,2.0,5.0,5.0,2.0,3.0,2.0,4.0,1.0,2.0,2.0,1.0,5.0,3.0,1,3,7,2,5,5,6,1,6,1,1,1,1,1,1,0,1,0,0,1,0,0,1,1,1,1,4,2,1,1,49,1,1,4,60,1,3,2
2664,1.0,1.0,5.0,4.0,1.0,4.0,2.0,3.0,5.0,5.0,2.0,1.0,1.0,4.0,4.0,4.0,4.0,1.0,4.0,1.0,1,2,6,7,5,5,7,5,2,1,1,1,1,1,1,0,0,0,0,1,1,1,1,1,1,1,3,1,2,1,24,1,6,1,60,1,2,2
2665,5.0,5.0,1.0,2.0,5.0,1.0,1.0,5.0,1.0,1.0,1.0,5.0,5.0,2.0,5.0,2.0,2.0,5.0,5.0,5.0,3,1,6,2,6,6,2,1,6,3,1,1,0,1,1,0,0,0,0,1,0,0,1,1,1,1,3,2,1,1,22,1,6,1,30,2,1,4
2666,4.0,4.0,1.0,4.0,4.0,1.0,1.0,4.0,3.0,1.0,2.0,4.0,5.0,5.0,5.0,2.0,4.0,5.0,4.0,1.0,2,6,4,3,5,6,6,5,6,4,1,1,1,1,1,0,0,1,0,1,1,1,1,1,1,1,3,1,2,1,42,3,12,3,70,1,3,1
2667,4.0,5.0,3.0,1.0,4.0,1.0,1.0,3.0,2.0,1.0,1.0,5.0,5.0,2.0,5.0,2.0,1.0,5.0,3.0,1.0,5,5,5,2,6,4,5,2,6,2,0,0,0,0,0,0,0,0,0,1,0,0,0,0,0,0,3,3,1,2,23,1,10,1,60,2,1,5
2668,2.0,4.0,5.0,4.0,2.0,2.0,4.0,4.0,4.0,4.0,1.0,2.0,1.0,1.0,4.0,4.0,3.0,4.0,5.0,1.0,6,3,6,2,6,7,7,6,6,3,1,0,0,1,1,0,0,0,0,1,0,0,0,0,1,1,4,1,1,2,44,1,8,1,10,1,2,3
2669,5.0,5.0,1.0,1.0,5.0,1.0,5.0,5.0,2.0,1.0,1.0,5.0,5.0,1.0,4.0,1.0,5.0,5.0,5.0,5.0,1,1,7,5,6,7,1,1,3,5,1,1,0,1,1,0,0,0,0,1,0,0,0,1,1,1,3,3,1,2,21,1,10,1,10,2,1,7
2670,5.0,1.0,5.0,1.0,5.0,4.0,4.0,5.0,3.0,5.0,4.0,5.0,4.0,1.0,4.0,1.0,5.0,5.0,5.0,1.0,2,2,7,6,3,7,7,1,6,2,0,0,1,1,1,0,0,0,0,1,1,0,0,1,0,1,4,3,2,2,48,1,1,1,60,1,2,3
2671,1.0,2.0,4.0,4.0,2.0,4.0,4.0,1.0,5.0,5.0,4.0,2.0,1.0,4.0,3.0,4.0,4.0,2.0,3.0,1.0,5,3,5,5,5,3,6,3,5,2,1,1,0,1,1,0,0,0,0,1,1,0,1,1,1,1,3,2,2,1,50,2,1,1,60,1,3,2
2672,4.0,3.0,2.0,4.0,2.0,2.0,2.0,2.0,5.0,4.0,2.0,3.0,2.0,4.0,2.0,2.0,2.0,1.0,5.0,1.0,3,5,6,1,7,3,3,3,5,1,1,1,0,1,1,0,0,0,0,1,0,0,0,1,1,1,3,1,2,1,45,1,12,1,60,2,0,6
2673,1.0,1.0,5.0,4.0,1.0,5.0,2.0,2.0,5.0,5.0,1.0,3.0,1.0,1.0,4.0,2.0,4.0,2.0,4.0,1.0,3,6,5,4,7,7,7,1,3,3,1,1,0,1,1,0,0,1,0,1,0,0,1,1,1,1,3,1,1,1,24,1,12,1,60,2,1,2
2674,4.0,3.0,3.0,4.0,4.0,3.0,2.0,1.0,5.0,3.0,2.0,5.0,4.0,2.0,2.0,4.0,3.0,4.0,4.0,3.0,4,5,7,1,7,5,5,2,6,1,1,1,1,1,1,0,0,0,0,1,0,0,1,1,1,1,3,3,1,2,47,1,8,1,70,2,1,3
2675,5.0,4.0,2.0,2.0,4.0,2.0,2.0,5.0,1.0,1.0,1.0,5.0,2.0,1.0,5.0,2.0,2.0,4.0,4.0,5.0,3,1,5,2,0,4,6,3,6,7,1,1,1,1,1,0,1,0,0,1,0,0,1,1,1,1,4,2,1,1,39,1,4,1,60,1,2,2
2676,5.0,3.0,2.0,1.0,4.0,3.0,1.0,5.0,2.0,2.0,1.0,5.0,2.0,1.0,5.0,2.0,1.0,3.0,5.0,4.0,5,6,6,2,7,6,5,1,7,3,1,1,1,1,1,1,0,1,0,1,0,0,1,1,1,1,3,3,1,1,29,1,7,1,30,1,1,2
2677,5.0,5.0,3.0,3.0,4.0,2.0,1.0,2.0,5.0,1.0,2.0,5.0,2.0,1.0,4.0,1.0,4.0,3.0,5.0,5.0,4,6,5,1,7,3,6,7,4,4,1,1,0,1,1,0,0,1,1,1,1,0,0,1,1,1,2,3,1,2,18,1,0,1,60,1,1,2
2678,5.0,4.0,3.0,2.0,5.0,2.0,1.0,1.0,5.0,2.0,1.0,5.0,3.0,3.0,4.0,2.0,3.0,4.0,5.0,2.0,1,2,5,5,5,5,5,2,3,4,1,1,0,1,1,0,1,1,0,1,1,0,1,1,1,1,3,1,2,2,33,1,1,1,60,0,1,3
2679,5.0,5.0,2.0,1.0,5.0,4.0,2.0,5.0,3.0,4.0,1.0,5.0,5.0,1.0,5.0,2.0,1.0,4.0,5.0,5.0,1,7,7,6,6,7,5,7,5,1,1,1,0,1,1,0,0,1,0,1,0,0,1,1,1,1,2,2,1,1,18,1,7,1,60,2,1,1
2680,4.0,4.0,4.0,1.0,2.0,1.0,2.0,5.0,2.0,2.0,2.0,5.0,2.0,4.0,5.0,2.0,1.0,4.0,5.0,2.0,6,2,7,4,6,1,7,1,5,1,1,1,1,1,1,0,1,0,0,1,1,0,1,1,1,1,3,1,2,1,28,1,1,2,60,1,2,3
2681,5.0,2.0,1.0,1.0,5.0,1.0,1.0,5.0,3.0,2.0,1.0,5.0,5.0,1.0,5.0,1.0,1.0,4.0,5.0,4.0,5,7,5,7,2,7,1,4,5,3,1,1,0,1,1,0,0,0,0,1,1,1,0,1,1,1,1,3,2,1,14,0,1,2,70,2,1,1
2682,4.0,4.0,1.0,3.0,2.0,2.0,2.0,1.0,5.0,4.0,1.0,4.0,1.0,2.0,1.0,2.0,2.0,5.0,5.0,2.0,2,5,7,2,7,6,6,2,5,7,1,1,0,1,1,0,0,1,0,1,1,0,1,1,1,1,3,1,1,1,22,1,2,1,60,1,1,2
2683,5.0,5.0,5.0,2.0,5.0,1.0,1.0,1.0,3.0,1.0,1.0,5.0,5.0,2.0,5.0,1.0,4.0,5.0,3.0,1.0,3,6,6,5,4,7,2,5,2,1,1,1,1,1,1,0,1,1,0,1,0,1,0,1,1,1,2,3,2,2,21,1,8,1,10,1,1,3
2684,1.0,1.0,4.0,5.0,1.0,2.0,1.0,2.0,5.0,4.0,1.0,1.0,1.0,2.0,1.0,4.0,2.0,4.0,3.0,1.0,5,5,5,3,5,2,6,3,6,2,1,1,1,1,1,0,0,0,0,1,0,0,1,1,1,1,3,2,2,1,37,2,1,1,60,1,2,2
2685,3.0,5.0,1.0,2.0,5.0,1.0,2.0,5.0,2.0,1.0,2.0,1.0,4.0,1.0,5.0,1.0,1.0,1.0,5.0,2.0,2,6,7,2,3,5,3,5,5,3,1,1,0,1,1,0,0,0,0,1,0,1,1,1,1,1,3,0,1,1,21,2,6,1,60,1,1,2
2686,4.0,4.0,2.0,1.0,4.0,1.0,1.0,2.0,4.0,2.0,1.0,5.0,5.0,1.0,4.0,4.0,5.0,4.0,3.0,3.0,5,5,5,7,5,2,6,5,3,3,1,1,0,1,1,0,1,0,0,1,1,0,1,1,1,1,4,3,2,1,46,1,7,1,70,1,2,2
2687,5.0,5.0,2.0,1.0,5.0,2.0,1.0,4.0,2.0,1.0,1.0,4.0,4.0,2.0,5.0,1.0,2.0,3.0,5.0,2.0,3,7,7,0,7,7,5,5,7,2,1,1,1,1,1,1,1,1,0,1,1,1,1,1,1,1,3,3,1,1,25,1,2,1,60,1,1,4
2688,5.0,5.0,1.0,1.0,5.0,1.0,1.0,5.0,5.0,2.0,1.0,5.0,4.0,1.0,5.0,1.0,1.0,5.0,5.0,1.0,1,7,6,3,1,7,5,6,6,6,1,1,0,1,1,1,1,1,0,1,0,1,1,1,1,1,3,1,3,2,29,3,2,2,60,2,2,3
2689,4.0,2.0,2.0,3.0,5.0,1.0,1.0,1.0,3.0,1.0,1.0,5.0,4.0,1.0,4.0,1.0,1.0,5.0,4.0,3.0,2,5,7,3,3,7,5,1,7,5,1,1,0,1,1,0,0,0,0,1,0,0,1,0,1,1,3,2,1,1,20,1,6,1,60,1,1,1
2690,2.0,1.0,1.0,1.0,5.0,4.0,1.0,1.0,5.0,5.0,1.0,5.0,1.0,1.0,5.0,1.0,1.0,4.0,3.0,1.0,7,2,6,1,7,2,7,5,6,3,1,1,1,1,1,0,0,0,0,1,0,0,1,1,1,1,3,2,2,1,34,1,6,1,60,1,1,2
2691,5.0,5.0,3.0,2.0,3.0,2.0,1.0,2.0,2.0,1.0,3.0,4.0,2.0,1.0,4.0,1.0,2.0,4.0,4.0,4.0,3,4,4,2,7,1,5,1,6,4,0,0,0,0,0,1,0,0,1,0,0,0,0,0,0,1,3,3,1,1,22,1,3,1,70,1,1,0
2692,5.0,5.0,2.0,2.0,1.0,1.0,1.0,5.0,1.0,2.0,1.0,5.0,5.0,1.0,4.0,2.0,1.0,5.0,5.0,2.0,3,6,5,5,7,5,1,1,6,1,1,1,1,1,1,1,1,0,0,1,0,1,1,1,1,1,3,2,2,1,22,1,1,1,60,2,1,3
2693,5.0,5.0,1.0,1.0,5.0,1.0,1.0,5.0,1.0,1.0,1.0,5.0,5.0,1.0,5.0,5.0,1.0,5.0,5.0,5.0,1,1,7,1,1,1,1,1,1,1,1,1,0,1,1,0,0,0,0,1,0,0,0,1,1,1,4,2,1,1,51,1,6,1,30,1,2,3
2694,2.0,2.0,2.0,4.0,4.0,5.0,5.0,2.0,5.0,5.0,2.0,2.0,3.0,2.0,1.0,3.0,1.0,1.0,4.0,4.0,7,2,7,3,7,4,5,4,5,1,1,1,0,1,1,0,0,0,0,1,0,0,1,1,1,1,3,2,1,1,32,1,12,1,60,1,3,4
2695,5.0,5.0,5.0,5.0,5.0,1.0,5.0,5.0,5.0,1.0,5.0,1.0,5.0,5.0,2.0,1.0,1.0,1.0,5.0,1.0,7,1,5,5,7,7,7,1,5,1,0,0,0,0,1,0,1,0,0,1,0,0,1,1,1,1,2,1,1,2,20,1,8,2,60,2,1,3
2696,5.0,3.0,3.0,1.0,5.0,3.0,2.0,5.0,4.0,2.0,1.0,5.0,4.0,2.0,5.0,1.0,1.0,5.0,5.0,4.0,1,6,2,7,6,6,1,1,1,1,1,1,0,1,1,0,0,0,0,1,0,0,1,1,1,1,2,3,2,2,18,1,2,2,10,1,1,1
2697,2.0,2.0,2.0,2.0,3.0,1.0,1.0,2.0,5.0,4.0,3.0,2.0,3.0,3.0,2.0,1.0,1.0,3.0,2.0,2.0,6,5,5,5,7,7,6,2,7,5,1,0,0,1,1,0,0,0,0,1,0,0,0,0,1,1,4,2,1,2,26,1,8,1,10,1,1,2
2698,4.0,5.0,2.0,2.0,5.0,2.0,2.0,4.0,2.0,1.0,1.0,5.0,4.0,4.0,4.0,2.0,1.0,4.0,4.0,3.0,4,5,3,5,3,3,2,5,4,5,1,1,1,1,1,0,0,0,0,1,0,0,1,0,1,1,3,2,2,2,26,1,4,1,10,1,1,1
2699,5.0,5.0,1.0,1.0,4.0,2.0,1.0,4.0,2.0,1.0,1.0,5.0,5.0,1.0,5.0,2.0,3.0,5.0,5.0,4.0,1,6,2,5,5,6,2,4,5,2,1,1,0,1,1,0,0,1,0,1,1,1,1,1,1,1,2,3,1,2,17,1,2,4,60,2,1,3
2700,5.0,4.0,1.0,1.0,5.0,2.0,1.0,5.0,1.0,5.0,1.0,3.0,5.0,4.0,5.0,3.0,2.0,5.0,5.0,3.0,5,7,7,7,2,2,4,7,3,1,1,1,1,1,1,0,1,1,0,1,0,0,1,1,1,1,2,2,1,1,18,1,9,1,60,2,1,2
2701,2.0,4.0,2.0,4.0,3.0,4.0,3.0,2.0,4.0,4.0,3.0,4.0,4.0,3.0,1.0,3.0,4.0,3.0,3.0,1.0,2,1,6,3,2,7,6,2,7,2,1,1,1,1,1,1,1,1,0,1,0,0,1,1,1,1,3,2,2,1,46,1,2,1,60,2,1,2
2702,4.0,4.0,2.0,3.0,1.0,3.0,4.0,4.0,5.0,4.0,3.0,2.0,1.0,2.0,3.0,2.0,3.0,2.0,5.0,1.0,3,4,4,5,5,6,5,6,3,4,1,1,0,1,1,0,0,0,0,1,0,0,1,1,1,1,3,3,1,1,31,2,1,1,60,2,1,0
2703,4.0,4.0,2.0,4.0,4.0,1.0,1.0,2.0,3.0,1.0,1.0,5.0,4.0,1.0,4.0,2.0,1.0,5.0,5.0,1.0,2,6,3,5,6,5,3,3,3,1,1,1,0,1,1,0,1,1,0,1,1,0,1,1,1,1,4,2,1,2,27,1,1,1,60,2,1,2
2704,5.0,5.0,1.0,1.0,5.0,2.0,1.0,5.0,5.0,1.0,1.0,5.0,5.0,1.0,5.0,1.0,1.0,5.0,5.0,5.0,2,2,7,1,7,7,3,1,7,2,1,1,0,1,1,1,0,0,0,1,0,0,1,1,1,1,4,3,1,2,29,1,1,1,10,1,1,5
2705,3.0,1.0,1.0,4.0,2.0,4.0,4.0,1.0,4.0,2.0,2.0,2.0,1.0,1.0,5.0,1.0,2.0,4.0,5.0,2.0,3,2,5,1,6,5,6,3,7,2,1,1,0,1,1,0,0,1,0,1,0,0,1,1,1,1,4,3,1,2,32,1,1,1,60,2,2,3
2706,5.0,1.0,1.0,1.0,5.0,1.0,1.0,4.0,1.0,1.0,1.0,4.0,5.0,1.0,5.0,1.0,2.0,5.0,5.0,5.0,4,7,1,6,5,6,2,1,1,1,1,1,0,1,1,0,0,0,0,1,0,0,0,0,1,1,1,3,1,2,13,1,10,3,20,2,1,4
2707,2.0,3.0,2.0,2.0,3.0,2.0,5.0,4.0,5.0,4.0,1.0,5.0,4.0,1.0,5.0,2.0,2.0,4.0,5.0,3.0,6,5,5,5,6,5,6,5,7,1,1,1,0,1,0,0,0,0,0,1,0,0,0,1,1,1,2,2,1,2,20,1,10,1,20,2,1,5
2708,4.0,1.0,2.0,2.0,3.0,5.0,2.0,2.0,5.0,4.0,2.0,1.0,1.0,1.0,3.0,5.0,3.0,3.0,5.0,3.0,3,2,6,1,7,6,6,5,7,3,1,1,0,1,1,0,0,0,0,1,0,0,0,1,1,1,3,1,1,2,23,2,12,1,10,2,1,3
2709,5.0,3.0,2.0,3.0,3.0,1.0,1.0,5.0,4.0,5.0,1.0,1.0,1.0,3.0,3.0,4.0,2.0,4.0,1.0,5.0,4,2,3,6,6,7,4,6,5,4,1,0,0,1,1,0,0,0,0,1,0,0,0,1,1,1,2,2,1,2,22,1,2,1,60,1,1,3
2710,5.0,3.0,5.0,3.0,5.0,4.0,1.0,2.0,5.0,2.0,1.0,5.0,4.0,1.0,1.0,1.0,4.0,5.0,5.0,5.0,6,3,7,3,7,2,7,2,7,1,1,1,1,1,1,0,1,0,1,1,0,0,1,1,1,1,4,1,1,1,52,1,6,1,30,1,2,7
2711,1.0,2.0,5.0,4.0,2.0,4.0,2.0,1.0,5.0,5.0,1.0,1.0,1.0,4.0,4.0,4.0,3.0,4.0,5.0,1.0,6,1,6,7,7,4,6,3,4,1,1,1,0,1,1,0,1,0,0,1,1,0,1,1,1,1,4,2,2,1,42,1,2,1,60,1,1,5
2712,1.0,1.0,4.0,3.0,5.0,4.0,2.0,3.0,5.0,4.0,1.0,4.0,1.0,3.0,1.0,5.0,4.0,1.0,1.0,1.0,6,2,5,4,5,5,7,5,6,5,1,1,1,1,1,0,0,0,0,1,0,0,1,1,1,1,3,2,1,1,47,1,7,1,60,1,3,2
2713,5.0,4.0,3.0,1.0,4.0,4.0,2.0,5.0,4.0,2.0,1.0,5.0,3.0,3.0,4.0,2.0,3.0,4.0,4.0,1.0,5,6,3,7,3,6,4,5,3,4,1,0,0,1,1,0,0,0,0,1,0,0,0,1,1,1,3,1,2,2,25,1,4,1,60,1,2,3
2714,4.0,4.0,5.0,3.0,4.0,3.0,2.0,4.0,5.0,4.0,3.0,4.0,4.0,3.0,4.0,4.0,3.0,4.0,4.0,3.0,2,4,4,4,5,6,5,4,4,3,0,0,0,0,0,0,0,0,1,1,0,0,1,1,0,1,2,3,1,2,19,1,10,2,10,2,1,4
2715,4.0,5.0,1.0,3.0,4.0,1.0,1.0,5.0,2.0,1.0,1.0,5.0,4.0,1.0,4.0,1.0,2.0,5.0,5.0,3.0,4,6,5,7,7,7,6,5,5,4,1,1,0,1,1,0,0,1,0,1,0,0,1,1,1,1,4,1,3,1,23,1,1,5,70,1,1,1
2716,5.0,4.0,4.0,1.0,2.0,2.0,2.0,2.0,3.0,5.0,4.0,4.0,5.0,4.0,4.0,2.0,2.0,3.0,5.0,4.0,4,3,6,2,7,1,5,1,7,5,1,1,0,1,1,0,1,0,0,1,0,1,1,1,1,1,4,1,1,2,24,1,6,1,70,1,1,2
2717,5.0,1.0,5.0,1.0,5.0,5.0,5.0,5.0,5.0,1.0,1.0,5.0,2.0,2.0,2.0,1.0,1.0,1.0,5.0,5.0,2,5,7,6,6,6,7,7,3,1,1,1,1,1,1,0,1,0,0,1,1,0,1,1,1,1,3,3,1,1,38,2,2,1,60,1,1,2
2718,5.0,3.0,2.0,2.0,2.0,1.0,2.0,5.0,3.0,2.0,1.0,5.0,2.0,2.0,5.0,1.0,1.0,5.0,4.0,1.0,4,5,6,3,5,5,4,2,6,5,1,1,0,1,1,1,0,1,0,1,0,1,0,1,1,1,3,3,2,2,26,1,12,1,60,2,1,3
2719,1.0,1.0,4.0,4.0,1.0,1.0,1.0,1.0,5.0,2.0,4.0,2.0,1.0,2.0,4.0,4.0,4.0,3.0,5.0,1.0,5,1,5,5,6,3,7,2,3,3,1,1,0,1,1,0,0,1,0,1,1,0,1,1,1,1,2,2,2,1,18,1,2,2,10,1,1,2
2720,2.0,4.0,1.0,2.0,4.0,1.0,1.0,5.0,4.0,1.0,1.0,4.0,5.0,1.0,5.0,1.0,1.0,5.0,5.0,1.0,7,5,6,1,7,1,5,1,6,1,1,1,1,1,1,0,0,0,0,1,0,0,1,1,1,1,3,2,2,1,30,1,6,1,60,1,1,1
2721,4.0,3.0,2.0,1.0,4.0,4.0,1.0,3.0,3.0,2.0,2.0,5.0,3.0,2.0,5.0,2.0,1.0,4.0,4.0,5.0,2,5,6,2,4,7,1,1,7,1,1,1,0,1,1,0,0,0,0,1,0,0,1,1,1,1,2,3,1,1,16,3,4,1,60,2,1,3
2722,1.0,1.0,4.0,5.0,1.0,4.0,4.0,2.0,5.0,5.0,5.0,1.0,1.0,1.0,3.0,5.0,5.0,5.0,5.0,5.0,6,5,6,7,7,1,4,4,1,1,1,1,1,1,1,0,1,1,0,1,0,1,1,1,1,1,3,3,2,1,19,1,1,2,50,1,1,3
2723,5.0,5.0,2.0,1.0,5.0,2.0,1.0,4.0,3.0,1.0,1.0,4.0,4.0,1.0,5.0,2.0,1.0,5.0,5.0,3.0,2,2,5,6,5,7,7,4,3,3,1,1,0,1,1,0,0,0,0,1,0,0,1,1,1,1,2,2,1,1,22,2,2,1,60,1,1,3
2724,2.0,2.0,4.0,5.0,2.0,4.0,5.0,1.0,5.0,4.0,4.0,4.0,1.0,2.0,3.0,4.0,2.0,1.0,4.0,1.0,7,3,6,5,7,1,5,1,3,2,0,1,1,1,1,0,0,1,0,1,0,0,1,1,1,1,4,2,2,1,40,1,6,1,60,1,2,2
2725,4.0,5.0,2.0,3.0,5.0,1.0,1.0,5.0,3.0,2.0,1.0,5.0,5.0,1.0,4.0,1.0,1.0,4.0,5.0,5.0,7,3,5,6,5,7,2,5,5,2,1,1,0,1,1,0,0,0,0,1,0,0,1,1,1,1,4,2,1,2,23,1,4,2,10,1,1,4
2726,1.0,2.0,2.0,3.0,3.0,1.0,2.0,4.0,3.0,2.0,2.0,2.0,3.0,3.0,3.0,3.0,2.0,4.0,5.0,5.0,4,4,2,6,7,4,5,7,2,1,1,1,1,1,1,0,1,1,0,1,1,1,1,1,1,1,3,3,1,2,31,1,8,2,70,2,1,2
2727,4.0,4.0,3.0,3.0,4.0,3.0,3.0,5.0,4.0,4.0,2.0,5.0,4.0,2.0,5.0,2.0,3.0,4.0,4.0,3.0,5,5,7,5,5,4,4,4,4,3,1,1,0,1,1,0,0,0,0,1,0,0,0,1,1,1,3,2,2,1,43,1,4,1,70,1,1,1
2728,5.0,5.0,1.0,1.0,5.0,1.0,1.0,4.0,1.0,1.0,1.0,5.0,5.0,1.0,5.0,1.0,4.0,5.0,5.0,3.0,5,7,2,4,7,2,3,6,6,1,1,1,1,1,1,0,0,1,0,1,0,0,1,1,1,1,3,3,2,2,22,1,2,1,60,2,1,1
2729,4.0,4.0,3.0,1.0,5.0,1.0,3.0,2.0,3.0,2.0,1.0,5.0,5.0,2.0,4.0,1.0,2.0,5.0,4.0,1.0,2,6,7,6,5,7,6,5,2,3,1,1,0,1,1,0,0,0,0,1,0,0,1,1,1,1,3,3,2,1,46,1,7,0,60,0,1,2
2730,5.0,5.0,1.0,2.0,5.0,1.0,1.0,5.0,1.0,1.0,1.0,4.0,5.0,1.0,5.0,1.0,5.0,5.0,5.0,5.0,6,7,5,6,7,7,6,3,3,2,1,1,1,1,1,1,1,1,1,1,1,1,1,1,1,1,1,2,1,1,13,1,1,3,60,2,1,1
2731,4.0,5.0,2.0,1.0,5.0,1.0,2.0,4.0,1.0,1.0,1.0,5.0,5.0,1.0,5.0,1.0,5.0,4.0,5.0,3.0,7,7,5,5,7,1,6,5,5,2,1,1,0,1,1,0,1,0,0,1,0,0,1,1,1,1,4,2,2,2,26,1,8,1,70,2,1,2
2732,5.0,4.0,4.0,4.0,1.0,2.0,3.0,5.0,4.0,3.0,5.0,5.0,1.0,2.0,4.0,4.0,5.0,4.0,5.0,1.0,6,5,3,7,4,7,6,5,6,5,1,0,0,1,0,0,0,0,0,1,0,0,0,0,1,1,1,3,2,2,16,1,1,1,60,2,1,3
2733,2.0,5.0,1.0,3.0,5.0,1.0,1.0,5.0,2.0,1.0,1.0,5.0,5.0,2.0,5.0,2.0,1.0,5.0,5.0,1.0,3,7,7,2,7,6,3,7,7,1,1,1,1,1,1,0,1,1,0,1,0,0,1,1,1,1,3,2,1,1,24,1,1,1,60,1,1,3
2734,4.0,4.0,2.0,3.0,4.0,3.0,1.0,1.0,1.0,4.0,1.0,5.0,4.0,1.0,5.0,2.0,4.0,3.0,5.0,4.0,4,6,6,3,5,5,4,2,4,2,1,1,0,1,1,0,0,0,0,1,1,0,0,1,1,1,3,3,1,2,36,1,6,1,10,2,3,3
2735,2.0,2.0,3.0,5.0,1.0,3.0,1.0,1.0,4.0,4.0,1.0,1.0,1.0,4.0,4.0,4.0,4.0,3.0,5.0,1.0,5,3,6,5,6,2,6,4,5,2,1,1,0,1,1,0,1,0,0,1,0,0,1,1,1,1,4,2,2,1,49,1,2,1,60,1,2,4
2736,5.0,4.0,2.0,2.0,4.0,2.0,4.0,4.0,2.0,4.0,1.0,4.0,4.0,2.0,4.0,2.0,2.0,4.0,3.0,4.0,3,5,0,5,5,5,4,5,6,2,1,1,0,1,1,0,1,0,0,1,0,0,0,1,1,1,2,3,1,2,20,1,8,1,70,2,1,2
2737,5.0,4.0,2.0,4.0,4.0,2.0,1.0,2.0,2.0,4.0,2.0,4.0,2.0,2.0,5.0,2.0,2.0,4.0,5.0,1.0,5,6,6,5,5,6,6,3,6,2,1,1,1,1,1,0,0,1,0,1,1,1,1,1,1,1,3,2,2,2,22,1,2,3,70,1,1,2
2738,2.0,1.0,4.0,3.0,3.0,5.0,5.0,2.0,5.0,5.0,2.0,3.0,1.0,3.0,2.0,5.0,4.0,3.0,5.0,1.0,6,4,3,5,5,5,6,4,4,2,1,0,0,1,0,0,0,0,0,1,0,0,0,0,1,1,3,1,2,2,23,1,12,1,60,1,1,2
2739,3.0,4.0,2.0,4.0,3.0,1.0,1.0,3.0,3.0,2.0,3.0,3.0,3.0,4.0,3.0,2.0,2.0,4.0,5.0,1.0,5,4,4,5,6,3,5,6,3,1,1,1,1,1,1,0,0,0,0,1,0,0,1,1,1,1,2,2,2,1,24,1,1,2,60,1,1,2
2740,5.0,1.0,4.0,3.0,3.0,2.0,1.0,4.0,3.0,2.0,3.0,3.0,3.0,3.0,4.0,5.0,3.0,5.0,5.0,2.0,4,4,4,5,4,6,4,5,5,5,0,0,0,0,0,0,0,1,0,1,0,1,0,0,1,1,3,3,1,1,19,1,1,1,70,1,1,2
2741,2.0,2.0,2.0,3.0,4.0,4.0,1.0,4.0,4.0,4.0,1.0,3.0,2.0,2.0,4.0,3.0,4.0,4.0,5.0,1.0,2,3,5,5,5,7,3,2,1,4,1,1,1,1,1,0,0,0,0,1,0,0,1,1,1,1,3,1,1,1,20,1,2,1,60,1,1,3
2742,5.0,4.0,5.0,1.0,3.0,4.0,5.0,1.0,5.0,2.0,1.0,5.0,5.0,2.0,4.0,4.0,3.0,2.0,1.0,2.0,5,2,7,5,5,7,6,1,7,1,0,1,0,0,1,0,0,0,0,1,0,0,1,1,0,1,4,3,2,2,25,1,7,0,30,2,1,3
2743,4.0,4.0,5.0,4.0,2.0,1.0,2.0,4.0,4.0,2.0,1.0,5.0,2.0,3.0,4.0,4.0,3.0,4.0,4.0,1.0,2,5,6,3,6,7,5,3,7,5,1,1,1,1,1,1,0,1,0,1,0,1,1,1,1,1,2,2,2,1,19,1,8,1,10,1,1,2
2744,2.0,4.0,2.0,2.0,3.0,5.0,5.0,5.0,5.0,5.0,2.0,4.0,3.0,1.0,3.0,5.0,4.0,4.0,5.0,1.0,7,6,2,1,7,1,6,1,6,1,0,0,0,0,1,0,0,0,1,1,0,1,1,1,0,1,4,3,2,2,41,1,4,1,70,2,2,3
2745,5.0,3.0,2.0,5.0,3.0,3.0,2.0,3.0,3.0,3.0,3.0,5.0,3.0,2.0,3.0,4.0,1.0,5.0,5.0,3.0,3,4,5,5,5,6,5,5,5,5,1,1,0,1,0,0,0,0,0,1,0,0,0,0,1,1,3,3,2,1,38,1,4,1,60,1,1,2
2746,5.0,5.0,1.0,1.0,1.0,1.0,5.0,5.0,1.0,2.0,1.0,5.0,5.0,1.0,5.0,5.0,1.0,5.0,5.0,5.0,5,6,1,7,5,2,4,6,2,3,1,1,0,1,1,0,1,0,0,1,0,0,1,1,0,1,0,3,1,2,20,1,12,1,70,2,1,2
2747,4.0,4.0,2.0,2.0,5.0,2.0,1.0,1.0,2.0,2.0,1.0,4.0,4.0,4.0,5.0,1.0,3.0,5.0,5.0,2.0,6,7,5,2,5,3,6,2,3,2,1,1,0,1,1,0,0,0,0,1,0,0,0,1,1,1,3,2,2,2,25,1,6,2,60,1,1,2
2748,5.0,3.0,4.0,2.0,5.0,1.0,2.0,4.0,2.0,1.0,1.0,4.0,4.0,3.0,5.0,2.0,1.0,4.0,5.0,2.0,5,6,6,5,7,7,5,3,6,2,1,1,1,1,1,0,1,1,0,1,0,0,1,1,1,1,4,3,2,2,26,1,4,1,10,2,1,3
2749,5.0,5.0,1.0,1.0,5.0,1.0,1.0,5.0,1.0,1.0,1.0,5.0,5.0,1.0,5.0,1.0,5.0,5.0,5.0,5.0,4,7,7,6,5,7,3,1,4,2,1,1,0,1,1,0,0,0,0,1,0,0,0,1,1,1,2,1,1,2,38,1,2,1,60,2,1,2
2750,1.0,3.0,1.0,4.0,4.0,4.0,2.0,1.0,5.0,5.0,1.0,4.0,1.0,3.0,3.0,1.0,4.0,4.0,5.0,2.0,5,5,6,4,6,5,7,4,6,1,1,1,1,1,1,0,1,1,0,1,0,0,1,1,1,1,3,1,2,1,24,1,1,1,60,1,1,2
2751,1.0,4.0,2.0,1.0,5.0,1.0,1.0,5.0,3.0,5.0,1.0,1.0,5.0,1.0,5.0,1.0,3.0,5.0,5.0,1.0,6,6,2,6,7,1,6,6,3,1,1,1,1,1,1,1,0,0,0,1,1,0,1,1,1,1,3,3,2,2,28,1,2,1,60,1,1,1
2752,3.0,1.0,3.0,4.0,4.0,2.0,3.0,1.0,4.0,2.0,2.0,5.0,1.0,4.0,4.0,2.0,2.0,2.0,2.0,1.0,3,2,7,6,7,6,6,4,7,1,1,1,1,1,1,0,1,1,0,1,1,0,1,1,1,1,4,1,2,1,34,1,6,1,60,1,2,2
2753,4.0,3.0,3.0,3.0,4.0,2.0,5.0,4.0,4.0,2.0,1.0,2.0,3.0,3.0,3.0,3.0,3.0,3.0,1.0,3.0,3,7,7,6,6,1,4,5,5,1,1,1,0,1,1,0,0,0,0,1,0,0,0,1,1,1,3,3,2,1,30,2,2,1,60,1,2,1
2754,5.0,5.0,2.0,1.0,5.0,2.0,1.0,4.0,2.0,1.0,1.0,5.0,4.0,1.0,4.0,2.0,1.0,4.0,5.0,4.0,1,6,2,5,5,7,5,4,5,4,1,1,0,1,0,0,0,0,0,1,0,0,1,1,1,1,3,3,1,2,26,1,2,1,60,1,1,1
2755,5.0,5.0,1.0,1.0,5.0,1.0,1.0,5.0,1.0,1.0,1.0,5.0,5.0,1.0,5.0,1.0,1.0,5.0,5.0,5.0,5,1,7,1,7,1,1,1,7,4,1,1,1,1,1,0,0,1,0,1,1,1,1,1,1,1,2,3,1,1,26,1,2,1,60,1,2,3
2756,2.0,4.0,2.0,1.0,1.0,4.0,1.0,4.0,5.0,2.0,1.0,4.0,4.0,5.0,1.0,2.0,4.0,1.0,5.0,4.0,6,5,5,7,7,5,7,3,2,3,0,1,1,1,0,0,0,0,1,1,0,0,1,1,1,1,3,3,2,2,25,1,1,1,60,2,1,2
2757,1.0,2.0,4.0,3.0,2.0,5.0,5.0,1.0,5.0,4.0,3.0,2.0,1.0,3.0,3.0,5.0,3.0,2.0,3.0,2.0,4,1,7,4,4,6,5,3,5,2,1,1,0,1,1,0,1,0,0,1,0,0,1,1,1,1,3,2,1,1,32,1,5,1,60,2,2,6
2758,2.0,3.0,2.0,4.0,1.0,4.0,2.0,4.0,4.0,4.0,2.0,5.0,1.0,2.0,3.0,4.0,5.0,2.0,1.0,1.0,1,3,6,5,7,5,7,3,6,2,0,1,0,1,1,0,0,0,0,1,0,0,0,0,1,1,3,3,2,2,29,2,4,1,60,1,3,1
2759,4.0,2.0,4.0,4.0,2.0,4.0,2.0,3.0,5.0,2.0,2.0,1.0,2.0,4.0,3.0,3.0,3.0,1.0,5.0,3.0,6,3,6,3,7,5,7,4,6,1,1,1,1,1,1,0,0,1,0,1,0,0,1,1,1,1,4,1,2,1,24,1,7,1,60,1,1,2
2760,4.0,2.0,2.0,4.0,1.0,3.0,4.0,2.0,5.0,2.0,4.0,4.0,2.0,4.0,4.0,2.0,2.0,2.0,3.0,3.0,6,1,6,2,6,3,5,2,6,2,1,1,0,1,1,0,1,1,0,1,0,0,1,1,1,1,4,3,2,1,70,1,12,1,60,1,3,1
2761,3.0,3.0,3.0,3.0,3.0,5.0,4.0,2.0,5.0,4.0,4.0,3.0,5.0,5.0,2.0,4.0,4.0,1.0,3.0,1.0,7,4,7,2,5,1,7,1,3,5,1,0,0,1,1,0,0,0,0,1,0,0,0,1,1,1,2,3,2,2,20,1,4,1,70,2,1,5
2762,2.0,1.0,5.0,1.0,4.0,5.0,4.0,4.0,5.0,4.0,2.0,5.0,3.0,3.0,1.0,5.0,3.0,4.0,5.0,3.0,2,5,7,7,2,7,6,1,3,4,1,1,1,1,1,0,0,1,0,1,0,0,1,1,1,1,2,3,2,2,23,1,4,4,70,1,1,1
2763,1.0,4.0,4.0,5.0,1.0,4.0,2.0,1.0,5.0,5.0,4.0,1.0,1.0,5.0,4.0,4.0,2.0,1.0,5.0,1.0,6,2,3,3,6,2,6,6,6,2,1,1,0,1,1,0,0,1,0,1,0,0,0,1,1,1,4,3,2,2,35,1,1,1,60,1,1,1
2764,5.0,3.0,1.0,4.0,4.0,2.0,1.0,2.0,1.0,2.0,2.0,5.0,4.0,2.0,4.0,1.0,1.0,4.0,3.0,4.0,2,6,6,2,4,6,4,2,6,2,1,1,0,1,1,0,0,1,0,1,1,0,1,1,1,1,4,1,1,1,30,1,6,1,60,2,1,3
2765,2.0,1.0,4.0,5.0,1.0,4.0,4.0,1.0,5.0,4.0,4.0,1.0,1.0,4.0,1.0,4.0,5.0,3.0,2.0,1.0,5,1,7,6,7,5,7,3,5,2,1,1,0,1,1,0,0,0,0,1,0,0,1,1,1,1,3,3,2,1,40,1,12,1,70,2,1,3
2766,2.0,1.0,2.0,5.0,1.0,4.0,2.0,1.0,5.0,5.0,1.0,4.0,1.0,3.0,3.0,3.0,4.0,1.0,5.0,1.0,6,6,6,2,6,3,3,1,3,2,1,1,0,1,1,0,1,0,0,1,0,0,1,1,1,0,3,1,2,1,43,1,2,1,60,1,3,3
2767,4.0,1.0,3.0,4.0,2.0,4.0,5.0,4.0,5.0,3.0,1.0,3.0,2.0,4.0,4.0,5.0,4.0,4.0,4.0,5.0,6,5,7,3,5,7,6,5,6,3,1,1,0,1,1,0,0,0,0,1,0,0,0,1,1,1,3,1,2,2,27,1,4,1,70,2,2,3
2768,1.0,4.0,3.0,3.0,3.0,5.0,2.0,1.0,5.0,5.0,5.0,4.0,4.0,2.0,4.0,2.0,4.0,2.0,5.0,1.0,2,1,7,5,7,7,6,1,6,3,1,1,0,1,1,0,0,0,0,1,0,0,1,1,1,1,4,2,1,1,85,1,6,1,60,1,2,1
2769,4.0,4.0,3.0,2.0,4.0,3.0,2.0,4.0,4.0,3.0,2.0,5.0,2.0,1.0,1.0,4.0,2.0,4.0,4.0,3.0,1,4,5,5,7,7,6,2,3,3,1,1,0,1,1,0,0,0,0,1,0,0,1,1,1,1,3,3,1,1,34,1,2,1,10,2,1,2
2770,4.0,5.0,2.0,2.0,5.0,2.0,2.0,5.0,3.0,2.0,1.0,1.0,3.0,2.0,4.0,3.0,2.0,4.0,5.0,3.0,2,6,2,5,4,5,5,5,3,4,1,1,0,1,1,0,0,0,0,1,0,0,1,1,1,1,3,2,1,2,26,1,2,1,10,2,1,5
2771,1.0,1.0,2.0,5.0,1.0,4.0,2.0,2.0,5.0,5.0,1.0,1.0,2.0,2.0,1.0,2.0,2.0,2.0,4.0,1.0,6,2,5,5,6,1,6,5,3,2,1,1,1,1,1,0,1,0,0,1,0,0,1,1,1,1,3,3,2,1,59,1,6,1,60,1,2,3
2772,2.0,1.0,3.0,1.0,5.0,4.0,4.0,4.0,3.0,4.0,1.0,5.0,4.0,2.0,4.0,2.0,4.0,3.0,5.0,4.0,1,7,7,2,7,6,5,6,6,1,1,1,0,1,1,0,0,1,0,1,0,1,1,1,1,1,4,2,1,1,37,1,1,1,60,2,1,2
2773,1.0,2.0,5.0,4.0,2.0,4.0,2.0,1.0,5.0,4.0,2.0,2.0,2.0,4.0,1.0,2.0,3.0,3.0,5.0,2.0,3,2,3,5,6,6,7,5,3,2,1,1,1,1,1,0,1,1,0,1,0,0,1,1,1,1,4,1,2,1,42,1,1,2,60,1,3,3
2774,3.0,5.0,1.0,1.0,5.0,1.0,1.0,5.0,1.0,1.0,1.0,5.0,4.0,1.0,5.0,1.0,1.0,5.0,5.0,5.0,1,3,7,5,7,7,3,2,7,5,1,0,0,1,1,0,0,1,0,1,0,0,1,1,1,1,3,3,1,2,31,1,1,1,10,1,1,3
2775,5.0,4.0,2.0,2.0,3.0,3.0,1.0,4.0,3.0,2.0,2.0,3.0,3.0,2.0,5.0,1.0,1.0,5.0,3.0,3.0,6,7,5,4,6,4,6,4,4,1,0,1,0,1,1,0,0,0,0,1,0,0,1,1,1,1,2,3,2,2,15,1,2,2,70,2,1,4
2776,3.0,1.0,5.0,2.0,4.0,5.0,5.0,4.0,5.0,5.0,4.0,4.0,1.0,4.0,1.0,3.0,1.0,4.0,1.0,1.0,6,5,5,5,7,1,7,5,4,1,1,1,1,1,1,1,1,1,0,1,0,0,1,1,1,1,4,3,2,1,59,1,7,1,30,1,3,6
2777,5.0,4.0,3.0,3.0,5.0,2.0,1.0,2.0,3.0,2.0,1.0,3.0,4.0,3.0,4.0,4.0,1.0,5.0,4.0,1.0,5,6,7,6,7,7,6,5,2,1,1,1,1,1,1,1,0,0,0,1,0,0,1,1,1,1,3,3,2,2,24,1,2,2,10,2,1,8
2778,5.0,2.0,4.0,4.0,4.0,2.0,1.0,4.0,2.0,3.0,2.0,4.0,2.0,3.0,4.0,2.0,1.0,3.0,5.0,1.0,2,6,6,5,6,7,3,3,6,3,1,1,1,1,1,0,1,0,0,1,0,0,1,1,1,1,4,2,1,1,31,1,1,1,60,1,1,2
2779,5.0,5.0,1.0,1.0,5.0,1.0,1.0,5.0,5.0,5.0,1.0,5.0,1.0,1.0,3.0,1.0,1.0,5.0,5.0,3.0,5,6,2,5,5,5,6,6,3,1,0,1,1,1,0,0,0,1,0,0,0,1,1,1,1,1,4,2,2,1,50,1,7,1,60,1,1,2
2780,2.0,4.0,5.0,4.0,2.0,5.0,4.0,4.0,5.0,3.0,2.0,4.0,3.0,1.0,4.0,3.0,5.0,2.0,4.0,1.0,6,7,6,1,7,6,5,6,7,4,1,1,0,1,1,0,0,0,0,1,0,0,1,1,1,1,3,2,2,2,21,1,1,2,10,2,1,3
2781,5.0,1.0,1.0,1.0,5.0,1.0,1.0,5.0,1.0,1.0,1.0,5.0,5.0,1.0,5.0,2.0,1.0,1.0,5.0,4.0,6,6,7,6,2,6,2,1,2,2,1,1,0,1,1,0,0,0,0,1,1,0,1,1,1,1,3,1,1,1,38,1,4,1,60,2,1,0
2782,4.0,2.0,1.0,1.0,4.0,1.0,1.0,5.0,2.0,4.0,3.0,5.0,4.0,1.0,4.0,3.0,1.0,4.0,5.0,5.0,7,4,6,7,7,3,6,1,4,3,1,0,0,1,0,0,0,0,0,1,0,0,0,0,0,1,4,3,1,2,25,1,7,1,60,1,2,2
2783,2.0,4.0,2.0,4.0,4.0,2.0,2.0,2.0,5.0,5.0,1.0,4.0,1.0,1.0,4.0,3.0,3.0,5.0,1.0,1.0,3,7,1,6,5,5,5,5,2,1,1,1,1,1,1,0,0,1,0,1,1,0,1,1,1,1,2,2,1,2,22,1,1,2,60,1,1,2
2784,5.0,2.0,2.0,1.0,5.0,2.0,3.0,4.0,3.0,4.0,1.0,4.0,3.0,1.0,4.0,2.0,2.0,4.0,4.0,4.0,3,7,2,1,6,2,5,7,1,2,1,0,0,1,1,0,0,0,0,1,0,0,0,0,1,1,2,3,2,2,21,1,7,1,60,1,1,2
2785,4.0,5.0,4.0,1.0,5.0,2.0,1.0,2.0,3.0,2.0,1.0,5.0,4.0,1.0,4.0,1.0,1.0,5.0,5.0,4.0,6,7,6,7,5,7,2,1,2,1,1,1,1,1,1,1,0,1,0,1,0,1,1,1,1,1,3,1,2,2,30,1,2,1,60,2,1,4
2786,1.0,3.0,5.0,4.0,3.0,3.0,2.0,1.0,5.0,5.0,1.0,4.0,1.0,3.0,4.0,2.0,3.0,4.0,3.0,1.0,6,7,5,7,7,3,7,5,2,1,1,1,1,1,1,0,1,1,0,1,1,0,1,1,1,1,3,2,1,1,40,1,2,1,60,1,2,2
2787,3.0,3.0,2.0,3.0,4.0,2.0,2.0,4.0,4.0,2.0,2.0,4.0,3.0,3.0,2.0,2.0,4.0,4.0,5.0,4.0,3,3,6,1,6,6,4,4,6,4,1,1,1,1,1,0,0,0,0,1,0,0,1,1,1,1,2,2,1,1,37,1,2,0,60,1,2,3
2788,1.0,2.0,1.0,2.0,2.0,2.0,1.0,1.0,5.0,5.0,1.0,2.0,3.0,1.0,1.0,3.0,1.0,2.0,5.0,4.0,2,5,3,5,5,5,5,5,3,2,1,1,1,1,1,0,1,1,0,1,1,0,1,1,1,1,3,3,2,1,56,1,12,5,60,1,3,1
2789,1.0,3.0,5.0,5.0,4.0,1.0,1.0,1.0,4.0,4.0,4.0,1.0,1.0,4.0,2.0,5.0,2.0,1.0,5.0,1.0,7,1,7,1,7,1,7,1,7,1,1,1,1,1,1,0,1,1,0,1,1,0,1,1,1,1,4,2,1,1,32,1,2,2,60,1,2,2
2790,2.0,4.0,2.0,1.0,5.0,2.0,1.0,2.0,3.0,3.0,1.0,5.0,4.0,1.0,2.0,1.0,1.0,5.0,4.0,5.0,3,6,6,1,7,5,2,2,6,2,1,1,0,1,1,0,0,0,0,1,0,1,1,1,1,1,3,3,1,2,29,1,1,1,60,1,1,1
2791,5.0,5.0,4.0,5.0,5.0,2.0,1.0,1.0,2.0,1.0,5.0,4.0,1.0,5.0,1.0,4.0,3.0,5.0,5.0,1.0,6,6,4,7,5,6,6,7,1,3,1,0,0,1,1,0,0,1,0,1,0,0,0,1,1,1,2,2,2,2,20,1,12,1,10,2,1,2
2792,2.0,5.0,5.0,5.0,3.0,4.0,5.0,1.0,5.0,5.0,4.0,4.0,4.0,4.0,3.0,5.0,2.0,5.0,1.0,4.0,5,3,6,2,5,5,6,7,5,4,1,0,0,1,1,0,0,0,0,1,0,0,0,1,1,1,1,3,1,1,14,1,4,5,70,2,1,3
2793,3.0,3.0,4.0,4.0,4.0,5.0,5.0,4.0,5.0,3.0,3.0,2.0,4.0,3.0,1.0,5.0,5.0,5.0,5.0,1.0,3,1,7,3,5,5,7,5,6,6,1,0,0,1,1,0,0,0,1,1,0,0,0,0,0,1,1,3,1,1,13,2,4,5,50,2,1,2
2794,2.0,4.0,1.0,2.0,5.0,1.0,2.0,1.0,2.0,5.0,1.0,5.0,4.0,1.0,5.0,1.0,1.0,5.0,5.0,1.0,6,2,7,1,6,1,2,2,5,6,1,1,0,1,1,0,0,0,0,1,1,0,1,1,1,1,3,2,1,2,49,1,2,1,60,2,3,2
2795,5.0,1.0,2.0,1.0,5.0,1.0,1.0,4.0,1.0,1.0,1.0,5.0,4.0,1.0,4.0,1.0,5.0,5.0,5.0,4.0,5,1,6,2,6,5,7,6,6,1,1,1,0,1,1,0,0,1,0,1,0,0,1,1,1,1,3,3,1,2,23,2,2,1,60,1,1,0
2796,4.0,4.0,5.0,2.0,4.0,1.0,4.0,4.0,5.0,4.0,1.0,4.0,4.0,3.0,1.0,4.0,1.0,4.0,3.0,5.0,2,6,4,6,6,7,4,4,3,1,1,0,0,1,1,0,0,0,0,1,0,0,1,1,1,1,3,1,1,2,35,1,1,1,60,1,1,3
2797,5.0,1.0,2.0,5.0,4.0,4.0,4.0,4.0,5.0,4.0,2.0,4.0,4.0,2.0,1.0,5.0,1.0,2.0,1.0,5.0,0,0,0,0,0,0,0,0,0,0,1,1,1,1,1,1,0,0,0,1,0,1,1,1,1,1,4,3,2,1,65,1,4,1,10,1,2,4
2798,5.0,4.0,2.0,4.0,5.0,1.0,2.0,2.0,4.0,2.0,2.0,5.0,1.0,2.0,4.0,3.0,2.0,3.0,4.0,1.0,4,3,5,5,5,5,4,3,3,5,1,1,1,1,1,0,0,0,0,1,0,1,1,1,1,1,3,1,1,1,23,1,7,1,60,1,1,4
2799,5.0,4.0,2.0,1.0,5.0,3.0,1.0,5.0,1.0,1.0,1.0,5.0,4.0,2.0,4.0,1.0,2.0,4.0,4.0,4.0,2,5,7,6,6,5,4,1,6,6,1,1,0,1,1,1,0,0,0,1,1,0,1,1,1,1,4,3,1,2,30,2,1,1,60,1,1,1
2800,1.0,1.0,1.0,5.0,1.0,5.0,2.0,1.0,3.0,5.0,1.0,1.0,1.0,4.0,1.0,4.0,2.0,1.0,5.0,1.0,7,6,6,1,7,1,7,1,6,1,1,1,1,1,1,0,0,1,0,1,1,1,0,1,1,1,4,3,2,2,34,2,1,1,60,2,1,1
2801,4.0,4.0,3.0,4.0,4.0,5.0,4.0,2.0,5.0,3.0,2.0,2.0,3.0,2.0,4.0,5.0,4.0,5.0,5.0,1.0,7,3,7,4,6,3,5,1,6,1,1,1,0,1,1,1,0,1,0,1,0,0,1,1,1,1,3,2,1,1,35,1,2,1,60,1,2,2
2802,1.0,3.0,4.0,3.0,2.0,5.0,4.0,4.0,5.0,5.0,2.0,4.0,2.0,3.0,2.0,2.0,1.0,1.0,5.0,2.0,5,6,7,2,5,4,4,5,6,5,1,1,1,1,1,1,0,0,0,1,0,0,1,1,1,1,3,1,1,1,23,1,4,1,60,1,1,3
2803,3.0,4.0,5.0,2.0,3.0,2.0,2.0,2.0,5.0,5.0,1.0,2.0,3.0,1.0,3.0,4.0,3.0,3.0,5.0,1.0,7,6,6,3,5,3,6,5,6,6,1,1,0,1,1,0,0,0,0,1,0,0,1,1,1,1,3,2,1,2,21,1,4,1,60,1,1,2
2804,5.0,5.0,5.0,2.0,4.0,1.0,1.0,2.0,3.0,2.0,2.0,4.0,3.0,2.0,4.0,1.0,2.0,3.0,5.0,1.0,1,1,7,7,2,5,7,2,4,1,1,1,0,1,1,0,0,0,0,1,0,0,0,1,1,1,3,2,2,2,24,1,2,2,60,2,1,3
2805,4.0,2.0,4.0,4.0,5.0,1.0,2.0,4.0,5.0,5.0,1.0,5.0,5.0,4.0,1.0,2.0,1.0,5.0,1.0,2.0,2,5,7,5,6,5,7,3,5,6,1,1,0,1,1,0,0,0,0,1,0,0,1,1,1,1,3,3,1,2,22,1,10,1,10,2,1,5
2806,5.0,1.0,2.0,4.0,5.0,4.0,1.0,3.0,3.0,5.0,1.0,5.0,1.0,1.0,4.0,4.0,2.0,5.0,5.0,4.0,3,6,6,5,7,4,5,3,4,2,1,1,1,1,1,1,1,1,0,1,1,0,1,1,1,1,3,2,1,1,25,1,12,1,60,2,1,1
2807,1.0,1.0,5.0,5.0,5.0,3.0,5.0,1.0,5.0,5.0,1.0,2.0,1.0,1.0,5.0,5.0,1.0,2.0,5.0,1.0,5,3,2,6,5,5,7,5,2,2,1,1,0,1,1,0,0,0,0,1,0,0,0,1,1,1,3,2,2,1,23,2,7,1,30,1,1,2
2808,5.0,4.0,1.0,2.0,5.0,1.0,1.0,5.0,1.0,2.0,1.0,5.0,5.0,1.0,2.0,1.0,1.0,5.0,5.0,5.0,2,5,5,1,5,7,5,1,7,3,1,1,0,1,1,0,0,0,0,1,0,1,1,1,1,1,2,1,1,2,19,1,2,1,60,1,1,2
2809,4.0,4.0,3.0,1.0,4.0,1.0,1.0,4.0,4.0,4.0,1.0,5.0,5.0,1.0,3.0,1.0,1.0,5.0,5.0,2.0,6,6,2,4,7,5,5,4,6,5,1,1,1,1,1,0,0,0,0,1,0,0,1,1,1,1,3,2,1,1,36,1,2,1,60,2,2,4
2810,5.0,5.0,1.0,3.0,5.0,1.0,1.0,5.0,3.0,3.0,3.0,5.0,3.0,1.0,3.0,1.0,1.0,3.0,5.0,3.0,6,7,6,7,7,1,6,5,5,1,1,1,1,1,1,1,0,0,0,1,0,0,1,1,1,1,2,2,1,1,37,1,12,1,60,1,1,1
2811,2.0,2.0,5.0,4.0,1.0,4.0,4.0,2.0,5.0,4.0,4.0,4.0,2.0,4.0,3.0,5.0,1.0,4.0,4.0,4.0,7,4,6,1,7,1,7,6,6,1,0,1,1,1,1,1,1,0,0,1,1,1,1,1,1,1,4,2,2,2,33,2,7,1,70,2,2,3
2812,5.0,4.0,1.0,1.0,5.0,1.0,1.0,5.0,2.0,1.0,1.0,4.0,2.0,2.0,3.0,1.0,1.0,5.0,5.0,2.0,3,6,7,1,7,7,6,1,7,1,1,1,1,1,1,0,1,1,0,1,1,0,1,1,1,1,4,3,1,1,29,1,2,1,60,2,1,1
2813,4.0,5.0,3.0,1.0,5.0,1.0,1.0,5.0,2.0,1.0,1.0,4.0,5.0,1.0,5.0,5.0,3.0,5.0,5.0,3.0,1,7,7,7,1,7,7,1,1,7,1,1,1,1,1,0,0,1,0,1,0,0,1,1,1,1,3,3,1,2,30,1,2,3,70,1,1,2
2814,4.0,2.0,5.0,5.0,2.0,5.0,2.0,4.0,5.0,2.0,4.0,3.0,2.0,2.0,1.0,5.0,3.0,1.0,4.0,1.0,3,6,5,2,7,6,5,3,7,4,1,1,0,1,1,0,0,1,0,1,0,0,1,1,1,1,2,3,1,1,23,2,2,3,60,1,1,4
2815,1.0,1.0,1.0,5.0,2.0,5.0,5.0,1.0,5.0,5.0,1.0,1.0,1.0,4.0,1.0,1.0,1.0,1.0,1.0,1.0,6,3,5,5,6,3,7,2,6,4,1,1,0,1,1,0,1,0,0,1,0,0,1,0,1,1,3,2,2,1,63,1,6,1,60,1,3,4
2816,1.0,1.0,2.0,4.0,1.0,1.0,1.0,2.0,5.0,5.0,1.0,4.0,2.0,1.0,2.0,4.0,3.0,1.0,5.0,1.0,6,7,5,6,5,2,5,3,5,3,1,1,0,1,1,0,0,0,0,1,0,0,1,1,1,1,3,2,1,1,21,1,2,2,60,1,1,2
2817,4.0,4.0,2.0,4.0,5.0,3.0,1.0,2.0,2.0,5.0,3.0,4.0,2.0,2.0,4.0,2.0,2.0,5.0,5.0,5.0,4,4,7,4,6,2,4,1,5,5,1,1,0,1,1,1,0,1,0,1,0,0,1,1,1,1,2,2,1,1,29,1,2,1,60,1,1,1
2818,4.0,4.0,2.0,1.0,5.0,2.0,2.0,5.0,3.0,1.0,2.0,5.0,2.0,2.0,5.0,2.0,1.0,4.0,5.0,3.0,1,7,5,1,6,5,3,3,6,1,1,1,1,1,1,0,0,0,0,1,0,0,1,1,1,1,3,3,1,2,26,1,2,1,10,2,1,2
2819,3.0,2.0,2.0,1.0,5.0,1.0,1.0,3.0,2.0,2.0,1.0,4.0,4.0,1.0,4.0,2.0,1.0,4.0,5.0,2.0,6,7,2,6,7,2,4,7,7,1,1,1,0,1,0,0,0,1,0,1,1,0,0,1,1,1,2,3,2,2,20,1,1,2,60,1,1,1
2820,5.0,2.0,3.0,1.0,5.0,1.0,4.0,5.0,3.0,1.0,1.0,5.0,5.0,1.0,4.0,4.0,5.0,5.0,5.0,3.0,6,7,5,6,4,5,3,1,3,1,1,1,1,1,1,0,0,0,0,1,0,1,1,1,1,1,2,3,2,2,19,1,7,1,60,1,1,1
2821,3.0,2.0,5.0,4.0,4.0,4.0,5.0,1.0,5.0,4.0,1.0,2.0,1.0,4.0,2.0,5.0,2.0,2.0,4.0,1.0,5,3,6,5,6,5,6,5,5,3,1,1,0,1,1,0,0,0,0,1,0,0,1,1,1,1,3,2,2,1,45,1,7,1,60,2,3,2
2822,5.0,5.0,1.0,1.0,5.0,3.0,1.0,4.0,3.0,3.0,2.0,5.0,4.0,1.0,5.0,1.0,1.0,5.0,5.0,1.0,4,6,5,2,5,5,2,5,7,1,1,1,0,1,1,1,0,0,0,1,0,0,1,1,1,1,3,2,1,1,19,1,2,3,60,1,1,2
2823,2.0,2.0,5.0,5.0,1.0,3.0,4.0,1.0,5.0,5.0,2.0,2.0,1.0,1.0,1.0,4.0,5.0,3.0,3.0,1.0,5,5,4,2,7,2,6,1,5,2,1,1,1,1,1,0,1,1,0,1,0,0,1,1,1,1,3,1,2,2,52,1,4,1,60,1,2,2
2824,3.0,2.0,4.0,4.0,3.0,4.0,2.0,1.0,5.0,3.0,1.0,4.0,4.0,2.0,2.0,3.0,3.0,4.0,4.0,1.0,4,3,5,5,7,5,7,4,5,1,1,1,1,1,1,0,0,0,0,1,0,0,1,1,1,1,3,2,3,1,30,1,1,0,60,1,1,3
2825,2.0,3.0,1.0,2.0,1.0,5.0,5.0,1.0,5.0,2.0,2.0,3.0,4.0,3.0,1.0,5.0,3.0,1.0,5.0,1.0,5,5,5,1,7,5,5,2,6,4,1,0,0,0,1,0,0,0,0,0,0,0,0,0,0,1,3,1,2,1,49,1,12,1,60,1,3,4
2826,4.0,4.0,2.0,4.0,5.0,1.0,3.0,5.0,2.0,2.0,1.0,5.0,4.0,2.0,4.0,4.0,2.0,5.0,5.0,5.0,6,5,6,5,6,6,6,6,5,3,1,1,0,1,1,0,0,1,0,1,0,0,1,1,1,1,2,3,2,1,19,2,1,1,10,2,1,2
2827,3.0,4.0,4.0,4.0,4.0,4.0,2.0,1.0,5.0,1.0,2.0,4.0,1.0,2.0,5.0,1.0,1.0,4.0,5.0,1.0,7,2,6,1,7,2,7,5,7,1,1,1,1,1,1,0,1,0,0,1,1,0,1,1,1,1,2,2,1,1,53,1,2,3,60,1,2,2
2828,5.0,4.0,1.0,1.0,5.0,1.0,1.0,4.0,4.0,2.0,2.0,5.0,3.0,1.0,4.0,1.0,1.0,5.0,5.0,5.0,6,7,7,3,5,4,3,1,6,5,1,1,0,1,1,0,0,0,1,1,1,0,0,1,1,1,2,2,1,2,18,1,10,1,20,2,1,6
2829,1.0,1.0,3.0,5.0,1.0,4.0,2.0,1.0,5.0,5.0,4.0,1.0,1.0,4.0,2.0,3.0,4.0,1.0,5.0,1.0,1,3,5,5,5,7,5,3,5,6,1,1,1,1,1,0,0,0,0,1,0,0,1,1,1,1,0,1,1,1,18,1,2,4,60,1,1,3
2830,4.0,1.0,5.0,3.0,4.0,3.0,2.0,1.0,5.0,5.0,3.0,5.0,1.0,1.0,3.0,4.0,3.0,2.0,5.0,2.0,6,6,7,5,7,6,5,2,7,3,1,1,0,1,1,1,0,1,0,1,1,0,1,1,1,1,4,2,1,2,37,1,4,0,60,2,2,4
2831,1.0,1.0,5.0,5.0,1.0,5.0,5.0,1.0,5.0,5.0,2.0,1.0,1.0,4.0,1.0,5.0,1.0,2.0,5.0,4.0,7,3,7,7,7,2,6,2,2,2,1,1,0,1,1,0,0,0,0,1,1,0,1,1,1,1,3,1,1,1,40,1,2,1,60,1,2,1
2832,3.0,1.0,2.0,2.0,4.0,2.0,1.0,1.0,4.0,4.0,2.0,4.0,1.0,1.0,1.0,2.0,2.0,3.0,3.0,1.0,3,5,6,2,6,6,6,3,6,2,1,1,1,1,1,0,0,0,0,1,1,1,1,1,1,1,2,2,1,1,38,1,1,1,60,1,2,3
2833,2.0,2.0,2.0,4.0,2.0,1.0,1.0,5.0,4.0,3.0,3.0,4.0,2.0,1.0,4.0,4.0,3.0,4.0,5.0,1.0,2,5,1,5,6,6,7,6,3,1,1,1,1,1,1,0,0,1,0,1,1,0,1,1,1,1,3,2,2,1,21,1,1,2,70,2,1,1
2834,3.0,3.0,3.0,4.0,4.0,3.0,3.0,2.0,4.0,4.0,1.0,4.0,3.0,3.0,3.0,2.0,1.0,1.0,5.0,2.0,4,2,7,2,6,4,5,1,7,1,1,1,1,1,1,0,1,1,0,1,1,0,1,1,1,1,4,3,3,1,35,1,12,2,60,1,2,3
2835,1.0,1.0,3.0,5.0,1.0,4.0,4.0,1.0,4.0,5.0,2.0,1.0,2.0,3.0,1.0,4.0,4.0,1.0,5.0,1.0,3,1,7,2,7,3,7,1,6,3,1,0,0,1,1,0,0,0,0,1,0,0,1,1,1,1,3,3,2,1,57,1,1,1,60,2,3,3
2836,4.0,3.0,2.0,3.0,4.0,3.0,2.0,4.0,4.0,3.0,2.0,4.0,2.0,2.0,3.0,2.0,2.0,4.0,2.0,4.0,4,2,5,2,6,5,5,3,6,4,1,1,1,1,1,0,0,1,0,1,0,0,1,1,1,1,4,1,1,1,30,1,6,1,60,2,1,4
2837,4.0,3.0,3.0,1.0,5.0,1.0,1.0,5.0,3.0,3.0,1.0,4.0,4.0,3.0,4.0,1.0,1.0,3.0,5.0,2.0,5,5,1,6,4,4,5,3,2,1,1,1,1,1,1,0,0,0,0,1,1,0,0,1,1,1,2,2,3,1,22,1,2,2,30,1,1,2
2838,5.0,5.0,2.0,1.0,5.0,1.0,1.0,5.0,4.0,1.0,1.0,5.0,5.0,1.0,5.0,1.0,3.0,5.0,3.0,5.0,6,6,3,5,7,1,6,5,2,2,1,1,1,1,1,0,0,1,0,1,0,1,1,1,1,1,4,3,1,1,31,1,7,1,60,2,2,3
2839,5.0,5.0,1.0,1.0,4.0,1.0,1.0,5.0,2.0,1.0,1.0,5.0,5.0,1.0,5.0,1.0,1.0,5.0,5.0,2.0,2,1,7,5,7,7,6,1,5,1,1,1,1,1,1,0,0,0,1,1,1,1,1,1,1,1,3,2,1,1,29,1,1,1,60,1,1,2
2840,2.0,4.0,5.0,1.0,3.0,1.0,1.0,5.0,4.0,4.0,1.0,5.0,5.0,2.0,5.0,2.0,2.0,4.0,5.0,4.0,6,5,6,5,3,5,3,1,6,5,1,1,0,1,1,0,0,0,0,1,0,0,1,1,1,1,1,3,2,1,15,1,2,1,10,2,1,3
2841,2.0,2.0,5.0,2.0,5.0,4.0,4.0,4.0,5.0,2.0,2.0,2.0,2.0,2.0,2.0,5.0,2.0,4.0,5.0,1.0,5,4,7,5,7,2,6,2,5,3,1,1,1,1,1,1,1,1,0,1,0,1,1,1,1,1,4,2,2,1,30,1,7,1,60,1,1,2
2842,1.0,2.0,5.0,5.0,2.0,4.0,2.0,2.0,5.0,5.0,1.0,4.0,1.0,1.0,5.0,1.0,1.0,2.0,5.0,1.0,1,6,5,5,5,5,3,3,4,5,1,1,1,1,1,1,0,0,0,1,0,0,1,1,1,1,3,1,1,1,34,1,1,1,60,1,2,3
2843,1.0,1.0,5.0,5.0,5.0,5.0,5.0,2.0,5.0,5.0,1.0,4.0,4.0,3.0,4.0,1.0,1.0,5.0,1.0,1.0,1,5,7,7,5,6,7,6,2,1,1,1,1,1,1,0,0,1,0,1,0,0,1,1,1,1,3,3,2,1,46,3,6,1,60,1,2,2
2844,4.0,4.0,1.0,3.0,5.0,2.0,1.0,2.0,2.0,1.0,1.0,2.0,5.0,2.0,5.0,1.0,3.0,5.0,5.0,4.0,6,7,2,5,6,3,5,5,3,2,1,1,1,1,1,0,0,1,0,1,0,0,1,1,1,1,2,3,1,1,17,1,2,2,60,2,1,2
2845,5.0,5.0,3.0,1.0,5.0,2.0,1.0,1.0,3.0,1.0,1.0,4.0,5.0,1.0,5.0,1.0,1.0,5.0,5.0,3.0,1,5,5,1,4,7,6,4,5,1,1,1,1,1,1,0,0,0,0,1,1,1,1,1,1,1,3,2,2,1,28,1,1,5,60,2,1,1
2846,5.0,5.0,4.0,3.0,4.0,2.0,5.0,5.0,4.0,2.0,1.0,5.0,5.0,3.0,5.0,1.0,2.0,4.0,5.0,3.0,1,1,1,1,6,7,5,4,7,1,1,1,0,1,1,0,0,0,0,1,0,0,1,1,1,1,3,3,1,2,32,1,1,1,10,1,1,6
2847,3.0,2.0,4.0,3.0,3.0,2.0,1.0,2.0,4.0,4.0,1.0,4.0,3.0,3.0,3.0,1.0,1.0,4.0,5.0,2.0,2,4,5,5,5,7,5,4,3,4,1,1,0,1,1,0,1,1,0,1,0,0,1,1,1,1,3,3,1,1,26,1,2,1,50,2,1,2
2848,5.0,3.0,1.0,4.0,3.0,1.0,1.0,4.0,1.0,1.0,1.0,5.0,4.0,1.0,2.0,4.0,1.0,3.0,5.0,2.0,2,7,1,5,2,6,6,7,3,5,1,1,1,1,1,0,1,1,0,1,1,0,1,1,1,1,3,3,1,2,25,1,1,1,60,2,1,1
2849,4.0,4.0,5.0,4.0,4.0,5.0,4.0,5.0,5.0,4.0,2.0,4.0,2.0,2.0,4.0,2.0,3.0,2.0,1.0,4.0,2,5,4,5,5,6,4,3,7,1,1,1,1,1,1,0,1,1,1,1,1,0,1,1,1,1,2,2,2,2,21,1,4,1,60,1,2,3
2850,2.0,5.0,5.0,5.0,4.0,1.0,1.0,4.0,4.0,4.0,3.0,4.0,2.0,1.0,4.0,5.0,2.0,5.0,5.0,2.0,3,1,2,6,7,6,4,7,7,1,1,1,1,1,1,0,0,0,0,1,0,0,1,1,1,1,3,3,1,1,29,2,1,1,60,2,1,3
2851,4.0,5.0,4.0,1.0,5.0,3.0,1.0,4.0,3.0,2.0,2.0,5.0,3.0,2.0,5.0,4.0,2.0,5.0,3.0,3.0,7,6,3,5,6,1,5,6,5,7,1,1,0,1,1,0,0,0,0,1,0,0,1,1,1,1,2,2,1,1,19,1,1,1,60,2,1,2
2852,5.0,5.0,2.0,1.0,4.0,1.0,1.0,5.0,1.0,1.0,1.0,4.0,5.0,1.0,5.0,1.0,1.0,5.0,3.0,1.0,6,7,7,5,5,6,3,1,7,2,1,1,1,1,1,0,0,0,0,1,0,1,0,1,1,1,3,1,1,2,28,1,7,1,60,2,2,2
2853,4.0,4.0,4.0,4.0,4.0,2.0,3.0,1.0,5.0,4.0,3.0,4.0,2.0,3.0,1.0,3.0,4.0,2.0,5.0,2.0,2,5,5,7,3,6,6,5,2,4,1,1,0,1,1,0,0,1,1,1,0,0,0,1,1,1,3,3,2,1,57,2,7,1,60,2,3,5
2854,5.0,5.0,1.0,1.0,4.0,2.0,1.0,4.0,3.0,2.0,1.0,5.0,4.0,2.0,5.0,1.0,2.0,5.0,4.0,1.0,5,4,6,2,7,4,4,3,6,2,1,1,0,1,1,0,0,0,0,1,0,0,1,1,1,1,2,3,1,1,22,1,7,1,30,1,1,1
2855,5.0,5.0,1.0,1.0,5.0,1.0,1.0,2.0,1.0,1.0,3.0,5.0,4.0,1.0,3.0,2.0,1.0,5.0,5.0,1.0,1,6,6,5,5,7,1,6,5,2,1,1,1,1,1,0,0,1,0,1,0,0,1,1,1,1,3,3,1,1,24,1,2,2,0,1,1,4
2856,1.0,1.0,4.0,4.0,2.0,5.0,4.0,2.0,5.0,5.0,2.0,4.0,2.0,3.0,1.0,4.0,5.0,3.0,3.0,1.0,3,1,6,5,7,5,7,2,6,1,1,1,0,1,1,1,0,0,0,1,0,0,1,1,1,1,3,3,1,1,22,1,12,2,60,2,1,4
2857,1.0,2.0,3.0,1.0,3.0,1.0,5.0,3.0,2.0,2.0,2.0,5.0,5.0,1.0,3.0,1.0,5.0,1.0,2.0,1.0,5,5,5,6,5,7,7,7,1,4,1,0,0,1,0,0,0,1,0,1,0,1,0,1,1,1,2,3,2,2,18,1,3,0,10,2,1,2
2858,5.0,4.0,4.0,1.0,5.0,1.0,4.0,4.0,5.0,5.0,1.0,5.0,5.0,3.0,1.0,3.0,2.0,5.0,5.0,3.0,6,7,4,5,7,2,2,6,3,5,0,0,0,0,1,0,0,0,0,0,0,0,0,1,1,1,2,3,2,1,16,3,4,2,70,2,1,3
2859,5.0,4.0,2.0,2.0,5.0,1.0,1.0,4.0,4.0,2.0,1.0,5.0,4.0,1.0,5.0,2.0,1.0,5.0,5.0,4.0,3,1,7,2,7,6,4,1,7,6,1,1,1,1,1,0,1,1,0,1,0,0,1,1,1,1,4,2,1,1,58,1,6,1,60,1,2,5
2860,4.0,5.0,4.0,1.0,5.0,2.0,1.0,2.0,4.0,2.0,1.0,4.0,2.0,1.0,3.0,2.0,3.0,5.0,5.0,3.0,5,5,3,6,7,3,5,5,6,2,1,1,1,1,1,0,1,1,0,1,1,0,1,1,1,1,3,2,1,2,32,1,2,1,60,2,1,2
2861,5.0,5.0,4.0,1.0,5.0,1.0,1.0,4.0,1.0,1.0,3.0,5.0,3.0,1.0,5.0,5.0,4.0,4.0,5.0,5.0,5,7,6,4,7,5,2,3,5,1,1,1,0,1,1,0,0,1,0,1,0,0,1,1,1,1,2,3,2,2,18,1,4,1,60,2,1,1
2862,4.0,5.0,5.0,1.0,4.0,5.0,4.0,1.0,5.0,2.0,1.0,4.0,1.0,1.0,5.0,4.0,1.0,5.0,1.0,1.0,1,3,3,1,5,7,3,5,6,6,1,1,0,1,1,0,0,1,0,1,0,0,1,1,1,1,3,2,1,1,25,1,4,1,60,1,1,3
2863,5.0,5.0,1.0,1.0,5.0,2.0,1.0,5.0,4.0,2.0,1.0,5.0,4.0,1.0,5.0,1.0,1.0,5.0,5.0,5.0,2,3,6,2,5,7,3,6,6,3,1,1,1,1,1,0,1,1,0,1,1,1,1,1,1,1,2,2,1,1,20,1,1,1,60,2,1,4
2864,5.0,2.0,5.0,4.0,4.0,2.0,2.0,5.0,4.0,2.0,3.0,5.0,4.0,3.0,4.0,2.0,2.0,4.0,5.0,1.0,5,6,5,4,3,5,5,6,5,2,1,1,0,1,1,1,0,1,0,1,1,0,1,1,1,1,3,1,1,2,31,1,12,1,60,1,1,3
2865,2.0,1.0,5.0,5.0,2.0,2.0,1.0,1.0,2.0,4.0,2.0,1.0,1.0,1.0,5.0,5.0,1.0,3.0,2.0,1.0,7,2,7,2,6,1,6,2,5,4,1,1,1,1,1,0,0,1,0,1,0,1,1,1,1,1,3,2,1,1,22,1,4,1,60,1,1,3
2866,5.0,5.0,4.0,2.0,5.0,2.0,1.0,5.0,2.0,1.0,1.0,5.0,5.0,1.0,5.0,1.0,2.0,5.0,5.0,3.0,2,6,5,6,7,7,1,7,1,2,1,1,1,1,1,1,0,1,0,1,1,1,1,1,1,1,4,3,2,2,26,1,1,1,60,2,1,2
2867,5.0,5.0,1.0,1.0,5.0,1.0,1.0,5.0,3.0,2.0,1.0,5.0,4.0,2.0,5.0,1.0,2.0,4.0,5.0,2.0,3,5,7,4,3,5,4,2,5,2,1,1,0,1,1,0,1,0,0,1,0,1,1,1,1,1,3,3,1,2,22,1,1,2,10,1,1,2
2868,4.0,4.0,3.0,2.0,4.0,2.0,1.0,4.0,5.0,3.0,2.0,4.0,4.0,2.0,4.0,1.0,3.0,4.0,5.0,1.0,5,5,3,6,7,3,5,7,1,4,1,1,0,1,1,0,0,0,0,1,0,0,0,1,1,1,2,1,2,2,17,1,1,1,10,2,1,3
2869,3.0,1.0,3.0,1.0,5.0,1.0,3.0,1.0,3.0,1.0,1.0,1.0,3.0,3.0,1.0,5.0,3.0,5.0,5.0,1.0,3,6,4,4,4,6,6,5,5,1,1,1,1,1,1,0,0,0,0,1,0,0,1,1,1,1,1,1,1,1,20,1,12,1,70,2,1,2
2870,1.0,1.0,1.0,5.0,4.0,4.0,5.0,1.0,5.0,5.0,1.0,4.0,1.0,2.0,1.0,2.0,4.0,4.0,4.0,1.0,1,5,3,7,5,7,7,1,3,4,1,1,1,1,1,0,0,0,0,1,0,0,1,1,1,1,0,3,2,1,62,1,4,1,60,1,2,6
2871,1.0,4.0,1.0,1.0,5.0,4.0,1.0,5.0,5.0,5.0,2.0,5.0,5.0,1.0,4.0,2.0,1.0,5.0,5.0,1.0,5,7,7,1,7,5,6,1,5,7,1,1,0,1,1,0,0,0,0,1,0,0,1,1,1,1,3,2,1,1,27,1,12,1,30,2,1,2
2872,2.0,2.0,4.0,1.0,4.0,2.0,1.0,5.0,2.0,1.0,1.0,5.0,5.0,1.0,2.0,1.0,2.0,4.0,5.0,2.0,1,2,2,1,2,7,5,2,6,2,0,1,0,1,1,0,0,1,0,1,0,0,1,1,1,1,3,3,1,1,23,2,2,4,60,1,1,1
2873,5.0,4.0,1.0,2.0,4.0,3.0,1.0,4.0,2.0,2.0,1.0,5.0,5.0,1.0,3.0,5.0,5.0,5.0,5.0,5.0,4,6,7,2,6,7,7,1,7,1,1,1,1,1,1,0,1,0,1,1,0,0,1,1,1,1,4,3,1,2,35,1,1,1,60,2,1,3
2874,1.0,2.0,3.0,3.0,4.0,4.0,4.0,2.0,4.0,4.0,3.0,2.0,3.0,1.0,2.0,5.0,3.0,2.0,5.0,2.0,4,2,6,5,7,4,6,5,3,1,1,1,0,1,1,0,0,0,0,1,0,1,1,1,1,1,4,1,1,1,20,1,2,1,60,1,1,2
2875,4.0,2.0,2.0,4.0,4.0,3.0,1.0,1.0,3.0,4.0,4.0,4.0,2.0,2.0,4.0,1.0,2.0,3.0,4.0,1.0,2,6,4,1,7,5,4,3,7,2,1,1,1,1,1,0,1,1,0,1,1,0,1,1,1,1,4,2,1,1,31,1,1,1,60,2,1,2
2876,3.0,2.0,2.0,4.0,2.0,2.0,1.0,1.0,5.0,3.0,2.0,1.0,1.0,2.0,4.0,2.0,2.0,4.0,5.0,1.0,2,5,5,2,6,3,5,2,6,2,1,1,1,1,1,0,1,1,0,1,1,0,1,1,1,1,3,2,2,1,31,1,1,1,60,1,2,4
2877,2.0,5.0,1.0,1.0,5.0,1.0,1.0,5.0,3.0,5.0,1.0,5.0,4.0,1.0,5.0,1.0,4.0,4.0,5.0,3.0,7,3,1,4,6,2,1,7,7,7,1,0,0,1,0,0,0,0,0,1,0,0,0,1,1,1,2,2,1,2,23,1,1,2,60,2,1,3
2878,5.0,5.0,1.0,1.0,4.0,1.0,1.0,5.0,1.0,1.0,1.0,4.0,5.0,1.0,5.0,1.0,4.0,5.0,5.0,2.0,7,5,5,3,5,3,6,1,6,1,1,1,0,1,1,0,0,1,0,1,0,0,1,1,1,1,4,3,1,1,24,1,12,1,60,1,1,2
2879,2.0,3.0,4.0,3.0,2.0,5.0,5.0,2.0,5.0,5.0,2.0,5.0,4.0,3.0,1.0,4.0,1.0,4.0,1.0,3.0,4,7,5,7,7,1,5,1,1,2,1,1,0,1,1,0,0,0,0,1,0,0,0,1,1,1,3,3,2,1,43,1,6,1,10,1,2,2
2880,5.0,5.0,3.0,1.0,5.0,1.0,1.0,2.0,3.0,2.0,1.0,5.0,1.0,1.0,3.0,2.0,1.0,4.0,5.0,4.0,1,5,7,5,6,7,5,1,7,1,1,1,0,1,1,0,0,0,0,1,0,0,1,1,1,1,4,1,1,2,29,1,2,1,60,2,1,2
2881,5.0,5.0,1.0,4.0,3.0,1.0,1.0,5.0,3.0,1.0,1.0,5.0,4.0,1.0,5.0,1.0,1.0,5.0,4.0,5.0,2,6,3,2,5,4,5,5,7,2,1,1,0,1,1,0,0,0,0,1,0,1,1,1,1,1,3,3,1,2,21,1,10,1,10,2,1,2
2882,4.0,3.0,3.0,3.0,4.0,2.0,3.0,5.0,3.0,4.0,1.0,5.0,5.0,2.0,5.0,4.0,3.0,4.0,4.0,3.0,4,4,7,4,7,5,3,4,7,1,1,1,1,1,1,0,0,0,0,1,0,0,1,1,1,1,3,1,2,1,25,1,12,5,60,1,2,1
2883,5.0,5.0,3.0,1.0,5.0,1.0,2.0,4.0,1.0,1.0,1.0,5.0,5.0,1.0,5.0,1.0,1.0,5.0,5.0,1.0,2,1,2,1,7,7,1,7,6,4,1,1,1,1,1,0,1,0,0,1,1,0,1,1,1,1,4,2,1,2,25,1,8,1,10,1,1,2
2884,5.0,5.0,1.0,1.0,5.0,1.0,1.0,5.0,1.0,1.0,1.0,5.0,5.0,1.0,3.0,1.0,1.0,5.0,5.0,3.0,7,6,6,1,7,1,3,5,4,1,1,1,1,1,1,1,0,0,0,1,1,0,1,1,1,1,3,3,1,2,25,1,1,1,60,1,1,2
2885,4.0,3.0,4.0,2.0,4.0,4.0,2.0,4.0,5.0,2.0,2.0,4.0,1.0,2.0,2.0,5.0,3.0,3.0,5.0,4.0,6,2,5,7,5,2,7,5,2,1,1,1,0,1,1,0,0,1,0,1,1,0,0,1,1,1,4,3,2,2,34,1,1,1,60,1,2,1
2886,4.0,3.0,2.0,2.0,5.0,1.0,1.0,4.0,1.0,1.0,1.0,5.0,1.0,1.0,2.0,1.0,1.0,4.0,5.0,2.0,1,3,2,5,6,7,1,7,5,2,1,1,1,1,1,0,0,0,0,1,1,0,1,1,1,1,3,2,1,2,32,1,2,1,60,2,1,1
2887,3.0,5.0,1.0,4.0,5.0,1.0,1.0,4.0,2.0,1.0,1.0,4.0,5.0,1.0,5.0,1.0,3.0,5.0,5.0,3.0,1,6,7,2,7,7,2,1,7,1,1,1,1,1,1,0,1,1,1,1,1,0,1,1,1,1,3,2,1,1,22,1,6,4,60,1,1,1
2888,5.0,4.0,1.0,1.0,5.0,2.0,2.0,1.0,3.0,2.0,1.0,5.0,5.0,1.0,4.0,3.0,1.0,2.0,3.0,4.0,2,2,6,1,6,7,6,5,7,1,1,1,0,1,1,0,0,1,0,1,0,1,1,1,1,1,3,3,1,1,25,1,6,1,70,1,1,2
2889,1.0,1.0,3.0,5.0,1.0,5.0,4.0,1.0,5.0,5.0,2.0,4.0,4.0,2.0,4.0,4.0,2.0,1.0,3.0,1.0,6,5,6,2,7,3,5,1,7,3,1,1,1,1,1,1,0,0,0,1,0,1,1,1,1,1,3,3,2,1,36,1,4,2,60,1,2,3
2890,1.0,1.0,4.0,4.0,3.0,1.0,1.0,1.0,2.0,3.0,3.0,2.0,1.0,3.0,3.0,2.0,3.0,4.0,4.0,1.0,5,5,3,4,5,3,5,3,6,5,1,1,0,1,1,0,0,0,0,1,0,0,0,0,1,1,3,2,1,2,27,1,1,1,60,2,2,3
2891,2.0,5.0,3.0,1.0,5.0,1.0,1.0,5.0,1.0,3.0,1.0,5.0,5.0,1.0,3.0,1.0,5.0,5.0,5.0,1.0,2,1,7,1,4,4,1,3,4,4,1,1,0,1,0,0,0,0,1,1,0,1,0,0,1,1,2,1,1,2,18,1,12,1,30,2,1,4
2892,4.0,5.0,3.0,3.0,4.0,2.0,3.0,3.0,5.0,1.0,1.0,5.0,5.0,1.0,5.0,5.0,1.0,5.0,5.0,3.0,1,2,4,5,6,6,7,7,4,3,1,1,1,1,1,1,1,1,1,1,1,1,1,1,1,1,3,1,2,1,23,3,2,1,60,1,1,3
2893,4.0,4.0,3.0,2.0,3.0,4.0,1.0,4.0,5.0,3.0,2.0,4.0,3.0,1.0,3.0,1.0,4.0,4.0,5.0,4.0,6,2,7,1,7,1,4,4,7,1,1,1,0,1,1,1,0,0,0,1,0,0,1,1,1,1,4,2,1,1,43,1,2,1,60,1,2,2
2894,1.0,2.0,5.0,1.0,5.0,5.0,5.0,2.0,5.0,5.0,1.0,2.0,1.0,1.0,5.0,5.0,3.0,1.0,3.0,1.0,7,2,7,1,6,1,7,1,7,1,1,1,0,1,1,0,0,0,0,1,0,0,0,1,1,1,4,3,2,1,62,1,6,1,60,1,2,4
2895,5.0,5.0,2.0,2.0,4.0,1.0,1.0,5.0,1.0,1.0,1.0,5.0,5.0,1.0,5.0,4.0,1.0,1.0,5.0,1.0,3,5,7,2,7,7,3,1,2,1,0,1,0,1,1,0,0,1,0,1,1,0,0,1,1,1,3,3,2,2,32,1,2,1,60,2,1,4
2896,5.0,3.0,3.0,3.0,5.0,4.0,1.0,5.0,4.0,2.0,1.0,5.0,5.0,1.0,3.0,1.0,1.0,5.0,5.0,1.0,6,2,2,6,2,5,2,2,2,2,1,1,0,1,1,0,0,0,0,1,0,0,1,1,1,1,3,1,2,1,48,1,1,1,60,1,2,7
2897,2.0,5.0,4.0,2.0,3.0,4.0,2.0,4.0,5.0,5.0,2.0,2.0,2.0,1.0,5.0,1.0,3.0,4.0,5.0,4.0,1,6,2,7,5,7,6,5,3,3,1,1,0,1,1,0,0,0,0,1,0,0,1,0,1,1,2,1,1,1,20,1,2,1,60,2,1,2
2898,1.0,2.0,2.0,4.0,4.0,5.0,2.0,1.0,5.0,5.0,1.0,5.0,1.0,1.0,3.0,2.0,3.0,4.0,5.0,1.0,5,1,7,2,7,3,7,1,6,2,1,1,1,1,1,0,1,1,0,1,0,0,1,1,1,1,3,1,2,1,40,1,2,1,60,2,3,5
2899,4.0,2.0,2.0,2.0,4.0,4.0,1.0,5.0,2.0,2.0,2.0,4.0,2.0,1.0,4.0,1.0,1.0,2.0,5.0,4.0,5,6,6,2,5,6,3,1,6,2,1,1,1,1,1,0,1,1,0,1,0,1,1,1,1,1,4,2,1,1,29,1,2,1,60,1,1,1
2900,5.0,5.0,3.0,1.0,4.0,3.0,2.0,5.0,2.0,3.0,1.0,5.0,5.0,1.0,3.0,3.0,3.0,5.0,5.0,3.0,4,4,4,1,5,4,5,6,4,2,1,1,1,1,1,0,0,1,0,1,0,0,1,1,1,1,3,2,1,1,27,1,1,1,60,1,2,4
2901,5.0,3.0,1.0,3.0,5.0,1.0,1.0,5.0,3.0,4.0,1.0,5.0,1.0,2.0,4.0,1.0,1.0,4.0,5.0,1.0,1,3,6,3,2,6,5,1,7,2,1,1,0,1,0,0,0,0,0,1,0,0,0,1,1,1,2,3,2,2,21,1,2,2,70,1,1,1
2902,4.0,5.0,2.0,2.0,4.0,3.0,2.0,4.0,5.0,2.0,2.0,5.0,4.0,1.0,5.0,3.0,1.0,4.0,5.0,2.0,1,7,4,7,6,7,3,5,3,5,1,0,0,1,1,0,0,0,0,1,1,0,0,1,1,1,2,3,2,2,21,2,1,2,60,1,1,1
2903,5.0,4.0,2.0,4.0,4.0,5.0,5.0,1.0,5.0,2.0,1.0,5.0,5.0,1.0,4.0,1.0,4.0,4.0,5.0,2.0,1,5,2,5,7,6,1,7,3,1,1,1,0,1,1,0,0,0,0,1,0,0,1,1,1,1,3,2,2,1,19,3,1,5,60,2,1,3
2904,3.0,2.0,4.0,4.0,3.0,2.0,2.0,2.0,4.0,3.0,2.0,4.0,3.0,4.0,2.0,2.0,2.0,3.0,2.0,1.0,5,5,6,5,7,3,6,1,5,1,1,1,1,1,1,0,0,1,0,1,1,0,1,1,1,1,4,3,2,1,51,1,2,1,60,1,2,3
2905,5.0,5.0,1.0,3.0,5.0,1.0,1.0,5.0,1.0,5.0,1.0,5.0,5.0,1.0,4.0,5.0,3.0,5.0,5.0,4.0,7,5,6,5,7,1,7,2,7,3,1,1,1,1,1,1,0,1,0,1,0,1,1,1,1,1,2,3,1,2,38,3,9,2,60,2,1,2
2906,1.0,3.0,5.0,4.0,4.0,5.0,5.0,2.0,5.0,5.0,1.0,3.0,2.0,2.0,4.0,5.0,2.0,1.0,5.0,1.0,3,2,7,2,7,6,7,3,6,3,1,1,0,1,1,1,0,0,1,1,0,0,1,1,1,1,3,3,1,1,27,1,7,1,60,1,1,3
2907,2.0,4.0,2.0,2.0,5.0,1.0,2.0,5.0,3.0,4.0,1.0,5.0,4.0,1.0,4.0,2.0,5.0,3.0,5.0,4.0,2,5,4,5,7,5,2,7,2,3,0,1,0,1,0,0,0,1,0,1,0,0,1,1,1,1,3,2,2,2,23,1,2,2,60,2,1,1
2908,5.0,1.0,1.0,1.0,5.0,1.0,1.0,4.0,3.0,3.0,1.0,5.0,3.0,1.0,5.0,1.0,1.0,5.0,5.0,5.0,1,7,5,1,7,5,1,5,7,1,1,1,1,1,1,0,0,1,0,1,1,1,1,1,1,1,2,1,1,2,27,3,12,1,60,1,1,2
2909,1.0,1.0,5.0,4.0,2.0,4.0,2.0,2.0,5.0,5.0,4.0,2.0,2.0,3.0,1.0,2.0,1.0,4.0,4.0,1.0,5,1,7,6,7,7,7,5,6,6,1,1,0,1,1,0,0,1,0,1,0,0,1,1,1,1,4,2,2,1,60,1,6,1,60,1,3,3
2910,2.0,4.0,5.0,5.0,2.0,2.0,5.0,1.0,5.0,5.0,3.0,4.0,4.0,3.0,3.0,4.0,2.0,1.0,4.0,1.0,5,5,6,7,7,5,6,5,5,1,1,1,0,1,1,0,0,0,0,1,0,0,0,0,1,1,2,2,2,1,20,1,9,1,60,1,1,3
2911,1.0,1.0,5.0,5.0,1.0,5.0,5.0,1.0,5.0,5.0,1.0,1.0,1.0,1.0,4.0,5.0,1.0,4.0,5.0,1.0,1,5,6,6,7,3,7,2,3,7,1,1,1,1,1,0,0,0,0,1,1,0,1,1,1,1,3,2,2,1,47,1,2,1,60,1,1,1
2912,2.0,1.0,5.0,4.0,4.0,3.0,2.0,4.0,5.0,5.0,2.0,4.0,1.0,5.0,5.0,4.0,1.0,4.0,4.0,1.0,6,1,7,2,7,1,7,1,7,3,1,1,0,1,1,0,0,0,0,1,0,0,1,1,1,1,4,3,1,1,32,1,10,1,70,2,1,5
2913,4.0,2.0,2.0,1.0,4.0,2.0,1.0,4.0,4.0,2.0,1.0,2.0,2.0,1.0,4.0,2.0,2.0,4.0,4.0,2.0,1,1,6,5,6,6,6,5,5,2,1,1,1,1,1,0,0,0,1,1,0,0,1,1,1,1,3,1,2,1,47,1,7,1,40,1,2,2
2914,1.0,1.0,3.0,5.0,1.0,5.0,2.0,1.0,5.0,3.0,2.0,1.0,1.0,2.0,1.0,5.0,1.0,2.0,3.0,1.0,1,1,3,2,5,6,6,5,6,5,1,1,1,1,1,0,1,0,0,1,0,0,1,1,1,1,4,2,2,1,70,2,2,1,60,1,1,2
2915,2.0,1.0,1.0,4.0,2.0,1.0,1.0,2.0,5.0,2.0,3.0,2.0,1.0,2.0,1.0,1.0,4.0,1.0,5.0,1.0,1,3,7,1,3,7,5,2,7,5,1,1,0,1,1,0,0,1,0,1,0,0,1,1,1,1,2,2,1,1,20,1,6,1,60,1,1,2
2916,1.0,1.0,2.0,1.0,5.0,1.0,1.0,1.0,4.0,4.0,1.0,4.0,4.0,1.0,4.0,2.0,1.0,4.0,5.0,1.0,2,6,6,7,6,7,6,3,6,6,1,1,1,1,1,1,1,0,0,1,0,0,1,1,1,1,3,3,1,1,67,1,2,1,60,1,2,3
2917,2.0,2.0,4.0,5.0,1.0,4.0,2.0,1.0,5.0,4.0,4.0,1.0,4.0,5.0,4.0,4.0,1.0,2.0,4.0,2.0,3,1,7,2,7,6,6,2,7,1,1,1,1,1,1,0,0,1,0,1,0,0,1,1,1,1,0,1,1,1,61,1,1,1,60,1,2,6
2918,1.0,1.0,2.0,5.0,4.0,4.0,2.0,1.0,5.0,2.0,2.0,4.0,2.0,4.0,4.0,2.0,2.0,1.0,5.0,3.0,5,5,7,2,5,1,7,4,2,1,1,1,1,1,1,0,0,0,0,1,1,0,1,1,1,1,3,2,1,1,44,1,7,2,60,1,2,1
2919,3.0,4.0,2.0,4.0,4.0,1.0,1.0,1.0,2.0,2.0,1.0,5.0,2.0,1.0,5.0,2.0,1.0,5.0,5.0,1.0,1,5,4,5,5,0,5,4,6,3,1,1,1,1,1,0,0,0,0,1,0,0,1,1,1,1,3,1,2,1,26,2,2,1,60,1,1,3
2920,1.0,2.0,2.0,2.0,4.0,4.0,2.0,4.0,5.0,4.0,2.0,2.0,2.0,2.0,3.0,2.0,2.0,1.0,5.0,1.0,2,6,6,6,3,7,3,2,6,3,1,1,1,1,1,0,0,0,0,1,0,0,1,1,1,1,2,2,1,1,19,1,6,3,60,1,1,4
2921,4.0,2.0,2.0,4.0,4.0,4.0,3.0,2.0,5.0,4.0,2.0,4.0,4.0,3.0,4.0,1.0,5.0,4.0,5.0,2.0,3,5,6,6,6,5,5,3,3,3,1,1,1,1,1,0,1,0,0,1,0,1,1,1,1,1,4,1,2,1,70,1,6,1,60,1,1,3
2922,2.0,2.0,1.0,5.0,4.0,2.0,1.0,1.0,5.0,4.0,2.0,1.0,1.0,5.0,4.0,2.0,2.0,2.0,5.0,1.0,5,0,1,5,6,5,5,5,6,2,1,1,0,1,1,0,0,0,0,1,1,0,1,1,1,1,2,2,1,1,18,1,1,1,60,2,1,2
2923,4.0,2.0,2.0,4.0,2.0,4.0,4.0,4.0,5.0,4.0,2.0,4.0,5.0,4.0,4.0,4.0,2.0,5.0,2.0,2.0,3,1,5,2,2,2,5,3,6,6,1,1,1,1,1,0,0,0,0,1,0,0,0,1,1,1,3,2,2,1,60,1,6,1,60,1,2,3
2924,2.0,4.0,2.0,4.0,4.0,2.0,2.0,2.0,4.0,2.0,3.0,4.0,2.0,2.0,3.0,2.0,4.0,2.0,3.0,1.0,3,1,6,2,5,7,6,3,5,2,1,1,1,1,1,0,1,0,0,1,0,0,1,1,1,1,2,2,1,1,45,1,6,1,60,1,1,1
2925,1.0,2.0,5.0,3.0,1.0,5.0,3.0,1.0,5.0,5.0,2.0,4.0,1.0,2.0,3.0,5.0,1.0,1.0,1.0,1.0,1,1,6,7,6,4,7,2,3,1,1,1,1,1,1,0,0,0,0,1,0,0,1,1,1,1,2,1,2,1,53,1,6,1,60,1,2,3
2926,5.0,4.0,2.0,3.0,3.0,1.0,1.0,3.0,4.0,3.0,4.0,4.0,5.0,3.0,3.0,4.0,3.0,4.0,5.0,4.0,2,5,6,3,5,5,4,2,5,2,1,1,1,1,1,0,1,0,0,1,0,0,1,1,1,1,4,2,1,1,55,0,6,1,60,1,2,3
2927,5.0,5.0,2.0,1.0,5.0,1.0,1.0,5.0,2.0,5.0,1.0,4.0,5.0,1.0,5.0,1.0,5.0,4.0,5.0,5.0,3,7,5,7,7,6,5,6,1,1,1,1,1,1,1,1,0,1,0,1,1,0,1,1,1,1,3,3,2,1,29,1,2,1,70,1,1,1
2928,2.0,1.0,5.0,5.0,3.0,5.0,3.0,1.0,5.0,2.0,2.0,5.0,4.0,4.0,1.0,2.0,4.0,1.0,1.0,1.0,7,2,2,7,6,5,7,6,1,1,1,1,0,1,1,0,0,1,0,1,1,0,1,1,1,1,3,2,2,1,37,1,7,1,30,1,1,2
2929,2.0,1.0,3.0,4.0,2.0,4.0,2.0,1.0,5.0,5.0,2.0,4.0,2.0,2.0,4.0,5.0,2.0,1.0,2.0,1.0,2,2,7,5,3,7,3,1,5,6,1,1,1,1,1,0,0,1,0,1,0,0,1,1,1,1,3,1,2,1,23,1,1,1,60,1,1,2
2930,1.0,4.0,4.0,4.0,4.0,4.0,2.0,1.0,5.0,5.0,2.0,1.0,1.0,4.0,4.0,5.0,3.0,4.0,5.0,1.0,7,5,6,6,7,2,7,6,5,3,1,1,0,1,1,0,0,1,0,1,0,0,1,1,1,1,2,2,2,1,20,1,2,1,60,1,1,2
2931,5.0,5.0,1.0,1.0,5.0,1.0,1.0,4.0,2.0,1.0,1.0,5.0,4.0,1.0,5.0,1.0,1.0,3.0,5.0,4.0,2,2,5,1,7,2,7,5,6,5,1,1,1,1,1,0,1,0,0,1,0,0,1,1,1,1,4,3,2,1,33,1,1,1,60,1,1,1
2932,5.0,4.0,4.0,4.0,4.0,4.0,4.0,2.0,4.0,5.0,1.0,4.0,4.0,1.0,5.0,1.0,1.0,4.0,1.0,1.0,1,4,3,7,6,7,3,7,7,1,1,1,0,1,1,0,0,1,0,1,0,1,1,1,1,1,3,3,2,2,30,1,6,1,70,1,2,3
2933,5.0,5.0,1.0,1.0,5.0,1.0,1.0,4.0,1.0,2.0,2.0,5.0,4.0,1.0,3.0,1.0,1.0,5.0,5.0,5.0,5,7,3,1,1,6,2,6,3,1,1,1,1,1,1,0,0,1,0,1,1,0,0,1,1,1,3,3,1,2,26,1,12,1,60,2,1,2
2934,5.0,4.0,2.0,2.0,5.0,1.0,1.0,4.0,2.0,4.0,2.0,4.0,4.0,2.0,5.0,1.0,5.0,5.0,4.0,2.0,2,5,7,1,7,7,3,1,6,3,1,1,1,1,1,0,1,0,1,1,1,0,1,1,1,1,4,1,1,1,64,1,2,1,60,1,2,3
2935,4.0,4.0,5.0,4.0,3.0,5.0,2.0,3.0,4.0,2.0,2.0,3.0,4.0,2.0,4.0,2.0,2.0,2.0,3.0,2.0,5,2,6,2,6,4,7,5,7,4,1,1,0,1,1,1,0,1,0,1,0,0,1,1,1,1,4,1,1,1,38,1,7,1,60,1,2,3
2936,2.0,5.0,1.0,4.0,4.0,1.0,1.0,5.0,2.0,2.0,2.0,4.0,3.0,1.0,5.0,1.0,1.0,5.0,5.0,2.0,5,6,6,2,7,4,4,2,6,5,1,1,1,1,1,0,1,1,0,1,1,0,1,1,1,1,3,2,1,1,24,1,6,1,60,1,1,3
2937,5.0,3.0,2.0,3.0,4.0,4.0,3.0,4.0,5.0,3.0,2.0,4.0,5.0,2.0,4.0,4.0,2.0,4.0,5.0,5.0,6,5,6,5,5,5,6,3,4,7,1,1,1,1,1,1,0,1,0,1,0,0,1,1,1,1,3,2,2,2,40,1,6,1,60,1,2,7
2938,4.0,1.0,2.0,5.0,2.0,4.0,5.0,1.0,5.0,2.0,1.0,1.0,1.0,2.0,1.0,1.0,1.0,1.0,2.0,4.0,2,5,7,5,6,7,2,1,6,6,1,1,0,1,1,0,0,0,0,1,0,0,1,0,1,1,3,2,2,1,38,1,7,1,60,1,2,3
2939,3.0,2.0,3.0,3.0,2.0,4.0,4.0,4.0,5.0,4.0,2.0,2.0,1.0,3.0,4.0,4.0,5.0,2.0,3.0,1.0,2,5,7,5,5,7,5,2,3,3,1,1,1,1,1,0,1,0,0,1,0,0,1,1,1,1,2,2,2,1,19,1,6,1,60,1,1,2
2940,5.0,5.0,3.0,1.0,5.0,2.0,2.0,2.0,4.0,2.0,1.0,5.0,2.0,1.0,4.0,1.0,1.0,5.0,5.0,5.0,6,1,7,2,7,6,7,5,7,5,1,1,0,1,1,0,0,1,0,1,1,1,1,1,1,1,4,1,1,2,39,1,1,1,20,2,1,8
2941,5.0,4.0,3.0,2.0,2.0,2.0,4.0,1.0,5.0,4.0,1.0,3.0,1.0,1.0,2.0,1.0,5.0,3.0,1.0,5.0,1,5,3,7,6,4,4,7,6,7,1,1,0,0,1,0,0,0,0,1,0,0,0,1,1,1,4,3,2,2,19,1,10,1,10,2,1,3
2942,3.0,4.0,1.0,1.0,3.0,1.0,1.0,3.0,1.0,2.0,2.0,4.0,3.0,2.0,5.0,1.0,2.0,4.0,1.0,2.0,2,4,2,4,7,3,3,5,5,2,1,1,1,1,1,0,1,1,0,1,0,0,1,1,1,1,3,2,1,2,52,1,1,2,60,2,1,2
2943,4.0,4.0,2.0,2.0,5.0,2.0,1.0,5.0,1.0,2.0,1.0,5.0,4.0,2.0,4.0,2.0,1.0,5.0,5.0,2.0,4,7,3,5,3,5,3,5,6,4,1,1,1,1,1,0,0,1,0,1,1,0,1,1,1,1,3,3,1,2,24,1,2,1,60,1,1,2
2944,4.0,4.0,2.0,3.0,3.0,1.0,2.0,5.0,2.0,4.0,1.0,4.0,1.0,1.0,5.0,4.0,3.0,2.0,5.0,4.0,4,5,6,1,7,7,6,5,7,1,1,1,0,1,1,1,0,1,0,1,0,0,0,1,1,1,2,3,1,2,29,1,12,0,70,2,1,4
2945,2.0,4.0,3.0,3.0,5.0,2.0,1.0,4.0,5.0,4.0,1.0,2.0,4.0,1.0,4.0,1.0,1.0,5.0,5.0,1.0,4,2,3,1,7,5,5,5,6,2,1,1,1,1,1,0,1,1,0,1,1,0,1,1,1,1,4,3,1,1,49,1,3,1,60,1,2,1
2946,3.0,5.0,4.0,5.0,4.0,4.0,3.0,2.0,5.0,4.0,1.0,4.0,4.0,3.0,4.0,4.0,1.0,4.0,5.0,2.0,3,4,2,6,7,7,7,5,4,5,1,1,1,1,1,0,0,0,0,1,0,0,1,1,1,1,3,2,1,1,33,1,2,1,60,1,2,2
2947,5.0,4.0,1.0,2.0,2.0,4.0,5.0,5.0,5.0,5.0,1.0,5.0,2.0,1.0,1.0,5.0,1.0,2.0,5.0,5.0,7,3,7,5,7,4,4,4,4,4,1,1,1,1,1,1,1,0,0,1,1,1,1,1,1,1,2,2,1,2,25,1,1,1,50,1,1,0
2948,4.0,2.0,2.0,1.0,5.0,1.0,1.0,2.0,5.0,2.0,2.0,4.0,4.0,1.0,5.0,2.0,1.0,4.0,5.0,3.0,2,6,5,5,7,7,2,3,7,5,1,1,0,1,1,0,0,0,0,1,0,0,1,1,1,1,4,2,1,1,44,1,1,1,60,1,2,5
2949,5.0,4.0,1.0,2.0,4.0,5.0,1.0,4.0,1.0,1.0,1.0,2.0,1.0,1.0,2.0,1.0,1.0,4.0,2.0,4.0,6,1,3,1,2,1,1,3,7,7,1,1,0,1,1,0,0,0,0,1,0,0,1,1,1,1,3,3,2,1,24,1,6,1,10,1,1,3
2950,4.0,3.0,3.0,3.0,4.0,2.0,1.0,2.0,2.0,3.0,2.0,3.0,3.0,2.0,2.0,2.0,3.0,5.0,4.0,3.0,3,5,4,5,5,7,2,7,5,4,1,1,0,1,0,0,0,0,0,1,0,0,0,0,1,1,3,3,1,2,23,1,2,1,10,2,1,1
2951,5.0,5.0,1.0,2.0,5.0,1.0,1.0,1.0,3.0,2.0,1.0,5.0,1.0,1.0,5.0,1.0,5.0,2.0,5.0,1.0,1,7,6,5,7,5,2,4,7,1,1,1,1,1,1,0,1,0,0,1,0,0,1,1,1,1,2,2,2,1,17,1,4,1,10,1,0,3
2952,5.0,4.0,1.0,3.0,4.0,1.0,1.0,3.0,1.0,2.0,1.0,4.0,4.0,1.0,5.0,1.0,1.0,4.0,5.0,3.0,3,1,5,1,7,6,7,5,7,1,1,1,1,1,1,0,1,1,0,1,1,0,1,1,1,1,4,1,1,1,32,1,2,1,60,2,2,2
2953,1.0,1.0,5.0,5.0,1.0,4.0,2.0,5.0,5.0,5.0,1.0,5.0,1.0,1.0,1.0,1.0,1.0,1.0,5.0,1.0,1,1,6,5,7,6,7,5,6,5,1,1,0,1,1,1,0,1,0,1,0,0,1,1,1,1,3,1,2,1,45,1,7,1,60,1,2,4
2954,2.0,1.0,3.0,4.0,2.0,3.0,2.0,2.0,5.0,3.0,2.0,1.0,2.0,4.0,2.0,4.0,2.0,1.0,4.0,1.0,1,3,3,5,6,5,4,5,4,2,1,1,1,1,1,0,1,1,0,1,1,0,1,1,1,1,3,2,2,1,48,1,12,1,60,1,2,2
2955,4.0,4.0,4.0,1.0,4.0,2.0,1.0,4.0,4.0,3.0,1.0,5.0,4.0,1.0,4.0,1.0,2.0,5.0,5.0,2.0,2,5,6,4,7,5,6,5,4,2,1,1,1,1,1,1,0,0,0,1,1,0,1,1,1,1,3,3,2,2,27,1,1,1,60,1,1,2
2956,5.0,2.0,2.0,3.0,1.0,5.0,2.0,1.0,5.0,5.0,3.0,4.0,1.0,1.0,1.0,2.0,1.0,5.0,4.0,4.0,6,1,6,2,5,6,6,1,4,5,1,1,0,1,1,0,0,0,0,1,0,0,0,0,0,1,3,3,2,2,30,1,0,1,10,2,1,2
2957,5.0,5.0,2.0,1.0,4.0,1.0,5.0,3.0,1.0,1.0,1.0,5.0,5.0,1.0,5.0,5.0,1.0,5.0,1.0,1.0,6,7,6,1,2,5,1,2,7,4,1,0,0,1,1,0,0,1,0,0,0,0,0,1,1,1,2,3,1,2,17,1,1,1,10,2,1,2
2958,5.0,5.0,4.0,5.0,5.0,2.0,1.0,5.0,5.0,5.0,1.0,3.0,1.0,1.0,4.0,2.0,5.0,4.0,5.0,5.0,0,0,0,0,0,0,7,0,0,0,1,0,1,1,1,0,0,0,0,1,0,0,1,1,1,1,3,3,2,2,48,1,4,1,10,2,2,5
2959,5.0,5.0,1.0,1.0,4.0,1.0,1.0,5.0,3.0,2.0,1.0,5.0,5.0,1.0,5.0,1.0,1.0,5.0,5.0,5.0,7,2,1,5,7,2,7,7,7,1,1,1,0,1,1,0,0,1,0,1,0,0,1,1,1,1,2,3,1,2,25,1,2,5,70,1,1,2
2960,5.0,5.0,5.0,3.0,5.0,5.0,5.0,5.0,5.0,5.0,5.0,5.0,5.0,2.0,4.0,4.0,5.0,3.0,1.0,5.0,7,7,7,4,7,7,7,7,7,7,1,1,0,1,1,0,0,0,0,1,0,0,0,0,0,1,4,1,1,2,38,1,4,1,10,2,1,3
2961,5.0,5.0,2.0,4.0,4.0,1.0,2.0,4.0,4.0,4.0,2.0,5.0,2.0,2.0,5.0,2.0,4.0,4.0,2.0,2.0,6,3,3,3,5,3,6,5,6,3,1,1,0,1,1,1,0,1,0,1,0,0,1,1,1,1,4,1,1,2,24,1,2,1,60,1,1,1
2962,4.0,4.0,4.0,2.0,3.0,2.0,2.0,5.0,2.0,4.0,2.0,4.0,2.0,1.0,5.0,2.0,4.0,4.0,4.0,1.0,6,6,5,5,4,2,6,4,3,2,0,0,0,0,1,0,0,1,0,1,0,0,0,1,0,1,4,1,1,2,31,1,4,1,60,1,1,1
2963,5.0,5.0,1.0,1.0,4.0,1.0,1.0,5.0,3.0,1.0,1.0,1.0,4.0,1.0,5.0,1.0,1.0,5.0,5.0,4.0,2,6,5,5,5,6,3,1,6,2,1,1,1,1,1,1,0,0,1,1,1,1,1,1,1,1,2,3,2,1,19,1,2,2,60,1,1,2
2964,1.0,1.0,4.0,5.0,1.0,5.0,5.0,1.0,5.0,5.0,2.0,1.0,1.0,3.0,4.0,5.0,5.0,1.0,1.0,1.0,7,2,2,1,7,5,6,1,7,3,1,0,0,1,1,0,0,0,0,1,0,0,0,0,1,1,4,2,1,2,40,1,11,1,10,2,3,2
2965,4.0,1.0,2.0,2.0,4.0,4.0,1.0,4.0,5.0,2.0,1.0,5.0,2.0,1.0,1.0,1.0,3.0,5.0,4.0,2.0,6,7,6,3,6,2,6,5,5,1,1,1,1,1,1,0,0,0,0,1,0,0,1,1,1,1,3,3,2,2,25,1,2,1,60,1,1,5
2966,5.0,5.0,1.0,1.0,5.0,1.0,1.0,5.0,3.0,5.0,1.0,5.0,4.0,1.0,5.0,3.0,1.0,5.0,3.0,4.0,4,7,7,4,4,7,7,1,4,4,0,0,0,0,0,0,0,1,0,1,0,0,0,0,0,1,4,1,1,2,24,1,4,1,60,1,2,2
2967,3.0,2.0,1.0,3.0,5.0,1.0,1.0,5.0,2.0,1.0,1.0,5.0,4.0,3.0,4.0,1.0,2.0,5.0,5.0,5.0,1,2,7,1,3,7,5,2,7,1,1,1,0,1,1,0,0,0,0,1,0,1,1,1,1,1,3,2,1,2,24,1,2,1,60,1,1,2
2968,5.0,5.0,1.0,1.0,4.0,1.0,5.0,5.0,1.0,1.0,1.0,5.0,4.0,1.0,4.0,1.0,2.0,5.0,5.0,5.0,2,5,5,2,5,5,1,2,7,2,1,1,1,1,1,0,1,1,1,1,0,1,1,1,1,1,2,3,1,2,14,1,2,1,10,2,1,2
2969,5.0,4.0,1.0,4.0,2.0,4.0,1.0,4.0,3.0,1.0,2.0,3.0,5.0,1.0,4.0,1.0,1.0,2.0,2.0,2.0,5,5,3,2,3,5,5,6,6,1,1,1,1,1,1,0,0,1,0,1,1,1,1,1,1,1,4,2,1,2,36,2,6,1,60,1,1,2
2970,2.0,2.0,2.0,4.0,5.0,4.0,2.0,1.0,5.0,2.0,1.0,2.0,1.0,2.0,3.0,2.0,1.0,4.0,5.0,3.0,4,6,6,3,7,7,6,6,6,3,1,1,0,1,1,0,0,0,0,1,0,0,1,1,1,1,2,1,1,2,27,1,9,1,60,1,1,4
2971,5.0,5.0,1.0,1.0,5.0,1.0,1.0,5.0,1.0,1.0,1.0,5.0,5.0,1.0,5.0,1.0,1.0,5.0,5.0,5.0,4,4,5,4,6,4,4,4,4,3,1,1,1,1,1,1,1,1,1,1,1,1,1,1,1,1,3,1,1,1,32,1,4,1,60,1,1,0
2972,2.0,5.0,2.0,2.0,5.0,1.0,4.0,2.0,4.0,1.0,2.0,5.0,4.0,1.0,5.0,1.0,2.0,4.0,3.0,2.0,2,5,6,2,5,7,3,5,6,5,1,1,1,1,1,0,0,1,1,1,1,0,1,1,1,1,3,1,1,2,35,1,4,1,60,1,2,3
2973,1.0,4.0,1.0,1.0,4.0,1.0,1.0,4.0,3.0,2.0,1.0,5.0,5.0,2.0,4.0,1.0,1.0,5.0,5.0,4.0,1,6,3,2,4,7,1,7,6,4,1,1,0,1,1,0,0,0,0,1,0,0,1,1,1,1,3,2,1,2,23,1,1,1,60,2,1,2
2974,1.0,1.0,5.0,4.0,2.0,2.0,2.0,2.0,5.0,5.0,2.0,1.0,1.0,4.0,4.0,2.0,3.0,1.0,5.0,2.0,1,3,5,3,6,7,6,5,4,5,0,0,0,0,0,0,0,0,0,0,0,0,0,0,0,0,3,2,1,1,45,1,6,3,60,1,1,3
2975,3.0,4.0,3.0,4.0,4.0,4.0,2.0,3.0,5.0,4.0,2.0,4.0,1.0,2.0,1.0,1.0,2.0,1.0,3.0,1.0,6,6,5,1,6,3,6,4,7,1,1,1,0,1,1,0,0,0,0,1,0,0,0,1,1,1,3,2,2,2,21,1,1,1,10,2,1,2
2976,4.0,4.0,4.0,2.0,2.0,4.0,2.0,2.0,4.0,4.0,4.0,4.0,4.0,2.0,4.0,4.0,4.0,2.0,4.0,2.0,2,5,7,1,3,7,6,1,6,2,1,1,0,1,1,0,0,1,0,1,0,0,1,1,0,1,3,2,1,2,29,1,1,1,60,1,1,2
2977,1.0,4.0,4.0,4.0,1.0,4.0,5.0,2.0,5.0,4.0,5.0,5.0,1.0,3.0,3.0,4.0,4.0,2.0,3.0,1.0,7,2,4,1,7,1,6,6,6,4,1,1,0,1,1,0,0,1,1,1,0,0,0,1,1,1,4,3,2,2,33,1,4,1,60,1,1,3
2978,5.0,5.0,1.0,1.0,1.0,1.0,1.0,5.0,5.0,1.0,1.0,5.0,5.0,1.0,5.0,1.0,1.0,5.0,5.0,5.0,1,3,7,2,6,7,3,1,7,1,1,0,0,1,0,0,0,0,0,0,0,0,0,0,1,1,4,3,1,2,32,1,0,0,10,1,2,1
2979,5.0,5.0,1.0,4.0,5.0,1.0,1.0,5.0,1.0,1.0,5.0,5.0,5.0,1.0,5.0,1.0,1.0,1.0,5.0,5.0,6,7,6,5,6,4,6,4,4,1,1,1,0,1,1,0,0,0,0,1,0,0,0,1,1,1,2,3,1,1,22,1,12,1,10,1,1,2
2980,2.0,4.0,1.0,1.0,5.0,1.0,1.0,5.0,3.0,1.0,1.0,5.0,4.0,1.0,5.0,1.0,1.0,5.0,5.0,3.0,7,3,6,1,7,6,4,5,3,1,1,1,0,1,1,0,0,1,0,1,1,0,1,1,1,1,4,2,1,2,35,1,2,1,0,1,1,3
2981,3.0,4.0,3.0,3.0,3.0,4.0,4.0,4.0,5.0,5.0,3.0,4.0,3.0,2.0,4.0,2.0,2.0,4.0,4.0,3.0,1,6,6,2,6,7,1,5,7,3,1,1,1,1,1,0,0,1,0,1,0,0,1,1,1,1,3,2,1,1,24,1,2,1,60,1,1,2
2982,3.0,5.0,1.0,4.0,1.0,1.0,1.0,5.0,1.0,5.0,1.0,4.0,3.0,1.0,5.0,1.0,3.0,5.0,3.0,3.0,5,4,6,1,7,4,2,2,7,1,1,1,1,1,1,0,0,0,0,1,1,1,1,1,1,1,3,2,1,1,24,2,1,1,60,2,1,2
2983,4.0,5.0,1.0,5.0,5.0,1.0,1.0,1.0,1.0,3.0,1.0,5.0,3.0,2.0,2.0,2.0,1.0,3.0,5.0,1.0,3,1,7,2,4,5,6,6,7,2,1,1,0,1,1,1,0,0,0,1,0,0,1,1,1,1,4,2,1,1,25,1,2,1,60,2,1,3
2984,5.0,3.0,3.0,3.0,4.0,1.0,1.0,3.0,3.0,3.0,1.0,4.0,3.0,2.0,4.0,1.0,2.0,5.0,5.0,3.0,1,5,2,5,5,6,4,6,1,2,1,1,0,0,1,0,0,0,0,1,0,0,0,0,1,1,2,1,1,2,28,1,2,1,60,2,1,2
2985,4.0,5.0,1.0,2.0,4.0,2.0,2.0,5.0,1.0,1.0,1.0,3.0,4.0,1.0,3.0,1.0,1.0,4.0,5.0,2.0,2,7,3,3,5,7,2,5,2,2,0,1,0,1,1,0,0,1,0,1,0,0,1,1,1,1,3,3,1,2,23,1,2,1,60,1,1,2
2986,5.0,2.0,4.0,2.0,5.0,4.0,1.0,4.0,4.0,1.0,3.0,5.0,2.0,1.0,5.0,4.0,1.0,2.0,4.0,4.0,2,3,7,1,5,6,2,1,7,2,1,1,0,1,1,1,0,1,0,1,0,1,1,1,1,1,3,1,1,1,27,2,7,1,60,1,2,2
2987,3.0,4.0,2.0,2.0,4.0,4.0,4.0,2.0,4.0,5.0,2.0,4.0,1.0,3.0,2.0,3.0,2.0,5.0,4.0,1.0,2,2,4,6,5,7,4,5,4,4,1,1,0,1,1,0,0,0,0,1,0,0,0,1,1,1,2,1,2,2,19,1,7,1,60,1,1,1
2988,1.0,1.0,3.0,5.0,1.0,2.0,2.0,1.0,5.0,3.0,1.0,1.0,1.0,1.0,1.0,1.0,1.0,4.0,5.0,1.0,1,1,6,6,7,7,5,7,4,4,1,1,0,1,1,0,1,0,0,1,0,0,1,1,1,1,3,2,1,1,26,1,2,2,60,2,2,2
2989,1.0,1.0,5.0,4.0,4.0,2.0,2.0,1.0,5.0,5.0,1.0,1.0,1.0,2.0,1.0,5.0,2.0,1.0,5.0,1.0,6,6,6,6,6,5,7,5,4,3,1,0,1,1,1,0,1,0,0,1,0,0,0,1,1,1,3,3,2,2,19,1,8,1,10,2,1,2
2990,5.0,5.0,1.0,1.0,5.0,1.0,1.0,5.0,1.0,2.0,1.0,5.0,5.0,1.0,5.0,1.0,1.0,5.0,5.0,5.0,1,7,4,7,5,7,1,4,4,3,1,1,0,1,1,0,0,0,0,1,0,0,0,1,1,1,3,3,1,2,26,1,12,1,60,2,1,1
2991,4.0,4.0,1.0,1.0,5.0,1.0,1.0,4.0,2.0,1.0,1.0,5.0,5.0,2.0,4.0,1.0,1.0,5.0,5.0,4.0,6,3,7,3,7,2,6,2,5,1,1,1,1,1,1,0,0,0,0,1,0,0,1,1,1,1,4,1,1,1,34,1,1,1,60,1,2,2
2992,1.0,2.0,4.0,3.0,1.0,3.0,2.0,2.0,5.0,5.0,4.0,1.0,1.0,3.0,2.0,4.0,5.0,2.0,2.0,1.0,4,3,5,4,5,6,6,5,6,2,1,1,0,1,1,0,0,0,0,0,0,0,0,0,1,1,2,2,1,1,18,2,4,1,60,2,1,3
2993,4.0,2.0,5.0,2.0,5.0,2.0,1.0,5.0,5.0,3.0,1.0,5.0,4.0,1.0,1.0,2.0,1.0,4.0,5.0,1.0,2,5,6,5,7,7,6,1,6,2,1,1,0,1,1,0,0,0,0,1,0,0,1,1,1,1,3,2,2,1,34,1,12,3,30,2,3,2
2994,3.0,1.0,5.0,5.0,4.0,5.0,5.0,1.0,5.0,5.0,1.0,4.0,2.0,1.0,1.0,4.0,1.0,4.0,4.0,1.0,7,2,7,2,7,1,7,4,6,1,1,1,1,1,1,1,0,0,0,1,0,1,1,1,1,1,2,2,2,1,56,1,7,1,60,1,3,9
2995,1.0,1.0,1.0,3.0,1.0,2.0,2.0,1.0,5.0,5.0,3.0,2.0,1.0,5.0,1.0,1.0,1.0,2.0,5.0,1.0,2,1,3,2,5,7,6,6,3,3,1,1,1,1,1,0,1,1,0,1,1,0,1,1,1,1,3,2,2,1,50,1,1,1,60,1,3,3
2996,1.0,1.0,4.0,4.0,1.0,3.0,2.0,1.0,5.0,1.0,3.0,1.0,1.0,3.0,2.0,4.0,4.0,2.0,5.0,1.0,5,5,2,7,2,2,7,2,3,1,1,1,1,1,1,0,0,1,0,1,0,0,1,1,1,1,4,2,2,1,49,1,2,1,60,1,2,5
2997,4.0,3.0,1.0,4.0,3.0,1.0,1.0,3.0,2.0,1.0,1.0,5.0,1.0,1.0,5.0,1.0,1.0,5.0,5.0,5.0,7,7,6,2,6,4,5,4,7,1,1,1,0,1,1,0,0,0,0,1,0,1,1,1,1,1,3,2,1,1,29,1,1,1,60,1,1,5
2998,3.0,5.0,2.0,4.0,5.0,2.0,1.0,5.0,1.0,1.0,1.0,5.0,2.0,2.0,5.0,1.0,2.0,5.0,5.0,1.0,2,6,6,2,7,5,6,2,6,5,1,1,0,1,1,0,0,0,0,1,0,0,1,1,1,1,4,3,1,2,23,1,8,1,70,2,1,2
2999,4.0,4.0,3.0,4.0,2.0,4.0,4.0,2.0,5.0,5.0,2.0,4.0,1.0,2.0,4.0,2.0,2.0,4.0,4.0,2.0,1,1,6,1,6,7,5,2,7,6,1,0,0,1,0,0,0,1,0,1,0,0,1,1,1,1,4,3,1,1,65,1,4,1,60,1,3,2
3000,4.0,5.0,1.0,1.0,5.0,1.0,1.0,5.0,1.0,2.0,1.0,5.0,4.0,3.0,5.0,1.0,2.0,5.0,5.0,5.0,6,7,6,1,7,6,4,4,7,4,1,1,0,1,1,0,0,0,0,1,0,0,1,1,1,1,2,3,1,2,18,1,2,1,60,2,1,2
3001,2.0,4.0,1.0,2.0,3.0,1.0,1.0,4.0,4.0,2.0,1.0,2.0,4.0,1.0,2.0,1.0,1.0,3.0,5.0,1.0,2,7,5,5,6,6,6,6,7,1,1,1,0,1,0,0,0,0,0,1,1,0,0,1,1,1,3,3,1,2,20,1,2,2,60,1,1,1
3002,5.0,5.0,1.0,2.0,5.0,1.0,1.0,5.0,5.0,2.0,1.0,5.0,1.0,2.0,5.0,1.0,1.0,4.0,4.0,1.0,7,6,1,1,7,1,6,5,4,5,1,1,1,1,1,1,1,1,0,1,0,0,1,1,1,1,4,2,1,1,27,2,7,1,60,2,1,3
3003,4.0,2.0,2.0,2.0,2.0,1.0,1.0,1.0,5.0,4.0,1.0,1.0,4.0,4.0,1.0,1.0,2.0,4.0,2.0,1.0,6,6,6,5,7,1,6,2,3,3,1,1,0,1,1,0,1,1,1,1,0,1,1,1,1,1,3,3,1,1,24,1,2,1,60,1,1,4
3004,5.0,5.0,3.0,4.0,3.0,3.0,1.0,1.0,3.0,1.0,1.0,5.0,1.0,1.0,5.0,4.0,1.0,4.0,5.0,5.0,2,5,6,5,7,5,6,1,5,1,1,1,1,1,1,0,1,1,0,1,0,0,1,1,1,1,4,2,2,2,29,1,2,1,70,1,2,3
3005,5.0,2.0,3.0,3.0,5.0,1.0,1.0,3.0,1.0,3.0,2.0,4.0,4.0,3.0,2.0,1.0,3.0,4.0,5.0,3.0,1,5,6,7,5,4,3,4,3,3,1,1,0,1,1,0,0,0,0,1,0,0,0,1,1,1,1,2,2,1,13,1,2,5,60,2,1,3
3006,5.0,4.0,2.0,2.0,4.0,2.0,1.0,2.0,2.0,2.0,2.0,4.0,4.0,2.0,4.0,3.0,2.0,3.0,4.0,2.0,6,3,5,5,7,2,5,2,3,1,1,1,1,1,1,0,0,1,0,1,1,0,1,1,1,1,3,2,2,1,22,1,1,2,60,1,1,2
3007,1.0,3.0,5.0,5.0,2.0,2.0,1.0,1.0,5.0,2.0,1.0,2.0,1.0,3.0,3.0,4.0,2.0,4.0,5.0,1.0,1,7,2,5,5,3,3,7,3,1,1,1,0,1,1,0,0,0,0,1,0,0,1,1,1,1,2,3,1,2,21,1,12,2,60,1,1,1
3008,4.0,4.0,3.0,4.0,4.0,3.0,4.0,3.0,5.0,3.0,3.0,2.0,4.0,1.0,5.0,4.0,2.0,4.0,3.0,1.0,6,1,6,1,5,2,6,3,7,4,1,1,0,1,1,0,0,0,0,1,0,0,1,1,1,1,4,1,2,1,30,1,7,1,60,2,2,3
3009,4.0,4.0,2.0,2.0,4.0,2.0,2.0,4.0,2.0,2.0,2.0,5.0,4.0,2.0,4.0,2.0,2.0,3.0,2.0,2.0,6,7,6,7,4,5,3,5,5,3,1,1,1,1,1,0,0,1,0,1,1,0,1,1,1,1,4,1,1,1,47,2,4,1,60,1,2,1
3010,4.0,4.0,2.0,2.0,4.0,2.0,2.0,1.0,4.0,2.0,1.0,4.0,4.0,2.0,3.0,1.0,5.0,4.0,2.0,4.0,1,6,6,6,7,6,3,5,3,1,1,1,0,1,1,0,1,0,0,1,0,0,1,1,1,1,4,3,1,2,50,1,1,1,60,2,2,1
3011,5.0,5.0,1.0,1.0,5.0,1.0,1.0,2.0,2.0,1.0,1.0,5.0,4.0,1.0,1.0,1.0,2.0,5.0,5.0,5.0,1,7,5,1,6,7,3,2,7,1,1,1,1,1,1,0,0,0,0,1,0,0,1,1,1,1,2,3,2,1,40,1,2,2,10,2,3,2
3012,1.0,1.0,5.0,4.0,2.0,2.0,4.0,4.0,5.0,4.0,1.0,3.0,1.0,3.0,2.0,2.0,5.0,3.0,3.0,1.0,7,1,7,1,7,2,7,5,7,1,1,1,1,1,1,1,0,1,0,1,1,0,1,1,1,1,3,1,1,1,57,1,12,1,60,1,3,2
3013,4.0,4.0,4.0,4.0,5.0,2.0,1.0,4.0,5.0,2.0,1.0,5.0,2.0,2.0,4.0,1.0,1.0,4.0,5.0,3.0,2,5,6,5,5,5,2,5,5,6,1,1,0,1,1,0,0,0,0,1,0,0,0,1,1,1,3,2,1,1,22,1,4,1,60,2,1,3
3014,5.0,2.0,5.0,4.0,1.0,5.0,4.0,4.0,5.0,2.0,1.0,2.0,1.0,4.0,1.0,2.0,1.0,4.0,5.0,1.0,6,3,7,6,6,1,5,2,5,5,1,1,1,1,1,0,0,0,0,1,0,0,1,1,1,1,3,2,2,1,39,1,2,2,60,1,3,2
3015,4.0,4.0,2.0,2.0,4.0,1.0,1.0,4.0,4.0,2.0,1.0,5.0,4.0,2.0,5.0,2.0,3.0,4.0,4.0,3.0,2,5,7,5,7,6,0,5,3,0,1,1,1,1,1,1,1,1,0,1,1,1,1,1,1,1,4,3,2,1,55,2,10,5,60,1,3,2
3016,4.0,4.0,5.0,3.0,2.0,4.0,2.0,3.0,5.0,4.0,1.0,1.0,1.0,4.0,3.0,2.0,5.0,2.0,4.0,1.0,3,5,5,6,7,6,7,5,4,2,1,1,0,1,1,0,0,1,0,1,0,0,1,1,1,1,3,3,2,1,23,1,1,2,60,1,1,2
3017,2.0,4.0,3.0,4.0,3.0,3.0,2.0,1.0,4.0,4.0,1.0,2.0,2.0,2.0,3.0,3.0,2.0,4.0,5.0,1.0,3,5,5,3,6,5,7,5,6,1,1,1,1,1,1,0,1,1,0,1,1,0,1,1,1,1,4,2,1,1,33,1,2,1,60,1,2,3
3018,5.0,4.0,1.0,2.0,4.0,1.0,1.0,2.0,3.0,2.0,1.0,4.0,4.0,1.0,5.0,1.0,1.0,5.0,5.0,4.0,2,6,6,5,7,7,3,3,6,4,1,1,1,1,1,0,1,1,0,1,1,0,1,1,1,1,4,3,1,1,35,1,1,1,60,2,2,3
3019,5.0,5.0,3.0,1.0,5.0,5.0,1.0,5.0,5.0,3.0,1.0,4.0,5.0,1.0,5.0,5.0,1.0,4.0,5.0,4.0,6,5,5,6,6,2,5,5,2,3,1,1,0,1,1,0,0,1,0,1,0,1,1,1,1,1,2,1,2,1,21,1,12,1,60,2,1,2
3020,4.0,1.0,4.0,1.0,5.0,4.0,3.0,2.0,1.0,2.0,1.0,5.0,5.0,2.0,4.0,1.0,4.0,5.0,2.0,2.0,3,6,5,2,5,4,3,5,5,6,1,1,0,1,1,0,0,0,0,1,0,0,1,1,1,1,3,3,2,2,23,1,6,1,10,2,1,0
3021,3.0,1.0,4.0,5.0,4.0,2.0,4.0,2.0,5.0,5.0,3.0,1.0,1.0,5.0,1.0,4.0,2.0,2.0,3.0,2.0,1,3,7,5,6,2,7,5,6,1,1,1,1,1,1,0,1,1,0,1,0,0,1,1,1,1,4,2,2,1,63,1,2,2,70,1,2,4
3022,5.0,5.0,2.0,1.0,5.0,1.0,5.0,5.0,1.0,1.0,1.0,5.0,2.0,1.0,5.0,1.0,5.0,5.0,5.0,1.0,6,1,7,5,5,6,6,1,6,1,1,0,0,1,1,0,0,0,0,1,0,0,0,1,1,1,4,3,1,2,25,1,8,1,10,1,1,2
3023,4.0,5.0,1.0,2.0,5.0,1.0,1.0,4.0,4.0,2.0,1.0,5.0,5.0,1.0,5.0,1.0,1.0,5.0,5.0,5.0,6,4,7,1,7,6,6,1,7,2,1,1,1,1,1,0,0,0,0,1,0,0,1,1,1,1,4,1,1,1,58,1,2,1,60,1,2,4
3024,5.0,1.0,5.0,3.0,5.0,4.0,4.0,4.0,5.0,5.0,1.0,5.0,1.0,1.0,1.0,4.0,4.0,5.0,1.0,4.0,5,1,7,2,1,6,7,7,7,7,1,1,0,1,1,0,0,1,0,1,0,0,1,1,1,1,4,1,1,1,19,1,6,1,60,1,1,2
3025,1.0,1.0,4.0,5.0,4.0,4.0,4.0,1.0,5.0,5.0,1.0,1.0,3.0,4.0,1.0,4.0,4.0,4.0,5.0,1.0,6,2,6,1,6,6,5,5,6,5,1,1,1,1,1,0,1,0,0,1,1,0,1,1,1,1,4,2,1,1,47,1,1,1,60,1,2,1
3026,4.0,1.0,1.0,4.0,4.0,2.0,2.0,3.0,5.0,5.0,2.0,4.0,2.0,2.0,2.0,4.0,5.0,4.0,5.0,1.0,5,6,0,5,6,3,3,2,2,1,1,1,0,1,1,0,0,0,0,1,0,1,1,1,1,1,3,2,2,1,31,1,1,1,60,1,1,2
3027,5.0,5.0,1.0,1.0,5.0,1.0,1.0,5.0,1.0,1.0,1.0,5.0,5.0,2.0,5.0,1.0,1.0,5.0,5.0,5.0,7,6,6,6,7,1,2,4,1,1,1,1,1,1,1,0,0,0,0,1,0,0,1,1,1,1,3,1,2,1,29,3,1,2,50,1,1,3
3028,4.0,3.0,2.0,1.0,3.0,1.0,1.0,2.0,2.0,2.0,1.0,5.0,4.0,1.0,2.0,1.0,4.0,4.0,5.0,1.0,4,5,6,4,5,4,5,5,5,3,1,1,0,1,1,0,0,0,0,1,0,0,1,1,1,1,4,1,1,1,25,1,4,1,60,2,1,3
3029,2.0,4.0,1.0,4.0,5.0,2.0,1.0,4.0,4.0,2.0,1.0,2.0,5.0,1.0,3.0,2.0,1.0,4.0,5.0,5.0,5,6,5,2,6,4,6,3,6,3,1,1,1,1,1,1,1,1,0,1,1,0,1,1,1,1,4,2,1,2,32,1,2,2,60,1,2,2
3030,2.0,1.0,1.0,5.0,2.0,3.0,2.0,1.0,5.0,5.0,2.0,3.0,1.0,4.0,2.0,2.0,1.0,2.0,4.0,1.0,6,5,5,5,6,3,6,4,5,2,1,1,1,1,1,0,0,1,0,1,0,1,1,1,1,1,3,3,2,2,25,1,2,2,60,1,2,4
3031,4.0,3.0,4.0,3.0,4.0,1.0,1.0,3.0,5.0,3.0,3.0,5.0,2.0,3.0,3.0,4.0,3.0,3.0,5.0,3.0,5,5,4,5,7,5,6,5,4,2,1,1,1,1,1,0,1,1,0,1,1,0,1,1,1,1,4,3,1,2,26,1,2,2,60,2,1,6
3032,4.0,4.0,3.0,1.0,4.0,1.0,2.0,1.0,4.0,3.0,1.0,4.0,3.0,1.0,4.0,2.0,4.0,4.0,5.0,3.0,2,6,4,5,6,6,3,1,5,2,1,1,0,1,1,1,1,1,0,1,1,0,1,1,0,1,4,2,1,2,41,1,1,1,60,1,1,2
3033,5.0,5.0,1.0,1.0,5.0,1.0,1.0,5.0,1.0,5.0,1.0,5.0,5.0,1.0,5.0,1.0,1.0,5.0,5.0,1.0,1,7,7,7,7,7,7,1,1,1,1,1,1,1,1,0,0,0,0,1,0,0,1,1,1,1,2,1,1,2,21,1,7,1,60,1,1,1
3034,3.0,2.0,4.0,4.0,4.0,2.0,2.0,1.0,5.0,5.0,1.0,3.0,1.0,1.0,4.0,1.0,4.0,5.0,5.0,5.0,3,5,2,6,6,5,7,6,4,1,1,1,0,1,1,0,0,0,0,1,0,0,0,0,1,1,3,1,1,2,52,1,2,1,60,2,3,4
3035,3.0,4.0,2.0,2.0,1.0,2.0,2.0,5.0,4.0,3.0,2.0,4.0,4.0,1.0,5.0,2.0,1.0,2.0,3.0,4.0,5,5,5,6,4,5,7,5,2,3,1,1,0,1,1,0,0,0,0,0,0,0,1,1,1,1,1,2,2,1,16,1,4,0,60,2,1,2
3036,5.0,3.0,3.0,4.0,3.0,4.0,2.0,3.0,4.0,2.0,2.0,4.0,1.0,2.0,3.0,2.0,3.0,3.0,5.0,4.0,1,5,5,3,4,5,3,1,6,5,1,1,1,1,1,0,0,0,0,1,0,0,1,1,1,1,1,3,1,1,28,1,2,1,70,2,1,3
3037,5.0,4.0,1.0,1.0,5.0,1.0,1.0,2.0,1.0,1.0,1.0,5.0,1.0,2.0,4.0,1.0,1.0,5.0,5.0,4.0,2,6,4,7,5,7,2,6,3,5,1,1,0,1,1,0,0,0,0,1,0,0,1,0,1,1,3,3,1,2,23,1,1,1,30,1,1,3
3038,5.0,4.0,2.0,2.0,5.0,1.0,2.0,4.0,3.0,2.0,2.0,5.0,1.0,3.0,4.0,4.0,1.0,4.0,5.0,3.0,2,5,7,5,7,3,2,1,6,1,1,1,1,1,1,0,1,0,0,1,0,0,1,1,1,1,4,2,1,1,54,1,2,1,60,1,3,2
3039,5.0,5.0,1.0,5.0,5.0,1.0,2.0,4.0,3.0,5.0,1.0,5.0,3.0,1.0,3.0,4.0,1.0,3.0,5.0,4.0,4,7,3,6,6,6,7,5,2,5,1,1,1,1,1,0,0,0,0,1,0,0,1,1,1,1,3,2,1,2,36,1,6,1,10,1,1,4
3040,2.0,1.0,3.0,5.0,1.0,2.0,2.0,1.0,4.0,4.0,5.0,1.0,1.0,5.0,4.0,4.0,5.0,2.0,4.0,1.0,3,2,5,1,5,3,6,5,6,5,1,1,1,1,1,0,0,1,0,1,1,0,1,1,1,1,2,2,1,1,18,1,2,2,10,1,1,2
3041,5.0,4.0,2.0,4.0,3.0,2.0,2.0,3.0,4.0,2.0,1.0,5.0,4.0,2.0,5.0,1.0,1.0,4.0,5.0,1.0,6,3,7,3,4,1,6,1,6,2,1,1,0,1,1,1,0,1,0,1,1,0,1,1,1,1,3,2,2,1,29,1,2,1,60,1,1,2
3042,3.0,5.0,2.0,4.0,3.0,4.0,1.0,2.0,5.0,5.0,1.0,5.0,3.0,1.0,4.0,1.0,1.0,4.0,5.0,3.0,3,5,7,6,6,6,3,5,5,2,1,1,1,1,1,0,0,1,0,1,0,0,1,1,1,1,3,3,1,2,26,1,1,1,70,1,2,3
3043,4.0,2.0,2.0,3.0,4.0,2.0,1.0,2.0,3.0,2.0,2.0,5.0,4.0,2.0,4.0,1.0,1.0,2.0,5.0,2.0,2,3,6,1,6,5,2,2,6,2,1,1,1,1,1,0,1,1,0,1,0,0,1,1,1,1,3,2,1,1,27,1,2,1,60,1,2,2
3044,5.0,4.0,2.0,2.0,2.0,1.0,2.0,2.0,4.0,2.0,2.0,4.0,4.0,2.0,4.0,2.0,2.0,4.0,4.0,2.0,5,1,5,2,6,6,5,3,6,2,1,1,0,1,1,0,0,0,0,1,0,1,1,1,1,1,2,1,1,1,31,1,7,1,30,1,2,2
3045,5.0,4.0,2.0,2.0,4.0,2.0,1.0,4.0,4.0,2.0,1.0,5.0,4.0,4.0,5.0,5.0,4.0,4.0,5.0,4.0,5,3,7,2,6,7,7,3,5,1,1,0,0,1,1,0,0,0,0,1,0,0,0,1,1,1,3,3,1,2,28,2,12,1,10,1,1,2
3046,2.0,2.0,5.0,5.0,3.0,5.0,5.0,2.0,4.0,4.0,4.0,3.0,3.0,3.0,4.0,4.0,4.0,2.0,4.0,1.0,5,3,7,2,5,6,6,1,7,3,1,1,0,1,1,0,0,0,0,1,0,1,1,1,1,1,2,2,1,1,17,2,7,1,60,2,1,4
3047,2.0,4.0,2.0,2.0,4.0,3.0,1.0,5.0,4.0,4.0,1.0,5.0,5.0,1.0,5.0,1.0,2.0,4.0,5.0,1.0,6,5,4,2,7,1,3,5,5,2,1,1,1,1,1,0,1,0,0,1,0,1,0,1,1,1,1,2,2,1,17,1,2,1,60,2,1,2
3048,5.0,5.0,5.0,3.0,4.0,4.0,5.0,1.0,5.0,3.0,3.0,4.0,1.0,2.0,5.0,4.0,3.0,1.0,5.0,1.0,3,4,6,7,5,2,7,3,1,1,1,1,0,1,1,0,0,0,0,1,0,0,0,1,1,1,1,2,1,1,17,1,7,1,60,2,1,3
3049,2.0,1.0,2.0,2.0,4.0,3.0,1.0,2.0,3.0,4.0,2.0,2.0,2.0,2.0,4.0,4.0,2.0,4.0,5.0,2.0,2,3,2,2,6,6,5,6,5,3,1,1,0,1,1,0,0,0,0,1,0,0,0,0,1,1,2,2,1,2,20,1,2,1,60,2,1,2
3050,4.0,5.0,3.0,3.0,4.0,1.0,1.0,5.0,3.0,2.0,1.0,3.0,3.0,1.0,5.0,1.0,1.0,4.0,5.0,1.0,5,5,4,6,4,6,6,5,4,5,1,0,0,1,0,0,0,0,0,1,0,0,0,0,1,1,1,3,1,1,16,1,2,1,60,2,1,2
3051,4.0,2.0,5.0,1.0,2.0,5.0,5.0,3.0,5.0,4.0,1.0,4.0,1.0,2.0,5.0,1.0,1.0,4.0,5.0,5.0,7,3,7,4,5,2,5,5,7,7,1,1,0,1,1,0,0,1,0,1,0,0,1,1,1,1,2,3,1,1,17,1,1,1,0,2,1,3
3052,1.0,2.0,2.0,4.0,5.0,4.0,1.0,2.0,5.0,5.0,1.0,5.0,5.0,2.0,2.0,5.0,4.0,3.0,5.0,1.0,7,5,2,6,5,2,7,5,5,4,1,1,0,1,1,1,0,0,0,1,0,0,1,1,1,1,3,2,2,2,18,1,7,5,30,2,1,2
3053,1.0,1.0,4.0,4.0,2.0,2.0,2.0,1.0,5.0,4.0,2.0,4.0,1.0,3.0,1.0,5.0,2.0,1.0,5.0,1.0,2,2,5,5,6,5,7,5,3,2,1,1,1,1,1,0,0,0,0,1,0,0,1,1,1,1,3,1,2,1,27,1,2,1,60,2,2,4
3054,5.0,5.0,4.0,1.0,2.0,2.0,2.0,4.0,3.0,1.0,2.0,5.0,3.0,2.0,5.0,2.0,4.0,4.0,5.0,1.0,2,3,2,6,7,6,7,2,3,1,1,1,1,1,1,0,0,0,0,1,1,0,1,1,1,1,2,3,1,2,20,1,2,1,10,2,1,1
3055,4.0,4.0,1.0,2.0,3.0,1.0,1.0,2.0,2.0,1.0,1.0,4.0,4.0,3.0,5.0,1.0,5.0,5.0,5.0,1.0,5,6,4,4,5,1,6,3,4,2,0,1,1,0,1,0,0,0,0,0,0,0,0,1,1,1,1,3,2,1,16,1,7,1,70,2,1,2
3056,5.0,3.0,2.0,4.0,5.0,1.0,1.0,5.0,5.0,2.0,1.0,5.0,1.0,1.0,5.0,4.0,1.0,5.0,5.0,4.0,7,6,7,5,7,5,6,5,7,1,1,1,0,1,1,0,0,0,0,1,0,0,0,1,1,1,3,2,1,1,20,1,4,1,10,1,1,3
3057,5.0,4.0,2.0,3.0,3.0,2.0,1.0,4.0,3.0,1.0,2.0,3.0,1.0,2.0,5.0,4.0,4.0,4.0,4.0,1.0,5,3,1,1,7,6,5,7,7,1,1,1,1,1,1,0,0,0,0,1,0,0,1,1,1,1,2,3,1,2,19,1,8,1,10,2,1,2
3058,5.0,1.0,1.0,5.0,5.0,1.0,1.0,3.0,1.0,5.0,1.0,2.0,1.0,1.0,5.0,2.0,1.0,5.0,5.0,5.0,7,6,2,2,7,1,4,6,4,1,1,1,1,1,1,0,0,0,0,1,1,1,1,1,1,1,3,2,1,2,38,1,2,1,60,1,3,2
3059,2.0,2.0,3.0,1.0,5.0,3.0,3.0,2.0,3.0,3.0,1.0,5.0,3.0,2.0,4.0,1.0,3.0,3.0,5.0,3.0,1,5,5,6,4,6,3,4,2,1,1,1,0,1,1,0,0,1,0,1,0,0,1,1,1,1,3,2,1,1,22,1,12,1,60,2,1,2
3060,1.0,2.0,4.0,4.0,4.0,4.0,4.0,3.0,4.0,3.0,3.0,4.0,2.0,3.0,4.0,4.0,3.0,2.0,4.0,1.0,7,5,3,6,7,3,6,7,4,2,1,1,1,1,1,0,0,0,0,1,0,0,1,1,1,1,3,2,2,1,33,1,6,1,60,1,2,2
3061,5.0,5.0,2.0,2.0,3.0,4.0,1.0,2.0,3.0,1.0,1.0,2.0,5.0,2.0,4.0,4.0,2.0,4.0,4.0,3.0,3,6,5,2,6,5,2,5,5,4,1,1,0,1,1,0,0,1,0,1,0,1,1,1,1,1,3,2,1,1,22,1,12,1,60,1,1,4
3062,3.0,5.0,1.0,3.0,4.0,1.0,1.0,5.0,1.0,4.0,1.0,5.0,2.0,1.0,3.0,1.0,1.0,5.0,3.0,1.0,5,6,7,6,3,5,6,2,4,2,1,1,0,1,1,0,0,0,0,1,0,1,1,1,1,1,3,2,1,2,23,1,4,1,60,2,1,2
3063,1.0,4.0,5.0,5.0,2.0,4.0,4.0,2.0,5.0,5.0,2.0,4.0,4.0,4.0,5.0,4.0,3.0,5.0,5.0,3.0,6,3,5,3,7,3,7,7,6,3,1,1,1,1,1,0,1,0,0,1,1,0,1,1,1,1,3,3,2,1,48,1,1,1,70,1,1,4
3064,5.0,5.0,2.0,3.0,4.0,1.0,1.0,3.0,3.0,1.0,1.0,4.0,4.0,1.0,5.0,3.0,2.0,3.0,5.0,2.0,7,6,6,2,7,1,5,2,6,1,1,1,0,1,1,0,1,1,0,1,0,1,1,1,1,1,3,2,1,1,27,1,1,1,60,2,1,5
3065,5.0,5.0,1.0,3.0,5.0,1.0,1.0,5.0,4.0,1.0,1.0,5.0,4.0,1.0,5.0,1.0,1.0,5.0,5.0,5.0,7,7,1,7,7,1,6,7,5,5,1,1,0,1,1,0,0,1,0,1,1,0,1,1,1,1,3,3,1,2,37,1,12,1,60,1,2,1
3066,5.0,5.0,4.0,1.0,5.0,1.0,2.0,1.0,3.0,1.0,1.0,5.0,4.0,1.0,5.0,1.0,1.0,5.0,5.0,4.0,7,3,5,1,7,3,6,5,7,1,1,1,0,1,1,0,0,0,0,1,0,0,1,0,1,1,4,3,1,2,18,1,6,1,60,1,1,3
3067,1.0,1.0,2.0,5.0,5.0,2.0,1.0,2.0,5.0,5.0,1.0,5.0,3.0,1.0,3.0,2.0,5.0,2.0,5.0,2.0,3,3,6,2,7,3,6,2,5,2,1,1,1,1,1,0,1,1,0,1,1,0,1,1,1,1,3,1,1,1,30,1,2,2,60,1,3,3
3068,4.0,4.0,2.0,3.0,4.0,2.0,1.0,4.0,5.0,3.0,1.0,5.0,4.0,1.0,2.0,5.0,3.0,4.0,5.0,3.0,2,5,3,6,7,2,5,6,2,2,1,1,1,1,1,1,1,0,0,1,0,0,1,1,1,1,3,3,2,1,25,3,12,2,70,2,1,2
3069,3.0,3.0,5.0,2.0,3.0,2.0,2.0,1.0,5.0,5.0,1.0,4.0,1.0,2.0,1.0,1.0,1.0,4.0,5.0,1.0,5,4,6,2,6,5,6,1,4,4,1,1,1,1,1,1,1,1,0,1,1,0,1,1,1,1,0,2,2,1,63,1,4,1,60,1,2,5
3070,1.0,1.0,4.0,2.0,4.0,4.0,1.0,2.0,5.0,4.0,2.0,4.0,1.0,3.0,1.0,4.0,4.0,2.0,4.0,1.0,7,5,5,2,7,1,7,2,6,3,1,0,0,1,0,0,0,0,0,0,1,0,0,0,0,1,3,3,2,2,28,1,2,1,60,1,2,1
3071,1.0,1.0,4.0,5.0,1.0,4.0,4.0,3.0,5.0,5.0,1.0,2.0,1.0,2.0,1.0,1.0,2.0,4.0,5.0,1.0,7,1,7,2,7,1,7,2,6,1,1,1,1,1,1,0,1,0,0,1,0,0,1,1,1,1,3,2,2,1,61,2,7,1,60,1,3,3
3072,5.0,1.0,1.0,1.0,5.0,1.0,1.0,4.0,1.0,1.0,1.0,5.0,2.0,1.0,5.0,2.0,5.0,5.0,5.0,1.0,6,7,5,1,2,3,1,1,7,1,1,1,0,1,1,1,0,0,1,1,0,0,1,1,1,1,3,3,1,1,23,2,2,1,30,1,1,3
3073,5.0,4.0,1.0,3.0,4.0,1.0,1.0,1.0,3.0,1.0,1.0,5.0,5.0,1.0,4.0,1.0,3.0,5.0,4.0,2.0,3,1,5,2,6,6,4,1,7,1,1,1,1,1,1,0,0,1,0,1,0,0,1,1,1,1,4,1,1,1,40,1,1,1,60,1,2,2
3074,2.0,4.0,2.0,2.0,2.0,4.0,4.0,3.0,4.0,4.0,2.0,4.0,2.0,2.0,1.0,2.0,4.0,1.0,4.0,1.0,2,5,5,5,7,5,5,5,3,2,1,1,0,1,1,0,0,0,0,1,0,0,1,1,1,1,4,2,1,1,27,1,2,1,60,2,1,3
3075,1.0,1.0,5.0,5.0,1.0,5.0,5.0,1.0,5.0,5.0,1.0,4.0,1.0,3.0,1.0,5.0,5.0,1.0,1.0,1.0,5,1,7,3,7,5,7,5,5,1,1,1,1,1,1,1,0,1,0,1,0,0,1,1,1,1,3,2,2,1,59,2,4,1,60,1,3,3
3076,1.0,1.0,3.0,4.0,4.0,4.0,1.0,3.0,4.0,3.0,1.0,4.0,1.0,3.0,5.0,2.0,1.0,2.0,4.0,2.0,3,4,6,2,5,4,6,2,6,3,1,1,1,1,1,0,0,1,0,1,1,0,1,1,1,1,4,1,1,1,25,1,6,1,60,1,2,4
3077,4.0,2.0,1.0,1.0,4.0,1.0,1.0,5.0,3.0,1.0,1.0,5.0,4.0,3.0,4.0,1.0,1.0,4.0,5.0,5.0,7,6,5,5,5,3,5,5,5,2,0,1,1,1,1,1,0,0,0,1,1,0,1,1,1,1,3,2,1,1,23,1,1,3,70,1,1,2
3078,5.0,5.0,1.0,2.0,4.0,1.0,1.0,5.0,2.0,1.0,1.0,5.0,5.0,1.0,5.0,1.0,1.0,5.0,5.0,2.0,6,6,2,5,7,5,5,6,3,1,1,1,0,1,1,0,0,0,0,1,0,1,1,1,1,1,2,2,1,2,20,1,2,1,60,1,1,3
3079,4.0,5.0,2.0,3.0,4.0,4.0,4.0,2.0,3.0,1.0,2.0,5.0,4.0,1.0,5.0,1.0,4.0,4.0,4.0,2.0,6,7,5,5,7,2,6,5,6,1,1,1,0,1,1,0,0,0,0,1,0,0,1,1,1,1,3,2,1,1,27,1,2,1,60,1,1,4
3080,4.0,5.0,2.0,1.0,5.0,1.0,1.0,4.0,1.0,1.0,1.0,5.0,5.0,1.0,5.0,1.0,1.0,5.0,5.0,5.0,4,5,6,5,3,6,5,2,6,3,1,1,0,0,1,0,0,0,0,1,0,0,1,0,1,1,3,3,1,1,21,1,1,1,10,2,1,3
3081,5.0,5.0,1.0,5.0,5.0,3.0,1.0,4.0,4.0,2.0,1.0,5.0,5.0,3.0,4.0,1.0,4.0,5.0,5.0,5.0,3,6,6,5,7,6,4,2,6,7,1,1,0,1,1,0,0,1,0,1,0,0,0,1,1,1,3,2,1,2,19,1,10,1,10,2,1,2
3082,5.0,5.0,1.0,1.0,5.0,1.0,1.0,5.0,1.0,1.0,1.0,5.0,5.0,1.0,5.0,1.0,1.0,5.0,5.0,5.0,4,4,7,1,4,7,4,1,7,1,1,1,1,1,1,0,1,1,0,1,1,0,1,1,1,1,3,1,1,1,23,2,4,1,60,2,1,6
3083,2.0,5.0,4.0,5.0,4.0,2.0,2.0,2.0,4.0,1.0,3.0,4.0,2.0,5.0,5.0,2.0,1.0,5.0,5.0,1.0,6,6,7,1,6,5,7,2,3,2,1,1,0,1,1,0,0,1,0,1,0,0,1,1,1,1,4,1,1,1,23,1,12,3,60,1,1,4
3084,3.0,2.0,4.0,3.0,2.0,1.0,1.0,1.0,5.0,5.0,2.0,5.0,4.0,2.0,3.0,1.0,1.0,3.0,3.0,1.0,2,5,6,4,6,7,5,4,6,1,1,1,0,1,1,0,0,0,0,1,0,0,1,1,1,1,3,1,1,1,37,1,6,1,60,1,3,4
3085,2.0,2.0,4.0,5.0,1.0,4.0,2.0,3.0,5.0,2.0,2.0,5.0,1.0,3.0,2.0,5.0,4.0,3.0,2.0,1.0,7,1,7,2,5,3,7,1,6,2,1,1,1,1,1,0,1,1,0,1,1,0,1,1,1,1,4,3,2,1,55,1,10,1,60,2,3,2
3086,5.0,5.0,1.0,2.0,4.0,1.0,1.0,4.0,2.0,1.0,1.0,5.0,5.0,1.0,4.0,4.0,3.0,5.0,5.0,5.0,1,6,7,2,6,6,5,2,7,1,1,1,0,1,1,0,0,0,0,1,0,0,1,1,1,1,2,3,1,1,20,2,1,1,30,1,1,3
3087,2.0,2.0,5.0,2.0,2.0,4.0,1.0,2.0,5.0,4.0,2.0,5.0,1.0,2.0,3.0,2.0,3.0,1.0,5.0,1.0,2,6,7,6,6,5,5,1,6,2,0,1,0,1,1,0,0,1,0,0,0,0,1,1,1,1,3,3,2,1,33,1,2,1,70,1,1,3
3088,5.0,5.0,2.0,1.0,4.0,1.0,1.0,5.0,2.0,1.0,1.0,5.0,5.0,1.0,4.0,1.0,1.0,5.0,5.0,4.0,4,1,4,1,5,1,6,6,7,2,1,1,0,1,1,0,1,0,0,1,0,1,1,1,1,1,1,2,1,1,14,1,6,1,30,2,1,4
3089,2.0,2.0,2.0,4.0,4.0,3.0,2.0,2.0,4.0,4.0,1.0,4.0,4.0,4.0,4.0,4.0,2.0,2.0,4.0,2.0,6,2,7,5,7,2,7,1,6,1,1,1,1,1,1,0,0,0,0,1,1,0,1,1,1,1,3,3,1,1,42,2,2,3,60,1,1,4
3090,4.0,1.0,3.0,4.0,4.0,4.0,1.0,5.0,3.0,2.0,2.0,5.0,3.0,2.0,5.0,1.0,2.0,5.0,5.0,1.0,5,7,7,3,6,6,4,2,6,2,1,1,0,1,1,0,0,0,0,1,0,1,1,1,1,1,1,2,0,1,15,1,1,0,60,2,1,3
3091,1.0,4.0,5.0,4.0,1.0,5.0,4.0,1.0,5.0,5.0,1.0,1.0,1.0,2.0,2.0,1.0,2.0,1.0,1.0,4.0,6,2,6,1,2,5,7,5,7,1,1,1,1,1,1,0,1,1,0,1,1,0,1,1,1,1,4,2,1,1,65,2,6,1,60,1,2,1
3092,5.0,5.0,1.0,1.0,5.0,2.0,1.0,5.0,2.0,2.0,1.0,4.0,5.0,2.0,5.0,2.0,1.0,4.0,5.0,5.0,1,6,5,2,5,7,2,2,6,5,1,0,0,1,1,0,0,0,0,1,0,0,0,1,1,1,2,2,2,2,14,1,1,1,10,2,1,1
3093,1.0,5.0,4.0,4.0,1.0,4.0,5.0,1.0,5.0,5.0,2.0,2.0,1.0,5.0,4.0,2.0,5.0,2.0,4.0,1.0,7,5,7,4,7,1,6,3,7,1,1,1,0,1,1,0,0,0,0,1,0,0,0,1,1,1,2,3,2,2,19,1,8,0,10,1,1,1
3094,3.0,4.0,4.0,5.0,3.0,4.0,3.0,2.0,5.0,5.0,2.0,2.0,1.0,4.0,3.0,2.0,4.0,2.0,4.0,1.0,6,3,6,6,3,5,6,6,4,2,1,1,0,1,1,0,0,0,0,1,0,0,0,0,1,1,4,3,2,2,20,1,4,1,10,1,1,4
3095,2.0,4.0,1.0,2.0,5.0,1.0,1.0,2.0,2.0,5.0,1.0,5.0,4.0,1.0,5.0,1.0,2.0,5.0,5.0,1.0,1,7,2,1,6,2,6,2,7,1,1,1,1,1,1,0,0,0,0,1,1,0,0,1,1,1,2,2,1,2,34,1,1,1,60,1,1,2
3096,1.0,1.0,4.0,4.0,2.0,4.0,5.0,4.0,5.0,5.0,2.0,1.0,4.0,4.0,2.0,2.0,4.0,4.0,5.0,5.0,3,2,6,2,7,5,5,2,6,7,1,1,0,1,1,0,1,1,0,1,0,1,0,1,1,1,3,3,1,1,30,1,6,1,60,1,1,0
3097,4.0,3.0,3.0,3.0,5.0,2.0,2.0,4.0,5.0,4.0,2.0,4.0,3.0,4.0,3.0,2.0,1.0,5.0,4.0,3.0,2,4,6,6,6,5,5,6,6,3,1,1,1,1,1,0,0,0,0,1,0,0,0,1,1,1,4,3,3,2,18,1,1,5,10,2,1,4
3098,5.0,5.0,1.0,4.0,5.0,1.0,1.0,5.0,1.0,1.0,1.0,5.0,2.0,1.0,5.0,1.0,1.0,5.0,5.0,1.0,1,7,2,6,7,6,2,1,7,1,1,1,0,1,1,0,0,0,0,1,0,0,1,1,1,1,3,1,1,2,33,1,4,1,10,2,1,3
3099,3.0,3.0,3.0,3.0,5.0,5.0,2.0,1.0,5.0,3.0,1.0,4.0,1.0,2.0,4.0,1.0,3.0,2.0,5.0,1.0,7,6,6,3,6,3,5,3,6,4,1,1,0,1,1,0,0,0,0,1,0,0,1,1,1,1,3,2,1,1,22,2,1,1,70,2,1,3
3100,4.0,3.0,5.0,4.0,4.0,4.0,2.0,2.0,4.0,3.0,3.0,3.0,4.0,5.0,3.0,2.0,4.0,1.0,5.0,3.0,5,5,5,4,6,2,6,4,4,3,1,1,0,1,1,0,0,0,0,1,0,0,1,1,1,1,2,0,2,1,21,1,1,1,60,2,1,4
3101,4.0,1.0,3.0,1.0,5.0,2.0,2.0,5.0,4.0,3.0,1.0,5.0,5.0,1.0,3.0,1.0,1.0,5.0,5.0,1.0,1,1,5,6,3,7,5,7,4,1,1,1,1,1,1,0,1,1,0,1,1,0,1,1,1,1,4,3,1,2,39,1,2,1,10,1,1,2
3102,5.0,4.0,3.0,1.0,5.0,3.0,4.0,5.0,3.0,2.0,1.0,5.0,5.0,1.0,3.0,3.0,2.0,5.0,5.0,1.0,2,5,6,5,7,7,4,3,1,1,1,1,0,1,1,0,0,0,0,1,0,1,1,1,1,1,0,2,2,1,21,1,1,2,60,1,1,3
3103,4.0,5.0,2.0,4.0,5.0,3.0,2.0,4.0,4.0,4.0,2.0,2.0,2.0,2.0,5.0,4.0,1.0,5.0,5.0,1.0,2,2,6,1,4,7,3,5,7,7,1,1,1,1,1,0,0,0,0,1,0,0,1,1,1,1,3,3,1,1,24,1,7,1,60,1,1,3
3104,1.0,3.0,4.0,3.0,2.0,2.0,2.0,2.0,5.0,5.0,1.0,3.0,1.0,1.0,4.0,1.0,1.0,4.0,5.0,2.0,6,2,7,6,5,3,7,6,6,6,0,0,0,0,0,0,0,0,0,0,0,0,0,0,0,0,4,2,2,0,48,1,6,1,60,2,1,2
3105,1.0,1.0,5.0,5.0,2.0,5.0,5.0,1.0,5.0,5.0,1.0,1.0,1.0,5.0,4.0,1.0,1.0,4.0,5.0,1.0,2,1,7,7,5,6,7,1,6,5,1,1,0,1,1,0,0,0,0,1,0,0,1,1,1,1,4,2,2,1,28,1,12,1,60,1,1,3
3106,5.0,2.0,2.0,3.0,5.0,1.0,1.0,2.0,1.0,2.0,2.0,1.0,4.0,1.0,5.0,1.0,5.0,4.0,5.0,1.0,3,5,4,5,5,6,5,2,5,2,1,1,0,1,0,0,0,0,0,1,0,0,0,0,1,1,3,3,1,2,21,1,3,1,10,2,1,2
3107,4.0,5.0,4.0,2.0,5.0,1.0,4.0,2.0,2.0,1.0,1.0,4.0,5.0,1.0,4.0,5.0,3.0,4.0,5.0,1.0,5,5,6,5,6,5,5,2,4,2,1,1,0,1,1,0,0,1,0,1,0,0,0,1,1,1,4,3,2,1,27,1,6,1,10,2,1,3
3108,5.0,3.0,1.0,1.0,5.0,1.0,1.0,3.0,1.0,1.0,2.0,5.0,2.0,1.0,5.0,1.0,5.0,4.0,1.0,5.0,6,2,7,2,7,4,5,2,4,4,1,1,0,1,1,0,0,0,0,1,0,0,1,1,1,1,4,3,1,2,28,1,2,1,60,2,1,1
3109,5.0,5.0,1.0,4.0,3.0,1.0,1.0,5.0,1.0,1.0,1.0,5.0,4.0,5.0,5.0,3.0,1.0,5.0,1.0,5.0,2,1,2,2,0,0,0,0,0,0,0,1,1,1,1,1,0,1,0,1,0,0,1,1,1,1,3,3,1,2,24,1,7,1,60,1,1,2
3110,4.0,3.0,2.0,5.0,4.0,2.0,4.0,2.0,5.0,5.0,4.0,4.0,2.0,5.0,2.0,2.0,3.0,3.0,3.0,3.0,2,5,6,6,7,6,5,5,6,2,1,0,0,1,1,0,0,1,0,1,0,0,1,1,1,1,2,3,1,2,20,1,10,1,60,2,1,2
3111,5.0,4.0,1.0,1.0,5.0,2.0,1.0,1.0,3.0,3.0,1.0,5.0,1.0,1.0,5.0,5.0,1.0,4.0,1.0,1.0,5,1,6,1,7,5,6,1,5,1,1,0,0,1,0,0,0,0,0,0,0,0,0,1,1,1,2,3,1,2,18,1,7,1,60,2,1,2
3112,2.0,3.0,5.0,4.0,5.0,3.0,1.0,1.0,5.0,4.0,1.0,5.0,4.0,1.0,5.0,4.0,3.0,5.0,5.0,3.0,5,5,5,3,5,1,0,2,6,1,1,1,0,1,1,0,0,0,1,1,1,0,1,1,1,1,3,2,1,1,33,1,1,1,60,1,1,3
3113,5.0,4.0,2.0,2.0,4.0,2.0,2.0,4.0,2.0,2.0,2.0,4.0,4.0,2.0,4.0,1.0,2.0,4.0,2.0,2.0,7,5,3,5,6,1,6,5,3,1,1,1,1,1,1,0,1,0,0,1,1,1,1,1,1,1,3,3,2,1,55,2,1,2,60,1,3,4
3114,2.0,4.0,1.0,2.0,1.0,2.0,1.0,1.0,4.0,4.0,1.0,3.0,2.0,1.0,4.0,2.0,4.0,3.0,5.0,3.0,1,5,1,7,6,6,2,6,2,5,1,1,1,1,1,0,1,1,0,1,1,0,1,1,1,1,3,1,1,1,37,1,2,2,60,2,1,3
3115,2.0,2.0,2.0,5.0,4.0,1.0,1.0,2.0,3.0,4.0,2.0,5.0,4.0,4.0,4.0,1.0,1.0,1.0,5.0,1.0,7,6,6,5,6,1,7,2,4,1,1,1,1,1,1,0,1,1,0,1,0,0,1,1,1,1,3,3,2,1,44,1,2,1,70,1,2,3
3116,2.0,2.0,5.0,1.0,3.0,5.0,4.0,4.0,5.0,4.0,1.0,4.0,1.0,1.0,5.0,5.0,5.0,4.0,1.0,1.0,4,3,4,5,2,5,6,4,3,1,1,1,0,1,1,0,0,0,0,1,0,0,1,1,1,1,3,3,1,1,27,1,7,1,30,2,1,4
3117,4.0,2.0,1.0,1.0,4.0,1.0,1.0,2.0,1.0,2.0,1.0,4.0,2.0,1.0,2.0,1.0,1.0,4.0,4.0,4.0,5,5,7,5,7,2,2,1,6,7,1,1,0,1,1,0,0,0,0,1,0,0,1,1,1,1,3,2,1,1,38,1,6,1,60,1,2,2
3118,1.0,4.0,4.0,5.0,4.0,4.0,4.0,1.0,5.0,3.0,4.0,3.0,2.0,3.0,4.0,5.0,2.0,4.0,5.0,1.0,5,5,6,1,3,1,7,3,3,1,1,1,1,1,1,0,0,1,0,1,0,0,1,1,1,1,3,2,2,1,50,1,9,1,60,2,3,2
3119,4.0,4.0,1.0,2.0,2.0,1.0,2.0,1.0,5.0,2.0,1.0,5.0,3.0,3.0,2.0,2.0,5.0,4.0,5.0,2.0,3,5,6,7,3,5,7,3,4,1,1,1,1,1,1,0,0,0,0,1,0,0,1,1,1,1,3,2,2,1,45,2,1,1,60,1,1,2
3120,2.0,1.0,1.0,3.0,1.0,2.0,2.0,1.0,5.0,1.0,1.0,5.0,1.0,3.0,4.0,1.0,1.0,4.0,5.0,2.0,2,1,7,6,6,7,6,2,6,1,1,1,1,1,1,0,1,1,0,1,1,0,1,1,1,1,4,2,1,1,50,1,2,1,60,1,2,2
3121,5.0,5.0,3.0,4.0,5.0,1.0,2.0,5.0,2.0,5.0,1.0,5.0,5.0,3.0,4.0,2.0,1.0,5.0,5.0,5.0,6,5,4,3,6,1,5,1,3,2,1,1,1,1,1,1,0,1,0,1,1,1,1,1,1,1,3,3,2,1,50,1,1,1,60,1,2,2
3122,5.0,5.0,2.0,1.0,5.0,1.0,2.0,5.0,1.0,1.0,1.0,5.0,3.0,1.0,2.0,1.0,5.0,4.0,5.0,2.0,2,7,7,3,4,7,1,5,6,1,1,1,1,1,1,1,1,1,1,1,1,1,1,1,1,1,3,3,1,2,21,1,2,1,70,2,1,0
3123,5.0,5.0,5.0,4.0,5.0,4.0,3.0,4.0,5.0,2.0,1.0,5.0,1.0,2.0,5.0,1.0,5.0,5.0,5.0,5.0,2,2,6,4,6,6,7,3,7,3,1,1,1,1,1,0,0,0,0,1,1,0,1,1,1,1,3,3,1,2,50,1,4,1,60,2,2,4
3124,3.0,4.0,2.0,2.0,3.0,3.0,2.0,5.0,2.0,4.0,1.0,5.0,2.0,2.0,5.0,1.0,1.0,4.0,4.0,2.0,2,6,5,5,3,7,3,5,2,2,1,1,0,1,1,0,1,1,0,1,0,1,1,1,1,1,2,3,1,1,21,1,2,4,60,2,1,2
3125,2.0,4.0,1.0,5.0,1.0,4.0,2.0,2.0,5.0,2.0,5.0,1.0,2.0,5.0,2.0,3.0,2.0,1.0,5.0,1.0,3,5,7,2,6,5,7,2,7,5,1,1,0,1,0,0,0,0,0,1,0,0,0,0,0,1,4,3,2,1,29,1,4,1,60,2,2,2
3126,4.0,5.0,4.0,4.0,5.0,1.0,1.0,5.0,5.0,4.0,1.0,5.0,4.0,2.0,5.0,1.0,1.0,5.0,5.0,3.0,3,6,5,2,6,7,1,2,1,5,1,1,1,1,1,0,0,0,0,1,0,0,1,1,1,1,2,2,2,1,16,1,12,1,10,2,1,2
3127,2.0,4.0,2.0,2.0,5.0,2.0,1.0,3.0,4.0,2.0,1.0,5.0,5.0,1.0,4.0,1.0,1.0,2.0,1.0,4.0,4,4,6,2,5,5,7,1,7,7,0,0,1,0,0,1,1,0,1,0,1,1,0,0,0,0,2,2,1,1,38,1,2,1,60,1,1,2
3128,5.0,5.0,1.0,1.0,5.0,1.0,1.0,5.0,1.0,1.0,1.0,5.0,5.0,1.0,5.0,1.0,1.0,5.0,5.0,3.0,6,6,4,3,7,1,5,5,3,3,1,0,0,1,1,0,0,0,0,1,0,0,0,0,1,1,3,3,2,2,22,1,12,1,10,2,1,0
3129,1.0,1.0,5.0,5.0,1.0,4.0,5.0,1.0,5.0,5.0,1.0,2.0,1.0,3.0,4.0,5.0,4.0,1.0,5.0,1.0,5,1,7,4,6,1,7,1,6,2,1,1,1,1,1,0,1,1,0,1,1,0,1,1,1,1,3,1,2,1,57,1,1,1,60,1,2,4
3130,5.0,2.0,3.0,3.0,4.0,4.0,1.0,4.0,3.0,2.0,3.0,4.0,3.0,2.0,5.0,5.0,2.0,5.0,4.0,1.0,2,5,3,7,5,6,4,5,2,6,1,1,1,1,1,0,0,0,0,1,1,0,1,1,1,1,3,2,1,1,22,2,2,2,60,1,1,2
3131,1.0,1.0,5.0,4.0,2.0,5.0,4.0,4.0,5.0,5.0,4.0,4.0,1.0,2.0,3.0,3.0,5.0,2.0,5.0,1.0,7,7,6,7,6,1,7,4,1,1,1,1,0,1,1,0,0,0,0,1,0,0,0,1,1,1,3,3,2,2,27,1,12,1,70,2,1,2
3132,1.0,1.0,3.0,5.0,2.0,4.0,2.0,1.0,5.0,5.0,2.0,1.0,1.0,1.0,1.0,5.0,5.0,1.0,5.0,1.0,1,2,5,6,6,7,5,2,5,4,1,1,1,1,1,0,0,0,0,1,1,1,1,1,1,1,3,2,2,1,26,1,7,1,60,2,1,2
3133,4.0,5.0,3.0,5.0,2.0,5.0,2.0,5.0,5.0,4.0,4.0,5.0,1.0,2.0,5.0,5.0,1.0,4.0,5.0,3.0,7,1,7,5,5,2,7,1,7,1,1,1,0,1,1,0,0,0,0,1,0,0,0,1,1,1,4,2,2,2,34,1,1,1,60,2,1,2
3134,5.0,4.0,1.0,1.0,5.0,1.0,1.0,5.0,4.0,4.0,1.0,5.0,1.0,1.0,4.0,1.0,5.0,4.0,5.0,2.0,4,5,7,5,5,2,6,7,6,1,1,1,0,1,1,0,0,1,0,1,0,1,1,1,1,1,4,1,1,2,21,3,12,1,60,2,1,3
3135,1.0,2.0,4.0,5.0,1.0,5.0,2.0,1.0,5.0,5.0,1.0,1.0,1.0,4.0,3.0,1.0,1.0,3.0,4.0,4.0,2,5,3,1,6,6,7,6,7,2,1,1,0,1,1,0,0,0,0,1,0,0,1,0,1,1,2,1,1,2,26,1,1,1,60,2,1,1
3136,1.0,1.0,4.0,4.0,4.0,5.0,4.0,1.0,5.0,5.0,1.0,4.0,1.0,3.0,1.0,2.0,1.0,4.0,5.0,4.0,5,1,6,1,7,6,6,1,7,3,1,1,1,1,1,0,1,1,0,1,0,0,1,1,1,1,3,2,1,2,56,1,2,1,60,1,2,4
3137,4.0,4.0,3.0,4.0,4.0,2.0,3.0,3.0,3.0,2.0,3.0,5.0,3.0,1.0,3.0,5.0,1.0,5.0,5.0,1.0,5,5,7,5,7,2,5,4,4,4,1,1,0,1,1,1,1,0,1,1,0,0,1,1,1,1,3,3,1,2,45,3,2,1,70,2,3,0
3138,1.0,1.0,1.0,4.0,3.0,2.0,2.0,1.0,4.0,5.0,1.0,4.0,2.0,2.0,4.0,2.0,2.0,4.0,5.0,3.0,3,2,6,2,6,5,3,2,7,5,1,1,0,1,1,0,0,1,0,1,0,0,1,1,1,1,3,2,1,1,48,1,1,1,60,1,2,4
3139,1.0,3.0,5.0,4.0,1.0,5.0,2.0,1.0,5.0,5.0,3.0,4.0,1.0,3.0,2.0,2.0,4.0,2.0,4.0,1.0,3,2,5,4,5,6,6,2,6,3,1,1,1,1,1,0,1,1,0,1,0,0,1,1,1,1,3,3,2,1,68,1,1,1,60,2,2,2
3140,4.0,4.0,3.0,3.0,4.0,2.0,2.0,4.0,3.0,2.0,1.0,5.0,3.0,1.0,4.0,1.0,5.0,5.0,5.0,4.0,5,7,6,6,3,7,7,2,6,3,1,1,1,1,1,0,0,0,0,1,0,0,1,1,1,1,3,3,1,2,26,1,1,1,60,1,1,2
3141,4.0,5.0,2.0,2.0,5.0,1.0,1.0,4.0,2.0,1.0,2.0,4.0,4.0,2.0,4.0,1.0,1.0,5.0,5.0,3.0,5,4,6,1,7,3,4,3,7,1,1,1,1,1,1,0,0,1,1,1,0,0,1,1,1,1,4,3,1,1,56,1,1,1,60,2,3,1
3142,4.0,4.0,2.0,5.0,5.0,3.0,3.0,5.0,4.0,2.0,1.0,5.0,2.0,1.0,5.0,4.0,5.0,4.0,5.0,2.0,2,3,6,3,6,6,6,2,6,2,1,1,0,1,1,0,0,1,0,1,0,0,1,1,1,1,3,2,1,1,22,1,1,1,60,1,1,4
3143,4.0,4.0,4.0,4.0,5.0,2.0,1.0,2.0,4.0,2.0,2.0,4.0,4.0,4.0,4.0,2.0,5.0,4.0,5.0,4.0,4,5,6,6,6,5,3,2,4,3,1,1,1,1,1,0,0,0,0,1,0,1,1,1,1,1,3,1,2,1,40,1,1,2,60,1,2,5
3144,1.0,1.0,5.0,5.0,4.0,5.0,5.0,4.0,5.0,5.0,2.0,2.0,1.0,1.0,3.0,5.0,2.0,2.0,1.0,1.0,2,5,7,2,6,6,4,6,7,5,1,1,0,1,1,0,0,1,0,1,0,0,1,1,1,1,4,2,1,1,58,1,4,1,60,1,2,6
3145,2.0,2.0,4.0,3.0,3.0,2.0,3.0,1.0,5.0,1.0,1.0,1.0,1.0,2.0,5.0,2.0,3.0,3.0,5.0,1.0,7,7,3,6,7,1,7,7,1,1,1,1,1,1,1,0,1,1,0,1,1,0,1,1,1,1,3,2,2,1,29,1,4,1,60,2,1,4
3146,5.0,5.0,5.0,3.0,5.0,5.0,1.0,5.0,1.0,1.0,1.0,5.0,5.0,1.0,5.0,1.0,1.0,5.0,5.0,1.0,4,6,7,2,7,4,2,1,6,3,1,1,1,1,1,1,1,1,1,1,1,1,1,1,1,1,3,1,2,1,22,1,2,1,60,1,2,2
3147,4.0,5.0,1.0,1.0,4.0,2.0,1.0,5.0,4.0,5.0,2.0,5.0,1.0,1.0,4.0,1.0,1.0,4.0,5.0,1.0,2,5,6,7,3,3,6,4,3,6,1,1,0,1,1,0,0,0,0,1,0,0,1,1,1,1,3,2,2,1,29,1,1,1,60,1,1,2
3148,1.0,4.0,4.0,3.0,1.0,3.0,3.0,1.0,5.0,4.0,3.0,1.0,1.0,3.0,5.0,5.0,2.0,1.0,5.0,1.0,5,5,3,5,3,3,5,5,3,4,1,1,1,1,1,1,1,1,0,1,1,1,1,1,1,1,2,2,2,1,40,1,3,5,60,1,2,3
3149,5.0,5.0,3.0,1.0,5.0,3.0,3.0,5.0,3.0,5.0,1.0,5.0,4.0,1.0,5.0,2.0,1.0,5.0,5.0,5.0,5,5,6,1,6,6,6,1,7,1,1,0,0,1,1,0,0,0,0,1,0,0,0,1,1,1,3,3,2,2,43,1,2,1,10,1,2,2
3150,5.0,5.0,2.0,2.0,5.0,2.0,4.0,5.0,2.0,2.0,1.0,5.0,5.0,2.0,5.0,4.0,4.0,4.0,4.0,4.0,2,6,5,6,2,6,3,6,3,5,0,0,0,1,0,0,0,0,0,0,0,0,1,1,1,0,3,3,1,2,19,2,2,1,10,2,1,6
3151,5.0,4.0,1.0,3.0,5.0,2.0,3.0,1.0,1.0,1.0,1.0,4.0,4.0,1.0,5.0,1.0,4.0,4.0,5.0,5.0,3,5,4,2,5,4,5,4,6,1,1,1,0,1,1,0,0,0,0,1,0,0,1,1,1,1,4,3,2,1,32,1,1,1,10,2,2,3
3152,5.0,4.0,2.0,4.0,2.0,2.0,2.0,5.0,3.0,2.0,3.0,2.0,3.0,2.0,5.0,4.0,2.0,4.0,5.0,3.0,6,6,5,1,4,3,3,5,6,7,1,1,0,1,1,0,0,0,0,1,0,0,1,1,1,1,2,1,1,1,20,2,2,1,60,1,1,2
3153,3.0,4.0,3.0,1.0,5.0,1.0,2.0,4.0,5.0,1.0,1.0,5.0,1.0,1.0,3.0,5.0,2.0,4.0,3.0,4.0,5,5,2,7,5,6,6,4,3,5,1,0,0,0,0,0,0,0,0,1,0,0,0,0,0,1,3,3,1,2,27,1,6,3,10,2,1,1
3154,4.0,4.0,2.0,2.0,5.0,1.0,2.0,5.0,2.0,4.0,2.0,4.0,2.0,1.0,4.0,1.0,1.0,5.0,5.0,2.0,2,7,5,7,5,7,2,6,3,2,1,1,0,1,0,0,1,1,0,1,0,0,1,0,1,1,4,3,1,2,46,1,2,1,60,2,1,1
3155,5.0,5.0,5.0,3.0,5.0,1.0,5.0,5.0,5.0,1.0,2.0,5.0,5.0,2.0,5.0,1.0,3.0,5.0,5.0,3.0,7,7,7,7,7,1,6,4,4,1,1,1,0,1,1,0,0,0,0,1,0,0,0,1,1,1,4,3,1,2,28,2,8,1,70,2,2,2
3156,3.0,4.0,1.0,1.0,5.0,1.0,1.0,5.0,5.0,1.0,2.0,5.0,4.0,1.0,5.0,1.0,3.0,5.0,5.0,1.0,1,5,6,5,7,5,6,2,6,7,1,1,0,1,1,0,0,0,0,1,0,0,0,1,1,1,4,1,2,2,23,1,7,3,10,1,1,3
3157,2.0,4.0,2.0,4.0,5.0,4.0,2.0,2.0,2.0,3.0,1.0,2.0,2.0,1.0,5.0,1.0,1.0,5.0,4.0,1.0,7,5,7,1,7,3,6,5,7,1,1,1,0,1,1,0,0,0,0,1,0,0,0,1,1,1,3,2,2,2,24,1,2,1,60,1,1,1
3158,4.0,4.0,4.0,3.0,4.0,4.0,2.0,4.0,2.0,2.0,2.0,5.0,3.0,1.0,4.0,2.0,2.0,2.0,5.0,2.0,5,6,5,5,6,2,5,5,6,4,0,0,0,0,0,0,0,0,0,0,0,0,0,0,0,0,2,3,1,2,22,1,2,1,10,2,1,1
3159,4.0,5.0,2.0,3.0,4.0,1.0,1.0,3.0,4.0,4.0,2.0,4.0,3.0,2.0,4.0,1.0,3.0,4.0,5.0,1.0,3,5,3,5,5,5,6,5,5,1,1,1,0,1,1,1,0,0,0,1,0,0,1,1,1,1,3,3,1,1,30,1,1,2,60,1,1,6
3160,5.0,4.0,1.0,1.0,5.0,1.0,1.0,4.0,1.0,1.0,1.0,5.0,5.0,1.0,4.0,2.0,3.0,4.0,5.0,4.0,7,6,5,2,7,3,6,5,6,1,1,1,0,1,1,0,0,0,0,1,0,0,1,1,1,1,3,3,1,2,25,1,2,1,10,1,1,1
3161,5.0,5.0,1.0,3.0,5.0,1.0,1.0,5.0,1.0,1.0,1.0,5.0,5.0,1.0,4.0,1.0,2.0,5.0,5.0,2.0,1,6,4,7,1,7,4,6,1,4,1,1,1,1,1,0,1,0,1,1,1,0,1,1,1,1,3,3,1,1,50,1,6,1,60,0,1,2
3162,4.0,5.0,1.0,1.0,5.0,1.0,1.0,1.0,3.0,1.0,1.0,4.0,1.0,1.0,2.0,1.0,1.0,5.0,5.0,1.0,6,7,5,4,7,1,5,2,1,1,1,1,1,1,1,0,1,0,0,1,0,0,1,1,1,1,3,1,1,1,33,1,12,1,60,2,2,3
3163,5.0,1.0,1.0,3.0,4.0,3.0,3.0,1.0,3.0,3.0,3.0,4.0,1.0,1.0,3.0,1.0,1.0,3.0,4.0,1.0,2,6,6,6,6,6,4,2,2,4,1,1,0,1,1,0,0,0,0,1,0,0,0,0,1,1,3,2,1,1,62,1,4,1,60,1,2,4
3164,4.0,2.0,2.0,3.0,3.0,4.0,4.0,3.0,3.0,3.0,1.0,4.0,3.0,1.0,3.0,3.0,1.0,4.0,5.0,5.0,1,1,6,5,5,7,5,2,5,4,1,1,1,1,1,0,1,0,0,1,0,0,1,1,1,1,3,2,1,1,60,1,2,1,60,1,2,3
3165,4.0,2.0,2.0,3.0,4.0,1.0,2.0,3.0,2.0,2.0,1.0,5.0,4.0,3.0,4.0,1.0,2.0,4.0,5.0,4.0,7,5,3,3,7,1,2,3,4,1,1,1,0,1,1,0,0,0,0,1,0,0,1,1,1,1,3,2,1,1,23,1,2,1,60,1,1,3
3166,4.0,3.0,4.0,2.0,4.0,4.0,4.0,4.0,3.0,2.0,2.0,5.0,4.0,4.0,2.0,2.0,2.0,3.0,5.0,4.0,3,3,5,5,5,5,5,3,4,4,1,1,0,1,1,0,0,0,0,1,0,0,0,0,1,1,3,3,2,2,22,1,12,1,10,2,1,2
3167,5.0,3.0,2.0,1.0,5.0,2.0,1.0,4.0,3.0,1.0,1.0,5.0,4.0,1.0,4.0,1.0,1.0,3.0,3.0,5.0,1,4,6,4,7,7,5,1,7,5,1,1,1,1,1,0,0,1,0,1,0,0,1,1,1,1,4,3,2,1,46,1,7,1,30,1,3,2
3168,4.0,4.0,2.0,2.0,5.0,1.0,1.0,2.0,3.0,5.0,2.0,4.0,5.0,2.0,3.0,1.0,3.0,5.0,5.0,5.0,4,5,3,2,5,5,6,6,6,5,1,0,0,1,1,0,0,0,0,1,0,0,0,1,1,1,1,2,1,2,16,1,10,1,70,2,1,3
3169,4.0,2.0,4.0,4.0,4.0,5.0,4.0,1.0,4.0,2.0,1.0,4.0,5.0,3.0,4.0,2.0,5.0,2.0,4.0,3.0,7,2,7,6,3,6,7,1,4,1,1,1,1,1,1,0,0,0,0,1,1,0,1,1,1,1,3,0,1,1,29,1,1,1,60,1,1,2
3170,3.0,1.0,5.0,3.0,4.0,1.0,3.0,3.0,5.0,3.0,2.0,4.0,4.0,1.0,1.0,4.0,1.0,5.0,5.0,1.0,4,6,5,3,7,2,6,3,4,2,1,1,0,1,1,0,0,0,0,1,0,0,1,1,1,1,4,2,1,2,28,1,8,1,10,2,1,2
3171,5.0,4.0,1.0,1.0,4.0,2.0,1.0,4.0,1.0,1.0,2.0,5.0,5.0,3.0,5.0,1.0,2.0,4.0,4.0,5.0,6,1,6,1,7,5,5,1,6,1,1,1,1,1,1,0,1,1,0,1,1,0,1,1,1,1,3,2,1,1,50,1,4,1,30,2,2,4
3172,3.0,4.0,3.0,4.0,5.0,1.0,2.0,1.0,4.0,3.0,1.0,3.0,1.0,1.0,4.0,2.0,1.0,4.0,5.0,4.0,3,7,2,6,6,4,6,6,2,1,1,1,0,1,0,0,0,0,0,1,0,0,0,1,1,1,3,3,1,2,31,1,7,1,60,1,1,3
3173,2.0,4.0,2.0,4.0,4.0,1.0,1.0,3.0,4.0,4.0,2.0,5.0,2.0,2.0,3.0,1.0,1.0,3.0,5.0,3.0,6,6,6,2,6,2,3,2,6,2,1,1,1,1,1,0,1,0,0,1,0,0,1,1,1,1,3,1,2,1,64,2,2,1,60,2,3,1
3174,1.0,4.0,1.0,3.0,4.0,3.0,1.0,4.0,5.0,5.0,1.0,5.0,2.0,1.0,1.0,5.0,4.0,4.0,5.0,1.0,2,1,7,4,6,7,7,1,6,6,1,1,0,1,1,0,0,0,0,1,0,0,1,1,1,1,1,3,1,2,17,1,2,1,60,2,1,2
3175,5.0,4.0,3.0,4.0,5.0,1.0,1.0,5.0,4.0,1.0,1.0,5.0,5.0,1.0,4.0,1.0,1.0,5.0,4.0,1.0,1,6,2,5,7,4,5,5,2,3,0,1,0,1,0,0,0,0,0,1,0,0,1,0,1,1,3,1,1,2,26,1,1,1,60,1,1,2
3176,4.0,3.0,4.0,2.0,3.0,3.0,4.0,5.0,3.0,5.0,5.0,5.0,4.0,4.0,2.0,4.0,1.0,3.0,4.0,4.0,1,3,1,2,7,5,7,7,7,3,1,0,0,0,0,1,0,0,0,1,0,0,0,1,0,0,3,1,2,1,34,2,5,1,10,1,1,2
3177,2.0,4.0,1.0,4.0,5.0,4.0,1.0,5.0,5.0,5.0,1.0,1.0,3.0,3.0,3.0,4.0,4.0,4.0,5.0,3.0,6,6,6,5,6,6,7,4,7,2,1,1,0,1,0,0,0,1,0,1,0,0,1,1,1,1,3,3,1,1,26,1,9,1,60,1,1,2
3178,3.0,2.0,3.0,2.0,4.0,4.0,1.0,2.0,3.0,3.0,3.0,5.0,5.0,3.0,4.0,1.0,2.0,4.0,4.0,5.0,3,4,6,4,5,7,5,5,7,7,1,1,1,1,1,0,0,1,1,1,0,1,1,1,1,1,3,1,1,1,25,2,12,1,60,2,1,4
3179,2.0,4.0,5.0,2.0,3.0,4.0,2.0,2.0,5.0,3.0,2.0,4.0,2.0,1.0,4.0,1.0,3.0,2.0,5.0,2.0,1,3,6,4,4,7,7,5,6,5,1,1,1,1,1,0,0,0,0,1,0,0,0,1,1,1,0,3,2,1,48,1,1,1,60,2,2,2
3180,1.0,1.0,4.0,5.0,1.0,5.0,5.0,1.0,5.0,5.0,1.0,2.0,1.0,3.0,1.0,4.0,3.0,2.0,4.0,1.0,6,6,4,5,7,2,7,5,2,1,1,1,1,1,1,0,0,1,0,1,1,0,1,1,1,1,3,3,2,1,47,1,1,1,60,2,3,3
3181,4.0,5.0,3.0,2.0,5.0,2.0,3.0,5.0,3.0,2.0,1.0,5.0,5.0,1.0,5.0,2.0,2.0,5.0,5.0,5.0,2,6,3,4,5,5,3,4,6,2,1,1,0,1,1,0,0,0,0,1,0,0,1,1,1,1,3,3,1,2,28,1,8,1,10,2,2,2
3182,2.0,5.0,1.0,1.0,5.0,1.0,1.0,5.0,2.0,5.0,1.0,5.0,5.0,1.0,5.0,1.0,1.0,5.0,5.0,5.0,3,7,6,1,6,1,5,2,6,2,1,1,1,1,1,1,0,0,1,1,0,0,1,1,1,1,3,3,2,2,30,1,1,1,60,1,2,2
3183,4.0,4.0,3.0,2.0,3.0,3.0,5.0,5.0,4.0,4.0,2.0,4.0,4.0,2.0,4.0,5.0,3.0,1.0,5.0,5.0,3,6,5,7,7,6,4,5,5,4,1,1,0,1,1,0,0,0,0,1,0,0,1,1,1,1,2,3,2,1,26,0,1,2,10,0,0,2
3184,4.0,4.0,5.0,1.0,4.0,5.0,4.0,2.0,5.0,4.0,3.0,4.0,3.0,3.0,1.0,4.0,3.0,4.0,5.0,3.0,4,7,6,4,7,7,3,2,6,4,1,1,0,1,1,0,0,1,0,1,1,0,1,1,1,1,2,3,1,2,46,1,1,1,70,2,1,4
3185,3.0,1.0,4.0,3.0,1.0,4.0,2.0,2.0,5.0,5.0,1.0,3.0,1.0,2.0,2.0,4.0,5.0,4.0,4.0,4.0,1,3,5,5,3,6,5,3,2,7,1,1,0,1,1,0,1,0,0,1,1,0,1,1,1,1,4,3,1,1,36,1,4,1,60,1,1,1
3186,3.0,4.0,4.0,4.0,4.0,2.0,3.0,4.0,4.0,4.0,2.0,5.0,3.0,1.0,2.0,4.0,5.0,4.0,4.0,4.0,5,6,6,4,6,7,7,2,5,2,1,1,1,1,1,0,0,0,0,1,0,0,1,1,1,1,4,2,1,2,29,1,7,1,60,1,1,1
3187,3.0,4.0,3.0,2.0,4.0,2.0,2.0,4.0,4.0,3.0,1.0,3.0,2.0,2.0,4.0,2.0,2.0,2.0,5.0,4.0,3,5,2,6,5,5,5,6,1,3,1,1,0,1,1,0,0,0,0,1,0,0,1,1,1,1,3,3,2,1,21,1,2,2,60,1,1,4
3188,1.0,4.0,5.0,5.0,5.0,5.0,2.0,5.0,5.0,5.0,4.0,4.0,1.0,2.0,4.0,5.0,5.0,2.0,5.0,1.0,3,5,2,7,3,5,5,2,2,1,1,1,1,1,1,0,0,1,0,1,1,0,1,1,1,1,3,3,1,1,65,2,6,2,60,1,1,4
3189,3.0,4.0,4.0,1.0,3.0,1.0,1.0,4.0,1.0,5.0,1.0,3.0,1.0,1.0,5.0,1.0,1.0,4.0,3.0,1.0,3,6,7,5,7,2,2,2,4,6,1,1,0,1,1,0,0,0,0,1,0,0,1,1,1,1,2,2,1,1,16,2,4,1,60,2,1,3
3190,5.0,4.0,4.0,4.0,5.0,3.0,1.0,5.0,4.0,2.0,1.0,5.0,4.0,1.0,2.0,4.0,3.0,4.0,3.0,4.0,5,6,3,5,5,4,5,5,3,2,1,1,1,1,1,1,1,1,0,1,1,1,1,1,1,1,3,3,1,1,22,1,4,1,70,2,1,3
3191,2.0,3.0,4.0,4.0,5.0,4.0,4.0,4.0,5.0,4.0,3.0,2.0,2.0,3.0,1.0,5.0,5.0,5.0,3.0,3.0,6,6,6,6,6,3,7,2,5,4,1,1,1,1,1,0,1,1,1,1,1,0,1,1,1,1,3,2,1,1,22,1,10,2,20,1,1,2
3192,4.0,4.0,3.0,1.0,5.0,4.0,1.0,4.0,4.0,4.0,1.0,4.0,5.0,1.0,1.0,1.0,1.0,5.0,5.0,3.0,1,5,5,6,4,7,7,5,5,2,1,1,0,1,1,0,0,0,0,1,0,0,0,1,1,1,3,3,2,1,37,1,12,1,60,2,2,4
3193,2.0,1.0,4.0,1.0,2.0,3.0,3.0,3.0,5.0,5.0,1.0,1.0,3.0,2.0,3.0,5.0,2.0,2.0,3.0,1.0,3,4,2,5,3,4,6,6,3,2,1,1,0,1,1,0,0,0,0,1,0,0,1,0,1,1,3,2,1,1,19,1,12,5,60,2,1,4
3194,1.0,4.0,5.0,5.0,1.0,4.0,2.0,2.0,5.0,5.0,1.0,1.0,2.0,4.0,4.0,5.0,4.0,4.0,5.0,1.0,1,4,7,7,6,7,6,1,3,3,1,1,1,1,1,0,0,1,0,1,0,1,1,1,1,1,4,3,2,2,37,1,2,1,60,1,2,2
3195,5.0,5.0,1.0,3.0,5.0,1.0,2.0,4.0,1.0,1.0,1.0,5.0,4.0,2.0,5.0,3.0,1.0,5.0,4.0,2.0,6,2,7,3,7,2,7,5,6,2,1,1,1,1,1,0,0,0,0,1,0,0,1,1,1,1,3,2,1,1,31,2,9,1,0,2,1,0
3196,3.0,1.0,4.0,5.0,2.0,5.0,5.0,2.0,5.0,5.0,3.0,1.0,2.0,3.0,4.0,5.0,4.0,4.0,1.0,1.0,2,2,6,5,6,7,6,3,4,5,1,1,0,1,1,0,0,0,0,1,0,0,1,1,1,1,3,1,1,1,21,1,4,1,60,1,1,3
3197,1.0,2.0,4.0,5.0,2.0,4.0,2.0,1.0,5.0,5.0,2.0,1.0,1.0,4.0,1.0,1.0,2.0,4.0,5.0,1.0,2,2,6,5,7,6,5,3,1,1,1,1,1,1,1,0,1,1,0,1,1,0,1,1,1,1,3,3,2,1,34,1,2,1,60,1,1,5
3198,3.0,5.0,4.0,4.0,2.0,1.0,1.0,2.0,5.0,4.0,2.0,2.0,4.0,1.0,4.0,2.0,2.0,2.0,4.0,4.0,6,7,3,3,5,7,5,6,6,2,1,1,0,1,1,0,0,1,0,1,0,0,1,1,1,1,2,0,1,1,18,1,6,1,60,2,1,2
3199,5.0,3.0,2.0,5.0,4.0,1.0,2.0,4.0,5.0,2.0,1.0,1.0,1.0,3.0,1.0,4.0,1.0,2.0,5.0,1.0,2,6,7,2,6,5,7,2,7,1,1,1,1,1,1,0,1,0,0,1,1,0,1,1,1,1,4,3,2,2,48,1,12,1,10,1,3,3
3200,1.0,2.0,2.0,5.0,5.0,3.0,2.0,2.0,5.0,5.0,2.0,1.0,1.0,5.0,4.0,2.0,2.0,1.0,5.0,1.0,2,2,7,5,6,6,7,2,6,5,1,1,0,1,1,0,1,0,0,1,0,0,1,1,1,1,3,1,2,1,35,1,2,2,60,1,2,4
3201,3.0,4.0,2.0,2.0,2.0,2.0,2.0,3.0,4.0,3.0,1.0,4.0,3.0,1.0,3.0,2.0,3.0,5.0,5.0,1.0,6,6,2,4,4,2,6,2,6,2,1,1,0,1,0,0,0,1,0,1,0,0,0,0,1,1,4,3,1,2,30,1,1,1,60,1,1,2
3202,5.0,5.0,1.0,1.0,5.0,1.0,1.0,5.0,1.0,1.0,1.0,5.0,5.0,2.0,5.0,1.0,1.0,5.0,3.0,5.0,6,7,5,5,6,7,5,4,5,4,1,1,0,1,1,0,1,1,0,1,0,0,1,1,1,1,1,2,1,1,25,1,1,1,60,2,1,4
3203,5.0,4.0,1.0,4.0,4.0,3.0,1.0,3.0,4.0,2.0,2.0,4.0,2.0,2.0,4.0,2.0,2.0,4.0,5.0,3.0,7,5,5,7,6,1,6,2,2,1,1,1,0,1,1,0,0,0,1,1,0,0,1,1,1,1,3,2,2,1,32,1,1,1,60,1,2,2
3204,5.0,5.0,5.0,1.0,5.0,1.0,1.0,5.0,1.0,2.0,1.0,5.0,5.0,1.0,5.0,1.0,1.0,5.0,5.0,4.0,3,3,6,4,5,4,6,1,6,2,1,1,1,1,1,0,1,1,1,1,1,1,1,1,1,1,3,2,2,1,28,1,4,1,60,1,1,1
3205,5.0,4.0,4.0,1.0,5.0,1.0,1.0,4.0,3.0,5.0,1.0,5.0,5.0,1.0,5.0,1.0,1.0,5.0,5.0,5.0,2,3,7,1,7,2,5,1,6,1,1,1,1,1,1,1,0,0,0,1,0,0,1,1,1,1,3,2,2,1,55,1,12,1,50,2,2,2
3206,5.0,4.0,1.0,3.0,5.0,2.0,2.0,4.0,5.0,2.0,1.0,5.0,4.0,1.0,4.0,1.0,1.0,5.0,5.0,3.0,1,3,7,5,7,7,6,1,2,4,1,1,1,1,1,0,1,1,0,1,0,1,1,1,1,1,3,3,2,1,33,1,1,1,60,1,3,4
3207,1.0,1.0,4.0,4.0,1.0,1.0,2.0,2.0,5.0,4.0,1.0,4.0,1.0,4.0,1.0,2.0,3.0,5.0,5.0,2.0,7,6,7,1,7,5,7,1,7,1,1,1,0,1,1,1,0,1,1,1,0,1,1,1,1,1,3,2,1,2,30,1,1,1,70,2,1,3
3208,5.0,5.0,2.0,3.0,4.0,2.0,1.0,4.0,4.0,2.0,1.0,4.0,4.0,2.0,4.0,1.0,1.0,4.0,5.0,1.0,1,3,6,6,7,7,6,3,5,1,1,1,1,1,1,0,1,1,0,1,1,0,1,1,1,1,3,2,2,1,49,2,1,1,60,1,2,2
3209,5.0,1.0,3.0,3.0,3.0,5.0,1.0,1.0,5.0,1.0,1.0,5.0,5.0,1.0,3.0,1.0,5.0,5.0,5.0,3.0,1,1,7,1,7,4,4,1,4,1,1,1,0,1,1,0,0,1,0,1,0,0,1,1,1,1,4,1,1,1,60,1,12,1,60,1,2,3
3210,5.0,5.0,1.0,1.0,5.0,1.0,1.0,4.0,1.0,1.0,1.0,5.0,5.0,1.0,4.0,1.0,1.0,5.0,5.0,5.0,6,3,7,2,6,4,5,2,7,1,1,1,0,1,1,0,0,1,0,1,0,0,1,1,1,1,3,2,1,1,23,1,7,1,60,0,1,3
3211,5.0,5.0,3.0,1.0,3.0,1.0,1.0,5.0,3.0,3.0,1.0,4.0,5.0,1.0,5.0,1.0,1.0,5.0,5.0,5.0,6,3,7,5,3,7,1,1,7,5,1,1,0,1,1,0,0,0,0,1,0,0,1,1,1,1,3,1,1,1,33,1,6,1,60,1,2,1
3212,4.0,2.0,3.0,3.0,4.0,3.0,3.0,4.0,3.0,2.0,2.0,5.0,4.0,1.0,4.0,2.0,1.0,4.0,5.0,4.0,5,3,2,4,3,3,5,5,5,5,1,1,0,1,1,0,0,1,0,1,0,0,1,1,1,1,3,1,1,1,33,1,6,1,60,1,1,2
3213,1.0,3.0,4.0,5.0,4.0,4.0,4.0,2.0,1.0,5.0,2.0,2.0,2.0,2.0,3.0,4.0,2.0,2.0,3.0,1.0,7,3,6,2,7,1,7,2,6,2,1,1,0,1,1,0,0,0,0,1,0,0,0,1,1,1,3,2,2,2,33,1,7,1,60,2,1,3
3214,1.0,2.0,2.0,5.0,1.0,2.0,2.0,2.0,5.0,4.0,2.0,5.0,1.0,1.0,3.0,3.0,1.0,5.0,5.0,3.0,1,5,5,7,2,7,5,3,2,5,1,1,0,1,1,0,1,1,0,1,0,0,1,1,1,1,4,1,1,2,39,1,2,1,60,1,1,3
3215,2.0,4.0,4.0,5.0,1.0,4.0,1.0,1.0,4.0,4.0,3.0,1.0,1.0,3.0,4.0,4.0,1.0,4.0,5.0,1.0,3,2,3,2,6,6,6,3,7,1,1,1,0,1,1,0,1,0,0,1,1,0,1,1,1,1,3,3,1,2,33,1,2,2,60,2,1,2
3216,4.0,4.0,2.0,1.0,5.0,2.0,1.0,2.0,2.0,2.0,1.0,5.0,4.0,1.0,4.0,1.0,1.0,4.0,5.0,1.0,1,6,7,5,6,7,2,1,6,1,1,1,0,1,1,0,0,0,0,1,0,0,0,1,1,1,3,2,2,2,28,1,2,1,60,1,1,0
3217,1.0,4.0,2.0,1.0,5.0,5.0,2.0,4.0,5.0,5.0,2.0,2.0,1.0,2.0,4.0,1.0,1.0,5.0,5.0,1.0,1,6,4,7,5,7,2,1,3,1,1,1,1,1,1,0,0,0,0,1,1,1,1,1,1,1,3,2,1,2,30,1,2,2,60,1,1,2
3218,3.0,3.0,4.0,4.0,2.0,4.0,3.0,2.0,4.0,4.0,3.0,3.0,2.0,3.0,2.0,3.0,4.0,2.0,3.0,1.0,6,7,6,4,5,3,6,5,5,3,1,1,0,1,0,0,0,0,0,1,0,0,0,0,1,1,3,3,2,2,21,1,1,1,10,1,1,1
3219,5.0,5.0,2.0,1.0,5.0,2.0,1.0,5.0,2.0,1.0,1.0,4.0,3.0,1.0,5.0,1.0,1.0,5.0,4.0,5.0,0,0,0,0,0,7,5,0,0,0,1,1,0,1,1,0,0,0,0,1,0,0,1,1,1,1,3,3,1,2,30,1,1,1,60,1,1,2
3220,5.0,4.0,1.0,3.0,5.0,3.0,1.0,4.0,2.0,2.0,1.0,4.0,5.0,1.0,4.0,2.0,1.0,5.0,5.0,5.0,6,4,6,1,7,6,6,2,7,1,1,1,1,1,1,1,0,1,0,1,0,1,1,1,1,1,3,3,1,1,26,1,2,1,60,2,1,1
3221,5.0,4.0,1.0,1.0,5.0,1.0,2.0,3.0,3.0,2.0,1.0,5.0,5.0,2.0,4.0,2.0,5.0,4.0,5.0,5.0,4,5,5,2,7,5,6,5,7,2,1,1,0,1,1,0,0,0,0,1,0,0,1,1,1,1,4,3,1,2,26,1,1,2,30,1,1,1
3222,4.0,3.0,2.0,2.0,4.0,2.0,2.0,5.0,1.0,2.0,1.0,4.0,4.0,2.0,4.0,2.0,2.0,4.0,5.0,3.0,3,6,6,5,6,6,4,2,5,2,1,1,0,1,0,0,0,0,0,1,0,0,1,1,1,1,3,3,1,2,28,1,2,1,60,1,2,2
3223,1.0,1.0,5.0,4.0,2.0,4.0,4.0,1.0,5.0,5.0,2.0,4.0,1.0,3.0,2.0,2.0,2.0,4.0,4.0,1.0,2,3,7,3,7,6,7,1,5,2,1,1,0,1,1,0,1,0,0,1,0,0,1,1,1,1,3,2,2,1,61,1,2,1,60,1,2,3
3224,4.0,3.0,3.0,5.0,4.0,5.0,1.0,4.0,3.0,3.0,2.0,5.0,2.0,4.0,3.0,5.0,5.0,1.0,1.0,1.0,6,7,7,5,5,5,6,2,6,1,1,1,1,1,1,0,0,1,0,1,1,0,1,1,1,1,3,3,1,2,42,1,1,1,60,2,2,2
3225,2.0,4.0,5.0,4.0,1.0,5.0,5.0,2.0,5.0,5.0,2.0,2.0,1.0,4.0,2.0,4.0,4.0,2.0,1.0,1.0,6,3,5,3,6,3,6,3,5,2,1,1,0,1,0,0,0,0,0,1,0,0,0,0,1,1,3,3,2,2,21,1,6,0,10,1,1,3
3226,5.0,3.0,3.0,3.0,5.0,3.0,2.0,1.0,3.0,5.0,2.0,5.0,4.0,3.0,2.0,4.0,1.0,4.0,4.0,3.0,4,4,4,1,5,4,4,2,4,5,1,1,0,1,0,0,0,0,0,1,0,0,0,0,1,1,3,3,1,2,28,1,2,1,10,1,1,3
3227,1.0,1.0,5.0,5.0,2.0,5.0,1.0,4.0,5.0,1.0,5.0,4.0,1.0,1.0,3.0,4.0,1.0,2.0,1.0,1.0,7,3,7,1,7,1,7,1,6,1,1,1,1,1,1,0,1,0,0,1,0,1,1,1,1,1,3,3,2,1,71,1,6,1,60,1,2,4
3228,3.0,1.0,2.0,4.0,1.0,4.0,2.0,1.0,5.0,5.0,1.0,4.0,2.0,2.0,3.0,1.0,3.0,1.0,4.0,1.0,4,6,6,6,6,2,5,5,3,1,1,1,0,1,1,0,0,1,0,1,0,1,1,1,1,1,4,2,1,2,25,1,1,1,10,2,1,2
3229,3.0,3.0,2.0,1.0,4.0,1.0,4.0,4.0,5.0,2.0,1.0,5.0,1.0,1.0,2.0,1.0,1.0,4.0,5.0,3.0,1,6,5,6,6,7,5,2,5,2,1,1,0,1,1,0,0,0,0,1,0,0,0,1,1,1,2,2,1,2,23,1,2,1,60,2,1,3
3230,3.0,4.0,4.0,1.0,4.0,2.0,3.0,4.0,2.0,4.0,2.0,4.0,4.0,3.0,3.0,2.0,3.0,4.0,5.0,3.0,4,4,5,3,6,6,6,2,6,2,1,1,1,1,1,0,0,0,0,1,0,0,1,1,1,1,3,3,1,2,34,1,4,1,60,1,1,0
3231,4.0,4.0,5.0,1.0,4.0,3.0,2.0,5.0,5.0,4.0,1.0,3.0,4.0,1.0,1.0,1.0,1.0,5.0,5.0,5.0,1,6,2,4,5,6,1,6,5,2,1,1,1,1,1,0,0,0,0,1,0,0,1,1,1,1,3,1,1,2,31,1,1,4,60,1,1,2
3232,1.0,1.0,5.0,5.0,1.0,5.0,5.0,1.0,5.0,5.0,5.0,1.0,1.0,5.0,1.0,5.0,1.0,1.0,3.0,1.0,2,2,6,5,5,7,7,4,5,4,1,1,1,1,1,0,1,0,0,1,1,0,1,1,1,1,3,3,2,1,48,1,1,1,60,1,2,4
3233,2.0,3.0,2.0,2.0,4.0,3.0,1.0,5.0,4.0,1.0,3.0,5.0,1.0,1.0,5.0,4.0,1.0,4.0,5.0,1.0,3,6,6,1,7,6,4,2,6,1,1,1,0,1,1,0,0,0,0,1,0,0,1,1,1,1,3,2,1,2,28,1,2,1,60,2,1,2
3234,5.0,3.0,1.0,1.0,5.0,1.0,1.0,5.0,1.0,1.0,1.0,5.0,5.0,1.0,3.0,1.0,5.0,5.0,5.0,5.0,4,7,6,1,7,4,2,1,6,1,1,1,0,1,1,0,0,1,0,1,0,0,0,1,1,1,2,1,1,2,25,1,12,1,70,2,1,3
3235,3.0,3.0,3.0,4.0,3.0,3.0,2.0,4.0,4.0,4.0,4.0,4.0,2.0,4.0,4.0,2.0,2.0,4.0,4.0,1.0,1,5,3,2,5,7,5,6,6,3,1,1,1,1,1,0,1,1,0,1,1,0,1,1,1,1,3,3,1,1,28,2,2,1,60,1,1,1
3236,5.0,5.0,4.0,3.0,5.0,5.0,5.0,4.0,5.0,5.0,1.0,5.0,5.0,1.0,5.0,5.0,5.0,3.0,5.0,4.0,6,4,7,5,7,5,4,2,0,1,0,0,1,0,0,0,1,1,1,0,1,1,1,0,0,0,2,1,1,1,19,1,6,2,60,1,1,2
3237,5.0,5.0,1.0,5.0,5.0,1.0,1.0,3.0,1.0,1.0,1.0,5.0,5.0,1.0,5.0,1.0,1.0,5.0,5.0,1.0,7,5,5,6,7,1,4,7,1,1,1,1,0,1,0,0,0,0,0,1,0,0,1,1,1,1,4,3,1,2,28,1,10,1,20,1,1,2
3238,4.0,1.0,1.0,1.0,5.0,2.0,1.0,2.0,3.0,2.0,1.0,1.0,4.0,3.0,4.0,1.0,1.0,5.0,5.0,2.0,4,6,5,4,7,5,5,7,4,1,1,1,0,1,1,0,0,0,0,1,0,0,1,1,1,1,2,3,1,2,22,1,1,1,60,2,2,1
3239,4.0,5.0,2.0,1.0,5.0,2.0,1.0,4.0,2.0,2.0,2.0,5.0,4.0,2.0,4.0,1.0,3.0,4.0,4.0,1.0,3,4,2,3,5,7,2,5,6,2,1,0,0,1,1,0,0,0,0,0,0,0,0,1,1,1,2,3,1,2,20,1,2,1,10,2,1,2
3240,1.0,3.0,3.0,4.0,2.0,5.0,5.0,4.0,5.0,5.0,1.0,4.0,2.0,1.0,4.0,2.0,3.0,4.0,5.0,1.0,2,3,6,3,6,5,5,5,5,1,1,1,0,1,1,0,1,0,0,1,0,0,1,1,1,1,3,2,2,2,42,1,12,1,60,2,1,3
3241,4.0,4.0,3.0,1.0,5.0,5.0,2.0,5.0,5.0,2.0,2.0,5.0,5.0,2.0,5.0,3.0,1.0,3.0,1.0,1.0,1,5,7,3,4,7,2,3,4,3,1,1,1,1,1,1,1,1,1,1,1,1,1,1,1,1,3,2,1,1,28,1,6,1,60,1,2,5
3242,4.0,2.0,5.0,1.0,5.0,4.0,5.0,4.0,5.0,4.0,2.0,4.0,3.0,2.0,3.0,2.0,3.0,4.0,5.0,4.0,2,6,6,7,7,6,5,7,2,4,0,1,1,0,1,0,0,0,0,0,0,0,0,1,1,1,2,1,2,2,19,1,1,2,70,2,1,1
3243,4.0,5.0,1.0,2.0,4.0,1.0,1.0,1.0,1.0,4.0,1.0,3.0,4.0,1.0,4.0,1.0,1.0,5.0,5.0,4.0,2,5,6,1,6,3,3,1,7,3,1,1,1,1,1,0,0,1,0,1,0,1,1,1,1,1,3,2,1,2,20,1,2,1,60,1,1,2
3244,4.0,5.0,3.0,4.0,5.0,2.0,1.0,5.0,4.0,2.0,2.0,5.0,5.0,1.0,5.0,1.0,2.0,5.0,5.0,5.0,7,5,7,6,6,3,5,6,3,3,1,0,0,1,1,0,0,0,0,1,0,0,0,1,1,1,4,3,1,2,23,1,8,1,10,1,1,2
3245,2.0,1.0,3.0,5.0,1.0,4.0,3.0,1.0,5.0,4.0,5.0,1.0,1.0,5.0,2.0,5.0,5.0,2.0,1.0,1.0,5,1,7,6,7,5,7,1,6,1,1,1,0,1,1,0,0,0,0,1,0,0,1,1,1,1,3,2,2,1,40,1,12,1,70,2,1,3
3246,1.0,2.0,1.0,1.0,1.0,2.0,1.0,4.0,5.0,3.0,1.0,2.0,5.0,1.0,1.0,1.0,1.0,4.0,5.0,1.0,2,4,7,1,6,7,5,2,7,2,1,1,1,1,1,0,0,0,0,1,0,0,1,1,1,1,2,3,1,1,26,1,1,1,30,2,1,3
3247,5.0,4.0,1.0,2.0,5.0,4.0,4.0,2.0,4.0,2.0,1.0,5.0,3.0,1.0,5.0,1.0,1.0,5.0,1.0,5.0,7,7,6,1,7,1,6,1,5,1,1,1,0,1,1,0,0,0,0,1,1,0,0,1,1,1,4,1,1,2,46,1,6,1,60,1,1,2
3248,5.0,4.0,3.0,2.0,5.0,3.0,4.0,2.0,3.0,1.0,1.0,4.0,5.0,5.0,3.0,3.0,5.0,2.0,5.0,3.0,7,6,3,5,7,2,6,5,3,1,1,1,0,1,1,1,0,0,0,1,0,0,0,0,1,1,2,3,2,2,22,1,6,2,60,2,1,1
3249,5.0,5.0,4.0,1.0,1.0,4.0,5.0,4.0,4.0,3.0,3.0,2.0,3.0,1.0,5.0,5.0,3.0,5.0,3.0,5.0,6,6,7,6,7,7,7,1,7,5,1,1,1,0,0,0,0,0,0,0,0,0,0,1,0,0,3,3,1,2,38,1,4,1,50,2,1,0
3250,1.0,4.0,4.0,5.0,2.0,3.0,1.0,4.0,5.0,5.0,3.0,1.0,1.0,2.0,4.0,1.0,3.0,4.0,5.0,1.0,5,6,5,7,3,7,5,6,2,2,1,1,1,1,1,0,1,1,0,1,1,0,1,1,1,1,3,1,1,1,25,1,1,1,60,1,1,2
3251,5.0,5.0,1.0,1.0,5.0,1.0,1.0,5.0,1.0,1.0,1.0,3.0,5.0,1.0,5.0,1.0,1.0,5.0,5.0,5.0,1,6,7,1,7,1,4,1,7,1,1,1,0,1,1,0,0,0,0,1,0,0,1,1,1,1,4,3,1,2,28,1,8,1,70,1,1,2
3252,5.0,2.0,2.0,2.0,4.0,2.0,1.0,5.0,5.0,1.0,1.0,5.0,1.0,1.0,4.0,1.0,1.0,4.0,5.0,5.0,1,1,6,3,6,7,6,5,4,1,1,1,1,1,1,0,0,1,0,1,1,0,1,1,1,1,3,3,2,1,34,2,5,1,60,1,1,5
3253,4.0,5.0,4.0,2.0,3.0,2.0,1.0,4.0,5.0,4.0,3.0,2.0,4.0,3.0,4.0,3.0,4.0,4.0,5.0,3.0,5,5,6,2,7,6,7,5,7,3,1,1,0,1,1,0,0,0,0,1,0,0,1,1,1,1,2,3,1,1,23,1,4,1,70,2,1,2
3254,1.0,1.0,5.0,5.0,1.0,5.0,5.0,1.0,5.0,5.0,5.0,3.0,1.0,3.0,1.0,1.0,1.0,1.0,5.0,1.0,1,1,7,1,7,7,7,1,7,1,1,1,1,1,1,0,1,1,0,1,1,0,1,1,1,1,4,2,1,1,58,1,2,1,60,1,2,5
3255,1.0,1.0,1.0,5.0,1.0,5.0,5.0,1.0,5.0,5.0,1.0,1.0,1.0,1.0,1.0,5.0,5.0,1.0,1.0,1.0,6,6,6,2,6,5,3,2,6,2,1,1,0,1,1,0,0,1,0,1,1,0,1,1,1,0,3,3,1,2,57,2,2,1,60,1,2,2
3256,5.0,5.0,1.0,1.0,5.0,1.0,1.0,4.0,1.0,2.0,1.0,5.0,5.0,1.0,5.0,1.0,1.0,4.0,5.0,5.0,6,7,5,5,5,7,6,5,6,3,1,1,0,1,1,0,1,1,1,1,0,0,1,1,1,1,1,2,1,1,25,1,1,1,60,2,1,4
3257,1.0,4.0,3.0,3.0,1.0,2.0,1.0,1.0,4.0,2.0,1.0,4.0,2.0,3.0,3.0,2.0,3.0,4.0,5.0,3.0,5,2,4,3,7,4,7,5,5,2,1,1,1,1,1,0,1,1,0,1,0,0,1,1,1,1,4,3,2,1,45,1,3,2,60,1,1,1
3258,4.0,3.0,2.0,3.0,1.0,1.0,1.0,1.0,3.0,3.0,1.0,2.0,3.0,1.0,2.0,1.0,3.0,2.0,4.0,4.0,3,5,2,5,4,3,6,5,3,6,1,1,1,1,1,0,0,1,0,1,0,0,1,1,1,1,2,2,1,2,35,1,2,1,60,1,2,2
3259,4.0,5.0,4.0,4.0,5.0,2.0,1.0,2.0,4.0,1.0,2.0,5.0,4.0,2.0,4.0,1.0,1.0,5.0,5.0,2.0,2,7,3,1,7,6,3,7,7,1,1,1,1,1,1,0,1,1,0,1,0,0,1,1,1,1,4,2,2,1,23,1,7,1,70,1,1,3
3260,3.0,4.0,3.0,1.0,4.0,5.0,5.0,5.0,5.0,5.0,1.0,5.0,4.0,1.0,4.0,1.0,3.0,2.0,1.0,4.0,2,6,6,4,7,7,5,3,4,2,0,1,0,1,0,0,0,0,0,0,0,0,1,0,1,1,3,3,1,2,21,2,10,1,10,2,1,3
3261,4.0,4.0,2.0,3.0,5.0,2.0,1.0,2.0,4.0,5.0,2.0,2.0,3.0,2.0,4.0,4.0,1.0,4.0,5.0,3.0,7,4,5,3,5,1,4,5,7,2,1,1,1,1,1,0,0,0,0,1,0,0,1,1,1,1,3,2,2,1,29,1,1,1,60,1,1,1
3262,5.0,4.0,3.0,2.0,4.0,1.0,1.0,2.0,3.0,3.0,1.0,5.0,3.0,3.0,4.0,1.0,1.0,4.0,5.0,3.0,1,6,5,3,6,5,2,3,6,1,1,1,0,1,1,1,0,0,0,1,1,1,1,1,1,1,3,3,1,2,27,1,4,3,60,2,1,0
3263,5.0,1.0,4.0,1.0,5.0,5.0,5.0,5.0,5.0,5.0,1.0,5.0,1.0,1.0,1.0,5.0,1.0,1.0,3.0,5.0,6,3,1,2,6,7,7,1,7,1,1,1,1,1,1,0,1,1,0,1,0,0,1,1,1,1,3,1,2,2,23,1,4,1,70,2,2,2
3264,3.0,3.0,4.0,3.0,5.0,2.0,1.0,2.0,4.0,3.0,1.0,4.0,1.0,1.0,4.0,3.0,1.0,5.0,3.0,5.0,5,5,7,1,6,5,7,5,7,2,1,1,0,1,1,0,0,0,0,1,0,0,1,1,1,1,2,2,1,1,20,1,1,1,30,2,1,1
3265,5.0,3.0,4.0,3.0,4.0,3.0,4.0,2.0,4.0,4.0,2.0,3.0,2.0,2.0,3.0,2.0,2.0,2.0,4.0,4.0,2,3,6,3,5,6,3,2,6,2,1,1,1,1,1,0,1,0,0,1,1,0,1,1,1,1,3,2,2,1,55,2,12,1,60,1,1,4
3266,5.0,4.0,3.0,1.0,5.0,2.0,1.0,3.0,5.0,2.0,1.0,5.0,5.0,1.0,4.0,3.0,1.0,4.0,5.0,2.0,1,5,7,7,5,7,2,1,5,4,1,1,1,1,1,0,0,1,0,1,0,0,1,1,1,1,4,2,2,1,23,1,4,2,60,2,1,2
3267,5.0,5.0,1.0,1.0,3.0,1.0,1.0,5.0,1.0,1.0,1.0,5.0,5.0,1.0,5.0,1.0,1.0,5.0,5.0,4.0,1,7,3,5,5,1,7,7,5,4,1,1,1,1,1,0,0,1,0,1,1,0,0,1,1,1,3,1,1,2,21,1,1,1,20,1,1,5
3268,3.0,3.0,4.0,1.0,2.0,1.0,2.0,2.0,2.0,2.0,1.0,4.0,4.0,1.0,1.0,2.0,3.0,5.0,5.0,4.0,3,5,4,3,4,6,4,5,3,2,1,1,0,1,1,0,0,0,0,1,0,0,1,1,1,1,2,2,1,1,18,1,2,1,70,2,1,2
3269,1.0,4.0,5.0,2.0,1.0,4.0,1.0,4.0,5.0,5.0,2.0,4.0,1.0,3.0,4.0,4.0,4.0,2.0,5.0,1.0,5,2,5,6,6,3,7,5,4,1,1,1,1,1,0,0,1,1,0,1,1,0,1,1,1,1,3,2,2,1,23,1,4,5,60,2,1,3
3270,1.0,2.0,1.0,4.0,4.0,5.0,3.0,1.0,5.0,4.0,3.0,2.0,1.0,2.0,4.0,2.0,3.0,5.0,5.0,1.0,4,2,6,1,5,6,7,5,6,3,1,0,0,1,1,0,0,0,0,1,0,0,0,0,1,1,3,2,1,2,31,1,3,1,10,1,2,2
3271,5.0,2.0,5.0,2.0,5.0,3.0,1.0,4.0,4.0,4.0,3.0,4.0,1.0,3.0,5.0,5.0,3.0,5.0,5.0,1.0,5,3,5,2,7,3,6,3,6,1,1,1,0,1,1,0,0,1,0,1,0,0,0,1,1,1,2,3,1,1,18,1,10,1,20,2,3,2
3272,2.0,3.0,4.0,4.0,4.0,2.0,4.0,2.0,5.0,3.0,1.0,4.0,4.0,2.0,4.0,4.0,3.0,4.0,3.0,2.0,6,5,3,6,6,2,5,2,5,6,1,1,0,1,1,0,0,0,0,1,0,0,1,1,1,1,3,2,1,1,20,1,1,1,60,1,1,2
3273,3.0,2.0,4.0,3.0,1.0,2.0,2.0,1.0,4.0,4.0,3.0,2.0,1.0,2.0,4.0,4.0,1.0,4.0,5.0,1.0,2,5,4,7,7,6,4,6,6,1,1,1,1,1,1,0,1,1,0,1,1,0,1,1,1,1,4,2,2,1,28,1,9,2,10,1,2,1
3274,5.0,5.0,5.0,1.0,5.0,4.0,4.0,5.0,5.0,5.0,1.0,5.0,3.0,1.0,5.0,3.0,5.0,4.0,5.0,5.0,5,3,7,1,7,6,7,1,7,1,1,1,0,1,1,0,0,0,0,1,0,0,0,1,1,1,3,3,2,2,43,1,2,1,10,1,2,2
3275,1.0,1.0,1.0,3.0,2.0,5.0,2.0,5.0,5.0,5.0,1.0,5.0,5.0,1.0,5.0,4.0,1.0,5.0,1.0,1.0,3,4,6,3,6,6,5,3,5,3,1,0,0,0,1,0,0,0,0,1,0,0,0,0,1,1,3,3,1,1,22,0,2,1,0,2,1,3
3276,1.0,1.0,5.0,1.0,5.0,5.0,1.0,1.0,5.0,5.0,5.0,1.0,1.0,1.0,1.0,5.0,1.0,5.0,5.0,1.0,7,7,7,1,7,7,7,7,7,1,1,1,0,1,1,1,0,0,0,1,0,0,1,1,1,1,3,2,1,1,22,1,9,1,60,1,1,2
3277,4.0,1.0,4.0,3.0,1.0,5.0,2.0,2.0,5.0,5.0,1.0,3.0,1.0,3.0,1.0,1.0,3.0,2.0,1.0,1.0,6,5,5,6,5,5,6,0,2,2,1,1,0,1,1,0,0,0,0,1,0,0,1,0,1,1,3,1,2,1,25,1,6,1,60,2,2,3
3278,1.0,1.0,1.0,5.0,1.0,5.0,3.0,4.0,5.0,5.0,1.0,1.0,1.0,4.0,1.0,5.0,1.0,1.0,5.0,1.0,7,1,7,1,7,1,7,1,7,4,1,1,0,1,1,0,0,0,0,1,0,0,0,0,1,1,3,3,1,1,39,1,12,1,70,1,2,2
3279,1.0,2.0,1.0,4.0,5.0,2.0,1.0,2.0,4.0,2.0,1.0,5.0,1.0,1.0,4.0,5.0,1.0,5.0,5.0,4.0,6,1,7,2,6,7,5,5,7,1,1,1,1,1,1,0,1,1,0,1,1,0,1,1,1,1,4,1,1,1,52,2,1,3,60,2,1,3
3280,5.0,5.0,5.0,5.0,3.0,4.0,5.0,1.0,5.0,5.0,5.0,5.0,3.0,4.0,3.0,5.0,5.0,2.0,5.0,5.0,7,2,6,2,6,2,7,1,7,4,1,1,0,1,0,0,0,0,0,1,0,0,0,0,1,1,3,1,2,2,18,1,10,1,10,2,1,9
3281,4.0,2.0,5.0,2.0,4.0,5.0,5.0,4.0,5.0,5.0,2.0,4.0,4.0,4.0,4.0,5.0,4.0,4.0,4.0,1.0,5,3,6,2,6,5,7,2,7,2,1,1,1,1,1,1,1,1,1,1,1,1,0,1,1,1,4,2,2,1,52,1,7,1,60,1,3,2
3282,5.0,4.0,2.0,1.0,4.0,1.0,1.0,5.0,2.0,1.0,1.0,5.0,5.0,1.0,4.0,1.0,1.0,5.0,3.0,4.0,4,5,6,1,7,5,2,2,6,2,1,1,1,1,1,1,1,1,1,1,0,1,1,1,1,1,2,3,1,2,29,1,12,1,60,2,1,1
3283,1.0,4.0,2.0,4.0,5.0,2.0,2.0,4.0,5.0,1.0,1.0,2.0,4.0,1.0,4.0,2.0,1.0,5.0,1.0,1.0,3,6,4,2,6,7,3,1,3,2,1,1,1,1,1,0,0,0,0,1,0,0,0,1,1,1,3,3,1,2,36,1,4,1,60,2,2,2
3284,5.0,4.0,2.0,2.0,5.0,1.0,1.0,5.0,2.0,1.0,1.0,5.0,5.0,1.0,4.0,1.0,5.0,5.0,5.0,5.0,2,7,4,6,3,7,2,2,4,2,1,1,1,1,1,0,0,0,0,1,0,0,0,0,1,1,2,3,2,2,18,1,8,1,10,2,1,2
3285,4.0,2.0,2.0,1.0,5.0,2.0,4.0,1.0,5.0,5.0,1.0,2.0,1.0,1.0,1.0,1.0,3.0,3.0,4.0,1.0,1,2,3,7,6,7,6,2,5,4,1,0,0,1,1,0,0,0,0,1,0,0,0,1,1,1,2,3,1,2,18,1,10,1,10,2,1,4
3286,2.0,4.0,4.0,2.0,5.0,4.0,1.0,4.0,3.0,3.0,2.0,4.0,4.0,2.0,5.0,1.0,2.0,5.0,4.0,1.0,6,4,3,3,6,1,6,5,6,1,1,1,1,1,1,0,0,0,0,1,1,0,1,1,1,1,3,2,1,1,39,2,1,1,60,1,2,1
3287,1.0,1.0,1.0,2.0,2.0,4.0,1.0,2.0,3.0,5.0,1.0,4.0,1.0,1.0,4.0,1.0,1.0,4.0,5.0,3.0,7,5,6,1,7,1,6,2,7,1,1,1,0,1,1,0,0,0,0,1,1,0,0,1,1,1,3,3,1,2,33,1,2,1,60,2,2,2
3288,2.0,3.0,2.0,2.0,4.0,2.0,2.0,1.0,4.0,2.0,2.0,2.0,4.0,1.0,3.0,1.0,2.0,2.0,5.0,2.0,3,6,6,5,7,6,6,5,3,1,1,1,1,1,1,0,1,1,0,1,1,0,1,1,1,1,3,3,2,2,29,1,2,1,10,1,1,3
3289,1.0,1.0,5.0,2.0,2.0,4.0,2.0,1.0,5.0,5.0,2.0,5.0,1.0,2.0,1.0,1.0,2.0,1.0,5.0,2.0,1,3,6,6,7,6,6,7,3,1,1,1,0,1,1,1,1,1,0,1,0,0,1,1,1,1,4,3,1,2,29,1,2,1,60,2,1,2
3290,2.0,2.0,4.0,2.0,4.0,4.0,2.0,1.0,5.0,3.0,3.0,2.0,1.0,3.0,3.0,4.0,3.0,3.0,5.0,2.0,3,1,7,1,4,6,5,4,7,5,1,1,0,1,1,0,0,1,0,1,1,0,1,1,1,1,4,1,1,2,28,1,1,1,60,2,1,3
3291,1.0,1.0,2.0,4.0,4.0,1.0,1.0,2.0,5.0,4.0,3.0,4.0,1.0,3.0,1.0,1.0,3.0,3.0,4.0,1.0,3,2,7,1,6,4,5,3,6,3,1,1,1,1,1,0,1,1,0,1,0,0,1,1,1,1,4,2,1,1,45,1,6,1,60,1,2,2
3292,5.0,5.0,5.0,1.0,5.0,1.0,1.0,5.0,3.0,5.0,1.0,5.0,5.0,1.0,5.0,1.0,1.0,5.0,5.0,5.0,4,5,3,3,3,5,6,6,7,1,1,1,0,1,1,0,0,0,0,1,0,0,0,1,1,1,3,2,1,2,26,1,1,1,60,1,1,2
3293,4.0,5.0,2.0,1.0,5.0,2.0,1.0,2.0,2.0,2.0,1.0,2.0,3.0,2.0,5.0,1.0,1.0,2.0,5.0,1.0,7,6,4,2,7,1,3,4,3,1,1,0,0,1,1,0,0,0,0,0,0,0,0,1,1,1,2,1,2,2,22,1,2,1,70,1,1,1
3294,5.0,3.0,3.0,1.0,5.0,1.0,1.0,5.0,5.0,3.0,1.0,5.0,5.0,1.0,1.0,1.0,2.0,5.0,5.0,1.0,1,5,6,6,2,7,7,2,7,1,1,1,1,1,1,1,0,0,0,1,1,1,1,1,1,1,3,2,1,1,46,1,1,2,60,2,1,4
3295,1.0,1.0,5.0,5.0,1.0,3.0,4.0,1.0,5.0,5.0,2.0,1.0,1.0,3.0,2.0,4.0,3.0,2.0,5.0,1.0,1,2,6,2,3,6,7,1,7,1,1,1,0,1,1,0,0,0,0,1,0,0,1,1,1,1,4,1,1,1,46,1,2,1,60,1,3,4
3296,5.0,5.0,1.0,1.0,5.0,1.0,1.0,5.0,1.0,2.0,1.0,5.0,4.0,1.0,5.0,1.0,1.0,4.0,5.0,5.0,2,4,2,5,6,3,5,4,3,5,1,1,0,1,1,0,0,0,0,1,0,0,1,1,1,1,3,3,1,1,25,1,1,1,10,1,1,3
3297,5.0,5.0,1.0,1.0,5.0,1.0,1.0,5.0,1.0,1.0,1.0,5.0,3.0,1.0,5.0,1.0,1.0,4.0,1.0,4.0,2,6,7,3,5,7,2,1,3,3,1,1,0,1,1,0,0,0,0,0,0,0,0,1,1,1,3,2,1,2,22,1,4,2,60,1,1,2
3298,4.0,4.0,4.0,4.0,4.0,2.0,2.0,4.0,5.0,3.0,1.0,5.0,4.0,4.0,4.0,2.0,1.0,2.0,2.0,1.0,6,2,7,6,6,1,7,1,2,3,1,1,1,1,1,1,1,0,0,1,1,1,1,1,1,1,4,1,2,1,51,1,1,1,60,2,2,2
3299,3.0,3.0,2.0,2.0,2.0,4.0,2.0,4.0,3.0,2.0,2.0,5.0,2.0,2.0,2.0,2.0,4.0,4.0,5.0,1.0,2,5,4,5,3,6,2,3,5,2,1,1,1,1,1,0,0,1,0,1,0,0,1,1,1,1,3,2,1,1,30,2,2,1,60,1,2,3
3300,3.0,2.0,5.0,2.0,5.0,4.0,2.0,1.0,5.0,5.0,1.0,5.0,5.0,5.0,2.0,5.0,1.0,4.0,5.0,1.0,7,7,7,7,3,1,7,6,2,1,1,1,1,1,1,0,0,0,0,1,1,0,1,1,1,1,3,3,2,1,71,1,9,1,60,1,2,3
3301,4.0,5.0,1.0,3.0,3.0,3.0,1.0,5.0,2.0,2.0,1.0,5.0,4.0,3.0,5.0,1.0,2.0,4.0,5.0,2.0,7,7,4,5,6,1,6,7,3,1,1,1,1,1,1,0,0,1,0,1,0,0,1,1,1,1,3,3,1,2,22,1,2,2,60,2,1,0
3302,2.0,5.0,1.0,1.0,5.0,1.0,1.0,4.0,4.0,1.0,1.0,5.0,4.0,1.0,3.0,5.0,1.0,5.0,5.0,5.0,0,7,5,6,7,6,4,5,4,4,1,1,0,0,1,0,0,1,0,1,0,0,1,1,1,0,2,3,1,2,19,1,2,1,10,2,1,2
3303,4.0,4.0,2.0,1.0,4.0,3.0,1.0,5.0,3.0,3.0,3.0,4.0,5.0,2.0,3.0,2.0,1.0,5.0,4.0,5.0,1,6,5,2,5,7,1,2,6,6,1,1,0,1,1,0,0,1,0,0,0,0,0,1,1,1,2,1,1,2,19,2,2,1,60,2,1,4
3304,4.0,1.0,4.0,2.0,2.0,2.0,2.0,1.0,4.0,4.0,1.0,4.0,4.0,1.0,2.0,5.0,5.0,4.0,4.0,2.0,3,5,6,2,7,5,5,3,6,1,1,1,0,1,1,0,0,0,0,1,0,0,1,1,1,1,3,3,1,2,26,1,1,1,60,2,1,1
3305,4.0,4.0,2.0,4.0,4.0,2.0,2.0,2.0,4.0,2.0,1.0,4.0,4.0,2.0,4.0,2.0,1.0,4.0,5.0,1.0,2,5,6,5,6,5,5,5,3,3,1,1,1,1,1,0,1,1,0,1,1,0,1,1,1,1,3,1,1,1,29,1,1,1,60,1,1,2
3306,5.0,5.0,1.0,3.0,5.0,1.0,5.0,5.0,1.0,1.0,1.0,5.0,5.0,1.0,5.0,3.0,1.0,1.0,5.0,5.0,7,7,7,5,7,1,7,1,5,1,1,1,0,1,1,0,1,0,0,1,0,0,1,1,1,0,4,2,1,1,36,1,4,0,60,0,2,2
3307,4.0,1.0,5.0,4.0,5.0,3.0,5.0,5.0,5.0,2.0,1.0,5.0,2.0,4.0,4.0,5.0,1.0,1.0,5.0,2.0,5,5,5,7,7,1,7,5,3,1,1,1,1,1,1,0,0,1,0,1,0,0,1,1,1,1,4,1,2,1,27,2,7,1,60,1,1,2
3308,3.0,4.0,3.0,3.0,4.0,4.0,4.0,1.0,3.0,2.0,1.0,4.0,2.0,1.0,3.0,1.0,1.0,2.0,5.0,2.0,4,6,6,5,6,1,2,5,4,1,1,1,0,1,1,0,0,1,0,1,0,0,1,1,1,1,3,1,1,1,29,1,2,1,60,1,1,2
3309,2.0,1.0,1.0,5.0,1.0,2.0,2.0,1.0,5.0,5.0,1.0,4.0,1.0,3.0,1.0,4.0,1.0,1.0,1.0,1.0,6,4,7,6,6,5,6,2,4,2,1,1,0,1,1,0,1,1,0,1,0,0,0,1,1,1,3,2,2,1,54,1,6,1,60,2,2,2
3310,4.0,4.0,4.0,1.0,4.0,4.0,2.0,4.0,4.0,4.0,1.0,5.0,4.0,1.0,4.0,1.0,4.0,1.0,5.0,4.0,3,6,3,5,6,7,6,6,3,5,1,0,0,1,0,0,0,0,0,1,0,0,0,0,1,1,2,1,1,2,30,1,0,1,60,1,1,3
3311,5.0,5.0,1.0,3.0,5.0,1.0,1.0,4.0,2.0,1.0,1.0,5.0,5.0,1.0,5.0,1.0,1.0,5.0,5.0,4.0,2,3,7,1,6,7,5,2,7,3,1,1,0,1,1,0,0,0,0,1,0,0,1,1,1,1,3,3,1,2,30,1,12,1,60,2,1,3
3312,4.0,1.0,1.0,4.0,5.0,1.0,1.0,2.0,5.0,1.0,1.0,5.0,4.0,3.0,4.0,1.0,1.0,1.0,5.0,1.0,1,7,7,5,7,7,1,1,6,1,1,1,0,1,1,0,0,0,0,1,0,0,1,1,1,1,3,3,2,1,34,1,2,1,10,1,2,7
3313,5.0,5.0,2.0,3.0,4.0,1.0,1.0,1.0,5.0,2.0,3.0,4.0,4.0,1.0,5.0,5.0,1.0,5.0,5.0,3.0,5,2,2,1,6,7,5,6,7,2,1,1,0,1,1,0,0,0,0,1,0,1,1,1,1,1,2,2,1,2,25,1,2,1,60,2,1,3
3314,5.0,1.0,5.0,1.0,5.0,5.0,5.0,1.0,5.0,1.0,1.0,5.0,1.0,1.0,1.0,4.0,1.0,5.0,5.0,1.0,1,2,7,1,6,7,5,2,7,2,1,1,1,1,1,1,1,1,0,1,0,0,1,1,1,1,3,2,1,1,57,1,1,1,60,1,3,4
3315,5.0,4.0,2.0,1.0,5.0,1.0,1.0,3.0,4.0,1.0,1.0,5.0,2.0,1.0,4.0,1.0,3.0,4.0,4.0,1.0,7,6,7,7,3,5,2,3,6,1,1,1,0,1,1,1,1,1,0,1,1,0,1,1,1,1,4,3,3,1,32,2,2,3,60,1,1,2
3316,4.0,4.0,1.0,2.0,2.0,1.0,1.0,3.0,4.0,2.0,1.0,4.0,2.0,1.0,5.0,2.0,1.0,5.0,5.0,2.0,3,6,7,6,5,3,3,1,6,5,1,1,0,1,1,0,0,0,0,1,0,0,1,1,1,1,3,2,1,1,53,1,1,1,60,1,3,2
3317,3.0,3.0,3.0,4.0,4.0,5.0,5.0,2.0,5.0,4.0,3.0,4.0,3.0,3.0,4.0,4.0,3.0,4.0,2.0,1.0,5,5,7,6,5,5,5,2,5,3,1,1,0,1,1,0,0,0,0,1,1,0,1,1,1,1,3,3,2,1,37,1,4,1,60,2,2,2
3318,3.0,2.0,5.0,4.0,2.0,5.0,4.0,2.0,5.0,5.0,4.0,3.0,2.0,3.0,1.0,2.0,3.0,1.0,4.0,5.0,6,7,5,4,5,1,6,2,5,3,1,1,0,1,1,0,0,0,0,1,0,0,1,1,1,1,2,2,1,1,20,1,1,1,60,1,1,2
3319,5.0,5.0,1.0,4.0,5.0,1.0,2.0,4.0,4.0,2.0,1.0,5.0,5.0,2.0,5.0,2.0,3.0,1.0,5.0,1.0,1,3,6,5,5,5,4,5,5,1,1,1,1,1,1,0,0,0,0,1,0,0,1,1,1,1,3,2,1,1,32,1,6,4,60,2,3,3
3320,3.0,4.0,4.0,4.0,4.0,4.0,2.0,1.0,5.0,3.0,2.0,3.0,1.0,1.0,5.0,5.0,2.0,1.0,5.0,1.0,7,5,2,2,7,1,5,5,6,2,1,1,1,1,1,0,0,0,0,1,0,0,1,1,1,1,2,2,1,2,20,1,4,1,70,2,1,2
3321,3.0,4.0,4.0,4.0,4.0,1.0,1.0,4.0,3.0,2.0,2.0,2.0,3.0,2.0,3.0,3.0,1.0,4.0,5.0,1.0,4,4,5,4,4,5,5,4,5,1,1,1,1,1,1,0,0,1,0,1,1,0,1,1,1,1,4,3,1,2,32,1,1,1,60,2,1,2
3322,2.0,3.0,2.0,2.0,4.0,3.0,2.0,3.0,4.0,2.0,1.0,4.0,2.0,1.0,4.0,3.0,1.0,4.0,5.0,2.0,2,5,6,5,5,6,5,4,3,2,1,1,1,1,1,0,1,0,0,1,1,0,1,1,1,1,3,1,1,1,55,1,2,5,60,2,1,5
3323,1.0,4.0,4.0,2.0,5.0,2.0,2.0,4.0,5.0,4.0,1.0,4.0,3.0,3.0,3.0,2.0,2.0,2.0,4.0,1.0,5,4,6,4,7,5,5,1,4,2,1,1,0,1,1,0,0,0,0,1,0,0,0,1,1,1,2,3,2,1,25,1,12,1,70,2,1,5
3324,5.0,4.0,4.0,2.0,5.0,1.0,1.0,5.0,4.0,2.0,1.0,5.0,4.0,2.0,4.0,2.0,1.0,4.0,5.0,4.0,1,4,4,4,4,7,4,4,7,2,1,1,0,1,1,0,1,1,0,1,0,0,1,1,1,1,4,2,1,1,22,1,1,1,10,2,1,2
3325,3.0,4.0,3.0,4.0,4.0,2.0,1.0,2.0,2.0,3.0,3.0,5.0,4.0,2.0,2.0,3.0,2.0,3.0,4.0,4.0,3,5,5,5,3,6,5,5,6,4,1,1,0,1,1,0,0,0,0,1,0,0,0,1,1,1,4,3,1,2,21,0,7,2,10,2,1,1
3326,5.0,5.0,1.0,1.0,5.0,1.0,1.0,5.0,1.0,1.0,1.0,5.0,5.0,1.0,5.0,1.0,1.0,5.0,1.0,5.0,5,6,6,6,6,4,1,1,4,4,1,1,1,1,1,1,0,1,1,1,0,1,1,1,1,1,4,2,1,1,26,1,4,1,60,1,1,2
3327,5.0,4.0,2.0,2.0,5.0,1.0,2.0,5.0,2.0,3.0,1.0,5.0,5.0,2.0,4.0,2.0,2.0,4.0,1.0,5.0,3,4,4,2,7,3,5,5,4,2,1,0,0,0,1,0,0,0,0,0,0,0,0,1,0,1,4,3,1,2,27,1,4,1,10,1,2,3
3328,4.0,1.0,1.0,1.0,5.0,1.0,2.0,5.0,2.0,5.0,3.0,5.0,4.0,1.0,5.0,1.0,4.0,5.0,5.0,5.0,0,0,0,0,0,0,0,0,0,0,1,0,0,1,1,0,0,0,0,1,0,0,1,0,1,1,2,3,1,2,23,1,8,0,10,1,1,2
3329,3.0,4.0,2.0,4.0,5.0,4.0,2.0,4.0,1.0,3.0,1.0,5.0,1.0,2.0,4.0,1.0,1.0,5.0,2.0,1.0,2,5,6,2,6,5,5,2,7,1,1,1,1,1,1,0,1,1,0,1,1,0,1,1,1,1,4,2,1,1,48,2,4,1,10,2,2,4
3330,3.0,5.0,2.0,2.0,2.0,1.0,1.0,4.0,3.0,3.0,1.0,4.0,3.0,2.0,5.0,1.0,4.0,3.0,5.0,2.0,2,5,3,6,5,6,4,5,3,2,1,1,1,1,1,0,0,1,1,1,1,0,1,1,1,1,2,3,1,1,26,1,1,1,60,1,1,1
3331,4.0,4.0,2.0,2.0,4.0,1.0,1.0,1.0,3.0,1.0,2.0,5.0,2.0,1.0,5.0,1.0,2.0,4.0,5.0,2.0,1,3,5,2,5,7,2,1,6,3,1,1,0,1,1,0,0,0,0,1,0,0,1,1,1,1,2,2,1,1,20,3,2,1,60,1,1,3
3332,4.0,2.0,5.0,2.0,5.0,4.0,2.0,4.0,5.0,3.0,2.0,4.0,4.0,4.0,5.0,3.0,4.0,4.0,4.0,3.0,5,5,5,6,3,4,6,2,4,6,1,1,0,1,1,0,0,0,0,1,0,0,0,0,1,1,2,3,2,1,18,1,12,1,60,2,1,5
3333,5.0,5.0,4.0,1.0,4.0,2.0,1.0,4.0,4.0,1.0,1.0,4.0,4.0,1.0,5.0,1.0,1.0,5.0,1.0,3.0,6,1,7,4,6,3,6,1,6,1,1,1,1,1,1,1,1,1,0,1,1,0,1,1,1,1,4,1,1,1,42,1,4,1,70,1,2,4
3334,1.0,3.0,5.0,5.0,1.0,4.0,4.0,2.0,5.0,4.0,2.0,3.0,1.0,4.0,1.0,2.0,5.0,3.0,2.0,1.0,2,5,6,4,5,3,6,3,4,7,1,1,1,1,1,0,0,0,0,1,0,0,1,1,1,1,3,1,2,1,23,1,5,1,60,1,2,6
3335,3.0,4.0,2.0,1.0,5.0,4.0,2.0,2.0,4.0,2.0,3.0,5.0,1.0,2.0,4.0,2.0,2.0,4.0,5.0,5.0,3,5,3,5,6,5,6,3,2,2,1,1,1,1,1,0,1,1,0,1,0,0,1,1,1,1,3,3,1,2,23,1,2,3,60,1,1,2
3336,4.0,5.0,4.0,1.0,5.0,2.0,5.0,4.0,3.0,2.0,3.0,5.0,2.0,2.0,4.0,1.0,5.0,4.0,5.0,1.0,3,7,6,7,7,5,6,7,1,1,1,1,0,1,0,0,0,1,0,1,0,0,0,1,1,1,4,3,2,2,29,1,2,2,10,2,1,2
3337,5.0,5.0,4.0,2.0,5.0,5.0,2.0,5.0,5.0,1.0,1.0,5.0,2.0,1.0,5.0,1.0,5.0,5.0,4.0,4.0,6,5,5,7,6,3,6,7,6,1,1,0,0,1,1,0,0,0,0,1,0,0,0,0,1,1,4,3,1,2,41,1,4,1,10,2,1,3
3338,1.0,1.0,2.0,4.0,2.0,4.0,1.0,1.0,5.0,5.0,1.0,4.0,1.0,1.0,1.0,1.0,1.0,1.0,5.0,1.0,4,5,5,6,3,1,5,1,1,7,1,1,1,1,1,0,1,0,0,1,1,0,1,1,1,1,3,3,1,1,48,1,1,2,60,2,1,2
3339,2.0,4.0,5.0,3.0,2.0,3.0,1.0,1.0,5.0,2.0,1.0,5.0,1.0,4.0,3.0,1.0,3.0,2.0,5.0,3.0,5,6,1,7,7,6,7,7,2,3,1,1,0,1,1,0,0,0,0,1,0,0,1,1,1,1,2,3,3,1,18,1,2,2,70,2,1,4
3340,4.0,4.0,2.0,3.0,3.0,3.0,3.0,4.0,3.0,4.0,2.0,2.0,1.0,4.0,4.0,4.0,2.0,2.0,4.0,1.0,2,6,6,6,5,6,4,2,5,2,1,1,0,1,1,0,0,0,0,1,0,1,0,1,1,1,2,3,2,2,19,1,1,1,70,2,1,4
3341,1.0,2.0,5.0,5.0,1.0,5.0,5.0,2.0,5.0,5.0,5.0,1.0,1.0,3.0,2.0,5.0,1.0,1.0,4.0,1.0,1,2,7,6,5,7,7,5,3,1,1,1,1,1,1,1,0,0,0,1,0,1,1,1,1,1,3,3,2,1,26,1,1,1,70,1,2,2
3342,5.0,4.0,3.0,1.0,4.0,1.0,1.0,5.0,2.0,1.0,1.0,2.0,5.0,1.0,5.0,1.0,3.0,4.0,5.0,3.0,6,6,7,2,7,5,6,1,7,1,1,1,0,1,1,0,0,1,0,1,0,0,0,1,1,1,1,2,1,1,17,1,2,1,60,2,1,1
3343,1.0,5.0,5.0,5.0,1.0,2.0,1.0,1.0,5.0,4.0,4.0,4.0,1.0,3.0,4.0,5.0,5.0,3.0,5.0,3.0,5,5,6,5,6,6,6,7,3,5,1,1,0,1,1,0,0,1,0,1,0,0,1,1,1,1,3,3,2,1,26,1,3,2,10,1,1,3
3344,2.0,1.0,5.0,1.0,2.0,5.0,5.0,1.0,5.0,5.0,1.0,1.0,1.0,1.0,1.0,1.0,3.0,5.0,5.0,2.0,1,6,6,2,6,6,5,5,5,2,1,1,1,1,1,0,1,0,0,1,1,0,1,1,1,1,3,1,1,1,63,1,2,1,60,1,1,4
3345,1.0,1.0,4.0,5.0,2.0,4.0,2.0,1.0,5.0,5.0,1.0,1.0,1.0,5.0,4.0,1.0,1.0,1.0,4.0,1.0,5,5,7,5,7,6,6,4,3,1,1,1,0,1,1,0,0,0,0,1,0,0,1,1,1,1,4,2,1,1,38,1,1,1,0,1,2,3
3346,3.0,4.0,4.0,1.0,2.0,4.0,1.0,2.0,5.0,3.0,1.0,4.0,2.0,1.0,2.0,2.0,2.0,4.0,4.0,1.0,2,4,7,1,6,3,4,2,5,3,1,1,1,1,1,1,0,0,0,1,1,0,1,1,1,1,3,1,2,1,35,1,4,1,50,1,2,2
3347,4.0,4.0,1.0,5.0,1.0,5.0,3.0,2.0,5.0,2.0,2.0,2.0,1.0,4.0,2.0,4.0,4.0,4.0,5.0,1.0,6,5,6,6,7,2,7,1,3,3,0,0,0,0,0,0,0,0,0,1,0,0,0,0,0,1,3,1,2,1,21,1,1,1,60,1,1,2
3348,1.0,4.0,4.0,5.0,2.0,4.0,2.0,4.0,5.0,2.0,2.0,4.0,4.0,2.0,5.0,4.0,1.0,4.0,3.0,1.0,7,6,2,5,6,2,7,6,6,5,1,1,1,1,1,0,0,1,0,1,0,0,1,1,1,1,4,2,2,1,26,1,10,1,20,2,1,2
3349,5.0,2.0,4.0,3.0,4.0,1.0,2.0,2.0,5.0,4.0,3.0,2.0,4.0,1.0,3.0,2.0,4.0,4.0,4.0,2.0,2,5,5,2,6,5,6,2,6,3,1,1,1,1,1,0,0,0,0,1,0,0,1,1,1,1,3,3,2,1,26,1,1,1,10,2,1,3
3350,1.0,4.0,1.0,1.0,5.0,2.0,1.0,3.0,3.0,1.0,1.0,5.0,3.0,1.0,5.0,1.0,1.0,5.0,5.0,1.0,3,1,5,6,7,6,6,5,1,1,1,1,1,1,1,0,1,1,0,1,1,0,1,1,1,1,4,2,1,2,40,1,2,3,60,2,2,2
3351,5.0,5.0,5.0,1.0,5.0,5.0,2.0,5.0,5.0,1.0,5.0,5.0,4.0,4.0,2.0,5.0,5.0,2.0,5.0,1.0,6,1,6,1,7,5,6,1,7,7,1,1,0,1,1,0,1,1,0,1,0,0,1,1,1,1,4,3,1,2,29,1,8,3,10,1,2,3
3352,4.0,4.0,5.0,3.0,5.0,5.0,3.0,2.0,5.0,4.0,2.0,4.0,3.0,1.0,3.0,2.0,1.0,2.0,5.0,3.0,6,5,6,5,7,6,6,5,7,2,0,0,0,0,0,0,0,0,0,1,0,0,0,0,0,1,4,3,1,2,27,1,8,1,10,2,1,2
3353,4.0,2.0,4.0,5.0,1.0,4.0,1.0,1.0,5.0,1.0,1.0,1.0,1.0,3.0,1.0,5.0,1.0,1.0,3.0,1.0,6,6,6,1,7,1,7,7,5,1,1,1,0,1,1,0,0,0,0,1,0,0,1,1,1,1,4,3,1,2,33,1,2,1,10,1,2,2
3354,5.0,5.0,5.0,4.0,3.0,5.0,5.0,3.0,5.0,5.0,1.0,5.0,1.0,1.0,3.0,5.0,5.0,5.0,1.0,5.0,5,3,5,3,7,0,1,1,7,7,1,0,0,1,0,0,0,0,0,0,0,0,0,1,1,1,4,3,1,1,25,1,8,5,10,2,1,2
3355,4.0,5.0,2.0,3.0,4.0,4.0,2.0,5.0,1.0,2.0,1.0,5.0,1.0,1.0,5.0,1.0,1.0,5.0,2.0,5.0,7,5,7,1,7,6,7,1,6,1,1,1,0,1,1,0,0,0,1,1,0,0,0,1,1,1,4,3,1,2,35,2,1,1,70,2,1,3
3356,2.0,2.0,4.0,3.0,4.0,4.0,2.0,1.0,5.0,2.0,2.0,1.0,1.0,2.0,4.0,2.0,4.0,4.0,5.0,3.0,7,3,6,3,7,3,7,2,7,1,1,1,1,1,1,0,0,1,0,1,0,1,1,1,1,1,4,2,2,1,26,1,2,2,60,1,2,2
3357,4.0,1.0,4.0,4.0,2.0,1.0,1.0,2.0,5.0,2.0,2.0,4.0,1.0,4.0,1.0,5.0,2.0,4.0,5.0,1.0,1,5,5,7,1,7,5,1,5,3,1,1,0,1,1,0,0,1,0,1,1,0,1,1,1,1,3,2,2,2,24,2,2,2,60,1,1,3
3358,2.0,4.0,5.0,3.0,1.0,2.0,2.0,1.0,5.0,5.0,2.0,3.0,3.0,2.0,3.0,2.0,3.0,3.0,5.0,2.0,5,1,6,3,3,7,5,3,6,2,1,0,0,1,1,0,0,0,0,0,0,0,0,0,1,1,3,2,1,2,26,1,8,1,10,1,1,2
3359,2.0,2.0,5.0,4.0,2.0,5.0,2.0,4.0,5.0,4.0,1.0,4.0,4.0,1.0,4.0,2.0,1.0,4.0,1.0,4.0,1,6,5,6,2,3,5,1,2,1,1,1,1,1,1,0,1,0,0,1,0,1,1,1,1,1,3,2,1,1,46,1,4,0,60,1,2,4
3360,4.0,4.0,3.0,3.0,5.0,3.0,1.0,5.0,3.0,2.0,2.0,3.0,1.0,4.0,5.0,2.0,3.0,4.0,2.0,3.0,2,1,3,1,5,7,2,4,7,6,0,0,0,1,0,0,0,0,0,1,0,0,0,0,1,1,2,2,2,2,18,2,10,1,10,2,1,2
3361,4.0,4.0,4.0,2.0,4.0,2.0,2.0,2.0,5.0,3.0,2.0,5.0,1.0,1.0,5.0,2.0,1.0,4.0,5.0,2.0,1,2,6,4,6,7,6,5,3,2,1,1,0,1,1,0,0,0,1,1,0,0,1,1,1,1,3,2,1,1,24,1,6,1,60,1,1,2
3362,5.0,5.0,2.0,2.0,5.0,4.0,5.0,4.0,4.0,1.0,3.0,5.0,5.0,4.0,4.0,1.0,1.0,5.0,5.0,2.0,3,2,7,1,7,7,5,1,7,3,1,1,0,1,1,0,0,0,0,1,0,0,1,1,1,1,2,1,1,1,27,1,7,1,60,1,1,4
3363,2.0,3.0,3.0,4.0,3.0,4.0,3.0,2.0,5.0,5.0,3.0,2.0,5.0,2.0,2.0,5.0,4.0,4.0,4.0,2.0,3,5,6,1,7,4,3,5,5,2,1,0,0,1,1,0,0,0,0,1,0,1,0,1,1,1,2,1,1,1,19,3,1,1,60,1,1,7
3364,4.0,1.0,4.0,5.0,1.0,1.0,2.0,2.0,5.0,5.0,2.0,1.0,2.0,2.0,1.0,2.0,1.0,4.0,4.0,1.0,6,6,7,1,7,2,7,1,7,1,1,1,1,1,1,1,0,1,0,1,0,0,1,1,1,1,4,3,2,1,63,1,4,1,70,1,3,2
3365,1.0,5.0,4.0,4.0,3.0,5.0,3.0,1.0,5.0,5.0,2.0,2.0,1.0,4.0,1.0,2.0,3.0,2.0,1.0,1.0,2,1,7,2,7,6,4,2,6,2,1,0,0,0,1,0,0,0,1,1,0,0,0,0,0,1,4,1,1,2,45,1,8,2,10,1,2,3
3366,2.0,5.0,2.0,2.0,4.0,2.0,1.0,4.0,3.0,2.0,1.0,4.0,4.0,2.0,4.0,3.0,3.0,4.0,4.0,4.0,4,3,5,6,5,4,5,5,5,1,1,1,0,1,1,0,0,0,1,1,1,0,1,1,1,1,0,2,2,1,30,1,1,3,60,1,1,3
3367,5.0,2.0,3.0,4.0,4.0,4.0,4.0,4.0,4.0,4.0,1.0,5.0,2.0,1.0,1.0,5.0,3.0,5.0,5.0,5.0,3,1,7,1,6,3,4,5,7,2,1,1,1,1,1,0,1,0,0,1,0,0,1,1,1,1,3,1,1,1,37,2,4,1,60,1,2,2
3368,1.0,1.0,1.0,2.0,2.0,2.0,2.0,1.0,5.0,1.0,1.0,4.0,2.0,2.0,1.0,4.0,2.0,4.0,3.0,1.0,6,5,5,3,6,2,6,5,6,1,1,1,1,1,1,0,1,1,0,1,1,0,1,1,1,1,4,2,1,1,50,1,3,1,60,1,2,4
3369,5.0,5.0,2.0,3.0,5.0,5.0,1.0,5.0,4.0,2.0,1.0,4.0,5.0,2.0,4.0,4.0,1.0,2.0,5.0,5.0,6,6,5,2,6,2,7,1,6,2,1,1,0,1,1,0,0,0,0,1,1,0,1,1,1,1,4,2,1,2,28,1,1,1,60,1,1,2
3370,4.0,4.0,5.0,1.0,4.0,4.0,4.0,2.0,5.0,4.0,1.0,5.0,4.0,2.0,2.0,1.0,3.0,5.0,4.0,2.0,1,6,7,6,7,7,6,1,2,3,1,1,0,1,1,0,0,0,0,1,0,0,0,0,1,1,3,3,1,2,38,1,1,1,10,2,1,4
3371,3.0,4.0,2.0,2.0,4.0,4.0,1.0,4.0,3.0,3.0,2.0,3.0,4.0,2.0,4.0,1.0,1.0,4.0,5.0,1.0,5,5,6,1,6,5,3,5,7,1,1,1,1,1,1,0,1,1,0,1,1,0,1,1,1,1,3,3,1,1,48,1,12,1,60,1,2,2
3372,4.0,3.0,4.0,3.0,5.0,3.0,2.0,5.0,5.0,5.0,1.0,4.0,3.0,1.0,4.0,1.0,2.0,3.0,5.0,3.0,3,5,4,4,6,4,4,4,4,4,1,1,0,1,1,0,0,0,0,1,0,0,1,1,1,1,2,3,2,2,24,1,10,1,20,2,1,4
3373,1.0,1.0,5.0,2.0,1.0,5.0,5.0,1.0,5.0,5.0,5.0,4.0,1.0,1.0,4.0,5.0,3.0,1.0,3.0,1.0,5,5,6,5,6,5,7,6,5,1,1,1,0,1,1,0,1,1,0,1,0,1,0,1,1,1,4,3,2,1,58,1,12,1,60,0,3,3
3374,5.0,4.0,2.0,1.0,5.0,5.0,2.0,4.0,4.0,4.0,1.0,5.0,4.0,1.0,5.0,1.0,3.0,2.0,4.0,5.0,6,1,6,2,6,5,3,3,7,2,1,1,0,1,1,0,0,0,0,1,1,0,1,1,1,1,3,2,1,1,30,1,12,3,70,1,1,2
3375,1.0,5.0,1.0,4.0,5.0,1.0,1.0,5.0,5.0,4.0,1.0,1.0,1.0,1.0,1.0,1.0,1.0,1.0,5.0,1.0,1,7,6,1,5,7,7,5,7,6,1,1,0,1,1,0,1,1,0,1,1,0,1,1,1,1,4,3,1,2,30,1,2,1,60,2,1,2
3376,5.0,1.0,5.0,2.0,5.0,1.0,5.0,5.0,2.0,4.0,1.0,5.0,5.0,1.0,5.0,2.0,1.0,5.0,5.0,5.0,6,7,7,7,7,7,4,1,7,6,1,1,0,1,1,0,0,0,0,1,0,0,1,1,1,1,2,3,1,1,30,1,1,1,60,1,2,5
3377,2.0,2.0,5.0,4.0,3.0,3.0,3.0,4.0,4.0,4.0,2.0,5.0,2.0,2.0,2.0,4.0,3.0,4.0,4.0,1.0,6,5,4,5,5,6,6,5,5,2,1,1,0,1,1,0,0,0,0,1,0,0,0,0,1,1,3,3,1,2,28,1,2,1,60,2,1,3
3378,1.0,1.0,4.0,4.0,1.0,4.0,2.0,1.0,5.0,5.0,2.0,1.0,1.0,3.0,4.0,4.0,1.0,2.0,4.0,1.0,1,2,3,3,3,7,6,2,4,3,1,1,1,1,1,0,0,1,0,1,0,0,1,1,1,1,3,2,2,2,31,1,1,1,60,1,1,3
3379,4.0,5.0,5.0,2.0,4.0,2.0,5.0,5.0,3.0,1.0,1.0,4.0,1.0,2.0,4.0,1.0,1.0,5.0,5.0,1.0,2,1,5,7,1,7,5,1,4,2,1,0,0,1,0,0,0,0,0,1,0,0,0,1,1,1,2,3,2,1,18,2,2,3,60,2,1,8
3380,2.0,3.0,2.0,3.0,4.0,4.0,2.0,3.0,5.0,4.0,1.0,4.0,4.0,3.0,5.0,1.0,3.0,2.0,2.0,3.0,4,7,5,6,6,3,4,7,1,1,1,1,1,1,1,0,1,1,0,1,1,0,1,1,1,1,3,1,1,1,45,1,12,1,70,2,1,3
3381,3.0,3.0,4.0,3.0,3.0,4.0,3.0,2.0,4.0,3.0,2.0,4.0,2.0,4.0,3.0,4.0,3.0,3.0,5.0,3.0,6,4,7,5,5,3,6,1,4,4,0,0,0,0,0,0,0,0,0,0,0,0,0,0,0,1,2,2,1,1,19,1,0,1,50,1,1,2
3382,3.0,4.0,5.0,3.0,3.0,1.0,3.0,3.0,5.0,1.0,1.0,5.0,1.0,3.0,4.0,1.0,2.0,1.0,5.0,3.0,4,3,7,4,6,5,5,2,4,3,1,1,0,1,1,0,0,1,0,1,0,0,0,1,1,1,4,3,1,2,25,1,2,1,10,2,1,1
3383,1.0,1.0,2.0,3.0,2.0,5.0,2.0,3.0,5.0,4.0,3.0,4.0,1.0,1.0,2.0,3.0,2.0,2.0,5.0,1.0,5,6,4,7,5,5,6,5,3,1,1,0,0,1,1,0,0,0,0,1,0,0,0,1,1,1,2,3,2,2,21,3,6,2,60,1,1,1
3384,5.0,5.0,1.0,1.0,5.0,1.0,1.0,5.0,1.0,1.0,1.0,5.0,5.0,1.0,5.0,1.0,1.0,5.0,5.0,5.0,4,5,7,5,1,7,4,1,7,6,1,1,1,1,1,0,1,1,0,1,1,0,1,1,1,1,3,2,1,1,58,1,2,1,60,1,2,4
3385,5.0,5.0,1.0,1.0,5.0,1.0,1.0,5.0,1.0,1.0,1.0,5.0,5.0,2.0,5.0,1.0,1.0,5.0,5.0,2.0,3,7,6,4,3,5,2,1,5,6,1,1,0,1,1,0,0,0,0,1,0,0,1,1,1,1,3,2,1,1,24,1,1,1,60,2,1,2
3386,1.0,2.0,4.0,4.0,1.0,5.0,2.0,2.0,4.0,4.0,1.0,2.0,1.0,2.0,2.0,4.0,3.0,4.0,2.0,1.0,6,5,2,2,7,5,5,6,5,1,1,1,0,1,1,0,0,0,0,1,0,0,1,1,1,1,4,3,2,1,32,1,1,1,60,2,1,4
3387,4.0,4.0,2.0,5.0,4.0,2.0,2.0,1.0,5.0,2.0,2.0,5.0,2.0,1.0,5.0,3.0,1.0,4.0,5.0,1.0,6,2,3,1,7,6,6,7,7,1,1,1,0,1,1,0,0,0,0,1,0,0,1,1,1,1,3,3,1,1,20,1,1,1,30,2,1,2
3388,4.0,3.0,2.0,3.0,1.0,3.0,1.0,5.0,3.0,2.0,2.0,5.0,2.0,1.0,4.0,1.0,4.0,4.0,5.0,1.0,1,6,4,3,6,6,5,2,7,2,1,1,1,1,1,0,0,0,0,1,0,0,1,1,1,1,2,2,1,1,19,1,1,2,60,1,1,1
3389,2.0,4.0,5.0,5.0,2.0,2.0,2.0,1.0,5.0,5.0,1.0,4.0,2.0,2.0,4.0,5.0,2.0,2.0,5.0,1.0,6,2,3,2,7,5,0,5,5,1,1,1,0,1,1,1,0,0,0,1,0,0,1,1,1,1,3,1,2,1,53,1,1,1,60,1,3,3
3390,4.0,5.0,1.0,1.0,1.0,1.0,1.0,4.0,1.0,1.0,1.0,5.0,5.0,1.0,5.0,1.0,5.0,5.0,5.0,5.0,6,5,3,4,7,2,3,6,3,1,1,0,0,1,0,0,0,1,0,0,0,0,0,1,0,1,3,1,1,2,22,1,2,1,60,2,1,2
3391,2.0,5.0,4.0,5.0,1.0,1.0,1.0,2.0,4.0,4.0,1.0,5.0,4.0,1.0,4.0,4.0,5.0,5.0,1.0,1.0,6,3,5,2,7,1,6,1,6,1,1,1,0,1,1,0,0,1,0,1,0,0,0,0,1,1,3,3,1,2,24,1,10,1,20,2,1,3
3392,4.0,1.0,5.0,5.0,1.0,4.0,2.0,1.0,5.0,3.0,1.0,1.0,2.0,3.0,1.0,4.0,4.0,3.0,5.0,1.0,3,5,3,7,5,6,6,7,2,2,1,1,1,1,1,1,0,1,0,1,1,0,1,1,1,1,4,2,2,1,43,1,1,1,60,1,2,2
3393,1.0,1.0,4.0,5.0,2.0,5.0,4.0,1.0,5.0,5.0,4.0,1.0,1.0,4.0,3.0,5.0,5.0,1.0,4.0,1.0,3,2,6,1,7,6,5,1,6,1,1,1,1,1,1,1,0,0,0,1,1,0,1,1,1,1,2,2,2,1,53,1,7,1,60,2,3,3
3394,4.0,5.0,1.0,2.0,4.0,1.0,1.0,3.0,3.0,2.0,1.0,5.0,4.0,2.0,5.0,1.0,1.0,4.0,3.0,3.0,4,6,6,5,6,6,3,4,2,4,1,1,1,1,1,1,0,1,0,1,1,0,1,1,1,1,4,2,1,1,25,1,4,1,60,1,1,2
3395,4.0,5.0,2.0,2.0,3.0,2.0,1.0,2.0,3.0,3.0,2.0,4.0,4.0,1.0,3.0,1.0,1.0,4.0,5.0,4.0,4,5,6,1,6,7,2,5,6,2,1,1,1,1,1,0,0,0,0,1,0,0,1,1,1,1,2,2,1,1,19,1,2,4,60,1,1,3
3396,4.0,5.0,3.0,4.0,2.0,2.0,2.0,5.0,3.0,1.0,1.0,4.0,2.0,2.0,5.0,3.0,2.0,4.0,5.0,4.0,3,5,6,4,5,6,3,3,5,5,1,1,1,1,1,0,0,0,0,1,0,0,1,1,1,1,4,2,1,1,30,1,4,1,60,1,1,2
3397,4.0,3.0,4.0,5.0,2.0,2.0,2.0,5.0,5.0,2.0,1.0,5.0,1.0,1.0,4.0,2.0,1.0,5.0,5.0,1.0,2,2,6,1,7,6,6,6,7,2,1,1,1,1,1,0,0,1,0,1,1,0,1,1,1,1,3,2,1,2,57,1,2,2,60,2,2,5
3398,5.0,4.0,1.0,3.0,5.0,1.0,1.0,3.0,3.0,1.0,1.0,4.0,5.0,2.0,3.0,2.0,2.0,5.0,5.0,1.0,3,5,2,6,7,7,4,5,3,1,1,1,1,1,1,0,0,1,0,1,0,0,1,1,1,1,2,3,1,1,22,2,2,2,60,2,1,2
3399,5.0,4.0,4.0,1.0,4.0,3.0,4.0,2.0,5.0,5.0,2.0,5.0,2.0,1.0,2.0,1.0,3.0,1.0,5.0,1.0,5,7,1,7,6,6,5,4,1,4,0,1,0,1,0,0,0,0,0,1,0,0,0,0,1,1,2,2,2,2,19,1,7,1,10,2,1,3
3400,4.0,5.0,1.0,3.0,4.0,1.0,1.0,5.0,2.0,1.0,2.0,5.0,2.0,1.0,5.0,1.0,2.0,4.0,5.0,4.0,3,1,7,2,5,3,5,3,7,5,1,1,1,1,1,0,1,1,0,1,0,0,1,1,1,1,4,3,1,1,26,1,7,1,60,1,1,2
3401,5.0,4.0,1.0,2.0,5.0,1.0,1.0,5.0,3.0,1.0,2.0,1.0,1.0,1.0,4.0,1.0,3.0,4.0,5.0,1.0,2,1,3,5,5,6,6,6,7,1,1,1,1,1,1,0,0,1,0,1,1,0,1,1,1,1,2,3,1,1,34,1,1,1,60,2,1,1
3402,2.0,2.0,4.0,5.0,2.0,4.0,4.0,1.0,5.0,5.0,2.0,1.0,1.0,2.0,1.0,4.0,3.0,3.0,4.0,1.0,6,5,6,4,7,5,6,5,5,3,1,1,1,1,1,0,0,1,0,1,0,0,1,1,1,1,3,1,2,1,31,1,5,1,60,1,1,6
3403,4.0,4.0,3.0,2.0,5.0,1.0,1.0,4.0,3.0,2.0,4.0,5.0,4.0,1.0,1.0,1.0,4.0,4.0,5.0,3.0,2,6,2,5,6,4,3,7,2,6,1,1,0,1,1,0,0,0,0,1,0,0,1,1,1,1,4,1,2,2,28,1,1,2,10,2,1,4
3404,2.0,2.0,5.0,4.0,3.0,4.0,4.0,1.0,5.0,5.0,2.0,3.0,1.0,2.0,5.0,5.0,5.0,5.0,5.0,1.0,6,6,5,6,7,4,7,3,3,2,0,1,0,1,0,0,0,0,0,0,0,0,0,1,1,1,3,2,1,1,29,1,12,1,60,1,1,3
3405,1.0,4.0,2.0,2.0,2.0,2.0,4.0,2.0,3.0,4.0,1.0,4.0,3.0,5.0,4.0,4.0,2.0,4.0,5.0,1.0,6,2,7,1,6,2,6,5,7,7,1,1,0,1,1,0,0,0,0,1,0,0,1,1,1,1,3,2,2,1,20,1,3,1,10,2,1,3
3406,1.0,1.0,5.0,5.0,1.0,3.0,1.0,3.0,5.0,5.0,1.0,1.0,1.0,1.0,1.0,1.0,3.0,3.0,5.0,1.0,6,1,6,6,6,3,7,5,3,7,1,1,1,1,1,0,1,1,0,1,1,0,1,1,1,1,4,3,2,1,56,1,2,1,60,1,2,3
3407,1.0,3.0,5.0,3.0,5.0,4.0,5.0,3.0,4.0,4.0,3.0,4.0,3.0,3.0,2.0,3.0,2.0,4.0,5.0,3.0,3,6,3,5,5,2,4,6,3,2,1,1,1,1,1,0,0,0,0,1,0,0,1,1,1,0,2,2,1,2,22,1,6,3,10,1,1,2
3408,4.0,2.0,4.0,4.0,3.0,5.0,1.0,4.0,5.0,4.0,2.0,4.0,4.0,1.0,4.0,1.0,4.0,4.0,5.0,1.0,2,3,6,1,7,5,7,1,6,5,1,1,0,1,1,0,0,0,0,1,0,0,1,1,1,1,3,3,2,1,33,1,12,1,60,1,1,2
3409,2.0,2.0,4.0,2.0,4.0,2.0,1.0,1.0,5.0,4.0,1.0,4.0,1.0,1.0,1.0,2.0,1.0,2.0,4.0,1.0,6,5,5,5,2,2,6,2,6,2,1,1,0,1,1,0,0,0,0,1,0,0,0,1,1,1,2,2,2,1,20,1,4,1,60,2,1,3
3410,5.0,4.0,5.0,3.0,4.0,1.0,1.0,5.0,4.0,1.0,2.0,5.0,4.0,1.0,5.0,1.0,2.0,5.0,4.0,1.0,2,5,6,3,7,6,3,6,7,1,1,1,1,1,1,0,1,1,0,1,0,0,1,1,1,1,1,2,2,1,15,1,6,1,60,2,1,2
3411,4.0,1.0,2.0,2.0,4.0,2.0,3.0,3.0,3.0,2.0,2.0,4.0,4.0,2.0,3.0,2.0,2.0,2.0,4.0,4.0,2,5,6,5,6,6,5,2,6,5,1,1,1,1,1,0,1,1,0,1,0,1,1,1,1,1,3,3,1,1,32,1,2,2,60,2,1,3
3412,5.0,5.0,5.0,2.0,5.0,2.0,2.0,4.0,3.0,5.0,1.0,4.0,4.0,2.0,2.0,3.0,3.0,5.0,5.0,2.0,1,2,5,1,7,7,5,4,7,3,1,1,0,1,1,0,0,0,0,1,1,0,0,1,1,1,3,1,1,2,30,1,2,2,70,2,1,0
3413,5.0,1.0,1.0,1.0,4.0,1.0,1.0,4.0,3.0,4.0,2.0,5.0,2.0,1.0,5.0,1.0,2.0,4.0,5.0,3.0,6,6,5,1,7,1,7,2,7,1,1,1,0,1,1,0,0,0,0,1,0,0,1,1,1,1,4,3,1,2,24,2,2,1,60,1,2,2
3414,5.0,5.0,4.0,1.0,5.0,2.0,1.0,5.0,3.0,4.0,1.0,5.0,5.0,2.0,5.0,3.0,1.0,5.0,4.0,5.0,7,7,7,7,7,7,7,5,5,1,1,1,1,1,1,0,1,1,0,1,0,0,1,1,1,1,4,1,1,2,31,1,10,1,20,1,1,4
3415,5.0,2.0,1.0,4.0,3.0,1.0,1.0,4.0,3.0,2.0,1.0,5.0,2.0,1.0,5.0,1.0,1.0,2.0,5.0,4.0,6,3,7,1,7,4,2,3,7,2,1,1,1,1,1,0,0,1,0,1,0,1,1,1,1,1,3,2,1,1,27,2,7,1,60,2,1,2
3416,4.0,1.0,4.0,4.0,2.0,4.0,2.0,2.0,5.0,5.0,2.0,4.0,1.0,1.0,1.0,2.0,2.0,3.0,5.0,5.0,2,2,6,2,3,5,2,3,6,2,1,1,0,1,1,0,0,1,0,1,0,0,1,1,1,1,3,3,1,1,29,1,3,1,70,2,1,2
3417,5.0,5.0,2.0,3.0,5.0,2.0,1.0,4.0,2.0,4.0,1.0,5.0,4.0,1.0,5.0,1.0,5.0,5.0,5.0,5.0,6,6,7,4,6,2,6,1,3,3,1,0,0,0,1,0,0,0,0,1,0,0,0,1,1,1,3,3,1,1,32,1,10,1,10,2,2,3
3418,5.0,1.0,5.0,5.0,1.0,5.0,5.0,1.0,5.0,5.0,5.0,4.0,1.0,5.0,1.0,5.0,1.0,1.0,5.0,1.0,6,2,7,1,6,3,6,1,6,2,1,1,0,1,1,0,0,0,0,1,0,0,0,1,1,1,3,2,1,2,29,1,8,1,10,1,2,3
3419,4.0,2.0,5.0,1.0,4.0,5.0,5.0,1.0,5.0,4.0,1.0,4.0,1.0,2.0,4.0,5.0,1.0,2.0,4.0,1.0,3,1,7,1,7,6,6,1,7,2,1,1,0,1,1,0,0,0,1,1,0,0,1,1,1,1,3,2,1,1,45,1,6,1,60,2,2,3
3420,5.0,4.0,1.0,4.0,5.0,1.0,1.0,2.0,3.0,2.0,1.0,5.0,2.0,2.0,4.0,3.0,2.0,3.0,5.0,5.0,5,5,6,4,7,5,5,3,6,1,0,0,0,0,0,0,0,0,0,0,0,0,0,0,0,0,3,2,1,1,37,1,3,1,60,2,1,3
3421,2.0,5.0,3.0,4.0,4.0,2.0,2.0,1.0,5.0,4.0,1.0,2.0,1.0,1.0,4.0,1.0,2.0,4.0,2.0,1.0,6,6,7,5,6,7,2,1,3,7,1,1,1,1,1,0,1,0,0,1,1,0,1,1,1,1,3,2,2,1,53,3,6,1,60,1,3,2
3422,2.0,4.0,2.0,5.0,1.0,4.0,2.0,2.0,5.0,3.0,1.0,4.0,4.0,2.0,3.0,1.0,3.0,5.0,5.0,1.0,7,5,6,2,6,2,7,1,7,3,1,1,0,1,1,0,0,1,0,1,0,0,1,1,1,1,4,3,2,1,39,1,2,3,60,1,1,4
3423,2.0,1.0,4.0,3.0,3.0,2.0,2.0,3.0,4.0,4.0,1.0,5.0,1.0,1.0,2.0,2.0,1.0,3.0,5.0,1.0,3,5,2,1,6,6,5,6,6,2,1,1,0,1,1,0,0,1,0,1,0,0,1,1,1,1,2,2,1,2,22,1,4,1,60,1,1,2
3424,5.0,5.0,1.0,3.0,5.0,3.0,3.0,5.0,3.0,1.0,1.0,5.0,5.0,1.0,5.0,1.0,1.0,5.0,5.0,5.0,1,7,1,7,7,7,1,7,1,7,1,1,0,1,0,0,0,1,0,1,0,0,0,1,1,1,3,1,1,2,25,1,10,1,10,2,1,2
3425,5.0,4.0,2.0,2.0,5.0,2.0,1.0,4.0,3.0,2.0,1.0,4.0,4.0,1.0,5.0,2.0,5.0,4.0,5.0,1.0,5,2,2,1,6,6,2,2,6,6,1,1,1,1,1,0,0,1,0,1,1,0,1,1,1,1,3,3,1,2,28,1,1,1,70,1,1,2
3426,1.0,2.0,4.0,4.0,1.0,2.0,1.0,1.0,5.0,2.0,2.0,2.0,1.0,2.0,2.0,1.0,2.0,2.0,5.0,1.0,5,6,6,5,4,3,6,5,6,5,1,1,0,1,1,0,0,0,0,1,0,0,1,1,1,1,3,2,1,1,26,1,1,1,10,2,1,2
3427,5.0,5.0,1.0,3.0,4.0,1.0,2.0,5.0,4.0,3.0,2.0,5.0,4.0,1.0,4.0,1.0,5.0,5.0,5.0,3.0,2,2,6,1,7,6,3,3,7,3,1,1,1,1,1,0,0,1,0,1,0,1,1,1,1,1,3,3,1,1,33,1,12,1,70,1,2,2
3428,5.0,5.0,1.0,1.0,5.0,1.0,1.0,5.0,1.0,1.0,1.0,5.0,5.0,1.0,5.0,1.0,1.0,5.0,5.0,5.0,7,7,6,1,6,1,7,5,6,2,1,1,0,1,1,0,0,1,0,1,1,0,1,1,1,1,4,1,1,2,28,1,1,1,50,1,1,2
3429,5.0,4.0,1.0,1.0,5.0,2.0,1.0,5.0,1.0,3.0,1.0,5.0,5.0,3.0,3.0,4.0,1.0,5.0,5.0,5.0,6,7,7,2,6,2,6,2,6,2,1,1,1,1,1,0,0,1,0,1,0,0,1,1,1,1,3,1,1,2,21,1,2,1,60,1,1,0
3430,5.0,5.0,3.0,2.0,4.0,1.0,1.0,5.0,4.0,3.0,1.0,5.0,5.0,2.0,2.0,1.0,1.0,4.0,5.0,1.0,1,4,7,5,3,6,5,2,2,3,1,1,1,1,1,0,0,0,0,1,1,0,1,1,1,1,2,2,1,1,34,1,1,1,60,1,1,2
3431,2.0,4.0,2.0,5.0,1.0,5.0,5.0,1.0,5.0,4.0,4.0,2.0,1.0,5.0,5.0,5.0,2.0,1.0,5.0,1.0,7,7,6,2,7,3,7,6,6,5,1,1,1,1,1,0,0,0,0,1,0,0,1,1,1,1,2,2,1,1,22,1,1,1,60,2,1,2
3432,5.0,3.0,3.0,2.0,5.0,3.0,2.0,2.0,2.0,2.0,1.0,5.0,4.0,2.0,2.0,1.0,1.0,5.0,5.0,2.0,4,6,4,5,7,5,4,6,3,2,1,1,0,1,1,0,0,0,0,1,0,0,1,1,1,1,2,2,1,2,22,1,2,1,10,2,1,1
3433,1.0,1.0,5.0,4.0,2.0,4.0,4.0,1.0,4.0,5.0,2.0,2.0,1.0,3.0,3.0,4.0,2.0,1.0,4.0,3.0,4,5,6,5,6,6,6,2,3,2,1,1,0,1,1,0,0,0,0,1,0,0,1,1,1,1,3,2,1,1,65,1,1,1,60,1,2,3
3434,2.0,3.0,1.0,1.0,5.0,1.0,1.0,5.0,1.0,2.0,2.0,1.0,2.0,1.0,5.0,2.0,1.0,4.0,5.0,2.0,1,1,6,1,6,7,2,6,6,1,1,1,1,1,1,0,0,1,0,1,0,0,1,1,1,1,2,3,2,2,18,1,1,2,30,1,1,2
3435,5.0,5.0,3.0,1.0,5.0,3.0,1.0,5.0,3.0,5.0,1.0,5.0,5.0,1.0,5.0,1.0,1.0,5.0,5.0,5.0,5,7,5,2,7,5,4,1,7,2,1,1,0,1,1,1,0,0,0,1,1,1,1,1,1,1,2,1,1,1,21,1,1,1,60,1,1,5
3436,2.0,2.0,4.0,4.0,4.0,3.0,2.0,4.0,5.0,4.0,3.0,3.0,2.0,4.0,3.0,4.0,3.0,3.0,4.0,1.0,7,6,6,7,6,4,4,5,2,4,1,1,0,1,1,0,0,0,0,1,0,0,0,0,0,0,3,3,2,2,20,1,0,0,0,1,1,2
3437,3.0,5.0,1.0,2.0,5.0,1.0,1.0,4.0,4.0,2.0,4.0,5.0,2.0,1.0,5.0,1.0,3.0,5.0,5.0,3.0,1,7,6,2,3,7,5,2,5,5,1,1,1,1,0,0,0,1,0,1,0,0,1,1,1,1,1,1,1,2,17,1,2,1,60,2,1,2
3438,1.0,1.0,2.0,1.0,4.0,4.0,4.0,2.0,5.0,3.0,1.0,5.0,1.0,4.0,5.0,2.0,1.0,4.0,5.0,3.0,4,5,2,5,6,1,5,5,5,2,1,1,1,1,1,0,1,1,0,1,0,1,1,1,1,1,3,3,2,1,30,1,1,1,60,1,3,5
3439,5.0,5.0,1.0,1.0,3.0,1.0,1.0,4.0,2.0,1.0,1.0,5.0,3.0,1.0,4.0,1.0,3.0,3.0,5.0,5.0,2,7,4,3,3,7,5,3,3,6,1,1,0,1,1,0,0,1,0,1,0,1,1,1,1,1,3,3,1,2,24,1,2,1,60,2,1,2
3440,5.0,5.0,1.0,1.0,5.0,1.0,1.0,1.0,1.0,1.0,1.0,5.0,5.0,1.0,4.0,1.0,1.0,5.0,5.0,1.0,5,5,2,2,7,5,2,7,6,1,1,1,0,1,1,0,0,0,0,1,0,0,1,1,1,1,2,3,1,2,19,1,10,1,20,2,1,1
3441,2.0,4.0,5.0,1.0,4.0,1.0,2.0,2.0,4.0,2.0,1.0,4.0,2.0,1.0,3.0,5.0,2.0,5.0,4.0,3.0,2,7,6,6,7,5,7,4,2,2,1,1,0,1,1,0,0,1,0,1,1,0,1,1,1,1,3,3,1,2,32,1,2,1,60,2,1,2
3442,5.0,5.0,1.0,1.0,5.0,1.0,1.0,5.0,1.0,1.0,1.0,5.0,5.0,1.0,5.0,1.0,1.0,5.0,5.0,5.0,1,6,6,3,3,7,3,5,7,1,1,1,1,1,1,0,0,0,0,1,0,0,1,0,1,1,2,3,1,2,23,1,2,1,70,2,1,1
3443,4.0,4.0,1.0,1.0,4.0,1.0,3.0,5.0,3.0,4.0,1.0,5.0,2.0,1.0,1.0,3.0,1.0,4.0,5.0,5.0,6,3,6,2,7,5,5,6,1,1,1,1,0,1,1,0,1,1,0,1,0,0,1,1,1,1,2,1,2,2,24,1,12,1,60,1,1,3
3444,3.0,5.0,2.0,2.0,2.0,1.0,2.0,2.0,3.0,1.0,1.0,4.0,1.0,1.0,1.0,4.0,2.0,4.0,1.0,5.0,1,1,5,1,7,7,3,5,7,1,1,1,0,1,1,0,0,1,0,1,1,0,1,1,1,1,4,3,1,2,24,1,10,1,20,2,1,2
3445,2.0,2.0,3.0,4.0,2.0,4.0,2.0,2.0,5.0,3.0,3.0,2.0,1.0,4.0,4.0,4.0,2.0,3.0,5.0,1.0,3,3,6,7,6,7,7,3,4,2,1,1,0,1,1,0,0,0,0,1,0,0,1,1,1,1,2,2,2,1,21,1,1,1,60,1,1,3
3446,5.0,4.0,2.0,1.0,5.0,2.0,2.0,5.0,2.0,2.0,1.0,5.0,5.0,1.0,5.0,2.0,1.0,4.0,5.0,2.0,2,5,6,5,7,6,3,1,4,5,1,1,1,1,1,0,0,1,0,1,0,1,1,1,1,1,3,2,1,1,22,2,7,1,60,2,1,1
3447,5.0,4.0,2.0,4.0,4.0,2.0,1.0,4.0,4.0,2.0,1.0,5.0,2.0,2.0,4.0,1.0,1.0,5.0,5.0,2.0,3,1,6,2,6,6,3,3,4,4,1,1,0,1,1,0,0,0,0,1,1,0,1,1,1,1,3,2,1,1,39,1,12,1,70,1,1,1
3448,2.0,4.0,4.0,5.0,1.0,4.0,2.0,2.0,5.0,3.0,1.0,4.0,4.0,4.0,5.0,3.0,3.0,3.0,5.0,1.0,3,1,6,6,7,7,7,3,2,2,1,1,1,1,1,0,0,1,1,1,0,1,1,1,1,1,2,2,2,1,18,1,2,1,60,1,1,2
3449,2.0,2.0,3.0,4.0,4.0,4.0,2.0,2.0,4.0,4.0,2.0,3.0,3.0,2.0,3.0,4.0,3.0,3.0,4.0,2.0,6,5,7,3,5,5,5,4,5,1,1,1,0,1,1,0,0,0,0,1,0,0,1,1,1,1,3,3,2,1,34,1,1,1,60,2,1,3
3450,5.0,3.0,1.0,1.0,3.0,1.0,1.0,2.0,3.0,1.0,1.0,5.0,1.0,3.0,3.0,1.0,1.0,5.0,5.0,1.0,5,6,7,4,7,3,5,4,5,1,1,0,0,1,1,0,0,0,0,1,0,0,0,1,1,1,2,3,1,1,21,1,4,1,70,1,1,3
3451,3.0,2.0,3.0,3.0,4.0,1.0,1.0,5.0,1.0,4.0,1.0,4.0,4.0,1.0,3.0,1.0,1.0,4.0,5.0,4.0,4,7,6,2,7,6,4,3,6,1,1,1,0,1,1,1,1,1,0,1,0,0,1,1,1,1,0,3,1,2,23,1,2,1,60,2,1,3
3452,4.0,1.0,3.0,4.0,2.0,3.0,2.0,4.0,5.0,2.0,2.0,3.0,1.0,1.0,3.0,4.0,2.0,4.0,5.0,1.0,5,5,6,2,4,3,3,5,6,3,1,1,0,1,1,0,0,0,0,1,0,0,1,1,1,1,4,3,1,1,21,1,6,1,60,2,1,4
3453,4.0,4.0,4.0,3.0,3.0,5.0,4.0,4.0,5.0,4.0,2.0,4.0,2.0,3.0,4.0,2.0,2.0,3.0,4.0,1.0,5,5,6,6,4,5,6,1,4,4,1,1,0,1,1,0,0,1,0,1,0,0,0,0,1,1,3,3,2,2,25,1,1,1,50,1,1,4
3454,1.0,2.0,5.0,4.0,1.0,5.0,5.0,1.0,5.0,5.0,4.0,5.0,1.0,3.0,4.0,5.0,5.0,1.0,5.0,1.0,5,3,7,2,6,2,6,1,5,3,1,1,0,1,1,1,0,0,0,1,1,1,1,1,1,1,3,1,2,1,21,1,12,3,60,1,1,2
3455,1.0,3.0,3.0,4.0,5.0,4.0,4.0,5.0,4.0,2.0,1.0,5.0,2.0,1.0,2.0,3.0,1.0,5.0,4.0,3.0,2,6,6,4,5,6,5,4,5,3,1,1,0,1,1,0,0,1,0,1,1,0,1,1,1,1,3,1,1,2,30,2,7,1,60,2,1,1
3456,5.0,1.0,1.0,4.0,5.0,1.0,2.0,2.0,3.0,4.0,1.0,3.0,3.0,1.0,4.0,4.0,2.0,2.0,1.0,2.0,6,3,7,2,6,5,6,1,7,2,1,1,0,1,1,1,0,1,0,1,0,0,1,1,1,1,3,3,1,1,21,1,7,1,60,2,1,2
3457,3.0,3.0,4.0,3.0,2.0,3.0,4.0,2.0,5.0,4.0,1.0,5.0,1.0,4.0,5.0,3.0,3.0,2.0,5.0,2.0,3,4,5,7,7,4,5,2,2,2,1,1,0,1,1,0,1,1,0,1,0,1,1,1,1,1,3,2,1,1,19,1,1,3,60,2,1,2
3458,1.0,3.0,4.0,5.0,3.0,4.0,4.0,4.0,5.0,4.0,1.0,4.0,4.0,3.0,3.0,2.0,1.0,4.0,5.0,1.0,3,6,6,2,7,5,5,5,6,5,1,1,0,1,1,0,0,0,0,1,0,0,1,1,1,1,2,1,1,1,18,1,7,1,60,2,1,2
3459,5.0,4.0,1.0,1.0,5.0,1.0,1.0,5.0,2.0,1.0,1.0,5.0,4.0,2.0,4.0,4.0,1.0,5.0,1.0,5.0,7,6,7,1,2,1,1,1,6,5,1,1,1,1,1,0,0,0,1,1,0,1,1,1,1,1,3,1,1,1,20,1,6,1,60,1,1,3
3460,5.0,1.0,1.0,1.0,4.0,1.0,1.0,5.0,1.0,5.0,1.0,5.0,5.0,3.0,1.0,1.0,1.0,5.0,5.0,4.0,1,6,6,6,6,7,1,6,7,2,1,0,0,1,1,0,0,0,0,1,0,0,0,1,1,1,3,3,1,2,22,1,1,1,10,1,1,2
3461,4.0,4.0,3.0,4.0,2.0,5.0,2.0,4.0,5.0,5.0,2.0,2.0,5.0,3.0,4.0,4.0,2.0,3.0,4.0,1.0,6,3,3,5,6,3,6,5,3,4,1,0,0,0,1,0,0,0,0,0,0,0,0,0,1,1,3,2,2,2,22,1,4,1,10,1,1,3
3462,5.0,2.0,2.0,4.0,4.0,3.0,2.0,3.0,4.0,4.0,4.0,3.0,1.0,5.0,4.0,5.0,3.0,1.0,1.0,1.0,7,6,7,2,5,3,3,3,3,3,1,0,1,1,0,0,0,0,0,1,0,0,0,0,0,1,4,3,2,2,23,1,4,1,10,1,1,5
3463,2.0,4.0,3.0,1.0,3.0,1.0,1.0,5.0,5.0,1.0,1.0,5.0,1.0,1.0,5.0,1.0,3.0,2.0,5.0,3.0,3,4,5,3,7,3,6,7,3,1,1,1,0,1,1,0,0,1,0,1,0,0,0,1,1,1,3,3,2,2,24,1,2,2,10,2,1,1
3464,4.0,2.0,5.0,4.0,1.0,4.0,4.0,1.0,5.0,2.0,2.0,1.0,1.0,3.0,5.0,4.0,1.0,2.0,5.0,4.0,5,4,7,4,6,7,6,1,7,2,1,1,0,1,1,1,0,0,0,1,0,0,1,1,1,1,3,2,1,1,28,1,1,1,60,1,2,0
3465,5.0,2.0,4.0,3.0,4.0,2.0,2.0,3.0,4.0,2.0,1.0,4.0,5.0,1.0,2.0,4.0,1.0,4.0,5.0,3.0,5,3,5,5,6,6,3,4,4,1,0,1,0,1,1,0,0,0,0,1,0,0,1,1,0,1,2,3,1,1,29,1,2,0,70,2,1,6
3466,2.0,5.0,2.0,4.0,4.0,2.0,2.0,1.0,5.0,2.0,3.0,5.0,3.0,1.0,4.0,4.0,1.0,5.0,5.0,1.0,5,5,6,4,7,2,6,4,5,2,1,1,0,1,1,0,0,0,0,1,0,0,0,1,1,1,4,2,2,1,30,1,4,1,10,2,1,2
3467,1.0,1.0,5.0,2.0,4.0,1.0,2.0,4.0,5.0,5.0,1.0,5.0,1.0,1.0,5.0,1.0,1.0,5.0,4.0,3.0,1,6,6,2,2,7,6,5,6,1,1,1,1,1,1,0,0,1,0,1,0,0,1,1,1,1,2,3,1,1,25,1,4,1,60,1,2,3
3468,5.0,5.0,5.0,2.0,5.0,2.0,1.0,1.0,5.0,1.0,1.0,5.0,5.0,2.0,5.0,5.0,5.0,4.0,5.0,1.0,3,6,7,7,1,2,1,1,6,7,1,1,1,1,1,0,0,0,0,1,1,0,1,1,1,1,2,1,2,1,25,1,4,2,60,1,2,4
3469,1.0,1.0,3.0,2.0,4.0,5.0,4.0,4.0,5.0,1.0,2.0,3.0,1.0,2.0,2.0,4.0,5.0,2.0,5.0,2.0,6,7,6,3,7,3,3,5,5,1,1,1,1,1,1,0,0,0,1,1,0,0,1,1,1,1,3,3,2,1,23,1,2,1,60,1,1,4
3470,2.0,1.0,1.0,1.0,5.0,1.0,1.0,1.0,4.0,4.0,3.0,2.0,1.0,1.0,5.0,1.0,1.0,3.0,1.0,1.0,5,7,7,5,6,5,6,1,1,1,1,1,0,1,1,0,0,0,0,1,0,0,1,1,1,1,2,2,1,1,22,1,2,1,60,1,1,2
3471,5.0,5.0,1.0,1.0,5.0,1.0,1.0,5.0,1.0,2.0,1.0,5.0,5.0,1.0,5.0,1.0,1.0,5.0,5.0,5.0,1,7,6,2,7,5,2,2,7,1,1,1,1,1,1,1,1,1,1,1,0,1,1,1,1,1,2,2,1,2,17,2,6,2,10,2,1,3
3472,4.0,5.0,5.0,4.0,4.0,1.0,1.0,5.0,3.0,2.0,3.0,5.0,3.0,1.0,4.0,5.0,3.0,2.0,5.0,3.0,2,2,3,5,5,5,4,3,3,5,1,1,0,1,1,0,0,0,0,1,0,0,1,1,1,1,3,2,2,2,30,1,2,4,60,1,1,1
3473,3.0,4.0,4.0,4.0,4.0,4.0,2.0,4.0,3.0,4.0,4.0,4.0,4.0,1.0,5.0,4.0,3.0,5.0,3.0,5.0,3,6,6,3,2,6,6,3,5,3,0,1,0,1,0,0,0,0,0,1,0,0,0,1,1,1,2,1,1,1,23,1,7,1,60,1,2,3
3474,5.0,2.0,5.0,4.0,4.0,3.0,2.0,2.0,5.0,4.0,2.0,3.0,1.0,4.0,3.0,5.0,3.0,4.0,5.0,2.0,3,5,7,6,7,7,7,3,5,2,1,1,0,1,1,0,0,0,0,1,0,0,1,1,1,0,4,3,1,1,25,1,3,1,10,1,1,2
3475,4.0,4.0,2.0,2.0,3.0,1.0,1.0,2.0,4.0,2.0,1.0,5.0,4.0,1.0,3.0,2.0,1.0,3.0,5.0,2.0,1,5,5,4,4,7,4,2,4,3,1,1,1,1,1,1,0,1,0,1,0,0,1,1,1,1,3,3,1,2,28,1,2,1,60,1,1,1
3476,4.0,5.0,3.0,3.0,5.0,1.0,1.0,4.0,3.0,2.0,1.0,5.0,4.0,1.0,4.0,1.0,5.0,5.0,5.0,5.0,3,2,6,2,6,6,7,5,6,2,1,1,1,1,1,0,0,1,0,1,0,0,1,1,1,1,3,3,1,1,23,1,6,1,60,1,1,3
3477,3.0,5.0,1.0,4.0,4.0,1.0,2.0,5.0,1.0,1.0,1.0,4.0,3.0,3.0,5.0,1.0,2.0,5.0,5.0,1.0,4,4,6,5,6,6,6,1,5,2,1,1,1,1,1,0,0,0,0,1,0,0,1,1,1,1,3,1,2,1,29,1,2,2,60,1,1,2
3478,1.0,5.0,4.0,5.0,5.0,2.0,4.0,5.0,5.0,5.0,1.0,5.0,1.0,3.0,5.0,2.0,5.0,5.0,5.0,4.0,2,5,6,7,6,7,7,1,7,1,1,1,0,1,1,0,0,0,0,1,0,0,0,1,1,1,4,2,2,2,29,1,3,1,10,2,2,3
3479,5.0,5.0,1.0,1.0,5.0,1.0,5.0,5.0,1.0,1.0,1.0,5.0,5.0,1.0,5.0,1.0,1.0,1.0,5.0,5.0,7,7,2,3,6,1,7,7,2,2,1,1,0,1,1,0,0,0,0,1,0,0,1,1,1,1,4,1,2,2,33,1,3,1,10,1,1,2
3480,5.0,4.0,3.0,2.0,4.0,2.0,4.0,5.0,4.0,4.0,1.0,5.0,4.0,2.0,3.0,1.0,3.0,3.0,4.0,2.0,1,5,4,5,6,6,5,4,6,3,1,1,0,1,1,0,0,0,0,1,1,0,1,1,1,1,3,1,1,2,24,1,4,1,60,1,1,2
3481,3.0,1.0,4.0,5.0,4.0,4.0,1.0,1.0,5.0,3.0,1.0,2.0,1.0,3.0,4.0,5.0,3.0,5.0,5.0,1.0,1,6,1,7,7,6,7,7,2,1,1,1,0,1,1,0,0,1,0,1,1,0,1,1,1,1,4,1,1,2,34,1,1,1,60,1,1,3
3482,3.0,4.0,4.0,3.0,2.0,2.0,4.0,2.0,5.0,5.0,4.0,5.0,2.0,1.0,4.0,1.0,2.0,3.0,1.0,2.0,3,5,5,2,6,6,5,4,6,4,1,1,0,1,1,0,0,1,0,1,0,0,1,1,1,1,4,3,1,1,36,1,7,1,60,1,2,3
3483,5.0,5.0,4.0,1.0,4.0,2.0,1.0,4.0,3.0,1.0,1.0,5.0,5.0,1.0,5.0,2.0,1.0,5.0,2.0,2.0,4,5,5,2,5,2,4,1,5,7,1,1,1,1,1,0,0,0,0,1,0,0,1,1,1,1,3,3,1,1,38,2,4,1,60,2,3,1
3484,1.0,4.0,3.0,3.0,4.0,4.0,1.0,4.0,3.0,3.0,1.0,3.0,1.0,1.0,3.0,1.0,3.0,2.0,4.0,3.0,1,2,3,1,5,6,5,5,6,2,1,1,0,1,1,0,0,0,0,1,0,0,1,0,1,1,2,2,1,2,23,2,6,1,60,2,1,4
3485,4.0,3.0,2.0,4.0,5.0,1.0,2.0,3.0,3.0,1.0,1.0,5.0,4.0,2.0,5.0,1.0,2.0,3.0,5.0,3.0,6,4,7,4,5,2,5,5,4,2,1,1,0,1,1,0,1,0,0,1,1,0,1,1,1,1,3,3,1,1,42,1,1,1,60,1,2,1
3486,3.0,2.0,4.0,4.0,3.0,5.0,4.0,2.0,5.0,5.0,2.0,4.0,1.0,3.0,3.0,5.0,4.0,2.0,4.0,1.0,2,4,7,6,6,5,7,5,5,2,1,1,0,1,1,0,0,0,0,1,0,0,0,1,1,1,3,2,2,1,35,1,7,1,60,2,2,1
3487,3.0,4.0,2.0,1.0,2.0,1.0,2.0,1.0,4.0,4.0,1.0,4.0,4.0,3.0,4.0,1.0,5.0,4.0,5.0,1.0,6,0,6,5,6,3,7,5,6,3,1,1,1,1,1,0,1,0,0,1,0,0,1,1,1,1,2,3,1,1,20,1,2,1,10,2,1,2
3488,1.0,1.0,5.0,4.0,2.0,4.0,4.0,1.0,5.0,5.0,4.0,5.0,2.0,5.0,1.0,4.0,4.0,4.0,5.0,1.0,7,5,6,6,7,6,7,6,6,2,1,1,0,1,1,0,0,0,0,1,0,0,1,1,1,1,3,3,1,2,35,1,8,1,10,2,2,2
3489,5.0,1.0,1.0,1.0,5.0,5.0,2.0,5.0,5.0,5.0,1.0,5.0,5.0,1.0,5.0,2.0,2.0,5.0,5.0,5.0,3,7,5,3,7,4,6,5,6,1,1,1,0,1,1,0,0,0,0,1,0,0,0,1,1,1,4,3,1,2,22,1,4,1,10,1,1,2
3490,5.0,5.0,2.0,4.0,5.0,2.0,2.0,4.0,5.0,5.0,1.0,5.0,5.0,4.0,4.0,4.0,4.0,5.0,5.0,1.0,7,6,3,3,7,5,5,7,5,5,1,1,0,1,1,0,0,0,0,0,0,0,0,1,1,1,2,2,2,1,15,1,1,1,60,2,1,5
3491,4.0,1.0,1.0,4.0,4.0,2.0,1.0,4.0,4.0,2.0,1.0,5.0,4.0,4.0,4.0,5.0,2.0,4.0,5.0,2.0,1,6,3,6,5,6,6,3,2,5,1,1,0,1,0,0,0,1,0,1,0,0,0,0,1,1,3,3,1,2,22,2,6,1,10,1,1,4
3492,1.0,2.0,4.0,5.0,2.0,4.0,4.0,1.0,4.0,5.0,3.0,1.0,1.0,4.0,3.0,3.0,3.0,2.0,1.0,1.0,5,5,4,2,6,4,3,2,4,2,1,1,1,1,1,0,1,0,0,1,1,0,1,1,1,1,3,2,1,1,55,2,6,1,60,1,2,2
3493,4.0,2.0,4.0,3.0,4.0,2.0,2.0,4.0,4.0,2.0,2.0,2.0,4.0,2.0,1.0,2.0,2.0,2.0,3.0,1.0,3,5,5,3,7,5,5,5,6,4,1,1,1,1,1,0,1,1,0,1,1,0,1,1,1,1,3,1,1,1,36,1,1,1,60,1,1,4
3494,5.0,5.0,1.0,1.0,4.0,1.0,1.0,4.0,1.0,1.0,1.0,5.0,5.0,1.0,5.0,1.0,1.0,5.0,5.0,4.0,4,2,6,2,7,2,3,4,7,7,1,1,1,1,1,0,1,1,0,1,1,0,1,1,1,1,3,2,2,1,45,2,2,2,60,2,2,3
3495,5.0,2.0,1.0,1.0,5.0,1.0,1.0,4.0,4.0,2.0,1.0,5.0,2.0,4.0,3.0,1.0,1.0,5.0,5.0,5.0,6,7,6,7,7,5,6,1,1,1,1,1,1,1,1,0,1,1,0,1,0,0,0,1,1,1,3,3,2,2,23,1,2,1,60,1,1,2
3496,5.0,5.0,5.0,2.0,3.0,2.0,5.0,4.0,5.0,5.0,2.0,5.0,5.0,2.0,5.0,4.0,1.0,4.0,4.0,4.0,6,5,2,2,7,4,4,1,7,4,1,1,0,1,1,0,0,0,0,1,0,0,1,1,1,1,3,3,1,1,30,1,4,5,10,2,1,2
3497,3.0,1.0,3.0,4.0,4.0,2.0,3.0,1.0,4.0,3.0,3.0,4.0,2.0,3.0,2.0,4.0,3.0,2.0,4.0,1.0,6,5,5,3,7,4,7,5,5,1,1,1,0,1,1,0,0,0,0,1,0,0,1,1,1,1,4,1,1,1,35,1,1,1,60,2,1,4
3498,5.0,5.0,1.0,1.0,5.0,1.0,1.0,5.0,1.0,1.0,1.0,5.0,5.0,1.0,5.0,1.0,1.0,5.0,5.0,5.0,1,1,5,1,2,7,5,2,7,4,1,1,1,1,1,0,0,1,0,1,0,1,1,1,1,1,2,1,1,1,21,1,2,1,60,2,1,1
3499,5.0,5.0,1.0,1.0,5.0,3.0,1.0,2.0,3.0,5.0,1.0,5.0,1.0,1.0,5.0,1.0,1.0,5.0,5.0,1.0,1,7,6,5,7,7,3,1,6,4,1,1,0,1,1,0,0,1,0,1,0,0,1,1,1,1,3,3,1,2,30,1,4,1,60,1,1,2
3500,3.0,3.0,2.0,4.0,4.0,2.0,1.0,1.0,5.0,2.0,1.0,1.0,2.0,1.0,4.0,3.0,4.0,4.0,5.0,2.0,3,5,4,4,7,5,6,3,6,4,1,1,1,1,1,1,0,1,0,1,0,1,1,1,1,1,3,2,1,1,37,2,3,1,60,1,3,3
3501,5.0,5.0,1.0,1.0,4.0,1.0,5.0,5.0,5.0,5.0,1.0,5.0,5.0,1.0,5.0,1.0,1.0,4.0,5.0,5.0,6,7,7,2,7,2,2,7,2,1,1,1,0,1,1,0,0,0,0,1,0,0,1,1,1,1,3,3,1,1,32,1,1,1,60,1,2,1
3502,3.0,3.0,3.0,3.0,4.0,2.0,1.0,4.0,3.0,3.0,1.0,5.0,2.0,2.0,4.0,1.0,1.0,5.0,5.0,1.0,4,7,7,6,6,4,3,2,2,1,1,1,1,1,1,0,1,1,0,1,1,1,1,1,1,1,4,2,2,1,30,1,9,1,60,1,1,2
3503,5.0,3.0,1.0,1.0,4.0,1.0,1.0,4.0,2.0,1.0,1.0,4.0,4.0,1.0,4.0,1.0,2.0,5.0,5.0,1.0,5,7,6,4,7,3,2,4,1,3,1,1,0,1,1,0,1,1,0,1,0,1,1,1,0,1,2,2,1,1,18,1,7,2,60,2,1,2
3504,3.0,1.0,2.0,5.0,1.0,2.0,2.0,2.0,5.0,1.0,4.0,2.0,1.0,4.0,1.0,5.0,2.0,1.0,5.0,1.0,3,1,5,4,7,7,5,5,6,1,1,1,1,1,1,0,1,1,0,1,1,0,1,1,1,1,4,3,2,1,55,1,6,1,60,1,2,2
3505,1.0,1.0,3.0,4.0,2.0,5.0,4.0,1.0,5.0,2.0,3.0,3.0,1.0,3.0,3.0,3.0,4.0,1.0,5.0,1.0,5,2,5,5,7,7,6,4,6,3,1,1,1,1,1,0,0,1,0,1,0,0,1,1,1,1,3,3,3,1,25,1,1,3,50,1,1,5
3506,2.0,4.0,2.0,4.0,2.0,2.0,2.0,1.0,4.0,4.0,2.0,4.0,4.0,3.0,4.0,2.0,2.0,4.0,4.0,1.0,2,1,6,5,5,5,7,1,5,3,1,1,1,1,1,0,0,0,0,1,0,0,1,1,1,1,4,2,1,1,42,1,4,1,60,1,2,1
3507,1.0,1.0,4.0,2.0,4.0,2.0,4.0,2.0,5.0,5.0,1.0,4.0,1.0,1.0,4.0,2.0,4.0,1.0,5.0,1.0,1,6,6,7,7,7,6,2,4,2,1,1,0,1,1,0,0,0,0,1,0,0,0,1,1,1,4,3,2,2,25,1,2,1,10,2,1,2
3508,3.0,1.0,4.0,5.0,1.0,4.0,2.0,2.0,5.0,5.0,5.0,1.0,1.0,5.0,2.0,5.0,5.0,1.0,5.0,1.0,6,2,7,3,7,1,7,5,6,2,1,1,0,1,1,0,0,0,0,1,0,0,1,1,1,1,3,2,2,1,28,1,12,1,60,1,1,3
3509,3.0,1.0,2.0,5.0,1.0,3.0,2.0,1.0,5.0,5.0,4.0,1.0,1.0,5.0,1.0,5.0,5.0,2.0,3.0,3.0,2,1,7,1,7,6,7,5,7,2,1,1,0,1,1,0,0,0,0,1,0,0,1,1,1,1,3,1,1,1,50,1,7,1,60,2,3,4
3510,1.0,1.0,1.0,4.0,2.0,5.0,2.0,2.0,5.0,5.0,2.0,2.0,4.0,2.0,1.0,4.0,3.0,4.0,5.0,2.0,6,6,7,2,7,2,2,5,6,1,1,1,0,1,1,0,1,1,0,1,0,0,1,1,1,1,4,2,1,1,51,3,12,1,60,1,2,2
3511,5.0,5.0,2.0,2.0,4.0,1.0,1.0,3.0,2.0,1.0,1.0,5.0,4.0,1.0,5.0,4.0,1.0,4.0,5.0,3.0,3,4,6,5,7,7,6,4,6,1,1,1,0,1,1,1,0,0,0,1,1,0,1,1,1,1,3,3,1,1,20,1,2,1,30,2,1,3
3512,5.0,5.0,1.0,3.0,4.0,1.0,1.0,5.0,4.0,1.0,1.0,5.0,5.0,3.0,5.0,3.0,1.0,4.0,5.0,3.0,6,6,2,5,5,3,5,7,5,2,1,1,0,1,1,0,0,0,0,1,0,0,1,1,1,1,3,3,1,1,22,1,4,1,60,2,1,2
3513,1.0,4.0,3.0,5.0,4.0,4.0,5.0,4.0,5.0,5.0,3.0,1.0,1.0,5.0,2.0,5.0,4.0,1.0,2.0,1.0,2,1,7,4,6,5,7,1,6,1,1,1,0,1,1,1,1,0,0,1,0,0,1,1,1,1,3,2,2,1,46,1,7,1,60,0,2,4
3514,5.0,4.0,1.0,1.0,5.0,1.0,1.0,5.0,1.0,1.0,1.0,5.0,5.0,1.0,4.0,1.0,1.0,5.0,5.0,5.0,2,1,6,1,3,7,1,2,7,2,0,1,0,0,1,0,0,0,0,1,0,0,0,1,0,0,3,3,1,2,23,1,4,1,30,2,1,3
3515,1.0,1.0,5.0,5.0,1.0,3.0,3.0,1.0,5.0,1.0,5.0,4.0,4.0,5.0,1.0,5.0,5.0,1.0,1.0,1.0,6,2,6,2,6,3,6,2,6,2,0,1,0,1,1,0,0,0,0,1,0,0,1,1,1,1,3,2,2,1,40,1,7,1,60,1,3,2
3516,5.0,1.0,1.0,2.0,5.0,5.0,2.0,4.0,5.0,1.0,1.0,1.0,2.0,2.0,1.0,4.0,1.0,4.0,5.0,1.0,7,1,6,3,7,6,6,5,2,1,1,1,0,1,1,0,0,0,0,1,0,0,1,1,1,1,4,2,2,2,26,1,8,1,10,1,2,1
3517,4.0,4.0,4.0,1.0,5.0,2.0,2.0,5.0,5.0,5.0,1.0,2.0,2.0,2.0,4.0,2.0,3.0,3.0,5.0,1.0,2,3,6,5,3,6,5,2,3,2,1,0,0,1,0,0,0,0,0,1,0,0,1,1,1,1,4,3,1,2,22,1,4,1,10,1,1,3
3518,4.0,2.0,2.0,2.0,4.0,2.0,1.0,4.0,4.0,2.0,1.0,5.0,5.0,1.0,2.0,1.0,2.0,3.0,5.0,3.0,4,5,5,5,5,6,3,3,5,5,1,1,0,1,1,0,0,0,0,1,0,0,1,1,1,1,2,2,1,1,20,1,2,1,10,1,1,3
3519,4.0,1.0,5.0,1.0,5.0,3.0,4.0,2.0,5.0,5.0,1.0,5.0,5.0,2.0,1.0,1.0,4.0,4.0,5.0,4.0,6,6,2,1,7,1,2,5,2,1,1,1,0,1,1,0,0,0,0,1,0,0,0,1,1,1,3,1,2,1,20,1,4,1,10,1,1,2
3520,4.0,5.0,1.0,3.0,3.0,1.0,1.0,5.0,2.0,3.0,1.0,5.0,4.0,1.0,5.0,3.0,1.0,4.0,5.0,3.0,2,5,5,5,6,5,5,4,4,6,1,1,1,1,1,0,0,0,0,1,1,0,1,1,1,1,2,1,1,2,35,1,1,1,60,1,1,3
3521,5.0,2.0,4.0,5.0,3.0,4.0,5.0,1.0,5.0,5.0,1.0,5.0,4.0,1.0,1.0,5.0,4.0,4.0,5.0,3.0,4,6,7,2,4,7,4,5,7,4,1,1,0,1,1,0,0,0,0,0,0,0,1,0,1,1,1,3,1,2,52,1,1,1,70,1,3,5
3522,5.0,2.0,1.0,1.0,4.0,1.0,1.0,1.0,3.0,1.0,1.0,4.0,2.0,1.0,5.0,1.0,1.0,1.0,5.0,1.0,7,6,5,3,7,3,4,1,3,1,1,1,0,1,1,0,1,1,0,1,0,0,1,1,1,1,4,3,2,1,52,1,12,2,60,1,1,3
3523,5.0,5.0,1.0,4.0,4.0,1.0,1.0,4.0,1.0,1.0,2.0,4.0,2.0,2.0,5.0,2.0,1.0,4.0,5.0,2.0,6,7,2,2,7,2,5,7,6,5,1,1,1,1,1,0,0,1,1,1,0,1,1,1,1,1,3,1,1,2,27,1,2,1,60,2,1,2
3524,1.0,1.0,5.0,5.0,1.0,5.0,5.0,1.0,5.0,5.0,5.0,1.0,1.0,5.0,1.0,5.0,1.0,1.0,1.0,1.0,6,1,7,6,7,5,7,3,6,2,1,1,1,1,1,0,1,1,0,1,0,0,1,1,1,1,4,3,1,1,57,1,8,1,0,1,2,2
3525,5.0,3.0,3.0,1.0,5.0,1.0,2.0,5.0,3.0,2.0,1.0,5.0,5.0,2.0,4.0,3.0,1.0,5.0,4.0,3.0,2,3,1,7,6,6,5,6,3,1,1,1,0,1,1,0,0,0,0,1,0,0,0,1,1,1,4,2,1,2,25,1,1,1,0,2,1,4
3526,4.0,4.0,2.0,3.0,5.0,1.0,1.0,4.0,5.0,1.0,2.0,5.0,5.0,2.0,4.0,1.0,1.0,5.0,5.0,4.0,2,1,4,1,5,6,4,2,6,2,1,1,0,1,1,0,0,1,0,1,0,0,1,1,1,1,2,2,1,1,41,1,12,1,60,1,3,4
3527,1.0,2.0,4.0,4.0,1.0,5.0,3.0,3.0,5.0,5.0,4.0,1.0,1.0,2.0,1.0,5.0,2.0,3.0,3.0,1.0,1,2,5,7,6,5,7,5,1,1,1,1,0,1,1,0,0,1,0,1,0,0,0,1,1,1,3,3,2,2,25,1,1,1,60,2,1,1
3528,4.0,4.0,2.0,3.0,4.0,2.0,1.0,5.0,2.0,2.0,2.0,5.0,5.0,2.0,4.0,2.0,1.0,4.0,5.0,2.0,2,5,4,6,1,6,2,1,4,5,1,1,1,1,1,0,0,0,0,1,0,0,1,1,1,0,3,1,1,1,35,1,1,3,60,2,1,3
3529,5.0,5.0,1.0,1.0,5.0,1.0,2.0,5.0,2.0,1.0,1.0,5.0,5.0,1.0,5.0,1.0,1.0,5.0,5.0,5.0,6,1,7,2,7,2,2,2,6,1,1,1,0,1,1,0,0,0,0,1,0,0,1,1,1,1,4,3,1,2,30,2,2,1,70,1,1,1
3530,5.0,4.0,5.0,2.0,5.0,1.0,2.0,1.0,3.0,1.0,1.0,4.0,5.0,2.0,3.0,2.0,2.0,2.0,5.0,5.0,2,6,5,6,4,2,5,4,3,6,1,1,1,0,1,0,0,0,0,1,0,0,1,1,1,1,3,3,2,1,36,1,1,1,60,1,1,4
3531,3.0,1.0,1.0,5.0,2.0,1.0,1.0,5.0,1.0,1.0,1.0,5.0,5.0,1.0,5.0,1.0,1.0,4.0,5.0,1.0,6,7,4,1,6,4,5,3,2,2,1,1,1,1,1,0,0,0,0,1,0,0,1,1,1,1,3,2,1,1,25,0,6,1,60,1,1,3
3532,5.0,5.0,1.0,2.0,5.0,1.0,1.0,3.0,2.0,2.0,2.0,4.0,4.0,3.0,4.0,1.0,2.0,4.0,5.0,3.0,3,1,5,1,6,6,5,5,5,4,1,0,0,1,1,0,0,1,0,0,0,0,0,1,1,1,3,3,1,2,21,1,8,1,10,2,1,2
3533,4.0,5.0,4.0,2.0,4.0,3.0,2.0,3.0,3.0,3.0,1.0,5.0,3.0,2.0,2.0,2.0,2.0,4.0,3.0,1.0,5,6,5,5,6,5,3,4,3,3,1,1,1,1,1,0,1,1,0,1,1,0,1,1,1,1,4,1,1,1,28,1,4,3,70,1,1,1
3534,5.0,4.0,3.0,3.0,4.0,2.0,2.0,5.0,3.0,4.0,2.0,5.0,2.0,1.0,3.0,1.0,4.0,3.0,5.0,3.0,3,5,6,6,5,6,2,2,2,3,1,1,1,1,1,0,1,1,0,1,1,0,1,1,1,1,4,1,2,2,38,1,1,1,60,1,2,2
3535,5.0,3.0,2.0,2.0,3.0,1.0,1.0,5.0,3.0,4.0,3.0,5.0,4.0,3.0,4.0,4.0,1.0,4.0,5.0,1.0,1,1,6,6,7,7,5,5,6,1,1,1,1,1,1,0,1,1,0,1,1,0,1,1,1,1,3,1,1,1,30,1,1,1,60,2,1,3
3536,5.0,5.0,1.0,1.0,5.0,1.0,1.0,4.0,3.0,1.0,2.0,5.0,5.0,1.0,5.0,1.0,1.0,4.0,5.0,2.0,2,6,6,3,5,7,2,2,6,3,1,1,0,1,1,0,0,0,0,1,0,0,1,1,1,1,2,2,1,1,20,3,2,1,60,1,1,3
3537,4.0,2.0,5.0,5.0,4.0,5.0,2.0,4.0,5.0,5.0,2.0,5.0,1.0,4.0,2.0,4.0,1.0,4.0,5.0,1.0,3,5,3,7,7,5,6,5,3,5,1,1,1,1,1,0,0,0,0,1,1,1,1,1,1,1,2,2,2,1,17,2,7,2,60,1,1,2
3538,2.0,2.0,2.0,3.0,2.0,3.0,2.0,2.0,5.0,4.0,2.0,2.0,1.0,4.0,4.0,2.0,2.0,4.0,5.0,2.0,5,2,6,6,7,3,3,5,2,3,1,1,1,1,1,0,0,1,0,1,1,0,0,1,1,1,2,2,2,1,19,1,1,2,60,1,1,3
3539,1.0,1.0,3.0,5.0,3.0,1.0,1.0,1.0,5.0,3.0,1.0,1.0,4.0,5.0,3.0,5.0,2.0,4.0,5.0,1.0,7,1,4,5,7,1,7,4,7,2,1,1,1,1,1,0,1,1,0,1,0,0,1,1,1,1,4,1,1,1,45,1,1,3,60,1,2,3
3540,3.0,2.0,3.0,3.0,1.0,2.0,1.0,1.0,4.0,2.0,2.0,4.0,1.0,4.0,5.0,2.0,3.0,4.0,5.0,1.0,5,3,5,6,6,1,7,5,3,3,1,1,0,1,1,0,0,0,0,1,0,0,0,1,1,1,2,1,2,2,23,1,2,2,60,1,1,3
3541,2.0,3.0,3.0,1.0,2.0,4.0,1.0,3.0,3.0,3.0,1.0,5.0,5.0,1.0,5.0,1.0,5.0,4.0,5.0,1.0,3,4,6,5,7,6,5,6,6,2,1,1,0,1,1,0,0,0,0,1,0,0,1,1,1,1,3,3,2,1,20,1,1,2,10,1,1,4
3542,1.0,4.0,4.0,5.0,2.0,4.0,2.0,1.0,5.0,4.0,2.0,5.0,1.0,5.0,2.0,1.0,4.0,2.0,1.0,1.0,5,3,6,1,5,5,6,2,6,2,1,1,0,1,1,0,0,0,0,1,0,0,0,1,1,1,3,3,1,2,30,1,2,1,60,2,1,4
3543,1.0,1.0,5.0,5.0,2.0,5.0,4.0,1.0,5.0,3.0,5.0,4.0,3.0,5.0,3.0,5.0,2.0,1.0,4.0,1.0,5,2,7,5,6,7,6,1,5,6,1,1,0,1,1,0,0,0,0,1,0,0,0,1,1,1,3,2,2,1,21,1,6,1,30,1,1,4
3544,5.0,5.0,1.0,1.0,5.0,1.0,1.0,5.0,1.0,1.0,1.0,5.0,5.0,1.0,5.0,1.0,1.0,5.0,5.0,5.0,1,6,7,2,5,3,4,1,6,1,1,1,1,1,1,1,1,1,1,1,1,1,1,1,1,1,2,1,2,2,16,1,1,1,60,2,1,2
3545,1.0,4.0,3.0,3.0,4.0,2.0,2.0,1.0,5.0,2.0,1.0,3.0,2.0,2.0,4.0,2.0,1.0,4.0,4.0,1.0,1,4,6,3,5,4,3,3,4,2,1,1,1,1,1,0,1,0,0,1,1,0,1,1,1,1,4,2,2,1,36,1,6,1,60,1,1,2
3546,5.0,5.0,1.0,1.0,5.0,1.0,1.0,5.0,1.0,1.0,1.0,5.0,5.0,1.0,5.0,1.0,1.0,5.0,5.0,5.0,6,7,7,1,5,6,5,1,7,3,1,1,1,1,1,1,0,1,1,1,0,0,1,1,1,1,4,2,1,1,40,1,7,1,60,1,2,2
3547,5.0,5.0,4.0,1.0,4.0,4.0,4.0,4.0,5.0,5.0,1.0,2.0,3.0,1.0,2.0,2.0,1.0,2.0,5.0,1.0,3,2,5,2,7,6,4,5,6,4,1,1,1,1,1,0,0,0,0,1,0,0,1,1,1,1,4,3,1,1,28,2,3,1,10,1,1,3
3548,3.0,4.0,5.0,1.0,4.0,4.0,1.0,3.0,4.0,4.0,1.0,4.0,4.0,2.0,3.0,1.0,1.0,4.0,5.0,2.0,1,6,5,4,5,6,4,3,4,2,1,1,1,1,1,0,0,1,0,1,0,0,1,1,1,1,3,2,1,1,25,1,2,2,60,1,1,2
3549,2.0,3.0,3.0,2.0,4.0,4.0,1.0,2.0,5.0,3.0,1.0,5.0,2.0,3.0,3.0,3.0,3.0,4.0,1.0,3.0,6,4,3,4,7,1,7,6,5,4,1,1,1,1,1,0,0,0,0,1,0,0,1,1,1,1,3,3,1,2,34,1,1,1,60,1,1,2
3550,4.0,5.0,3.0,1.0,4.0,5.0,4.0,3.0,4.0,4.0,2.0,4.0,5.0,3.0,3.0,2.0,1.0,4.0,5.0,2.0,3,4,6,3,7,6,4,5,6,4,1,1,0,1,1,0,0,0,0,1,0,0,0,0,1,1,2,3,1,1,18,1,7,2,60,2,1,3
3551,4.0,4.0,3.0,2.0,4.0,2.0,1.0,4.0,3.0,2.0,1.0,5.0,5.0,1.0,1.0,1.0,1.0,5.0,2.0,2.0,3,2,6,1,6,6,6,2,6,1,1,1,0,1,1,0,0,0,0,1,0,0,1,1,1,1,3,3,1,2,23,1,4,1,30,1,1,1
3552,2.0,2.0,3.0,3.0,2.0,4.0,5.0,1.0,5.0,4.0,1.0,1.0,2.0,3.0,3.0,4.0,2.0,3.0,4.0,1.0,2,5,5,6,5,7,6,1,4,2,1,1,1,1,1,0,1,1,0,1,1,1,1,1,1,1,3,2,3,1,32,1,1,1,0,1,1,2
3553,3.0,4.0,5.0,2.0,5.0,1.0,3.0,4.0,4.0,4.0,2.0,5.0,4.0,1.0,5.0,1.0,2.0,2.0,4.0,2.0,3,5,7,5,7,6,4,3,1,1,1,1,1,1,1,0,0,0,0,1,0,0,1,1,1,1,2,2,2,1,21,1,2,3,60,2,1,5
3554,4.0,5.0,3.0,4.0,4.0,5.0,5.0,5.0,5.0,5.0,5.0,1.0,1.0,1.0,5.0,5.0,5.0,1.0,5.0,1.0,4,2,6,7,7,7,6,3,4,1,1,1,0,1,1,0,0,1,0,1,0,0,0,1,1,1,2,3,2,2,21,1,7,5,10,2,1,3
3555,4.0,3.0,2.0,3.0,2.0,3.0,2.0,1.0,4.0,2.0,1.0,4.0,2.0,2.0,4.0,2.0,2.0,4.0,4.0,1.0,6,6,5,4,7,6,5,2,4,3,1,0,1,1,1,0,1,1,0,1,0,0,1,1,1,1,3,1,1,1,19,1,4,2,60,1,1,2
3556,5.0,5.0,4.0,1.0,3.0,5.0,5.0,5.0,5.0,5.0,1.0,1.0,1.0,1.0,5.0,5.0,1.0,3.0,4.0,1.0,4,2,5,7,7,4,4,2,4,1,1,1,0,1,1,0,0,0,0,1,0,1,0,1,1,1,2,3,2,2,21,1,7,5,10,2,1,3
3557,1.0,1.0,5.0,1.0,5.0,5.0,4.0,1.0,5.0,5.0,1.0,2.0,1.0,1.0,3.0,4.0,2.0,1.0,1.0,1.0,7,4,6,5,6,1,6,2,4,5,1,1,0,1,1,0,0,1,0,1,0,0,0,1,1,1,2,1,1,1,21,2,7,1,60,2,1,6
3558,5.0,2.0,5.0,3.0,4.0,4.0,2.0,4.0,4.0,3.0,4.0,1.0,5.0,5.0,3.0,4.0,4.0,4.0,4.0,1.0,2,2,5,5,7,6,7,5,7,2,1,0,0,1,1,0,0,0,0,1,0,0,0,1,1,1,2,3,2,2,19,1,7,5,10,2,1,3
3559,4.0,4.0,2.0,3.0,4.0,2.0,2.0,2.0,4.0,4.0,1.0,5.0,2.0,1.0,4.0,3.0,4.0,4.0,5.0,1.0,4,5,5,5,7,6,4,2,3,1,1,1,1,1,1,0,0,0,0,1,1,0,1,1,1,1,3,3,2,1,25,1,1,1,10,2,1,1
3560,5.0,5.0,2.0,1.0,5.0,1.0,1.0,5.0,1.0,1.0,1.0,5.0,5.0,2.0,5.0,1.0,1.0,5.0,5.0,5.0,6,6,5,2,6,1,1,4,6,6,1,1,0,1,1,0,0,0,0,1,0,0,0,1,1,1,3,3,2,2,23,1,10,1,10,2,1,5
3561,2.0,2.0,4.0,3.0,3.0,4.0,4.0,2.0,5.0,5.0,2.0,4.0,3.0,3.0,4.0,3.0,2.0,3.0,5.0,2.0,2,4,6,7,5,7,5,2,2,2,1,1,1,1,1,0,1,0,0,1,0,0,1,1,1,1,4,1,2,1,35,2,12,1,60,1,2,2
3562,4.0,4.0,3.0,2.0,5.0,3.0,3.0,4.0,5.0,3.0,3.0,4.0,2.0,3.0,1.0,2.0,3.0,4.0,4.0,2.0,4,4,6,5,6,7,6,3,6,2,1,1,0,1,1,0,1,0,0,1,0,0,1,1,1,1,3,2,1,2,25,1,10,1,70,1,1,2
3563,5.0,5.0,1.0,1.0,5.0,1.0,3.0,4.0,3.0,1.0,1.0,5.0,4.0,1.0,3.0,1.0,4.0,5.0,1.0,5.0,7,5,4,4,6,6,6,2,7,1,1,0,0,0,1,0,0,0,0,1,0,0,0,1,0,1,3,3,1,2,24,1,10,1,10,2,1,1
3564,4.0,4.0,1.0,1.0,4.0,2.0,2.0,3.0,4.0,5.0,2.0,3.0,2.0,2.0,2.0,2.0,5.0,5.0,4.0,1.0,5,4,7,5,7,2,7,1,6,1,1,1,0,1,1,0,0,0,0,1,0,0,1,1,1,1,3,3,1,2,24,1,10,1,10,1,1,1
3565,5.0,4.0,2.0,4.0,4.0,2.0,4.0,4.0,5.0,4.0,4.0,5.0,4.0,3.0,3.0,5.0,4.0,2.0,5.0,5.0,3,6,3,1,5,3,5,3,3,6,1,1,0,1,1,0,0,0,1,1,0,0,0,0,1,1,4,3,1,2,25,1,10,1,10,2,1,5
3566,3.0,2.0,5.0,2.0,5.0,2.0,1.0,4.0,4.0,3.0,1.0,3.0,1.0,3.0,5.0,1.0,4.0,4.0,3.0,3.0,6,7,6,7,7,1,5,5,4,3,1,1,0,1,0,0,0,0,0,0,0,0,0,1,1,1,3,3,2,2,26,1,10,1,10,2,2,5
3567,4.0,5.0,1.0,1.0,5.0,1.0,1.0,2.0,2.0,1.0,1.0,5.0,3.0,1.0,5.0,1.0,1.0,5.0,5.0,3.0,2,5,5,2,7,4,2,1,6,2,1,1,0,1,1,0,0,1,0,1,1,0,1,1,1,1,4,3,1,2,29,1,2,1,60,2,1,3
3568,5.0,1.0,4.0,4.0,5.0,1.0,2.0,5.0,2.0,2.0,1.0,5.0,1.0,1.0,1.0,4.0,1.0,4.0,5.0,2.0,3,6,7,1,7,6,3,3,7,2,1,1,1,1,1,1,0,1,0,1,0,0,1,1,1,1,2,1,2,1,18,1,2,1,60,1,1,2
3569,2.0,4.0,2.0,4.0,5.0,4.0,4.0,2.0,5.0,4.0,1.0,5.0,4.0,1.0,4.0,1.0,3.0,1.0,5.0,5.0,6,5,5,7,6,1,7,5,4,3,1,1,1,1,1,0,0,0,0,1,0,0,1,1,1,1,3,2,2,1,63,1,12,1,60,1,3,4
3570,1.0,2.0,1.0,1.0,5.0,1.0,1.0,2.0,2.0,2.0,1.0,5.0,4.0,1.0,5.0,1.0,5.0,5.0,5.0,1.0,6,7,6,2,7,5,6,6,7,7,1,1,1,1,1,0,0,0,0,1,1,0,1,1,1,1,4,1,1,1,23,1,1,1,60,1,1,2
3571,2.0,5.0,1.0,2.0,5.0,1.0,1.0,2.0,1.0,1.0,1.0,5.0,1.0,1.0,5.0,1.0,3.0,2.0,5.0,1.0,5,7,1,5,6,7,2,3,1,1,1,1,0,1,0,1,0,0,0,1,0,0,0,1,1,1,3,3,2,2,32,1,2,1,60,2,2,1
3572,5.0,4.0,1.0,2.0,4.0,1.0,2.0,3.0,2.0,5.0,1.0,5.0,2.0,2.0,5.0,3.0,1.0,4.0,5.0,2.0,6,7,7,1,5,7,6,1,7,1,0,0,0,0,1,0,0,0,0,1,0,0,0,0,0,0,3,3,1,2,30,2,1,1,60,1,1,2
3573,2.0,4.0,3.0,4.0,1.0,2.0,1.0,2.0,2.0,2.0,2.0,3.0,4.0,2.0,4.0,2.0,3.0,4.0,5.0,2.0,6,5,6,2,7,4,6,6,2,3,1,1,1,1,1,0,0,1,0,1,0,0,0,1,1,1,2,2,2,1,20,1,12,2,60,2,1,1
3574,1.0,1.0,5.0,5.0,1.0,2.0,2.0,1.0,5.0,5.0,2.0,1.0,1.0,3.0,3.0,1.0,4.0,4.0,4.0,1.0,6,2,3,6,5,1,7,6,2,1,1,1,0,1,1,0,0,0,0,1,0,0,0,0,0,1,2,3,2,1,26,1,1,1,60,1,1,2
3575,5.0,5.0,1.0,2.0,4.0,1.0,1.0,3.0,3.0,3.0,2.0,5.0,5.0,4.0,5.0,3.0,1.0,5.0,2.0,3.0,2,5,6,3,7,7,3,1,7,5,0,1,1,1,1,0,0,0,0,1,0,0,1,1,1,1,2,1,1,1,23,2,1,1,60,1,1,1
3576,5.0,5.0,1.0,2.0,5.0,1.0,2.0,3.0,1.0,1.0,1.0,5.0,4.0,2.0,5.0,5.0,5.0,5.0,5.0,3.0,2,1,6,2,7,7,4,2,6,1,1,1,0,1,1,0,0,0,0,1,0,0,1,1,1,1,3,1,1,1,27,1,7,1,30,2,1,6
3577,5.0,5.0,5.0,1.0,5.0,1.0,1.0,4.0,1.0,1.0,1.0,5.0,5.0,1.0,5.0,1.0,2.0,5.0,5.0,5.0,4,7,6,4,7,7,1,2,7,1,0,0,0,0,0,0,0,0,0,0,0,0,0,0,0,0,3,2,1,1,27,1,2,1,0,2,1,2
3578,5.0,5.0,1.0,1.0,5.0,1.0,1.0,5.0,1.0,1.0,1.0,5.0,5.0,1.0,1.0,1.0,1.0,4.0,5.0,3.0,1,1,6,1,4,5,2,1,7,4,1,1,1,1,1,0,0,1,0,1,0,0,1,1,1,1,3,3,1,2,26,1,1,1,60,1,1,2
3579,2.0,5.0,5.0,2.0,4.0,2.0,2.0,4.0,5.0,3.0,2.0,4.0,2.0,1.0,4.0,1.0,1.0,2.0,5.0,2.0,2,6,1,6,6,7,2,3,3,2,1,1,0,1,1,0,0,1,0,1,0,0,1,1,1,1,3,2,1,2,27,1,2,1,60,2,1,3
3580,4.0,5.0,4.0,1.0,5.0,3.0,3.0,4.0,5.0,5.0,1.0,3.0,5.0,3.0,5.0,4.0,5.0,4.0,5.0,5.0,1,6,6,7,7,7,3,5,2,7,1,1,1,1,1,0,0,0,0,1,0,1,1,1,1,1,2,2,2,1,19,1,6,1,20,2,1,1
3581,5.0,5.0,5.0,1.0,5.0,1.0,1.0,5.0,1.0,1.0,1.0,5.0,5.0,1.0,5.0,5.0,1.0,5.0,5.0,5.0,2,1,7,1,7,2,1,1,7,1,1,1,0,1,1,1,1,1,0,1,0,1,1,1,1,1,3,3,1,1,22,1,7,1,30,1,1,4
3582,4.0,5.0,2.0,1.0,5.0,2.0,4.0,5.0,3.0,2.0,1.0,5.0,5.0,2.0,5.0,3.0,1.0,5.0,5.0,4.0,5,5,7,3,7,5,5,1,5,3,1,1,1,1,1,1,1,1,1,1,1,1,1,1,1,1,3,2,1,1,24,1,6,2,60,1,1,5
3583,3.0,4.0,2.0,3.0,1.0,1.0,1.0,4.0,2.0,2.0,2.0,4.0,4.0,2.0,4.0,2.0,1.0,2.0,5.0,3.0,6,5,2,2,7,2,5,5,5,1,1,1,0,1,1,1,0,1,0,1,1,0,1,1,1,1,2,2,1,1,18,1,2,1,10,1,1,2
3584,1.0,1.0,4.0,3.0,1.0,4.0,4.0,1.0,5.0,4.0,2.0,1.0,2.0,1.0,1.0,1.0,1.0,4.0,5.0,2.0,6,6,5,2,6,1,5,6,7,5,1,1,0,1,1,1,0,0,0,1,0,0,1,1,1,1,3,2,1,1,50,2,6,1,60,1,3,2
3585,4.0,4.0,4.0,4.0,4.0,5.0,4.0,4.0,5.0,5.0,1.0,3.0,4.0,2.0,2.0,2.0,4.0,4.0,5.0,4.0,2,3,6,5,6,6,6,5,4,3,1,1,0,1,1,0,0,1,0,1,0,0,0,1,1,1,3,3,2,2,23,0,1,1,70,1,1,5
3586,4.0,4.0,4.0,3.0,5.0,5.0,5.0,4.0,5.0,4.0,1.0,4.0,2.0,1.0,3.0,4.0,1.0,5.0,5.0,5.0,3,5,4,7,3,4,5,6,1,4,1,1,1,1,1,0,0,1,0,1,0,0,1,1,1,1,2,3,1,2,20,1,4,1,60,2,1,1
3587,3.0,3.0,2.0,3.0,5.0,4.0,1.0,4.0,4.0,5.0,2.0,5.0,5.0,1.0,5.0,1.0,1.0,3.0,5.0,4.0,3,2,6,3,5,5,7,1,6,3,1,1,0,1,1,0,0,0,0,1,0,0,1,1,1,1,3,3,2,2,30,1,10,1,70,1,1,2
3588,3.0,2.0,2.0,3.0,4.0,2.0,3.0,1.0,4.0,3.0,1.0,2.0,1.0,1.0,4.0,2.0,1.0,1.0,2.0,2.0,1,3,7,3,5,5,4,2,6,3,1,1,1,1,1,0,0,0,0,1,0,0,1,1,1,1,3,2,1,1,29,1,6,1,60,1,1,1
3589,1.0,1.0,5.0,5.0,4.0,4.0,2.0,2.0,5.0,4.0,2.0,4.0,1.0,5.0,1.0,4.0,1.0,4.0,5.0,3.0,6,1,7,5,5,3,7,1,4,1,1,1,1,1,1,0,0,1,0,1,1,0,1,1,1,1,3,2,2,1,28,1,12,1,60,1,3,3
3590,5.0,2.0,2.0,4.0,2.0,1.0,1.0,1.0,3.0,1.0,1.0,4.0,4.0,2.0,5.0,3.0,2.0,5.0,5.0,1.0,6,6,7,4,7,5,6,2,7,4,1,1,1,1,1,0,0,1,0,1,0,0,1,1,1,1,2,2,2,1,20,1,1,1,70,2,1,4
3591,5.0,5.0,2.0,3.0,5.0,1.0,1.0,5.0,2.0,1.0,1.0,1.0,3.0,2.0,3.0,2.0,1.0,4.0,4.0,5.0,1,3,4,2,6,5,7,5,5,1,1,1,1,1,1,0,1,1,0,1,1,1,1,1,1,1,2,1,1,1,35,1,2,1,60,1,1,1
3592,5.0,4.0,1.0,5.0,5.0,3.0,2.0,4.0,5.0,4.0,2.0,4.0,4.0,5.0,4.0,4.0,1.0,4.0,5.0,1.0,0,0,6,0,0,6,7,0,7,0,1,1,1,1,1,0,0,0,0,1,0,0,1,1,1,1,3,3,2,2,48,1,4,1,10,2,2,5
3593,3.0,1.0,4.0,3.0,1.0,2.0,2.0,1.0,5.0,2.0,1.0,2.0,1.0,1.0,1.0,3.0,1.0,4.0,5.0,1.0,5,2,5,3,3,4,6,2,5,1,1,1,1,1,1,0,0,0,0,1,0,0,1,1,1,1,3,1,2,1,57,1,7,1,50,1,3,4
3594,1.0,1.0,5.0,5.0,2.0,5.0,5.0,1.0,5.0,5.0,2.0,1.0,1.0,1.0,1.0,5.0,1.0,1.0,1.0,4.0,2,1,7,2,5,7,7,2,7,1,1,1,0,1,1,0,0,1,0,1,0,0,0,1,1,1,0,1,2,2,32,1,7,3,10,1,2,4
3595,5.0,5.0,1.0,1.0,5.0,1.0,1.0,3.0,1.0,1.0,1.0,5.0,5.0,1.0,4.0,2.0,1.0,5.0,4.0,5.0,4,7,7,3,4,4,7,2,4,1,0,0,0,0,1,0,0,0,0,0,0,1,0,1,0,1,3,3,1,1,26,3,1,1,70,1,1,2
3596,3.0,4.0,4.0,2.0,4.0,3.0,3.0,5.0,3.0,3.0,1.0,5.0,4.0,1.0,2.0,3.0,1.0,3.0,5.0,2.0,1,5,7,5,7,6,4,1,4,2,0,1,0,0,0,0,0,1,0,1,0,0,1,0,0,0,2,3,2,2,20,1,1,1,70,1,1,3
3597,2.0,5.0,1.0,2.0,5.0,1.0,1.0,4.0,1.0,1.0,1.0,4.0,2.0,1.0,5.0,1.0,1.0,1.0,5.0,5.0,2,5,6,3,3,6,3,2,7,6,1,1,0,1,1,0,0,0,0,1,0,0,1,1,1,1,2,3,1,2,21,1,2,1,60,1,1,1
3598,3.0,1.0,2.0,4.0,4.0,1.0,1.0,1.0,4.0,5.0,1.0,4.0,2.0,3.0,4.0,1.0,1.0,1.0,5.0,1.0,2,2,5,5,5,5,6,2,6,2,1,1,1,1,1,0,0,0,0,1,1,0,1,1,1,1,3,1,1,1,24,1,2,2,60,1,1,2
3599,3.0,3.0,2.0,5.0,4.0,2.0,2.0,1.0,5.0,4.0,1.0,5.0,1.0,1.0,4.0,2.0,1.0,4.0,1.0,5.0,1,2,4,5,5,6,4,5,2,5,1,1,0,1,1,0,0,0,0,1,0,0,0,0,1,1,2,3,2,2,29,1,7,1,10,2,1,2
3600,5.0,2.0,1.0,1.0,5.0,3.0,2.0,1.0,2.0,1.0,1.0,5.0,5.0,1.0,1.0,1.0,1.0,5.0,5.0,5.0,1,7,5,1,7,7,1,6,6,1,0,0,0,1,1,0,0,1,0,0,1,0,0,1,0,0,4,3,1,2,31,1,4,1,70,1,1,1
3601,2.0,2.0,2.0,4.0,2.0,2.0,2.0,4.0,2.0,4.0,2.0,2.0,4.0,4.0,3.0,4.0,4.0,3.0,2.0,1.0,7,6,5,3,6,1,7,5,5,2,1,1,0,1,1,0,0,1,0,1,0,0,1,1,1,1,2,3,1,1,18,1,2,1,60,2,1,2
3602,3.0,4.0,1.0,3.0,5.0,2.0,1.0,4.0,4.0,2.0,2.0,5.0,4.0,1.0,2.0,1.0,3.0,5.0,5.0,4.0,5,6,4,3,7,6,6,2,6,1,1,1,1,1,1,0,0,1,0,1,1,1,1,1,1,1,3,3,1,2,18,1,2,1,10,2,1,2
3603,5.0,1.0,4.0,4.0,5.0,1.0,4.0,5.0,4.0,1.0,1.0,5.0,1.0,1.0,2.0,1.0,1.0,5.0,5.0,5.0,6,5,6,2,7,4,5,5,6,2,1,1,1,1,1,0,0,1,0,1,1,0,1,1,1,1,3,3,1,1,38,1,1,1,60,2,2,2
3604,3.0,4.0,3.0,3.0,4.0,4.0,4.0,2.0,3.0,3.0,2.0,4.0,3.0,2.0,4.0,2.0,2.0,4.0,3.0,2.0,5,5,5,6,5,5,6,7,3,4,1,1,0,1,1,0,0,0,0,1,0,0,1,1,1,1,3,1,1,2,26,1,4,3,10,1,1,3
3605,3.0,3.0,2.0,3.0,3.0,4.0,2.0,2.0,5.0,4.0,3.0,5.0,2.0,2.0,3.0,1.0,2.0,4.0,5.0,2.0,4,1,6,3,5,4,6,2,4,4,1,1,0,1,1,0,0,0,0,1,0,1,1,1,1,1,1,3,2,2,15,1,2,1,10,2,1,2
3606,1.0,2.0,3.0,5.0,1.0,4.0,4.0,1.0,5.0,5.0,4.0,1.0,1.0,3.0,3.0,4.0,5.0,1.0,5.0,1.0,6,1,6,2,7,5,6,3,5,2,1,1,0,1,1,0,0,0,0,1,0,0,1,1,1,1,2,2,2,1,33,1,4,1,60,1,2,9
3607,2.0,4.0,1.0,4.0,5.0,1.0,1.0,1.0,2.0,2.0,1.0,4.0,1.0,1.0,5.0,1.0,5.0,5.0,5.0,3.0,1,4,5,1,6,7,5,1,7,1,1,1,0,1,1,0,0,0,0,1,0,0,1,1,1,1,2,2,1,2,20,1,0,1,60,2,1,1
3608,1.0,2.0,3.0,3.0,1.0,5.0,5.0,1.0,5.0,5.0,1.0,1.0,2.0,3.0,5.0,5.0,3.0,2.0,1.0,1.0,7,5,6,7,7,2,7,1,2,1,0,0,0,0,0,0,0,0,0,0,0,0,0,0,0,1,2,3,2,1,33,1,7,1,30,1,2,3
3609,4.0,1.0,5.0,4.0,4.0,4.0,5.0,4.0,5.0,4.0,2.0,5.0,4.0,4.0,2.0,5.0,4.0,4.0,4.0,1.0,5,5,5,4,5,5,5,4,5,2,0,0,0,0,0,0,0,1,0,1,0,0,0,1,0,1,3,3,1,2,42,1,4,3,10,1,1,4
3610,4.0,1.0,4.0,4.0,4.0,4.0,5.0,4.0,5.0,4.0,4.0,4.0,4.0,4.0,2.0,5.0,2.0,4.0,4.0,1.0,5,5,5,5,5,5,4,3,4,2,0,0,0,0,0,0,0,1,0,1,0,0,0,1,0,1,3,3,1,2,42,1,4,3,10,1,1,4
3611,5.0,5.0,2.0,4.0,3.0,2.0,2.0,3.0,2.0,2.0,2.0,5.0,2.0,1.0,4.0,3.0,2.0,4.0,4.0,3.0,3,4,5,2,5,5,2,5,5,2,1,1,0,1,1,0,0,0,0,1,1,0,0,1,1,1,3,3,1,2,27,1,2,1,60,1,1,3
3612,5.0,4.0,2.0,1.0,4.0,1.0,1.0,2.0,4.0,1.0,1.0,4.0,3.0,1.0,5.0,2.0,3.0,5.0,5.0,5.0,6,7,4,1,7,4,7,4,0,2,1,1,0,1,1,0,0,1,0,1,0,1,1,1,1,1,3,3,1,2,28,1,2,3,60,1,1,1
3613,5.0,5.0,1.0,1.0,5.0,1.0,1.0,5.0,1.0,1.0,1.0,5.0,5.0,1.0,5.0,1.0,1.0,5.0,5.0,3.0,2,4,7,1,2,6,2,1,7,6,1,1,1,1,1,1,1,1,0,1,1,1,1,1,1,1,3,2,1,1,34,1,12,1,60,1,1,3
3614,1.0,1.0,5.0,1.0,4.0,3.0,3.0,1.0,1.0,3.0,1.0,4.0,1.0,1.0,1.0,1.0,4.0,4.0,4.0,1.0,2,1,7,3,6,5,7,7,4,2,1,1,1,1,1,0,1,1,0,1,0,0,1,1,1,1,4,1,2,1,60,0,12,1,60,2,3,2
3615,5.0,4.0,1.0,2.0,5.0,3.0,3.0,2.0,3.0,2.0,1.0,5.0,4.0,1.0,4.0,1.0,4.0,2.0,5.0,5.0,5,4,5,4,5,6,7,5,4,1,1,1,0,1,1,0,0,1,0,1,0,1,1,1,1,1,2,2,1,2,18,1,1,1,60,2,1,2
3616,5.0,5.0,1.0,1.0,5.0,1.0,1.0,5.0,1.0,1.0,1.0,5.0,5.0,1.0,5.0,1.0,1.0,5.0,5.0,5.0,7,7,7,4,7,1,3,3,7,1,0,1,0,1,0,0,0,0,0,1,0,0,0,1,1,1,3,2,1,2,38,1,2,1,10,2,1,2
3617,3.0,5.0,3.0,3.0,4.0,1.0,1.0,1.0,3.0,5.0,3.0,5.0,4.0,4.0,3.0,2.0,1.0,3.0,5.0,3.0,4,4,5,2,6,3,5,2,4,1,1,1,1,1,1,0,0,0,0,1,0,1,1,1,1,1,2,2,2,1,34,1,12,1,60,1,3,3
3618,5.0,4.0,1.0,1.0,4.0,1.0,1.0,2.0,1.0,1.0,2.0,4.0,5.0,1.0,4.0,2.0,1.0,5.0,5.0,3.0,2,7,5,6,6,7,5,3,3,1,1,1,0,1,1,0,0,1,0,1,1,0,1,1,1,1,2,2,1,2,32,2,1,5,60,1,1,1
3619,5.0,3.0,1.0,3.0,3.0,1.0,1.0,4.0,1.0,1.0,1.0,3.0,3.0,1.0,5.0,1.0,3.0,4.0,5.0,1.0,5,6,4,5,7,7,2,5,3,2,1,0,0,1,0,0,0,0,0,1,0,0,0,1,1,1,1,3,1,2,15,1,2,1,60,2,1,2
3620,5.0,4.0,3.0,4.0,4.0,3.0,1.0,4.0,3.0,1.0,2.0,5.0,5.0,2.0,4.0,3.0,1.0,5.0,5.0,5.0,2,6,7,2,6,7,4,1,7,1,1,1,1,1,1,1,0,1,0,1,1,1,1,1,1,1,4,2,1,1,43,1,1,1,60,1,2,2
3621,5.0,5.0,1.0,1.0,5.0,1.0,1.0,5.0,1.0,1.0,1.0,5.0,1.0,1.0,5.0,1.0,1.0,5.0,5.0,5.0,6,7,7,1,6,2,4,1,7,2,0,1,0,1,0,0,0,0,0,1,0,0,0,1,0,1,3,3,1,2,36,1,2,3,60,1,1,2
3622,1.0,2.0,4.0,5.0,4.0,5.0,4.0,3.0,5.0,5.0,2.0,4.0,1.0,4.0,3.0,2.0,3.0,1.0,4.0,1.0,2,2,3,5,5,6,6,6,4,1,1,1,0,1,1,0,0,1,0,1,1,0,1,1,1,1,4,1,2,2,35,3,3,2,60,2,1,2
3623,3.0,5.0,4.0,5.0,2.0,5.0,5.0,2.0,5.0,5.0,1.0,3.0,5.0,4.0,3.0,3.0,5.0,1.0,1.0,3.0,6,6,7,6,7,7,7,1,7,4,1,1,1,1,0,0,1,0,0,1,0,0,0,1,1,1,4,3,2,2,37,1,7,1,70,2,1,5
3624,5.0,4.0,3.0,5.0,5.0,3.0,3.0,5.0,3.0,1.0,2.0,5.0,5.0,1.0,1.0,5.0,1.0,3.0,5.0,1.0,4,7,7,7,5,6,6,1,1,1,1,0,0,1,1,0,0,1,0,1,0,0,0,1,1,1,4,2,1,2,26,1,1,3,60,2,1,1
3625,1.0,1.0,5.0,5.0,1.0,4.0,1.0,1.0,5.0,5.0,1.0,5.0,1.0,1.0,1.0,5.0,5.0,1.0,1.0,5.0,3,1,7,6,7,7,6,1,5,1,1,1,1,1,1,0,0,1,0,0,0,0,0,0,0,1,4,3,1,2,39,1,4,2,60,1,1,2
3626,4.0,4.0,2.0,4.0,4.0,2.0,1.0,5.0,1.0,2.0,1.0,5.0,4.0,4.0,5.0,5.0,1.0,5.0,4.0,4.0,1,4,5,5,5,5,1,1,7,4,1,1,0,1,1,0,0,0,0,1,0,0,0,0,1,1,4,3,1,2,23,1,8,0,70,2,1,2
3627,4.0,2.0,2.0,1.0,4.0,1.0,1.0,4.0,3.0,1.0,1.0,5.0,1.0,1.0,2.0,1.0,1.0,4.0,5.0,3.0,3,6,3,5,3,5,2,1,6,5,1,1,0,1,1,0,0,0,0,1,0,0,1,1,1,1,3,2,1,1,20,1,2,1,60,1,1,3
3628,1.0,4.0,4.0,4.0,2.0,4.0,2.0,4.0,4.0,2.0,3.0,4.0,1.0,4.0,4.0,1.0,4.0,4.0,5.0,3.0,6,5,5,5,7,4,6,5,5,7,1,1,1,1,1,0,1,1,0,1,1,0,1,1,1,1,4,3,1,1,49,1,9,1,60,1,1,1
3629,1.0,3.0,1.0,1.0,5.0,1.0,5.0,1.0,5.0,4.0,2.0,5.0,5.0,1.0,5.0,1.0,3.0,4.0,1.0,2.0,4,6,7,2,6,6,4,1,5,2,1,1,1,1,1,0,1,1,0,1,0,1,0,1,1,1,1,2,2,1,15,1,9,1,60,2,1,3
3630,5.0,4.0,1.0,1.0,5.0,1.0,1.0,4.0,1.0,2.0,2.0,5.0,4.0,1.0,5.0,2.0,1.0,3.0,4.0,3.0,5,6,6,4,7,6,6,4,1,4,1,1,0,1,0,0,0,1,0,1,0,0,1,1,1,1,3,3,1,2,18,1,2,2,60,2,1,2
3631,1.0,4.0,4.0,4.0,4.0,2.0,2.0,1.0,5.0,5.0,1.0,2.0,1.0,1.0,4.0,4.0,2.0,4.0,5.0,1.0,7,6,7,5,7,1,6,1,7,6,1,1,1,1,1,1,1,0,0,1,0,0,1,1,1,1,4,2,2,1,32,1,1,1,60,1,2,2
3632,5.0,5.0,2.0,3.0,5.0,1.0,1.0,5.0,2.0,2.0,1.0,5.0,5.0,2.0,5.0,1.0,1.0,5.0,5.0,5.0,2,4,5,7,6,7,6,5,3,6,1,1,0,1,1,0,0,0,0,1,0,0,1,1,1,1,3,3,2,1,49,1,1,1,60,1,1,3
3633,1.0,2.0,4.0,4.0,3.0,3.0,2.0,1.0,4.0,4.0,1.0,2.0,2.0,3.0,1.0,5.0,4.0,3.0,1.0,2.0,3,2,5,5,5,6,6,3,3,3,1,1,0,1,1,0,0,0,0,1,0,0,0,1,1,1,2,2,2,2,18,1,4,2,10,2,1,2
3634,5.0,4.0,2.0,1.0,3.0,3.0,2.0,5.0,4.0,2.0,2.0,4.0,2.0,2.0,3.0,5.0,2.0,4.0,5.0,4.0,2,6,7,2,7,3,6,1,7,5,1,1,0,1,1,0,0,1,0,1,0,0,1,1,1,1,3,2,1,1,26,1,2,1,30,1,1,4
3635,5.0,3.0,1.0,1.0,4.0,1.0,1.0,3.0,1.0,1.0,2.0,2.0,2.0,1.0,4.0,4.0,2.0,5.0,5.0,2.0,5,7,5,2,6,3,4,4,2,3,1,1,1,1,1,1,0,0,0,1,0,1,1,1,1,1,3,2,1,1,21,3,4,1,60,2,1,3
3636,1.0,5.0,2.0,1.0,4.0,5.0,5.0,2.0,5.0,5.0,1.0,4.0,3.0,1.0,4.0,1.0,2.0,1.0,3.0,1.0,2,2,6,5,6,3,5,2,3,2,1,1,1,1,1,0,1,1,0,1,0,1,1,1,1,1,3,2,1,1,67,1,7,1,60,1,2,5
3637,4.0,2.0,5.0,4.0,4.0,2.0,2.0,4.0,5.0,4.0,2.0,4.0,3.0,4.0,2.0,2.0,2.0,2.0,4.0,1.0,5,5,5,3,6,5,5,5,6,3,1,1,1,1,1,0,1,1,0,1,0,0,1,1,1,1,3,1,1,1,36,1,1,1,60,1,1,4
3638,1.0,3.0,4.0,4.0,3.0,4.0,4.0,2.0,4.0,4.0,4.0,2.0,2.0,4.0,4.0,4.0,4.0,1.0,4.0,1.0,2,4,6,6,5,6,6,3,3,6,1,1,0,1,0,0,0,1,0,1,1,0,0,0,1,1,3,1,2,2,35,1,4,1,60,2,2,2
3639,1.0,1.0,3.0,4.0,4.0,3.0,3.0,2.0,4.0,4.0,2.0,4.0,4.0,2.0,1.0,5.0,1.0,2.0,5.0,1.0,2,4,5,2,1,7,6,4,1,2,1,1,1,1,1,0,1,1,0,1,1,0,1,1,1,1,2,1,2,2,23,1,1,1,10,2,1,1
3640,4.0,1.0,5.0,1.0,5.0,1.0,1.0,5.0,2.0,5.0,1.0,5.0,5.0,4.0,4.0,4.0,4.0,5.0,5.0,1.0,6,6,2,6,5,7,6,6,6,1,1,1,0,1,0,0,1,0,1,1,0,0,1,1,1,1,3,2,2,1,40,3,7,1,70,2,1,2
3641,4.0,5.0,3.0,2.0,5.0,1.0,1.0,5.0,4.0,2.0,1.0,5.0,4.0,2.0,5.0,3.0,2.0,4.0,5.0,1.0,7,6,7,6,7,1,6,2,2,1,1,1,0,1,0,0,0,0,0,1,0,0,1,0,1,1,3,2,2,1,22,1,12,1,60,1,1,3
3642,3.0,5.0,2.0,2.0,2.0,1.0,1.0,4.0,2.0,4.0,1.0,4.0,4.0,1.0,5.0,3.0,2.0,1.0,5.0,3.0,5,1,3,5,7,6,7,1,2,1,1,1,1,1,1,0,1,1,0,1,1,0,1,1,1,1,4,3,2,2,34,1,1,1,60,1,1,1
3643,4.0,4.0,4.0,5.0,1.0,4.0,1.0,4.0,5.0,2.0,5.0,1.0,1.0,5.0,5.0,5.0,5.0,5.0,5.0,1.0,5,3,7,6,3,7,7,1,5,2,0,1,0,1,0,0,0,0,0,1,0,0,0,1,1,1,3,3,2,2,20,1,2,1,60,2,1,2
3644,1.0,2.0,4.0,5.0,2.0,4.0,3.0,1.0,5.0,4.0,4.0,1.0,1.0,4.0,4.0,2.0,3.0,1.0,5.0,1.0,6,5,3,4,7,4,6,2,7,1,1,1,1,1,1,0,0,1,1,1,1,0,1,1,1,1,3,2,1,1,27,1,7,1,60,1,1,2
3645,5.0,5.0,1.0,4.0,5.0,1.0,1.0,1.0,2.0,5.0,1.0,5.0,4.0,2.0,5.0,4.0,1.0,2.0,5.0,1.0,6,1,4,7,7,2,5,3,3,3,1,1,0,1,1,1,0,1,0,1,0,0,1,1,1,1,3,3,1,1,27,1,1,2,60,1,1,2
3646,1.0,4.0,4.0,4.0,4.0,2.0,1.0,1.0,5.0,2.0,1.0,4.0,2.0,1.0,4.0,1.0,4.0,2.0,5.0,1.0,5,6,3,4,6,3,6,7,3,2,1,1,0,1,1,0,0,1,0,1,1,0,1,1,1,1,2,3,1,1,18,2,6,2,10,2,1,3
3647,5.0,2.0,2.0,3.0,5.0,1.0,2.0,4.0,3.0,2.0,1.0,3.0,2.0,2.0,3.0,1.0,3.0,5.0,5.0,3.0,5,6,6,7,6,7,5,5,4,5,1,1,0,1,1,0,0,0,0,1,0,0,1,1,1,1,2,3,2,2,22,2,4,2,10,1,1,2
3648,4.0,3.0,3.0,3.0,4.0,3.0,2.0,5.0,4.0,4.0,1.0,4.0,4.0,2.0,3.0,4.0,3.0,4.0,3.0,2.0,6,4,5,6,6,4,4,4,3,3,0,0,0,1,0,0,0,0,0,1,0,0,0,1,1,1,3,3,2,2,22,1,1,1,10,1,1,2
3649,4.0,4.0,4.0,2.0,5.0,3.0,1.0,4.0,2.0,2.0,1.0,4.0,4.0,2.0,4.0,2.0,2.0,5.0,4.0,1.0,6,5,4,2,6,2,5,6,6,1,1,1,0,1,1,1,0,1,1,1,0,0,1,1,1,1,3,3,1,2,34,3,12,1,60,1,1,2
3650,5.0,4.0,2.0,3.0,5.0,2.0,2.0,5.0,5.0,5.0,3.0,5.0,5.0,1.0,4.0,4.0,1.0,4.0,5.0,5.0,3,1,1,7,7,3,5,7,4,1,1,1,1,1,1,0,0,0,0,1,0,0,0,1,1,1,2,3,2,2,16,3,7,1,60,2,1,2
3651,5.0,5.0,1.0,3.0,5.0,1.0,1.0,4.0,1.0,2.0,1.0,5.0,5.0,1.0,5.0,5.0,1.0,4.0,5.0,4.0,4,5,7,4,4,5,1,1,7,5,1,1,0,1,1,0,0,0,0,1,0,0,0,1,1,1,2,3,2,2,18,1,2,2,60,2,1,1
3652,4.0,2.0,4.0,4.0,5.0,5.0,2.0,4.0,5.0,4.0,2.0,5.0,4.0,5.0,5.0,5.0,5.0,5.0,5.0,3.0,5,5,6,7,6,5,7,6,1,2,1,0,0,1,1,0,0,0,0,1,0,0,0,0,1,1,2,2,2,2,25,2,4,2,10,1,1,1
3653,3.0,5.0,2.0,2.0,4.0,1.0,1.0,2.0,4.0,2.0,1.0,4.0,2.0,1.0,4.0,1.0,2.0,3.0,5.0,1.0,4,7,6,5,7,5,6,6,4,2,1,1,1,1,1,0,1,1,0,1,1,0,1,1,1,1,3,2,1,1,41,1,1,1,60,1,2,1
3654,1.0,2.0,2.0,5.0,2.0,2.0,2.0,1.0,4.0,5.0,3.0,2.0,1.0,5.0,3.0,1.0,2.0,4.0,5.0,2.0,2,5,6,6,5,6,4,2,4,2,1,1,1,1,1,0,0,0,0,1,0,0,1,1,1,1,4,1,1,1,60,1,1,2,60,1,3,4
3655,4.0,5.0,1.0,1.0,5.0,1.0,1.0,5.0,3.0,1.0,1.0,5.0,3.0,1.0,4.0,3.0,3.0,4.0,5.0,3.0,1,7,1,3,6,3,1,7,1,2,1,1,1,1,1,0,0,1,0,1,1,0,1,1,1,1,2,2,1,2,25,1,2,2,60,1,1,2
3656,4.0,4.0,2.0,3.0,4.0,3.0,2.0,2.0,4.0,1.0,2.0,4.0,4.0,2.0,4.0,2.0,1.0,4.0,5.0,4.0,2,5,5,2,6,7,3,2,6,2,1,1,0,1,1,0,0,1,0,1,1,0,1,1,1,1,3,1,1,2,40,1,1,1,60,2,1,4
3657,5.0,5.0,1.0,3.0,5.0,2.0,5.0,5.0,3.0,1.0,1.0,5.0,1.0,3.0,4.0,3.0,3.0,5.0,3.0,1.0,2,5,1,5,7,7,5,6,3,5,1,1,0,1,1,0,0,0,0,1,0,0,1,0,1,1,1,3,1,2,15,1,2,1,10,2,1,2
3658,1.0,4.0,3.0,3.0,2.0,4.0,3.0,1.0,5.0,3.0,1.0,5.0,1.0,1.0,3.0,1.0,1.0,2.0,5.0,1.0,5,5,5,5,5,5,5,5,3,1,1,1,0,1,1,0,0,1,1,1,1,0,1,1,1,1,4,2,1,1,28,1,1,2,60,2,1,3
3659,4.0,4.0,1.0,3.0,3.0,2.0,1.0,5.0,3.0,2.0,1.0,3.0,2.0,2.0,4.0,4.0,3.0,5.0,5.0,2.0,4,5,5,6,3,7,5,1,3,6,1,1,0,1,1,0,0,0,0,1,0,0,1,0,1,1,2,2,1,2,19,1,1,2,60,1,1,1
3660,5.0,5.0,1.0,1.0,5.0,1.0,1.0,3.0,2.0,1.0,1.0,5.0,4.0,1.0,5.0,1.0,5.0,5.0,5.0,5.0,4,3,5,2,7,1,7,7,6,1,1,0,0,1,0,0,0,1,0,1,0,0,0,1,1,1,2,3,2,2,48,1,12,1,60,1,2,1
3661,4.0,5.0,5.0,2.0,2.0,2.0,3.0,5.0,5.0,4.0,5.0,5.0,2.0,1.0,4.0,3.0,1.0,4.0,5.0,5.0,6,4,5,2,1,2,4,3,4,1,1,0,0,1,1,0,0,1,0,1,0,0,1,1,1,1,3,3,2,2,29,1,4,1,60,1,1,4
3662,4.0,4.0,5.0,1.0,3.0,2.0,1.0,4.0,5.0,2.0,1.0,4.0,5.0,1.0,2.0,4.0,1.0,1.0,5.0,1.0,3,6,6,3,7,3,5,4,1,2,1,1,0,1,1,0,0,1,0,1,0,0,0,1,1,1,2,1,2,1,18,1,12,2,70,1,2,4
3663,3.0,4.0,2.0,3.0,5.0,2.0,1.0,4.0,3.0,2.0,3.0,5.0,4.0,1.0,4.0,1.0,2.0,3.0,5.0,1.0,2,5,3,4,6,6,4,4,3,5,1,1,1,1,1,0,0,0,0,1,0,0,1,1,1,1,3,2,1,1,25,1,2,1,60,1,1,2
3664,4.0,5.0,2.0,4.0,5.0,2.0,1.0,3.0,2.0,2.0,2.0,4.0,2.0,1.0,5.0,2.0,2.0,5.0,5.0,2.0,6,3,4,1,7,5,5,3,7,2,1,1,1,1,1,0,0,0,0,1,0,1,1,1,1,1,2,3,1,1,21,1,4,1,60,1,1,2
3665,5.0,5.0,1.0,1.0,5.0,4.0,1.0,5.0,5.0,3.0,1.0,4.0,3.0,1.0,5.0,5.0,1.0,5.0,5.0,1.0,5,5,7,1,7,4,6,3,6,2,1,1,1,1,1,1,1,1,1,1,1,1,1,1,1,1,1,2,1,1,15,2,2,1,60,2,1,2
3666,5.0,5.0,5.0,1.0,1.0,1.0,1.0,5.0,5.0,1.0,1.0,5.0,2.0,2.0,5.0,2.0,3.0,4.0,5.0,2.0,1,1,5,7,7,7,5,7,2,2,1,1,0,1,1,0,1,0,0,1,0,0,1,1,1,1,4,3,2,2,23,1,12,1,10,1,1,2
3667,2.0,2.0,2.0,2.0,4.0,4.0,4.0,2.0,4.0,5.0,1.0,4.0,1.0,2.0,2.0,1.0,4.0,4.0,2.0,1.0,2,3,3,5,6,6,6,2,5,5,1,1,0,1,1,0,0,1,0,1,0,0,0,1,1,1,3,3,2,2,25,1,1,1,60,1,1,2
3668,2.0,2.0,5.0,1.0,1.0,2.0,2.0,4.0,2.0,2.0,2.0,4.0,1.0,1.0,4.0,2.0,3.0,4.0,1.0,3.0,5,5,7,3,3,5,6,1,5,3,1,1,0,1,1,0,0,0,0,1,0,0,0,1,1,1,2,3,2,2,18,1,4,1,60,1,1,2
3669,3.0,4.0,4.0,2.0,5.0,2.0,1.0,5.0,5.0,3.0,1.0,4.0,2.0,1.0,5.0,2.0,1.0,4.0,5.0,2.0,7,6,7,2,6,1,6,1,5,2,1,1,1,1,1,0,1,1,0,1,0,0,1,1,1,1,4,2,2,1,32,1,1,1,60,2,2,2
3670,5.0,4.0,4.0,1.0,5.0,1.0,1.0,5.0,2.0,2.0,1.0,5.0,4.0,1.0,4.0,1.0,1.0,5.0,5.0,4.0,7,5,7,3,5,1,1,1,7,6,1,1,0,1,1,0,0,0,0,1,0,0,1,1,1,1,3,1,1,1,18,1,4,1,60,1,1,1
3671,5.0,5.0,5.0,5.0,4.0,3.0,1.0,5.0,3.0,4.0,2.0,5.0,4.0,1.0,1.0,2.0,5.0,5.0,5.0,5.0,5,6,6,3,7,6,5,3,6,3,0,1,0,1,0,0,0,0,0,1,0,0,0,0,0,1,3,1,1,2,42,1,10,1,20,2,2,3
3672,1.0,2.0,1.0,2.0,3.0,4.0,2.0,4.0,1.0,5.0,1.0,1.0,1.0,3.0,4.0,1.0,1.0,1.0,3.0,1.0,3,5,3,1,7,6,4,5,6,1,1,1,1,1,1,0,1,1,0,1,1,0,1,1,1,1,4,3,1,1,84,1,9,1,60,1,2,3
3673,5.0,4.0,2.0,2.0,5.0,5.0,5.0,4.0,5.0,5.0,1.0,5.0,5.0,2.0,5.0,2.0,1.0,5.0,5.0,2.0,5,6,5,7,7,5,7,5,3,1,1,1,0,1,1,1,0,1,0,1,0,0,1,1,1,1,3,3,2,2,32,1,6,1,10,1,2,5
3674,3.0,2.0,4.0,3.0,3.0,5.0,4.0,4.0,5.0,4.0,1.0,3.0,3.0,2.0,4.0,4.0,3.0,2.0,5.0,2.0,7,5,5,2,7,6,7,1,7,1,1,1,1,1,0,0,0,1,0,1,0,0,1,1,1,1,3,3,2,2,22,1,12,1,60,1,1,2
3675,4.0,4.0,5.0,3.0,5.0,4.0,2.0,4.0,4.0,4.0,3.0,5.0,4.0,2.0,3.0,5.0,4.0,2.0,4.0,1.0,5,6,5,6,7,6,7,2,5,3,1,0,0,1,1,0,0,0,0,1,0,0,1,1,1,1,3,3,1,1,20,1,2,1,60,2,1,3
3676,5.0,2.0,1.0,1.0,4.0,1.0,1.0,5.0,1.0,1.0,1.0,5.0,5.0,1.0,4.0,1.0,1.0,3.0,5.0,1.0,7,5,7,2,7,1,2,1,7,1,1,1,0,1,1,1,1,0,1,1,0,1,1,1,1,1,4,2,1,1,25,1,2,1,60,1,1,0
3677,4.0,4.0,2.0,4.0,3.0,2.0,2.0,4.0,4.0,2.0,2.0,3.0,3.0,2.0,4.0,4.0,3.0,4.0,4.0,3.0,5,4,5,5,6,5,5,5,5,3,1,1,1,1,1,0,1,1,0,1,0,0,1,1,1,1,2,1,2,1,19,1,2,1,10,2,1,3
3678,3.0,3.0,2.0,3.0,2.0,3.0,1.0,4.0,2.0,2.0,1.0,5.0,4.0,2.0,5.0,4.0,1.0,4.0,5.0,1.0,5,7,5,5,6,3,3,5,3,2,1,1,1,1,1,0,0,1,0,1,0,1,1,1,1,1,1,2,1,1,17,1,4,1,60,2,1,1
3679,1.0,4.0,1.0,4.0,2.0,1.0,1.0,1.0,4.0,2.0,1.0,4.0,3.0,1.0,4.0,4.0,4.0,5.0,5.0,1.0,2,5,7,2,5,3,4,2,7,2,1,1,0,1,1,0,0,1,0,1,0,0,0,1,1,1,3,3,2,2,26,1,2,1,60,1,1,2
3680,1.0,2.0,5.0,5.0,1.0,4.0,5.0,4.0,5.0,4.0,2.0,3.0,3.0,1.0,5.0,2.0,5.0,2.0,5.0,3.0,3,7,4,7,7,7,7,0,5,5,1,1,0,1,1,0,0,1,0,1,0,0,1,1,1,1,4,3,1,2,33,2,2,1,20,2,1,7
3681,5.0,2.0,5.0,1.0,5.0,5.0,1.0,1.0,5.0,5.0,1.0,3.0,1.0,1.0,1.0,3.0,1.0,3.0,5.0,1.0,2,7,7,4,7,2,7,7,7,4,1,0,0,1,1,0,0,0,0,0,0,1,0,0,0,1,3,3,2,2,29,1,1,2,20,2,2,5
3682,4.0,2.0,5.0,4.0,4.0,3.0,5.0,2.0,5.0,5.0,2.0,5.0,2.0,2.0,2.0,2.0,1.0,4.0,1.0,1.0,5,7,7,5,7,5,3,5,3,5,1,0,0,1,1,0,0,0,0,1,0,0,0,0,1,1,3,3,2,2,30,1,10,1,20,2,1,5
3683,4.0,4.0,4.0,2.0,3.0,4.0,4.0,4.0,5.0,4.0,1.0,4.0,2.0,2.0,4.0,1.0,1.0,4.0,1.0,2.0,3,6,3,6,2,6,6,4,3,5,1,1,0,1,1,0,0,0,0,1,0,0,0,1,1,1,3,3,1,2,26,1,10,1,20,2,1,6
3684,5.0,4.0,4.0,5.0,5.0,4.0,5.0,5.0,5.0,5.0,4.0,5.0,4.0,5.0,2.0,4.0,2.0,1.0,4.0,1.0,6,1,6,5,7,6,6,2,6,1,1,1,0,1,1,0,0,0,0,1,0,0,0,1,1,1,3,1,1,2,63,1,6,1,10,1,2,8
3685,1.0,4.0,1.0,5.0,1.0,1.0,1.0,1.0,5.0,1.0,4.0,1.0,1.0,3.0,4.0,1.0,1.0,2.0,5.0,1.0,6,2,1,2,6,1,5,5,6,2,1,1,1,1,1,1,0,1,0,1,0,1,1,1,1,1,2,2,1,1,26,1,1,1,60,1,1,2
3686,5.0,5.0,3.0,1.0,5.0,2.0,1.0,5.0,1.0,2.0,1.0,5.0,5.0,1.0,3.0,4.0,1.0,4.0,5.0,4.0,6,7,5,6,5,4,1,3,5,1,1,1,1,1,1,0,0,0,0,1,0,0,1,1,1,1,1,2,2,2,15,1,6,2,70,2,1,2
3687,5.0,1.0,2.0,1.0,2.0,2.0,3.0,2.0,5.0,1.0,1.0,4.0,1.0,1.0,1.0,1.0,4.0,5.0,4.0,1.0,3,7,3,6,5,3,7,6,2,2,1,1,0,1,1,1,1,1,0,1,0,0,1,1,1,1,4,3,1,2,49,1,10,1,20,0,0,6
3688,1.0,1.0,5.0,3.0,4.0,5.0,4.0,1.0,5.0,5.0,1.0,4.0,1.0,2.0,2.0,5.0,3.0,1.0,4.0,1.0,5,1,7,7,6,6,7,2,6,2,1,1,1,1,1,0,0,0,0,1,0,0,1,1,1,1,3,3,2,1,39,1,6,1,60,1,2,4
3689,5.0,5.0,2.0,3.0,5.0,1.0,1.0,4.0,4.0,3.0,2.0,4.0,5.0,3.0,3.0,1.0,1.0,4.0,5.0,3.0,5,5,5,6,5,6,5,6,5,1,1,1,1,1,1,0,0,1,0,1,0,1,1,1,1,1,3,3,1,1,44,3,1,1,60,1,2,1
3690,5.0,5.0,4.0,4.0,4.0,5.0,5.0,2.0,5.0,5.0,2.0,5.0,1.0,2.0,3.0,5.0,4.0,4.0,3.0,4.0,6,7,5,7,7,3,4,5,4,2,0,0,0,0,0,0,0,0,0,0,0,0,0,0,0,0,4,3,2,1,29,1,10,1,60,0,0,3
3691,5.0,5.0,1.0,2.0,5.0,1.0,1.0,5.0,1.0,1.0,1.0,5.0,5.0,1.0,4.0,1.0,2.0,5.0,5.0,5.0,6,5,6,1,6,2,6,3,7,2,1,1,1,1,1,0,0,1,0,1,1,1,1,1,1,1,4,2,1,2,25,1,2,1,60,2,1,3
3692,5.0,5.0,2.0,3.0,2.0,1.0,1.0,4.0,2.0,2.0,2.0,5.0,4.0,2.0,5.0,2.0,4.0,2.0,5.0,1.0,5,5,4,5,5,7,5,5,6,6,1,1,0,1,1,0,0,1,0,0,0,0,1,1,1,1,3,2,1,1,25,2,1,1,60,2,1,2
3693,3.0,4.0,2.0,5.0,4.0,5.0,4.0,4.0,4.0,4.0,2.0,5.0,5.0,1.0,5.0,1.0,4.0,5.0,5.0,1.0,4,4,2,5,6,4,6,5,5,3,1,1,0,1,1,0,0,0,0,1,0,0,0,0,1,1,1,2,1,1,17,1,2,1,10,2,1,2
3694,3.0,4.0,3.0,3.0,5.0,3.0,4.0,4.0,4.0,4.0,1.0,2.0,2.0,1.0,5.0,2.0,4.0,5.0,5.0,1.0,4,4,6,5,5,5,6,2,5,4,0,1,0,1,1,0,0,0,0,1,0,0,0,1,1,1,2,3,1,1,19,1,4,1,10,1,1,2
3695,2.0,2.0,4.0,4.0,2.0,4.0,2.0,2.0,4.0,4.0,2.0,2.0,1.0,2.0,4.0,3.0,3.0,4.0,4.0,1.0,2,5,6,4,5,6,3,3,4,4,1,1,0,1,1,0,0,0,0,1,0,0,1,1,1,1,0,3,1,1,50,1,1,1,0,1,3,2
3696,5.0,5.0,5.0,2.0,4.0,2.0,5.0,5.0,1.0,5.0,5.0,5.0,5.0,3.0,2.0,3.0,1.0,5.0,5.0,5.0,1,3,7,7,5,7,3,1,7,1,1,1,0,1,1,0,0,1,0,1,0,0,0,1,1,1,3,3,2,2,17,1,12,2,10,2,1,3
3697,2.0,3.0,2.0,4.0,3.0,4.0,4.0,1.0,5.0,4.0,1.0,4.0,1.0,1.0,2.0,2.0,2.0,2.0,5.0,2.0,4,5,5,3,6,5,5,2,6,2,1,1,0,1,1,1,0,1,0,1,0,0,1,1,1,1,3,3,2,2,39,1,2,1,60,1,1,2
3698,1.0,2.0,1.0,5.0,5.0,5.0,2.0,1.0,5.0,5.0,1.0,1.0,5.0,1.0,3.0,5.0,5.0,5.0,1.0,1.0,2,4,7,7,1,7,7,1,1,4,1,1,1,1,1,0,1,0,0,1,0,0,1,1,1,1,3,3,2,2,25,1,10,1,20,2,1,8
3699,3.0,5.0,3.0,1.0,4.0,2.0,1.0,4.0,2.0,2.0,1.0,5.0,4.0,2.0,2.0,1.0,5.0,4.0,5.0,4.0,3,7,5,2,7,5,4,3,7,4,1,1,0,1,0,0,1,1,0,1,0,0,1,0,1,1,3,3,1,2,21,1,2,1,70,1,1,3
3700,3.0,4.0,1.0,1.0,4.0,1.0,1.0,2.0,2.0,3.0,1.0,5.0,1.0,1.0,4.0,2.0,1.0,4.0,3.0,1.0,4,7,6,2,7,6,5,2,6,2,1,1,0,1,1,1,1,1,0,1,1,1,1,1,1,1,4,3,1,2,33,1,4,1,60,1,1,1
3701,4.0,4.0,3.0,1.0,1.0,5.0,5.0,1.0,4.0,4.0,2.0,2.0,4.0,1.0,4.0,5.0,1.0,4.0,5.0,1.0,5,6,7,7,5,1,7,5,3,1,1,1,0,1,0,0,1,1,0,1,0,0,0,0,0,1,3,3,2,2,18,1,1,1,70,2,1,3
3702,1.0,1.0,4.0,5.0,1.0,4.0,4.0,1.0,1.0,5.0,4.0,1.0,1.0,4.0,1.0,4.0,2.0,1.0,5.0,1.0,5,3,6,3,6,5,6,2,6,2,1,1,0,1,1,0,0,1,0,1,0,1,1,1,1,1,3,3,2,1,35,1,1,1,60,1,2,3
3703,5.0,5.0,5.0,1.0,5.0,1.0,1.0,5.0,5.0,2.0,1.0,5.0,5.0,1.0,5.0,1.0,5.0,1.0,5.0,5.0,5,5,5,6,5,2,7,7,2,1,1,1,0,1,1,0,1,0,0,1,0,0,1,1,1,0,3,2,1,2,43,1,8,2,10,2,2,1
3704,5.0,5.0,1.0,2.0,5.0,4.0,1.0,5.0,5.0,4.0,1.0,5.0,4.0,2.0,4.0,2.0,1.0,4.0,5.0,3.0,6,3,5,1,7,4,4,4,7,2,1,1,1,1,1,0,0,0,0,1,0,0,1,1,1,1,2,1,1,1,20,1,2,1,60,1,1,3
3705,5.0,4.0,1.0,1.0,5.0,1.0,1.0,5.0,1.0,1.0,1.0,5.0,5.0,1.0,4.0,1.0,1.0,5.0,5.0,1.0,2,5,3,5,4,6,3,5,4,2,1,1,1,1,1,0,1,1,0,1,1,0,1,1,1,1,3,2,1,1,30,2,1,1,60,1,1,2
3706,5.0,1.0,5.0,4.0,1.0,5.0,4.0,1.0,5.0,5.0,2.0,5.0,1.0,3.0,1.0,4.0,1.0,2.0,5.0,4.0,6,2,7,1,7,6,5,1,7,5,1,1,1,1,1,0,0,0,0,1,0,0,0,1,1,1,3,2,1,1,60,1,2,1,60,1,3,1
3707,4.0,3.0,2.0,4.0,4.0,4.0,2.0,4.0,5.0,2.0,2.0,5.0,1.0,2.0,2.0,2.0,2.0,4.0,4.0,1.0,2,5,6,5,7,6,5,4,0,5,1,1,1,1,1,0,0,1,0,1,0,0,1,1,1,1,3,2,1,1,57,1,2,1,60,1,2,2
3708,3.0,2.0,4.0,5.0,4.0,4.0,3.0,1.0,5.0,1.0,1.0,2.0,1.0,1.0,3.0,3.0,4.0,1.0,4.0,2.0,4,1,4,5,5,5,7,5,7,4,1,1,0,1,1,0,0,0,0,1,0,0,1,1,1,1,3,2,1,2,27,1,8,1,10,1,1,1
3709,4.0,3.0,1.0,1.0,4.0,2.0,1.0,2.0,2.0,3.0,1.0,5.0,4.0,2.0,3.0,1.0,1.0,5.0,5.0,4.0,2,5,5,6,5,7,6,4,3,2,1,1,1,1,1,0,0,1,0,1,0,0,0,1,1,1,3,3,2,1,40,1,1,2,60,1,3,2
3710,2.0,4.0,2.0,4.0,4.0,1.0,2.0,4.0,5.0,4.0,3.0,5.0,5.0,1.0,4.0,2.0,5.0,4.0,4.0,4.0,7,5,6,6,7,4,7,6,6,3,1,1,0,1,1,1,0,0,0,1,0,0,1,1,1,1,3,1,2,1,37,1,7,1,60,2,2,0
3711,1.0,1.0,5.0,5.0,4.0,4.0,2.0,5.0,5.0,5.0,1.0,5.0,5.0,1.0,1.0,1.0,1.0,5.0,5.0,1.0,5,7,2,7,6,5,5,7,6,1,1,1,0,1,1,0,0,0,0,1,0,0,1,1,1,1,2,3,1,1,35,1,12,1,60,2,2,4
3712,1.0,3.0,5.0,4.0,3.0,5.0,5.0,3.0,5.0,3.0,3.0,1.0,1.0,3.0,2.0,5.0,4.0,2.0,3.0,1.0,6,5,5,4,6,5,7,4,6,4,0,0,0,0,0,0,0,0,0,0,0,0,0,0,0,1,3,1,2,2,21,1,7,1,10,2,1,2
3713,4.0,4.0,3.0,4.0,4.0,2.0,1.0,4.0,2.0,2.0,4.0,4.0,3.0,2.0,2.0,1.0,1.0,3.0,4.0,2.0,5,7,6,6,7,3,5,2,4,2,1,1,1,1,1,0,0,0,0,0,0,0,1,1,1,1,3,3,1,2,22,2,4,2,70,1,1,3
3714,5.0,5.0,2.0,5.0,5.0,4.0,5.0,4.0,5.0,4.0,4.0,2.0,4.0,5.0,5.0,5.0,5.0,5.0,5.0,5.0,6,2,6,2,5,3,6,3,6,2,1,1,0,1,1,0,1,0,0,1,0,0,1,1,1,1,3,2,1,2,62,1,8,1,10,2,2,4
3715,3.0,1.0,5.0,5.0,5.0,5.0,5.0,3.0,5.0,1.0,3.0,1.0,3.0,4.0,2.0,5.0,3.0,5.0,1.0,3.0,4,3,7,4,6,7,5,3,4,5,1,1,0,1,1,1,0,1,1,0,0,0,1,1,1,1,3,2,1,2,18,2,7,3,10,2,1,3
3716,2.0,2.0,1.0,3.0,2.0,2.0,2.0,3.0,5.0,1.0,1.0,1.0,1.0,4.0,2.0,5.0,1.0,4.0,5.0,1.0,6,2,6,2,7,7,7,5,7,2,1,1,1,1,1,1,1,1,0,1,1,0,1,1,1,1,4,2,2,1,51,1,3,1,60,1,3,2
3717,5.0,1.0,5.0,5.0,3.0,3.0,1.0,1.0,5.0,3.0,1.0,5.0,1.0,1.0,1.0,1.0,5.0,1.0,5.0,3.0,4,1,6,1,4,6,6,1,7,1,1,1,1,1,1,0,0,0,0,1,1,0,1,1,1,1,3,3,1,1,88,1,2,1,60,1,2,3
3718,5.0,5.0,2.0,4.0,5.0,1.0,1.0,4.0,1.0,2.0,2.0,5.0,5.0,1.0,4.0,1.0,5.0,5.0,5.0,5.0,6,7,2,2,6,2,7,3,3,1,1,1,1,1,1,0,1,1,1,1,1,0,1,1,1,1,2,1,1,2,29,3,6,1,60,2,3,2
3719,5.0,1.0,1.0,1.0,5.0,5.0,5.0,1.0,1.0,5.0,1.0,5.0,1.0,1.0,5.0,5.0,1.0,1.0,5.0,1.0,7,1,7,1,7,4,7,5,7,1,1,1,0,1,1,0,0,1,0,1,0,0,0,1,1,1,2,2,1,1,64,1,12,1,60,2,3,3
3720,5.0,2.0,4.0,4.0,4.0,3.0,2.0,4.0,5.0,5.0,3.0,5.0,2.0,2.0,3.0,4.0,4.0,4.0,2.0,2.0,5,3,6,3,3,6,7,2,6,4,1,1,1,1,1,0,0,1,0,1,0,0,0,0,1,1,3,3,2,2,36,3,10,1,20,2,1,8
3721,5.0,5.0,1.0,1.0,5.0,1.0,1.0,5.0,1.0,1.0,1.0,5.0,1.0,1.0,5.0,1.0,1.0,5.0,5.0,5.0,4,6,6,5,5,7,5,2,3,6,1,1,0,1,1,0,0,0,0,1,0,0,1,1,1,1,3,2,1,2,24,1,12,1,70,1,1,2
3722,5.0,5.0,1.0,1.0,5.0,1.0,1.0,5.0,1.0,1.0,1.0,5.0,5.0,1.0,5.0,1.0,1.0,5.0,5.0,5.0,7,3,7,1,7,1,7,7,7,1,1,1,0,1,1,1,1,1,1,1,1,1,1,1,1,1,2,3,1,1,16,3,1,1,70,2,1,3
3723,2.0,2.0,2.0,2.0,1.0,4.0,1.0,3.0,5.0,4.0,3.0,2.0,1.0,1.0,4.0,2.0,1.0,4.0,5.0,1.0,2,5,3,5,4,6,5,2,6,3,1,1,1,1,1,0,0,1,0,1,0,0,1,1,1,1,4,3,1,2,26,1,4,1,10,1,1,2
3724,5.0,1.0,3.0,4.0,4.0,2.0,3.0,4.0,3.0,2.0,2.0,5.0,5.0,2.0,5.0,3.0,1.0,4.0,5.0,3.0,3,3,5,5,7,7,6,5,3,1,1,1,0,1,1,0,0,0,0,0,0,0,1,1,1,1,3,3,1,2,33,1,1,1,70,1,1,2
3725,4.0,4.0,2.0,4.0,2.0,2.0,1.0,2.0,5.0,5.0,2.0,2.0,1.0,4.0,2.0,1.0,5.0,2.0,5.0,1.0,4,5,7,2,6,7,5,2,7,3,1,1,1,1,1,0,0,1,0,1,0,1,1,1,1,1,3,3,1,1,49,1,12,1,60,1,2,5
3726,4.0,4.0,1.0,2.0,3.0,5.0,3.0,4.0,3.0,4.0,2.0,5.0,3.0,4.0,4.0,3.0,3.0,5.0,5.0,1.0,1,4,2,5,4,6,5,6,6,4,1,0,0,1,1,0,0,0,0,1,0,0,1,0,1,1,3,3,1,2,37,1,4,1,10,2,1,3
3727,1.0,1.0,5.0,3.0,5.0,3.0,5.0,1.0,3.0,5.0,3.0,3.0,5.0,3.0,1.0,3.0,1.0,1.0,5.0,3.0,1,4,6,4,4,7,6,2,4,1,1,1,1,1,1,0,0,0,0,1,0,0,1,1,1,1,3,2,2,1,55,1,12,3,60,1,1,4
3728,5.0,2.0,5.0,5.0,5.0,5.0,5.0,5.0,5.0,5.0,2.0,5.0,1.0,1.0,5.0,1.0,3.0,5.0,1.0,1.0,6,2,2,2,7,6,7,3,6,6,1,1,0,1,1,0,1,1,0,1,0,0,1,0,1,1,4,3,1,2,37,1,10,1,20,2,2,6
3729,1.0,1.0,2.0,5.0,1.0,4.0,4.0,1.0,5.0,5.0,1.0,1.0,1.0,4.0,1.0,2.0,2.0,2.0,5.0,1.0,5,1,7,4,7,6,7,3,5,1,1,1,1,1,1,0,1,1,0,1,1,1,1,1,1,1,3,2,3,1,37,2,12,1,60,2,1,2
3730,5.0,5.0,5.0,1.0,4.0,3.0,3.0,4.0,3.0,2.0,1.0,5.0,5.0,1.0,1.0,4.0,5.0,5.0,4.0,2.0,2,5,5,5,5,6,5,5,4,2,1,1,1,1,1,0,0,1,1,1,1,1,0,1,1,1,3,1,1,2,21,1,10,1,10,1,1,4
3731,4.0,2.0,2.0,3.0,4.0,1.0,1.0,1.0,4.0,4.0,1.0,4.0,2.0,1.0,4.0,1.0,2.0,4.0,4.0,4.0,6,5,5,6,5,3,3,5,5,3,1,1,1,1,1,0,0,1,0,1,1,0,1,1,1,1,3,2,1,1,49,1,2,1,60,1,2,2
3732,4.0,4.0,1.0,1.0,5.0,1.0,1.0,3.0,3.0,3.0,1.0,4.0,4.0,1.0,4.0,1.0,1.0,5.0,5.0,2.0,3,2,6,2,7,4,4,1,7,4,1,1,0,1,1,1,0,0,0,1,0,0,1,1,1,1,4,2,1,1,40,1,2,1,60,1,3,4
3733,2.0,3.0,2.0,3.0,2.0,4.0,5.0,1.0,5.0,4.0,2.0,2.0,3.0,4.0,3.0,4.0,3.0,3.0,3.0,1.0,2,4,6,2,4,4,5,5,4,4,1,1,0,1,1,0,0,0,0,1,0,0,1,1,1,1,3,1,2,2,48,1,2,1,60,2,2,3
3734,2.0,1.0,5.0,3.0,3.0,5.0,5.0,4.0,5.0,5.0,4.0,5.0,1.0,2.0,2.0,2.0,1.0,3.0,1.0,2.0,5,2,7,1,4,7,3,1,7,2,1,1,0,1,1,0,0,0,1,1,0,0,0,1,0,1,3,3,2,2,27,1,10,0,20,2,1,7
3735,4.0,2.0,5.0,5.0,2.0,2.0,2.0,2.0,4.0,4.0,1.0,2.0,1.0,3.0,1.0,4.0,1.0,2.0,5.0,3.0,4,7,5,2,4,4,3,3,6,1,1,1,0,1,1,0,0,0,0,1,0,0,0,1,1,1,4,3,1,2,35,1,2,1,60,1,1,2
3736,4.0,4.0,4.0,5.0,4.0,4.0,1.0,3.0,2.0,2.0,2.0,5.0,4.0,5.0,4.0,2.0,1.0,2.0,4.0,4.0,5,6,2,7,7,5,6,7,6,1,1,1,1,1,1,0,1,0,0,1,1,0,1,1,1,1,4,2,1,1,50,1,2,1,60,2,3,5
3737,2.0,2.0,2.0,5.0,1.0,5.0,2.0,4.0,5.0,3.0,1.0,3.0,4.0,5.0,1.0,1.0,5.0,5.0,4.0,1.0,3,1,3,5,6,7,7,6,5,1,1,1,0,1,1,0,0,1,0,1,0,0,1,1,1,1,2,2,2,1,50,1,7,1,60,1,3,2
3738,5.0,5.0,1.0,1.0,5.0,1.0,1.0,5.0,1.0,1.0,1.0,5.0,5.0,1.0,4.0,1.0,1.0,5.0,1.0,5.0,7,7,7,2,6,5,2,3,7,1,1,1,0,1,1,0,0,1,0,1,0,1,1,1,1,1,2,3,1,2,19,1,2,1,60,1,1,3
3739,1.0,4.0,2.0,5.0,1.0,1.0,1.0,1.0,5.0,5.0,1.0,5.0,1.0,1.0,4.0,2.0,3.0,4.0,5.0,1.0,3,6,6,2,7,2,6,5,3,6,1,1,1,1,1,0,1,1,0,1,1,0,1,1,1,1,4,1,1,1,70,1,2,1,60,1,2,5
3740,3.0,2.0,1.0,3.0,2.0,2.0,2.0,4.0,3.0,4.0,2.0,4.0,2.0,3.0,3.0,1.0,2.0,4.0,5.0,4.0,2,5,5,3,6,5,7,2,5,2,1,1,1,1,1,0,0,1,1,1,0,0,1,1,1,1,3,3,2,1,23,1,1,2,60,1,1,2
3741,2.0,4.0,4.0,3.0,2.0,2.0,4.0,4.0,5.0,2.0,3.0,5.0,3.0,4.0,2.0,2.0,5.0,5.0,1.0,1.0,6,4,7,1,7,5,6,2,6,4,1,1,1,1,1,0,1,0,0,1,0,1,1,1,1,1,4,1,2,2,26,1,7,1,60,1,1,3
3742,5.0,5.0,3.0,2.0,3.0,2.0,1.0,4.0,2.0,1.0,1.0,5.0,3.0,1.0,5.0,1.0,3.0,3.0,5.0,5.0,7,6,5,5,6,5,7,2,3,1,1,0,1,1,1,0,1,1,0,1,1,0,0,1,1,1,3,3,2,2,24,2,10,3,20,2,1,0
3743,5.0,5.0,1.0,4.0,4.0,5.0,4.0,2.0,5.0,5.0,1.0,4.0,5.0,4.0,4.0,5.0,2.0,1.0,1.0,2.0,7,5,6,1,7,5,7,2,7,1,1,1,0,1,1,0,0,0,0,1,0,0,0,0,1,1,3,3,2,2,49,1,6,1,10,1,3,8
3744,4.0,2.0,5.0,5.0,1.0,3.0,3.0,1.0,5.0,5.0,2.0,4.0,1.0,3.0,3.0,2.0,4.0,3.0,4.0,1.0,4,4,6,2,7,5,7,2,4,2,1,1,0,1,1,0,1,1,0,1,0,0,1,1,1,1,3,3,2,2,23,1,2,1,10,2,1,2
3745,1.0,4.0,3.0,1.0,4.0,2.0,1.0,1.0,1.0,4.0,1.0,5.0,1.0,1.0,2.0,4.0,5.0,2.0,3.0,3.0,4,6,6,5,4,2,6,5,4,4,1,1,0,1,1,1,0,1,0,1,0,1,0,1,1,1,3,1,2,2,36,1,2,1,20,2,1,9
3746,3.0,3.0,2.0,3.0,5.0,3.0,2.0,4.0,4.0,4.0,4.0,4.0,3.0,1.0,4.0,5.0,3.0,4.0,3.0,5.0,2,6,5,5,6,4,5,2,5,7,1,1,0,1,1,0,0,0,0,1,0,0,1,1,1,1,3,3,1,2,32,1,3,1,10,1,2,2
3747,5.0,3.0,5.0,5.0,4.0,3.0,2.0,5.0,5.0,5.0,5.0,1.0,1.0,3.0,2.0,4.0,3.0,5.0,4.0,5.0,3,6,6,6,7,3,6,3,5,5,1,1,0,1,1,0,0,1,0,1,0,0,0,0,1,1,2,2,2,2,20,2,3,2,10,2,1,2
3748,4.0,3.0,5.0,4.0,4.0,3.0,3.0,2.0,3.0,4.0,2.0,4.0,2.0,2.0,3.0,2.0,4.0,4.0,2.0,2.0,5,2,4,6,5,4,5,5,3,1,1,1,1,1,1,0,1,1,0,1,0,0,1,1,1,1,3,3,2,2,30,1,12,1,70,2,1,4
3749,4.0,3.0,2.0,2.0,4.0,2.0,2.0,2.0,1.0,4.0,3.0,4.0,1.0,2.0,2.0,3.0,2.0,3.0,2.0,4.0,0,0,0,0,6,0,0,0,0,0,0,1,0,1,0,0,0,0,0,1,0,0,0,1,1,1,3,3,2,2,61,1,4,1,60,2,2,3
3750,1.0,1.0,4.0,4.0,2.0,5.0,5.0,1.0,5.0,5.0,1.0,4.0,1.0,1.0,1.0,4.0,5.0,2.0,4.0,1.0,6,1,7,5,6,5,7,2,2,1,1,1,1,1,1,0,0,0,0,1,0,0,1,1,1,1,3,3,2,1,51,2,4,1,60,1,3,3
3751,4.0,4.0,3.0,2.0,4.0,4.0,2.0,1.0,5.0,5.0,1.0,5.0,5.0,2.0,3.0,1.0,4.0,2.0,4.0,1.0,4,3,6,4,6,6,6,1,5,4,1,1,1,1,1,0,1,1,0,1,1,0,1,1,1,1,3,2,2,1,61,2,2,1,60,2,2,1
3752,3.0,3.0,5.0,4.0,5.0,4.0,4.0,4.0,5.0,5.0,3.0,3.0,2.0,3.0,3.0,4.0,3.0,4.0,1.0,1.0,4,5,6,3,7,5,3,6,5,3,1,1,0,1,1,0,0,0,0,0,0,0,0,0,1,1,3,2,2,2,26,1,6,1,10,1,1,3
3753,5.0,5.0,1.0,5.0,5.0,2.0,1.0,5.0,4.0,4.0,1.0,5.0,4.0,2.0,2.0,1.0,3.0,5.0,5.0,4.0,4,2,6,7,7,7,5,2,2,2,0,1,0,1,1,0,0,0,0,1,0,0,1,1,1,1,3,2,1,2,25,1,10,1,10,2,1,2
3754,4.0,4.0,5.0,5.0,5.0,5.0,5.0,5.0,5.0,5.0,1.0,5.0,5.0,1.0,4.0,1.0,1.0,5.0,5.0,3.0,6,7,7,5,7,6,5,1,3,1,1,1,1,1,1,0,1,0,0,1,0,0,0,1,1,1,4,1,2,1,20,3,7,1,50,2,1,3
3755,4.0,3.0,3.0,1.0,4.0,2.0,1.0,5.0,1.0,2.0,1.0,5.0,5.0,1.0,5.0,1.0,1.0,4.0,5.0,4.0,4,6,3,4,7,3,3,6,4,2,1,1,0,1,1,0,0,0,0,1,0,0,1,1,1,1,0,1,1,2,28,1,2,1,60,1,1,3
3756,1.0,2.0,4.0,4.0,1.0,4.0,4.0,5.0,5.0,2.0,1.0,4.0,2.0,1.0,4.0,2.0,2.0,1.0,5.0,1.0,6,5,7,3,7,2,6,3,6,5,1,1,0,1,1,0,0,0,0,1,0,0,1,1,1,1,3,3,1,1,32,1,2,1,60,1,1,4
3757,5.0,5.0,3.0,1.0,5.0,3.0,3.0,4.0,4.0,1.0,1.0,5.0,4.0,2.0,5.0,1.0,2.0,4.0,5.0,3.0,5,5,6,3,7,4,3,5,5,3,1,1,0,1,1,0,0,0,0,1,0,0,1,1,1,1,3,3,2,2,30,2,10,1,70,2,2,7
3758,2.0,1.0,4.0,1.0,3.0,4.0,4.0,1.0,5.0,3.0,1.0,4.0,4.0,1.0,1.0,2.0,1.0,4.0,1.0,1.0,7,7,7,5,3,1,6,0,6,2,1,1,0,1,1,0,0,0,0,1,0,0,0,1,0,1,4,3,2,2,33,1,10,1,20,2,2,4
3759,5.0,5.0,5.0,2.0,5.0,1.0,1.0,5.0,5.0,1.0,1.0,5.0,2.0,1.0,4.0,1.0,1.0,5.0,5.0,1.0,6,4,6,1,7,5,6,6,7,1,1,1,0,1,1,0,0,1,0,1,0,0,1,1,1,1,3,3,1,2,19,1,6,1,30,2,1,3
3760,4.0,2.0,1.0,3.0,4.0,3.0,2.0,2.0,3.0,3.0,1.0,5.0,2.0,3.0,4.0,2.0,1.0,4.0,5.0,1.0,2,3,4,5,6,7,4,2,3,4,1,1,1,1,1,0,0,1,0,1,0,0,1,1,1,1,3,2,1,1,57,1,2,1,60,1,2,2
3761,1.0,2.0,5.0,4.0,5.0,4.0,4.0,4.0,1.0,5.0,1.0,4.0,5.0,2.0,5.0,2.0,5.0,4.0,5.0,2.0,6,6,7,3,6,5,6,2,5,2,1,1,0,1,1,0,0,0,0,1,0,0,0,0,1,1,2,3,2,2,21,1,7,1,60,2,1,1
3762,3.0,1.0,2.0,2.0,5.0,2.0,2.0,2.0,2.0,5.0,1.0,5.0,2.0,5.0,1.0,2.0,4.0,2.0,5.0,2.0,5,3,7,4,7,7,7,2,4,1,1,0,0,1,0,0,0,1,0,1,0,0,0,1,1,1,3,1,2,2,31,1,4,3,10,2,3,3
3763,3.0,5.0,1.0,2.0,1.0,1.0,1.0,5.0,1.0,1.0,1.0,4.0,5.0,2.0,5.0,1.0,1.0,5.0,5.0,3.0,1,1,7,1,7,6,6,1,7,1,1,1,1,1,1,1,1,1,0,1,1,0,1,1,1,1,3,3,1,1,57,1,1,3,60,1,1,1
3764,4.0,2.0,4.0,4.0,4.0,2.0,4.0,2.0,5.0,4.0,2.0,2.0,4.0,2.0,4.0,2.0,4.0,4.0,4.0,2.0,2,2,6,2,6,5,7,2,6,3,1,1,1,1,1,0,0,1,0,1,1,0,1,1,1,1,3,2,2,1,47,1,12,1,60,1,3,2
3765,5.0,5.0,1.0,1.0,5.0,1.0,1.0,5.0,1.0,1.0,1.0,5.0,5.0,1.0,5.0,5.0,1.0,5.0,5.0,1.0,1,7,5,1,7,6,1,1,7,1,1,1,0,1,1,0,0,0,0,1,0,0,0,0,1,1,3,2,2,1,29,1,12,1,70,2,3,2
3766,5.0,5.0,1.0,5.0,5.0,1.0,1.0,5.0,1.0,1.0,1.0,5.0,5.0,1.0,5.0,1.0,1.0,5.0,5.0,5.0,4,5,7,4,5,5,3,1,4,1,1,1,0,1,1,0,0,0,0,1,0,0,1,1,1,1,4,2,2,2,53,3,2,2,60,1,1,3
3767,4.0,4.0,1.0,4.0,1.0,1.0,1.0,3.0,3.0,2.0,2.0,1.0,3.0,1.0,4.0,1.0,5.0,3.0,5.0,4.0,7,6,6,7,7,1,3,2,2,1,1,1,0,1,1,0,1,0,0,1,0,1,0,1,1,1,3,3,2,2,22,1,1,1,60,1,1,2
3768,2.0,1.0,4.0,2.0,2.0,5.0,1.0,2.0,5.0,5.0,2.0,4.0,4.0,2.0,1.0,5.0,4.0,4.0,2.0,1.0,5,5,7,6,7,5,7,1,6,2,1,1,1,1,1,0,1,1,0,1,1,0,1,1,1,0,4,1,2,1,53,1,6,1,60,2,2,5
3769,3.0,2.0,2.0,3.0,3.0,2.0,1.0,2.0,2.0,1.0,3.0,4.0,3.0,2.0,3.0,2.0,2.0,4.0,4.0,1.0,1,4,3,3,6,7,5,4,6,2,1,1,1,1,1,1,1,1,0,1,1,0,1,1,1,1,0,2,1,1,33,1,1,3,60,1,1,5
3770,5.0,1.0,5.0,5.0,1.0,5.0,1.0,1.0,5.0,5.0,5.0,1.0,5.0,5.0,1.0,5.0,5.0,1.0,5.0,1.0,7,5,5,5,6,1,7,2,1,1,1,1,0,1,1,0,0,0,0,1,0,0,1,1,1,1,3,2,2,1,24,1,12,1,60,2,1,3
3771,2.0,4.0,1.0,2.0,2.0,1.0,1.0,2.0,4.0,4.0,2.0,4.0,4.0,2.0,4.0,1.0,1.0,3.0,4.0,2.0,5,6,3,3,6,4,6,5,3,2,1,1,0,1,0,0,1,1,0,1,0,0,1,1,1,1,3,2,1,1,42,1,2,1,0,1,1,7
3772,5.0,5.0,1.0,4.0,5.0,1.0,1.0,5.0,1.0,2.0,1.0,4.0,4.0,1.0,4.0,3.0,1.0,5.0,5.0,5.0,6,4,7,3,6,6,6,2,7,2,1,1,0,1,1,0,0,0,0,0,0,0,1,1,1,1,3,2,1,2,25,1,2,1,60,1,1,2
3773,5.0,5.0,1.0,1.0,5.0,1.0,1.0,5.0,2.0,2.0,1.0,5.0,4.0,1.0,3.0,1.0,1.0,5.0,5.0,5.0,1,7,5,4,7,7,2,4,1,4,0,1,1,1,1,0,1,0,0,1,0,0,0,1,1,1,3,3,2,2,15,2,1,2,70,2,1,2
3774,2.0,4.0,4.0,1.0,4.0,2.0,2.0,4.0,5.0,4.0,1.0,4.0,2.0,4.0,2.0,5.0,2.0,3.0,1.0,1.0,3,4,7,6,5,7,6,1,2,1,1,1,1,1,1,1,0,1,0,1,0,0,0,1,1,1,2,2,2,1,18,1,7,1,60,2,1,3
3775,4.0,1.0,1.0,2.0,4.0,1.0,1.0,3.0,1.0,2.0,1.0,3.0,5.0,1.0,2.0,3.0,4.0,2.0,5.0,3.0,5,6,6,6,5,7,4,1,2,1,1,1,0,1,1,0,0,1,0,1,0,0,1,1,1,1,3,3,1,1,23,1,2,1,10,1,1,2
3776,5.0,4.0,2.0,2.0,5.0,1.0,1.0,2.0,3.0,2.0,1.0,5.0,2.0,3.0,4.0,1.0,1.0,5.0,5.0,5.0,2,6,4,1,4,7,3,2,7,1,1,1,0,1,1,0,0,0,0,1,0,0,1,1,1,1,3,2,2,2,28,1,1,4,60,1,1,2
3777,4.0,5.0,2.0,1.0,3.0,2.0,1.0,1.0,2.0,2.0,2.0,5.0,5.0,1.0,5.0,2.0,1.0,2.0,5.0,4.0,5,6,4,6,5,3,7,5,7,2,1,1,1,1,1,0,0,1,0,1,0,0,1,1,1,1,3,3,1,2,23,1,1,2,60,1,1,3
3778,3.0,4.0,2.0,1.0,5.0,1.0,1.0,5.0,4.0,1.0,1.0,3.0,1.0,4.0,5.0,4.0,2.0,4.0,5.0,1.0,4,7,1,5,6,3,5,6,7,1,1,1,0,1,1,0,0,1,0,1,0,1,1,1,1,1,3,3,1,2,22,1,4,1,60,1,1,2
3779,5.0,4.0,3.0,2.0,5.0,1.0,1.0,4.0,3.0,2.0,1.0,5.0,4.0,1.0,4.0,2.0,1.0,4.0,5.0,3.0,6,5,6,2,6,5,5,1,7,1,1,1,1,1,1,0,0,1,0,1,0,0,1,1,1,1,3,1,2,1,31,1,1,1,60,1,2,2
3780,1.0,1.0,4.0,5.0,1.0,5.0,2.0,2.0,5.0,4.0,1.0,1.0,1.0,4.0,1.0,1.0,5.0,2.0,5.0,1.0,6,7,7,6,7,7,5,1,3,1,1,1,1,1,1,0,0,1,0,1,0,0,1,1,1,1,4,1,2,1,24,1,12,3,60,1,1,3
3781,5.0,5.0,1.0,1.0,5.0,1.0,1.0,4.0,1.0,1.0,1.0,5.0,5.0,1.0,5.0,1.0,1.0,5.0,5.0,5.0,6,7,6,1,6,3,1,4,7,1,1,1,1,1,1,1,0,1,1,1,0,1,1,1,1,1,3,1,1,1,34,1,2,1,60,1,2,4
3782,5.0,5.0,1.0,1.0,3.0,1.0,1.0,5.0,1.0,1.0,1.0,5.0,4.0,1.0,4.0,1.0,2.0,5.0,5.0,5.0,1,7,6,1,2,1,1,1,7,4,1,1,0,1,1,0,0,0,0,1,0,0,1,1,1,1,2,2,1,2,26,1,2,1,60,2,1,2
3783,3.0,4.0,2.0,4.0,2.0,4.0,1.0,1.0,4.0,4.0,1.0,5.0,1.0,1.0,4.0,1.0,2.0,4.0,5.0,5.0,2,3,1,5,7,7,6,3,7,1,1,1,0,1,1,1,0,0,0,1,0,0,1,1,1,1,2,1,2,1,41,1,1,2,70,2,3,4
3784,2.0,1.0,2.0,4.0,2.0,2.0,2.0,1.0,5.0,5.0,1.0,4.0,1.0,5.0,1.0,2.0,1.0,2.0,4.0,1.0,1,1,5,1,7,5,7,3,5,1,1,1,1,1,1,0,1,1,0,1,0,1,1,1,1,1,4,1,2,1,49,1,12,1,70,1,3,4
3785,5.0,3.0,1.0,1.0,5.0,1.0,1.0,5.0,1.0,1.0,1.0,5.0,4.0,1.0,4.0,1.0,1.0,1.0,5.0,1.0,6,6,4,4,5,5,3,5,3,1,1,1,0,1,1,0,0,1,1,1,0,0,0,1,1,1,3,3,1,2,28,2,2,1,60,1,1,2
3786,4.0,4.0,3.0,2.0,5.0,1.0,2.0,3.0,4.0,1.0,1.0,5.0,5.0,1.0,2.0,1.0,1.0,4.0,5.0,1.0,5,5,6,2,7,5,6,5,6,1,1,1,0,1,1,0,0,1,0,1,1,0,1,1,1,1,4,2,1,2,26,1,1,1,60,1,1,1
3787,4.0,1.0,1.0,2.0,5.0,1.0,1.0,5.0,2.0,1.0,1.0,5.0,4.0,2.0,5.0,2.0,5.0,5.0,5.0,1.0,1,6,7,6,2,4,6,1,2,2,1,1,1,1,1,1,0,1,0,1,0,1,1,1,1,1,4,1,1,1,39,1,1,1,70,2,1,4
3788,5.0,4.0,4.0,4.0,4.0,2.0,2.0,4.0,4.0,3.0,1.0,5.0,2.0,1.0,4.0,5.0,5.0,5.0,5.0,2.0,5,7,6,4,6,7,5,2,6,1,1,1,1,1,1,1,1,0,1,1,1,1,1,1,1,1,3,3,1,2,23,1,2,0,60,1,1,1
3789,3.0,3.0,3.0,5.0,2.0,4.0,2.0,2.0,5.0,5.0,2.0,2.0,2.0,3.0,2.0,4.0,3.0,2.0,4.0,2.0,5,5,2,5,6,2,7,6,3,4,1,1,0,1,1,0,0,1,0,1,1,0,1,1,1,1,3,3,2,2,27,1,1,1,60,2,1,2
3790,3.0,5.0,3.0,3.0,4.0,2.0,2.0,4.0,2.0,2.0,1.0,3.0,3.0,3.0,4.0,2.0,2.0,4.0,5.0,3.0,1,3,4,6,4,7,6,1,6,3,1,1,0,1,1,0,0,0,0,1,0,0,0,1,1,1,2,2,1,1,29,1,2,1,60,1,1,2
3791,2.0,3.0,2.0,4.0,2.0,2.0,2.0,1.0,3.0,4.0,3.0,4.0,4.0,3.0,4.0,2.0,1.0,4.0,5.0,1.0,5,6,3,7,5,5,5,3,2,1,1,1,0,1,1,0,0,1,0,1,0,0,1,1,1,1,4,2,1,1,32,1,7,1,60,1,2,3
3792,2.0,3.0,4.0,4.0,4.0,5.0,4.0,2.0,4.0,4.0,3.0,4.0,4.0,3.0,4.0,4.0,2.0,2.0,4.0,2.0,2,5,7,2,6,5,5,3,6,1,1,1,0,1,1,0,1,0,0,0,0,0,0,1,1,1,3,3,1,1,60,1,6,1,60,1,3,4
3793,4.0,2.0,4.0,3.0,4.0,4.0,2.0,4.0,5.0,3.0,4.0,5.0,1.0,2.0,3.0,5.0,2.0,3.0,4.0,1.0,3,7,4,5,7,5,6,4,4,1,1,1,0,1,1,1,0,1,0,1,0,0,1,1,1,1,2,3,2,2,24,1,7,1,70,1,1,2
3794,4.0,5.0,4.0,2.0,5.0,4.0,1.0,2.0,4.0,4.0,4.0,4.0,4.0,3.0,5.0,1.0,4.0,4.0,5.0,2.0,2,6,5,7,7,6,5,5,5,3,1,1,0,1,1,0,0,0,0,1,0,0,1,0,1,1,2,2,1,1,17,1,4,3,60,2,1,2
3795,1.0,1.0,5.0,5.0,1.0,4.0,2.0,1.0,5.0,5.0,5.0,1.0,1.0,4.0,1.0,5.0,3.0,4.0,1.0,1.0,6,5,7,2,5,1,7,1,7,7,1,1,0,1,1,0,0,0,0,1,0,0,1,1,1,1,3,3,2,1,50,1,4,1,60,2,3,4
3796,5.0,5.0,2.0,1.0,4.0,2.0,1.0,5.0,2.0,3.0,1.0,5.0,3.0,1.0,4.0,1.0,2.0,4.0,5.0,2.0,3,4,5,1,6,4,3,3,6,3,1,1,0,1,1,0,0,1,0,1,0,0,0,1,1,1,2,3,1,2,21,1,2,1,60,1,1,2
3797,2.0,2.0,4.0,3.0,3.0,2.0,2.0,1.0,5.0,3.0,2.0,1.0,1.0,3.0,4.0,5.0,3.0,1.0,2.0,2.0,6,2,6,5,5,3,6,5,4,3,1,1,0,1,1,0,0,1,0,1,0,0,1,1,1,1,4,2,1,1,27,2,6,1,60,1,2,2
3798,3.0,2.0,5.0,4.0,4.0,1.0,2.0,5.0,5.0,2.0,1.0,4.0,2.0,1.0,5.0,2.0,1.0,4.0,5.0,4.0,1,3,5,1,6,7,6,6,7,2,1,1,1,1,1,0,0,1,0,1,0,0,1,1,1,1,2,3,1,2,32,1,3,1,60,2,1,2
3799,5.0,5.0,2.0,1.0,5.0,1.0,1.0,5.0,2.0,4.0,1.0,5.0,5.0,2.0,5.0,1.0,1.0,4.0,5.0,3.0,4,6,2,2,6,4,6,6,7,2,1,1,1,1,1,0,0,0,0,1,0,0,1,1,1,1,3,2,1,2,32,1,4,1,10,2,1,1
3800,3.0,5.0,1.0,1.0,5.0,1.0,1.0,1.0,5.0,3.0,1.0,3.0,1.0,1.0,1.0,3.0,3.0,5.0,5.0,5.0,1,6,7,1,4,7,1,1,7,4,1,1,0,1,1,0,0,1,0,1,0,0,1,1,1,1,4,1,1,2,22,3,2,1,60,1,1,2
3801,1.0,1.0,5.0,4.0,2.0,5.0,5.0,2.0,5.0,5.0,5.0,5.0,2.0,2.0,4.0,5.0,2.0,4.0,5.0,1.0,7,5,7,2,5,3,7,1,4,1,0,0,0,1,1,0,0,0,0,1,0,0,0,0,1,1,2,2,2,1,18,1,4,5,70,2,1,3
3802,3.0,1.0,1.0,1.0,3.0,5.0,5.0,1.0,5.0,5.0,1.0,5.0,3.0,1.0,2.0,1.0,4.0,5.0,5.0,1.0,2,7,6,4,7,5,1,5,2,1,0,1,0,1,0,0,0,0,0,0,0,0,0,0,0,0,3,2,1,1,20,1,1,2,60,1,1,3
3803,1.0,2.0,5.0,5.0,1.0,4.0,4.0,1.0,5.0,5.0,5.0,4.0,1.0,3.0,3.0,4.0,5.0,2.0,3.0,1.0,6,2,6,3,7,2,7,3,5,2,1,1,0,1,1,0,1,0,0,1,0,0,0,1,1,1,4,3,2,2,46,1,1,1,0,1,2,1
3804,1.0,2.0,5.0,4.0,1.0,4.0,4.0,1.0,5.0,1.0,4.0,1.0,1.0,5.0,3.0,5.0,2.0,2.0,5.0,1.0,6,2,6,5,7,3,7,6,2,1,1,1,0,1,1,0,0,1,0,1,0,0,1,1,1,1,3,2,2,1,22,1,2,2,60,1,1,3
3805,1.0,5.0,1.0,1.0,5.0,1.0,1.0,3.0,1.0,3.0,1.0,5.0,5.0,1.0,1.0,1.0,3.0,5.0,5.0,3.0,6,1,6,7,7,1,7,6,1,1,1,1,0,1,1,0,0,0,1,1,0,0,0,1,1,1,4,2,3,2,30,3,2,2,10,2,1,2
3806,5.0,5.0,1.0,2.0,4.0,1.0,1.0,5.0,2.0,1.0,1.0,4.0,5.0,1.0,5.0,1.0,1.0,5.0,5.0,4.0,2,5,2,2,5,6,5,6,5,3,1,1,0,0,1,0,0,0,0,1,0,0,0,0,1,1,2,1,1,1,21,1,2,1,60,2,1,4
3807,5.0,5.0,2.0,2.0,5.0,1.0,5.0,5.0,3.0,5.0,1.0,5.0,5.0,1.0,5.0,1.0,3.0,5.0,5.0,5.0,4,6,7,5,7,6,7,1,3,1,1,1,0,1,1,0,1,0,0,1,0,0,1,1,1,1,2,3,1,2,30,1,1,1,0,1,1,2
3808,4.0,1.0,5.0,5.0,3.0,4.0,4.0,3.0,5.0,5.0,1.0,2.0,1.0,3.0,3.0,4.0,5.0,4.0,1.0,1.0,4,4,5,4,5,7,7,1,6,1,1,1,1,1,1,0,0,0,0,1,0,0,1,1,1,1,2,3,2,2,26,1,4,1,10,1,1,3
3809,2.0,4.0,1.0,5.0,3.0,5.0,2.0,4.0,5.0,5.0,4.0,2.0,1.0,2.0,4.0,4.0,2.0,4.0,5.0,2.0,3,7,6,1,5,7,7,2,7,6,1,1,0,1,1,1,0,0,1,1,1,0,0,1,1,1,2,1,1,1,20,1,1,1,60,1,1,4
3810,2.0,4.0,2.0,4.0,4.0,1.0,1.0,2.0,5.0,5.0,1.0,5.0,2.0,1.0,5.0,1.0,1.0,5.0,5.0,1.0,4,6,3,7,7,5,3,6,3,1,1,1,0,1,1,0,0,1,0,1,0,0,1,1,1,1,2,3,2,1,20,1,1,2,70,1,1,2
3811,4.0,5.0,1.0,3.0,5.0,1.0,2.0,4.0,1.0,3.0,3.0,5.0,5.0,1.0,5.0,4.0,1.0,5.0,5.0,4.0,5,4,4,5,5,4,5,3,3,1,1,0,0,1,0,0,0,0,0,1,0,0,0,1,1,1,2,3,1,2,21,1,3,1,10,2,1,2
3812,2.0,3.0,2.0,4.0,2.0,3.0,1.0,4.0,2.0,3.0,2.0,4.0,2.0,1.0,2.0,2.0,4.0,2.0,4.0,2.0,6,5,4,2,7,3,5,5,6,2,1,1,0,1,1,0,0,1,0,1,1,0,0,0,1,1,3,2,2,2,30,1,2,1,60,2,1,4
3813,5.0,1.0,1.0,4.0,4.0,1.0,1.0,4.0,2.0,4.0,1.0,5.0,4.0,1.0,5.0,1.0,1.0,5.0,2.0,1.0,5,5,7,5,6,6,6,2,5,1,1,1,1,1,1,0,0,0,0,1,0,0,1,1,1,1,3,2,1,1,24,2,2,1,60,1,1,4
3814,4.0,5.0,3.0,4.0,2.0,5.0,2.0,5.0,3.0,1.0,3.0,2.0,1.0,3.0,3.0,4.0,5.0,4.0,3.0,1.0,5,4,5,6,6,6,5,2,7,3,1,0,0,0,0,0,0,0,0,1,0,0,0,0,0,1,4,3,2,2,19,1,3,1,10,2,1,2
3815,3.0,1.0,5.0,2.0,4.0,5.0,5.0,3.0,4.0,5.0,2.0,4.0,4.0,2.0,1.0,2.0,2.0,3.0,4.0,4.0,4,3,3,7,4,4,6,6,3,2,1,0,0,1,0,0,0,0,0,1,0,0,0,1,1,1,3,3,2,2,23,1,10,1,70,1,1,2
3816,1.0,3.0,3.0,3.0,4.0,2.0,1.0,3.0,5.0,5.0,3.0,4.0,4.0,3.0,3.0,5.0,1.0,4.0,5.0,1.0,3,5,6,2,7,6,7,1,6,1,0,0,0,0,0,0,0,0,0,0,0,0,0,0,0,0,2,2,1,1,19,1,12,1,60,2,1,4
3817,5.0,5.0,3.0,1.0,5.0,2.0,1.0,5.0,3.0,1.0,1.0,2.0,5.0,1.0,4.0,1.0,1.0,3.0,5.0,5.0,7,7,5,4,6,3,6,1,4,1,1,1,1,1,1,0,0,0,0,1,0,0,1,1,1,1,4,3,2,2,23,1,1,1,50,1,1,1
3818,2.0,2.0,5.0,3.0,3.0,4.0,4.0,2.0,5.0,4.0,3.0,3.0,1.0,3.0,2.0,2.0,4.0,2.0,4.0,1.0,2,1,6,2,5,6,7,1,5,2,0,0,0,0,0,0,0,0,0,0,0,0,0,0,0,0,3,2,1,2,19,2,3,1,10,2,1,1
3819,5.0,5.0,1.0,1.0,5.0,2.0,1.0,4.0,3.0,2.0,1.0,5.0,5.0,1.0,4.0,1.0,1.0,4.0,5.0,4.0,1,5,6,4,3,7,1,4,7,3,1,1,0,1,1,0,0,0,0,1,0,0,0,1,1,1,2,2,2,1,17,1,12,1,60,2,1,3
3820,2.0,3.0,2.0,5.0,4.0,4.0,1.0,4.0,5.0,2.0,4.0,4.0,1.0,3.0,5.0,5.0,5.0,3.0,5.0,1.0,6,1,4,6,7,4,7,2,6,1,0,0,0,0,0,0,0,0,0,0,0,0,0,0,0,1,2,3,2,2,20,1,3,1,10,2,1,2
3821,3.0,3.0,4.0,3.0,4.0,3.0,4.0,3.0,4.0,3.0,3.0,3.0,4.0,3.0,3.0,1.0,3.0,4.0,5.0,1.0,5,4,4,4,6,4,7,4,6,4,1,1,0,1,1,0,0,0,0,1,0,0,0,1,1,1,2,2,1,2,18,1,3,1,10,2,1,2
3822,4.0,4.0,3.0,2.0,4.0,1.0,1.0,4.0,4.0,3.0,1.0,5.0,5.0,3.0,5.0,3.0,1.0,4.0,5.0,3.0,4,5,7,1,5,7,2,7,6,0,1,1,0,1,1,1,0,1,1,1,1,1,1,1,1,1,2,3,1,1,21,1,2,1,60,1,1,2
3823,3.0,4.0,4.0,3.0,3.0,3.0,4.0,3.0,4.0,5.0,4.0,1.0,1.0,5.0,3.0,3.0,5.0,5.0,4.0,1.0,3,4,6,5,4,6,6,1,7,4,0,0,0,0,1,0,0,1,0,1,0,0,0,0,0,0,3,1,2,2,19,1,3,2,10,2,1,3
3824,4.0,4.0,1.0,2.0,4.0,2.0,2.0,2.0,4.0,2.0,2.0,4.0,5.0,1.0,5.0,1.0,1.0,2.0,5.0,1.0,5,6,7,2,6,3,5,5,6,6,1,1,0,1,1,0,0,0,0,1,0,0,1,1,1,1,3,1,1,1,21,1,6,2,60,2,1,3
3825,4.0,5.0,1.0,2.0,3.0,1.0,1.0,4.0,2.0,2.0,3.0,5.0,3.0,2.0,3.0,2.0,1.0,4.0,5.0,1.0,1,4,5,3,1,7,6,4,7,7,1,0,1,0,1,0,0,0,0,1,0,0,1,1,1,1,2,1,1,1,20,1,2,1,60,1,1,1
3826,5.0,3.0,1.0,3.0,3.0,3.0,3.0,3.0,1.0,5.0,3.0,3.0,3.0,5.0,3.0,3.0,3.0,5.0,5.0,1.0,5,5,5,7,7,4,5,0,7,3,1,1,1,1,1,0,0,0,0,1,1,0,0,0,1,1,2,3,1,1,17,3,7,1,30,2,1,4
3827,4.0,2.0,3.0,2.0,2.0,2.0,3.0,4.0,3.0,2.0,2.0,4.0,4.0,2.0,1.0,3.0,3.0,3.0,4.0,3.0,5,5,5,4,7,4,5,5,5,2,1,1,1,1,1,0,1,0,0,1,0,0,1,1,1,1,3,3,1,2,29,1,1,1,60,1,1,3
3828,4.0,4.0,1.0,1.0,4.0,1.0,1.0,4.0,1.0,1.0,1.0,2.0,4.0,2.0,5.0,2.0,1.0,5.0,4.0,1.0,6,4,6,2,6,5,5,6,6,1,1,1,0,1,1,0,0,0,0,1,1,1,1,1,1,1,2,3,1,1,18,2,1,1,60,2,1,2
3829,5.0,5.0,1.0,2.0,5.0,1.0,1.0,2.0,3.0,1.0,3.0,5.0,5.0,1.0,4.0,1.0,5.0,5.0,1.0,4.0,6,7,6,5,7,6,4,5,6,1,1,1,1,1,1,0,0,1,1,1,0,0,1,1,1,1,3,3,1,2,25,1,4,3,70,2,2,2
3830,2.0,2.0,2.0,4.0,2.0,3.0,4.0,4.0,4.0,4.0,2.0,4.0,2.0,2.0,4.0,2.0,4.0,4.0,5.0,1.0,5,6,4,6,5,2,5,2,3,1,0,1,0,1,1,0,0,0,0,1,0,0,0,1,1,1,3,2,1,2,36,1,2,1,60,1,2,1
3831,5.0,5.0,1.0,1.0,5.0,1.0,2.0,3.0,2.0,1.0,1.0,5.0,4.0,1.0,2.0,1.0,1.0,2.0,5.0,3.0,2,2,2,2,7,5,2,7,2,1,1,1,1,1,1,0,1,1,0,1,0,1,1,1,1,1,4,3,2,1,36,1,1,1,10,2,1,1
3832,5.0,5.0,3.0,2.0,5.0,3.0,3.0,1.0,5.0,1.0,3.0,5.0,5.0,1.0,5.0,5.0,1.0,5.0,5.0,5.0,1,1,7,1,7,7,7,2,7,1,1,1,0,1,1,0,0,0,0,1,0,0,1,1,1,1,3,2,1,1,28,1,7,1,30,1,1,0
3833,5.0,4.0,1.0,1.0,5.0,1.0,1.0,4.0,3.0,1.0,1.0,5.0,5.0,1.0,4.0,1.0,1.0,5.0,5.0,4.0,6,2,5,2,6,4,5,2,7,2,1,1,1,1,1,0,0,1,0,1,0,0,1,1,1,1,4,1,1,1,24,1,6,1,60,2,1,5
3834,1.0,2.0,4.0,2.0,1.0,5.0,5.0,1.0,5.0,4.0,1.0,4.0,1.0,3.0,1.0,5.0,5.0,3.0,1.0,1.0,1,4,4,4,4,7,6,1,7,4,1,1,1,1,1,0,0,0,0,1,0,0,1,1,1,1,0,2,1,2,29,2,7,1,70,1,1,2
3835,4.0,4.0,5.0,3.0,5.0,2.0,3.0,4.0,3.0,3.0,2.0,5.0,2.0,1.0,4.0,1.0,3.0,5.0,5.0,3.0,6,5,6,5,7,3,4,3,3,1,1,1,0,1,1,0,0,0,0,1,0,1,0,1,1,1,3,3,2,2,34,1,2,1,10,2,3,1
3836,1.0,4.0,1.0,2.0,4.0,4.0,3.0,4.0,5.0,1.0,1.0,5.0,1.0,1.0,4.0,2.0,5.0,4.0,4.0,1.0,7,2,6,2,6,1,7,2,7,1,1,0,0,1,1,0,0,1,0,0,0,0,0,0,1,1,3,2,2,2,28,1,6,1,60,1,1,3
3837,1.0,1.0,5.0,5.0,1.0,4.0,2.0,1.0,5.0,5.0,1.0,5.0,1.0,2.0,1.0,5.0,5.0,1.0,5.0,1.0,3,1,7,1,7,5,7,2,7,1,1,1,1,1,1,0,1,0,0,1,0,0,1,1,1,1,4,2,2,1,63,1,12,1,70,1,3,3
3838,5.0,5.0,1.0,1.0,5.0,1.0,1.0,5.0,4.0,1.0,1.0,5.0,1.0,1.0,5.0,1.0,1.0,5.0,5.0,5.0,1,1,5,5,5,5,3,1,1,1,1,1,0,1,1,0,0,0,0,1,0,0,0,1,1,1,4,3,2,2,28,1,2,1,60,2,1,3
3839,2.0,5.0,2.0,4.0,3.0,1.0,2.0,2.0,3.0,2.0,1.0,4.0,2.0,2.0,5.0,1.0,1.0,5.0,2.0,1.0,5,5,5,6,6,5,6,5,3,2,1,1,1,1,1,0,0,0,0,1,1,0,1,1,1,1,3,2,1,2,32,1,9,3,70,1,1,3
3840,4.0,4.0,2.0,2.0,5.0,1.0,2.0,4.0,2.0,4.0,1.0,4.0,4.0,1.0,4.0,2.0,2.0,4.0,1.0,1.0,6,1,5,5,7,1,5,7,3,1,0,0,0,0,1,0,0,0,0,0,0,1,0,1,0,1,4,3,2,1,37,2,4,1,60,0,2,6
3841,5.0,5.0,2.0,1.0,5.0,1.0,1.0,4.0,1.0,1.0,1.0,5.0,4.0,1.0,4.0,1.0,1.0,5.0,5.0,4.0,5,5,2,1,6,2,4,5,7,2,1,1,0,1,1,0,0,1,0,1,0,0,1,1,1,1,3,3,1,2,28,1,1,1,70,2,1,2
3842,2.0,1.0,4.0,2.0,1.0,4.0,3.0,2.0,4.0,1.0,1.0,4.0,1.0,2.0,3.0,2.0,3.0,4.0,4.0,1.0,5,5,6,2,3,6,6,1,6,3,1,1,1,1,1,0,1,1,0,1,1,0,0,1,1,1,4,3,1,2,43,1,2,1,60,1,2,3
3843,5.0,5.0,5.0,1.0,5.0,5.0,1.0,1.0,5.0,1.0,1.0,5.0,5.0,1.0,3.0,3.0,1.0,1.0,5.0,5.0,2,6,1,1,7,6,4,5,6,3,1,1,0,1,1,0,0,1,1,1,1,1,1,1,1,1,3,2,1,2,55,1,1,1,60,2,3,2
3844,4.0,4.0,2.0,1.0,5.0,1.0,1.0,5.0,2.0,2.0,1.0,4.0,3.0,1.0,4.0,1.0,1.0,5.0,5.0,2.0,3,3,3,2,6,6,2,6,7,3,1,1,1,1,1,0,0,1,1,1,0,1,1,1,1,1,4,2,1,1,34,1,1,2,60,1,2,4
3845,5.0,5.0,1.0,1.0,4.0,1.0,1.0,4.0,3.0,2.0,1.0,5.0,5.0,1.0,4.0,1.0,1.0,5.0,5.0,5.0,6,5,4,2,6,1,4,3,6,3,1,1,0,1,1,0,1,1,0,1,0,0,1,1,1,1,4,3,1,2,53,1,12,1,10,2,2,4
3846,1.0,4.0,4.0,5.0,5.0,4.0,5.0,5.0,5.0,5.0,5.0,5.0,5.0,5.0,3.0,5.0,4.0,5.0,5.0,5.0,5,2,1,7,7,1,7,1,7,1,1,0,0,1,1,0,0,0,0,1,0,0,0,0,1,1,2,1,2,1,18,1,7,1,30,2,1,4
3847,2.0,3.0,2.0,5.0,1.0,2.0,1.0,4.0,5.0,5.0,1.0,1.0,2.0,2.0,4.0,5.0,1.0,4.0,4.0,1.0,7,5,6,7,7,2,5,2,2,2,1,1,0,1,1,0,0,1,0,1,0,0,1,1,1,1,1,2,1,1,15,1,7,1,60,2,1,3
3848,3.0,5.0,3.0,1.0,5.0,3.0,1.0,1.0,3.0,3.0,1.0,5.0,5.0,1.0,3.0,5.0,3.0,3.0,5.0,5.0,4,4,4,7,7,1,1,4,4,4,1,1,0,1,1,0,0,1,0,1,0,0,1,1,1,1,3,2,1,1,40,1,6,1,60,1,1,3
3849,3.0,3.0,4.0,4.0,3.0,3.0,3.0,3.0,4.0,3.0,1.0,3.0,4.0,3.0,5.0,2.0,1.0,5.0,3.0,3.0,2,4,2,7,5,6,6,4,2,5,1,1,0,1,1,0,0,0,0,1,0,0,1,1,1,1,2,2,1,1,21,1,6,5,60,1,1,2
3850,4.0,1.0,2.0,1.0,4.0,5.0,4.0,5.0,5.0,3.0,1.0,5.0,1.0,1.0,4.0,5.0,5.0,5.0,4.0,1.0,7,1,7,1,7,1,6,3,7,5,1,1,1,1,1,0,1,1,1,1,0,1,0,1,1,1,3,3,2,1,21,1,5,1,60,2,1,8
3851,1.0,1.0,5.0,1.0,5.0,5.0,5.0,4.0,5.0,5.0,1.0,5.0,1.0,1.0,4.0,2.0,2.0,4.0,5.0,5.0,7,7,7,6,6,1,5,6,5,5,1,1,1,1,1,0,0,1,0,1,0,1,1,1,1,1,4,1,1,1,39,1,6,1,60,2,2,2
3852,5.0,3.0,3.0,2.0,5.0,1.0,1.0,4.0,1.0,3.0,2.0,5.0,5.0,2.0,4.0,1.0,1.0,5.0,5.0,2.0,5,6,6,5,6,3,4,6,6,6,1,1,0,1,1,0,0,0,0,1,0,0,0,1,1,1,2,3,1,1,22,1,2,1,10,2,1,2
3853,5.0,1.0,5.0,1.0,3.0,4.0,1.0,1.0,4.0,5.0,1.0,5.0,1.0,5.0,5.0,5.0,2.0,4.0,3.0,1.0,7,4,5,4,7,5,6,1,4,3,1,1,1,1,1,1,0,0,0,1,0,0,0,1,1,1,2,3,2,1,21,1,7,1,70,2,1,1
3854,4.0,4.0,4.0,4.0,4.0,3.0,2.0,4.0,4.0,4.0,3.0,2.0,3.0,3.0,4.0,2.0,4.0,4.0,4.0,1.0,3,3,6,5,6,5,5,2,5,1,1,1,0,1,1,0,0,1,0,1,0,0,0,1,1,1,3,1,2,2,25,1,4,1,70,1,1,3
3855,2.0,2.0,4.0,4.0,2.0,2.0,1.0,2.0,5.0,2.0,2.0,4.0,3.0,2.0,3.0,1.0,2.0,4.0,5.0,1.0,6,2,5,1,6,2,6,2,6,2,1,1,1,1,1,0,1,1,0,1,1,0,1,1,1,1,3,2,1,1,63,1,1,1,60,1,2,2
3856,4.0,4.0,5.0,4.0,1.0,5.0,5.0,3.0,5.0,4.0,3.0,4.0,1.0,3.0,1.0,4.0,5.0,2.0,4.0,2.0,2,4,1,4,6,6,7,1,7,1,1,1,1,1,1,0,0,1,0,1,0,0,0,0,1,1,4,3,2,2,58,1,7,1,60,1,2,3
3857,2.0,2.0,2.0,4.0,5.0,2.0,1.0,2.0,4.0,4.0,2.0,4.0,2.0,1.0,2.0,1.0,1.0,2.0,5.0,2.0,5,5,5,3,7,5,2,6,3,1,1,1,1,1,1,1,1,1,0,1,1,0,1,1,1,1,4,3,2,1,41,1,6,1,60,1,2,2
3858,2.0,5.0,3.0,5.0,5.0,4.0,4.0,2.0,4.0,5.0,1.0,5.0,1.0,1.0,4.0,5.0,1.0,2.0,4.0,1.0,2,1,7,5,3,7,6,1,6,6,1,1,1,1,1,0,1,0,0,1,1,0,1,1,1,1,4,2,2,1,40,1,2,1,60,1,2,2
3859,1.0,2.0,1.0,4.0,3.0,4.0,3.0,1.0,5.0,4.0,3.0,1.0,1.0,3.0,2.0,1.0,3.0,3.0,5.0,1.0,4,1,7,1,6,7,5,1,7,2,1,1,0,1,0,0,0,0,0,1,0,0,1,0,1,1,4,1,1,2,31,1,6,1,60,2,1,2
3860,2.0,4.0,2.0,4.0,4.0,2.0,2.0,4.0,5.0,2.0,2.0,2.0,2.0,3.0,4.0,2.0,1.0,3.0,5.0,1.0,3,1,5,4,6,6,7,5,7,2,1,1,1,1,1,0,1,1,0,1,1,0,1,1,1,1,4,2,1,1,31,1,1,1,60,1,1,2
3861,1.0,5.0,2.0,2.0,2.0,1.0,1.0,5.0,1.0,1.0,1.0,1.0,1.0,1.0,5.0,2.0,3.0,5.0,4.0,5.0,2,6,6,2,7,6,3,7,6,2,1,1,0,1,1,0,0,0,0,1,0,0,1,1,1,1,3,3,1,2,21,1,2,1,70,1,1,2
3862,4.0,4.0,1.0,1.0,5.0,1.0,1.0,4.0,1.0,2.0,1.0,5.0,5.0,1.0,5.0,2.0,1.0,4.0,5.0,3.0,3,5,4,4,5,5,5,2,5,1,1,1,0,1,1,1,0,0,0,1,0,0,1,1,1,1,2,1,1,1,20,1,2,2,60,1,1,2
3863,5.0,5.0,4.0,1.0,5.0,4.0,5.0,4.0,5.0,2.0,1.0,5.0,5.0,3.0,5.0,1.0,2.0,4.0,5.0,4.0,6,6,7,5,6,2,6,3,2,2,1,0,0,1,1,0,1,0,0,1,0,0,0,1,1,1,4,3,1,2,30,1,8,1,10,2,2,2
3864,4.0,4.0,3.0,3.0,5.0,5.0,3.0,5.0,5.0,5.0,1.0,5.0,5.0,1.0,4.0,1.0,1.0,1.0,5.0,5.0,4,1,5,5,5,7,4,7,7,1,1,1,1,1,1,1,0,1,0,1,0,0,1,1,1,1,3,1,2,2,29,1,2,1,70,1,1,3
3865,5.0,5.0,1.0,4.0,5.0,1.0,1.0,5.0,1.0,4.0,1.0,5.0,5.0,2.0,4.0,1.0,3.0,4.0,5.0,1.0,5,7,7,6,6,5,5,1,3,2,1,1,0,1,1,0,0,1,0,1,0,0,0,1,1,1,2,3,0,2,20,1,10,1,70,1,1,3
3866,4.0,5.0,2.0,1.0,4.0,2.0,3.0,5.0,2.0,2.0,1.0,3.0,3.0,1.0,5.0,2.0,2.0,4.0,3.0,1.0,2,6,6,5,6,4,5,2,4,1,1,1,0,1,0,0,0,0,0,1,0,0,0,0,1,1,3,1,1,2,28,1,4,1,70,2,1,1
3867,5.0,5.0,2.0,2.0,4.0,1.0,1.0,5.0,4.0,1.0,1.0,4.0,3.0,2.0,4.0,1.0,1.0,4.0,5.0,1.0,1,6,1,7,2,7,1,7,1,4,1,1,0,1,1,0,0,0,0,1,0,0,1,1,1,1,2,3,2,1,18,1,0,1,60,2,1,1
3868,4.0,5.0,2.0,2.0,4.0,1.0,1.0,5.0,3.0,3.0,2.0,4.0,5.0,2.0,5.0,2.0,1.0,5.0,5.0,1.0,1,5,7,2,7,7,3,2,3,1,1,1,0,1,1,0,0,0,0,1,1,0,1,0,1,0,3,3,2,1,24,1,7,1,30,1,1,3
3869,4.0,4.0,2.0,4.0,2.0,2.0,2.0,3.0,3.0,1.0,1.0,5.0,4.0,2.0,4.0,1.0,2.0,4.0,5.0,1.0,5,5,6,5,7,3,3,5,5,2,1,1,1,1,1,0,0,0,0,1,0,1,1,1,1,1,3,3,2,1,26,1,2,1,60,1,1,3
3870,4.0,1.0,3.0,1.0,4.0,5.0,5.0,5.0,4.0,5.0,1.0,5.0,4.0,2.0,4.0,1.0,1.0,2.0,4.0,3.0,6,5,7,2,7,1,3,1,5,4,1,1,1,1,1,0,0,0,0,1,0,0,1,1,1,1,2,2,2,1,21,1,7,1,60,2,1,2
3871,4.0,2.0,4.0,2.0,3.0,5.0,4.0,1.0,5.0,3.0,1.0,5.0,5.0,3.0,5.0,4.0,3.0,4.0,3.0,3.0,4,6,5,7,2,7,5,4,4,2,1,1,0,1,1,0,0,0,0,1,0,0,1,1,1,1,2,1,2,1,20,1,7,1,60,1,1,2
3872,5.0,4.0,1.0,1.0,4.0,1.0,1.0,4.0,1.0,1.0,1.0,5.0,4.0,1.0,4.0,2.0,1.0,1.0,5.0,4.0,6,6,5,1,6,5,2,1,7,5,1,1,1,1,1,0,0,1,0,1,0,1,1,1,1,1,2,2,1,1,25,1,2,1,60,1,1,2
3873,3.0,2.0,4.0,3.0,2.0,2.0,2.0,2.0,5.0,4.0,1.0,5.0,1.0,3.0,4.0,2.0,3.0,5.0,5.0,1.0,3,6,3,7,5,1,6,1,2,1,1,1,0,1,1,0,0,0,0,1,0,0,0,1,1,1,3,3,2,1,51,1,4,1,60,2,3,3
3874,5.0,5.0,1.0,1.0,5.0,1.0,1.0,5.0,1.0,1.0,1.0,5.0,4.0,1.0,5.0,1.0,5.0,2.0,2.0,5.0,5,7,2,5,7,1,7,5,4,2,1,1,1,1,1,0,1,1,0,1,1,0,1,1,1,1,3,3,1,2,35,1,10,1,20,2,1,11
3875,1.0,4.0,3.0,4.0,3.0,4.0,1.0,1.0,4.0,3.0,3.0,1.0,4.0,4.0,2.0,4.0,3.0,4.0,4.0,3.0,1,3,4,3,7,6,6,4,5,2,1,1,1,1,1,0,0,0,0,1,1,0,1,1,1,1,4,2,1,1,43,1,5,2,60,1,2,5
3876,1.0,1.0,2.0,5.0,1.0,4.0,2.0,1.0,3.0,5.0,1.0,1.0,1.0,4.0,3.0,1.0,3.0,3.0,4.0,1.0,3,3,3,5,6,2,4,1,1,3,1,1,0,1,1,0,0,0,0,1,0,0,0,1,1,1,3,2,2,1,40,1,5,1,60,2,3,7
3877,5.0,5.0,1.0,3.0,5.0,1.0,2.0,5.0,1.0,3.0,3.0,3.0,5.0,4.0,5.0,5.0,5.0,4.0,4.0,5.0,7,6,3,4,7,5,5,6,2,1,1,1,0,1,1,1,0,0,0,1,0,1,1,1,1,1,3,2,1,1,23,2,4,1,10,1,1,2
3878,2.0,3.0,3.0,2.0,5.0,5.0,4.0,4.0,2.0,4.0,2.0,5.0,2.0,1.0,3.0,2.0,1.0,4.0,5.0,2.0,2,2,5,1,6,7,5,2,7,3,1,1,0,1,1,0,0,0,0,1,0,0,1,1,1,1,2,2,2,1,30,1,7,4,30,2,2,3
3879,1.0,2.0,4.0,4.0,1.0,5.0,2.0,4.0,5.0,5.0,1.0,2.0,1.0,4.0,4.0,2.0,4.0,4.0,5.0,1.0,2,4,5,7,6,5,6,6,2,2,1,1,1,1,1,0,0,0,0,1,0,0,1,1,1,1,4,1,2,1,40,1,2,1,60,2,2,2
3880,4.0,4.0,2.0,4.0,4.0,2.0,1.0,2.0,3.0,1.0,1.0,4.0,2.0,2.0,3.0,3.0,1.0,4.0,4.0,1.0,3,4,5,4,4,5,5,3,6,6,1,1,0,1,1,0,0,1,0,1,0,0,1,1,1,1,3,2,1,2,33,1,2,1,60,2,1,3
3881,5.0,4.0,1.0,5.0,4.0,2.0,1.0,3.0,5.0,4.0,1.0,4.0,5.0,1.0,3.0,1.0,3.0,4.0,5.0,1.0,5,6,6,5,6,4,3,7,4,4,1,1,1,1,1,0,0,0,0,1,0,0,1,1,1,1,2,3,1,2,17,1,2,2,70,1,1,1
3882,5.0,4.0,1.0,4.0,4.0,3.0,1.0,5.0,5.0,1.0,1.0,4.0,3.0,1.0,5.0,1.0,2.0,1.0,5.0,2.0,2,2,7,4,4,5,5,1,6,2,1,1,1,1,1,1,0,1,0,1,1,1,1,1,1,1,3,3,1,1,22,1,1,1,60,1,1,1
3883,1.0,3.0,3.0,4.0,3.0,2.0,2.0,2.0,1.0,3.0,1.0,4.0,1.0,3.0,2.0,2.0,5.0,4.0,5.0,3.0,5,4,5,3,5,4,5,4,6,3,1,1,1,1,1,0,0,1,0,1,1,1,1,1,1,1,3,3,1,2,32,1,2,1,60,1,1,3
3884,4.0,4.0,2.0,3.0,5.0,1.0,1.0,2.0,2.0,2.0,1.0,5.0,3.0,1.0,4.0,1.0,1.0,4.0,5.0,1.0,5,7,6,3,5,3,4,1,5,1,1,1,1,1,1,0,1,1,0,1,0,0,1,1,1,1,4,2,1,1,33,1,1,1,60,1,2,2
3885,4.0,4.0,1.0,1.0,4.0,1.0,1.0,4.0,5.0,2.0,1.0,4.0,4.0,1.0,3.0,1.0,1.0,4.0,5.0,3.0,2,3,3,5,5,5,5,4,5,2,1,1,1,1,1,0,1,1,0,1,1,1,1,1,1,1,4,2,2,1,46,1,1,1,60,1,1,3
3886,4.0,3.0,2.0,1.0,4.0,4.0,3.0,3.0,5.0,5.0,4.0,5.0,3.0,3.0,5.0,4.0,4.0,4.0,3.0,1.0,6,3,7,5,6,1,6,3,4,1,1,1,0,1,1,0,0,0,0,1,0,1,0,1,1,1,2,1,2,1,18,1,7,1,60,2,1,3
3887,2.0,1.0,5.0,5.0,3.0,5.0,5.0,1.0,5.0,5.0,5.0,3.0,1.0,5.0,1.0,2.0,1.0,1.0,5.0,1.0,4,5,7,5,6,1,7,1,6,3,1,1,0,1,1,0,0,0,0,1,0,0,0,1,1,1,3,1,2,2,24,2,4,1,70,1,3,3
3888,3.0,1.0,3.0,2.0,4.0,5.0,3.0,3.0,5.0,5.0,3.0,3.0,4.0,3.0,5.0,3.0,5.0,3.0,3.0,2.0,5,1,7,1,4,3,7,1,6,1,0,0,0,0,0,0,0,0,0,0,0,0,0,0,0,1,2,2,2,1,18,1,7,1,30,2,1,1
3889,5.0,4.0,1.0,3.0,5.0,1.0,1.0,4.0,2.0,1.0,2.0,5.0,4.0,2.0,4.0,1.0,1.0,5.0,5.0,5.0,6,1,7,4,7,5,4,4,6,2,1,1,0,1,1,0,0,1,0,1,0,0,1,1,1,1,3,2,1,1,27,2,1,1,60,2,1,2
3890,2.0,4.0,4.0,5.0,4.0,5.0,2.0,4.0,4.0,4.0,2.0,5.0,5.0,1.0,4.0,1.0,1.0,4.0,4.0,1.0,2,6,5,1,7,7,5,6,7,3,1,1,1,1,1,0,1,1,0,1,0,0,1,1,1,1,4,3,1,1,42,1,2,1,60,1,1,2
3891,2.0,2.0,4.0,4.0,2.0,2.0,2.0,4.0,5.0,4.0,2.0,5.0,4.0,2.0,4.0,2.0,2.0,4.0,5.0,1.0,2,5,6,5,6,7,6,5,5,3,1,1,1,1,1,0,0,0,0,1,0,0,1,1,1,1,4,2,2,1,25,1,1,2,60,1,1,4
3892,4.0,4.0,2.0,1.0,2.0,2.0,3.0,4.0,2.0,2.0,1.0,5.0,5.0,3.0,4.0,1.0,2.0,5.0,5.0,5.0,1,5,7,3,3,5,1,1,6,2,1,1,1,1,1,1,0,0,0,1,0,0,1,1,1,1,3,3,2,1,21,3,6,2,60,2,1,2
3893,1.0,1.0,3.0,3.0,2.0,2.0,2.0,1.0,4.0,5.0,2.0,3.0,2.0,2.0,2.0,3.0,2.0,1.0,5.0,1.0,2,2,2,5,7,5,7,3,5,1,1,1,0,1,1,0,0,1,0,1,0,0,1,1,1,1,3,2,2,1,26,1,1,5,60,2,1,3
3894,3.0,4.0,1.0,4.0,4.0,2.0,1.0,1.0,5.0,2.0,2.0,5.0,4.0,2.0,4.0,3.0,3.0,2.0,5.0,1.0,6,5,7,2,7,6,4,5,7,1,1,1,0,1,1,1,0,0,0,1,0,0,1,1,1,1,2,3,1,1,21,1,4,1,30,1,1,1
3895,1.0,1.0,5.0,5.0,2.0,4.0,2.0,1.0,5.0,4.0,3.0,4.0,1.0,2.0,2.0,5.0,2.0,1.0,5.0,1.0,5,1,6,3,6,5,7,5,7,1,1,1,0,1,1,0,0,1,0,1,0,0,1,1,1,1,4,2,2,1,37,1,1,1,60,1,2,1
3896,4.0,4.0,4.0,3.0,4.0,2.0,4.0,2.0,5.0,4.0,1.0,4.0,2.0,1.0,2.0,1.0,1.0,1.0,5.0,1.0,3,2,5,6,7,5,7,6,5,3,0,0,0,0,0,0,0,0,0,0,1,0,0,0,0,0,3,1,1,1,22,1,1,1,60,1,1,4
3897,2.0,2.0,5.0,5.0,1.0,5.0,5.0,2.0,5.0,5.0,1.0,1.0,1.0,5.0,1.0,5.0,5.0,4.0,1.0,1.0,7,5,7,5,7,6,7,1,7,2,1,1,1,1,1,1,1,0,1,1,1,0,1,1,1,1,3,3,1,2,33,2,4,3,10,1,1,3
3898,4.0,2.0,4.0,4.0,4.0,5.0,5.0,4.0,5.0,4.0,3.0,2.0,2.0,5.0,2.0,4.0,3.0,5.0,4.0,3.0,5,5,3,5,5,5,3,5,3,5,1,0,0,1,1,0,0,0,0,1,0,0,0,1,1,1,4,3,2,1,33,3,12,3,10,2,1,3
3899,1.0,1.0,4.0,3.0,1.0,4.0,4.0,1.0,5.0,3.0,3.0,1.0,1.0,3.0,3.0,5.0,3.0,3.0,5.0,3.0,6,6,2,1,6,3,6,5,6,4,1,1,0,1,1,0,0,0,0,1,0,0,1,1,1,1,3,2,1,1,25,1,1,3,60,1,1,2
3900,2.0,1.0,1.0,5.0,5.0,5.0,5.0,4.0,5.0,5.0,2.0,5.0,1.0,2.0,4.0,5.0,5.0,1.0,5.0,2.0,5,7,6,6,7,5,7,2,6,1,1,1,0,1,1,1,0,1,0,1,0,0,1,1,1,1,3,3,2,2,32,1,6,1,10,1,2,5
3901,2.0,3.0,1.0,2.0,4.0,2.0,2.0,2.0,5.0,5.0,2.0,2.0,2.0,1.0,5.0,4.0,3.0,4.0,5.0,5.0,3,3,6,6,2,7,5,3,5,5,1,1,0,1,1,0,0,0,0,1,0,0,1,1,1,1,3,2,1,1,23,1,2,3,60,1,1,2
3902,1.0,5.0,4.0,2.0,5.0,4.0,4.0,5.0,5.0,1.0,1.0,4.0,2.0,2.0,4.0,2.0,2.0,2.0,5.0,5.0,7,2,7,1,6,5,1,3,7,1,1,1,0,1,1,0,0,0,0,1,0,0,1,1,1,1,3,2,2,1,24,1,6,1,60,2,1,2
3903,2.0,3.0,5.0,2.0,4.0,4.0,2.0,2.0,4.0,2.0,2.0,4.0,2.0,2.0,4.0,2.0,4.0,4.0,5.0,3.0,6,1,6,2,6,5,6,2,7,3,1,1,0,1,1,0,0,1,0,1,0,0,1,1,1,1,2,2,1,1,20,1,1,1,60,1,1,2
3904,4.0,1.0,5.0,5.0,5.0,5.0,5.0,5.0,4.0,4.0,1.0,1.0,1.0,5.0,4.0,4.0,5.0,5.0,1.0,4.0,6,5,7,6,7,1,6,6,5,5,1,0,0,1,1,0,0,0,0,1,0,0,0,0,1,1,3,2,2,2,24,1,6,1,10,1,1,5
3905,1.0,2.0,5.0,4.0,2.0,2.0,4.0,1.0,5.0,5.0,2.0,2.0,1.0,5.0,4.0,2.0,5.0,2.0,1.0,1.0,5,5,6,7,6,3,7,2,5,3,1,1,0,1,1,0,0,0,0,1,0,0,0,1,1,1,4,3,2,2,30,1,6,1,60,2,2,2
3906,4.0,4.0,5.0,5.0,2.0,5.0,5.0,4.0,5.0,4.0,2.0,4.0,1.0,4.0,3.0,2.0,2.0,4.0,2.0,1.0,2,5,5,7,5,5,7,5,3,4,1,1,0,1,1,0,0,1,0,1,0,0,0,1,1,1,3,2,2,1,43,1,12,2,70,2,1,2
3907,5.0,4.0,4.0,3.0,4.0,4.0,1.0,3.0,3.0,2.0,1.0,5.0,5.0,2.0,5.0,1.0,1.0,5.0,5.0,1.0,4,7,7,7,6,7,5,7,6,4,1,1,0,1,1,0,0,0,0,1,0,0,0,0,1,1,4,1,1,2,25,1,2,1,60,1,1,2
3908,1.0,2.0,4.0,5.0,2.0,4.0,4.0,1.0,5.0,5.0,2.0,2.0,1.0,1.0,4.0,1.0,2.0,2.0,4.0,1.0,5,5,5,5,6,3,7,6,7,2,1,1,1,1,1,0,1,0,0,1,0,0,1,1,1,1,3,2,2,1,56,1,2,1,60,1,3,2
3909,4.0,4.0,3.0,2.0,3.0,4.0,2.0,2.0,5.0,3.0,2.0,3.0,4.0,2.0,4.0,4.0,3.0,4.0,5.0,3.0,7,3,6,3,7,7,7,3,3,5,1,1,1,1,1,0,0,1,0,1,0,0,0,1,1,1,4,1,2,2,32,1,1,5,60,2,1,1
3910,4.0,4.0,5.0,5.0,4.0,5.0,5.0,4.0,5.0,3.0,3.0,3.0,2.0,4.0,2.0,5.0,2.0,4.0,3.0,1.0,1,2,6,3,5,7,6,4,7,1,1,1,0,1,1,0,0,1,0,1,0,0,0,1,1,1,3,1,2,1,22,1,6,3,10,1,1,1
3911,5.0,4.0,3.0,3.0,3.0,3.0,3.0,2.0,5.0,3.0,3.0,4.0,1.0,5.0,1.0,3.0,1.0,5.0,4.0,5.0,2,1,1,4,4,1,4,1,3,2,1,0,0,1,1,0,0,0,0,1,0,0,0,0,1,1,2,3,2,2,15,2,3,2,10,2,1,3
3912,2.0,2.0,5.0,2.0,3.0,2.0,2.0,3.0,5.0,5.0,2.0,4.0,3.0,2.0,3.0,4.0,3.0,2.0,2.0,4.0,3,2,7,5,7,5,7,4,3,2,1,1,1,1,1,0,0,1,0,1,0,0,1,1,1,1,3,2,2,1,31,1,4,1,60,1,2,2
3913,5.0,5.0,4.0,2.0,5.0,4.0,2.0,4.0,4.0,3.0,1.0,5.0,4.0,2.0,3.0,4.0,5.0,5.0,4.0,4.0,2,6,6,2,5,7,5,2,5,6,1,0,0,1,0,0,0,0,0,1,0,0,0,1,1,1,3,3,1,2,27,1,7,1,60,1,1,3
3914,4.0,2.0,2.0,2.0,4.0,1.0,2.0,4.0,3.0,2.0,1.0,4.0,4.0,1.0,4.0,1.0,4.0,5.0,5.0,1.0,2,2,5,1,6,4,2,4,4,5,1,1,1,1,1,1,0,1,0,1,1,0,1,1,1,1,4,3,1,2,32,1,4,1,60,1,2,1
3915,1.0,5.0,2.0,1.0,5.0,5.0,5.0,5.0,5.0,1.0,1.0,2.0,1.0,5.0,1.0,1.0,5.0,5.0,5.0,1.0,5,4,7,1,7,6,6,5,7,1,1,1,0,1,1,0,1,1,0,1,0,0,0,1,1,1,4,3,2,2,23,1,8,1,10,1,2,2
3916,5.0,2.0,1.0,3.0,5.0,1.0,1.0,5.0,4.0,1.0,1.0,5.0,5.0,2.0,5.0,1.0,1.0,5.0,3.0,5.0,6,6,1,7,7,6,6,6,3,2,0,1,1,1,1,0,0,1,0,1,0,0,0,0,1,1,3,3,2,1,22,1,1,1,10,2,1,3
3917,4.0,4.0,1.0,1.0,5.0,1.0,1.0,1.0,5.0,1.0,1.0,4.0,1.0,1.0,4.0,1.0,5.0,1.0,1.0,1.0,2,6,6,2,7,7,6,3,7,2,1,1,0,1,1,0,0,1,0,1,0,0,1,1,1,1,4,3,1,2,32,1,2,1,10,1,1,1
3918,4.0,5.0,5.0,2.0,4.0,3.0,3.0,4.0,3.0,2.0,2.0,3.0,4.0,4.0,2.0,3.0,1.0,4.0,2.0,3.0,3,5,4,4,2,6,1,6,7,4,1,0,0,1,1,0,0,0,0,1,0,0,0,0,1,1,2,3,1,1,20,1,7,1,30,2,1,3
3919,1.0,1.0,4.0,5.0,2.0,4.0,4.0,1.0,5.0,5.0,3.0,4.0,1.0,1.0,1.0,1.0,2.0,3.0,4.0,1.0,3,3,5,4,6,7,5,2,5,1,1,1,0,1,1,0,0,1,0,1,0,0,0,1,1,1,2,3,2,2,18,1,4,1,10,2,1,4
3920,5.0,5.0,3.0,4.0,5.0,3.0,1.0,5.0,3.0,2.0,1.0,5.0,2.0,1.0,5.0,1.0,3.0,4.0,5.0,3.0,4,7,5,6,3,5,5,2,2,5,0,1,0,1,1,0,0,0,0,0,0,0,1,0,1,1,3,3,1,2,27,1,4,1,10,1,2,1
3921,4.0,5.0,3.0,2.0,2.0,4.0,1.0,4.0,5.0,4.0,1.0,4.0,3.0,1.0,5.0,1.0,4.0,1.0,4.0,2.0,5,3,5,6,6,4,3,7,2,2,1,1,1,1,1,0,1,1,0,1,1,1,1,1,1,1,3,2,2,1,21,1,7,4,60,2,1,4
3922,1.0,3.0,4.0,3.0,3.0,3.0,2.0,3.0,5.0,2.0,1.0,4.0,2.0,2.0,3.0,4.0,3.0,3.0,5.0,1.0,4,6,5,1,4,4,6,7,7,4,1,1,0,1,1,0,0,0,0,1,1,0,1,1,1,1,3,3,1,1,22,2,4,1,60,2,2,5
3923,3.0,5.0,2.0,3.0,1.0,1.0,5.0,5.0,3.0,2.0,1.0,5.0,1.0,3.0,5.0,2.0,3.0,5.0,3.0,3.0,6,5,6,1,6,2,6,2,5,2,1,1,1,1,1,0,1,1,0,1,0,0,0,1,1,1,3,3,1,2,45,1,2,1,60,2,1,2
3924,3.0,4.0,3.0,1.0,5.0,2.0,4.0,5.0,3.0,2.0,1.0,5.0,4.0,1.0,4.0,1.0,4.0,2.0,5.0,5.0,4,1,7,2,4,3,5,2,6,2,1,0,0,1,1,0,0,0,0,1,0,0,1,1,1,1,3,3,1,1,27,1,7,1,70,1,1,2
3925,5.0,5.0,1.0,5.0,5.0,1.0,1.0,5.0,3.0,1.0,1.0,5.0,5.0,1.0,5.0,1.0,1.0,5.0,5.0,5.0,1,5,3,5,1,6,2,2,2,1,1,1,0,1,1,0,0,0,0,1,0,0,1,1,1,1,2,3,1,2,37,1,6,1,60,2,1,1
3926,4.0,1.0,3.0,2.0,3.0,1.0,1.0,4.0,3.0,1.0,1.0,5.0,5.0,1.0,3.0,1.0,1.0,5.0,3.0,5.0,5,5,7,1,7,5,3,7,7,2,0,1,0,1,1,1,0,1,0,1,1,0,0,1,1,1,3,2,1,1,20,1,2,1,60,1,1,4
3927,5.0,5.0,1.0,1.0,5.0,2.0,1.0,4.0,1.0,2.0,1.0,5.0,4.0,2.0,4.0,1.0,1.0,5.0,5.0,4.0,2,5,4,5,3,6,2,2,6,3,1,1,0,1,1,0,0,0,0,1,0,1,1,1,1,1,2,3,1,2,27,2,2,1,60,2,1,3
3928,1.0,5.0,5.0,3.0,4.0,2.0,1.0,5.0,4.0,1.0,1.0,3.0,2.0,1.0,4.0,4.0,1.0,4.0,4.0,2.0,2,6,2,5,5,6,2,6,5,1,1,1,0,1,1,0,0,0,0,1,0,0,1,1,1,1,3,2,2,2,39,1,1,4,70,2,1,1
3929,3.0,4.0,3.0,2.0,3.0,1.0,2.0,4.0,5.0,2.0,1.0,4.0,1.0,2.0,4.0,2.0,2.0,4.0,5.0,3.0,1,6,5,5,6,6,3,1,4,3,1,1,1,1,1,0,0,0,0,1,0,0,1,1,1,1,3,3,2,1,22,1,2,5,60,1,1,1
3930,5.0,2.0,4.0,5.0,4.0,4.0,3.0,4.0,5.0,5.0,2.0,4.0,1.0,5.0,1.0,2.0,2.0,4.0,4.0,1.0,5,3,5,1,6,5,7,3,6,1,1,1,0,1,1,0,0,1,0,1,0,0,0,1,1,1,3,3,2,2,32,1,1,1,10,2,3,3
3931,2.0,2.0,4.0,2.0,3.0,4.0,2.0,4.0,5.0,4.0,1.0,2.0,1.0,3.0,2.0,4.0,2.0,4.0,5.0,1.0,3,4,7,2,4,6,3,1,5,5,1,1,0,1,1,0,0,0,0,1,0,0,1,1,1,1,3,2,2,1,23,1,1,1,60,1,1,2
3932,2.0,2.0,4.0,4.0,2.0,5.0,2.0,1.0,5.0,4.0,1.0,2.0,2.0,2.0,3.0,2.0,1.0,4.0,5.0,1.0,5,5,6,5,6,5,6,2,6,6,1,1,0,1,0,0,0,0,0,1,0,0,0,1,1,1,2,1,2,1,23,1,1,1,60,1,1,4
3933,4.0,4.0,1.0,2.0,5.0,1.0,1.0,1.0,1.0,1.0,1.0,5.0,4.0,1.0,4.0,1.0,1.0,4.0,5.0,2.0,2,5,6,5,5,6,2,2,6,4,1,1,1,1,1,0,1,1,0,1,0,0,1,1,1,1,4,2,1,1,25,2,2,1,20,2,1,3
3934,4.0,4.0,3.0,4.0,3.0,3.0,2.0,4.0,2.0,2.0,1.0,5.0,2.0,3.0,4.0,2.0,5.0,5.0,5.0,1.0,6,5,3,2,7,3,3,4,3,1,1,1,1,1,1,0,0,1,0,1,1,0,1,1,1,1,4,3,2,2,42,1,2,4,60,1,1,3
3935,5.0,3.0,5.0,4.0,4.0,5.0,2.0,5.0,3.0,4.0,1.0,5.0,4.0,1.0,5.0,5.0,2.0,2.0,4.0,5.0,3,6,7,5,1,7,3,1,6,4,1,1,0,1,1,0,0,0,0,1,0,0,0,1,1,1,3,2,2,1,30,1,10,1,70,1,2,4
3936,5.0,5.0,3.0,4.0,4.0,1.0,1.0,5.0,2.0,2.0,1.0,5.0,5.0,1.0,5.0,1.0,1.0,4.0,4.0,5.0,6,7,5,2,3,1,5,6,5,1,1,1,1,1,1,0,0,0,0,1,0,0,1,1,1,1,2,3,1,1,27,1,2,1,60,1,1,6
3937,1.0,1.0,5.0,5.0,1.0,5.0,5.0,4.0,5.0,5.0,1.0,1.0,1.0,1.0,1.0,5.0,5.0,1.0,5.0,1.0,6,6,6,7,7,3,7,1,3,1,1,1,1,1,1,0,0,0,0,1,0,0,0,1,1,1,3,3,2,2,30,1,4,2,70,2,2,3
3938,1.0,1.0,5.0,4.0,5.0,3.0,4.0,1.0,5.0,5.0,4.0,1.0,1.0,5.0,3.0,5.0,4.0,1.0,5.0,1.0,7,5,7,6,7,1,6,7,1,2,1,1,0,1,1,0,0,0,0,1,0,0,1,1,1,1,3,3,1,1,21,1,6,1,60,1,1,4
3939,5.0,5.0,1.0,1.0,5.0,1.0,1.0,5.0,1.0,1.0,1.0,5.0,5.0,1.0,5.0,1.0,1.0,5.0,5.0,5.0,6,6,5,2,6,2,1,5,5,5,1,1,0,1,1,0,0,1,0,1,1,0,1,1,1,1,3,3,1,1,28,1,7,1,60,2,2,3
3940,5.0,5.0,1.0,2.0,4.0,1.0,1.0,4.0,2.0,1.0,1.0,4.0,3.0,1.0,4.0,3.0,1.0,5.0,5.0,3.0,7,7,7,5,6,2,2,1,3,1,1,1,0,1,1,0,0,0,0,1,0,0,1,1,1,1,3,1,1,1,19,1,7,1,60,1,1,3
3941,4.0,4.0,1.0,3.0,4.0,1.0,1.0,4.0,1.0,5.0,1.0,5.0,1.0,1.0,5.0,1.0,1.0,5.0,4.0,4.0,2,2,7,3,7,7,5,2,6,1,1,1,1,1,1,0,0,1,0,1,0,1,1,1,1,1,3,2,1,2,25,1,7,1,60,1,1,2
3942,5.0,4.0,5.0,3.0,5.0,2.0,5.0,5.0,2.0,2.0,2.0,5.0,4.0,1.0,5.0,4.0,3.0,5.0,2.0,5.0,3,2,7,2,6,7,6,1,7,3,1,0,0,1,1,0,0,0,0,0,0,0,0,1,1,1,4,2,1,1,33,1,8,1,10,2,2,2
3943,4.0,4.0,1.0,4.0,4.0,1.0,1.0,4.0,3.0,2.0,1.0,4.0,5.0,1.0,5.0,1.0,1.0,5.0,5.0,5.0,3,6,7,1,7,5,3,6,7,1,1,1,1,1,1,0,1,1,0,1,1,0,1,1,1,1,4,1,1,1,26,1,2,1,60,1,1,7
3944,2.0,5.0,3.0,2.0,4.0,1.0,2.0,1.0,4.0,1.0,1.0,5.0,2.0,3.0,4.0,1.0,1.0,5.0,3.0,1.0,6,7,6,3,6,5,6,5,5,2,1,1,1,1,1,0,0,1,0,1,1,0,1,1,1,1,3,2,1,2,27,1,2,1,60,1,1,2
3945,2.0,1.0,2.0,1.0,5.0,5.0,2.0,4.0,5.0,4.0,1.0,5.0,4.0,1.0,5.0,1.0,1.0,1.0,2.0,1.0,3,5,7,2,7,5,3,1,7,2,1,1,1,1,1,0,0,0,0,1,0,0,1,1,1,1,3,2,2,1,27,1,7,1,30,1,1,1
3946,3.0,1.0,3.0,4.0,2.0,5.0,2.0,1.0,5.0,5.0,3.0,3.0,4.0,4.0,3.0,2.0,5.0,3.0,5.0,4.0,6,5,7,5,5,5,6,2,4,4,1,1,1,1,1,0,1,1,0,1,1,0,1,1,1,1,4,2,2,1,64,1,1,1,60,1,2,1
3947,4.0,4.0,1.0,2.0,5.0,2.0,1.0,4.0,2.0,1.0,1.0,4.0,4.0,1.0,4.0,1.0,1.0,5.0,5.0,3.0,6,6,6,5,6,2,5,3,1,3,1,1,1,1,1,0,0,1,0,1,0,0,1,1,1,1,4,2,2,2,25,1,2,1,10,1,1,2
3948,5.0,3.0,5.0,4.0,4.0,4.0,1.0,1.0,5.0,5.0,1.0,1.0,3.0,3.0,4.0,1.0,1.0,4.0,5.0,1.0,1,2,5,7,7,6,7,4,4,5,1,1,0,1,1,1,0,0,0,1,0,0,0,1,1,1,3,2,2,1,33,1,12,1,0,1,1,2
3949,5.0,1.0,1.0,3.0,5.0,1.0,1.0,1.0,2.0,5.0,1.0,5.0,4.0,2.0,4.0,1.0,1.0,5.0,5.0,4.0,7,7,7,3,7,1,6,1,7,1,1,1,0,1,1,0,0,0,0,1,0,0,1,1,1,1,4,2,1,1,32,2,7,1,20,1,2,2
3950,5.0,4.0,1.0,3.0,4.0,1.0,1.0,5.0,3.0,2.0,1.0,5.0,2.0,1.0,4.0,2.0,1.0,5.0,5.0,2.0,3,3,5,1,6,7,3,4,7,2,1,1,1,1,1,0,1,1,0,1,1,0,1,1,1,1,3,3,1,1,31,1,1,1,60,1,1,4
3951,5.0,5.0,1.0,5.0,4.0,1.0,1.0,5.0,2.0,2.0,1.0,5.0,5.0,2.0,5.0,5.0,1.0,1.0,1.0,4.0,6,3,7,1,6,6,6,1,6,3,1,1,1,1,1,0,1,0,0,1,1,0,1,1,1,1,4,2,1,1,56,1,4,1,60,1,2,3
3952,4.0,5.0,4.0,4.0,5.0,2.0,1.0,5.0,4.0,2.0,2.0,5.0,4.0,4.0,4.0,1.0,2.0,4.0,5.0,3.0,1,6,3,7,6,7,5,6,3,7,1,1,1,1,1,0,0,0,0,1,1,0,1,1,1,1,3,2,1,1,21,1,2,1,60,1,2,4
3953,1.0,4.0,5.0,1.0,5.0,5.0,5.0,3.0,4.0,1.0,1.0,5.0,5.0,1.0,5.0,2.0,1.0,5.0,4.0,2.0,6,1,6,7,7,5,7,5,6,3,1,0,0,1,1,0,1,0,0,1,0,0,0,1,1,1,3,3,1,1,21,1,10,1,30,2,1,2
3954,1.0,4.0,5.0,5.0,1.0,2.0,4.0,2.0,5.0,1.0,1.0,1.0,1.0,5.0,4.0,5.0,4.0,4.0,5.0,1.0,4,6,6,7,6,5,7,5,6,5,1,1,0,1,1,0,0,0,0,1,0,0,0,1,1,1,3,3,2,1,50,1,7,1,60,1,3,7
3955,4.0,4.0,1.0,2.0,4.0,1.0,1.0,4.0,1.0,1.0,1.0,5.0,4.0,2.0,5.0,1.0,3.0,5.0,5.0,3.0,6,4,1,2,5,1,4,7,6,3,1,1,1,1,1,1,0,1,0,1,0,0,1,1,1,1,3,3,2,1,26,1,12,1,60,1,2,2
3956,5.0,2.0,5.0,4.0,2.0,5.0,4.0,4.0,5.0,5.0,2.0,2.0,2.0,3.0,3.0,4.0,3.0,3.0,5.0,3.0,6,2,6,2,6,5,6,5,7,2,1,1,0,1,1,0,0,0,0,1,0,0,0,1,1,1,2,2,2,1,22,1,2,1,10,2,1,2
3957,5.0,2.0,2.0,4.0,5.0,5.0,5.0,5.0,5.0,5.0,1.0,5.0,1.0,4.0,5.0,5.0,5.0,1.0,5.0,1.0,5,7,6,7,7,5,7,3,5,1,1,1,1,1,1,1,0,1,0,1,0,1,1,1,1,1,3,3,2,2,32,1,6,1,10,1,2,5
3958,4.0,1.0,1.0,4.0,4.0,1.0,1.0,2.0,4.0,5.0,1.0,5.0,2.0,2.0,4.0,1.0,1.0,1.0,5.0,4.0,5,1,7,1,7,2,4,5,7,2,1,1,1,1,1,0,1,0,0,1,0,0,1,1,1,1,3,3,1,1,59,1,1,1,60,2,3,6
3959,5.0,5.0,1.0,1.0,5.0,1.0,1.0,5.0,1.0,1.0,1.0,5.0,5.0,1.0,4.0,1.0,5.0,5.0,5.0,5.0,2,7,6,4,7,6,1,3,4,1,1,1,1,1,1,0,1,1,0,1,0,0,1,1,1,0,2,2,1,1,21,1,4,1,70,1,1,2
3960,5.0,5.0,2.0,2.0,5.0,2.0,1.0,3.0,3.0,2.0,1.0,5.0,2.0,1.0,4.0,1.0,2.0,5.0,5.0,1.0,2,4,6,1,6,6,6,5,7,7,1,1,0,1,1,0,0,0,0,1,0,0,1,0,1,1,2,3,1,2,21,1,1,1,60,2,1,1
3961,1.0,2.0,3.0,5.0,4.0,5.0,5.0,4.0,5.0,5.0,2.0,1.0,2.0,2.0,2.0,2.0,4.0,1.0,1.0,1.0,7,5,6,2,6,1,5,5,7,2,1,1,0,1,1,0,0,0,0,1,0,0,1,0,1,1,3,1,1,1,20,1,7,1,60,2,1,3
3962,2.0,4.0,2.0,2.0,2.0,2.0,3.0,3.0,5.0,5.0,2.0,2.0,1.0,2.0,2.0,3.0,1.0,2.0,4.0,2.0,3,5,3,5,4,6,6,5,6,2,1,0,0,1,1,0,0,0,0,1,0,1,0,1,1,1,3,2,2,2,22,1,10,1,20,2,1,4
3963,5.0,5.0,3.0,5.0,1.0,1.0,1.0,5.0,4.0,1.0,1.0,2.0,4.0,2.0,4.0,2.0,1.0,5.0,5.0,3.0,1,3,7,6,7,7,6,1,4,1,1,1,1,1,1,1,0,1,0,1,1,1,1,1,1,1,3,1,2,1,31,2,2,2,60,1,2,2
3964,2.0,2.0,4.0,5.0,1.0,5.0,4.0,1.0,5.0,5.0,1.0,2.0,1.0,2.0,1.0,5.0,3.0,1.0,4.0,1.0,5,7,6,5,7,5,7,5,3,1,1,1,1,1,1,1,0,0,0,1,1,0,1,1,1,1,3,3,2,1,28,1,1,1,60,1,1,1
3965,5.0,4.0,1.0,1.0,5.0,1.0,1.0,2.0,5.0,1.0,1.0,5.0,5.0,1.0,5.0,4.0,1.0,5.0,5.0,5.0,1,2,6,3,5,7,5,7,7,1,1,1,0,0,1,0,0,0,0,1,0,0,1,1,1,1,3,3,1,1,31,2,2,2,70,1,1,5
3966,5.0,4.0,4.0,4.0,5.0,3.0,1.0,4.0,1.0,1.0,2.0,5.0,3.0,1.0,5.0,3.0,1.0,4.0,5.0,3.0,4,4,5,5,5,7,7,5,6,5,1,1,1,1,1,0,0,0,0,1,0,0,1,1,1,1,3,3,1,1,30,1,4,1,60,1,1,2
3967,5.0,4.0,5.0,1.0,2.0,3.0,5.0,3.0,5.0,3.0,1.0,4.0,1.0,5.0,4.0,1.0,1.0,5.0,3.0,3.0,0,0,0,0,0,0,0,0,0,0,0,0,0,0,0,0,0,0,0,0,0,0,0,0,0,0,3,3,1,2,21,3,1,0,10,2,1,0
3968,2.0,2.0,2.0,5.0,3.0,5.0,5.0,4.0,5.0,5.0,2.0,2.0,2.0,2.0,1.0,5.0,3.0,2.0,3.0,2.0,3,5,6,5,2,4,7,5,5,6,1,1,0,1,1,0,0,0,0,0,0,0,0,0,1,1,2,2,2,2,18,1,4,1,10,2,1,2
3969,5.0,5.0,1.0,1.0,5.0,1.0,2.0,5.0,1.0,1.0,1.0,5.0,5.0,1.0,5.0,1.0,5.0,5.0,5.0,5.0,1,7,6,5,7,1,3,7,4,1,1,1,0,1,1,0,0,1,0,1,0,0,0,1,1,1,3,2,2,2,24,1,2,2,60,1,1,2
3970,2.0,5.0,2.0,4.0,4.0,2.0,1.0,1.0,5.0,5.0,1.0,4.0,4.0,1.0,4.0,2.0,1.0,5.0,5.0,2.0,6,6,6,3,6,3,5,1,7,3,1,1,0,1,1,0,0,0,0,1,0,0,1,0,1,1,3,1,1,2,27,1,2,1,60,1,1,2
3971,5.0,5.0,3.0,1.0,4.0,3.0,4.0,5.0,5.0,5.0,1.0,5.0,5.0,4.0,5.0,1.0,5.0,4.0,5.0,2.0,3,6,5,7,6,3,5,5,1,1,1,1,0,1,1,0,1,0,0,1,0,0,0,1,1,1,2,2,2,2,18,1,1,2,10,2,1,3
3972,2.0,1.0,2.0,1.0,3.0,4.0,5.0,4.0,5.0,5.0,2.0,2.0,1.0,2.0,2.0,4.0,1.0,5.0,5.0,1.0,3,6,5,7,7,6,5,6,3,3,1,1,0,1,1,0,1,1,0,1,0,0,1,1,1,1,2,1,2,2,18,1,7,1,10,2,1,2
3973,5.0,5.0,1.0,1.0,5.0,2.0,1.0,1.0,2.0,2.0,1.0,5.0,5.0,1.0,5.0,4.0,1.0,5.0,5.0,4.0,4,6,6,5,6,6,3,2,6,2,1,1,0,1,1,0,0,0,0,1,0,0,0,1,1,1,3,3,2,2,23,1,10,2,10,1,1,2
3974,4.0,4.0,3.0,4.0,4.0,4.0,2.0,4.0,4.0,4.0,2.0,2.0,2.0,2.0,2.0,2.0,3.0,4.0,5.0,3.0,2,3,4,5,5,6,4,3,5,5,1,1,1,1,1,0,0,0,0,1,0,0,0,1,1,1,3,3,2,2,21,1,4,2,10,1,1,4
3975,4.0,2.0,5.0,3.0,4.0,2.0,2.0,3.0,4.0,4.0,2.0,5.0,2.0,4.0,3.0,4.0,4.0,4.0,4.0,4.0,3,3,5,5,5,6,3,5,5,4,1,1,0,1,1,0,0,1,0,1,0,0,0,0,1,1,2,3,2,2,18,1,4,1,10,2,1,2
3976,4.0,5.0,1.0,2.0,5.0,1.0,1.0,4.0,4.0,1.0,1.0,3.0,1.0,1.0,5.0,2.0,1.0,5.0,5.0,1.0,1,5,6,5,3,3,5,1,6,5,1,1,0,1,1,0,0,0,0,1,0,1,1,1,1,1,3,3,1,2,26,1,1,1,60,2,1,3
3977,1.0,2.0,5.0,2.0,4.0,3.0,3.0,2.0,5.0,2.0,2.0,5.0,2.0,3.0,4.0,1.0,1.0,4.0,5.0,1.0,4,5,5,2,7,3,4,4,4,1,1,1,1,1,1,0,1,0,0,1,1,0,1,1,1,1,4,1,2,1,49,2,7,1,60,1,2,5
3978,5.0,5.0,2.0,1.0,5.0,2.0,2.0,4.0,3.0,2.0,1.0,5.0,3.0,1.0,4.0,5.0,1.0,4.0,5.0,2.0,2,5,6,2,7,6,4,2,6,3,1,1,0,1,1,1,0,1,0,1,0,1,1,1,1,1,3,1,1,2,22,1,2,1,60,1,1,2
3979,1.0,1.0,4.0,4.0,4.0,2.0,1.0,1.0,5.0,4.0,1.0,2.0,4.0,1.0,2.0,4.0,2.0,1.0,5.0,3.0,7,2,6,2,5,1,7,1,6,2,1,1,0,1,1,0,0,0,0,1,0,0,0,1,1,1,4,1,2,1,35,1,6,1,60,1,2,1
3980,4.0,5.0,3.0,4.0,4.0,2.0,3.0,5.0,5.0,5.0,4.0,5.0,2.0,2.0,4.0,5.0,1.0,2.0,3.0,3.0,4,6,7,7,6,6,6,5,3,2,1,1,0,1,1,0,0,1,0,1,0,0,0,1,1,1,2,2,2,2,23,1,6,1,10,1,1,3
3981,5.0,2.0,5.0,2.0,5.0,5.0,5.0,4.0,4.0,4.0,5.0,5.0,5.0,2.0,5.0,1.0,3.0,2.0,4.0,1.0,6,6,5,2,6,1,6,5,3,5,0,0,0,0,0,0,0,1,0,0,0,0,0,0,0,1,3,3,2,2,21,3,6,1,10,1,1,4
3982,5.0,2.0,4.0,5.0,1.0,4.0,2.0,2.0,5.0,3.0,4.0,3.0,2.0,2.0,2.0,2.0,1.0,2.0,2.0,2.0,3,5,7,3,5,7,7,1,7,5,0,0,0,0,0,0,0,0,0,0,0,0,0,1,0,0,3,3,2,2,20,1,6,5,10,1,1,2
3983,1.0,1.0,4.0,4.0,1.0,4.0,4.0,1.0,5.0,5.0,2.0,3.0,2.0,3.0,1.0,3.0,2.0,4.0,3.0,2.0,4,0,4,2,6,4,5,4,5,1,1,1,1,1,1,0,1,1,0,1,1,0,1,1,1,1,3,2,1,1,61,1,2,1,60,1,1,4
3984,3.0,4.0,2.0,3.0,1.0,2.0,1.0,1.0,5.0,5.0,3.0,1.0,1.0,1.0,1.0,5.0,5.0,1.0,2.0,1.0,5,5,7,5,7,5,7,4,4,1,1,1,1,1,1,0,1,1,0,1,1,0,1,1,1,1,3,2,2,1,55,1,12,5,60,1,3,4
3985,5.0,5.0,3.0,3.0,5.0,2.0,1.0,4.0,3.0,1.0,1.0,5.0,1.0,2.0,5.0,1.0,2.0,4.0,1.0,4.0,2,1,6,2,4,6,6,5,6,4,1,1,0,1,1,0,0,0,0,1,0,0,0,0,1,1,2,3,1,2,20,1,10,1,70,1,1,2
3986,5.0,4.0,4.0,1.0,5.0,4.0,4.0,3.0,3.0,4.0,2.0,5.0,5.0,2.0,1.0,4.0,3.0,2.0,5.0,1.0,5,5,7,4,7,4,5,2,4,1,1,1,1,1,1,1,1,1,1,1,1,1,1,1,1,1,3,3,2,1,35,1,12,1,60,1,3,3
3987,3.0,4.0,2.0,2.0,4.0,2.0,1.0,2.0,3.0,2.0,1.0,4.0,4.0,1.0,3.0,1.0,1.0,4.0,5.0,2.0,5,6,7,2,6,4,3,1,4,4,1,1,0,1,1,0,0,0,0,1,0,0,1,1,1,1,3,2,1,1,41,1,1,0,60,2,1,3
3988,3.0,4.0,5.0,5.0,4.0,5.0,5.0,3.0,5.0,5.0,3.0,4.0,1.0,5.0,1.0,5.0,3.0,1.0,1.0,1.0,3,5,6,6,7,5,7,5,4,1,1,1,0,1,1,0,0,1,0,1,0,0,1,1,1,1,4,2,2,1,45,1,1,1,60,2,2,3
3989,3.0,2.0,2.0,1.0,4.0,2.0,1.0,5.0,3.0,4.0,2.0,5.0,1.0,1.0,3.0,2.0,2.0,4.0,4.0,3.0,1,2,7,5,7,7,2,1,5,1,1,1,1,1,1,1,1,1,0,1,1,0,1,1,1,1,4,1,2,2,23,1,1,2,60,1,2,2
3990,4.0,2.0,3.0,1.0,4.0,5.0,2.0,1.0,3.0,5.0,1.0,2.0,2.0,1.0,5.0,4.0,1.0,2.0,5.0,1.0,6,5,7,2,6,3,5,2,6,4,1,1,1,1,1,0,0,0,0,1,0,0,1,1,1,1,4,2,2,1,23,1,2,1,60,1,1,1
3991,3.0,4.0,3.0,2.0,4.0,2.0,2.0,3.0,4.0,3.0,2.0,4.0,4.0,2.0,4.0,2.0,1.0,4.0,5.0,2.0,1,5,3,1,6,5,5,4,5,2,1,1,1,1,1,0,0,0,0,1,0,0,1,1,1,1,3,3,2,1,21,1,2,2,60,2,1,3
3992,1.0,2.0,4.0,4.0,3.0,2.0,2.0,4.0,4.0,4.0,2.0,5.0,2.0,2.0,4.0,2.0,2.0,2.0,4.0,4.0,0,0,0,0,0,0,0,0,0,0,1,1,1,1,1,0,0,0,0,1,0,0,1,1,1,1,3,1,2,1,19,1,6,2,60,2,1,3
3993,5.0,5.0,3.0,3.0,4.0,4.0,1.0,5.0,3.0,4.0,2.0,3.0,5.0,1.0,5.0,1.0,2.0,3.0,4.0,5.0,6,5,6,3,4,2,5,3,7,3,1,1,1,1,1,1,0,1,0,1,0,0,0,1,1,1,1,2,1,1,17,1,6,1,60,2,1,1
3994,1.0,5.0,5.0,5.0,1.0,5.0,5.0,5.0,5.0,5.0,1.0,5.0,1.0,1.0,4.0,1.0,5.0,1.0,1.0,5.0,1,1,7,2,3,7,7,2,6,1,1,1,0,1,1,0,0,1,0,1,0,0,0,1,1,1,3,1,2,2,32,1,7,3,10,1,2,4
3995,1.0,1.0,2.0,3.0,3.0,1.0,1.0,1.0,4.0,4.0,1.0,4.0,1.0,3.0,1.0,1.0,3.0,3.0,5.0,1.0,5,5,2,4,6,4,6,7,5,2,1,1,1,1,1,0,0,1,0,1,0,0,1,1,1,1,3,2,1,1,40,1,2,1,60,1,1,1
3996,2.0,1.0,4.0,1.0,4.0,2.0,1.0,4.0,2.0,2.0,1.0,5.0,4.0,1.0,4.0,4.0,1.0,5.0,5.0,1.0,7,5,3,2,7,2,7,1,6,1,1,1,1,1,1,0,0,1,0,1,0,0,1,1,1,1,3,3,2,1,20,3,12,5,60,1,1,3
3997,5.0,4.0,4.0,2.0,4.0,2.0,2.0,4.0,4.0,4.0,1.0,5.0,4.0,3.0,5.0,2.0,4.0,2.0,5.0,4.0,3,5,6,2,6,6,5,2,6,1,1,1,1,1,1,1,1,1,1,1,0,0,1,1,1,1,3,3,1,2,38,1,2,1,70,2,1,3
3998,2.0,1.0,5.0,3.0,3.0,4.0,3.0,1.0,5.0,3.0,1.0,4.0,1.0,2.0,2.0,2.0,3.0,3.0,5.0,1.0,4,2,6,2,6,5,5,1,6,4,1,1,0,1,1,0,0,0,0,1,0,0,0,1,1,1,3,3,2,1,20,1,4,1,60,1,1,2
3999,4.0,2.0,4.0,4.0,2.0,5.0,3.0,4.0,5.0,4.0,2.0,1.0,1.0,2.0,3.0,5.0,2.0,4.0,5.0,2.0,3,5,5,3,5,6,6,2,3,2,0,0,0,0,0,0,0,0,0,0,0,0,0,1,0,1,3,1,1,2,36,1,4,2,60,1,1,2
4000,1.0,1.0,5.0,3.0,4.0,5.0,5.0,2.0,5.0,4.0,2.0,3.0,1.0,2.0,2.0,5.0,2.0,1.0,1.0,3.0,1,5,6,5,2,7,7,5,3,1,1,1,0,1,1,0,0,0,0,1,0,0,0,1,1,1,2,3,2,1,47,1,6,1,60,1,3,5
4001,5.0,5.0,1.0,1.0,5.0,1.0,1.0,5.0,1.0,5.0,1.0,5.0,5.0,1.0,5.0,1.0,5.0,5.0,4.0,3.0,1,3,7,5,1,7,6,1,6,6,1,1,0,1,1,0,1,1,0,1,0,0,1,1,1,1,4,3,2,2,20,1,8,1,10,2,1,2
4002,2.0,2.0,2.0,4.0,2.0,2.0,1.0,2.0,4.0,2.0,2.0,2.0,2.0,2.0,2.0,4.0,2.0,4.0,5.0,1.0,3,5,5,3,6,3,5,5,6,3,1,1,1,1,1,0,0,1,0,1,0,0,1,1,1,1,4,2,2,1,29,1,2,1,60,1,2,2
4003,1.0,1.0,5.0,5.0,2.0,5.0,5.0,1.0,5.0,5.0,5.0,1.0,1.0,3.0,1.0,5.0,5.0,1.0,3.0,1.0,7,1,6,1,7,2,7,1,7,1,1,1,1,1,1,1,0,1,0,1,0,1,1,1,1,1,3,3,2,1,45,1,4,1,60,2,3,5
4004,3.0,1.0,5.0,1.0,3.0,3.0,3.0,5.0,5.0,3.0,1.0,5.0,1.0,1.0,3.0,5.0,1.0,3.0,1.0,1.0,2,6,6,1,4,7,5,6,7,5,1,0,0,1,1,0,1,1,0,1,1,0,1,1,1,1,2,1,1,2,28,1,6,1,10,2,2,3
4005,5.0,5.0,2.0,1.0,4.0,2.0,1.0,4.0,1.0,3.0,1.0,5.0,5.0,1.0,4.0,1.0,1.0,4.0,5.0,2.0,5,3,6,4,7,3,4,5,6,6,1,1,1,1,1,0,1,0,0,1,0,0,1,1,1,1,4,2,1,2,24,1,2,1,60,1,1,2
4006,2.0,1.0,3.0,4.0,1.0,4.0,2.0,2.0,5.0,4.0,1.0,4.0,1.0,2.0,1.0,1.0,2.0,2.0,4.0,1.0,2,1,3,0,6,5,6,2,7,2,1,1,1,1,1,0,1,1,0,1,1,0,1,1,1,1,4,3,1,1,66,1,2,1,60,1,3,3
4007,1.0,1.0,5.0,5.0,4.0,5.0,5.0,1.0,5.0,5.0,5.0,1.0,2.0,5.0,1.0,4.0,1.0,1.0,5.0,1.0,6,7,5,3,6,2,6,5,5,5,1,1,0,1,1,1,0,1,0,1,0,0,1,1,1,1,3,3,1,2,25,1,7,1,10,1,1,2
4008,4.0,4.0,2.0,4.0,2.0,2.0,2.0,3.0,2.0,5.0,1.0,4.0,2.0,2.0,4.0,2.0,2.0,4.0,4.0,4.0,2,5,3,5,5,6,5,5,5,5,1,1,1,1,1,0,1,1,0,1,1,0,1,1,1,1,3,1,2,2,27,1,1,4,10,1,1,3
4009,2.0,1.0,4.0,3.0,4.0,5.0,3.0,5.0,5.0,5.0,1.0,5.0,5.0,1.0,1.0,2.0,1.0,3.0,5.0,3.0,2,7,3,5,6,6,6,6,3,1,1,1,0,1,1,0,0,0,0,1,0,0,1,1,1,1,3,3,1,2,25,1,2,1,10,1,1,2
4010,2.0,4.0,5.0,2.0,4.0,5.0,5.0,3.0,5.0,5.0,1.0,2.0,1.0,2.0,1.0,5.0,3.0,2.0,1.0,3.0,3,5,6,5,4,5,6,1,3,2,1,0,0,1,1,0,0,0,0,1,0,0,0,1,1,1,4,2,2,1,26,1,10,1,20,2,1,6
4011,1.0,1.0,5.0,5.0,2.0,5.0,5.0,1.0,5.0,5.0,5.0,1.0,1.0,4.0,1.0,1.0,1.0,1.0,1.0,1.0,7,1,7,5,3,1,7,1,7,1,1,1,1,1,1,0,0,0,0,1,0,0,1,1,1,1,3,2,2,1,59,1,7,1,60,1,2,3
4012,2.0,2.0,4.0,2.0,4.0,1.0,2.0,2.0,5.0,4.0,1.0,3.0,1.0,1.0,1.0,2.0,1.0,4.0,2.0,4.0,6,3,7,5,7,3,5,2,6,1,1,1,1,1,1,0,1,0,0,1,1,1,1,1,1,1,4,3,2,1,53,1,4,1,60,1,3,3
4013,4.0,4.0,3.0,3.0,1.0,4.0,4.0,2.0,4.0,4.0,2.0,2.0,2.0,4.0,4.0,2.0,2.0,3.0,5.0,1.0,5,4,6,5,6,5,6,2,6,5,1,1,0,1,1,0,0,0,0,1,0,0,0,0,1,1,2,2,2,1,19,2,2,1,60,2,1,2
4014,4.0,1.0,2.0,2.0,3.0,2.0,2.0,4.0,4.0,4.0,1.0,3.0,2.0,2.0,3.0,1.0,2.0,4.0,5.0,3.0,2,5,7,2,6,6,4,1,4,3,1,1,1,1,1,0,1,1,0,1,0,0,1,1,1,1,3,1,2,1,24,1,2,1,60,1,1,3
4015,4.0,2.0,5.0,5.0,4.0,5.0,5.0,2.0,5.0,5.0,3.0,4.0,1.0,5.0,1.0,2.0,5.0,4.0,5.0,4.0,3,1,7,2,3,7,5,2,7,4,1,1,1,1,1,0,1,1,0,1,1,0,1,1,1,1,3,3,1,1,60,1,4,1,60,1,2,3
4016,5.0,5.0,1.0,1.0,5.0,1.0,1.0,5.0,1.0,1.0,1.0,5.0,5.0,1.0,5.0,1.0,1.0,5.0,5.0,5.0,7,1,7,4,7,4,4,1,7,1,1,1,0,1,1,1,1,1,0,1,0,0,1,1,0,1,4,3,1,2,45,1,12,1,60,1,1,4
4017,3.0,4.0,2.0,1.0,4.0,1.0,1.0,1.0,3.0,2.0,1.0,4.0,4.0,2.0,4.0,1.0,3.0,2.0,4.0,4.0,5,5,4,2,7,2,5,5,6,5,1,1,1,1,1,0,0,0,0,1,0,0,1,1,1,1,2,3,1,1,21,1,2,1,60,1,1,2
4018,3.0,4.0,3.0,3.0,5.0,4.0,2.0,4.0,5.0,2.0,1.0,4.0,3.0,2.0,5.0,2.0,2.0,4.0,5.0,1.0,1,4,4,5,5,6,6,6,4,6,1,1,0,1,1,0,0,0,0,1,0,0,1,1,1,1,4,1,2,1,24,1,2,1,60,2,1,2
4019,1.0,1.0,5.0,5.0,1.0,5.0,5.0,2.0,5.0,5.0,1.0,5.0,1.0,1.0,1.0,5.0,1.0,1.0,1.0,1.0,1,1,7,3,3,7,7,1,6,2,1,1,0,1,1,0,0,1,0,1,0,0,0,0,1,1,3,1,2,2,32,1,7,3,10,1,2,4
4020,3.0,3.0,2.0,4.0,3.0,1.0,1.0,3.0,4.0,4.0,3.0,2.0,2.0,2.0,2.0,2.0,2.0,4.0,5.0,1.0,6,4,3,5,7,2,5,5,3,2,1,1,0,1,1,0,0,0,0,1,0,0,1,1,1,1,3,2,1,1,23,1,2,1,60,2,1,1
4021,5.0,5.0,1.0,1.0,5.0,1.0,1.0,5.0,3.0,1.0,1.0,5.0,5.0,1.0,5.0,1.0,1.0,4.0,5.0,3.0,5,5,5,5,5,5,5,5,5,5,1,1,0,1,1,0,0,0,0,1,0,0,1,1,1,1,3,1,2,1,34,1,12,1,10,1,1,3
4022,3.0,4.0,1.0,1.0,5.0,2.0,1.0,4.0,3.0,3.0,2.0,1.0,5.0,2.0,5.0,1.0,1.0,4.0,5.0,1.0,1,6,6,6,4,5,5,5,3,3,1,1,0,1,1,0,0,1,0,1,0,1,1,1,1,1,3,1,2,1,21,1,7,1,60,2,1,3
4023,4.0,5.0,2.0,5.0,4.0,5.0,5.0,4.0,5.0,4.0,3.0,1.0,3.0,4.0,3.0,5.0,1.0,4.0,4.0,1.0,6,3,7,3,7,5,6,3,6,1,0,1,0,1,1,0,0,0,0,1,0,0,0,0,1,1,3,1,2,1,38,1,4,5,70,1,1,7
4024,3.0,5.0,3.0,4.0,5.0,4.0,2.0,3.0,4.0,3.0,2.0,5.0,3.0,4.0,4.0,3.0,1.0,4.0,5.0,2.0,7,5,6,5,7,4,6,1,3,1,1,1,0,1,1,0,0,0,0,1,0,0,1,1,1,1,3,3,2,1,36,1,7,1,60,1,3,2
4025,5.0,5.0,3.0,1.0,5.0,1.0,1.0,1.0,3.0,3.0,1.0,5.0,3.0,1.0,5.0,1.0,5.0,5.0,5.0,3.0,4,4,7,4,7,5,5,1,4,1,1,1,0,1,1,1,0,0,1,1,1,0,1,1,1,1,3,1,2,1,48,1,12,5,70,1,1,4
4026,1.0,2.0,4.0,4.0,4.0,2.0,3.0,1.0,5.0,4.0,2.0,5.0,1.0,4.0,2.0,5.0,1.0,5.0,3.0,1.0,3,2,1,1,6,7,2,7,6,1,1,1,1,1,1,0,1,0,0,1,1,0,1,1,1,1,3,2,1,1,22,3,1,3,60,1,1,2
4027,5.0,4.0,2.0,3.0,5.0,1.0,1.0,5.0,3.0,2.0,1.0,5.0,4.0,2.0,5.0,1.0,2.0,5.0,5.0,4.0,5,6,6,5,6,4,6,4,3,1,1,1,0,1,1,0,0,0,0,1,0,0,1,1,1,1,3,2,1,1,37,1,3,1,10,1,2,2
4028,4.0,4.0,2.0,1.0,5.0,1.0,2.0,3.0,2.0,2.0,1.0,2.0,2.0,1.0,5.0,1.0,5.0,4.0,5.0,5.0,2,6,7,1,6,6,3,4,6,6,1,1,0,1,1,1,0,0,0,1,0,0,1,1,1,1,3,1,2,2,31,1,2,2,60,1,1,2
4029,1.0,4.0,2.0,2.0,1.0,3.0,2.0,2.0,4.0,4.0,1.0,2.0,1.0,4.0,5.0,4.0,5.0,4.0,4.0,1.0,6,6,7,3,6,6,6,5,7,2,1,1,0,1,1,1,0,1,0,1,1,1,0,1,0,1,3,2,2,1,25,1,4,1,60,1,1,3
4030,5.0,3.0,3.0,4.0,5.0,5.0,3.0,2.0,3.0,4.0,2.0,5.0,4.0,3.0,3.0,3.0,3.0,3.0,5.0,1.0,1,4,4,5,5,5,4,4,4,4,0,1,0,1,0,0,0,0,0,1,0,0,0,1,1,1,4,3,2,2,33,1,6,1,10,2,2,2
4031,5.0,2.0,4.0,1.0,3.0,1.0,1.0,2.0,5.0,2.0,2.0,4.0,4.0,2.0,4.0,1.0,1.0,4.0,4.0,1.0,6,6,5,1,7,1,6,5,4,1,1,1,0,1,1,0,0,1,0,1,0,1,1,1,1,1,3,3,1,1,21,1,10,1,60,1,1,3
4032,5.0,5.0,4.0,4.0,5.0,1.0,1.0,5.0,5.0,1.0,2.0,5.0,2.0,1.0,5.0,5.0,1.0,5.0,5.0,2.0,7,1,3,5,7,1,7,5,6,1,0,1,0,1,1,0,1,0,0,1,0,0,1,1,1,1,4,3,2,2,23,1,8,1,10,1,1,0
4033,5.0,2.0,4.0,4.0,4.0,2.0,5.0,2.0,5.0,5.0,2.0,2.0,1.0,1.0,3.0,2.0,1.0,5.0,3.0,1.0,2,5,6,7,7,7,4,2,6,6,1,1,0,1,1,0,0,0,0,1,0,0,0,0,1,1,3,3,2,2,22,1,2,2,10,2,1,2
4034,4.0,4.0,2.0,1.0,5.0,1.0,2.0,1.0,3.0,1.0,1.0,4.0,1.0,1.0,5.0,3.0,2.0,5.0,3.0,3.0,2,6,7,6,6,7,3,5,1,1,0,1,1,1,0,0,0,0,0,1,0,0,1,1,1,1,4,3,2,2,21,2,7,1,60,1,1,0
4035,1.0,1.0,1.0,1.0,3.0,2.0,1.0,2.0,3.0,2.0,2.0,4.0,4.0,1.0,5.0,5.0,4.0,5.0,5.0,1.0,6,4,5,4,7,3,6,2,5,3,1,1,0,1,1,0,0,1,0,1,0,0,1,1,1,1,2,3,2,1,18,1,4,2,10,2,1,2
4036,1.0,1.0,1.0,4.0,4.0,5.0,1.0,2.0,5.0,5.0,1.0,4.0,5.0,1.0,2.0,2.0,4.0,4.0,1.0,1.0,3,3,7,6,7,6,6,5,3,1,1,1,1,1,1,0,1,0,0,1,1,0,1,1,1,1,4,3,2,1,56,1,4,1,60,1,2,3
4037,5.0,5.0,1.0,1.0,2.0,1.0,1.0,4.0,4.0,1.0,1.0,5.0,4.0,1.0,5.0,1.0,4.0,5.0,5.0,2.0,7,6,6,1,7,3,6,6,6,1,1,1,0,1,1,0,0,0,0,1,0,0,0,0,1,1,4,3,2,2,25,1,12,5,60,2,1,1
4038,1.0,2.0,4.0,5.0,4.0,5.0,2.0,1.0,5.0,1.0,3.0,2.0,1.0,3.0,3.0,3.0,5.0,2.0,1.0,1.0,1,1,2,5,6,4,3,6,3,1,1,1,0,1,1,0,0,1,0,1,1,0,1,1,1,1,3,2,1,1,53,1,4,1,60,1,3,3
4039,4.0,2.0,3.0,2.0,3.0,1.0,1.0,2.0,1.0,1.0,1.0,5.0,4.0,2.0,4.0,2.0,1.0,5.0,5.0,5.0,2,7,7,1,6,6,6,2,7,1,1,1,0,1,1,0,0,0,0,1,0,0,1,1,1,1,3,2,1,2,27,1,2,1,30,1,1,8
4040,2.0,3.0,3.0,4.0,4.0,3.0,1.0,3.0,5.0,3.0,4.0,1.0,4.0,2.0,4.0,2.0,3.0,4.0,5.0,3.0,3,5,6,5,5,5,4,2,5,2,1,1,1,1,1,0,1,1,0,1,0,1,1,1,1,1,4,2,1,1,37,1,7,1,60,1,2,1
4041,3.0,2.0,4.0,5.0,4.0,4.0,3.0,3.0,5.0,4.0,2.0,4.0,4.0,4.0,4.0,5.0,3.0,4.0,4.0,1.0,5,2,5,4,5,6,5,5,5,2,0,0,0,0,0,0,0,1,0,1,0,0,0,0,0,1,3,3,1,2,42,1,4,3,10,1,1,4
4042,4.0,5.0,1.0,1.0,4.0,1.0,1.0,5.0,1.0,1.0,1.0,5.0,5.0,1.0,4.0,1.0,1.0,5.0,5.0,3.0,3,7,7,2,7,5,2,2,5,2,1,1,0,1,1,1,1,1,0,1,1,0,1,1,1,1,4,2,2,1,34,1,2,2,60,1,2,4
4043,5.0,4.0,2.0,2.0,5.0,2.0,2.0,4.0,2.0,1.0,1.0,5.0,3.0,2.0,5.0,2.0,2.0,4.0,3.0,1.0,3,6,7,1,6,6,2,1,7,2,1,1,0,1,0,0,0,0,0,1,0,0,0,1,1,1,3,3,1,2,20,1,1,2,70,1,1,1
4044,4.0,5.0,1.0,3.0,5.0,1.0,1.0,3.0,4.0,2.0,2.0,4.0,3.0,2.0,4.0,1.0,2.0,3.0,5.0,3.0,4,6,5,5,6,6,6,4,6,2,1,1,0,1,1,0,0,1,0,1,0,0,1,1,1,1,3,1,1,1,21,1,4,1,60,1,1,4
4045,4.0,4.0,2.0,3.0,3.0,1.0,2.0,1.0,5.0,4.0,1.0,4.0,1.0,2.0,3.0,2.0,4.0,4.0,4.0,5.0,5,6,5,4,5,6,3,2,5,6,1,1,0,1,0,0,0,1,0,1,0,0,1,1,1,1,3,2,1,2,36,1,1,1,60,2,1,0
4046,1.0,5.0,5.0,2.0,3.0,5.0,2.0,4.0,3.0,5.0,1.0,5.0,5.0,3.0,5.0,4.0,4.0,5.0,1.0,1.0,6,6,5,6,7,3,5,1,4,2,1,1,0,1,0,0,0,0,0,1,0,0,0,1,1,1,2,3,2,2,16,1,6,1,60,2,1,3
4047,5.0,1.0,1.0,4.0,5.0,3.0,2.0,4.0,4.0,5.0,2.0,5.0,4.0,2.0,1.0,1.0,4.0,5.0,4.0,1.0,5,3,2,7,7,6,6,3,5,4,1,1,0,1,1,0,0,1,0,1,0,0,0,1,1,1,3,2,2,2,20,1,4,4,10,1,1,4
4048,5.0,2.0,3.0,2.0,3.0,3.0,4.0,4.0,5.0,5.0,2.0,5.0,4.0,2.0,2.0,2.0,3.0,5.0,5.0,5.0,5,5,5,5,6,6,6,5,3,2,1,0,0,1,1,0,0,1,0,1,0,0,0,1,1,1,3,2,2,2,22,2,10,1,10,2,1,4
4049,5.0,5.0,5.0,3.0,2.0,2.0,3.0,4.0,1.0,2.0,5.0,4.0,5.0,3.0,5.0,3.0,4.0,4.0,5.0,1.0,7,2,7,1,7,2,7,1,7,1,1,1,0,1,1,0,0,0,0,1,0,0,1,0,1,1,3,3,2,1,45,1,12,1,60,2,3,3
4050,4.0,2.0,3.0,5.0,5.0,2.0,1.0,1.0,5.0,3.0,1.0,4.0,1.0,2.0,2.0,2.0,1.0,4.0,5.0,4.0,3,1,6,1,6,3,2,5,6,1,1,1,0,1,1,0,0,0,0,1,0,0,1,1,1,1,3,3,2,1,50,1,2,1,60,2,2,2
4051,1.0,2.0,4.0,4.0,1.0,4.0,2.0,2.0,5.0,4.0,2.0,1.0,1.0,3.0,4.0,4.0,1.0,5.0,5.0,1.0,5,6,5,1,7,6,7,3,6,5,1,1,1,1,1,0,1,0,0,1,0,0,1,1,1,1,4,3,1,1,28,1,2,3,60,1,1,3
4052,2.0,3.0,2.0,4.0,2.0,2.0,1.0,2.0,3.0,2.0,1.0,4.0,2.0,2.0,1.0,1.0,2.0,2.0,5.0,3.0,3,5,7,4,4,4,2,1,5,4,1,1,1,1,1,0,0,0,0,1,0,1,1,1,1,1,3,2,2,1,21,1,1,1,60,1,1,3
4053,2.0,1.0,2.0,5.0,4.0,1.0,1.0,4.0,4.0,2.0,2.0,5.0,2.0,2.0,4.0,3.0,1.0,4.0,5.0,1.0,5,5,5,3,6,5,6,5,6,3,1,1,0,1,1,0,0,0,0,1,0,0,1,1,1,1,2,2,1,1,19,1,1,1,10,1,1,2
4054,2.0,4.0,1.0,1.0,1.0,2.0,1.0,3.0,2.0,2.0,1.0,4.0,5.0,1.0,5.0,3.0,2.0,5.0,5.0,4.0,7,6,3,1,7,2,6,5,6,2,1,1,0,1,1,0,0,0,0,1,0,0,1,1,1,1,2,2,1,1,18,1,7,1,30,2,1,2
4055,5.0,3.0,1.0,1.0,3.0,1.0,2.0,3.0,5.0,3.0,1.0,4.0,2.0,3.0,4.0,1.0,2.0,4.0,1.0,1.0,6,1,7,5,6,3,6,5,6,5,1,1,0,1,1,0,0,0,0,1,0,0,0,1,1,1,3,1,2,2,31,2,4,3,10,2,1,6
4056,2.0,2.0,3.0,5.0,1.0,4.0,4.0,2.0,3.0,4.0,2.0,1.0,2.0,3.0,4.0,5.0,3.0,4.0,4.0,1.0,6,6,4,6,6,2,3,4,4,4,1,1,1,1,1,0,0,0,0,1,0,0,1,1,1,1,4,2,2,1,27,2,6,1,60,1,1,2
4057,4.0,4.0,4.0,1.0,5.0,1.0,1.0,5.0,4.0,1.0,1.0,4.0,4.0,1.0,5.0,1.0,1.0,4.0,5.0,1.0,7,6,7,1,5,1,3,1,4,3,1,1,0,1,1,0,0,0,1,1,0,0,1,1,1,1,3,2,1,1,23,1,6,1,60,2,1,2
4058,1.0,2.0,4.0,2.0,3.0,1.0,2.0,2.0,4.0,2.0,1.0,1.0,4.0,1.0,4.0,1.0,3.0,2.0,5.0,4.0,6,7,7,1,6,4,5,5,7,2,1,1,0,1,1,1,0,0,0,1,0,0,1,1,1,1,3,1,1,1,24,2,7,1,60,1,1,4
4059,1.0,1.0,3.0,5.0,2.0,5.0,3.0,1.0,4.0,5.0,1.0,2.0,3.0,5.0,1.0,5.0,1.0,1.0,5.0,1.0,7,1,4,5,7,2,7,4,5,2,1,1,1,1,1,0,1,0,0,1,0,0,1,1,1,1,3,2,2,1,40,1,2,1,60,1,1,3
4060,4.0,2.0,2.0,3.0,2.0,4.0,2.0,2.0,3.0,2.0,2.0,5.0,1.0,2.0,4.0,5.0,2.0,4.0,5.0,1.0,4,1,3,5,7,7,7,3,4,5,1,1,0,1,1,0,0,0,0,1,0,0,1,1,1,1,2,2,1,1,22,1,1,1,10,2,1,3
4061,4.0,4.0,2.0,2.0,4.0,4.0,4.0,4.0,4.0,4.0,2.0,5.0,4.0,1.0,1.0,5.0,4.0,4.0,5.0,1.0,7,4,6,2,7,5,6,4,7,3,1,1,0,1,1,0,0,0,0,1,0,0,0,1,1,1,2,3,1,1,18,1,12,1,60,2,1,1
4062,5.0,5.0,1.0,1.0,5.0,1.0,1.0,4.0,2.0,1.0,1.0,5.0,4.0,1.0,5.0,1.0,1.0,5.0,4.0,4.0,2,5,3,4,3,6,1,3,6,5,1,1,1,1,1,0,0,1,0,1,0,0,1,1,1,1,3,3,1,1,22,1,2,1,0,2,1,1
4063,2.0,4.0,2.0,1.0,4.0,3.0,1.0,3.0,3.0,3.0,2.0,4.0,3.0,2.0,4.0,1.0,1.0,4.0,4.0,4.0,1,6,2,7,4,6,2,6,4,2,1,1,1,1,1,0,0,0,0,1,0,0,1,1,1,1,2,1,1,1,19,1,1,2,60,2,1,3
4064,1.0,1.0,2.0,4.0,2.0,5.0,5.0,2.0,5.0,5.0,5.0,4.0,5.0,4.0,4.0,2.0,5.0,2.0,4.0,4.0,7,5,5,2,7,3,7,2,6,1,1,1,1,1,1,0,0,0,0,1,0,0,0,1,1,1,3,3,2,1,19,1,4,2,60,1,1,1
4065,5.0,4.0,4.0,3.0,5.0,2.0,2.0,5.0,3.0,3.0,1.0,3.0,1.0,1.0,5.0,3.0,5.0,4.0,1.0,4.0,2,2,6,3,7,4,5,1,6,1,1,1,0,1,1,0,0,0,0,1,0,0,1,1,1,1,3,3,2,2,30,1,12,1,70,2,1,3
4066,5.0,5.0,1.0,1.0,5.0,1.0,1.0,2.0,5.0,1.0,1.0,5.0,4.0,1.0,5.0,1.0,1.0,5.0,3.0,2.0,2,3,4,2,6,4,7,5,6,2,1,1,0,1,1,0,0,1,0,1,1,0,1,1,1,1,4,3,2,2,40,1,7,1,60,2,2,2
4067,5.0,3.0,1.0,2.0,5.0,1.0,1.0,2.0,1.0,2.0,1.0,4.0,2.0,1.0,3.0,1.0,1.0,5.0,5.0,3.0,3,6,5,5,7,4,5,4,0,0,1,1,0,1,1,0,0,1,0,1,0,0,1,1,1,1,2,3,1,1,21,1,6,1,70,1,1,1
4068,1.0,1.0,4.0,2.0,5.0,1.0,1.0,1.0,5.0,5.0,2.0,5.0,1.0,1.0,1.0,5.0,3.0,4.0,5.0,3.0,2,6,7,1,6,7,6,1,6,4,1,1,0,1,1,0,0,0,0,1,0,0,1,1,1,1,4,1,1,1,24,1,7,1,60,1,1,4
4069,1.0,4.0,2.0,4.0,3.0,1.0,1.0,1.0,5.0,3.0,2.0,5.0,1.0,2.0,4.0,1.0,3.0,1.0,3.0,1.0,2,5,7,5,5,6,6,1,4,1,1,1,1,1,1,0,0,1,0,1,0,1,1,1,1,1,4,3,2,1,46,1,2,1,60,1,2,4
4070,5.0,4.0,2.0,2.0,4.0,1.0,2.0,5.0,3.0,2.0,2.0,5.0,1.0,2.0,3.0,2.0,2.0,4.0,4.0,2.0,6,7,5,5,6,6,6,2,3,2,1,1,1,1,1,0,0,1,0,1,0,0,1,1,1,1,4,2,1,2,25,2,1,1,60,1,1,1
4071,4.0,4.0,4.0,3.0,4.0,2.0,2.0,2.0,2.0,2.0,2.0,5.0,4.0,2.0,4.0,2.0,2.0,4.0,5.0,1.0,6,6,6,5,6,2,5,1,6,1,1,1,0,1,1,0,0,0,1,1,0,0,1,1,1,1,0,2,1,1,47,1,6,1,60,1,2,3
4072,3.0,3.0,1.0,2.0,4.0,1.0,1.0,2.0,2.0,2.0,1.0,5.0,4.0,1.0,5.0,1.0,2.0,4.0,5.0,4.0,2,3,6,3,6,5,4,3,6,3,1,1,0,1,1,0,1,0,0,1,0,0,1,1,1,1,3,2,1,1,25,1,1,1,60,2,1,3
4073,5.0,5.0,2.0,4.0,4.0,1.0,1.0,2.0,2.0,1.0,1.0,4.0,2.0,1.0,5.0,5.0,1.0,5.0,5.0,1.0,3,6,6,2,7,6,7,5,7,1,1,1,1,1,1,0,1,1,0,1,0,0,1,1,1,1,4,2,2,1,39,1,1,1,60,1,1,1
4074,1.0,3.0,2.0,2.0,3.0,5.0,1.0,4.0,5.0,3.0,1.0,4.0,2.0,1.0,1.0,5.0,2.0,3.0,5.0,2.0,2,4,7,2,7,6,5,1,7,2,1,1,1,1,1,1,0,1,0,1,0,0,1,1,1,1,4,2,2,1,34,1,1,1,60,1,2,2
4075,5.0,5.0,1.0,1.0,5.0,1.0,1.0,5.0,1.0,1.0,1.0,5.0,1.0,1.0,3.0,1.0,1.0,5.0,5.0,5.0,3,7,5,7,2,4,3,3,1,1,1,1,1,1,1,0,0,0,0,1,1,0,1,1,1,1,4,2,1,1,44,1,2,1,60,1,1,3
4076,1.0,1.0,5.0,4.0,3.0,3.0,3.0,1.0,5.0,5.0,3.0,2.0,1.0,4.0,4.0,3.0,3.0,2.0,3.0,1.0,2,5,6,1,7,6,6,1,7,2,1,1,1,1,1,0,0,0,0,1,0,0,1,1,1,1,4,2,2,1,24,1,1,1,60,1,1,2
4077,1.0,1.0,5.0,5.0,1.0,4.0,4.0,2.0,5.0,5.0,1.0,5.0,3.0,4.0,1.0,5.0,2.0,1.0,5.0,1.0,6,1,6,1,7,5,7,1,7,3,1,1,1,1,1,0,1,0,0,1,0,0,1,0,1,1,4,3,1,1,52,1,1,1,60,1,2,2
4078,5.0,5.0,2.0,2.0,2.0,2.0,1.0,5.0,3.0,2.0,1.0,4.0,5.0,1.0,4.0,1.0,1.0,4.0,5.0,5.0,7,5,6,1,7,5,6,5,7,3,1,1,1,1,1,0,1,1,0,1,1,0,1,1,1,1,2,2,1,1,26,1,12,2,60,2,2,3
4079,2.0,2.0,2.0,5.0,3.0,4.0,2.0,2.0,4.0,4.0,2.0,2.0,1.0,4.0,4.0,1.0,4.0,4.0,5.0,1.0,3,5,6,6,6,6,6,3,3,2,1,1,1,1,1,0,1,1,0,1,1,0,1,1,1,1,4,1,2,1,33,1,1,1,60,1,2,2
4080,1.0,1.0,1.0,1.0,1.0,2.0,2.0,1.0,5.0,5.0,1.0,5.0,1.0,1.0,2.0,1.0,1.0,1.0,5.0,1.0,6,2,7,2,7,1,7,1,7,2,1,1,1,1,1,0,1,1,0,1,1,0,1,1,1,1,3,1,2,1,80,1,6,1,60,1,3,4
4081,5.0,5.0,1.0,1.0,5.0,1.0,3.0,5.0,1.0,1.0,2.0,5.0,5.0,5.0,5.0,5.0,3.0,5.0,5.0,3.0,7,5,7,1,7,1,1,4,7,1,1,1,0,1,1,0,1,0,0,1,0,0,1,1,1,1,4,3,1,2,25,1,8,1,70,1,1,2
4082,2.0,4.0,2.0,4.0,3.0,3.0,1.0,2.0,4.0,2.0,1.0,4.0,2.0,2.0,4.0,2.0,3.0,4.0,5.0,2.0,2,1,6,4,3,5,6,6,7,1,1,1,0,1,1,0,0,1,0,1,0,0,1,1,1,1,3,3,2,1,21,1,1,3,10,2,1,2
4083,5.0,5.0,1.0,2.0,5.0,1.0,1.0,4.0,1.0,1.0,1.0,5.0,4.0,2.0,5.0,3.0,1.0,5.0,5.0,2.0,1,5,6,2,7,6,2,6,7,1,1,1,0,1,0,0,0,0,0,1,0,0,0,0,1,1,2,1,1,2,17,1,2,2,60,2,1,3
4084,5.0,5.0,1.0,5.0,5.0,2.0,1.0,4.0,1.0,2.0,2.0,5.0,4.0,1.0,5.0,1.0,1.0,3.0,5.0,5.0,2,6,7,1,6,6,6,5,6,7,1,1,0,1,1,0,0,1,0,1,0,1,1,1,1,1,3,2,1,1,20,1,4,1,60,1,1,1
4085,5.0,1.0,5.0,1.0,5.0,5.0,1.0,1.0,5.0,5.0,5.0,1.0,1.0,1.0,1.0,5.0,1.0,1.0,1.0,1.0,1,7,7,7,7,7,6,7,7,1,0,0,0,0,0,0,0,0,0,0,0,0,0,0,0,1,3,3,2,2,22,1,10,1,10,1,1,2
4086,4.0,3.0,3.0,3.0,4.0,4.0,1.0,2.0,3.0,2.0,1.0,5.0,3.0,2.0,4.0,1.0,2.0,3.0,5.0,5.0,4,6,7,4,7,5,4,5,4,1,1,1,1,1,1,1,1,1,0,1,1,0,1,1,1,1,3,2,1,1,32,1,12,1,60,1,1,2
4087,1.0,2.0,5.0,3.0,2.0,5.0,5.0,2.0,5.0,4.0,2.0,2.0,1.0,3.0,4.0,5.0,4.0,3.0,1.0,1.0,5,5,3,2,5,1,3,5,4,3,1,1,1,1,1,0,1,1,0,1,1,0,1,1,1,1,3,2,1,1,54,1,4,1,60,1,2,6
4088,4.0,5.0,4.0,2.0,4.0,4.0,1.0,4.0,1.0,2.0,2.0,4.0,2.0,2.0,4.0,4.0,3.0,4.0,5.0,3.0,5,2,2,2,7,2,5,5,6,6,1,1,1,1,1,0,0,1,1,1,0,0,1,1,1,1,2,2,2,2,21,1,1,1,60,2,1,4
4089,5.0,4.0,1.0,2.0,5.0,1.0,1.0,2.0,2.0,2.0,1.0,5.0,2.0,1.0,5.0,1.0,2.0,5.0,5.0,2.0,6,6,6,6,6,1,7,6,5,1,1,1,0,1,1,0,0,0,1,1,0,0,0,1,1,1,3,3,2,1,45,1,4,1,60,1,2,3
4090,4.0,2.0,3.0,4.0,3.0,4.0,2.0,2.0,4.0,4.0,2.0,5.0,3.0,1.0,4.0,2.0,1.0,5.0,5.0,2.0,6,2,6,2,7,2,5,4,6,5,1,1,0,1,1,1,1,0,0,1,1,1,1,1,1,1,3,2,1,1,32,1,1,1,60,1,1,2
4091,5.0,5.0,3.0,2.0,5.0,1.0,2.0,5.0,2.0,2.0,1.0,5.0,4.0,1.0,2.0,1.0,1.0,5.0,5.0,3.0,2,6,6,4,6,7,4,5,5,1,1,1,0,1,1,0,0,0,0,1,0,0,1,1,1,1,3,3,1,2,34,1,1,1,30,2,1,5
4092,5.0,5.0,1.0,4.0,4.0,1.0,1.0,4.0,2.0,1.0,2.0,4.0,4.0,2.0,4.0,2.0,2.0,4.0,4.0,2.0,7,2,3,1,7,1,6,5,5,2,1,1,1,1,1,1,1,0,0,1,1,0,1,1,1,1,0,2,2,1,29,1,1,1,70,1,1,3
4093,4.0,3.0,2.0,4.0,4.0,4.0,2.0,4.0,2.0,3.0,2.0,4.0,2.0,3.0,4.0,4.0,4.0,4.0,3.0,1.0,1,6,2,6,5,7,5,1,3,4,1,1,1,1,1,0,1,0,0,1,0,0,1,1,1,1,4,2,2,1,32,1,10,0,10,1,2,4
4094,4.0,4.0,3.0,4.0,4.0,2.0,5.0,1.0,5.0,4.0,1.0,2.0,1.0,5.0,4.0,2.0,4.0,1.0,5.0,1.0,7,2,7,1,7,1,6,1,7,1,1,1,0,1,1,0,0,0,0,1,0,0,1,1,1,1,4,1,2,1,40,1,2,1,60,2,3,2
4095,4.0,4.0,1.0,3.0,4.0,1.0,1.0,4.0,2.0,1.0,1.0,5.0,3.0,2.0,5.0,1.0,1.0,2.0,5.0,1.0,7,2,7,3,6,1,6,2,6,2,1,1,1,1,1,0,0,1,0,1,0,0,1,1,1,1,4,3,2,1,51,1,6,1,60,1,2,4
4096,5.0,5.0,1.0,1.0,5.0,3.0,1.0,5.0,1.0,1.0,1.0,5.0,2.0,2.0,4.0,1.0,1.0,4.0,5.0,5.0,1,3,7,1,7,6,5,1,7,1,1,1,1,1,1,0,1,1,0,1,0,0,1,1,1,1,3,2,1,1,43,1,12,1,60,1,3,1
4097,3.0,3.0,2.0,1.0,4.0,1.0,1.0,2.0,2.0,3.0,1.0,5.0,2.0,2.0,5.0,2.0,4.0,4.0,5.0,1.0,2,4,6,2,7,2,5,2,6,1,1,1,1,1,1,0,1,1,0,1,1,0,1,1,1,1,3,2,2,1,43,2,2,2,60,1,1,1
4098,2.0,2.0,4.0,3.0,3.0,1.0,2.0,2.0,5.0,4.0,2.0,4.0,1.0,2.0,3.0,1.0,2.0,3.0,5.0,1.0,3,5,3,4,6,3,6,7,6,2,1,1,1,1,1,0,1,1,0,1,1,0,1,1,1,1,4,2,1,1,38,1,2,1,60,1,3,2
4099,4.0,2.0,5.0,2.0,4.0,2.0,3.0,2.0,2.0,4.0,1.0,5.0,4.0,4.0,2.0,2.0,4.0,4.0,2.0,4.0,3,5,5,4,7,6,6,2,5,1,0,0,0,0,1,0,1,0,1,1,0,1,0,1,0,0,0,3,1,2,17,1,1,1,10,2,1,0
4100,3.0,3.0,4.0,3.0,3.0,2.0,2.0,2.0,3.0,3.0,2.0,4.0,4.0,3.0,5.0,1.0,2.0,4.0,5.0,1.0,7,6,6,3,6,2,6,3,3,3,1,1,0,1,1,0,0,1,0,1,0,0,1,1,1,1,3,3,2,1,27,1,1,2,60,1,2,2
4101,5.0,1.0,1.0,1.0,5.0,1.0,1.0,5.0,1.0,1.0,1.0,4.0,5.0,1.0,4.0,2.0,1.0,5.0,4.0,3.0,7,7,6,5,7,1,4,5,1,1,1,1,0,1,1,0,0,0,0,1,0,0,1,1,1,1,3,3,1,2,21,1,2,1,20,2,1,2
4102,2.0,4.0,1.0,4.0,2.0,2.0,2.0,1.0,5.0,3.0,2.0,1.0,1.0,3.0,4.0,2.0,4.0,4.0,5.0,1.0,5,3,3,5,3,5,7,5,3,1,1,1,0,1,1,0,0,0,0,1,0,0,1,1,1,1,4,2,2,1,31,1,2,1,60,1,2,4
4103,2.0,2.0,2.0,5.0,3.0,4.0,2.0,2.0,4.0,4.0,2.0,4.0,1.0,2.0,2.0,3.0,2.0,2.0,5.0,1.0,3,1,6,5,6,2,5,1,6,5,1,1,1,1,1,0,1,0,0,1,1,1,1,1,1,1,4,2,2,1,65,2,1,1,60,1,2,1
4104,1.0,2.0,2.0,3.0,3.0,4.0,4.0,3.0,5.0,5.0,4.0,2.0,1.0,2.0,3.0,3.0,4.0,3.0,3.0,4.0,7,6,6,4,0,1,4,2,6,5,1,1,1,1,1,0,0,0,0,1,0,0,1,1,1,1,3,3,1,1,56,2,1,1,50,1,2,2
4105,2.0,3.0,5.0,3.0,5.0,4.0,2.0,1.0,5.0,5.0,1.0,5.0,4.0,3.0,3.0,1.0,1.0,1.0,4.0,1.0,1,5,3,7,6,7,2,6,1,3,1,1,1,1,1,0,1,1,0,1,1,0,1,1,1,1,3,2,2,1,22,1,2,5,60,1,1,3
4106,5.0,5.0,1.0,1.0,5.0,2.0,1.0,4.0,4.0,1.0,1.0,4.0,1.0,1.0,5.0,1.0,1.0,5.0,5.0,1.0,5,5,5,2,7,1,5,2,4,3,1,1,1,1,1,0,1,0,0,1,0,0,1,1,1,1,3,2,2,2,31,1,1,1,30,2,1,5
4107,3.0,3.0,2.0,3.0,2.0,1.0,3.0,2.0,4.0,4.0,3.0,2.0,1.0,2.0,3.0,1.0,2.0,2.0,3.0,1.0,4,5,6,5,5,4,5,2,4,2,1,1,1,1,1,0,0,0,0,1,0,0,1,1,1,1,3,1,1,1,43,1,7,1,60,2,2,3
4108,4.0,3.0,1.0,1.0,4.0,1.0,2.0,4.0,1.0,2.0,1.0,5.0,4.0,1.0,4.0,4.0,2.0,5.0,5.0,5.0,2,6,6,5,5,7,5,1,5,2,1,1,1,1,1,0,1,1,1,1,1,1,1,1,1,1,3,1,1,2,24,2,2,1,60,1,1,3
4109,5.0,5.0,2.0,3.0,5.0,1.0,1.0,5.0,2.0,1.0,2.0,5.0,4.0,1.0,5.0,4.0,2.0,5.0,5.0,5.0,1,4,5,2,1,7,7,5,6,3,1,1,0,1,1,0,0,1,0,0,0,0,0,1,1,1,3,1,2,2,31,1,1,2,60,1,1,3
4110,4.0,2.0,4.0,3.0,4.0,1.0,1.0,2.0,4.0,2.0,1.0,4.0,2.0,1.0,4.0,1.0,2.0,5.0,5.0,2.0,2,6,5,5,6,6,6,5,5,3,1,1,0,1,1,0,0,0,0,1,0,0,0,1,1,1,2,2,2,2,19,1,1,2,60,1,1,1
4111,2.0,5.0,5.0,5.0,3.0,5.0,3.0,5.0,5.0,3.0,5.0,5.0,3.0,5.0,5.0,5.0,4.0,3.0,3.0,3.0,6,5,7,7,5,6,5,7,7,5,1,0,0,0,1,0,0,0,0,1,0,0,0,0,0,1,3,3,2,1,21,1,10,1,10,1,1,3
4112,4.0,1.0,4.0,3.0,3.0,4.0,4.0,5.0,5.0,5.0,1.0,4.0,4.0,1.0,1.0,2.0,2.0,5.0,3.0,2.0,3,5,6,4,7,7,5,5,6,1,1,1,1,1,1,0,1,0,0,1,0,0,1,1,1,1,4,3,1,2,23,1,8,1,10,1,1,2
4113,4.0,2.0,3.0,1.0,2.0,2.0,2.0,1.0,3.0,3.0,1.0,4.0,5.0,3.0,4.0,3.0,1.0,3.0,5.0,3.0,4,2,6,2,6,7,5,2,6,5,1,1,0,1,1,0,0,0,0,1,0,0,1,1,1,1,2,2,1,2,20,1,2,1,60,2,1,3
4114,3.0,3.0,3.0,4.0,5.0,1.0,2.0,2.0,3.0,3.0,1.0,5.0,5.0,2.0,3.0,2.0,4.0,3.0,5.0,1.0,4,6,7,5,6,3,2,4,2,1,1,1,1,1,1,1,0,1,1,1,1,1,1,1,1,1,3,2,1,2,29,1,2,1,60,1,1,1
4115,5.0,5.0,4.0,5.0,5.0,5.0,4.0,4.0,5.0,5.0,2.0,5.0,3.0,1.0,5.0,5.0,3.0,5.0,1.0,1.0,5,1,7,6,5,7,7,1,6,1,1,1,0,1,1,0,0,0,0,0,0,0,0,1,1,1,3,2,2,2,20,1,7,1,20,2,2,2
4116,5.0,3.0,5.0,5.0,3.0,2.0,2.0,4.0,5.0,4.0,3.0,5.0,1.0,2.0,1.0,2.0,5.0,5.0,1.0,4.0,3,4,3,6,5,6,6,1,5,2,1,1,0,1,1,0,1,0,0,1,1,0,0,1,1,1,3,2,1,2,21,1,10,2,20,2,1,3
4117,1.0,3.0,5.0,5.0,1.0,4.0,3.0,1.0,5.0,5.0,1.0,4.0,1.0,4.0,2.0,2.0,5.0,2.0,5.0,2.0,2,5,6,7,5,7,5,5,4,3,1,1,0,1,1,0,0,1,0,1,1,0,1,1,1,1,2,3,2,2,19,1,2,4,20,2,1,3
4118,4.0,4.0,3.0,3.0,5.0,3.0,3.0,4.0,3.0,3.0,3.0,5.0,3.0,2.0,5.0,2.0,3.0,4.0,5.0,5.0,5,6,3,5,6,4,3,5,3,4,1,1,0,1,1,0,0,1,1,1,1,0,1,1,1,1,4,3,2,2,19,1,1,2,10,2,1,3
4119,5.0,5.0,1.0,1.0,5.0,1.0,1.0,5.0,5.0,1.0,1.0,5.0,5.0,1.0,5.0,5.0,1.0,5.0,5.0,5.0,1,7,7,1,2,7,1,1,7,7,1,1,1,1,1,0,0,0,1,1,0,1,1,1,1,1,3,1,1,1,23,1,1,1,60,1,1,2
4120,5.0,4.0,2.0,2.0,4.0,2.0,1.0,5.0,5.0,5.0,1.0,4.0,5.0,2.0,4.0,1.0,1.0,2.0,5.0,2.0,7,6,6,4,6,1,3,1,3,2,1,1,0,1,1,0,0,0,0,1,0,0,0,1,1,1,3,2,1,2,38,1,2,1,60,1,1,3
4121,5.0,4.0,3.0,1.0,4.0,3.0,1.0,2.0,2.0,2.0,2.0,5.0,4.0,2.0,4.0,2.0,2.0,5.0,5.0,4.0,5,6,4,2,6,4,3,4,6,2,1,1,1,1,1,0,1,1,0,1,1,0,1,1,1,1,2,3,2,2,22,1,1,1,60,2,1,0
4122,5.0,1.0,1.0,5.0,1.0,5.0,5.0,1.0,5.0,5.0,5.0,1.0,5.0,5.0,1.0,5.0,3.0,3.0,1.0,1.0,7,4,6,1,7,3,2,1,6,1,1,1,1,1,1,0,1,1,0,1,1,0,1,1,1,1,1,3,2,2,16,2,10,1,20,2,1,3
4123,2.0,1.0,4.0,4.0,2.0,4.0,3.0,2.0,5.0,5.0,2.0,1.0,2.0,4.0,3.0,4.0,3.0,3.0,3.0,1.0,6,1,6,4,6,6,7,3,4,2,1,1,0,1,1,0,0,0,0,1,0,0,0,1,1,1,2,3,2,2,19,1,10,1,20,2,1,3
4124,2.0,4.0,4.0,2.0,2.0,2.0,1.0,4.0,4.0,4.0,1.0,4.0,1.0,2.0,4.0,4.0,2.0,4.0,5.0,2.0,3,5,6,6,3,5,7,3,5,3,1,1,1,1,1,0,0,1,0,1,0,1,1,1,1,1,4,2,2,1,28,1,1,1,60,1,2,2
4125,2.0,1.0,5.0,5.0,5.0,2.0,2.0,4.0,5.0,5.0,2.0,5.0,1.0,1.0,1.0,1.0,1.0,4.0,5.0,1.0,6,6,6,1,7,5,7,1,5,1,1,1,1,1,1,0,0,1,0,1,0,1,1,1,1,1,3,1,1,1,30,1,1,1,60,1,2,2
4126,5.0,5.0,1.0,1.0,5.0,1.0,1.0,5.0,2.0,2.0,1.0,5.0,4.0,1.0,5.0,4.0,1.0,5.0,5.0,5.0,6,5,3,4,6,5,6,6,6,2,1,1,1,1,1,0,0,1,0,1,0,0,1,1,1,1,3,2,1,1,25,1,1,1,60,1,1,2
4127,2.0,4.0,2.0,5.0,4.0,4.0,2.0,2.0,4.0,4.0,4.0,5.0,1.0,2.0,4.0,2.0,4.0,3.0,5.0,4.0,5,3,5,5,6,1,3,3,3,1,1,1,0,1,1,0,0,0,0,1,0,0,1,1,1,1,4,1,2,1,26,1,1,1,60,1,2,3
4128,5.0,5.0,1.0,2.0,5.0,1.0,1.0,5.0,1.0,3.0,3.0,5.0,4.0,2.0,3.0,1.0,3.0,4.0,5.0,3.0,1,6,3,6,5,4,7,2,6,2,0,1,0,0,0,0,1,1,0,1,0,0,1,1,0,0,3,3,2,2,19,1,12,2,10,2,1,1
4129,5.0,4.0,4.0,4.0,5.0,5.0,4.0,2.0,5.0,5.0,4.0,4.0,2.0,3.0,4.0,5.0,3.0,5.0,4.0,1.0,3,5,5,7,6,6,3,3,3,7,1,0,0,1,1,0,0,0,0,1,0,0,0,0,1,1,2,1,2,1,29,1,2,1,60,1,1,1
4130,2.0,1.0,1.0,5.0,1.0,5.0,5.0,1.0,5.0,5.0,5.0,1.0,1.0,5.0,1.0,5.0,1.0,3.0,1.0,1.0,7,0,0,0,7,5,0,0,6,0,1,1,1,1,0,0,1,1,0,1,1,0,1,1,1,1,1,3,2,2,16,1,10,1,20,2,1,3
4131,5.0,1.0,1.0,3.0,5.0,1.0,1.0,5.0,2.0,1.0,1.0,5.0,2.0,1.0,5.0,4.0,1.0,5.0,5.0,5.0,2,5,6,5,6,2,3,2,6,2,1,1,0,1,1,1,0,0,0,1,0,0,1,1,1,1,3,2,1,1,53,1,12,1,60,2,1,2
4132,1.0,5.0,1.0,1.0,4.0,4.0,2.0,1.0,4.0,4.0,1.0,2.0,1.0,1.0,3.0,5.0,2.0,2.0,3.0,1.0,3,6,5,6,6,6,3,3,3,5,1,1,0,1,0,0,0,0,0,1,0,0,0,0,1,1,3,3,1,2,26,1,7,1,60,1,1,1
4133,4.0,4.0,4.0,5.0,4.0,4.0,2.0,2.0,5.0,5.0,1.0,1.0,1.0,4.0,4.0,5.0,5.0,4.0,4.0,1.0,5,5,7,6,7,6,7,3,3,5,1,1,0,1,1,0,0,0,0,1,0,0,0,1,1,1,4,3,2,2,34,1,4,1,10,2,2,1
4134,1.0,1.0,2.0,1.0,2.0,2.0,1.0,1.0,5.0,5.0,1.0,1.0,1.0,2.0,1.0,5.0,2.0,1.0,4.0,1.0,1,3,6,6,3,7,7,1,5,2,1,1,0,1,1,0,0,0,0,1,0,0,0,1,1,1,2,3,2,1,41,1,6,1,60,1,2,2
4135,2.0,1.0,1.0,4.0,1.0,4.0,1.0,2.0,5.0,2.0,4.0,2.0,1.0,1.0,4.0,1.0,1.0,4.0,5.0,2.0,7,5,6,2,6,1,6,5,6,2,1,1,1,1,1,0,1,1,0,1,1,1,1,1,1,1,4,2,2,1,56,1,6,1,60,1,2,3
4136,4.0,4.0,3.0,1.0,4.0,2.0,1.0,1.0,4.0,3.0,1.0,2.0,1.0,3.0,5.0,1.0,5.0,4.0,5.0,4.0,7,2,1,7,6,1,7,3,1,3,1,1,0,1,1,0,0,0,0,1,0,0,1,1,1,1,3,3,2,1,32,1,9,2,60,1,2,2
4137,4.0,2.0,2.0,3.0,4.0,1.0,1.0,4.0,4.0,5.0,3.0,4.0,1.0,1.0,2.0,5.0,1.0,5.0,5.0,4.0,7,4,2,5,6,2,3,5,2,5,1,1,0,1,1,0,0,0,0,1,0,0,0,0,1,1,4,3,1,1,18,1,2,1,60,2,1,2
4138,1.0,2.0,4.0,3.0,5.0,4.0,2.0,1.0,5.0,5.0,1.0,5.0,4.0,1.0,5.0,4.0,5.0,4.0,5.0,1.0,7,6,7,5,6,3,2,2,6,1,1,1,0,1,1,0,0,0,0,1,0,0,1,1,1,1,3,2,1,1,30,1,2,1,60,1,2,3
4139,1.0,1.0,5.0,4.0,1.0,5.0,2.0,1.0,5.0,5.0,5.0,2.0,1.0,3.0,3.0,5.0,4.0,3.0,4.0,1.0,6,1,7,5,7,3,7,2,7,6,1,1,1,1,1,0,1,0,0,1,0,0,1,1,1,1,4,2,2,1,63,1,6,1,60,1,3,4
4140,5.0,5.0,3.0,1.0,5.0,2.0,1.0,5.0,4.0,2.0,3.0,4.0,4.0,1.0,3.0,1.0,1.0,3.0,3.0,2.0,2,4,5,3,7,7,7,5,7,3,1,1,1,1,1,0,1,0,0,1,0,0,1,1,1,1,4,3,1,2,23,1,8,1,10,1,1,1
4141,4.0,1.0,1.0,2.0,4.0,2.0,2.0,3.0,2.0,2.0,2.0,5.0,5.0,1.0,3.0,2.0,4.0,5.0,5.0,4.0,2,5,5,6,4,3,2,1,6,3,1,0,0,1,0,0,0,0,0,1,0,0,0,0,1,1,2,3,1,2,38,1,2,1,60,1,2,2
4142,5.0,1.0,2.0,4.0,2.0,1.0,1.0,4.0,5.0,2.0,1.0,5.0,5.0,2.0,5.0,1.0,1.0,5.0,4.0,5.0,5,3,0,2,5,5,3,2,6,2,1,1,1,1,1,0,0,0,0,1,0,0,1,1,1,1,2,3,1,1,49,1,6,1,60,1,1,2
4143,4.0,1.0,5.0,3.0,3.0,1.0,1.0,4.0,5.0,2.0,2.0,5.0,1.0,3.0,5.0,5.0,3.0,1.0,4.0,1.0,1,5,7,1,6,7,3,1,7,3,1,1,0,1,1,0,1,1,0,1,1,0,1,1,1,1,4,3,1,2,47,1,4,1,60,1,2,4
4144,5.0,5.0,3.0,1.0,5.0,1.0,1.0,5.0,4.0,1.0,1.0,4.0,4.0,1.0,5.0,1.0,1.0,1.0,5.0,4.0,1,6,7,3,6,6,1,1,6,2,1,1,1,1,1,0,0,0,0,1,0,1,1,1,1,1,4,1,1,1,24,1,6,1,60,1,2,2
4145,5.0,1.0,4.0,3.0,4.0,5.0,5.0,3.0,5.0,5.0,1.0,5.0,1.0,3.0,4.0,5.0,1.0,5.0,4.0,2.0,5,1,4,5,6,7,6,2,1,2,0,1,0,1,1,0,0,0,0,1,0,0,0,1,1,1,3,1,2,2,20,1,5,1,10,2,1,3
4146,4.0,2.0,1.0,2.0,1.0,1.0,1.0,1.0,2.0,1.0,1.0,3.0,4.0,1.0,4.0,2.0,2.0,2.0,3.0,1.0,7,6,7,1,6,1,4,1,7,4,1,1,1,1,1,0,0,1,0,1,1,1,1,1,1,1,2,2,1,1,26,1,2,1,60,1,1,2
4147,2.0,4.0,4.0,4.0,5.0,4.0,4.0,4.0,4.0,3.0,2.0,4.0,3.0,3.0,2.0,4.0,4.0,4.0,5.0,3.0,1,6,5,6,5,6,5,6,4,5,1,0,0,1,1,0,0,1,0,1,0,0,0,0,1,1,2,3,2,2,19,1,1,5,10,2,1,5
4148,5.0,5.0,1.0,1.0,5.0,1.0,1.0,5.0,4.0,1.0,1.0,5.0,5.0,1.0,5.0,1.0,1.0,5.0,5.0,4.0,2,1,7,3,7,7,6,5,7,5,1,1,0,1,1,0,0,1,0,1,0,0,1,1,1,1,3,1,1,2,32,1,1,1,60,1,1,2
4149,4.0,4.0,2.0,2.0,1.0,4.0,2.0,2.0,5.0,4.0,1.0,1.0,1.0,2.0,4.0,4.0,2.0,2.0,5.0,1.0,5,2,7,6,6,6,6,2,6,1,1,1,1,1,1,0,1,0,0,1,1,0,1,1,1,1,3,1,2,1,51,1,6,1,60,1,2,4
4150,5.0,4.0,2.0,2.0,1.0,2.0,2.0,1.0,5.0,5.0,4.0,4.0,4.0,1.0,5.0,1.0,1.0,5.0,1.0,1.0,6,6,6,7,7,5,7,5,2,2,1,1,0,1,1,0,0,0,0,1,0,0,0,1,1,1,3,3,2,2,20,1,7,1,20,2,1,2
4151,1.0,1.0,5.0,1.0,4.0,5.0,5.0,1.0,5.0,4.0,1.0,5.0,1.0,1.0,1.0,5.0,5.0,1.0,1.0,1.0,5,7,1,6,7,7,5,7,5,1,1,1,0,1,1,0,0,1,0,1,0,0,0,1,1,1,3,3,1,2,30,1,7,1,10,1,1,4
4152,5.0,5.0,1.0,2.0,4.0,1.0,1.0,1.0,2.0,3.0,1.0,5.0,5.0,1.0,5.0,1.0,5.0,5.0,2.0,4.0,6,7,7,1,7,3,1,2,6,1,1,1,0,1,1,0,0,1,1,1,0,0,0,1,1,1,3,1,2,2,22,1,6,1,10,2,1,6
4153,1.0,1.0,4.0,5.0,2.0,4.0,4.0,2.0,5.0,4.0,2.0,2.0,1.0,5.0,4.0,5.0,2.0,4.0,4.0,1.0,5,5,5,3,7,3,7,3,5,3,1,1,1,1,1,0,1,1,0,1,0,1,1,1,1,1,4,2,2,1,30,1,8,1,10,1,1,2
4154,5.0,4.0,2.0,1.0,4.0,2.0,1.0,3.0,5.0,2.0,1.0,5.0,5.0,1.0,5.0,1.0,1.0,5.0,5.0,5.0,3,4,6,1,7,5,5,1,7,3,1,1,0,1,1,0,0,0,0,1,0,0,1,1,1,1,4,2,1,1,24,1,2,1,10,1,1,2
4155,5.0,2.0,1.0,3.0,5.0,1.0,1.0,1.0,5.0,1.0,1.0,5.0,4.0,1.0,3.0,4.0,3.0,3.0,5.0,3.0,4,2,5,1,7,1,5,2,7,1,1,1,1,1,1,0,0,0,0,1,1,1,1,1,1,1,2,3,2,1,48,1,1,1,60,1,2,2
4156,2.0,2.0,2.0,5.0,2.0,4.0,2.0,2.0,5.0,4.0,2.0,2.0,2.0,4.0,4.0,4.0,4.0,2.0,2.0,1.0,1,1,6,2,3,7,7,5,6,5,1,1,1,1,1,0,0,1,0,1,0,0,1,1,1,1,4,2,2,1,41,1,4,1,60,1,2,2
4157,4.0,3.0,3.0,3.0,5.0,2.0,1.0,2.0,5.0,4.0,2.0,5.0,4.0,1.0,2.0,1.0,4.0,5.0,4.0,1.0,4,2,6,3,6,7,6,3,6,2,1,1,1,1,1,0,0,0,0,1,0,0,1,1,1,1,3,3,1,1,78,1,6,1,60,1,2,6
4158,3.0,4.0,4.0,3.0,4.0,2.0,2.0,2.0,5.0,2.0,1.0,3.0,1.0,4.0,1.0,1.0,1.0,4.0,5.0,4.0,3,5,7,5,3,6,6,1,5,4,1,1,0,1,1,0,0,0,0,1,0,0,1,1,1,1,3,2,2,1,21,1,2,4,60,1,1,2
4159,4.0,4.0,2.0,3.0,4.0,2.0,1.0,2.0,5.0,2.0,1.0,2.0,1.0,1.0,5.0,4.0,2.0,2.0,5.0,1.0,4,5,6,5,7,3,6,5,3,1,1,1,1,1,1,0,0,1,0,1,1,0,1,1,1,1,4,2,2,1,31,1,1,1,60,1,2,2
4160,1.0,4.0,1.0,5.0,4.0,2.0,4.0,2.0,5.0,2.0,2.0,1.0,1.0,3.0,5.0,4.0,1.0,4.0,5.0,3.0,3,1,6,2,3,5,5,3,7,6,1,1,1,1,1,0,1,1,0,1,1,0,1,1,1,1,4,2,1,1,31,1,1,1,60,1,2,2
4161,5.0,4.0,4.0,3.0,4.0,3.0,1.0,2.0,5.0,4.0,1.0,5.0,2.0,3.0,4.0,1.0,3.0,3.0,5.0,2.0,6,2,6,2,7,2,7,7,6,1,1,1,0,1,1,1,0,0,0,1,0,0,1,0,1,1,3,2,1,1,23,1,1,1,60,2,1,3
4162,5.0,5.0,2.0,1.0,4.0,1.0,1.0,2.0,4.0,1.0,1.0,4.0,5.0,1.0,5.0,1.0,1.0,5.0,5.0,1.0,7,7,3,5,5,1,5,7,5,1,1,1,0,1,1,0,0,0,0,1,0,0,0,1,1,1,2,2,2,1,28,1,7,2,70,2,3,2
4163,4.0,5.0,4.0,1.0,5.0,1.0,1.0,5.0,2.0,1.0,1.0,4.0,5.0,1.0,5.0,1.0,1.0,5.0,5.0,5.0,7,7,6,5,7,1,2,4,1,2,1,1,1,1,1,0,0,1,0,1,1,0,1,1,1,1,3,3,1,1,48,1,2,3,60,1,2,2
4164,5.0,5.0,1.0,1.0,5.0,1.0,1.0,5.0,1.0,1.0,1.0,5.0,5.0,1.0,5.0,1.0,1.0,5.0,5.0,5.0,2,6,5,2,7,5,1,3,6,1,1,1,1,1,1,1,1,1,1,1,1,1,1,1,1,1,2,3,1,1,15,3,2,2,60,2,1,3
4165,2.0,4.0,2.0,1.0,3.0,1.0,1.0,4.0,4.0,2.0,3.0,2.0,2.0,2.0,5.0,2.0,3.0,4.0,4.0,1.0,3,3,6,3,2,6,7,1,5,5,1,1,1,1,1,0,0,1,0,1,0,0,1,1,1,1,2,1,2,1,20,1,6,1,60,1,1,3
4166,4.0,5.0,4.0,1.0,4.0,4.0,1.0,4.0,1.0,5.0,1.0,5.0,4.0,1.0,5.0,1.0,1.0,5.0,5.0,4.0,7,7,3,7,3,2,7,4,6,4,1,1,1,1,1,1,0,1,1,1,1,1,1,1,1,1,3,2,1,2,40,1,1,1,60,2,1,4
4167,4.0,5.0,1.0,1.0,5.0,1.0,1.0,5.0,1.0,1.0,1.0,4.0,5.0,1.0,5.0,1.0,1.0,5.0,5.0,5.0,5,7,5,1,6,5,4,4,7,4,1,1,0,1,1,0,0,0,0,1,0,0,1,1,1,1,2,2,1,2,18,1,2,1,60,2,1,2
4168,5.0,4.0,5.0,4.0,4.0,4.0,3.0,2.0,5.0,5.0,5.0,2.0,1.0,4.0,4.0,5.0,4.0,2.0,2.0,3.0,6,2,6,2,6,4,5,2,6,2,1,1,1,1,1,0,0,0,1,0,0,1,1,1,1,1,3,2,1,1,50,1,6,1,60,1,2,2
4169,2.0,2.0,4.0,4.0,3.0,1.0,2.0,2.0,3.0,3.0,3.0,3.0,4.0,3.0,4.0,1.0,3.0,4.0,4.0,1.0,3,6,5,3,5,5,4,4,6,3,1,1,0,1,1,0,0,0,0,0,0,0,0,1,1,1,3,2,1,2,28,1,6,1,60,2,1,2
4170,1.0,2.0,2.0,1.0,4.0,1.0,1.0,1.0,5.0,4.0,1.0,3.0,2.0,1.0,3.0,1.0,4.0,5.0,5.0,1.0,6,7,6,7,7,2,7,5,1,2,1,1,0,1,1,0,0,0,0,1,0,0,0,0,1,1,2,3,2,1,19,1,2,2,60,2,1,2
4171,5.0,4.0,4.0,1.0,3.0,1.0,5.0,5.0,4.0,4.0,2.0,5.0,1.0,1.0,2.0,4.0,3.0,5.0,2.0,5.0,6,7,7,2,7,1,6,1,6,3,1,0,0,0,0,1,1,0,0,1,0,0,0,0,1,1,2,2,1,2,33,1,10,4,20,1,2,3
4172,1.0,2.0,5.0,4.0,1.0,3.0,2.0,1.0,5.0,4.0,2.0,2.0,1.0,2.0,2.0,3.0,5.0,1.0,3.0,1.0,4,6,4,6,6,4,6,4,1,1,1,1,0,1,1,0,1,1,0,1,0,0,1,1,1,1,4,1,2,1,31,1,1,1,60,2,1,2
4173,5.0,3.0,4.0,1.0,3.0,1.0,1.0,4.0,4.0,2.0,1.0,5.0,2.0,1.0,3.0,3.0,3.0,2.0,3.0,5.0,7,5,7,1,6,3,5,2,7,3,1,1,1,1,1,0,0,0,0,1,0,0,0,1,1,1,2,3,1,2,22,1,1,1,60,1,1,3
4174,5.0,1.0,1.0,1.0,5.0,4.0,1.0,1.0,5.0,5.0,1.0,5.0,5.0,1.0,5.0,1.0,1.0,5.0,5.0,1.0,6,6,2,3,3,6,3,3,6,6,1,1,0,1,1,0,0,1,1,1,0,0,1,1,1,1,3,1,1,1,30,1,2,1,10,1,1,3
4175,2.0,4.0,3.0,4.0,4.0,5.0,5.0,5.0,5.0,3.0,1.0,4.0,5.0,2.0,2.0,1.0,3.0,5.0,5.0,1.0,5,4,7,5,7,5,4,2,3,3,1,1,0,1,1,0,0,0,0,1,0,0,1,1,1,1,2,2,1,1,21,1,7,1,60,1,1,3
4176,4.0,4.0,1.0,2.0,4.0,1.0,1.0,3.0,4.0,2.0,2.0,4.0,5.0,1.0,4.0,4.0,2.0,5.0,4.0,4.0,1,2,5,2,7,6,3,7,6,1,0,1,0,1,0,0,0,0,0,0,0,0,0,0,1,1,2,2,1,1,19,1,1,1,30,2,1,4
4177,5.0,4.0,2.0,3.0,4.0,3.0,2.0,2.0,3.0,4.0,1.0,5.0,1.0,1.0,4.0,5.0,2.0,4.0,5.0,3.0,2,1,6,4,6,6,5,2,6,2,1,1,1,1,1,0,0,1,0,1,0,0,1,1,1,1,2,3,1,2,22,1,10,2,10,2,1,2
4178,5.0,5.0,1.0,1.0,5.0,1.0,1.0,4.0,2.0,1.0,1.0,5.0,5.0,1.0,5.0,1.0,1.0,5.0,1.0,5.0,2,7,6,1,5,7,1,1,7,2,1,1,1,1,1,1,1,1,1,1,1,1,1,1,1,1,2,3,1,1,19,1,6,1,60,2,1,1
4179,4.0,1.0,1.0,5.0,4.0,2.0,1.0,1.0,5.0,2.0,1.0,5.0,3.0,5.0,4.0,4.0,1.0,4.0,5.0,1.0,6,5,5,2,6,1,6,2,4,1,1,1,0,1,1,0,0,1,0,1,0,0,1,1,1,1,4,2,2,1,35,1,7,1,60,1,3,2
4180,2.0,4.0,3.0,4.0,2.0,4.0,2.0,2.0,2.0,4.0,1.0,2.0,1.0,3.0,1.0,5.0,3.0,2.0,5.0,1.0,5,2,4,1,7,2,6,2,5,3,1,0,0,1,0,0,0,0,0,1,0,0,0,0,0,1,2,3,1,2,17,1,12,1,10,2,1,1
4181,5.0,3.0,3.0,3.0,5.0,5.0,2.0,5.0,3.0,5.0,3.0,3.0,2.0,3.0,4.0,4.0,1.0,2.0,3.0,3.0,7,1,4,1,4,6,6,2,6,4,0,0,0,0,0,0,0,1,0,0,0,0,0,0,0,1,3,3,1,2,22,1,12,1,10,2,2,1
4182,2.0,1.0,3.0,5.0,3.0,2.0,1.0,4.0,4.0,4.0,4.0,3.0,2.0,5.0,2.0,2.0,1.0,1.0,5.0,1.0,6,5,7,6,6,4,7,2,3,3,1,0,0,1,1,0,0,0,0,1,0,0,0,1,1,1,2,3,2,2,18,1,1,1,10,2,1,1
4183,3.0,4.0,1.0,3.0,3.0,1.0,2.0,4.0,2.0,1.0,3.0,4.0,3.0,2.0,5.0,1.0,1.0,1.0,3.0,1.0,6,1,7,1,5,2,5,4,6,6,1,1,1,1,1,0,0,0,0,1,1,0,1,1,1,1,2,2,1,1,22,1,4,1,60,1,1,3
4184,2.0,2.0,4.0,3.0,4.0,2.0,2.0,4.0,5.0,4.0,1.0,4.0,1.0,2.0,1.0,4.0,2.0,4.0,4.0,2.0,2,3,4,6,6,7,6,5,4,1,1,1,1,1,1,1,0,1,0,1,1,1,1,1,1,1,4,3,2,1,30,1,7,1,60,1,2,2
4185,5.0,5.0,1.0,5.0,3.0,5.0,2.0,4.0,1.0,5.0,5.0,5.0,5.0,5.0,1.0,5.0,1.0,4.0,5.0,1.0,5,7,7,6,7,7,2,6,6,1,0,0,0,1,1,0,0,0,0,0,0,0,0,0,1,1,4,1,1,2,24,1,6,1,10,1,1,3
4186,5.0,5.0,1.0,1.0,5.0,1.0,1.0,4.0,2.0,1.0,1.0,5.0,4.0,1.0,4.0,1.0,1.0,5.0,1.0,4.0,2,6,3,3,5,7,5,5,6,2,1,1,1,1,1,0,1,1,0,1,1,0,1,1,1,1,3,1,1,1,24,1,6,1,60,1,1,1
4187,5.0,1.0,1.0,1.0,5.0,1.0,1.0,5.0,1.0,5.0,1.0,5.0,5.0,1.0,5.0,1.0,1.0,5.0,5.0,1.0,4,6,3,5,7,5,2,6,3,4,1,1,0,1,1,0,0,1,0,1,0,0,1,1,1,1,2,3,1,1,19,1,2,1,60,1,1,3
4188,1.0,2.0,5.0,4.0,2.0,4.0,2.0,1.0,5.0,5.0,2.0,4.0,1.0,3.0,4.0,5.0,3.0,2.0,5.0,1.0,6,2,5,6,7,4,7,2,6,1,1,1,1,1,1,0,0,1,0,1,0,1,1,1,1,1,3,1,1,1,21,1,6,1,60,1,2,3
4189,4.0,5.0,1.0,3.0,4.0,1.0,1.0,1.0,4.0,2.0,1.0,2.0,4.0,3.0,5.0,4.0,1.0,4.0,5.0,1.0,2,5,5,2,5,7,5,5,7,2,1,1,0,1,1,0,0,0,0,1,0,0,1,1,1,1,4,2,2,1,24,1,7,1,70,1,1,5
4190,4.0,4.0,1.0,1.0,5.0,1.0,2.0,4.0,2.0,2.0,1.0,5.0,5.0,2.0,4.0,1.0,5.0,4.0,5.0,3.0,6,7,5,5,7,2,2,3,5,1,1,1,1,1,1,0,0,1,0,1,0,0,0,1,1,1,2,3,2,1,19,1,3,2,10,2,1,3
4191,5.0,5.0,3.0,3.0,5.0,1.0,2.0,5.0,3.0,2.0,1.0,5.0,4.0,3.0,4.0,4.0,1.0,4.0,5.0,2.0,3,5,3,5,7,5,2,6,3,3,1,1,0,1,1,0,0,1,0,1,0,0,1,1,1,1,3,3,1,2,28,2,1,1,10,1,1,3
4192,5.0,5.0,1.0,1.0,5.0,1.0,1.0,4.0,1.0,1.0,1.0,5.0,5.0,1.0,5.0,1.0,1.0,5.0,2.0,4.0,7,5,7,3,5,1,2,1,6,2,1,1,0,1,1,0,1,1,0,1,0,0,1,1,1,1,4,2,1,1,23,1,7,1,60,1,1,1
4193,1.0,5.0,2.0,4.0,1.0,4.0,1.0,1.0,5.0,4.0,1.0,2.0,1.0,1.0,2.0,1.0,2.0,5.0,5.0,3.0,2,6,6,1,5,3,6,1,7,2,1,1,0,1,1,0,0,0,0,0,0,0,0,0,1,1,3,1,1,2,36,1,1,1,60,1,1,2
4194,4.0,4.0,4.0,4.0,2.0,2.0,1.0,1.0,4.0,2.0,2.0,5.0,5.0,4.0,4.0,2.0,4.0,5.0,4.0,2.0,5,2,2,4,6,7,6,4,3,1,1,0,1,1,1,0,0,0,0,1,0,0,0,1,1,1,1,3,2,1,17,1,12,1,70,2,1,5
4195,1.0,1.0,1.0,5.0,5.0,5.0,2.0,2.0,5.0,5.0,1.0,2.0,2.0,2.0,1.0,2.0,4.0,1.0,5.0,1.0,6,5,7,3,7,2,7,1,5,2,1,1,1,1,1,0,1,0,0,1,0,0,1,1,1,1,4,2,2,1,42,1,4,1,60,2,1,2
4196,2.0,3.0,3.0,2.0,5.0,3.0,2.0,4.0,4.0,3.0,2.0,1.0,3.0,2.0,4.0,4.0,2.0,3.0,5.0,1.0,7,5,6,1,6,3,5,5,6,7,1,1,1,1,1,0,1,1,0,1,1,0,1,1,1,1,4,3,1,1,31,1,2,1,60,1,1,0
4197,5.0,2.0,1.0,1.0,5.0,2.0,1.0,2.0,1.0,1.0,1.0,5.0,2.0,1.0,5.0,1.0,1.0,5.0,2.0,2.0,5,3,2,7,6,2,2,5,6,1,1,1,0,1,1,0,0,0,0,1,0,0,0,1,1,1,3,3,1,2,21,1,6,4,30,2,1,4
4198,4.0,5.0,5.0,2.0,2.0,4.0,2.0,5.0,5.0,4.0,2.0,4.0,1.0,1.0,1.0,3.0,3.0,2.0,1.0,2.0,5,5,0,6,6,6,6,4,6,3,1,1,1,1,1,0,1,1,1,1,1,0,1,1,1,1,3,3,1,2,28,1,10,1,20,1,3,0
4199,1.0,1.0,3.0,3.0,5.0,5.0,1.0,4.0,5.0,1.0,3.0,1.0,1.0,2.0,1.0,5.0,4.0,3.0,2.0,4.0,5,4,6,7,5,6,7,1,4,1,0,0,0,0,0,0,0,0,1,0,0,0,0,0,0,1,3,3,2,2,29,1,2,3,10,1,1,3
4200,5.0,5.0,3.0,3.0,5.0,1.0,1.0,4.0,1.0,1.0,1.0,5.0,5.0,1.0,5.0,1.0,3.0,5.0,5.0,4.0,5,4,6,1,6,2,6,6,6,1,1,1,1,1,1,0,0,0,0,1,0,0,1,1,1,1,4,1,1,1,25,2,3,1,10,1,1,1
4201,4.0,1.0,2.0,1.0,4.0,1.0,1.0,4.0,2.0,2.0,2.0,5.0,4.0,1.0,4.0,1.0,1.0,5.0,4.0,1.0,6,1,7,1,7,6,6,1,7,1,1,1,0,1,1,0,1,0,0,1,1,0,1,1,1,1,4,2,1,1,60,1,7,1,30,1,2,4
4202,4.0,1.0,4.0,2.0,4.0,5.0,2.0,2.0,5.0,4.0,2.0,5.0,2.0,2.0,1.0,2.0,5.0,4.0,2.0,1.0,7,5,4,1,7,6,6,7,7,1,1,1,1,1,1,0,0,0,0,1,0,0,0,1,1,1,3,3,2,2,23,1,12,1,60,1,1,5
4203,1.0,3.0,3.0,3.0,5.0,5.0,5.0,4.0,5.0,5.0,2.0,4.0,1.0,2.0,4.0,5.0,2.0,2.0,4.0,5.0,6,5,5,3,7,2,6,4,5,4,1,1,0,1,0,0,0,0,0,1,0,0,0,0,1,1,3,3,2,2,22,1,3,1,10,1,1,2
4204,3.0,5.0,4.0,3.0,3.0,4.0,3.0,5.0,4.0,4.0,2.0,3.0,2.0,2.0,4.0,4.0,4.0,3.0,2.0,5.0,4,3,7,2,6,4,5,3,4,2,1,1,0,1,0,0,1,0,0,1,0,0,0,0,1,1,3,3,2,2,23,1,3,3,10,1,1,3
4205,3.0,4.0,3.0,3.0,3.0,4.0,3.0,2.0,4.0,4.0,2.0,4.0,2.0,3.0,4.0,5.0,3.0,3.0,4.0,2.0,3,4,6,5,5,4,5,3,5,3,1,0,0,1,0,0,0,0,0,1,0,0,0,0,1,1,3,3,2,2,23,1,3,1,0,2,1,2
4206,5.0,4.0,5.0,3.0,4.0,2.0,3.0,4.0,3.0,4.0,3.0,5.0,3.0,3.0,4.0,4.0,5.0,4.0,5.0,4.0,6,5,7,5,3,4,5,2,5,3,1,0,1,1,1,0,0,0,1,1,0,0,1,1,1,1,3,3,1,2,23,1,3,1,10,1,1,0
4207,2.0,4.0,4.0,2.0,4.0,3.0,1.0,4.0,5.0,2.0,2.0,2.0,4.0,2.0,2.0,2.0,3.0,4.0,5.0,4.0,6,6,5,3,6,3,6,4,4,1,1,1,0,1,1,0,0,1,0,1,0,0,1,1,1,1,3,3,3,1,23,1,1,5,60,1,1,1
4208,4.0,2.0,5.0,2.0,4.0,4.0,2.0,5.0,5.0,5.0,1.0,2.0,2.0,1.0,4.0,4.0,5.0,4.0,5.0,1.0,6,6,5,5,5,7,6,5,3,6,1,1,0,1,1,0,0,0,0,1,0,0,0,0,1,1,4,3,2,2,26,1,6,1,10,1,2,2
4209,3.0,1.0,2.0,1.0,4.0,2.0,2.0,3.0,4.0,2.0,3.0,2.0,3.0,2.0,4.0,1.0,1.0,3.0,1.0,4.0,4,6,6,7,5,4,5,3,2,5,1,1,1,1,1,0,0,0,0,1,1,0,1,1,1,1,2,2,1,1,40,1,4,1,60,1,2,2
4210,4.0,2.0,4.0,4.0,5.0,4.0,1.0,1.0,5.0,2.0,2.0,1.0,1.0,4.0,2.0,4.0,1.0,2.0,5.0,1.0,3,3,7,1,7,7,5,4,7,2,0,1,0,1,1,0,0,0,0,1,0,1,0,0,1,1,4,3,1,2,27,1,3,3,10,2,1,3
4211,5.0,3.0,2.0,4.0,5.0,4.0,2.0,3.0,4.0,2.0,1.0,5.0,4.0,1.0,4.0,2.0,4.0,4.0,5.0,5.0,6,5,2,5,7,1,5,5,5,3,1,1,0,1,1,0,0,1,0,1,0,0,1,1,1,1,3,1,1,2,41,1,1,1,60,2,1,1
4212,5.0,4.0,1.0,3.0,5.0,2.0,1.0,1.0,3.0,1.0,1.0,5.0,3.0,2.0,4.0,1.0,3.0,5.0,5.0,2.0,3,6,5,3,6,5,5,5,6,2,0,1,1,1,1,0,0,1,0,1,1,0,1,1,1,1,3,3,1,2,23,1,2,1,60,2,1,3
4213,4.0,4.0,1.0,1.0,4.0,3.0,1.0,5.0,3.0,2.0,1.0,4.0,4.0,1.0,5.0,4.0,1.0,4.0,5.0,4.0,7,6,5,2,6,5,6,6,6,4,1,1,0,1,1,0,0,0,0,1,1,0,1,1,1,1,2,3,1,1,18,1,2,1,10,2,1,2
4214,4.0,4.0,1.0,4.0,5.0,1.0,1.0,4.0,3.0,2.0,2.0,5.0,1.0,1.0,5.0,2.0,3.0,4.0,5.0,1.0,5,4,5,1,5,5,5,5,6,3,1,0,0,1,1,0,0,0,0,1,0,0,1,0,1,1,3,3,1,1,21,1,4,1,60,1,1,3
4215,2.0,2.0,3.0,5.0,4.0,4.0,2.0,4.0,5.0,4.0,2.0,4.0,4.0,1.0,4.0,4.0,5.0,1.0,2.0,3.0,5,5,5,5,7,2,6,2,2,1,1,1,0,1,1,0,0,0,0,1,0,0,0,1,1,1,3,3,1,2,51,1,12,1,10,2,2,4
4216,2.0,1.0,4.0,2.0,4.0,4.0,4.0,2.0,4.0,5.0,2.0,4.0,2.0,2.0,4.0,4.0,2.0,4.0,5.0,2.0,6,5,7,2,6,3,6,6,5,1,1,1,0,1,1,0,0,0,0,1,0,1,0,1,1,1,2,3,2,1,19,1,1,2,10,2,1,4
4217,5.0,5.0,5.0,1.0,5.0,1.0,5.0,5.0,5.0,5.0,5.0,5.0,5.0,1.0,1.0,1.0,1.0,5.0,1.0,5.0,6,7,4,7,7,1,6,7,1,1,0,1,0,0,1,0,0,0,0,1,0,0,0,0,0,1,3,3,1,2,22,1,7,1,30,1,1,3
4218,5.0,5.0,2.0,1.0,5.0,1.0,1.0,5.0,2.0,2.0,1.0,5.0,5.0,1.0,5.0,2.0,1.0,4.0,5.0,5.0,7,7,7,1,7,1,1,2,7,1,1,1,0,1,1,0,0,1,0,1,0,0,1,1,1,1,2,3,1,1,18,3,12,1,60,2,1,2
4219,5.0,2.0,2.0,2.0,4.0,4.0,1.0,4.0,4.0,4.0,2.0,4.0,3.0,2.0,4.0,3.0,1.0,2.0,5.0,1.0,5,6,6,5,6,2,5,3,6,3,1,1,0,1,1,0,0,0,0,1,0,0,1,1,1,1,2,1,1,1,18,1,7,1,60,2,1,3
4220,5.0,4.0,3.0,1.0,5.0,1.0,1.0,5.0,1.0,1.0,1.0,5.0,4.0,1.0,5.0,4.0,1.0,5.0,5.0,1.0,0,0,0,0,0,0,0,0,0,0,1,1,1,1,1,0,0,0,0,1,0,1,1,1,1,1,2,2,2,1,28,1,1,1,60,2,1,3
4221,1.0,2.0,1.0,5.0,4.0,4.0,2.0,1.0,5.0,5.0,2.0,1.0,2.0,4.0,3.0,5.0,4.0,2.0,3.0,1.0,2,2,7,1,6,6,7,1,6,6,1,1,1,1,1,0,1,1,1,1,1,1,1,1,1,1,4,1,2,1,55,1,6,1,60,2,2,2
4222,5.0,5.0,1.0,1.0,5.0,1.0,1.0,5.0,1.0,1.0,1.0,4.0,5.0,1.0,5.0,1.0,1.0,5.0,5.0,5.0,7,1,6,7,7,3,7,5,5,1,1,0,0,1,0,0,0,0,0,1,0,0,0,0,1,1,2,2,1,2,26,1,7,0,70,2,1,2
4223,5.0,5.0,1.0,2.0,5.0,1.0,1.0,3.0,1.0,2.0,1.0,5.0,5.0,2.0,3.0,1.0,1.0,5.0,5.0,4.0,4,6,3,1,7,6,5,6,7,4,1,1,1,1,1,0,1,1,0,1,1,0,1,1,1,1,3,3,1,2,32,1,4,1,60,1,1,2
4224,4.0,5.0,3.0,4.0,4.0,3.0,1.0,4.0,4.0,2.0,2.0,4.0,1.0,2.0,5.0,5.0,1.0,2.0,5.0,3.0,6,4,7,1,7,5,6,1,7,1,1,1,0,1,1,0,0,0,0,1,0,0,0,1,1,1,3,3,2,1,26,1,2,1,60,1,1,3
4225,2.0,2.0,4.0,4.0,2.0,4.0,2.0,1.0,5.0,4.0,2.0,4.0,1.0,2.0,2.0,5.0,2.0,4.0,4.0,1.0,2,5,5,6,3,5,5,2,3,3,1,1,0,1,1,0,0,1,0,1,1,0,1,0,1,1,2,3,1,2,17,1,1,1,60,2,1,2
4226,1.0,1.0,2.0,5.0,4.0,4.0,2.0,1.0,5.0,4.0,2.0,2.0,1.0,1.0,4.0,5.0,1.0,5.0,2.0,1.0,6,3,6,5,7,2,6,2,7,2,1,1,0,1,1,0,0,0,0,1,0,0,0,1,1,1,3,1,1,1,22,2,5,1,60,1,1,4
4227,1.0,1.0,4.0,5.0,1.0,4.0,2.0,3.0,5.0,5.0,5.0,2.0,1.0,3.0,4.0,4.0,3.0,2.0,3.0,1.0,5,1,5,3,5,1,6,4,5,4,1,1,0,1,1,0,0,0,0,1,0,0,1,1,1,1,2,2,1,1,28,2,5,1,70,2,1,6
4228,2.0,1.0,4.0,4.0,1.0,4.0,1.0,1.0,5.0,5.0,2.0,1.0,1.0,4.0,1.0,5.0,4.0,1.0,5.0,2.0,3,1,7,6,6,7,7,1,7,1,1,1,1,1,1,0,0,0,0,1,0,0,1,1,1,1,3,3,2,1,20,1,5,1,60,2,1,4
4229,4.0,4.0,2.0,3.0,2.0,2.0,2.0,1.0,5.0,3.0,3.0,1.0,1.0,2.0,4.0,4.0,2.0,2.0,5.0,1.0,6,5,6,4,7,5,4,2,4,1,1,1,1,1,1,0,0,0,0,1,0,0,1,1,1,1,2,2,2,1,21,1,9,2,60,1,1,3
4230,2.0,4.0,3.0,3.0,3.0,1.0,2.0,4.0,4.0,3.0,2.0,4.0,4.0,2.0,4.0,5.0,3.0,3.0,1.0,1.0,6,1,7,3,5,6,5,3,7,1,1,1,1,1,1,1,0,0,0,1,0,0,1,1,1,1,2,3,1,1,17,1,4,1,60,2,1,1
4231,4.0,5.0,3.0,2.0,5.0,4.0,3.0,1.0,2.0,2.0,3.0,5.0,4.0,1.0,3.0,2.0,2.0,4.0,4.0,1.0,2,3,5,1,6,6,5,5,7,1,1,1,1,1,1,1,0,0,1,1,0,0,1,1,1,1,2,3,3,2,20,1,2,1,60,2,1,3
4232,4.0,4.0,5.0,1.0,4.0,2.0,3.0,4.0,4.0,4.0,2.0,5.0,2.0,2.0,4.0,1.0,3.0,5.0,5.0,3.0,1,5,2,5,5,6,6,5,3,4,0,1,0,1,1,0,0,1,0,1,0,0,1,1,1,1,3,1,2,2,31,1,12,1,60,1,2,2
4233,1.0,4.0,1.0,1.0,4.0,2.0,2.0,4.0,4.0,3.0,2.0,4.0,1.0,2.0,4.0,1.0,2.0,4.0,5.0,4.0,4,5,7,4,7,2,2,1,6,1,1,1,0,0,1,0,0,0,0,1,0,0,1,1,1,1,3,3,2,1,25,1,1,1,60,2,1,2
4234,4.0,4.0,3.0,4.0,5.0,4.0,2.0,4.0,3.0,2.0,2.0,5.0,5.0,2.0,5.0,1.0,1.0,5.0,5.0,2.0,7,6,6,1,7,5,7,6,7,7,1,1,0,1,1,0,0,0,0,1,0,0,1,1,1,1,2,3,1,1,18,3,6,1,10,2,1,1
4235,4.0,5.0,2.0,2.0,4.0,1.0,1.0,4.0,2.0,2.0,1.0,5.0,4.0,2.0,5.0,1.0,2.0,4.0,4.0,4.0,6,7,4,7,6,1,6,5,2,2,1,1,0,1,1,0,0,0,0,1,0,0,1,1,1,1,4,1,1,1,47,1,4,1,60,1,2,3
4236,4.0,1.0,4.0,4.0,4.0,5.0,1.0,3.0,5.0,5.0,1.0,5.0,1.0,2.0,5.0,2.0,4.0,4.0,1.0,1.0,6,5,7,5,7,1,4,1,5,6,1,1,0,1,1,0,0,0,0,1,0,1,1,0,1,1,3,2,2,1,27,1,6,1,30,2,1,2
4237,2.0,3.0,4.0,3.0,4.0,4.0,1.0,2.0,5.0,4.0,1.0,4.0,2.0,1.0,5.0,5.0,3.0,5.0,5.0,3.0,7,6,5,4,7,2,7,1,6,2,1,1,0,1,1,0,0,0,0,1,0,0,1,1,1,1,3,3,1,2,34,1,4,1,60,1,2,2
4238,5.0,5.0,1.0,4.0,5.0,4.0,1.0,1.0,5.0,1.0,1.0,3.0,1.0,3.0,1.0,5.0,1.0,1.0,5.0,3.0,7,7,7,3,7,2,6,2,6,1,1,1,0,1,1,0,0,0,0,1,0,1,0,1,1,1,3,1,2,2,30,1,7,1,60,1,1,2
4239,5.0,4.0,1.0,1.0,4.0,2.0,1.0,4.0,1.0,1.0,1.0,5.0,4.0,2.0,5.0,1.0,1.0,5.0,5.0,4.0,2,6,7,1,5,3,1,2,6,3,0,0,0,0,1,0,0,1,0,1,0,0,0,0,1,1,3,2,1,2,23,2,6,1,60,2,1,3
4240,3.0,4.0,3.0,4.0,4.0,2.0,1.0,1.0,4.0,3.0,1.0,2.0,2.0,2.0,1.0,2.0,3.0,4.0,5.0,1.0,2,6,6,6,4,3,4,5,4,4,1,1,0,1,1,0,0,1,0,1,0,0,0,0,1,1,3,2,2,2,26,1,2,1,60,2,1,2
4241,2.0,1.0,1.0,1.0,5.0,2.0,2.0,3.0,4.0,5.0,1.0,3.0,1.0,1.0,5.0,1.0,1.0,4.0,5.0,2.0,1,7,7,7,3,3,5,1,1,5,1,1,1,1,1,0,1,1,0,1,1,0,1,1,1,1,3,3,1,1,26,1,1,1,60,2,1,3
4242,2.0,4.0,4.0,3.0,2.0,2.0,4.0,4.0,4.0,4.0,2.0,2.0,1.0,2.0,1.0,5.0,5.0,4.0,2.0,1.0,3,6,3,5,2,1,4,5,3,1,1,1,1,1,1,0,0,1,0,1,1,0,1,1,1,1,4,3,1,2,47,1,2,1,60,2,2,1
4243,4.0,4.0,2.0,2.0,5.0,2.0,1.0,4.0,3.0,1.0,1.0,5.0,4.0,2.0,5.0,5.0,2.0,2.0,5.0,5.0,7,6,5,4,6,2,2,6,5,1,1,1,1,1,1,0,1,0,0,1,1,1,1,1,1,1,3,2,2,1,20,2,2,2,60,1,1,2
4244,1.0,3.0,5.0,2.0,1.0,2.0,5.0,2.0,5.0,5.0,3.0,2.0,1.0,3.0,3.0,3.0,2.0,1.0,5.0,2.0,2,1,6,2,6,7,6,2,4,3,1,1,1,1,1,0,0,0,0,1,0,0,1,1,1,1,3,2,1,1,64,1,4,1,60,1,2,3
4245,5.0,5.0,2.0,3.0,5.0,2.0,1.0,5.0,4.0,1.0,3.0,4.0,5.0,4.0,3.0,2.0,1.0,2.0,3.0,4.0,6,5,7,3,5,4,3,1,4,6,1,1,1,0,1,0,1,1,0,1,0,0,1,1,0,1,4,2,2,1,48,1,3,1,60,1,3,2
4246,5.0,5.0,1.0,1.0,5.0,3.0,1.0,5.0,1.0,1.0,1.0,5.0,3.0,1.0,5.0,3.0,2.0,5.0,5.0,4.0,6,7,7,5,6,2,6,1,6,1,1,1,1,1,1,0,0,1,0,1,0,0,1,1,1,1,4,1,1,2,34,1,1,1,60,1,1,0
4247,4.0,2.0,4.0,5.0,2.0,4.0,2.0,5.0,5.0,4.0,1.0,2.0,5.0,2.0,3.0,1.0,1.0,1.0,5.0,4.0,6,7,7,6,5,2,3,5,2,6,1,1,0,1,1,0,0,0,0,1,0,0,1,1,1,1,3,3,1,1,32,1,2,1,60,2,2,4
4248,4.0,4.0,1.0,2.0,3.0,3.0,1.0,4.0,2.0,2.0,2.0,4.0,5.0,1.0,4.0,2.0,1.0,3.0,5.0,4.0,5,3,5,1,7,6,3,5,7,1,0,0,1,0,0,0,1,0,1,0,1,1,0,0,0,0,2,2,1,1,18,1,2,1,60,2,1,2
4249,3.0,4.0,5.0,3.0,4.0,1.0,2.0,1.0,4.0,2.0,2.0,5.0,2.0,4.0,4.0,3.0,2.0,4.0,4.0,4.0,6,4,7,6,7,2,6,5,2,2,1,1,1,1,1,0,0,1,0,1,0,0,1,1,1,1,3,2,2,1,28,1,2,1,60,1,1,2
4250,2.0,4.0,2.0,2.0,4.0,4.0,4.0,2.0,5.0,4.0,3.0,5.0,2.0,3.0,3.0,4.0,2.0,4.0,4.0,1.0,2,4,5,5,5,6,6,3,4,4,1,1,0,1,1,0,0,1,0,1,0,0,1,1,1,1,3,1,1,1,44,1,1,1,60,1,1,3
4251,4.0,4.0,3.0,3.0,4.0,2.0,2.0,3.0,4.0,2.0,2.0,4.0,4.0,2.0,4.0,4.0,3.0,4.0,3.0,2.0,2,4,5,5,5,7,6,4,6,2,1,1,1,1,1,0,0,0,1,1,0,0,1,1,1,1,2,2,2,1,21,1,6,1,0,2,1,1
4252,3.0,5.0,1.0,2.0,1.0,1.0,1.0,4.0,1.0,1.0,1.0,5.0,4.0,1.0,5.0,3.0,2.0,4.0,5.0,3.0,6,1,2,1,7,4,3,4,7,1,1,1,0,1,1,0,0,1,0,1,0,1,1,1,1,1,3,3,1,1,33,1,4,1,60,1,1,3
4253,3.0,3.0,1.0,1.0,3.0,2.0,1.0,3.0,2.0,2.0,1.0,5.0,4.0,3.0,5.0,2.0,3.0,4.0,5.0,1.0,4,5,6,7,4,4,3,1,3,1,1,1,0,1,1,0,0,1,0,1,1,0,0,1,1,1,3,1,2,2,26,1,2,1,60,2,1,3
4254,5.0,5.0,5.0,5.0,3.0,5.0,5.0,3.0,5.0,5.0,3.0,5.0,3.0,3.0,3.0,4.0,3.0,3.0,5.0,3.0,4,5,4,5,5,7,5,1,3,6,1,1,1,1,1,0,1,1,1,1,0,0,1,1,1,1,3,3,1,2,60,1,7,1,70,1,2,2
4255,5.0,5.0,3.0,4.0,3.0,1.0,1.0,5.0,1.0,1.0,5.0,4.0,5.0,1.0,5.0,3.0,5.0,5.0,3.0,5.0,0,0,0,0,0,0,0,6,0,0,1,1,1,1,1,0,1,0,1,1,0,1,0,0,1,1,3,2,1,1,71,2,2,1,60,1,2,5
4256,5.0,4.0,3.0,1.0,5.0,3.0,3.0,5.0,4.0,1.0,3.0,5.0,5.0,1.0,3.0,2.0,1.0,3.0,5.0,3.0,6,5,3,2,7,4,4,4,3,1,1,1,1,1,1,0,0,1,0,1,0,0,0,1,0,1,2,3,1,2,18,2,4,1,70,2,1,1
4257,4.0,4.0,2.0,2.0,4.0,5.0,4.0,4.0,5.0,5.0,3.0,3.0,1.0,2.0,2.0,3.0,4.0,4.0,4.0,2.0,6,3,7,3,4,5,6,2,6,3,1,0,0,1,0,0,0,0,0,1,0,0,0,0,0,1,3,3,1,2,46,1,12,1,10,2,2,1
4258,5.0,4.0,3.0,1.0,4.0,5.0,1.0,5.0,2.0,2.0,1.0,5.0,4.0,2.0,3.0,1.0,2.0,5.0,5.0,2.0,3,5,7,5,6,6,4,5,5,6,1,1,0,1,1,0,0,0,0,1,0,0,1,1,1,1,3,2,1,2,21,1,1,1,10,1,1,2
4259,2.0,4.0,5.0,3.0,4.0,1.0,2.0,5.0,2.0,3.0,1.0,2.0,1.0,2.0,5.0,2.0,3.0,3.0,4.0,1.0,5,4,1,7,6,3,6,7,2,3,1,1,0,1,1,0,0,0,0,1,0,0,1,1,1,1,3,3,2,1,21,1,2,1,60,2,1,2
4260,3.0,3.0,1.0,5.0,4.0,2.0,4.0,2.0,5.0,5.0,4.0,4.0,1.0,2.0,2.0,4.0,5.0,1.0,2.0,1.0,4,6,6,2,6,7,4,1,7,2,1,1,0,1,1,0,0,0,0,1,0,0,1,1,1,1,3,3,1,2,28,1,4,1,70,1,1,3
4261,5.0,4.0,4.0,1.0,4.0,4.0,4.0,4.0,4.0,3.0,1.0,4.0,4.0,1.0,5.0,2.0,1.0,5.0,4.0,2.0,6,1,2,5,6,5,7,5,6,1,0,0,0,0,0,0,0,0,0,0,0,0,0,0,0,1,3,3,1,1,54,1,4,1,60,1,3,3
4262,3.0,5.0,5.0,5.0,4.0,5.0,5.0,5.0,5.0,4.0,3.0,2.0,1.0,4.0,3.0,2.0,3.0,3.0,1.0,1.0,7,3,7,4,4,1,6,2,6,3,1,0,0,1,1,0,0,0,0,1,0,0,0,0,1,1,4,3,2,2,45,1,8,1,10,1,2,2
4263,5.0,5.0,1.0,1.0,5.0,1.0,1.0,4.0,4.0,1.0,1.0,3.0,5.0,3.0,5.0,1.0,1.0,4.0,5.0,1.0,3,5,2,6,4,7,4,5,4,4,1,1,1,1,1,0,1,1,0,1,1,0,1,1,1,1,3,3,2,1,23,1,1,1,10,1,1,2
4264,1.0,4.0,1.0,2.0,4.0,4.0,4.0,4.0,5.0,5.0,2.0,2.0,1.0,2.0,3.0,5.0,1.0,3.0,3.0,3.0,7,1,7,2,6,1,6,1,7,1,1,1,0,1,1,0,0,0,0,1,0,0,1,0,1,1,3,2,1,1,35,1,12,1,60,1,2,14
4265,2.0,5.0,2.0,2.0,4.0,1.0,2.0,4.0,4.0,2.0,1.0,5.0,2.0,2.0,5.0,1.0,3.0,4.0,5.0,4.0,1,6,5,6,3,7,6,5,2,5,1,1,0,1,1,0,0,0,0,1,0,0,1,1,1,1,2,2,2,1,18,1,2,1,10,2,1,1
4266,4.0,3.0,2.0,1.0,5.0,1.0,2.0,4.0,4.0,1.0,1.0,5.0,4.0,1.0,5.0,3.0,1.0,5.0,5.0,5.0,5,6,2,6,7,4,3,5,3,3,1,1,1,1,1,0,0,1,0,1,0,0,1,1,1,1,3,2,1,1,33,2,6,2,70,1,1,0
4267,5.0,3.0,2.0,4.0,4.0,5.0,2.0,2.0,5.0,5.0,1.0,5.0,2.0,2.0,1.0,2.0,3.0,5.0,3.0,2.0,4,6,6,3,4,3,5,2,5,5,1,0,0,0,0,0,0,0,0,1,0,0,0,0,0,0,4,2,1,2,59,1,6,2,60,2,2,1
4268,5.0,5.0,1.0,1.0,5.0,1.0,1.0,4.0,4.0,2.0,1.0,5.0,5.0,1.0,4.0,4.0,1.0,5.0,5.0,4.0,1,6,2,7,4,7,2,4,5,2,1,1,0,1,1,0,0,0,0,1,0,0,1,1,1,1,2,2,1,1,20,1,1,2,60,1,1,2
4269,5.0,5.0,5.0,1.0,5.0,2.0,1.0,1.0,3.0,1.0,1.0,1.0,3.0,1.0,4.0,1.0,3.0,2.0,5.0,3.0,3,2,2,5,7,5,7,1,6,1,1,1,0,1,1,0,0,0,0,1,0,0,0,1,1,1,4,1,2,2,54,1,7,0,60,1,2,2
4270,2.0,1.0,2.0,5.0,3.0,5.0,5.0,5.0,5.0,5.0,5.0,1.0,3.0,5.0,1.0,5.0,1.0,4.0,3.0,1.0,7,3,7,5,7,3,5,3,4,1,1,1,1,1,1,0,0,1,0,1,0,0,0,1,1,1,3,1,2,2,26,1,4,1,10,2,1,5
4271,5.0,5.0,2.0,1.0,3.0,1.0,1.0,3.0,3.0,2.0,1.0,5.0,5.0,1.0,4.0,1.0,2.0,4.0,5.0,3.0,4,2,6,1,6,4,4,1,7,3,1,1,1,1,1,1,0,1,0,1,0,1,1,1,1,1,3,1,2,1,39,3,12,0,60,1,2,3
4272,5.0,5.0,1.0,1.0,5.0,1.0,1.0,5.0,3.0,1.0,1.0,5.0,5.0,1.0,5.0,1.0,5.0,5.0,5.0,4.0,1,4,7,6,5,6,3,7,5,0,1,1,0,0,1,0,0,0,0,1,0,0,0,1,1,1,0,3,1,2,51,1,12,1,30,2,2,1
4273,3.0,4.0,3.0,3.0,4.0,2.0,1.0,2.0,2.0,4.0,1.0,4.0,3.0,1.0,5.0,2.0,4.0,5.0,5.0,4.0,0,0,0,0,0,0,0,0,0,0,0,0,0,0,0,0,0,0,0,0,0,0,0,0,0,0,3,1,1,2,21,1,2,1,60,1,1,4
4274,2.0,5.0,3.0,4.0,5.0,1.0,1.0,2.0,5.0,4.0,2.0,3.0,1.0,1.0,3.0,4.0,1.0,4.0,5.0,1.0,7,2,5,2,7,5,6,6,6,1,0,0,0,1,0,0,0,0,0,0,0,0,0,0,1,1,2,3,1,2,20,1,4,1,60,1,1,2
4275,5.0,4.0,5.0,5.0,4.0,5.0,5.0,4.0,5.0,2.0,5.0,1.0,4.0,3.0,3.0,5.0,1.0,3.0,1.0,1.0,7,6,6,3,6,2,7,3,7,2,1,0,0,1,0,0,0,0,0,1,0,0,0,0,0,1,4,1,1,2,42,1,10,1,10,1,2,3
4276,5.0,1.0,3.0,2.0,5.0,1.0,1.0,3.0,3.0,3.0,1.0,5.0,4.0,2.0,3.0,1.0,4.0,4.0,5.0,4.0,2,6,4,5,4,5,4,6,3,4,1,1,0,1,1,0,0,1,0,1,0,0,1,1,1,1,3,2,1,2,20,1,2,1,70,2,1,2
4277,5.0,5.0,1.0,1.0,5.0,1.0,1.0,4.0,2.0,2.0,1.0,4.0,4.0,2.0,5.0,1.0,1.0,5.0,5.0,5.0,4,7,7,3,7,5,4,1,6,2,1,1,1,1,1,0,0,1,0,1,1,1,1,1,1,1,3,2,1,1,24,1,2,1,60,2,1,3
4278,4.0,5.0,1.0,2.0,3.0,2.0,1.0,2.0,2.0,1.0,1.0,2.0,5.0,2.0,4.0,2.0,4.0,4.0,4.0,2.0,2,5,6,5,6,6,7,2,4,2,1,1,0,1,1,0,0,0,0,1,1,0,0,1,1,1,2,3,2,2,21,1,2,1,60,2,1,1
4279,5.0,3.0,1.0,1.0,5.0,1.0,1.0,1.0,2.0,3.0,3.0,5.0,1.0,2.0,3.0,3.0,2.0,5.0,5.0,2.0,1,4,2,7,4,7,3,3,1,1,1,0,0,1,1,1,0,1,0,0,0,1,0,1,1,1,4,2,3,1,20,3,2,5,70,1,1,2
4280,5.0,4.0,4.0,3.0,5.0,2.0,2.0,5.0,4.0,5.0,2.0,4.0,5.0,3.0,4.0,1.0,1.0,4.0,4.0,3.0,6,2,7,4,6,5,6,1,3,4,1,1,0,1,1,0,0,0,0,1,0,0,1,1,1,1,3,3,2,2,37,1,6,1,10,2,2,4
4281,5.0,5.0,4.0,1.0,5.0,2.0,1.0,2.0,5.0,4.0,1.0,4.0,1.0,1.0,2.0,3.0,1.0,2.0,5.0,1.0,4,6,5,6,6,4,3,1,2,1,1,1,0,1,1,0,0,0,0,1,0,0,0,1,1,1,3,3,2,2,26,1,6,1,10,2,1,3
4282,3.0,4.0,2.0,3.0,4.0,2.0,5.0,1.0,5.0,5.0,3.0,4.0,1.0,3.0,1.0,5.0,3.0,3.0,5.0,1.0,5,1,7,4,5,6,7,2,6,2,1,1,0,1,1,0,0,0,0,1,0,1,0,1,1,1,2,2,2,1,20,1,9,1,70,2,1,1
4283,4.0,2.0,4.0,5.0,4.0,3.0,3.0,1.0,5.0,3.0,2.0,4.0,2.0,2.0,3.0,5.0,3.0,3.0,5.0,3.0,3,2,3,6,5,4,5,7,5,4,1,0,0,1,1,0,0,0,0,1,0,0,0,0,0,1,3,2,1,2,23,1,6,1,10,1,1,2
4284,2.0,3.0,5.0,1.0,4.0,4.0,5.0,4.0,4.0,4.0,1.0,5.0,2.0,1.0,3.0,1.0,1.0,5.0,5.0,5.0,4,7,6,7,5,2,6,4,3,4,1,1,0,1,0,0,0,0,0,0,0,0,0,1,0,1,3,3,2,2,40,1,2,1,0,2,1,1
4285,4.0,4.0,3.0,3.0,5.0,2.0,2.0,3.0,3.0,4.0,1.0,4.0,1.0,1.0,4.0,1.0,1.0,4.0,5.0,2.0,7,6,3,5,6,2,5,7,7,1,1,1,0,1,1,0,0,0,0,1,0,0,1,1,1,1,4,3,1,2,29,1,2,1,60,1,2,2
4286,5.0,5.0,3.0,2.0,5.0,1.0,1.0,2.0,2.0,3.0,1.0,5.0,4.0,3.0,5.0,3.0,1.0,3.0,5.0,2.0,6,2,7,5,6,7,7,1,6,1,1,1,1,1,1,0,0,0,0,1,1,0,1,1,1,1,4,3,2,1,43,1,12,3,70,1,1,0
4287,4.0,5.0,2.0,1.0,5.0,2.0,2.0,5.0,2.0,2.0,1.0,4.0,3.0,1.0,4.0,1.0,3.0,4.0,3.0,5.0,4,5,3,4,5,3,6,5,5,3,1,1,1,1,1,0,0,0,0,1,0,0,1,1,1,1,2,3,1,1,18,2,1,3,10,2,1,1
4288,5.0,5.0,1.0,1.0,5.0,1.0,1.0,1.0,1.0,1.0,1.0,5.0,5.0,1.0,5.0,2.0,1.0,5.0,5.0,5.0,4,4,6,1,7,4,4,5,7,1,1,1,1,1,1,0,0,0,0,1,0,1,1,1,1,1,2,1,2,1,47,1,12,2,70,2,3,2
4289,4.0,1.0,2.0,1.0,4.0,1.0,1.0,1.0,4.0,2.0,1.0,3.0,1.0,1.0,2.0,4.0,4.0,3.0,5.0,2.0,3,5,7,5,6,5,3,2,6,4,1,1,0,1,1,0,0,0,0,1,0,0,0,1,1,1,3,3,1,2,32,1,2,1,20,2,1,2
4290,5.0,5.0,1.0,1.0,5.0,1.0,1.0,1.0,1.0,1.0,1.0,5.0,5.0,1.0,5.0,1.0,1.0,5.0,5.0,3.0,6,4,5,1,7,7,5,2,6,1,1,1,1,1,1,0,1,1,0,1,0,0,1,1,1,1,3,2,1,2,23,1,2,1,30,2,1,2
4291,2.0,3.0,4.0,3.0,2.0,5.0,2.0,2.0,5.0,3.0,2.0,5.0,4.0,1.0,2.0,4.0,3.0,1.0,5.0,3.0,6,6,6,3,4,2,5,2,4,2,1,1,0,1,0,0,0,1,0,1,0,0,0,1,1,1,3,3,2,2,23,1,7,1,60,2,1,1
4292,5.0,4.0,1.0,2.0,5.0,1.0,1.0,5.0,4.0,1.0,3.0,5.0,4.0,1.0,1.0,1.0,1.0,1.0,4.0,4.0,6,5,6,2,6,5,5,2,6,2,1,1,1,1,1,0,1,1,0,1,0,0,1,1,1,1,4,2,1,1,37,1,7,1,60,2,2,2
4293,4.0,4.0,3.0,4.0,4.0,3.0,2.0,2.0,3.0,2.0,2.0,4.0,4.0,4.0,4.0,4.0,3.0,3.0,2.0,3.0,5,5,6,3,4,2,2,2,5,4,1,1,0,1,1,0,0,0,0,1,0,1,1,1,1,1,3,3,1,2,25,1,1,1,10,1,1,4
4294,5.0,3.0,3.0,1.0,5.0,1.0,1.0,4.0,1.0,2.0,1.0,5.0,4.0,1.0,5.0,1.0,1.0,4.0,5.0,5.0,4,5,4,3,5,6,2,4,6,7,1,1,0,1,1,0,0,0,0,1,0,0,1,1,1,1,3,1,1,2,25,2,2,1,60,1,1,0
4295,4.0,4.0,4.0,3.0,5.0,2.0,2.0,4.0,4.0,2.0,2.0,4.0,4.0,2.0,4.0,2.0,2.0,4.0,5.0,2.0,2,5,6,4,3,6,5,3,5,2,1,1,1,1,1,0,0,0,1,1,0,0,1,1,1,1,2,3,2,1,19,2,1,1,60,1,1,3
4296,4.0,5.0,3.0,2.0,5.0,4.0,3.0,4.0,3.0,3.0,1.0,5.0,4.0,2.0,4.0,2.0,3.0,5.0,4.0,5.0,4,4,6,3,3,4,3,5,6,4,1,1,1,1,1,0,0,0,0,1,0,0,1,1,1,1,4,2,1,1,27,2,9,1,60,1,1,2
4297,4.0,2.0,2.0,2.0,2.0,2.0,1.0,2.0,5.0,3.0,2.0,4.0,1.0,3.0,2.0,1.0,3.0,4.0,5.0,3.0,2,3,6,7,6,5,6,1,2,3,1,1,0,1,1,0,0,1,0,1,0,0,1,1,1,1,3,2,2,1,24,2,6,1,60,1,1,2
4298,5.0,3.0,2.0,1.0,4.0,1.0,1.0,2.0,2.0,1.0,2.0,5.0,3.0,2.0,4.0,3.0,2.0,4.0,4.0,4.0,6,5,6,2,6,6,3,1,6,2,1,0,0,1,1,0,0,0,0,1,0,0,0,1,1,1,3,2,1,2,25,1,7,1,60,1,1,1
4299,4.0,5.0,2.0,1.0,5.0,2.0,4.0,5.0,5.0,4.0,1.0,2.0,3.0,1.0,5.0,1.0,1.0,5.0,4.0,4.0,2,3,1,3,7,6,5,3,5,1,1,1,1,1,1,0,0,1,0,1,1,0,0,1,1,1,4,3,2,2,40,1,1,1,60,1,3,2
4300,5.0,5.0,3.0,1.0,5.0,1.0,5.0,5.0,5.0,5.0,3.0,5.0,5.0,1.0,1.0,1.0,5.0,5.0,5.0,3.0,5,5,7,6,5,4,5,3,3,1,1,0,0,0,0,0,0,0,0,0,0,0,0,0,0,1,2,1,1,2,34,1,7,1,10,1,2,5
4301,5.0,5.0,1.0,2.0,1.0,1.0,1.0,5.0,1.0,1.0,1.0,5.0,4.0,2.0,5.0,1.0,1.0,5.0,5.0,5.0,6,4,5,6,7,1,5,5,7,2,1,0,0,1,1,0,0,1,1,1,1,0,1,1,1,1,3,3,1,2,31,1,2,1,60,1,1,2
4302,5.0,4.0,2.0,2.0,2.0,3.0,2.0,5.0,5.0,1.0,1.0,5.0,1.0,1.0,1.0,2.0,3.0,4.0,4.0,1.0,4,6,7,5,4,6,6,3,2,5,1,1,0,1,1,0,0,1,0,1,0,0,0,0,1,1,2,3,2,1,19,1,4,1,10,1,2,2
4303,3.0,4.0,4.0,1.0,5.0,4.0,4.0,5.0,4.0,3.0,1.0,4.0,2.0,2.0,5.0,2.0,2.0,4.0,5.0,1.0,3,6,5,5,7,3,5,5,3,3,1,1,1,1,1,0,0,1,0,1,0,0,1,1,1,1,3,3,1,1,21,1,1,1,60,2,1,1
4304,3.0,1.0,5.0,4.0,1.0,4.0,5.0,4.0,5.0,5.0,4.0,5.0,5.0,5.0,5.0,5.0,5.0,5.0,4.0,2.0,7,4,7,7,6,6,7,4,6,1,1,1,1,1,1,1,0,0,0,1,0,1,0,1,1,1,4,2,2,1,52,1,7,1,60,1,3,2
4305,1.0,1.0,4.0,4.0,1.0,5.0,4.0,2.0,5.0,5.0,4.0,2.0,1.0,4.0,1.0,4.0,5.0,4.0,5.0,1.0,3,3,6,5,6,7,7,6,5,5,1,1,1,1,1,0,0,1,0,1,0,1,1,1,1,1,2,2,1,2,18,1,6,2,10,2,1,2
4306,5.0,5.0,1.0,1.0,5.0,1.0,1.0,3.0,3.0,4.0,1.0,5.0,5.0,1.0,5.0,1.0,1.0,5.0,4.0,5.0,4,5,7,1,7,4,2,1,7,1,1,1,0,1,1,0,1,1,0,1,0,0,1,1,1,1,3,3,1,2,50,1,4,2,0,1,1,2
4307,1.0,4.0,2.0,3.0,4.0,2.0,1.0,2.0,5.0,2.0,1.0,4.0,1.0,2.0,4.0,4.0,2.0,5.0,5.0,1.0,2,6,4,6,3,5,5,4,2,6,1,1,1,1,1,0,0,0,0,1,0,0,1,1,1,1,3,2,1,1,24,1,2,2,60,1,1,3
4308,4.0,5.0,1.0,2.0,5.0,1.0,2.0,5.0,2.0,2.0,1.0,5.0,2.0,2.0,4.0,1.0,1.0,4.0,4.0,4.0,6,6,4,2,5,5,5,3,6,5,1,0,0,1,1,0,0,0,0,1,0,0,0,0,1,1,4,3,1,2,23,1,10,1,10,2,1,1
4309,3.0,1.0,5.0,5.0,4.0,4.0,2.0,4.0,5.0,5.0,1.0,1.0,1.0,2.0,1.0,5.0,2.0,4.0,5.0,3.0,2,5,5,7,6,5,7,5,5,2,1,1,0,1,1,0,0,0,0,1,0,0,0,1,1,1,2,1,2,1,27,2,7,1,60,2,3,2
4310,1.0,4.0,3.0,4.0,2.0,4.0,4.0,2.0,5.0,4.0,4.0,1.0,1.0,2.0,4.0,5.0,3.0,1.0,5.0,2.0,3,2,6,1,5,5,2,2,7,1,1,1,1,1,1,0,0,0,0,1,0,1,1,1,1,1,3,2,1,1,26,1,6,1,60,1,2,1
4311,4.0,1.0,2.0,5.0,4.0,4.0,2.0,4.0,5.0,4.0,1.0,1.0,1.0,1.0,2.0,2.0,1.0,4.0,4.0,5.0,6,5,2,5,7,2,7,7,2,1,1,1,1,1,1,0,0,0,1,1,1,0,1,1,1,1,3,2,2,1,50,1,1,1,60,1,3,1
4312,5.0,4.0,4.0,3.0,5.0,1.0,1.0,4.0,4.0,3.0,2.0,5.0,2.0,2.0,5.0,3.0,2.0,4.0,4.0,1.0,2,4,5,2,6,7,5,5,6,4,1,1,1,1,1,0,0,0,1,1,1,1,1,1,1,1,3,3,1,1,27,1,1,4,60,1,1,2
4313,5.0,5.0,5.0,2.0,5.0,1.0,1.0,5.0,3.0,1.0,1.0,5.0,5.0,1.0,5.0,2.0,1.0,5.0,5.0,1.0,5,5,7,2,7,6,3,3,5,5,1,1,1,1,1,0,0,1,0,1,0,0,1,1,1,1,2,3,2,1,19,1,1,1,70,2,1,5
4314,2.0,2.0,2.0,5.0,5.0,4.0,2.0,2.0,5.0,5.0,4.0,1.0,4.0,4.0,2.0,2.0,4.0,1.0,5.0,1.0,5,5,6,7,3,7,5,3,3,6,1,1,0,1,1,0,0,0,0,1,0,0,1,1,1,1,3,1,2,1,26,1,2,1,60,1,1,6
4315,1.0,1.0,1.0,5.0,1.0,1.0,1.0,1.0,5.0,4.0,2.0,2.0,2.0,3.0,2.0,1.0,2.0,2.0,5.0,1.0,5,6,7,6,7,7,6,1,5,1,1,1,0,1,1,0,0,0,0,1,0,0,1,1,1,1,4,2,1,1,43,1,1,2,60,1,2,1
4316,3.0,2.0,4.0,4.0,2.0,4.0,4.0,2.0,4.0,4.0,2.0,4.0,2.0,4.0,4.0,2.0,4.0,4.0,5.0,4.0,3,2,1,3,5,5,7,1,6,5,1,1,1,1,1,0,1,1,0,1,1,0,1,0,0,0,4,2,2,1,69,2,1,1,60,1,2,3
4317,1.0,2.0,3.0,4.0,1.0,4.0,1.0,1.0,5.0,5.0,3.0,1.0,1.0,1.0,4.0,3.0,5.0,4.0,5.0,1.0,6,5,6,4,6,2,6,1,5,2,1,1,1,1,1,0,0,1,0,1,0,0,1,1,1,1,4,2,1,1,28,1,1,3,60,1,1,2
4318,3.0,3.0,4.0,4.0,4.0,4.0,1.0,3.0,1.0,4.0,1.0,4.0,4.0,2.0,5.0,1.0,1.0,3.0,5.0,2.0,6,5,7,1,7,5,5,2,7,1,1,1,1,1,1,0,0,1,0,1,0,0,1,1,1,1,2,3,1,2,27,1,2,3,60,1,1,2
4319,1.0,4.0,1.0,5.0,2.0,2.0,4.0,4.0,5.0,5.0,1.0,1.0,4.0,4.0,4.0,1.0,2.0,2.0,5.0,1.0,4,2,6,5,6,3,7,1,6,6,1,1,0,1,1,0,0,1,0,1,0,0,0,1,1,1,3,2,2,1,57,1,7,1,60,1,3,3
4320,5.0,1.0,1.0,3.0,4.0,2.0,1.0,2.0,3.0,2.0,1.0,5.0,5.0,1.0,1.0,1.0,1.0,5.0,5.0,4.0,6,7,5,5,4,4,5,1,3,1,1,1,0,1,1,0,0,0,0,1,0,0,0,1,1,1,3,3,2,2,45,1,7,1,60,2,3,2
4321,5.0,5.0,1.0,1.0,5.0,1.0,1.0,5.0,5.0,5.0,1.0,5.0,5.0,1.0,5.0,1.0,5.0,5.0,5.0,5.0,1,1,7,1,7,7,1,1,7,1,1,0,0,1,0,0,0,0,0,1,0,0,0,1,0,1,3,3,1,1,23,1,4,1,60,1,1,3
4322,1.0,1.0,5.0,5.0,1.0,2.0,4.0,1.0,5.0,5.0,3.0,1.0,1.0,4.0,3.0,2.0,3.0,3.0,4.0,1.0,6,1,5,1,7,5,7,5,7,1,1,1,1,1,1,0,1,1,0,1,0,0,1,1,1,1,4,2,2,1,56,1,2,2,60,1,2,5
4323,5.0,5.0,3.0,4.0,5.0,1.0,1.0,5.0,5.0,4.0,1.0,5.0,2.0,1.0,5.0,1.0,3.0,5.0,5.0,3.0,5,7,5,6,7,5,6,5,1,1,1,1,0,1,1,0,0,1,0,1,0,0,1,1,1,1,2,1,1,1,19,1,12,1,70,1,1,2
4324,2.0,1.0,5.0,5.0,1.0,2.0,1.0,1.0,5.0,1.0,1.0,2.0,1.0,1.0,1.0,4.0,1.0,4.0,5.0,1.0,6,1,7,1,6,7,7,5,7,2,0,0,0,0,0,0,0,1,0,0,0,0,0,0,0,0,4,1,1,2,36,1,3,1,10,2,2,3
4325,4.0,3.0,3.0,2.0,4.0,3.0,2.0,3.0,3.0,3.0,2.0,2.0,2.0,2.0,5.0,1.0,3.0,4.0,4.0,1.0,2,4,5,4,5,7,5,3,6,3,1,1,0,1,1,0,0,0,1,1,0,0,0,0,1,1,2,2,1,1,18,1,1,4,60,1,1,4
4326,2.0,1.0,5.0,5.0,4.0,5.0,5.0,2.0,5.0,5.0,2.0,4.0,2.0,3.0,3.0,3.0,5.0,2.0,2.0,1.0,2,5,3,5,5,4,6,6,6,1,1,1,1,1,1,0,0,0,0,1,0,0,1,1,1,1,3,1,1,1,45,1,4,1,60,1,2,4
4327,1.0,3.0,4.0,5.0,3.0,5.0,5.0,2.0,5.0,5.0,2.0,1.0,1.0,5.0,5.0,5.0,2.0,5.0,2.0,1.0,7,4,6,4,5,4,7,2,7,5,1,0,0,1,1,0,0,0,0,1,0,0,0,1,1,1,2,1,2,1,19,1,10,1,20,2,1,4
4328,2.0,4.0,1.0,2.0,4.0,1.0,1.0,2.0,3.0,4.0,2.0,4.0,2.0,2.0,4.0,3.0,2.0,5.0,5.0,4.0,2,6,5,6,6,6,5,5,3,2,1,1,0,1,1,0,0,0,0,1,0,0,1,1,1,1,3,3,1,1,22,1,9,1,60,2,1,3
4329,1.0,4.0,1.0,4.0,1.0,5.0,4.0,4.0,5.0,2.0,2.0,1.0,2.0,4.0,1.0,5.0,2.0,1.0,5.0,1.0,2,5,6,6,2,6,5,1,6,7,1,1,1,1,1,0,0,0,0,1,0,0,1,1,1,1,3,2,2,1,20,1,5,1,60,1,1,4
4330,4.0,3.0,5.0,5.0,5.0,5.0,4.0,1.0,3.0,4.0,3.0,1.0,1.0,1.0,4.0,4.0,5.0,5.0,5.0,5.0,5,7,3,1,7,4,5,4,7,1,1,1,1,1,1,0,0,1,0,1,0,0,1,1,1,1,3,2,1,2,34,1,2,1,70,1,1,1
4331,4.0,4.0,4.0,4.0,4.0,2.0,2.0,4.0,2.0,4.0,2.0,5.0,4.0,2.0,5.0,2.0,2.0,5.0,4.0,4.0,5,7,7,6,6,3,5,3,3,3,1,0,0,1,1,1,0,1,0,1,0,0,0,1,1,1,4,1,1,2,35,1,6,1,10,1,2,3
4332,2.0,3.0,1.0,5.0,2.0,3.0,1.0,2.0,5.0,3.0,1.0,4.0,4.0,2.0,4.0,1.0,1.0,4.0,4.0,4.0,6,6,5,2,7,2,3,4,6,3,1,1,0,1,1,0,1,0,0,1,1,0,1,1,1,1,4,1,1,1,34,1,2,1,60,1,2,1
4333,1.0,1.0,3.0,5.0,4.0,3.0,4.0,2.0,5.0,3.0,2.0,5.0,3.0,2.0,3.0,4.0,3.0,1.0,5.0,3.0,7,4,5,5,7,1,7,5,5,1,1,1,0,1,1,0,0,0,0,1,0,0,0,1,1,1,2,1,2,1,41,1,4,1,60,1,3,2
4334,5.0,5.0,1.0,1.0,5.0,1.0,1.0,5.0,1.0,1.0,1.0,5.0,1.0,1.0,5.0,1.0,5.0,5.0,5.0,1.0,3,3,1,4,7,1,6,3,1,1,1,1,0,1,1,0,0,0,0,1,0,0,1,1,1,1,2,2,2,2,16,1,10,1,10,2,0,2
4335,5.0,5.0,5.0,1.0,5.0,1.0,1.0,5.0,5.0,1.0,1.0,5.0,5.0,1.0,5.0,1.0,1.0,5.0,5.0,5.0,1,7,7,1,7,7,7,1,7,1,1,1,0,1,1,0,0,1,0,1,1,1,1,1,1,1,3,1,1,2,33,1,2,1,60,2,1,4
4336,2.0,3.0,4.0,2.0,2.0,4.0,3.0,2.0,5.0,4.0,3.0,3.0,1.0,4.0,4.0,2.0,2.0,2.0,2.0,1.0,3,1,6,5,4,2,5,1,6,3,1,1,1,1,1,0,0,0,0,1,0,0,1,1,1,1,3,3,2,2,27,1,7,0,10,1,1,2
4337,5.0,5.0,3.0,3.0,5.0,1.0,1.0,4.0,1.0,1.0,1.0,5.0,3.0,1.0,3.0,1.0,3.0,5.0,5.0,1.0,1,2,4,5,7,7,4,5,1,1,1,1,0,1,1,0,0,1,0,1,0,1,1,1,1,1,2,1,2,1,27,1,12,4,60,2,1,8
4338,1.0,5.0,1.0,1.0,5.0,5.0,1.0,5.0,4.0,5.0,1.0,4.0,1.0,1.0,5.0,5.0,1.0,5.0,5.0,1.0,6,6,5,5,7,7,5,1,7,1,1,1,0,1,1,0,0,0,0,1,0,0,0,0,1,1,2,3,1,1,34,2,7,1,60,2,1,3
4339,2.0,3.0,4.0,5.0,1.0,1.0,1.0,1.0,5.0,5.0,1.0,1.0,1.0,4.0,3.0,1.0,1.0,4.0,5.0,1.0,6,5,6,5,7,6,7,5,5,1,1,1,0,1,1,0,0,0,0,1,0,0,1,1,1,1,3,2,1,1,48,1,1,1,70,2,1,2
4340,1.0,1.0,5.0,5.0,1.0,5.0,3.0,1.0,5.0,5.0,5.0,1.0,1.0,3.0,1.0,5.0,1.0,1.0,3.0,1.0,7,4,5,2,7,1,7,4,7,1,1,1,0,1,1,1,0,0,0,1,0,0,1,1,1,1,4,2,2,1,41,1,5,1,30,1,2,2
4341,1.0,1.0,5.0,3.0,4.0,2.0,2.0,3.0,4.0,3.0,3.0,1.0,1.0,3.0,4.0,2.0,2.0,3.0,4.0,1.0,6,6,5,6,0,0,0,0,0,0,1,1,1,1,1,0,1,1,0,1,1,1,1,1,1,1,4,2,2,1,50,1,0,0,0,1,2,1
4342,2.0,2.0,4.0,2.0,5.0,5.0,5.0,3.0,4.0,5.0,1.0,5.0,4.0,1.0,2.0,2.0,1.0,4.0,5.0,2.0,2,4,2,1,6,3,5,3,3,7,1,1,1,1,1,0,1,1,0,1,1,0,1,1,1,1,3,1,2,1,43,1,2,1,60,1,1,4
4343,1.0,1.0,3.0,5.0,4.0,2.0,5.0,1.0,5.0,5.0,2.0,2.0,1.0,3.0,3.0,4.0,5.0,5.0,1.0,1.0,5,5,6,2,2,5,7,1,4,3,1,1,0,1,1,0,0,0,0,1,0,0,0,1,0,1,4,1,1,2,39,1,12,2,10,2,2,6
4344,5.0,5.0,3.0,3.0,5.0,4.0,2.0,5.0,3.0,2.0,2.0,4.0,2.0,3.0,5.0,2.0,2.0,5.0,5.0,2.0,7,5,7,4,7,4,6,1,6,2,0,1,0,1,1,0,0,0,0,1,0,0,0,0,1,1,3,3,1,2,30,1,3,1,10,2,1,2
4345,5.0,4.0,3.0,1.0,5.0,4.0,1.0,5.0,3.0,2.0,2.0,4.0,3.0,3.0,4.0,1.0,1.0,3.0,5.0,3.0,3,4,7,4,6,7,4,3,7,7,1,1,1,1,1,0,0,0,0,1,0,0,1,1,1,1,3,2,1,1,26,1,6,1,60,1,1,3
4346,5.0,5.0,2.0,1.0,5.0,2.0,1.0,3.0,3.0,2.0,1.0,4.0,3.0,3.0,3.0,5.0,1.0,4.0,5.0,5.0,1,7,5,7,5,6,3,5,1,4,0,1,1,1,0,0,0,0,0,0,0,0,1,0,0,0,2,3,2,2,19,0,1,2,70,1,1,1
4347,2.0,1.0,4.0,2.0,4.0,3.0,1.0,4.0,5.0,4.0,2.0,4.0,2.0,2.0,1.0,2.0,2.0,3.0,5.0,4.0,1,3,6,4,6,7,5,2,6,1,1,1,1,1,1,0,0,1,0,1,1,0,1,1,1,1,3,3,2,2,28,1,12,1,60,1,1,3
4348,3.0,4.0,1.0,4.0,4.0,3.0,1.0,2.0,1.0,3.0,1.0,2.0,3.0,1.0,4.0,1.0,1.0,4.0,5.0,1.0,3,5,6,2,7,5,3,5,6,2,1,1,1,1,1,0,1,1,0,1,1,0,1,1,1,1,3,2,1,1,29,1,2,1,60,1,1,3
4349,4.0,1.0,4.0,4.0,5.0,5.0,5.0,4.0,5.0,4.0,3.0,2.0,2.0,2.0,3.0,2.0,1.0,1.0,4.0,5.0,6,6,5,3,6,2,6,2,4,3,0,0,0,0,0,0,0,0,0,1,0,0,0,0,0,1,4,1,2,2,33,1,0,0,10,2,1,2
4350,1.0,1.0,5.0,5.0,1.0,5.0,2.0,1.0,5.0,3.0,4.0,1.0,1.0,5.0,3.0,5.0,5.0,1.0,3.0,3.0,6,1,7,5,6,5,6,5,5,3,1,1,1,1,1,0,0,0,0,1,0,0,0,1,0,1,3,2,2,1,37,2,4,1,60,1,2,1
4351,2.0,1.0,2.0,4.0,1.0,4.0,2.0,3.0,5.0,5.0,2.0,2.0,1.0,1.0,4.0,4.0,1.0,5.0,5.0,1.0,3,1,5,1,6,4,7,4,6,3,1,1,0,1,1,0,0,0,0,1,0,0,1,1,1,1,2,3,1,1,22,1,7,1,10,2,1,2
4352,1.0,4.0,4.0,1.0,3.0,5.0,5.0,4.0,5.0,5.0,1.0,4.0,5.0,1.0,1.0,1.0,4.0,1.0,1.0,2.0,5,6,7,4,5,5,5,1,6,1,1,1,1,1,1,0,0,0,0,1,0,0,1,1,1,1,3,3,2,1,44,1,6,1,60,1,2,6
4353,5.0,4.0,4.0,1.0,5.0,3.0,1.0,4.0,1.0,2.0,1.0,5.0,2.0,3.0,4.0,1.0,1.0,5.0,5.0,5.0,4,6,6,1,7,2,5,5,6,1,1,1,1,1,1,0,0,1,0,1,0,0,1,1,1,1,2,2,1,2,18,1,6,1,60,2,1,2
4354,1.0,1.0,2.0,4.0,1.0,5.0,4.0,1.0,5.0,5.0,4.0,2.0,1.0,4.0,1.0,4.0,5.0,1.0,5.0,1.0,2,1,6,5,5,6,6,7,6,3,1,1,1,1,1,0,0,0,0,1,0,0,1,1,1,1,3,1,2,1,27,1,1,1,60,1,1,4
4355,4.0,4.0,3.0,1.0,4.0,2.0,2.0,3.0,4.0,4.0,2.0,3.0,4.0,3.0,5.0,2.0,3.0,4.0,4.0,3.0,2,2,6,2,6,6,4,2,6,2,1,1,1,1,1,0,0,0,1,0,1,0,1,1,1,1,3,2,2,1,38,1,9,1,60,1,1,1
4356,2.0,5.0,5.0,5.0,5.0,5.0,2.0,5.0,5.0,5.0,1.0,1.0,1.0,3.0,5.0,5.0,5.0,5.0,1.0,1.0,2,5,7,6,6,6,7,4,7,1,1,1,1,1,1,1,0,0,0,1,0,0,1,1,1,1,2,2,1,1,56,1,4,1,60,1,2,4
4357,4.0,2.0,2.0,2.0,4.0,3.0,3.0,1.0,5.0,5.0,2.0,5.0,4.0,1.0,4.0,5.0,2.0,4.0,5.0,1.0,6,7,6,5,3,3,2,4,2,1,1,1,0,1,1,1,1,1,0,0,0,0,1,1,1,1,3,3,1,1,23,1,2,1,60,2,1,2
4358,1.0,1.0,4.0,5.0,3.0,4.0,5.0,1.0,4.0,4.0,1.0,5.0,1.0,3.0,4.0,1.0,4.0,4.0,5.0,4.0,7,6,7,1,7,2,5,4,7,2,1,1,0,1,1,0,0,0,0,1,0,0,0,1,1,1,4,2,1,2,22,1,2,1,60,1,1,2
4359,4.0,4.0,4.0,4.0,4.0,4.0,2.0,4.0,4.0,2.0,1.0,2.0,2.0,2.0,5.0,2.0,1.0,5.0,5.0,2.0,6,5,5,3,6,3,7,5,5,3,1,0,1,1,1,0,0,1,0,1,0,0,1,1,1,1,3,2,1,1,25,1,2,1,60,1,2,2
4360,5.0,5.0,1.0,1.0,5.0,3.0,1.0,1.0,4.0,1.0,1.0,5.0,5.0,3.0,5.0,3.0,3.0,5.0,5.0,5.0,4,1,3,5,7,3,6,3,6,4,1,1,0,1,1,0,0,0,0,1,0,0,1,1,1,1,3,3,1,2,33,1,7,1,70,2,3,4
4361,3.0,5.0,5.0,4.0,4.0,2.0,4.0,1.0,4.0,4.0,3.0,4.0,4.0,4.0,2.0,2.0,2.0,5.0,5.0,2.0,4,6,6,2,6,2,6,1,7,2,0,0,0,0,0,0,0,0,0,1,0,0,0,0,0,0,3,3,1,2,55,1,10,1,60,1,2,4
4362,3.0,4.0,4.0,4.0,3.0,4.0,4.0,1.0,4.0,4.0,2.0,1.0,1.0,3.0,2.0,4.0,4.0,2.0,4.0,3.0,4,1,6,5,7,4,7,3,7,2,1,1,1,1,1,0,0,0,0,1,0,1,1,1,1,1,3,3,1,1,25,1,2,1,60,2,1,1
4363,1.0,1.0,2.0,5.0,2.0,5.0,2.0,1.0,5.0,4.0,5.0,4.0,1.0,4.0,4.0,5.0,2.0,1.0,4.0,1.0,5,5,6,2,5,4,6,1,6,3,1,1,0,1,1,0,0,0,0,1,0,0,1,1,1,1,3,1,1,1,32,1,7,1,60,1,2,4
4364,2.0,2.0,5.0,5.0,5.0,3.0,1.0,5.0,5.0,5.0,2.0,2.0,4.0,1.0,3.0,1.0,2.0,5.0,5.0,2.0,6,6,5,5,4,5,7,2,3,1,1,1,0,1,1,0,0,0,0,1,0,0,0,1,1,1,2,3,2,2,18,1,2,1,60,1,1,1
4365,4.0,4.0,4.0,3.0,3.0,5.0,4.0,2.0,5.0,3.0,2.0,3.0,1.0,2.0,3.0,2.0,2.0,4.0,4.0,1.0,7,5,7,5,4,1,7,1,4,1,1,1,1,1,1,0,0,1,0,1,0,0,1,1,1,1,4,3,2,2,25,1,4,1,60,2,1,2
4366,5.0,3.0,3.0,3.0,4.0,2.0,1.0,4.0,2.0,3.0,2.0,2.0,4.0,2.0,4.0,2.0,4.0,4.0,4.0,3.0,4,5,4,3,6,5,5,6,3,2,1,1,0,1,1,0,0,0,0,1,0,0,1,1,1,1,2,1,1,1,19,1,1,1,60,1,1,2
4367,5.0,4.0,1.0,2.0,5.0,1.0,1.0,4.0,3.0,1.0,1.0,5.0,3.0,1.0,4.0,1.0,1.0,3.0,5.0,4.0,5,6,7,1,6,5,6,1,7,4,1,1,0,1,1,0,0,0,0,1,1,0,1,1,1,1,3,2,1,1,27,1,2,1,60,1,1,3
4368,1.0,4.0,1.0,1.0,2.0,1.0,1.0,1.0,5.0,2.0,1.0,2.0,1.0,1.0,1.0,1.0,5.0,5.0,5.0,1.0,1,5,7,0,3,7,6,5,7,2,1,1,0,1,1,0,0,0,0,1,0,0,1,0,1,1,3,1,1,1,21,1,8,1,10,2,1,2
4369,5.0,4.0,3.0,1.0,5.0,1.0,1.0,4.0,3.0,1.0,1.0,5.0,5.0,1.0,3.0,5.0,1.0,5.0,5.0,3.0,2,6,5,5,4,7,6,2,6,4,1,1,0,1,1,0,0,0,0,1,0,0,1,1,1,1,2,1,1,1,33,1,7,1,60,1,1,2
4370,4.0,5.0,1.0,1.0,5.0,3.0,1.0,5.0,2.0,2.0,2.0,5.0,3.0,1.0,5.0,5.0,1.0,2.0,5.0,4.0,6,6,6,5,7,4,2,5,3,1,1,1,0,1,1,0,0,1,0,1,0,1,1,1,1,1,1,2,1,1,26,2,7,1,60,2,3,1
4371,2.0,5.0,4.0,4.0,5.0,2.0,2.0,2.0,3.0,2.0,3.0,4.0,4.0,3.0,4.0,2.0,3.0,4.0,5.0,5.0,6,3,7,2,7,5,6,2,5,1,1,1,0,1,1,0,0,0,0,1,0,0,1,1,1,1,3,3,2,1,18,1,12,2,60,2,1,3
4372,3.0,2.0,4.0,2.0,5.0,4.0,4.0,4.0,2.0,4.0,2.0,4.0,5.0,2.0,4.0,2.0,4.0,2.0,5.0,4.0,6,4,7,3,7,5,6,2,7,1,1,1,0,1,1,0,0,0,0,1,0,0,0,0,1,1,2,3,1,1,18,1,1,1,30,1,1,3
4373,5.0,4.0,3.0,2.0,5.0,3.0,1.0,2.0,4.0,1.0,2.0,5.0,5.0,1.0,5.0,1.0,1.0,2.0,5.0,1.0,6,6,2,7,5,1,3,7,2,1,1,1,1,1,1,0,0,1,0,1,0,0,1,1,1,1,3,2,2,1,33,1,2,1,60,1,2,3
4374,1.0,2.0,1.0,4.0,2.0,4.0,4.0,2.0,5.0,3.0,3.0,1.0,1.0,3.0,4.0,2.0,5.0,1.0,4.0,2.0,7,5,5,2,5,1,5,2,5,7,0,0,0,0,0,0,0,0,0,0,0,0,0,0,0,1,3,3,1,1,27,1,7,1,30,1,2,3
4375,1.0,2.0,3.0,4.0,3.0,4.0,4.0,1.0,5.0,3.0,1.0,1.0,3.0,2.0,4.0,4.0,1.0,1.0,5.0,1.0,7,2,7,5,7,2,7,1,3,1,1,1,1,1,1,0,1,1,0,1,1,1,1,1,1,1,4,2,2,1,38,1,12,2,60,1,2,2
4376,2.0,1.0,4.0,2.0,2.0,4.0,2.0,1.0,5.0,5.0,4.0,4.0,2.0,1.0,1.0,4.0,4.0,1.0,5.0,1.0,3,2,6,2,6,5,6,3,6,5,1,1,0,1,1,0,0,0,0,1,0,0,1,1,1,1,2,3,1,1,19,1,1,1,60,1,1,2
4377,5.0,4.0,1.0,1.0,5.0,1.0,1.0,5.0,2.0,2.0,1.0,5.0,4.0,1.0,5.0,1.0,5.0,4.0,5.0,5.0,5,5,6,5,7,3,6,5,5,1,1,1,1,1,1,0,1,1,0,1,1,1,1,1,0,1,3,3,1,1,43,2,2,1,60,1,1,2
4378,4.0,4.0,4.0,5.0,2.0,1.0,1.0,4.0,5.0,5.0,1.0,4.0,1.0,4.0,5.0,2.0,2.0,2.0,1.0,1.0,7,6,7,3,7,1,6,6,6,1,1,1,1,1,1,0,1,1,0,1,0,1,1,1,1,1,3,2,1,1,44,1,4,1,70,1,1,2
4379,3.0,4.0,1.0,1.0,5.0,3.0,1.0,5.0,1.0,3.0,1.0,5.0,1.0,1.0,2.0,4.0,1.0,5.0,5.0,3.0,2,4,3,2,6,7,5,7,6,1,1,1,1,1,1,0,0,1,0,1,0,0,1,1,1,1,3,3,2,2,26,1,4,1,70,2,1,1
4380,4.0,3.0,4.0,3.0,4.0,2.0,1.0,3.0,2.0,3.0,2.0,1.0,2.0,3.0,3.0,4.0,3.0,3.0,4.0,2.0,4,5,5,4,6,5,4,6,5,1,1,1,1,1,1,0,0,1,0,1,0,0,1,1,1,1,1,3,2,2,13,1,1,2,10,2,1,2
4381,3.0,1.0,2.0,5.0,1.0,4.0,2.0,2.0,5.0,4.0,3.0,2.0,1.0,3.0,1.0,3.0,4.0,1.0,1.0,1.0,6,4,6,2,5,2,5,3,6,7,1,1,0,1,1,0,0,0,0,1,0,0,1,0,1,1,4,1,1,1,32,1,4,1,60,1,2,3
4382,1.0,2.0,2.0,4.0,3.0,4.0,2.0,3.0,5.0,3.0,2.0,5.0,2.0,3.0,3.0,4.0,4.0,2.0,3.0,2.0,2,2,6,2,5,5,3,2,6,6,1,1,0,1,1,0,1,0,0,1,0,0,1,1,1,1,3,2,1,1,32,1,6,1,10,1,2,2
4383,3.0,3.0,1.0,1.0,5.0,2.0,1.0,4.0,3.0,2.0,1.0,5.0,2.0,1.0,5.0,3.0,1.0,4.0,5.0,2.0,2,4,4,7,4,6,7,2,2,2,1,1,0,1,0,0,0,0,0,1,0,0,0,0,1,1,4,3,2,1,26,1,4,1,60,1,1,1
4384,1.0,1.0,4.0,3.0,5.0,1.0,1.0,4.0,3.0,3.0,1.0,1.0,2.0,1.0,4.0,5.0,4.0,4.0,4.0,1.0,2,5,3,5,6,7,5,5,3,4,1,1,1,1,1,0,0,0,0,1,0,0,1,1,1,1,2,2,1,1,17,1,2,1,60,2,1,3
4385,3.0,3.0,3.0,2.0,3.0,1.0,1.0,3.0,5.0,1.0,1.0,4.0,3.0,3.0,3.0,4.0,1.0,3.0,5.0,1.0,1,7,7,6,3,5,4,6,7,2,1,1,1,1,1,0,0,1,0,1,0,0,1,1,1,1,3,2,1,1,23,1,1,2,70,1,1,0
4386,4.0,2.0,2.0,3.0,2.0,2.0,1.0,4.0,4.0,4.0,2.0,4.0,4.0,2.0,4.0,2.0,2.0,2.0,4.0,1.0,1,6,5,5,6,7,1,6,5,2,1,1,0,1,1,0,0,0,0,1,0,0,0,1,1,1,2,2,1,1,20,1,1,1,70,1,1,1
4387,4.0,4.0,5.0,2.0,4.0,5.0,4.0,2.0,2.0,4.0,1.0,4.0,1.0,1.0,2.0,4.0,4.0,4.0,4.0,1.0,3,6,3,5,2,5,5,5,3,5,1,1,0,1,1,0,0,1,0,1,0,0,1,1,1,1,3,3,1,2,39,1,7,1,60,1,2,1
4388,1.0,5.0,4.0,4.0,5.0,5.0,5.0,2.0,3.0,5.0,1.0,5.0,5.0,2.0,2.0,2.0,3.0,4.0,5.0,2.0,6,3,3,5,7,6,7,1,4,1,1,1,1,1,1,1,0,0,0,1,0,0,0,1,1,1,2,1,2,2,20,1,7,1,60,2,1,2
4389,1.0,2.0,2.0,5.0,2.0,4.0,3.0,3.0,5.0,3.0,3.0,4.0,1.0,2.0,1.0,3.0,3.0,1.0,3.0,1.0,7,1,7,2,7,1,7,5,6,1,0,0,0,0,0,0,0,0,0,0,0,0,0,0,0,0,4,1,1,1,59,1,12,2,60,1,3,4
4390,1.0,5.0,3.0,1.0,5.0,1.0,1.0,5.0,2.0,1.0,1.0,5.0,1.0,1.0,2.0,1.0,1.0,5.0,5.0,1.0,6,7,6,7,7,2,7,1,3,1,1,1,1,1,1,1,0,1,0,1,1,0,1,1,1,1,0,1,2,2,63,1,2,1,60,1,3,0
4391,4.0,4.0,1.0,1.0,5.0,2.0,1.0,5.0,3.0,2.0,1.0,5.0,4.0,2.0,4.0,3.0,1.0,5.0,5.0,4.0,4,6,5,1,7,7,1,3,6,5,1,1,0,1,1,0,1,0,0,1,0,1,1,1,1,1,3,1,1,2,24,1,8,1,10,1,1,3
4392,4.0,5.0,4.0,4.0,4.0,2.0,2.0,4.0,4.0,2.0,2.0,4.0,2.0,2.0,2.0,2.0,2.0,2.0,4.0,1.0,6,3,4,5,7,2,7,6,5,2,1,1,1,1,1,0,1,1,0,1,0,0,1,1,1,1,4,1,1,1,32,1,6,1,60,1,3,4
4393,3.0,2.0,3.0,4.0,3.0,3.0,3.0,2.0,4.0,3.0,3.0,4.0,1.0,4.0,2.0,2.0,1.0,2.0,2.0,3.0,6,5,5,5,5,3,4,5,4,3,1,1,0,1,1,0,0,0,0,1,0,0,1,0,1,1,3,1,1,1,25,1,6,1,60,1,2,2
4394,4.0,4.0,3.0,1.0,4.0,1.0,2.0,5.0,3.0,5.0,2.0,4.0,3.0,2.0,3.0,4.0,2.0,3.0,4.0,5.0,5,5,6,6,3,6,7,4,2,3,1,0,0,1,0,0,0,0,0,0,0,0,0,0,0,1,3,1,2,2,28,1,2,1,60,1,1,1
4395,3.0,4.0,1.0,4.0,5.0,5.0,1.0,5.0,5.0,5.0,2.0,5.0,2.0,2.0,5.0,1.0,1.0,5.0,5.0,1.0,5,5,4,5,7,5,7,7,3,1,1,1,0,1,1,0,0,1,0,1,1,0,1,1,1,1,2,1,1,1,26,1,2,1,60,1,1,4
4396,4.0,3.0,1.0,3.0,5.0,2.0,2.0,3.0,3.0,4.0,2.0,3.0,5.0,1.0,5.0,2.0,2.0,5.0,5.0,2.0,2,3,6,1,5,6,4,1,7,1,1,1,1,1,1,0,0,0,0,1,0,1,1,1,1,1,2,2,1,2,18,1,6,2,10,2,1,1
4397,3.0,1.0,4.0,5.0,2.0,4.0,4.0,4.0,5.0,5.0,3.0,5.0,1.0,3.0,3.0,5.0,2.0,4.0,5.0,1.0,4,4,6,5,6,6,4,4,4,4,1,1,0,1,1,0,0,1,0,1,0,0,1,1,1,1,4,1,1,1,39,1,4,1,60,1,2,2
4398,4.0,1.0,4.0,5.0,1.0,4.0,1.0,1.0,5.0,5.0,2.0,3.0,2.0,4.0,2.0,4.0,4.0,1.0,5.0,2.0,5,7,3,6,7,5,7,6,1,2,1,1,0,1,1,0,0,1,0,1,1,0,1,1,1,1,3,3,2,2,27,1,12,1,60,2,1,2
4399,5.0,5.0,1.0,1.0,5.0,1.0,1.0,1.0,5.0,5.0,1.0,5.0,5.0,1.0,5.0,1.0,5.0,5.0,1.0,5.0,1,1,7,7,7,7,1,1,7,7,1,1,0,1,0,0,0,0,0,1,0,0,0,0,1,1,3,1,1,2,21,1,10,0,10,2,1,2
4400,2.0,2.0,4.0,2.0,4.0,4.0,2.0,4.0,5.0,4.0,1.0,4.0,2.0,1.0,2.0,5.0,2.0,2.0,5.0,1.0,3,5,6,1,6,5,6,5,6,3,1,1,1,1,1,0,1,1,0,1,0,0,1,1,1,1,3,2,1,1,31,1,1,1,60,2,2,4
4401,1.0,3.0,5.0,4.0,3.0,4.0,2.0,1.0,5.0,3.0,1.0,2.0,1.0,3.0,3.0,2.0,2.0,2.0,4.0,1.0,3,4,6,3,7,6,6,4,5,1,1,1,1,1,1,0,1,1,0,1,1,0,1,1,1,1,3,2,2,1,42,1,12,1,70,2,1,4
4402,2.0,1.0,2.0,2.0,4.0,5.0,4.0,1.0,4.0,5.0,1.0,2.0,4.0,2.0,3.0,2.0,4.0,4.0,5.0,5.0,1,7,5,2,2,7,3,1,5,5,1,1,1,1,1,0,0,1,0,1,0,0,1,1,1,1,4,1,1,2,23,1,1,1,60,1,1,2
4403,5.0,5.0,1.0,1.0,5.0,1.0,1.0,5.0,1.0,1.0,1.0,5.0,3.0,1.0,4.0,1.0,1.0,4.0,5.0,3.0,1,7,4,1,5,5,3,4,7,2,1,1,1,1,1,0,0,0,0,1,0,0,1,1,1,1,3,3,1,2,22,1,3,1,10,2,1,2
4404,1.0,4.0,3.0,5.0,2.0,3.0,3.0,2.0,5.0,4.0,3.0,4.0,1.0,2.0,3.0,3.0,5.0,1.0,3.0,3.0,5,4,5,3,5,3,5,2,6,4,1,1,0,1,1,0,0,0,0,1,0,1,1,1,1,1,3,2,1,1,28,1,9,1,60,1,2,2
4405,3.0,4.0,4.0,3.0,2.0,2.0,1.0,4.0,5.0,3.0,1.0,4.0,4.0,4.0,5.0,2.0,3.0,4.0,5.0,4.0,1,6,2,5,4,7,2,6,7,2,1,1,0,1,0,0,0,1,0,1,0,0,1,1,1,1,3,1,1,2,21,3,2,1,60,1,1,2
4406,4.0,4.0,1.0,3.0,5.0,1.0,1.0,5.0,1.0,1.0,1.0,5.0,5.0,1.0,5.0,2.0,1.0,5.0,5.0,1.0,6,2,5,7,5,3,2,6,2,4,1,1,1,1,1,0,1,0,0,1,0,0,1,1,1,1,1,2,2,1,15,1,4,3,10,2,1,6
4407,3.0,4.0,5.0,1.0,4.0,2.0,2.0,4.0,5.0,2.0,1.0,4.0,2.0,2.0,5.0,5.0,1.0,4.0,3.0,1.0,6,7,6,1,5,3,5,3,7,5,1,1,1,1,1,0,0,1,0,1,0,0,1,1,1,1,3,2,2,1,17,1,4,1,60,2,1,4
4408,2.0,3.0,3.0,4.0,5.0,3.0,1.0,2.0,4.0,2.0,1.0,2.0,3.0,2.0,4.0,1.0,1.0,4.0,5.0,1.0,2,5,5,4,5,3,5,2,3,3,1,1,1,1,1,0,1,1,0,1,1,0,1,1,1,1,4,3,1,1,35,1,12,1,70,1,2,2
4409,4.0,3.0,4.0,3.0,1.0,4.0,1.0,3.0,5.0,5.0,4.0,3.0,2.0,2.0,2.0,3.0,3.0,5.0,5.0,1.0,1,6,2,7,5,4,4,5,2,2,1,1,1,1,1,0,0,0,0,1,1,0,1,1,1,1,3,3,2,1,29,1,2,2,10,1,1,3
4410,5.0,4.0,1.0,2.0,4.0,1.0,1.0,5.0,4.0,4.0,1.0,5.0,5.0,1.0,5.0,2.0,5.0,5.0,5.0,3.0,6,1,6,1,7,2,4,5,7,1,1,1,1,1,1,0,1,1,0,1,1,1,1,1,1,1,4,2,1,1,53,2,3,1,60,1,1,4
4411,3.0,4.0,2.0,4.0,2.0,4.0,1.0,2.0,5.0,4.0,1.0,2.0,1.0,3.0,3.0,5.0,4.0,4.0,5.0,1.0,6,5,6,2,7,2,3,2,6,3,1,1,1,1,1,0,0,0,0,1,0,0,1,1,1,1,2,2,2,1,20,1,1,1,60,1,1,1
4412,4.0,2.0,2.0,1.0,3.0,5.0,2.0,5.0,5.0,5.0,2.0,4.0,2.0,3.0,2.0,1.0,5.0,5.0,5.0,1.0,2,4,3,2,3,2,3,1,6,5,1,1,0,1,0,0,0,0,0,1,0,0,0,1,1,1,4,3,2,2,24,1,1,2,60,1,2,0
4413,5.0,4.0,2.0,5.0,2.0,2.0,1.0,4.0,5.0,2.0,3.0,5.0,3.0,2.0,4.0,4.0,2.0,4.0,4.0,1.0,5,7,7,1,7,5,2,2,6,5,1,1,1,1,1,0,1,1,0,1,0,0,1,1,1,1,3,2,1,1,37,1,6,1,60,1,1,2
4414,1.0,1.0,4.0,3.0,4.0,5.0,5.0,3.0,5.0,4.0,2.0,4.0,1.0,3.0,1.0,4.0,2.0,1.0,5.0,1.0,7,1,7,1,7,1,7,1,5,1,1,1,1,1,1,0,1,0,0,1,0,0,1,1,1,1,3,1,2,1,57,1,12,2,60,1,3,2
4415,4.0,3.0,2.0,3.0,4.0,2.0,2.0,2.0,2.0,2.0,2.0,5.0,2.0,2.0,3.0,1.0,1.0,4.0,5.0,2.0,1,5,6,5,4,7,2,3,4,5,1,1,0,1,1,0,0,0,0,1,0,0,1,1,1,1,4,2,1,1,23,1,4,1,60,2,1,1
4416,4.0,5.0,4.0,3.0,2.0,1.0,2.0,4.0,4.0,3.0,2.0,3.0,2.0,2.0,5.0,3.0,3.0,4.0,4.0,3.0,7,5,6,5,5,4,7,7,3,1,1,1,0,1,1,0,0,1,0,1,0,0,1,1,1,1,2,2,1,1,21,1,2,2,60,1,1,2
4417,2.0,4.0,4.0,1.0,3.0,4.0,2.0,1.0,4.0,3.0,2.0,2.0,5.0,2.0,3.0,4.0,1.0,4.0,5.0,4.0,6,7,7,3,2,2,6,1,7,4,1,1,0,1,1,0,0,0,0,1,0,0,1,1,1,1,2,2,2,2,20,1,2,2,60,2,1,2
4418,3.0,4.0,3.0,4.0,3.0,5.0,2.0,3.0,4.0,5.0,5.0,4.0,1.0,4.0,3.0,5.0,1.0,2.0,1.0,3.0,7,5,7,5,7,1,6,5,6,1,1,1,1,1,1,0,1,1,0,1,1,0,0,1,1,1,4,3,2,1,80,1,7,1,30,1,3,6
4419,5.0,4.0,5.0,2.0,4.0,1.0,2.0,2.0,5.0,4.0,2.0,5.0,5.0,1.0,5.0,1.0,1.0,5.0,5.0,1.0,7,5,7,1,7,1,6,2,7,1,1,1,0,1,1,1,0,1,1,1,1,1,1,1,1,1,3,1,1,1,21,3,4,1,60,2,1,1
4420,5.0,5.0,1.0,1.0,5.0,1.0,1.0,5.0,1.0,1.0,1.0,5.0,4.0,1.0,5.0,1.0,1.0,5.0,5.0,5.0,1,7,6,6,6,1,1,1,7,1,1,1,1,1,1,0,0,0,0,1,0,1,1,1,1,1,4,2,1,1,33,1,2,1,60,1,2,4
4421,1.0,2.0,5.0,3.0,5.0,2.0,1.0,1.0,5.0,2.0,2.0,3.0,4.0,1.0,5.0,5.0,1.0,1.0,5.0,1.0,7,5,7,4,7,3,2,5,4,1,1,1,1,1,1,0,1,1,0,1,0,0,1,1,1,1,4,1,2,1,49,1,7,2,60,1,2,3
4422,5.0,1.0,2.0,1.0,4.0,2.0,1.0,4.0,2.0,3.0,2.0,4.0,2.0,1.0,5.0,3.0,2.0,4.0,2.0,3.0,4,6,5,4,5,6,3,4,4,6,0,0,0,1,0,0,1,1,0,1,1,0,1,1,1,0,1,2,1,2,16,1,3,1,10,2,1,2
4423,5.0,1.0,5.0,3.0,4.0,4.0,4.0,2.0,5.0,5.0,1.0,3.0,4.0,4.0,5.0,2.0,2.0,4.0,5.0,1.0,7,5,6,1,7,1,6,4,7,1,1,1,1,1,1,1,0,0,1,1,1,1,1,1,1,1,2,2,1,1,21,3,4,1,60,1,1,1
4424,5.0,5.0,3.0,1.0,5.0,3.0,2.0,4.0,5.0,3.0,1.0,5.0,1.0,1.0,5.0,5.0,3.0,1.0,5.0,3.0,4,6,5,6,7,4,1,2,4,3,1,0,0,1,1,0,0,0,0,1,0,0,0,0,1,1,3,1,2,2,26,1,0,0,10,1,1,3
4425,4.0,4.0,2.0,2.0,5.0,2.0,3.0,4.0,5.0,2.0,1.0,1.0,5.0,1.0,5.0,5.0,5.0,5.0,5.0,1.0,5,5,5,6,6,5,5,6,1,6,1,1,0,1,1,0,0,0,0,1,0,0,1,1,1,1,3,2,1,1,39,1,12,1,60,2,1,2
4426,1.0,4.0,2.0,4.0,1.0,5.0,1.0,1.0,5.0,5.0,3.0,3.0,1.0,3.0,2.0,3.0,5.0,3.0,1.0,4.0,4,4,4,5,5,6,5,4,4,4,1,1,1,1,1,0,0,0,0,1,0,1,1,1,1,1,4,3,1,2,31,1,10,2,10,2,1,3
4427,1.0,1.0,5.0,3.0,3.0,5.0,1.0,3.0,5.0,3.0,2.0,1.0,1.0,2.0,1.0,5.0,3.0,1.0,3.0,1.0,4,4,5,3,6,3,7,2,3,2,1,1,1,1,1,0,0,0,0,1,0,0,0,1,1,1,4,1,1,2,40,1,7,1,60,1,2,2
4428,1.0,3.0,1.0,4.0,2.0,2.0,3.0,1.0,5.0,5.0,2.0,5.0,5.0,2.0,1.0,1.0,4.0,5.0,5.0,1.0,6,3,6,3,6,2,7,4,6,4,1,1,1,1,1,1,1,1,1,1,1,1,1,1,1,1,2,3,2,1,62,1,6,1,60,1,2,2
4429,5.0,4.0,3.0,4.0,5.0,2.0,1.0,5.0,2.0,2.0,1.0,5.0,4.0,2.0,4.0,1.0,1.0,5.0,5.0,4.0,3,5,7,3,5,5,1,1,6,2,1,1,0,1,1,0,0,0,0,1,0,1,1,1,1,1,2,2,1,1,19,1,6,1,60,1,1,3
4430,1.0,4.0,5.0,5.0,2.0,5.0,2.0,4.0,5.0,4.0,3.0,1.0,1.0,2.0,2.0,5.0,2.0,2.0,1.0,3.0,5,2,3,1,7,5,6,5,1,1,1,1,0,1,1,0,0,0,0,1,0,0,0,1,1,1,3,2,2,2,30,1,7,1,60,2,2,1
4431,2.0,3.0,4.0,2.0,2.0,4.0,1.0,3.0,4.0,4.0,1.0,3.0,2.0,2.0,3.0,4.0,2.0,2.0,5.0,3.0,2,4,6,1,6,6,2,2,6,3,1,1,0,1,1,1,0,1,0,1,0,0,0,1,1,1,2,2,1,1,21,1,4,1,60,1,1,3
4432,2.0,1.0,2.0,4.0,3.0,2.0,2.0,1.0,5.0,4.0,3.0,2.0,4.0,4.0,3.0,4.0,1.0,2.0,2.0,5.0,6,2,7,7,5,3,5,1,5,3,1,1,0,1,1,0,0,0,0,1,0,0,0,1,1,1,3,2,2,1,23,1,7,1,60,1,1,1
4433,2.0,3.0,5.0,4.0,2.0,3.0,5.0,4.0,4.0,4.0,2.0,3.0,3.0,1.0,3.0,4.0,2.0,4.0,5.0,1.0,2,3,5,4,4,7,6,5,6,4,1,1,0,1,1,0,0,0,0,1,0,0,1,0,1,1,3,1,1,1,24,1,2,1,60,1,1,2
4434,2.0,2.0,5.0,1.0,5.0,4.0,1.0,3.0,5.0,5.0,2.0,5.0,5.0,1.0,4.0,5.0,1.0,4.0,1.0,1.0,7,7,3,5,7,1,6,6,3,2,1,1,0,1,1,0,0,1,0,0,0,0,1,1,1,1,3,3,1,1,25,1,4,1,70,1,1,2
4435,2.0,1.0,5.0,1.0,5.0,4.0,1.0,4.0,5.0,4.0,1.0,5.0,5.0,1.0,1.0,5.0,1.0,4.0,1.0,1.0,7,7,2,6,7,1,7,7,1,1,1,1,0,1,1,0,0,1,0,0,0,0,1,1,1,1,3,3,1,1,25,1,4,1,60,1,1,2
4436,3.0,4.0,3.0,1.0,3.0,3.0,5.0,5.0,4.0,2.0,3.0,4.0,2.0,3.0,3.0,4.0,1.0,3.0,1.0,5.0,6,4,5,1,7,7,7,2,6,1,0,0,0,0,0,0,0,0,0,0,0,0,0,0,0,1,3,3,2,2,21,1,4,5,70,1,1,3
4437,2.0,5.0,2.0,4.0,4.0,4.0,1.0,2.0,5.0,4.0,2.0,5.0,1.0,2.0,4.0,2.0,2.0,3.0,5.0,2.0,2,1,3,5,5,7,7,3,5,3,1,1,1,1,1,0,0,0,0,1,1,0,1,1,1,1,3,1,1,1,36,1,1,3,60,1,2,3
4438,2.0,5.0,1.0,2.0,5.0,2.0,1.0,2.0,1.0,2.0,1.0,5.0,5.0,1.0,5.0,1.0,5.0,5.0,5.0,2.0,7,1,3,3,7,4,5,6,5,1,1,1,1,1,1,1,1,1,1,1,1,1,1,1,1,1,3,3,1,2,40,1,4,1,70,2,2,3
4439,4.0,5.0,1.0,4.0,5.0,1.0,1.0,5.0,1.0,1.0,1.0,4.0,4.0,1.0,5.0,1.0,1.0,5.0,4.0,2.0,6,2,7,1,6,6,3,2,7,1,1,1,1,1,1,1,1,1,1,1,0,0,1,1,1,1,3,2,1,1,32,1,2,1,60,1,2,3
4440,5.0,4.0,5.0,1.0,5.0,5.0,5.0,1.0,5.0,4.0,1.0,5.0,5.0,1.0,1.0,2.0,1.0,5.0,5.0,4.0,1,6,7,6,7,6,2,3,5,4,1,1,1,1,1,1,0,0,0,1,0,1,1,1,1,1,3,1,2,1,41,1,7,1,60,1,3,3
4441,5.0,4.0,1.0,2.0,5.0,2.0,1.0,4.0,2.0,1.0,1.0,5.0,4.0,1.0,4.0,1.0,1.0,5.0,5.0,4.0,4,2,6,1,7,4,4,4,7,1,1,1,0,1,1,0,0,0,0,1,1,0,1,1,1,1,3,2,1,2,40,1,2,1,70,2,3,3
4442,1.0,2.0,2.0,3.0,3.0,4.0,2.0,2.0,4.0,5.0,2.0,2.0,3.0,2.0,4.0,2.0,3.0,4.0,2.0,3.0,5,5,4,7,2,6,5,3,2,2,1,1,0,1,1,0,0,0,0,1,0,0,1,1,1,1,2,3,1,1,40,1,2,1,60,2,3,2
4443,3.0,2.0,2.0,1.0,4.0,2.0,2.0,4.0,3.0,2.0,1.0,4.0,4.0,2.0,5.0,2.0,3.0,4.0,5.0,2.0,6,6,6,5,7,2,5,3,2,1,1,1,0,1,1,0,0,0,0,1,0,0,1,1,1,1,4,3,1,2,25,1,1,0,60,1,1,2
4444,2.0,1.0,4.0,4.0,3.0,5.0,5.0,2.0,5.0,5.0,3.0,2.0,1.0,2.0,2.0,4.0,5.0,2.0,5.0,3.0,7,6,6,6,6,3,6,2,4,2,0,1,0,1,1,0,0,0,0,1,1,0,1,1,1,1,3,3,1,2,25,1,2,1,60,1,1,1
4445,3.0,1.0,4.0,4.0,3.0,2.0,2.0,1.0,5.0,4.0,2.0,2.0,4.0,4.0,4.0,4.0,4.0,2.0,4.0,1.0,2,5,6,6,5,7,6,1,7,1,1,1,0,1,0,0,0,0,0,1,0,0,0,0,1,1,3,2,2,1,22,1,7,1,60,1,1,2
4446,1.0,5.0,2.0,2.0,2.0,1.0,1.0,4.0,5.0,2.0,2.0,4.0,1.0,1.0,5.0,1.0,1.0,4.0,5.0,1.0,7,7,5,5,7,1,2,5,3,3,1,1,1,1,1,0,0,1,0,1,1,0,1,1,1,1,3,3,2,2,24,1,4,1,60,2,1,2
4447,2.0,5.0,3.0,3.0,5.0,3.0,1.0,4.0,5.0,2.0,2.0,4.0,3.0,2.0,4.0,1.0,1.0,4.0,4.0,4.0,2,7,5,7,7,7,5,5,2,1,1,1,0,1,1,0,0,1,0,1,1,0,1,1,1,1,3,2,2,1,23,1,4,1,70,2,1,5
4448,2.0,5.0,2.0,1.0,4.0,1.0,1.0,1.0,5.0,4.0,2.0,5.0,1.0,1.0,5.0,1.0,3.0,4.0,5.0,1.0,4,5,5,1,7,5,5,4,5,5,0,1,1,1,1,0,0,0,0,1,0,1,1,1,1,1,3,3,1,2,27,2,1,1,60,2,1,2
4449,2.0,1.0,4.0,3.0,4.0,1.0,1.0,4.0,5.0,3.0,1.0,5.0,5.0,1.0,2.0,4.0,1.0,4.0,5.0,1.0,5,3,7,5,6,5,6,5,6,1,1,1,1,1,1,0,1,0,1,1,0,1,1,1,1,1,3,2,2,1,42,1,1,1,60,2,3,1
4450,2.0,1.0,5.0,3.0,5.0,5.0,5.0,4.0,5.0,4.0,2.0,4.0,4.0,1.0,1.0,3.0,4.0,1.0,4.0,1.0,1,1,7,7,7,7,6,1,5,2,1,1,1,1,1,0,0,0,0,1,0,0,1,1,1,1,4,1,2,1,38,1,1,1,60,2,2,2
4451,5.0,4.0,2.0,4.0,2.0,4.0,1.0,4.0,2.0,2.0,2.0,5.0,2.0,2.0,4.0,4.0,1.0,5.0,5.0,2.0,4,6,5,2,7,5,1,4,7,2,1,1,0,1,1,0,0,1,0,1,0,0,1,1,1,1,3,3,1,2,25,1,1,1,70,2,1,3
4452,1.0,1.0,1.0,3.0,3.0,5.0,5.0,2.0,5.0,5.0,1.0,1.0,1.0,4.0,3.0,2.0,2.0,1.0,5.0,1.0,6,4,7,5,7,1,7,1,6,5,1,1,1,1,1,1,0,0,0,1,0,1,1,1,1,1,2,3,2,1,24,1,12,1,60,1,1,3
4453,4.0,3.0,2.0,1.0,5.0,3.0,1.0,4.0,4.0,1.0,1.0,5.0,3.0,2.0,5.0,1.0,1.0,5.0,5.0,4.0,6,5,5,4,7,3,6,2,6,1,1,1,1,1,1,0,1,1,0,1,1,1,1,1,1,1,3,3,1,1,26,2,2,1,60,1,1,2
4454,5.0,5.0,5.0,3.0,5.0,3.0,3.0,3.0,5.0,5.0,1.0,5.0,5.0,3.0,5.0,3.0,3.0,5.0,1.0,1.0,3,5,6,5,3,6,7,3,6,5,1,1,0,1,0,0,0,0,0,1,0,0,0,0,1,1,3,3,2,2,25,1,10,1,10,1,1,3
4455,1.0,4.0,4.0,3.0,3.0,5.0,5.0,4.0,5.0,4.0,3.0,4.0,3.0,4.0,4.0,4.0,3.0,3.0,4.0,3.0,5,5,7,5,6,6,6,6,7,4,0,0,0,0,1,0,1,0,0,0,1,0,1,0,1,1,3,3,2,2,24,1,12,5,10,2,1,1
4456,4.0,4.0,2.0,3.0,1.0,3.0,3.0,1.0,5.0,5.0,3.0,3.0,1.0,2.0,4.0,3.0,2.0,2.0,5.0,1.0,6,3,5,4,6,4,4,5,5,2,1,1,0,1,1,0,0,0,0,1,0,0,1,1,1,1,3,2,1,1,23,2,4,1,70,1,1,1
4457,2.0,4.0,4.0,4.0,3.0,2.0,2.0,1.0,4.0,3.0,2.0,1.0,1.0,2.0,4.0,2.0,3.0,2.0,4.0,2.0,7,2,5,2,6,1,7,5,4,2,1,1,0,1,1,0,0,0,0,1,0,0,0,1,1,1,2,2,2,1,20,1,6,1,10,1,1,1
4458,1.0,4.0,5.0,4.0,5.0,4.0,4.0,1.0,5.0,5.0,1.0,4.0,4.0,4.0,4.0,4.0,1.0,4.0,4.0,1.0,2,5,7,6,6,7,7,1,6,2,1,1,1,1,1,1,1,1,0,1,1,0,1,1,1,1,4,2,2,1,66,1,12,1,60,1,2,3
4459,2.0,1.0,2.0,2.0,2.0,4.0,4.0,4.0,5.0,5.0,1.0,4.0,2.0,2.0,2.0,3.0,3.0,2.0,4.0,1.0,3,4,6,6,6,5,7,3,5,2,1,1,0,1,1,0,0,0,0,1,0,0,1,0,1,1,2,3,2,1,19,1,7,1,60,1,1,3
4460,2.0,4.0,2.0,2.0,2.0,2.0,1.0,1.0,3.0,4.0,2.0,4.0,4.0,4.0,4.0,2.0,2.0,2.0,5.0,1.0,5,5,4,2,6,3,3,4,6,2,1,1,1,1,1,0,1,0,0,1,0,0,1,1,1,1,4,1,1,1,26,1,1,3,60,1,1,2
4461,4.0,2.0,4.0,5.0,3.0,5.0,5.0,2.0,5.0,2.0,2.0,2.0,3.0,5.0,4.0,5.0,4.0,2.0,4.0,1.0,5,5,6,5,6,7,7,6,7,5,1,0,0,1,1,0,0,0,0,1,0,0,0,0,0,1,4,3,2,2,26,1,3,1,10,2,1,4
4462,2.0,2.0,4.0,5.0,1.0,4.0,2.0,2.0,5.0,3.0,1.0,4.0,1.0,3.0,2.0,2.0,2.0,4.0,1.0,1.0,5,4,7,2,6,3,7,1,7,2,1,1,0,1,1,0,0,0,0,1,0,0,1,1,1,1,2,1,1,2,19,2,6,1,10,2,1,2
4463,2.0,5.0,2.0,3.0,4.0,5.0,3.0,4.0,5.0,5.0,4.0,2.0,1.0,1.0,4.0,3.0,2.0,2.0,4.0,4.0,6,2,7,1,7,3,6,1,6,2,0,0,0,0,0,0,0,0,0,1,0,0,0,0,0,1,4,1,1,1,52,2,7,1,60,1,2,2
4464,4.0,4.0,1.0,1.0,4.0,3.0,2.0,1.0,1.0,1.0,1.0,5.0,4.0,1.0,4.0,1.0,2.0,4.0,5.0,4.0,4,6,3,6,7,2,5,6,1,2,1,1,0,1,1,0,0,0,1,1,0,0,0,1,1,1,2,3,2,2,19,1,2,1,60,2,1,2
4465,2.0,4.0,2.0,1.0,5.0,4.0,5.0,4.0,4.0,4.0,2.0,5.0,4.0,1.0,2.0,5.0,2.0,1.0,3.0,2.0,6,2,7,1,7,6,6,2,7,1,1,1,1,1,1,1,1,1,1,1,1,1,1,1,1,1,3,1,3,2,25,3,4,2,70,2,1,3
4466,2.0,4.0,2.0,4.0,3.0,2.0,1.0,2.0,4.0,5.0,1.0,5.0,2.0,4.0,4.0,4.0,4.0,4.0,4.0,1.0,5,2,3,7,6,5,7,6,3,1,1,1,0,0,1,0,0,0,0,1,0,0,1,1,1,1,2,2,3,1,17,1,1,2,50,2,1,2
4467,3.0,1.0,3.0,3.0,4.0,4.0,4.0,1.0,5.0,5.0,1.0,1.0,1.0,5.0,2.0,2.0,3.0,1.0,5.0,1.0,4,5,6,5,6,7,5,7,3,5,1,1,0,1,1,0,0,1,0,1,1,0,1,1,1,1,4,1,2,2,25,1,6,5,70,1,1,3
4468,4.0,5.0,4.0,5.0,4.0,4.0,1.0,1.0,5.0,4.0,2.0,1.0,1.0,4.0,1.0,1.0,5.0,4.0,5.0,3.0,6,2,2,4,7,3,5,6,3,2,1,1,0,1,1,0,0,1,0,1,1,0,0,1,1,1,3,2,1,2,19,1,2,1,60,1,1,3
4469,2.0,4.0,3.0,4.0,2.0,1.0,2.0,1.0,4.0,4.0,1.0,1.0,1.0,3.0,4.0,1.0,1.0,5.0,4.0,3.0,6,6,6,2,6,5,5,3,7,4,1,1,1,1,1,0,0,1,0,1,0,0,1,1,1,1,3,3,1,1,20,1,2,1,60,1,1,3
4470,5.0,5.0,2.0,1.0,5.0,1.0,1.0,5.0,2.0,1.0,1.0,5.0,5.0,1.0,5.0,4.0,1.0,5.0,4.0,3.0,6,6,7,1,7,6,2,1,4,2,1,0,0,1,1,0,0,0,0,1,0,0,1,1,1,1,4,2,1,1,27,1,10,1,20,2,1,1
4471,5.0,5.0,5.0,5.0,5.0,5.0,5.0,5.0,5.0,5.0,5.0,5.0,5.0,5.0,5.0,5.0,5.0,5.0,5.0,5.0,5,6,6,1,6,6,4,4,5,1,1,1,1,1,1,0,1,1,0,1,0,0,1,1,0,1,2,3,1,1,23,1,6,1,50,2,1,5
4472,4.0,4.0,2.0,1.0,4.0,2.0,1.0,3.0,1.0,2.0,1.0,5.0,4.0,1.0,1.0,1.0,1.0,4.0,5.0,4.0,3,7,6,6,6,5,2,5,4,2,1,1,0,1,1,0,0,0,0,1,0,1,1,1,1,1,3,1,1,2,25,1,2,1,60,2,1,3
4473,4.0,5.0,5.0,4.0,2.0,5.0,4.0,2.0,5.0,4.0,2.0,5.0,1.0,4.0,4.0,4.0,2.0,1.0,5.0,1.0,7,2,7,2,7,1,7,3,6,1,1,1,1,1,1,0,0,1,1,1,0,1,1,1,1,1,2,3,2,2,19,1,2,1,60,1,1,1
4474,3.0,5.0,5.0,2.0,5.0,2.0,2.0,4.0,5.0,1.0,1.0,2.0,1.0,1.0,5.0,2.0,1.0,1.0,5.0,1.0,7,5,5,5,6,1,7,4,4,2,1,1,1,1,1,0,1,0,0,1,0,0,1,1,1,1,3,2,1,1,33,1,2,1,50,2,1,2
4475,5.0,4.0,4.0,2.0,4.0,5.0,4.0,5.0,4.0,4.0,2.0,2.0,4.0,2.0,2.0,2.0,1.0,2.0,5.0,4.0,6,6,7,5,7,3,6,1,5,3,1,1,1,1,1,0,0,0,0,1,0,0,0,1,1,1,3,3,1,1,29,1,7,1,60,1,2,4
4476,1.0,4.0,5.0,5.0,3.0,5.0,4.0,2.0,5.0,5.0,1.0,1.0,4.0,4.0,1.0,5.0,2.0,3.0,3.0,1.0,3,2,6,5,6,7,5,3,6,2,1,1,0,1,1,0,0,1,0,1,0,0,1,1,1,1,3,2,2,2,55,1,12,1,60,1,1,4
4477,5.0,4.0,1.0,2.0,4.0,2.0,1.0,3.0,2.0,1.0,1.0,5.0,4.0,1.0,5.0,2.0,1.0,4.0,5.0,3.0,1,6,6,7,6,7,2,1,5,5,1,1,1,1,1,0,0,1,0,1,0,1,1,1,1,1,4,2,1,2,25,1,2,1,60,2,1,1
4478,5.0,1.0,5.0,2.0,4.0,5.0,3.0,5.0,5.0,5.0,2.0,4.0,1.0,1.0,1.0,2.0,2.0,1.0,5.0,2.0,3,5,7,7,3,7,6,5,3,2,1,0,0,1,1,0,1,0,0,1,0,0,0,1,1,1,1,3,2,2,17,1,8,3,10,2,1,2
4479,5.0,5.0,5.0,4.0,4.0,4.0,2.0,2.0,4.0,5.0,2.0,4.0,4.0,1.0,2.0,1.0,2.0,1.0,5.0,2.0,2,2,6,5,5,7,7,2,5,5,1,1,0,1,1,0,0,0,0,1,0,0,1,1,1,1,3,3,1,1,23,2,1,1,60,1,1,2
4480,5.0,5.0,2.0,1.0,5.0,1.0,1.0,2.0,2.0,1.0,1.0,5.0,4.0,2.0,5.0,1.0,1.0,4.0,5.0,2.0,5,5,6,1,4,3,4,3,7,3,1,1,1,1,1,0,1,1,0,1,1,1,1,1,1,1,4,1,1,1,25,2,2,1,60,1,1,2
4481,4.0,4.0,2.0,2.0,4.0,2.0,1.0,5.0,2.0,1.0,1.0,5.0,4.0,1.0,4.0,1.0,1.0,4.0,4.0,4.0,6,5,3,6,6,3,5,6,2,2,1,1,1,1,1,0,0,1,0,1,1,0,1,1,1,1,4,2,2,1,32,1,7,1,10,1,2,3
4482,5.0,4.0,1.0,1.0,5.0,1.0,2.0,5.0,4.0,1.0,1.0,4.0,5.0,1.0,3.0,4.0,5.0,4.0,5.0,1.0,2,4,7,5,7,7,7,6,6,2,1,1,0,1,1,1,0,0,0,1,1,0,1,1,1,1,3,3,2,1,26,1,7,1,30,1,1,2
4483,5.0,4.0,1.0,3.0,4.0,1.0,1.0,4.0,3.0,1.0,1.0,4.0,4.0,1.0,5.0,1.0,1.0,5.0,5.0,3.0,4,6,5,3,7,5,3,4,6,1,1,1,1,1,1,1,1,0,0,1,1,0,1,1,1,1,4,3,1,1,53,1,2,1,60,1,2,2
4484,5.0,5.0,2.0,5.0,5.0,1.0,1.0,2.0,3.0,5.0,1.0,5.0,2.0,1.0,5.0,1.0,1.0,5.0,5.0,5.0,2,4,3,2,7,3,6,6,6,3,1,1,1,1,1,0,1,1,0,1,1,0,1,1,1,1,4,3,1,2,44,1,2,1,10,1,2,2
4485,5.0,5.0,1.0,1.0,5.0,1.0,1.0,3.0,1.0,1.0,1.0,5.0,5.0,1.0,5.0,5.0,1.0,4.0,5.0,1.0,4,7,7,1,7,1,6,1,7,1,1,1,0,1,1,1,1,0,0,1,1,0,1,1,1,1,3,2,1,1,27,1,2,0,60,2,1,0
4486,5.0,2.0,2.0,4.0,2.0,2.0,1.0,3.0,2.0,1.0,3.0,2.0,1.0,1.0,5.0,1.0,2.0,5.0,4.0,4.0,6,6,5,6,7,3,3,1,5,1,1,1,0,1,1,0,0,0,0,1,0,0,1,1,1,1,0,3,1,2,29,1,1,1,10,1,2,1
4487,5.0,3.0,3.0,3.0,4.0,3.0,3.0,5.0,5.0,5.0,5.0,3.0,4.0,2.0,4.0,3.0,4.0,1.0,5.0,1.0,3,4,5,5,3,5,5,0,4,4,1,0,0,1,1,0,0,0,0,1,0,0,1,1,1,1,4,2,2,2,38,1,7,1,10,2,3,3
4488,5.0,5.0,1.0,2.0,5.0,1.0,2.0,5.0,5.0,1.0,2.0,5.0,1.0,1.0,4.0,2.0,5.0,5.0,5.0,1.0,1,1,5,7,7,7,5,6,6,2,1,1,0,1,1,0,1,0,0,1,0,0,1,0,1,1,4,3,1,2,26,1,8,2,10,1,1,2
4489,5.0,4.0,3.0,3.0,4.0,3.0,3.0,5.0,4.0,2.0,2.0,5.0,4.0,2.0,5.0,1.0,2.0,4.0,4.0,4.0,6,5,2,5,7,4,6,7,4,2,1,1,1,1,1,0,1,0,0,1,0,0,1,1,1,1,3,2,1,2,24,1,2,1,70,1,1,2
4490,3.0,1.0,5.0,5.0,3.0,5.0,4.0,1.0,5.0,5.0,1.0,2.0,1.0,5.0,1.0,5.0,1.0,5.0,5.0,1.0,1,6,5,7,7,4,6,5,5,4,1,1,0,1,1,0,0,0,0,1,0,0,1,1,1,1,3,3,2,1,33,1,12,4,30,1,1,2
4491,1.0,1.0,5.0,3.0,4.0,5.0,4.0,1.0,5.0,5.0,1.0,2.0,1.0,2.0,1.0,1.0,5.0,2.0,1.0,2.0,5,6,6,5,7,3,5,2,4,1,1,1,0,1,1,0,1,0,0,1,1,0,1,1,1,1,4,1,2,2,52,1,1,1,60,2,2,4
4492,3.0,3.0,3.0,4.0,4.0,3.0,4.0,3.0,5.0,3.0,4.0,4.0,4.0,3.0,3.0,4.0,3.0,4.0,4.0,4.0,4,2,4,2,6,4,6,2,4,2,1,0,1,0,1,0,1,0,0,1,0,0,0,1,1,1,3,2,2,2,26,2,1,1,70,1,1,0
4493,5.0,5.0,1.0,1.0,5.0,1.0,1.0,5.0,1.0,1.0,1.0,4.0,3.0,1.0,5.0,3.0,1.0,4.0,5.0,4.0,3,1,6,1,7,5,4,3,7,1,1,1,1,1,1,0,0,1,1,1,0,0,1,1,1,1,2,3,1,2,20,1,2,1,60,1,1,2
4494,2.0,1.0,4.0,3.0,3.0,2.0,1.0,1.0,2.0,5.0,1.0,4.0,1.0,1.0,1.0,1.0,5.0,3.0,4.0,1.0,2,5,7,5,7,5,7,2,4,3,1,1,0,1,1,0,0,0,0,1,0,0,1,1,1,1,3,3,1,1,39,1,2,1,60,1,2,6
4495,2.0,2.0,5.0,5.0,2.0,4.0,3.0,2.0,5.0,5.0,2.0,4.0,1.0,4.0,2.0,4.0,3.0,4.0,5.0,1.0,1,5,7,7,6,7,6,2,5,3,1,1,1,1,1,0,0,1,0,1,1,0,1,1,1,1,3,2,2,1,32,1,2,1,60,2,1,3
4496,2.0,4.0,4.0,3.0,4.0,2.0,1.0,1.0,5.0,3.0,4.0,4.0,2.0,1.0,5.0,2.0,2.0,3.0,5.0,3.0,3,2,4,6,7,5,6,1,4,1,1,1,1,1,1,0,1,1,0,1,1,0,1,1,1,1,4,2,1,1,30,1,1,1,60,1,1,1
4497,5.0,4.0,2.0,3.0,4.0,1.0,1.0,5.0,2.0,2.0,2.0,4.0,2.0,2.0,5.0,2.0,2.0,4.0,5.0,4.0,3,1,6,5,3,6,6,1,6,1,1,1,1,1,1,0,1,1,0,1,1,0,1,1,1,1,3,3,2,1,33,1,12,1,60,1,1,1
4498,2.0,5.0,1.0,3.0,4.0,1.0,1.0,4.0,3.0,2.0,2.0,2.0,5.0,2.0,5.0,4.0,3.0,4.0,5.0,2.0,6,6,6,3,7,3,5,5,6,3,1,0,0,1,1,0,1,1,0,1,0,0,0,1,1,1,3,3,1,2,22,1,2,1,60,1,1,2
4499,5.0,4.0,1.0,1.0,5.0,1.0,1.0,5.0,2.0,2.0,1.0,5.0,5.0,1.0,5.0,1.0,5.0,5.0,5.0,5.0,2,5,5,5,5,3,3,4,3,2,1,1,1,1,1,1,1,0,0,1,0,1,1,1,1,1,4,2,2,1,30,3,7,1,30,1,2,0
4500,1.0,1.0,5.0,5.0,1.0,5.0,5.0,1.0,5.0,5.0,5.0,4.0,1.0,4.0,1.0,5.0,1.0,2.0,5.0,1.0,3,4,6,5,6,3,7,2,4,4,1,1,0,1,1,1,0,1,0,1,0,0,1,1,1,1,4,3,1,1,45,1,9,1,60,1,2,2
4501,1.0,4.0,3.0,2.0,5.0,2.0,2.0,2.0,4.0,5.0,1.0,4.0,5.0,1.0,2.0,1.0,2.0,1.0,5.0,1.0,3,4,5,6,7,5,7,1,4,2,1,1,1,1,1,0,0,0,0,1,1,0,0,1,1,1,3,3,2,1,26,1,12,2,70,1,2,2
4502,5.0,4.0,2.0,1.0,5.0,2.0,2.0,2.0,2.0,1.0,1.0,5.0,4.0,1.0,1.0,1.0,2.0,5.0,5.0,2.0,1,6,7,7,6,7,5,1,2,2,1,0,0,1,1,0,0,0,0,1,0,0,0,0,1,1,2,3,2,2,20,1,8,1,10,2,1,2
4503,3.0,2.0,2.0,4.0,2.0,2.0,2.0,2.0,4.0,4.0,1.0,3.0,1.0,2.0,3.0,3.0,1.0,2.0,4.0,1.0,1,3,4,2,6,7,6,5,7,3,1,1,1,1,1,0,1,0,0,1,0,0,1,1,1,1,4,2,1,1,47,2,2,1,60,1,2,2
4504,1.0,1.0,5.0,5.0,1.0,4.0,2.0,1.0,5.0,4.0,4.0,5.0,2.0,5.0,4.0,4.0,5.0,1.0,5.0,1.0,5,1,7,6,6,5,7,1,6,1,1,1,1,1,1,0,0,0,0,1,0,0,1,1,1,1,4,2,2,1,36,1,1,1,30,2,3,2
4505,4.0,5.0,3.0,2.0,5.0,5.0,1.0,4.0,2.0,5.0,1.0,5.0,2.0,1.0,4.0,1.0,1.0,4.0,4.0,4.0,6,7,7,7,6,5,2,3,2,5,1,1,1,1,1,0,0,0,0,1,0,0,1,1,1,1,2,1,2,2,26,1,7,4,60,2,1,2
4506,4.0,2.0,5.0,4.0,4.0,5.0,2.0,1.0,5.0,4.0,2.0,2.0,2.0,3.0,4.0,2.0,3.0,3.0,5.0,1.0,6,2,5,1,5,4,5,5,6,3,1,1,1,1,1,0,1,1,0,1,1,1,1,1,1,1,3,3,2,2,33,1,12,5,10,1,3,4
4507,5.0,4.0,2.0,3.0,4.0,2.0,1.0,2.0,2.0,2.0,3.0,2.0,2.0,2.0,5.0,2.0,4.0,5.0,5.0,1.0,6,6,2,5,7,3,5,7,2,1,1,1,0,1,1,0,1,1,0,1,1,0,1,1,1,1,4,2,2,1,27,1,3,1,60,2,1,3
4508,4.0,4.0,2.0,1.0,4.0,2.0,2.0,3.0,3.0,3.0,1.0,3.0,2.0,2.0,3.0,1.0,2.0,3.0,5.0,4.0,4,3,4,4,5,5,4,3,4,4,1,0,1,1,1,0,0,1,0,1,1,1,1,1,1,1,3,2,3,1,31,1,2,5,60,1,2,2
4509,5.0,2.0,2.0,1.0,2.0,4.0,1.0,5.0,2.0,2.0,1.0,4.0,2.0,1.0,2.0,2.0,3.0,3.0,3.0,1.0,5,6,2,6,7,5,3,2,6,2,1,0,0,1,1,0,0,0,0,1,0,1,1,0,1,1,4,3,1,2,39,1,6,1,60,2,1,2
4510,4.0,5.0,2.0,1.0,5.0,1.0,1.0,3.0,2.0,1.0,1.0,5.0,4.0,1.0,5.0,5.0,1.0,5.0,5.0,1.0,4,6,3,6,6,2,5,5,5,1,1,1,0,1,1,0,0,0,0,1,0,0,1,1,1,1,2,2,1,1,18,1,4,1,60,1,1,2
4511,5.0,5.0,2.0,2.0,4.0,4.0,1.0,4.0,2.0,2.0,1.0,5.0,5.0,2.0,5.0,2.0,1.0,5.0,5.0,2.0,1,7,2,7,7,3,3,6,1,1,1,1,1,1,1,0,0,0,0,1,0,1,1,1,1,1,3,2,2,1,32,1,1,2,60,1,2,2
4512,5.0,4.0,2.0,1.0,4.0,1.0,2.0,1.0,4.0,2.0,1.0,4.0,1.0,2.0,1.0,5.0,2.0,4.0,5.0,1.0,2,1,3,5,6,5,7,5,5,1,1,0,0,1,1,0,0,1,0,1,0,0,1,1,1,1,3,1,2,1,28,1,12,2,60,1,1,5
4513,3.0,4.0,3.0,3.0,2.0,4.0,3.0,4.0,2.0,2.0,3.0,2.0,4.0,4.0,1.0,3.0,2.0,4.0,4.0,1.0,3,1,6,6,5,6,6,4,7,4,1,0,1,1,1,0,0,0,0,1,0,0,0,1,0,1,3,3,2,2,21,1,10,1,10,2,1,3
4514,3.0,5.0,4.0,1.0,4.0,2.0,2.0,2.0,2.0,4.0,1.0,4.0,2.0,2.0,2.0,1.0,1.0,4.0,3.0,2.0,5,5,7,2,4,3,3,1,6,3,1,1,1,1,1,0,1,0,0,1,0,0,1,1,1,1,3,2,2,1,50,1,1,1,60,1,2,3
4515,4.0,5.0,5.0,3.0,4.0,3.0,3.0,3.0,3.0,5.0,1.0,4.0,5.0,4.0,5.0,5.0,5.0,5.0,4.0,5.0,6,4,7,2,7,4,6,6,5,5,0,1,0,0,0,0,0,1,0,1,0,0,0,1,1,1,0,1,1,2,34,1,4,2,10,1,1,4
4516,3.0,3.0,2.0,2.0,3.0,2.0,2.0,3.0,2.0,3.0,1.0,5.0,2.0,3.0,5.0,4.0,3.0,3.0,4.0,5.0,5,6,6,2,6,4,7,4,6,3,1,1,0,1,1,1,1,0,0,1,1,0,1,1,1,1,3,3,1,2,37,2,10,1,60,1,2,2
4517,4.0,4.0,4.0,1.0,4.0,5.0,5.0,2.0,2.0,5.0,1.0,5.0,4.0,2.0,4.0,1.0,1.0,5.0,5.0,3.0,7,5,7,5,7,3,7,1,5,6,1,1,1,1,1,1,1,1,1,1,0,0,1,1,1,1,3,2,2,1,33,1,6,2,60,1,3,4
4518,4.0,4.0,4.0,3.0,4.0,5.0,3.0,1.0,1.0,5.0,4.0,3.0,4.0,2.0,1.0,4.0,2.0,5.0,2.0,1.0,4,6,7,1,7,7,5,1,5,5,1,0,0,1,0,0,0,0,0,1,0,0,0,0,0,1,4,3,2,2,21,1,10,1,10,2,1,3
4519,2.0,3.0,4.0,5.0,2.0,4.0,3.0,1.0,5.0,5.0,4.0,1.0,1.0,5.0,2.0,1.0,5.0,2.0,3.0,1.0,6,1,6,2,7,5,6,3,6,2,1,1,0,1,1,1,0,0,0,1,1,0,1,1,1,1,4,3,2,1,32,1,7,1,30,1,1,2
4520,1.0,2.0,2.0,2.0,5.0,2.0,1.0,4.0,5.0,5.0,1.0,5.0,4.0,1.0,1.0,1.0,1.0,4.0,5.0,1.0,2,6,7,6,6,5,0,5,2,1,1,1,0,1,1,0,0,0,0,1,1,0,1,1,1,1,3,2,1,1,24,2,7,1,30,1,1,2
4521,1.0,4.0,4.0,4.0,2.0,5.0,4.0,2.0,5.0,5.0,3.0,2.0,2.0,3.0,3.0,4.0,4.0,1.0,4.0,1.0,5,5,6,3,7,5,5,3,5,2,1,1,1,1,1,0,0,0,0,1,0,0,1,1,1,1,3,3,1,1,34,1,7,2,60,1,3,3
4522,3.0,1.0,2.0,4.0,5.0,2.0,4.0,3.0,4.0,2.0,2.0,4.0,5.0,4.0,4.0,5.0,1.0,5.0,3.0,3.0,4,6,5,5,7,5,4,3,5,2,1,1,0,1,1,0,0,0,0,1,0,0,0,0,1,1,2,1,1,2,20,1,2,1,60,2,1,1
4523,1.0,2.0,3.0,3.0,2.0,4.0,1.0,1.0,5.0,3.0,1.0,1.0,1.0,2.0,2.0,2.0,3.0,2.0,4.0,1.0,1,3,4,2,6,6,4,4,5,2,1,1,1,1,1,0,1,1,0,1,1,0,1,1,1,1,3,3,2,1,35,2,1,2,10,1,1,2
4524,3.0,4.0,5.0,1.0,5.0,5.0,3.0,4.0,5.0,2.0,1.0,5.0,4.0,1.0,1.0,1.0,1.0,3.0,5.0,1.0,1,5,7,1,7,6,1,1,7,1,1,1,1,1,1,0,0,1,0,1,0,0,1,1,1,1,3,2,2,2,27,3,1,5,60,1,1,1
4525,1.0,1.0,5.0,4.0,5.0,4.0,2.0,4.0,5.0,5.0,1.0,5.0,5.0,2.0,4.0,2.0,1.0,1.0,5.0,1.0,5,6,7,3,7,5,7,5,3,7,1,1,1,1,1,0,1,1,1,1,0,1,1,1,1,1,3,2,2,1,46,3,12,1,50,1,2,0
4526,4.0,1.0,4.0,5.0,1.0,4.0,2.0,1.0,5.0,4.0,1.0,4.0,1.0,3.0,1.0,4.0,1.0,1.0,4.0,1.0,1,5,6,3,6,7,6,2,5,1,1,1,1,1,1,0,1,1,0,1,1,0,1,1,1,1,4,3,1,1,47,1,9,1,60,1,3,1
4527,5.0,5.0,1.0,1.0,5.0,2.0,1.0,4.0,1.0,1.0,1.0,5.0,2.0,1.0,5.0,1.0,1.0,4.0,5.0,3.0,3,1,3,5,6,7,7,2,7,7,1,1,0,1,1,0,0,0,0,1,0,0,1,1,1,1,4,2,2,2,22,1,4,1,60,1,1,3
4528,2.0,4.0,4.0,2.0,4.0,4.0,4.0,2.0,4.0,2.0,2.0,2.0,2.0,1.0,4.0,1.0,2.0,2.0,2.0,2.0,6,6,5,6,6,3,5,7,3,2,1,1,0,1,1,0,0,0,0,1,0,0,1,1,1,1,3,3,1,2,45,1,6,3,10,1,1,2
4529,3.0,5.0,3.0,1.0,5.0,3.0,1.0,5.0,1.0,3.0,3.0,5.0,5.0,3.0,5.0,3.0,1.0,5.0,5.0,5.0,1,1,7,5,6,7,4,1,3,7,1,1,0,1,1,0,0,0,0,1,0,0,0,1,1,1,3,3,1,1,29,1,4,1,10,1,1,1
4530,5.0,1.0,4.0,5.0,3.0,5.0,4.0,5.0,5.0,5.0,1.0,1.0,4.0,5.0,4.0,4.0,5.0,1.0,4.0,1.0,4,5,7,1,7,5,4,1,5,3,0,0,0,0,0,0,0,0,0,0,0,0,0,0,0,0,4,1,2,1,21,2,10,3,10,1,1,3
4531,4.0,5.0,1.0,1.0,3.0,1.0,1.0,3.0,4.0,1.0,1.0,5.0,4.0,1.0,5.0,1.0,1.0,5.0,5.0,1.0,2,5,6,5,6,5,5,2,5,1,1,1,0,1,1,0,0,0,0,1,0,0,1,1,1,1,3,1,2,2,21,1,2,4,60,1,1,3
4532,4.0,4.0,5.0,4.0,4.0,4.0,3.0,4.0,5.0,3.0,4.0,5.0,5.0,2.0,5.0,5.0,3.0,5.0,4.0,3.0,7,5,5,5,7,1,6,5,4,1,1,1,0,1,1,1,0,1,0,1,0,0,0,1,1,1,3,1,1,2,23,1,6,2,10,1,1,4
4533,4.0,4.0,2.0,1.0,3.0,3.0,2.0,5.0,3.0,2.0,1.0,4.0,5.0,2.0,4.0,3.0,1.0,4.0,5.0,1.0,1,2,6,5,5,7,6,1,4,5,1,1,0,1,1,0,0,0,0,1,0,0,1,1,1,1,2,2,1,1,22,1,4,1,70,2,1,1
4534,5.0,5.0,5.0,1.0,5.0,1.0,5.0,4.0,5.0,5.0,5.0,5.0,1.0,1.0,4.0,1.0,1.0,5.0,5.0,1.0,6,7,6,1,6,2,1,1,7,2,1,1,0,1,1,1,1,0,0,1,1,1,1,1,1,1,2,3,2,2,19,1,7,2,60,2,1,3
4535,5.0,3.0,2.0,1.0,5.0,3.0,1.0,5.0,3.0,1.0,1.0,5.0,4.0,1.0,3.0,1.0,1.0,5.0,3.0,3.0,3,2,6,3,4,5,2,4,5,1,1,1,1,1,1,0,0,1,0,1,1,0,1,1,1,1,2,3,1,1,20,1,6,1,30,1,1,2
4536,4.0,4.0,4.0,4.0,2.0,3.0,2.0,4.0,4.0,4.0,1.0,4.0,3.0,2.0,5.0,2.0,4.0,4.0,2.0,2.0,4,5,5,5,4,5,3,6,3,6,1,1,1,1,1,0,1,1,0,1,1,1,1,1,1,1,2,2,1,2,20,1,6,1,60,1,1,1
4537,2.0,3.0,1.0,2.0,4.0,4.0,2.0,1.0,5.0,3.0,3.0,4.0,1.0,5.0,3.0,2.0,1.0,2.0,5.0,5.0,3,7,5,7,5,3,4,5,1,2,1,1,0,0,1,0,0,0,0,1,0,0,0,1,1,1,3,3,2,1,37,1,3,3,60,2,2,1
4538,1.0,1.0,5.0,3.0,4.0,5.0,5.0,4.0,5.0,5.0,1.0,4.0,4.0,3.0,1.0,5.0,4.0,4.0,1.0,4.0,5,1,5,7,5,6,7,5,1,7,1,1,1,1,1,0,0,1,0,1,1,0,1,1,1,1,2,2,2,1,48,1,4,1,60,1,1,3
4539,1.0,2.0,2.0,3.0,2.0,4.0,4.0,1.0,5.0,5.0,2.0,5.0,1.0,2.0,1.0,2.0,4.0,3.0,5.0,1.0,3,5,4,6,3,5,6,6,3,2,1,1,0,1,1,0,0,1,0,1,1,0,1,1,1,1,3,2,1,1,24,1,1,1,60,2,1,2
4540,1.0,4.0,4.0,5.0,2.0,5.0,1.0,3.0,3.0,5.0,3.0,3.0,4.0,4.0,4.0,5.0,1.0,4.0,5.0,5.0,5,4,3,5,1,5,5,6,5,5,1,0,0,1,0,0,0,0,0,1,0,1,0,0,0,1,3,3,1,2,23,2,10,3,10,1,1,4
4541,5.0,5.0,5.0,5.0,5.0,5.0,5.0,5.0,5.0,5.0,5.0,5.0,5.0,5.0,5.0,5.0,5.0,5.0,5.0,5.0,7,7,7,3,7,5,7,1,4,5,1,1,1,1,1,1,1,1,1,1,1,1,1,1,1,1,3,3,1,2,21,1,10,4,10,1,1,4
4542,5.0,5.0,4.0,1.0,5.0,1.0,2.0,4.0,4.0,1.0,1.0,5.0,1.0,1.0,5.0,2.0,4.0,5.0,1.0,5.0,7,7,1,7,7,1,1,7,6,1,1,0,0,1,1,0,0,1,0,1,0,0,1,0,1,1,1,3,1,2,19,1,7,1,60,2,1,2
4543,4.0,4.0,1.0,2.0,4.0,2.0,1.0,4.0,3.0,2.0,2.0,4.0,4.0,2.0,5.0,1.0,1.0,4.0,5.0,1.0,1,3,3,1,5,7,5,3,7,2,1,1,0,1,1,0,0,0,0,1,0,0,1,1,1,1,2,1,1,1,20,1,1,1,60,1,1,3
4544,4.0,4.0,4.0,5.0,5.0,5.0,5.0,5.0,1.0,5.0,2.0,5.0,4.0,5.0,2.0,5.0,3.0,4.0,5.0,4.0,5,5,7,4,6,3,7,3,4,5,1,0,0,1,0,0,0,0,0,1,0,0,0,0,1,1,3,3,1,1,23,1,10,1,10,2,1,7
4545,4.0,5.0,2.0,2.0,4.0,2.0,1.0,3.0,2.0,1.0,2.0,5.0,4.0,2.0,4.0,2.0,1.0,4.0,5.0,1.0,6,7,7,1,6,4,3,1,7,1,1,1,1,1,1,1,0,0,0,1,1,0,1,1,1,1,2,2,1,1,18,1,2,1,60,2,1,2
4546,5.0,3.0,3.0,3.0,1.0,5.0,3.0,3.0,3.0,5.0,5.0,3.0,3.0,3.0,1.0,5.0,1.0,1.0,5.0,3.0,5,4,6,5,7,5,3,5,4,5,1,0,1,1,0,1,1,0,0,1,0,0,1,0,1,1,3,1,1,2,20,1,10,0,10,1,1,3
4547,4.0,1.0,1.0,2.0,5.0,1.0,1.0,4.0,1.0,2.0,1.0,5.0,4.0,2.0,4.0,2.0,5.0,3.0,5.0,3.0,7,7,6,2,6,1,6,4,2,4,1,1,0,1,1,0,0,0,0,1,0,1,0,1,1,1,3,3,2,2,19,1,2,4,70,1,1,3
4548,5.0,5.0,5.0,4.0,4.0,3.0,2.0,3.0,3.0,2.0,1.0,5.0,1.0,3.0,5.0,3.0,3.0,3.0,5.0,3.0,1,5,2,4,6,5,6,5,6,1,1,1,1,1,1,0,1,1,0,1,1,0,0,1,1,1,3,2,1,1,30,1,1,1,60,2,1,2
4549,1.0,3.0,3.0,3.0,1.0,4.0,3.0,1.0,5.0,5.0,3.0,4.0,1.0,3.0,1.0,4.0,3.0,1.0,5.0,2.0,1,2,5,4,5,6,5,1,6,3,1,1,1,1,1,0,0,0,0,1,0,0,1,1,1,1,2,1,1,1,32,2,2,1,60,1,1,3
4550,4.0,4.0,3.0,3.0,5.0,1.0,3.0,4.0,5.0,2.0,1.0,5.0,5.0,2.0,4.0,1.0,1.0,5.0,5.0,2.0,5,2,4,3,7,5,6,3,7,1,1,1,1,1,1,0,0,0,0,1,1,1,1,1,1,1,3,2,2,1,28,1,2,1,70,1,1,2
4551,5.0,5.0,1.0,1.0,5.0,1.0,1.0,5.0,1.0,1.0,1.0,5.0,5.0,1.0,3.0,2.0,1.0,2.0,5.0,5.0,3,3,5,1,7,7,5,1,7,2,1,1,0,1,1,1,1,0,0,1,1,0,1,1,1,1,2,2,1,1,16,1,4,1,60,2,1,2
4552,3.0,5.0,2.0,2.0,5.0,1.0,1.0,4.0,2.0,2.0,1.0,4.0,4.0,2.0,5.0,1.0,1.0,3.0,5.0,1.0,7,6,2,5,7,2,4,7,2,2,1,1,0,1,1,0,0,0,0,1,0,0,1,1,1,1,2,3,1,1,20,1,4,1,60,1,1,1
4553,2.0,4.0,3.0,2.0,4.0,1.0,1.0,2.0,4.0,4.0,3.0,3.0,1.0,2.0,3.0,1.0,4.0,4.0,5.0,1.0,2,6,6,5,6,5,5,2,2,2,0,1,0,0,1,0,0,1,0,1,0,0,0,0,0,0,2,3,2,2,25,3,2,1,60,1,1,2
4554,5.0,5.0,3.0,5.0,5.0,1.0,5.0,3.0,3.0,1.0,1.0,5.0,5.0,1.0,5.0,1.0,5.0,5.0,5.0,5.0,1,1,7,1,7,7,4,1,7,1,1,1,0,1,1,0,0,0,0,1,0,0,1,1,1,1,2,2,1,1,27,2,4,1,70,1,2,2
4555,5.0,5.0,2.0,4.0,5.0,1.0,1.0,5.0,4.0,2.0,1.0,5.0,4.0,1.0,5.0,1.0,1.0,5.0,5.0,2.0,1,6,4,1,6,7,4,5,7,3,1,1,0,1,1,0,0,1,0,1,0,0,1,1,1,1,2,1,1,1,20,1,2,1,60,1,1,2
4556,2.0,1.0,3.0,3.0,2.0,5.0,3.0,4.0,5.0,4.0,2.0,5.0,4.0,2.0,4.0,1.0,2.0,3.0,5.0,2.0,4,2,6,6,6,5,5,7,2,3,1,1,0,1,1,0,0,1,0,1,0,1,1,1,1,1,2,2,2,1,18,3,1,4,60,2,1,2
4557,1.0,2.0,2.0,3.0,4.0,5.0,5.0,3.0,5.0,5.0,2.0,3.0,1.0,3.0,2.0,1.0,1.0,4.0,5.0,4.0,6,6,7,1,7,6,6,1,6,6,1,1,0,1,1,0,0,0,0,1,0,0,0,1,1,1,4,3,1,1,25,2,12,1,60,2,1,2
4558,4.0,2.0,3.0,3.0,4.0,5.0,1.0,5.0,5.0,5.0,4.0,1.0,1.0,4.0,4.0,4.0,2.0,2.0,4.0,1.0,5,5,7,3,6,6,7,1,4,5,1,0,0,1,0,0,0,0,0,1,0,0,0,0,1,1,2,2,2,2,21,1,4,1,0,1,1,3
4559,1.0,2.0,1.0,2.0,5.0,5.0,2.0,1.0,5.0,5.0,2.0,2.0,1.0,4.0,3.0,3.0,2.0,4.0,5.0,4.0,6,7,6,7,6,2,7,2,1,2,1,1,0,0,1,1,0,1,0,1,0,1,1,1,1,1,3,3,2,1,25,1,2,1,60,1,1,4
4560,4.0,2.0,5.0,4.0,4.0,4.0,2.0,5.0,4.0,5.0,3.0,4.0,4.0,2.0,3.0,5.0,4.0,5.0,5.0,2.0,7,2,6,5,7,3,6,1,6,2,0,0,0,0,1,0,0,0,0,1,1,0,0,0,0,1,3,3,2,2,23,1,8,1,10,2,1,2
4561,1.0,1.0,5.0,5.0,5.0,5.0,5.0,4.0,5.0,4.0,5.0,4.0,5.0,3.0,5.0,5.0,4.0,5.0,1.0,5.0,6,5,7,5,6,1,7,1,5,1,0,0,0,1,1,0,0,0,0,1,0,0,0,0,1,1,3,3,2,2,23,2,10,1,10,1,1,4
4562,5.0,1.0,3.0,5.0,5.0,5.0,4.0,5.0,5.0,5.0,3.0,2.0,1.0,1.0,2.0,5.0,5.0,4.0,5.0,4.0,7,4,5,7,7,5,6,3,4,1,1,0,0,1,0,0,0,0,0,1,0,0,0,0,1,1,3,3,2,2,22,1,10,0,10,2,1,4
4563,4.0,5.0,5.0,5.0,5.0,5.0,4.0,4.0,4.0,4.0,5.0,4.0,4.0,5.0,4.0,3.0,1.0,4.0,5.0,4.0,6,5,6,7,5,6,7,6,6,4,1,0,0,1,1,0,0,0,0,1,0,0,0,0,1,1,4,3,1,2,23,1,10,1,10,2,1,5
4564,5.0,5.0,3.0,3.0,5.0,1.0,4.0,3.0,1.0,1.0,1.0,5.0,3.0,1.0,4.0,2.0,1.0,4.0,4.0,3.0,6,5,7,4,7,2,5,5,6,1,1,1,0,1,1,1,1,1,0,1,0,0,1,1,1,1,0,3,1,2,49,1,4,1,60,2,3,3
4565,5.0,4.0,2.0,3.0,5.0,2.0,1.0,3.0,4.0,3.0,2.0,2.0,5.0,2.0,5.0,3.0,4.0,4.0,5.0,3.0,5,6,6,3,7,5,5,1,7,1,1,1,0,1,1,0,1,1,1,1,1,1,1,1,1,1,4,2,1,1,24,1,2,1,60,1,1,2
4566,1.0,5.0,3.0,1.0,2.0,5.0,2.0,4.0,5.0,2.0,1.0,5.0,5.0,1.0,5.0,5.0,1.0,5.0,5.0,4.0,7,1,5,2,7,1,4,5,5,1,1,1,1,1,1,1,1,1,0,1,1,1,1,1,1,1,4,3,2,1,39,1,12,2,60,2,3,2
4567,5.0,5.0,5.0,3.0,3.0,5.0,1.0,1.0,5.0,3.0,3.0,5.0,5.0,5.0,5.0,5.0,5.0,5.0,5.0,1.0,4,7,7,4,7,6,6,6,7,4,1,0,0,1,0,0,0,1,0,1,0,0,0,0,1,1,3,3,2,2,21,1,7,2,60,1,1,1
4568,3.0,4.0,4.0,4.0,3.0,4.0,5.0,2.0,4.0,5.0,2.0,4.0,3.0,4.0,4.0,4.0,2.0,4.0,4.0,2.0,5,5,5,6,7,6,5,6,2,2,1,1,0,1,1,0,0,0,0,1,0,0,1,1,1,1,2,1,2,1,32,1,7,1,60,1,1,6
4569,4.0,3.0,2.0,2.0,4.0,2.0,3.0,3.0,4.0,3.0,2.0,4.0,4.0,2.0,3.0,2.0,4.0,4.0,4.0,4.0,3,3,5,3,5,6,1,3,6,4,1,0,0,1,1,0,0,0,0,1,0,0,0,1,1,1,2,3,1,2,15,1,2,1,60,2,1,1
4570,1.0,1.0,3.0,4.0,1.0,2.0,2.0,3.0,5.0,5.0,3.0,2.0,1.0,3.0,1.0,5.0,3.0,2.0,1.0,1.0,6,3,7,3,6,5,7,1,4,4,0,0,0,0,0,0,0,0,0,0,0,0,0,0,0,0,3,1,2,1,38,1,4,1,60,1,2,2
4571,4.0,5.0,1.0,1.0,5.0,1.0,1.0,5.0,2.0,2.0,1.0,5.0,4.0,1.0,5.0,1.0,1.0,4.0,5.0,4.0,1,6,5,1,7,6,3,3,7,2,1,1,1,1,1,0,0,0,0,1,1,1,1,1,1,1,3,2,2,2,32,1,2,2,60,2,1,2
4572,4.0,5.0,2.0,4.0,5.0,3.0,2.0,4.0,5.0,2.0,4.0,5.0,3.0,4.0,5.0,1.0,4.0,5.0,5.0,5.0,3,6,4,6,6,5,7,3,4,5,1,1,0,1,1,0,0,0,0,1,0,0,0,1,1,1,3,1,2,2,26,1,7,1,60,2,2,2
4573,3.0,4.0,4.0,1.0,4.0,1.0,1.0,4.0,2.0,2.0,1.0,5.0,2.0,1.0,4.0,1.0,1.0,4.0,5.0,1.0,2,3,2,7,5,5,6,6,1,1,1,1,1,1,1,0,0,0,0,1,0,0,1,1,1,1,4,2,2,1,24,1,2,1,60,1,1,3
4574,1.0,1.0,1.0,4.0,1.0,3.0,2.0,1.0,4.0,4.0,3.0,2.0,1.0,4.0,1.0,5.0,1.0,4.0,5.0,1.0,3,3,6,3,7,7,7,2,6,3,1,1,1,1,1,0,0,1,0,1,1,0,1,1,1,1,4,2,2,2,43,1,1,1,60,2,2,2
4575,2.0,1.0,1.0,5.0,1.0,4.0,4.0,1.0,5.0,2.0,1.0,2.0,3.0,4.0,3.0,5.0,3.0,4.0,5.0,1.0,0,1,6,0,7,6,7,4,7,1,1,1,1,1,1,0,1,1,0,1,1,0,1,1,1,1,4,0,3,1,50,3,0,1,60,1,2,2
4576,3.0,3.0,2.0,3.0,2.0,3.0,2.0,2.0,4.0,4.0,1.0,3.0,2.0,2.0,4.0,2.0,2.0,3.0,5.0,1.0,2,5,5,5,6,6,5,4,4,2,1,1,1,1,1,0,0,1,0,1,0,0,1,1,1,1,4,2,1,1,34,1,1,1,60,2,2,2
4577,2.0,1.0,2.0,5.0,2.0,2.0,2.0,2.0,5.0,3.0,1.0,4.0,2.0,1.0,4.0,4.0,2.0,2.0,5.0,2.0,5,4,6,3,5,5,5,4,5,3,1,1,1,1,1,0,0,0,0,1,0,0,1,1,1,1,4,3,2,1,35,1,1,1,10,1,2,5
4578,5.0,5.0,1.0,1.0,5.0,1.0,1.0,1.0,5.0,1.0,1.0,5.0,1.0,1.0,5.0,1.0,1.0,1.0,5.0,1.0,6,1,7,1,7,4,5,1,6,1,0,1,0,1,1,0,0,1,0,1,0,0,1,1,1,1,2,1,1,1,26,1,7,1,30,2,1,2
4579,5.0,5.0,1.0,1.0,5.0,1.0,1.0,1.0,1.0,1.0,1.0,5.0,5.0,1.0,1.0,1.0,1.0,5.0,5.0,1.0,1,6,6,6,7,5,7,7,2,1,1,1,1,1,1,0,1,1,0,1,1,0,1,1,1,1,3,1,2,1,34,1,2,2,60,1,1,2
4580,5.0,5.0,1.0,1.0,5.0,2.0,1.0,5.0,1.0,1.0,1.0,5.0,5.0,1.0,5.0,1.0,1.0,4.0,5.0,1.0,1,7,7,7,7,7,1,6,6,1,1,1,0,1,1,0,0,0,0,1,0,0,1,1,1,1,3,2,1,2,22,1,1,1,10,1,1,4
4581,1.0,1.0,1.0,5.0,2.0,5.0,5.0,4.0,5.0,1.0,4.0,4.0,1.0,4.0,2.0,5.0,2.0,1.0,5.0,1.0,3,1,6,7,6,5,7,6,6,1,1,1,0,1,0,0,0,0,0,0,0,0,0,1,1,1,2,1,2,1,26,1,7,2,60,1,1,3
4582,5.0,3.0,3.0,4.0,4.0,3.0,4.0,4.0,4.0,2.0,1.0,5.0,1.0,2.0,3.0,4.0,2.0,1.0,3.0,2.0,6,3,7,1,7,6,7,1,6,2,1,1,1,1,1,1,1,1,0,1,1,0,1,1,1,1,3,1,1,1,61,3,6,1,60,1,1,3
4583,5.0,4.0,4.0,5.0,5.0,5.0,4.0,4.0,3.0,4.0,4.0,4.0,2.0,4.0,5.0,5.0,3.0,3.0,2.0,2.0,0,0,0,0,0,0,0,0,0,0,0,0,0,0,0,0,0,0,0,0,0,0,0,0,0,0,3,3,2,1,23,1,10,0,10,1,1,7
4584,1.0,1.0,5.0,5.0,1.0,5.0,5.0,1.0,5.0,5.0,5.0,1.0,1.0,4.0,1.0,3.0,5.0,1.0,4.0,1.0,5,1,6,5,7,5,6,2,6,5,1,1,0,1,1,0,0,0,0,1,0,1,1,1,1,1,4,2,1,1,36,1,3,3,60,1,2,3
4585,4.0,4.0,1.0,2.0,4.0,1.0,1.0,1.0,5.0,3.0,1.0,5.0,1.0,1.0,4.0,1.0,1.0,5.0,5.0,3.0,7,3,6,2,7,1,6,1,6,1,1,1,1,1,1,0,0,1,0,1,0,0,0,1,1,1,3,3,2,1,65,1,6,1,60,1,2,3
4586,5.0,3.0,1.0,1.0,4.0,1.0,1.0,5.0,1.0,2.0,1.0,5.0,5.0,1.0,4.0,2.0,1.0,5.0,5.0,5.0,5,6,5,2,7,3,3,5,6,1,1,1,0,1,0,0,0,0,0,1,0,0,0,0,1,1,2,3,1,2,21,1,2,1,60,1,1,1
4587,5.0,4.0,3.0,3.0,3.0,1.0,1.0,4.0,3.0,1.0,2.0,4.0,2.0,1.0,4.0,2.0,1.0,3.0,5.0,2.0,1,6,5,1,5,7,3,4,7,3,1,1,0,1,1,0,1,0,0,1,0,0,1,1,1,1,3,2,1,2,24,1,2,1,60,2,1,2
4588,5.0,5.0,1.0,1.0,5.0,1.0,2.0,5.0,3.0,1.0,1.0,5.0,5.0,1.0,4.0,1.0,1.0,4.0,4.0,2.0,2,5,6,6,6,7,1,5,6,5,1,1,0,1,1,0,0,0,0,1,0,0,0,1,1,1,3,1,1,1,27,1,12,1,60,2,1,2
4589,1.0,4.0,1.0,5.0,1.0,4.0,3.0,2.0,4.0,5.0,1.0,3.0,4.0,5.0,1.0,5.0,4.0,4.0,5.0,1.0,7,5,6,2,7,3,5,6,7,1,1,1,0,1,1,0,0,0,0,1,0,0,1,1,1,1,3,1,1,1,27,2,1,3,60,1,1,1
4590,3.0,1.0,4.0,1.0,3.0,5.0,5.0,3.0,5.0,5.0,1.0,3.0,4.0,1.0,4.0,2.0,1.0,1.0,5.0,1.0,5,2,6,4,7,4,7,3,5,2,1,1,1,1,1,0,1,1,0,1,1,0,1,1,1,1,3,3,2,1,66,1,12,1,60,1,3,2
4591,5.0,5.0,2.0,2.0,4.0,2.0,2.0,3.0,3.0,3.0,2.0,5.0,4.0,2.0,3.0,2.0,1.0,4.0,4.0,4.0,4,6,5,5,7,6,4,6,6,3,1,1,1,1,1,0,1,0,1,1,0,0,1,1,1,1,3,2,1,2,27,1,1,1,70,1,1,2
4592,5.0,5.0,5.0,5.0,5.0,4.0,1.0,2.0,5.0,3.0,2.0,2.0,1.0,1.0,1.0,5.0,2.0,4.0,4.0,1.0,7,5,7,5,7,3,7,1,5,5,1,1,1,1,0,0,0,1,0,1,0,0,0,1,1,1,3,3,2,2,21,1,1,1,60,1,1,2
4593,2.0,1.0,4.0,5.0,5.0,4.0,2.0,1.0,5.0,4.0,1.0,4.0,2.0,2.0,2.0,4.0,2.0,1.0,5.0,2.0,1,6,7,6,5,6,7,1,5,1,1,1,0,1,1,0,0,0,0,1,1,0,1,1,1,1,3,3,1,2,53,1,11,1,10,1,1,9
4594,5.0,5.0,5.0,1.0,5.0,5.0,5.0,5.0,5.0,1.0,1.0,5.0,1.0,1.0,3.0,1.0,1.0,1.0,5.0,1.0,2,3,6,5,3,6,6,1,6,6,1,1,1,1,1,1,0,1,0,1,0,0,1,1,1,1,4,2,2,1,46,1,6,1,60,1,2,2
4595,4.0,5.0,1.0,4.0,5.0,1.0,1.0,2.0,2.0,2.0,2.0,5.0,4.0,2.0,4.0,5.0,2.0,5.0,5.0,3.0,5,6,6,3,7,6,6,2,6,1,1,1,0,1,1,0,0,1,0,1,0,0,1,1,1,1,3,1,1,2,27,1,12,1,60,1,1,2
4596,2.0,5.0,1.0,4.0,5.0,1.0,1.0,5.0,4.0,1.0,2.0,1.0,4.0,2.0,5.0,4.0,2.0,5.0,4.0,1.0,6,7,7,3,4,5,2,1,7,7,1,1,0,1,1,0,0,1,0,1,0,0,1,1,1,1,3,2,1,1,30,1,4,1,60,1,1,2
4597,3.0,4.0,4.0,5.0,5.0,3.0,1.0,4.0,3.0,3.0,5.0,5.0,5.0,5.0,2.0,5.0,5.0,5.0,2.0,5.0,7,5,7,6,3,7,5,4,7,1,1,1,1,1,1,1,1,0,0,1,1,1,1,1,1,1,3,1,2,2,21,1,12,5,10,1,1,7
4598,4.0,4.0,1.0,4.0,5.0,4.0,1.0,4.0,2.0,1.0,1.0,4.0,1.0,1.0,5.0,4.0,5.0,4.0,5.0,2.0,1,6,5,7,4,7,3,5,1,6,1,0,0,1,0,0,0,0,0,1,0,0,0,0,0,1,2,3,2,2,27,1,2,4,60,2,1,1
4599,4.0,2.0,3.0,2.0,5.0,1.0,1.0,4.0,2.0,2.0,1.0,5.0,5.0,2.0,3.0,1.0,4.0,4.0,5.0,4.0,2,7,1,5,4,4,3,6,2,2,1,1,1,1,1,0,0,1,0,1,1,0,1,1,1,0,3,3,1,2,23,1,2,1,60,2,1,2
4600,4.0,1.0,4.0,4.0,1.0,2.0,1.0,2.0,5.0,5.0,4.0,1.0,1.0,1.0,4.0,5.0,2.0,2.0,1.0,1.0,7,5,7,5,3,1,1,1,6,1,1,1,0,1,1,0,0,1,0,1,0,0,1,1,1,1,3,1,1,1,28,1,4,1,60,2,2,2
4601,4.0,4.0,4.0,2.0,4.0,2.0,2.0,4.0,4.0,3.0,2.0,4.0,4.0,3.0,4.0,3.0,3.0,3.0,4.0,2.0,2,5,5,6,5,1,3,6,5,6,1,1,0,1,1,0,0,1,0,1,0,0,1,0,1,1,3,2,2,1,22,1,1,1,30,1,1,3
4602,1.0,5.0,1.0,1.0,5.0,1.0,1.0,5.0,1.0,1.0,1.0,5.0,5.0,1.0,5.0,1.0,1.0,5.0,5.0,4.0,5,5,5,7,7,3,7,6,2,1,1,1,1,1,1,0,0,1,0,1,1,0,1,1,1,1,3,1,2,2,30,1,12,5,70,1,3,1
4603,5.0,4.0,3.0,1.0,5.0,1.0,2.0,5.0,4.0,2.0,1.0,5.0,5.0,1.0,4.0,2.0,1.0,4.0,5.0,1.0,1,6,5,2,2,6,1,5,7,5,1,1,0,1,1,0,0,1,0,1,0,0,1,1,1,1,3,3,1,1,26,1,7,1,60,1,1,3
4604,4.0,5.0,1.0,1.0,5.0,1.0,1.0,5.0,1.0,1.0,1.0,4.0,5.0,1.0,5.0,5.0,1.0,4.0,5.0,3.0,6,7,3,6,6,1,2,5,2,1,1,1,0,1,1,0,0,0,0,1,0,0,1,1,1,1,2,1,1,2,24,1,2,1,60,2,1,2
4605,5.0,5.0,1.0,3.0,5.0,1.0,1.0,5.0,2.0,1.0,1.0,5.0,4.0,2.0,5.0,1.0,4.0,4.0,5.0,5.0,4,7,7,3,7,4,2,1,7,2,1,1,1,1,1,0,0,0,0,1,0,0,1,1,1,1,2,3,1,2,18,2,8,1,10,2,1,0
4606,3.0,3.0,3.0,3.0,4.0,4.0,1.0,4.0,5.0,3.0,2.0,4.0,2.0,3.0,1.0,2.0,3.0,4.0,4.0,1.0,5,3,6,2,6,4,5,1,4,2,1,1,1,1,1,0,1,0,0,1,0,0,1,1,1,1,4,3,0,2,38,1,4,1,70,2,1,2
4607,5.0,4.0,5.0,2.0,5.0,4.0,5.0,1.0,5.0,5.0,2.0,5.0,1.0,1.0,4.0,4.0,1.0,4.0,5.0,2.0,2,3,6,3,7,5,6,1,6,2,1,1,0,1,1,0,0,0,0,1,0,0,1,1,1,1,3,3,2,1,48,1,12,2,60,1,3,5
4608,5.0,5.0,4.0,3.0,5.0,3.0,2.0,5.0,3.0,3.0,3.0,5.0,4.0,2.0,5.0,2.0,1.0,2.0,4.0,3.0,6,5,7,3,4,2,5,2,6,2,1,1,1,1,1,0,0,1,0,1,0,0,1,1,1,1,3,2,2,1,22,1,6,1,60,2,1,0
4609,4.0,3.0,2.0,1.0,2.0,1.0,1.0,1.0,1.0,1.0,1.0,5.0,1.0,1.0,5.0,1.0,1.0,1.0,4.0,3.0,2,2,7,3,5,6,3,1,6,3,1,1,1,1,1,0,1,1,0,1,1,0,1,1,1,1,0,3,2,1,45,2,6,1,60,2,1,3
4610,2.0,1.0,2.0,1.0,5.0,2.0,1.0,1.0,5.0,1.0,1.0,5.0,5.0,1.0,2.0,4.0,2.0,1.0,5.0,1.0,4,6,5,2,5,5,4,5,4,3,1,1,0,1,1,0,1,0,1,1,0,0,0,1,1,1,2,1,2,1,19,1,2,1,60,2,1,3
4611,5.0,5.0,1.0,1.0,5.0,1.0,1.0,5.0,1.0,2.0,1.0,5.0,5.0,1.0,4.0,1.0,1.0,5.0,5.0,5.0,5,7,5,5,6,3,1,3,2,4,1,1,0,1,1,1,0,1,1,1,0,1,1,1,1,1,3,2,1,1,23,1,6,1,60,1,1,2
4612,5.0,5.0,1.0,1.0,5.0,1.0,1.0,4.0,2.0,5.0,1.0,5.0,5.0,2.0,5.0,1.0,5.0,5.0,5.0,5.0,1,6,2,6,3,7,5,7,5,1,1,1,0,1,1,0,0,0,0,1,0,0,0,1,1,1,4,1,1,2,32,1,2,1,10,2,1,3
4613,5.0,1.0,3.0,1.0,3.0,2.0,2.0,4.0,5.0,3.0,1.0,5.0,4.0,1.0,2.0,1.0,2.0,4.0,5.0,3.0,3,5,5,5,5,5,4,3,5,3,0,1,0,0,0,0,0,1,0,0,0,0,1,0,1,1,2,3,1,2,22,1,12,1,70,2,1,4
4614,4.0,4.0,2.0,1.0,4.0,2.0,2.0,3.0,4.0,2.0,1.0,4.0,5.0,3.0,5.0,2.0,2.0,4.0,4.0,2.0,7,5,6,2,7,1,5,2,5,2,1,1,1,1,1,1,0,1,0,1,0,1,1,1,1,1,3,3,1,1,26,1,2,1,60,1,2,3
4615,4.0,2.0,5.0,2.0,5.0,4.0,1.0,3.0,4.0,2.0,1.0,5.0,5.0,3.0,4.0,1.0,1.0,4.0,4.0,3.0,6,6,5,7,6,3,6,7,1,1,1,1,1,1,1,0,0,1,0,1,0,0,1,1,1,1,2,3,2,1,22,1,7,2,30,1,1,2
4616,5.0,5.0,2.0,4.0,4.0,2.0,1.0,4.0,3.0,3.0,1.0,4.0,4.0,2.0,5.0,2.0,2.0,5.0,5.0,1.0,5,3,7,2,7,3,5,4,7,3,1,1,1,1,1,0,0,0,0,1,0,0,1,1,1,1,2,2,1,1,18,1,1,2,60,2,1,2
4617,3.0,5.0,5.0,2.0,4.0,2.0,2.0,4.0,5.0,2.0,3.0,5.0,4.0,3.0,4.0,4.0,2.0,5.0,5.0,1.0,5,7,2,7,5,2,6,7,3,6,1,1,1,1,1,0,1,1,0,1,0,1,0,1,1,1,1,3,1,1,16,1,1,1,30,2,1,2
4618,5.0,5.0,1.0,1.0,5.0,3.0,5.0,4.0,4.0,1.0,1.0,5.0,5.0,1.0,1.0,5.0,1.0,1.0,5.0,1.0,1,7,6,5,7,5,1,7,4,1,1,1,0,1,1,0,0,0,0,1,0,0,1,1,1,1,3,2,1,1,35,1,12,1,60,2,1,5
4619,3.0,1.0,3.0,4.0,1.0,5.0,5.0,4.0,5.0,3.0,3.0,1.0,1.0,3.0,2.0,5.0,5.0,4.0,3.0,1.0,6,6,7,3,7,5,7,1,6,7,1,1,0,1,1,0,0,1,0,1,0,0,1,1,1,1,3,1,1,2,36,1,7,1,30,1,1,5
4620,5.0,5.0,2.0,4.0,5.0,2.0,1.0,4.0,3.0,1.0,1.0,5.0,5.0,1.0,5.0,4.0,3.0,5.0,5.0,4.0,5,7,5,1,7,6,5,3,7,6,1,1,0,1,1,0,1,1,0,1,1,0,1,1,1,1,4,1,1,2,30,1,1,1,30,1,1,5
4621,3.0,2.0,1.0,1.0,5.0,1.0,1.0,2.0,4.0,4.0,1.0,4.0,4.0,1.0,4.0,1.0,1.0,3.0,5.0,2.0,3,6,6,6,7,5,6,5,4,2,1,1,0,1,1,0,0,0,0,1,0,0,0,1,1,1,3,2,1,1,25,1,1,1,60,1,1,2
4622,5.0,4.0,2.0,2.0,2.0,1.0,1.0,5.0,1.0,5.0,1.0,5.0,4.0,2.0,4.0,2.0,3.0,5.0,3.0,4.0,2,6,6,7,7,7,4,7,1,6,1,1,0,1,1,0,0,0,0,1,0,0,0,1,1,1,3,2,1,2,22,1,10,1,70,1,1,3
4623,1.0,3.0,5.0,1.0,3.0,5.0,5.0,4.0,2.0,5.0,3.0,3.0,1.0,4.0,5.0,3.0,3.0,5.0,5.0,1.0,7,5,3,1,7,1,7,6,5,1,1,1,0,1,1,0,0,0,0,1,0,0,0,0,1,1,4,3,1,1,30,2,12,1,30,2,1,3
4624,2.0,4.0,5.0,2.0,2.0,2.0,2.0,1.0,5.0,1.0,3.0,1.0,1.0,1.0,2.0,2.0,3.0,3.0,2.0,3.0,3,6,4,6,5,7,6,3,6,2,1,1,1,1,1,0,0,1,0,1,1,0,1,1,1,1,3,2,1,2,26,1,4,1,60,1,1,1
4625,2.0,2.0,5.0,1.0,3.0,2.0,4.0,2.0,5.0,2.0,1.0,3.0,2.0,1.0,2.0,1.0,3.0,3.0,4.0,1.0,5,5,2,5,7,6,7,6,3,1,1,1,1,1,1,0,1,1,0,1,1,0,1,1,1,1,3,2,2,2,30,1,6,1,60,1,1,2
4626,3.0,3.0,1.0,1.0,4.0,2.0,3.0,4.0,3.0,4.0,1.0,5.0,3.0,1.0,3.0,1.0,1.0,4.0,5.0,3.0,1,7,5,5,5,5,2,2,2,1,1,1,1,1,1,0,0,1,0,1,1,0,1,1,1,1,3,2,1,1,36,1,2,1,60,2,1,1
4627,3.0,5.0,1.0,1.0,4.0,2.0,1.0,3.0,4.0,3.0,3.0,4.0,1.0,2.0,3.0,2.0,2.0,5.0,5.0,1.0,3,6,3,2,6,6,5,2,2,4,1,1,0,1,1,0,0,0,0,1,0,1,0,0,1,1,2,3,1,2,17,1,1,1,60,2,1,3
4628,5.0,5.0,3.0,2.0,5.0,1.0,1.0,3.0,5.0,2.0,1.0,5.0,5.0,2.0,5.0,1.0,1.0,5.0,4.0,5.0,2,5,7,7,7,7,7,5,3,4,1,1,1,1,1,0,1,1,0,1,1,0,1,1,1,1,0,2,2,2,35,1,6,1,30,2,1,3
4629,1.0,1.0,3.0,5.0,1.0,5.0,3.0,3.0,5.0,5.0,5.0,1.0,1.0,5.0,1.0,3.0,4.0,1.0,5.0,1.0,3,5,3,6,7,6,3,3,3,6,0,0,0,0,0,0,0,0,0,1,0,0,0,1,0,1,2,3,2,2,22,1,12,2,70,1,1,2
4630,2.0,5.0,1.0,4.0,4.0,2.0,4.0,2.0,5.0,5.0,1.0,5.0,2.0,1.0,4.0,5.0,4.0,4.0,5.0,4.0,6,6,5,5,6,2,6,3,3,2,1,1,0,1,1,0,0,1,0,1,0,0,0,1,1,1,3,2,1,2,44,1,1,1,60,0,1,2
4631,2.0,4.0,3.0,4.0,3.0,3.0,1.0,4.0,5.0,3.0,1.0,2.0,3.0,3.0,4.0,4.0,2.0,2.0,5.0,2.0,3,5,6,5,5,6,5,4,4,2,1,1,0,1,1,0,0,0,0,1,0,1,1,1,1,1,3,2,2,1,31,1,4,1,60,1,1,3
4632,1.0,1.0,3.0,4.0,4.0,5.0,5.0,5.0,5.0,4.0,2.0,2.0,5.0,4.0,1.0,5.0,5.0,5.0,5.0,1.0,7,4,7,1,7,4,6,1,7,3,1,1,1,0,1,0,1,1,0,1,1,1,1,1,1,1,1,2,1,1,16,2,4,2,60,2,1,5
4633,5.0,5.0,2.0,2.0,1.0,1.0,1.0,5.0,2.0,1.0,1.0,5.0,5.0,1.0,5.0,1.0,1.0,5.0,4.0,5.0,7,1,7,1,6,3,2,1,7,1,1,1,1,1,1,1,1,1,1,1,1,1,1,1,1,1,4,1,2,1,44,1,2,1,60,1,2,2
4634,2.0,1.0,5.0,5.0,1.0,5.0,5.0,4.0,5.0,5.0,1.0,1.0,1.0,1.0,1.0,5.0,4.0,1.0,3.0,1.0,6,5,6,4,7,1,6,5,4,2,1,1,1,1,1,0,0,1,0,1,0,1,0,1,1,1,4,3,2,2,36,1,6,1,60,1,1,3
4635,5.0,4.0,5.0,4.0,4.0,1.0,1.0,5.0,4.0,5.0,1.0,5.0,5.0,1.0,3.0,1.0,1.0,1.0,5.0,1.0,0,0,0,0,0,7,0,0,0,0,1,1,1,1,1,0,1,1,0,1,1,0,1,1,1,1,3,2,1,1,65,3,2,1,60,1,2,2
4636,1.0,2.0,4.0,5.0,1.0,4.0,2.0,1.0,5.0,3.0,1.0,2.0,1.0,4.0,4.0,4.0,3.0,3.0,3.0,3.0,6,6,5,2,6,6,7,7,6,2,1,1,0,1,1,1,0,0,0,1,0,0,1,1,1,1,4,3,1,1,23,1,7,1,60,1,1,3
4637,3.0,5.0,1.0,3.0,4.0,4.0,1.0,4.0,2.0,3.0,1.0,2.0,5.0,1.0,4.0,1.0,1.0,5.0,5.0,1.0,2,6,1,7,5,7,5,7,2,3,1,1,1,1,1,1,0,1,1,1,0,1,1,1,1,1,3,1,2,1,24,2,2,1,60,1,1,5
4638,1.0,5.0,3.0,2.0,3.0,3.0,3.0,3.0,5.0,3.0,1.0,1.0,4.0,2.0,3.0,2.0,4.0,3.0,5.0,1.0,6,5,6,3,6,1,5,2,3,2,1,0,0,0,1,0,0,0,0,1,0,0,0,0,0,1,1,1,1,1,17,1,6,1,70,2,1,2
4639,2.0,4.0,2.0,2.0,2.0,1.0,1.0,2.0,1.0,3.0,1.0,5.0,1.0,1.0,4.0,1.0,1.0,4.0,5.0,4.0,6,5,2,1,7,5,7,7,7,1,1,1,1,1,1,0,0,0,0,1,1,0,0,1,1,1,2,1,1,2,65,1,2,1,60,2,1,3
4640,4.0,3.0,2.0,4.0,4.0,1.0,1.0,1.0,2.0,2.0,1.0,5.0,2.0,2.0,3.0,3.0,2.0,4.0,4.0,1.0,2,3,6,2,6,4,3,4,7,4,1,1,0,1,1,0,0,1,0,1,0,1,1,1,1,1,4,1,1,2,34,1,2,1,60,1,1,2
4641,4.0,3.0,4.0,4.0,4.0,2.0,2.0,2.0,3.0,5.0,1.0,5.0,1.0,2.0,4.0,1.0,1.0,4.0,5.0,1.0,5,5,6,6,5,6,5,3,4,7,1,1,0,1,1,0,0,1,0,1,0,0,1,1,1,1,2,2,1,2,26,1,1,1,10,1,1,1
4642,2.0,4.0,1.0,4.0,1.0,1.0,1.0,2.0,4.0,3.0,2.0,4.0,1.0,3.0,4.0,4.0,3.0,3.0,5.0,1.0,2,5,6,6,7,7,6,3,4,2,1,1,0,1,1,0,0,1,0,1,0,0,1,1,1,1,2,1,1,1,20,1,2,1,60,1,1,1
4643,1.0,2.0,5.0,5.0,1.0,5.0,4.0,2.0,5.0,4.0,5.0,1.0,1.0,4.0,2.0,5.0,3.0,2.0,1.0,1.0,6,3,5,5,5,3,6,5,5,2,1,1,0,1,1,0,0,1,0,1,0,0,0,1,1,1,2,2,2,1,19,1,4,1,60,1,1,2
4644,5.0,5.0,1.0,2.0,5.0,1.0,1.0,4.0,2.0,1.0,1.0,5.0,5.0,2.0,5.0,2.0,1.0,4.0,5.0,1.0,5,6,7,2,5,5,3,1,6,2,1,1,0,1,1,0,0,1,0,1,0,0,1,1,1,1,3,3,1,1,22,1,6,1,60,1,1,3
4645,2.0,5.0,3.0,2.0,5.0,4.0,2.0,4.0,4.0,4.0,2.0,5.0,4.0,2.0,3.0,2.0,3.0,4.0,2.0,3.0,5,5,2,3,6,6,3,6,6,4,0,1,0,0,1,0,0,0,0,1,1,0,1,1,1,1,2,3,1,2,24,1,4,1,60,1,1,2
4646,2.0,4.0,2.0,1.0,4.0,3.0,2.0,4.0,5.0,4.0,1.0,5.0,4.0,1.0,4.0,2.0,1.0,4.0,5.0,1.0,2,2,5,3,4,7,6,4,4,2,1,1,1,1,1,1,0,1,1,1,0,1,1,1,1,1,3,1,1,1,31,1,4,1,60,1,1,3
4647,2.0,1.0,4.0,4.0,2.0,4.0,4.0,4.0,5.0,5.0,3.0,2.0,1.0,3.0,2.0,4.0,3.0,2.0,4.0,5.0,7,3,7,2,6,1,7,2,6,3,1,1,0,1,1,0,1,0,0,1,0,1,0,1,1,1,3,3,2,1,39,1,6,1,60,1,1,2
4648,5.0,5.0,2.0,1.0,5.0,1.0,5.0,5.0,1.0,1.0,1.0,5.0,5.0,1.0,5.0,1.0,5.0,1.0,5.0,5.0,7,7,1,7,7,1,7,5,1,7,1,1,0,1,1,0,0,0,0,1,0,0,1,1,1,1,3,2,1,1,27,3,6,1,30,2,1,3
4649,4.0,5.0,3.0,2.0,4.0,3.0,1.0,2.0,2.0,3.0,2.0,5.0,1.0,1.0,4.0,2.0,5.0,3.0,5.0,4.0,6,4,5,4,6,5,6,3,4,2,1,1,1,1,1,1,0,1,0,1,0,0,1,1,1,1,3,1,1,2,36,1,7,1,60,2,1,2
4650,4.0,5.0,2.0,2.0,5.0,1.0,1.0,4.0,3.0,2.0,2.0,4.0,4.0,2.0,4.0,1.0,1.0,5.0,4.0,4.0,5,2,5,4,6,5,5,5,6,4,1,1,1,1,1,0,0,0,0,1,0,0,1,1,1,1,2,2,1,1,18,1,12,1,60,2,1,2
4651,5.0,5.0,1.0,1.0,5.0,1.0,1.0,4.0,1.0,1.0,1.0,5.0,4.0,1.0,5.0,1.0,1.0,5.0,5.0,2.0,7,2,5,3,5,5,1,2,2,1,1,1,0,1,1,0,0,0,0,1,0,0,1,1,1,1,2,3,2,1,18,1,2,1,30,2,1,2
4652,1.0,1.0,5.0,4.0,5.0,5.0,5.0,1.0,5.0,5.0,5.0,5.0,1.0,2.0,4.0,4.0,1.0,2.0,3.0,1.0,6,4,4,1,7,3,7,5,7,2,1,1,0,1,1,0,0,0,0,1,0,0,0,1,1,1,2,3,1,2,21,1,6,1,60,2,1,4
4653,4.0,1.0,4.0,2.0,5.0,5.0,4.0,4.0,5.0,5.0,2.0,4.0,5.0,2.0,1.0,2.0,5.0,4.0,5.0,2.0,1,1,6,6,6,3,5,1,3,2,1,1,1,1,1,1,0,0,0,1,0,0,1,1,1,1,3,1,2,1,33,1,12,1,70,1,2,3
4654,1.0,2.0,4.0,5.0,4.0,4.0,2.0,2.0,5.0,5.0,2.0,4.0,2.0,4.0,4.0,5.0,5.0,4.0,4.0,1.0,6,2,5,6,6,3,7,5,5,2,1,1,0,1,1,0,0,0,0,1,0,0,0,1,1,1,2,2,2,1,20,1,5,1,60,2,1,3
4655,5.0,4.0,1.0,2.0,5.0,2.0,2.0,4.0,2.0,2.0,1.0,4.0,4.0,1.0,4.0,1.0,1.0,4.0,5.0,3.0,7,6,5,5,7,3,2,6,6,1,1,1,0,1,1,1,0,1,0,1,0,1,1,1,1,1,3,2,1,1,31,1,12,1,60,1,1,2
4656,5.0,5.0,1.0,1.0,5.0,1.0,3.0,2.0,5.0,1.0,1.0,5.0,2.0,1.0,5.0,1.0,1.0,5.0,5.0,3.0,6,6,6,7,7,6,6,7,6,1,1,0,0,1,1,0,0,0,0,1,0,0,0,1,1,1,4,3,1,1,34,1,3,1,70,1,1,2
4657,1.0,2.0,4.0,4.0,1.0,4.0,2.0,1.0,4.0,4.0,2.0,4.0,1.0,2.0,2.0,2.0,3.0,2.0,5.0,1.0,5,1,6,6,7,5,6,2,3,2,1,0,1,1,1,0,0,0,0,1,0,0,1,1,1,1,3,2,2,1,18,1,1,1,60,2,1,3
4658,4.0,4.0,1.0,2.0,5.0,2.0,1.0,4.0,5.0,1.0,1.0,5.0,1.0,1.0,5.0,1.0,1.0,5.0,5.0,1.0,2,5,3,6,6,6,4,5,4,1,1,1,1,1,1,0,0,0,0,1,1,0,1,1,1,1,4,1,2,1,32,1,1,1,60,1,1,2
4659,4.0,5.0,1.0,3.0,5.0,1.0,2.0,4.0,4.0,4.0,1.0,5.0,2.0,1.0,4.0,2.0,5.0,4.0,5.0,1.0,7,4,3,3,6,4,6,5,4,6,0,0,0,0,1,0,0,0,0,0,0,0,0,1,0,1,4,3,2,2,25,0,4,1,60,1,1,2
4660,3.0,4.0,2.0,2.0,4.0,2.0,1.0,3.0,3.0,2.0,1.0,5.0,3.0,1.0,3.0,3.0,3.0,3.0,4.0,2.0,7,6,2,4,6,3,5,7,4,2,1,1,0,1,1,0,0,1,0,1,1,0,0,1,1,1,2,2,2,2,19,1,1,2,60,1,1,2
4661,5.0,5.0,3.0,2.0,4.0,2.0,3.0,4.0,4.0,3.0,1.0,5.0,4.0,1.0,3.0,1.0,2.0,4.0,5.0,3.0,2,6,7,1,7,5,6,3,7,2,1,1,1,1,1,1,0,0,0,1,0,1,1,1,1,1,2,2,1,2,20,1,4,1,60,1,1,3
4662,2.0,2.0,2.0,4.0,2.0,2.0,4.0,2.0,5.0,5.0,2.0,1.0,1.0,3.0,1.0,4.0,1.0,3.0,4.0,1.0,5,5,6,2,7,5,5,6,3,2,1,1,0,0,1,0,0,0,0,0,0,0,1,1,1,1,3,3,1,2,28,1,6,1,60,1,1,2
4663,1.0,5.0,5.0,5.0,5.0,5.0,4.0,3.0,5.0,5.0,4.0,1.0,5.0,5.0,5.0,5.0,1.0,2.0,5.0,3.0,7,1,5,6,7,0,7,0,1,1,1,0,0,1,0,0,0,0,0,1,0,0,0,0,0,1,4,3,1,2,21,2,10,3,10,1,1,3
4664,5.0,5.0,1.0,1.0,3.0,1.0,1.0,5.0,3.0,1.0,1.0,5.0,5.0,1.0,5.0,1.0,5.0,4.0,4.0,5.0,6,1,7,6,7,4,5,1,1,1,1,1,0,1,1,0,0,0,1,1,0,0,0,1,1,1,3,3,1,2,34,2,4,1,30,1,1,4
4665,4.0,4.0,2.0,4.0,2.0,2.0,2.0,2.0,4.0,3.0,1.0,5.0,4.0,1.0,2.0,1.0,4.0,4.0,3.0,5.0,3,5,5,5,6,7,3,5,6,2,1,1,0,1,1,0,0,0,0,1,0,0,1,1,1,1,3,3,1,1,25,1,4,1,60,1,1,9
4666,5.0,5.0,5.0,3.0,3.0,1.0,1.0,1.0,5.0,1.0,1.0,5.0,3.0,1.0,3.0,1.0,1.0,5.0,5.0,1.0,1,6,5,5,7,6,3,4,4,1,1,1,1,1,1,0,0,0,0,1,0,0,1,1,1,1,3,3,1,2,30,1,2,1,70,1,1,2
4667,5.0,1.0,3.0,1.0,5.0,1.0,1.0,5.0,1.0,1.0,1.0,5.0,5.0,1.0,5.0,5.0,3.0,5.0,5.0,1.0,7,7,7,1,7,1,7,1,7,1,1,0,0,1,1,0,0,0,0,1,0,0,0,1,1,1,3,3,1,2,33,1,5,1,30,1,2,6
4668,5.0,5.0,1.0,4.0,5.0,1.0,1.0,5.0,3.0,1.0,3.0,5.0,4.0,1.0,5.0,1.0,1.0,5.0,5.0,1.0,7,4,4,4,4,4,4,4,4,4,1,1,0,1,1,0,0,0,0,1,0,0,1,1,1,1,2,2,1,1,20,1,4,1,60,1,1,5
4669,2.0,1.0,3.0,4.0,4.0,5.0,2.0,2.0,5.0,5.0,2.0,4.0,1.0,4.0,5.0,2.0,4.0,4.0,5.0,4.0,5,5,7,3,6,5,5,5,7,3,1,1,0,1,1,0,0,1,0,1,0,0,0,1,1,1,2,2,2,1,20,1,1,1,60,2,1,3
4670,4.0,3.0,3.0,3.0,4.0,2.0,2.0,2.0,3.0,3.0,1.0,4.0,4.0,3.0,2.0,2.0,4.0,4.0,5.0,2.0,1,6,3,2,6,6,5,5,6,1,1,1,1,1,1,1,1,1,1,1,0,1,1,1,1,1,3,2,1,2,31,1,1,3,70,1,1,3
4671,5.0,1.0,5.0,5.0,1.0,5.0,5.0,1.0,5.0,5.0,5.0,1.0,5.0,5.0,5.0,5.0,5.0,1.0,5.0,1.0,7,4,7,1,7,3,7,1,7,1,1,1,1,1,1,1,1,1,1,1,1,1,1,1,1,1,4,2,2,2,23,1,4,1,50,2,1,2
4672,5.0,5.0,1.0,1.0,2.0,1.0,1.0,1.0,5.0,2.0,1.0,2.0,5.0,4.0,4.0,3.0,2.0,4.0,5.0,5.0,1,1,5,7,3,6,7,1,1,1,1,1,1,1,1,0,0,0,0,1,0,0,1,1,1,1,3,2,2,1,52,3,9,3,60,1,3,2
4673,1.0,1.0,4.0,4.0,1.0,5.0,5.0,4.0,5.0,5.0,5.0,4.0,1.0,4.0,1.0,1.0,2.0,3.0,1.0,1.0,5,1,6,4,5,4,7,5,5,1,1,1,1,1,1,0,0,1,0,1,0,1,1,1,1,1,3,2,2,1,36,2,6,1,60,2,3,3
4674,5.0,5.0,4.0,1.0,5.0,1.0,1.0,4.0,5.0,1.0,1.0,4.0,5.0,2.0,5.0,1.0,1.0,5.0,5.0,1.0,1,7,5,7,3,7,3,7,3,1,1,1,1,1,1,1,0,1,1,1,0,1,1,1,1,1,2,2,2,1,18,1,1,1,60,2,1,2
4675,4.0,4.0,4.0,3.0,5.0,2.0,2.0,3.0,4.0,4.0,2.0,5.0,4.0,2.0,5.0,5.0,1.0,4.0,4.0,1.0,7,2,7,5,6,4,6,1,6,2,1,1,0,1,1,0,0,1,0,1,0,0,1,1,1,1,3,2,1,1,53,1,4,1,60,1,2,2
4676,2.0,2.0,3.0,3.0,4.0,1.0,3.0,2.0,5.0,4.0,3.0,4.0,3.0,3.0,2.0,3.0,2.0,3.0,3.0,1.0,2,3,3,4,3,4,5,6,2,1,1,1,0,1,1,0,0,0,0,1,0,0,1,1,1,1,3,3,1,1,45,2,7,1,60,2,1,3
4677,2.0,4.0,2.0,5.0,2.0,4.0,2.0,2.0,5.0,4.0,3.0,4.0,1.0,3.0,5.0,4.0,1.0,4.0,5.0,1.0,6,3,6,2,6,2,6,2,7,4,1,1,0,1,1,0,0,0,0,1,0,0,1,0,1,1,3,2,2,1,19,1,5,1,60,1,1,6
4678,5.0,4.0,1.0,2.0,4.0,1.0,2.0,5.0,4.0,2.0,1.0,5.0,4.0,2.0,5.0,4.0,1.0,4.0,5.0,1.0,4,4,4,4,4,4,4,4,4,4,1,1,1,1,1,0,0,1,0,1,0,1,1,1,1,1,3,1,1,1,23,1,1,1,60,1,2,2
4679,5.0,5.0,1.0,3.0,5.0,2.0,1.0,4.0,4.0,2.0,1.0,5.0,5.0,1.0,5.0,5.0,2.0,4.0,5.0,4.0,3,5,7,2,6,7,7,3,7,1,1,1,1,1,1,0,1,0,0,1,0,0,1,1,1,1,4,3,1,1,38,1,2,1,60,1,2,1
4680,1.0,1.0,5.0,5.0,1.0,5.0,5.0,3.0,5.0,3.0,3.0,1.0,1.0,5.0,1.0,1.0,5.0,2.0,4.0,1.0,2,1,4,6,7,3,7,5,5,1,1,1,0,1,1,0,0,0,0,1,0,1,1,1,1,1,3,3,2,1,41,1,6,1,60,2,3,2
4681,1.0,1.0,3.0,5.0,1.0,5.0,5.0,5.0,5.0,5.0,2.0,5.0,1.0,2.0,5.0,1.0,1.0,5.0,3.0,1.0,1,5,1,2,1,7,7,7,2,1,1,1,1,1,1,0,0,1,0,1,0,0,1,1,1,1,3,2,2,1,54,1,6,1,60,1,3,2
4682,4.0,4.0,2.0,2.0,5.0,2.0,1.0,4.0,4.0,2.0,1.0,4.0,3.0,1.0,5.0,1.0,3.0,4.0,5.0,2.0,3,4,2,6,7,5,5,5,1,3,1,1,0,1,1,0,0,0,0,1,0,0,1,1,1,1,1,3,1,1,17,1,1,1,60,2,1,4
4683,5.0,3.0,2.0,1.0,4.0,1.0,1.0,1.0,1.0,2.0,1.0,5.0,5.0,1.0,4.0,1.0,1.0,5.0,5.0,4.0,1,7,6,2,6,7,2,7,7,1,1,1,1,1,1,0,0,0,0,1,0,0,1,1,1,1,3,3,2,2,24,1,2,1,60,2,1,2
4684,4.0,3.0,2.0,3.0,4.0,5.0,2.0,1.0,5.0,5.0,2.0,3.0,1.0,1.0,4.0,1.0,3.0,4.0,5.0,4.0,7,5,7,7,6,1,7,1,1,3,1,1,1,1,1,0,0,0,0,1,0,0,1,1,1,1,2,2,2,1,19,1,4,1,60,1,1,3
4685,4.0,2.0,3.0,4.0,4.0,2.0,1.0,3.0,4.0,2.0,2.0,3.0,3.0,2.0,3.0,2.0,3.0,4.0,5.0,2.0,3,6,4,5,7,3,3,5,3,1,1,1,1,1,1,0,0,0,0,1,0,0,1,1,1,1,2,2,2,1,21,1,1,2,70,1,1,2
4686,1.0,2.0,3.0,4.0,2.0,4.0,2.0,1.0,3.0,5.0,2.0,2.0,3.0,3.0,1.0,4.0,5.0,2.0,3.0,1.0,7,4,6,2,7,1,6,1,6,1,1,1,0,1,1,0,0,0,0,1,0,0,1,1,1,1,2,2,2,1,55,2,7,1,30,1,3,9
4687,2.0,2.0,2.0,4.0,4.0,4.0,2.0,4.0,4.0,4.0,3.0,2.0,2.0,2.0,3.0,2.0,2.0,1.0,4.0,3.0,7,2,7,1,5,1,6,1,7,1,1,1,1,1,1,1,1,1,0,1,0,1,1,1,1,1,4,2,2,1,33,1,4,1,60,1,3,3
4688,5.0,5.0,1.0,1.0,5.0,1.0,3.0,5.0,4.0,3.0,1.0,5.0,4.0,2.0,3.0,1.0,1.0,5.0,1.0,1.0,1,7,7,5,5,5,3,1,7,1,1,0,0,0,0,0,0,1,0,1,0,0,0,0,0,1,4,3,1,1,27,2,4,1,10,2,1,2
4689,5.0,1.0,1.0,1.0,5.0,1.0,3.0,5.0,3.0,1.0,1.0,5.0,5.0,1.0,1.0,1.0,2.0,1.0,1.0,1.0,4,7,1,1,7,4,1,7,1,1,0,0,0,0,0,0,0,0,0,0,0,0,0,0,0,0,3,3,1,2,26,2,1,1,70,2,1,2
4690,3.0,3.0,2.0,2.0,3.0,2.0,2.0,4.0,4.0,2.0,1.0,4.0,2.0,2.0,4.0,1.0,3.0,4.0,4.0,3.0,2,4,3,1,5,6,4,3,6,2,1,1,1,1,1,0,0,0,0,1,0,0,1,1,1,1,3,2,1,1,40,1,7,2,60,2,2,2
4691,1.0,2.0,4.0,3.0,2.0,4.0,2.0,1.0,5.0,5.0,1.0,1.0,3.0,2.0,4.0,2.0,4.0,4.0,5.0,1.0,4,5,3,5,6,5,5,7,5,3,1,1,0,1,1,0,0,1,0,1,1,0,1,1,1,1,4,3,1,2,31,1,1,1,60,2,1,4
4692,5.0,5.0,1.0,1.0,5.0,1.0,1.0,5.0,1.0,1.0,1.0,5.0,5.0,1.0,2.0,1.0,1.0,5.0,5.0,5.0,4,4,6,1,7,7,1,1,7,1,1,1,1,1,1,0,0,0,0,1,0,0,1,1,1,1,3,2,1,2,30,1,1,4,60,1,1,2
4693,3.0,5.0,3.0,3.0,5.0,2.0,3.0,4.0,3.0,3.0,2.0,5.0,1.0,1.0,3.0,2.0,2.0,4.0,4.0,4.0,4,2,6,1,7,5,6,2,6,4,1,1,1,1,1,0,1,1,0,1,0,0,1,1,1,1,4,3,1,1,35,1,2,1,70,2,1,3
4694,5.0,1.0,5.0,2.0,5.0,5.0,5.0,3.0,5.0,3.0,3.0,1.0,1.0,3.0,3.0,4.0,4.0,1.0,4.0,2.0,6,6,7,6,3,7,7,1,6,2,0,0,0,1,1,0,0,1,0,1,0,0,0,1,1,1,3,1,2,2,35,1,6,4,30,1,2,6
4695,5.0,4.0,4.0,1.0,4.0,2.0,2.0,4.0,4.0,2.0,1.0,5.0,4.0,1.0,4.0,2.0,2.0,4.0,3.0,4.0,4,6,5,2,5,4,5,2,3,3,0,1,0,1,0,0,0,0,0,0,0,0,0,0,1,1,3,3,1,2,29,1,10,1,20,2,1,2
4696,5.0,5.0,4.0,4.0,5.0,3.0,1.0,2.0,4.0,5.0,4.0,4.0,2.0,4.0,5.0,2.0,1.0,4.0,5.0,4.0,1,5,7,5,7,6,2,3,6,1,1,1,1,1,1,0,1,1,0,1,1,0,1,1,1,1,3,2,2,1,22,1,2,2,10,2,1,2
4697,2.0,4.0,2.0,4.0,2.0,3.0,2.0,4.0,3.0,2.0,2.0,1.0,2.0,2.0,4.0,3.0,2.0,4.0,5.0,1.0,5,4,5,1,6,3,4,6,7,2,1,1,1,1,1,0,0,1,0,1,1,0,1,1,1,1,3,2,1,2,35,1,2,1,60,1,2,2
4698,3.0,5.0,4.0,4.0,5.0,4.0,1.0,2.0,1.0,2.0,1.0,4.0,2.0,4.0,5.0,3.0,3.0,5.0,5.0,1.0,2,4,3,1,6,6,5,5,6,3,1,1,0,1,1,0,0,1,0,1,1,0,1,1,1,1,2,2,1,1,18,1,2,1,60,1,1,3
4699,4.0,4.0,2.0,4.0,5.0,5.0,4.0,5.0,5.0,5.0,2.0,3.0,1.0,3.0,4.0,3.0,4.0,2.0,5.0,4.0,5,2,1,7,7,6,6,7,5,2,1,1,0,1,1,0,0,0,0,1,0,0,1,1,1,1,2,1,1,2,27,2,4,1,10,2,1,2
4700,4.0,1.0,1.0,4.0,4.0,1.0,2.0,4.0,5.0,2.0,2.0,4.0,1.0,1.0,4.0,4.0,1.0,1.0,5.0,1.0,5,5,6,6,6,3,6,1,6,2,1,1,1,1,1,1,0,1,0,1,0,0,1,1,1,1,4,2,2,1,39,1,4,1,60,1,2,2
4701,5.0,5.0,1.0,1.0,5.0,5.0,2.0,1.0,3.0,4.0,1.0,4.0,1.0,3.0,5.0,3.0,1.0,3.0,5.0,3.0,6,7,7,5,7,5,4,4,7,4,0,0,0,1,1,0,0,1,0,1,0,1,0,1,0,1,1,2,1,1,16,1,1,1,60,2,1,2
4702,2.0,1.0,1.0,4.0,3.0,1.0,2.0,2.0,1.0,1.0,1.0,1.0,1.0,3.0,3.0,2.0,2.0,4.0,5.0,4.0,6,7,5,2,6,3,2,3,7,1,1,1,1,1,1,0,1,1,0,1,1,0,1,1,1,1,4,1,1,1,42,1,2,1,60,1,2,3
4703,3.0,2.0,3.0,4.0,1.0,5.0,4.0,1.0,5.0,5.0,1.0,1.0,1.0,3.0,1.0,2.0,3.0,1.0,5.0,1.0,1,1,6,7,3,7,6,2,5,6,0,1,0,0,1,0,0,0,0,0,0,0,0,0,1,1,1,2,2,1,17,1,12,1,10,2,1,2
4704,2.0,1.0,5.0,5.0,2.0,4.0,4.0,1.0,5.0,4.0,2.0,2.0,2.0,2.0,3.0,5.0,4.0,2.0,4.0,2.0,3,5,5,5,6,6,6,5,3,3,0,0,0,0,0,0,0,0,0,0,0,0,0,1,0,1,3,3,2,2,31,1,12,2,60,1,1,1
4705,2.0,4.0,2.0,4.0,2.0,4.0,1.0,1.0,5.0,3.0,4.0,2.0,1.0,2.0,4.0,2.0,4.0,2.0,5.0,1.0,3,2,3,5,6,4,5,1,5,6,1,1,0,1,1,0,0,0,0,1,0,0,1,1,1,1,3,1,2,1,22,1,1,5,60,2,1,2
4706,5.0,1.0,5.0,4.0,5.0,1.0,1.0,5.0,3.0,3.0,1.0,5.0,4.0,1.0,5.0,3.0,1.0,5.0,5.0,5.0,2,7,6,1,6,4,1,5,5,1,1,1,1,1,1,0,1,0,0,1,0,0,1,1,1,1,2,2,1,1,18,1,2,4,60,2,1,3
4707,5.0,5.0,3.0,1.0,4.0,2.0,2.0,5.0,3.0,2.0,1.0,5.0,5.0,1.0,4.0,2.0,1.0,3.0,4.0,3.0,2,2,4,5,4,4,4,5,5,5,1,1,0,1,1,0,0,1,0,1,0,0,1,1,1,1,3,2,1,2,28,1,4,1,10,2,1,3
4708,5.0,5.0,2.0,3.0,2.0,2.0,2.0,2.0,3.0,2.0,1.0,3.0,2.0,3.0,5.0,1.0,2.0,3.0,4.0,1.0,7,1,6,4,6,2,7,1,4,1,1,1,1,1,1,0,1,1,1,1,0,1,1,1,1,1,4,2,2,1,45,1,1,1,60,1,2,2
4709,3.0,5.0,3.0,4.0,4.0,2.0,3.0,5.0,1.0,2.0,1.0,4.0,4.0,5.0,4.0,2.0,2.0,4.0,4.0,1.0,4,6,5,3,7,7,0,0,0,0,1,1,0,1,0,0,0,0,0,1,0,0,0,0,1,1,2,3,1,2,19,1,4,1,60,2,1,3
4710,3.0,2.0,3.0,4.0,3.0,4.0,2.0,2.0,4.0,4.0,2.0,2.0,2.0,4.0,2.0,2.0,2.0,2.0,4.0,1.0,5,3,6,5,4,5,6,1,4,4,1,1,0,1,1,0,0,0,0,1,0,0,0,1,1,1,3,3,2,1,21,1,2,1,60,1,1,2
4711,5.0,5.0,1.0,3.0,5.0,1.0,1.0,5.0,1.0,5.0,1.0,5.0,5.0,1.0,5.0,1.0,1.0,4.0,5.0,2.0,1,7,4,7,4,7,2,1,6,1,0,0,1,0,1,0,0,0,0,1,0,0,0,0,0,0,3,2,1,1,20,1,1,1,30,2,1,2
4712,4.0,5.0,4.0,4.0,4.0,2.0,1.0,4.0,4.0,3.0,1.0,4.0,2.0,1.0,5.0,2.0,4.0,4.0,1.0,1.0,5,4,6,3,6,5,5,4,5,1,1,1,0,1,1,0,0,0,0,1,0,0,0,1,1,1,1,2,2,1,16,1,4,1,60,2,1,2
4713,5.0,4.0,4.0,4.0,4.0,1.0,1.0,1.0,4.0,5.0,1.0,4.0,1.0,1.0,2.0,3.0,1.0,4.0,2.0,1.0,6,7,4,5,6,7,4,2,1,2,1,1,1,1,1,0,0,0,0,1,0,0,0,1,1,1,3,3,2,2,24,1,10,1,20,2,1,2
4714,1.0,2.0,4.0,4.0,1.0,2.0,2.0,1.0,5.0,5.0,3.0,5.0,3.0,2.0,2.0,2.0,5.0,4.0,3.0,1.0,6,2,7,5,6,2,6,2,1,4,1,0,0,1,1,0,0,0,1,1,0,0,0,0,1,1,3,3,2,2,23,1,7,1,60,1,1,3
4715,3.0,4.0,3.0,2.0,4.0,3.0,2.0,4.0,3.0,4.0,3.0,1.0,3.0,3.0,4.0,2.0,2.0,3.0,5.0,1.0,5,6,5,2,7,4,5,5,6,2,1,1,0,1,1,0,0,0,0,1,1,0,1,1,1,1,3,3,2,2,27,1,1,1,60,2,3,2
4716,4.0,3.0,1.0,2.0,4.0,1.0,1.0,2.0,4.0,2.0,1.0,5.0,5.0,2.0,5.0,2.0,2.0,4.0,5.0,1.0,1,3,1,6,7,2,5,7,1,1,1,1,1,1,1,1,0,0,0,1,0,0,1,1,1,1,3,1,2,1,33,1,7,1,60,1,3,1
4717,2.0,1.0,3.0,3.0,1.0,4.0,2.0,3.0,5.0,5.0,1.0,1.0,1.0,3.0,3.0,4.0,3.0,3.0,4.0,1.0,3,6,5,2,5,6,6,1,7,2,1,1,0,1,1,1,0,1,0,1,0,0,0,1,1,1,2,2,2,1,23,1,12,1,60,1,1,2
4718,4.0,1.0,1.0,5.0,5.0,4.0,1.0,2.0,5.0,1.0,1.0,3.0,2.0,1.0,5.0,5.0,5.0,3.0,2.0,1.0,5,6,1,7,5,4,6,7,1,2,1,1,0,1,1,0,0,1,0,1,0,0,1,1,1,1,3,2,2,2,26,1,12,1,60,1,1,1
4719,4.0,4.0,3.0,5.0,1.0,3.0,1.0,4.0,4.0,4.0,3.0,4.0,1.0,3.0,2.0,4.0,4.0,3.0,3.0,1.0,6,5,7,2,7,2,7,1,6,5,1,1,0,1,1,0,0,1,0,1,1,0,0,1,1,1,3,1,1,2,23,1,1,1,70,2,1,2
4720,5.0,5.0,2.0,2.0,4.0,3.0,4.0,3.0,5.0,2.0,4.0,3.0,4.0,2.0,2.0,4.0,3.0,4.0,4.0,4.0,2,6,2,7,4,3,3,5,2,5,0,0,0,0,0,0,0,0,0,0,0,0,0,1,1,1,1,3,2,1,18,3,7,2,70,2,1,6
4721,2.0,2.0,5.0,5.0,1.0,3.0,4.0,1.0,5.0,2.0,3.0,3.0,2.0,4.0,3.0,3.0,2.0,2.0,5.0,1.0,3,7,2,7,4,6,1,2,1,6,1,1,1,1,1,0,1,1,0,1,1,0,1,1,1,1,3,2,1,1,31,2,6,1,60,1,1,1
4722,1.0,3.0,4.0,3.0,5.0,4.0,1.0,3.0,5.0,2.0,1.0,4.0,4.0,1.0,3.0,1.0,2.0,4.0,5.0,5.0,5,6,6,7,5,4,4,2,1,2,1,1,0,1,1,0,0,1,0,1,0,0,1,1,1,1,3,3,2,2,23,1,2,0,60,1,1,3
4723,1.0,4.0,5.0,4.0,1.0,4.0,2.0,2.0,5.0,5.0,1.0,2.0,1.0,2.0,1.0,5.0,1.0,3.0,5.0,1.0,7,3,6,2,6,3,7,2,7,2,1,1,1,1,1,1,1,0,0,1,1,1,1,1,1,1,2,1,1,1,36,1,2,1,60,1,2,2
4724,2.0,5.0,4.0,2.0,4.0,5.0,2.0,5.0,5.0,4.0,2.0,2.0,1.0,1.0,2.0,4.0,3.0,5.0,5.0,2.0,7,5,3,1,7,2,5,5,5,1,1,1,1,1,1,0,0,1,0,1,0,0,1,1,1,1,3,1,2,2,19,1,1,1,60,2,1,3
4725,5.0,4.0,2.0,1.0,5.0,2.0,1.0,5.0,3.0,2.0,1.0,5.0,1.0,1.0,5.0,1.0,2.0,5.0,4.0,5.0,3,5,2,6,5,3,2,7,2,5,1,1,0,1,1,0,0,0,0,1,0,0,0,1,1,1,3,3,1,2,28,1,10,1,20,2,1,0
4726,1.0,3.0,4.0,4.0,4.0,2.0,2.0,2.0,5.0,5.0,1.0,4.0,1.0,1.0,4.0,1.0,5.0,1.0,5.0,1.0,7,5,7,5,7,1,7,6,4,1,1,1,1,1,1,0,0,1,0,1,1,0,1,1,1,1,4,3,2,2,41,1,2,1,60,1,1,2
4727,4.0,4.0,1.0,3.0,5.0,5.0,4.0,5.0,5.0,5.0,1.0,1.0,1.0,5.0,4.0,1.0,1.0,5.0,5.0,1.0,7,5,7,3,7,4,6,2,6,3,1,1,0,1,1,0,0,0,0,1,0,1,1,0,1,1,3,1,2,2,19,2,2,1,60,2,1,3
4728,1.0,1.0,5.0,5.0,1.0,5.0,3.0,2.0,5.0,5.0,3.0,1.0,2.0,3.0,1.0,3.0,4.0,2.0,5.0,1.0,2,1,6,3,7,6,6,1,6,3,1,1,0,1,1,0,1,1,0,1,0,0,1,1,1,1,4,3,1,1,46,2,2,1,50,1,2,2
4729,1.0,1.0,4.0,4.0,5.0,2.0,1.0,1.0,4.0,2.0,3.0,2.0,1.0,3.0,2.0,2.0,3.0,5.0,5.0,1.0,7,6,4,5,7,2,5,6,2,3,1,1,0,1,1,0,0,0,0,1,0,0,1,1,1,1,2,3,1,2,19,1,1,1,10,2,1,2
4730,2.0,2.0,4.0,4.0,2.0,4.0,2.0,4.0,5.0,4.0,2.0,4.0,1.0,2.0,2.0,4.0,2.0,1.0,4.0,1.0,2,6,7,6,5,6,2,1,3,3,1,1,0,1,1,0,0,0,0,1,0,0,1,1,1,1,3,3,1,1,45,1,7,1,60,2,2,1
4731,2.0,2.0,5.0,4.0,2.0,4.0,5.0,2.0,5.0,4.0,4.0,4.0,2.0,2.0,3.0,5.0,4.0,3.0,4.0,2.0,5,1,6,1,5,4,5,1,7,2,1,1,1,1,1,0,1,1,0,1,1,0,1,1,1,1,4,2,1,1,45,1,6,1,60,1,2,1
4732,5.0,2.0,1.0,1.0,5.0,4.0,5.0,3.0,5.0,5.0,5.0,4.0,5.0,4.0,5.0,2.0,5.0,1.0,3.0,5.0,1,4,7,3,6,4,7,1,6,1,1,0,0,1,1,0,0,0,1,1,0,1,1,1,1,1,2,2,1,1,15,1,4,5,60,2,1,6
4733,4.0,5.0,2.0,3.0,3.0,5.0,5.0,2.0,5.0,4.0,2.0,4.0,2.0,2.0,3.0,3.0,3.0,2.0,3.0,4.0,3,3,5,6,4,7,6,5,6,6,1,1,0,1,1,0,0,0,0,1,0,0,0,1,1,0,1,3,1,2,14,1,12,1,70,2,1,3
4734,1.0,2.0,2.0,4.0,2.0,4.0,5.0,1.0,5.0,5.0,2.0,4.0,1.0,4.0,1.0,2.0,3.0,2.0,3.0,1.0,5,2,7,4,6,3,7,1,6,2,1,1,0,1,1,1,0,1,0,1,1,0,0,1,1,1,3,1,2,1,38,1,12,1,60,1,1,2
4735,2.0,3.0,4.0,4.0,4.0,4.0,2.0,2.0,5.0,3.0,1.0,5.0,2.0,2.0,4.0,1.0,1.0,4.0,5.0,1.0,5,5,5,5,6,6,5,3,3,5,1,1,1,1,1,0,1,1,0,1,1,0,1,1,1,1,3,2,1,1,34,1,12,1,70,1,1,2
4736,5.0,1.0,2.0,1.0,3.0,1.0,2.0,1.0,5.0,4.0,3.0,1.0,1.0,1.0,1.0,4.0,5.0,5.0,2.0,2.0,5,0,7,1,7,1,4,1,1,2,0,0,0,0,0,0,0,0,0,0,0,0,0,0,0,0,1,1,2,1,14,1,4,1,0,2,1,3
4737,2.0,1.0,5.0,3.0,3.0,5.0,4.0,5.0,5.0,5.0,2.0,3.0,1.0,3.0,1.0,4.0,3.0,5.0,5.0,2.0,6,4,7,7,4,1,2,2,6,2,0,0,0,0,1,0,0,0,0,1,1,1,0,0,0,0,2,3,2,1,14,3,7,2,30,2,1,4
4738,3.0,3.0,2.0,3.0,3.0,3.0,3.0,1.0,4.0,4.0,3.0,3.0,4.0,2.0,2.0,4.0,4.0,4.0,4.0,2.0,4,4,6,3,4,5,5,4,5,5,0,0,0,1,0,1,0,0,0,1,1,0,0,0,1,1,2,1,1,1,15,1,12,5,70,2,1,2147483647
4739,1.0,4.0,3.0,4.0,1.0,4.0,2.0,1.0,5.0,5.0,1.0,2.0,1.0,3.0,3.0,1.0,4.0,5.0,5.0,1.0,2,2,2,7,6,5,1,7,1,7,1,1,1,1,1,0,1,1,0,1,1,0,1,1,1,1,4,2,2,1,32,1,9,1,60,1,1,3
4740,2.0,2.0,4.0,3.0,2.0,4.0,2.0,2.0,5.0,4.0,2.0,4.0,2.0,2.0,3.0,2.0,3.0,2.0,3.0,1.0,6,5,7,3,6,5,7,3,6,5,1,1,0,1,1,0,0,0,0,1,0,0,0,1,1,1,2,2,2,1,19,1,7,1,60,2,1,1
4741,4.0,4.0,4.0,5.0,3.0,5.0,2.0,2.0,5.0,4.0,2.0,5.0,4.0,2.0,4.0,4.0,1.0,4.0,5.0,1.0,5,5,5,3,7,6,7,2,7,1,1,1,1,1,1,0,1,1,0,1,1,0,1,1,1,1,3,1,2,1,49,1,6,1,60,1,2,2
4742,1.0,2.0,4.0,3.0,4.0,5.0,1.0,2.0,5.0,4.0,4.0,4.0,1.0,2.0,3.0,4.0,1.0,4.0,5.0,1.0,5,3,5,4,6,4,6,5,5,3,1,1,0,1,1,0,1,1,0,1,0,0,1,1,1,1,3,1,1,1,34,2,1,1,60,1,1,2
4743,5.0,5.0,5.0,4.0,5.0,1.0,2.0,4.0,5.0,4.0,1.0,5.0,1.0,1.0,4.0,1.0,1.0,1.0,5.0,1.0,5,6,4,7,7,5,6,6,3,3,1,1,1,1,1,0,1,1,0,1,1,0,1,1,1,1,4,2,2,1,45,2,2,1,60,1,2,2
4744,1.0,2.0,5.0,5.0,1.0,2.0,2.0,3.0,5.0,5.0,1.0,1.0,1.0,2.0,1.0,5.0,3.0,1.0,5.0,1.0,4,2,7,2,6,6,6,1,6,6,1,1,0,1,1,0,0,0,0,1,0,0,0,1,1,1,3,2,2,1,53,1,4,1,60,2,2,3
4745,3.0,2.0,3.0,1.0,5.0,5.0,2.0,5.0,5.0,1.0,2.0,5.0,1.0,1.0,2.0,1.0,1.0,5.0,5.0,5.0,6,7,2,7,7,7,4,4,6,3,1,0,0,1,0,0,0,0,0,1,0,0,0,1,1,0,2,3,2,2,20,1,4,1,60,2,1,2
4746,1.0,1.0,4.0,5.0,2.0,4.0,2.0,2.0,5.0,5.0,2.0,2.0,1.0,3.0,1.0,2.0,5.0,1.0,5.0,1.0,7,5,7,3,7,1,7,4,2,1,1,1,0,1,1,0,0,1,0,1,0,0,0,1,1,1,4,3,2,2,30,1,1,1,70,2,2,2
4747,1.0,2.0,4.0,4.0,2.0,4.0,2.0,1.0,5.0,4.0,2.0,4.0,1.0,4.0,3.0,4.0,1.0,4.0,4.0,1.0,5,5,6,4,6,4,6,3,4,3,1,1,1,1,1,0,0,0,0,1,0,0,1,1,1,1,3,2,2,1,59,1,12,1,60,1,2,1
4748,2.0,3.0,5.0,3.0,4.0,5.0,5.0,2.0,5.0,4.0,2.0,4.0,3.0,3.0,3.0,4.0,2.0,2.0,4.0,2.0,2,6,7,6,6,7,5,3,3,3,1,1,1,1,1,1,1,0,0,1,0,0,1,1,1,1,4,1,2,1,47,1,1,1,60,1,2,2
4749,5.0,4.0,1.0,2.0,4.0,1.0,1.0,3.0,2.0,3.0,1.0,5.0,4.0,3.0,4.0,2.0,5.0,4.0,4.0,2.0,3,6,1,6,5,2,3,3,2,4,1,0,0,1,1,0,0,0,0,1,0,0,0,0,1,1,3,2,2,2,28,1,3,2,10,2,1,3
4750,3.0,4.0,3.0,4.0,2.0,4.0,1.0,2.0,3.0,3.0,2.0,3.0,3.0,2.0,4.0,4.0,1.0,3.0,4.0,2.0,6,5,5,5,7,4,5,6,5,1,1,1,1,1,1,1,0,0,0,1,0,1,1,1,1,1,3,2,2,1,21,1,6,1,60,1,1,2
4751,2.0,2.0,1.0,2.0,5.0,2.0,2.0,3.0,5.0,3.0,2.0,4.0,5.0,3.0,4.0,4.0,1.0,4.0,1.0,1.0,6,5,4,5,7,1,5,3,2,4,1,1,0,1,1,0,0,0,0,1,0,0,0,1,1,1,3,2,2,1,28,1,6,1,30,2,1,3
4752,4.0,5.0,3.0,3.0,4.0,3.0,1.0,3.0,3.0,2.0,1.0,5.0,3.0,1.0,5.0,1.0,1.0,3.0,5.0,1.0,7,5,5,5,7,1,4,3,3,1,1,1,1,1,1,0,1,1,0,1,1,1,1,1,1,1,3,3,1,1,56,2,4,1,60,1,2,3
4753,5.0,5.0,1.0,3.0,2.0,3.0,2.0,5.0,5.0,4.0,1.0,5.0,4.0,2.0,5.0,1.0,3.0,5.0,2.0,4.0,2,4,5,4,5,7,7,5,3,1,1,1,0,1,1,0,0,0,1,1,0,0,0,1,1,1,1,2,1,1,16,1,4,1,60,2,1,4
4754,1.0,2.0,5.0,3.0,2.0,5.0,4.0,2.0,5.0,5.0,3.0,1.0,1.0,3.0,2.0,5.0,2.0,2.0,1.0,1.0,5,5,7,2,6,5,7,1,6,4,1,0,0,1,1,0,0,0,0,1,0,0,0,0,1,1,2,3,2,2,17,1,10,1,20,2,1,5
4755,1.0,3.0,4.0,4.0,4.0,2.0,4.0,4.0,1.0,2.0,1.0,4.0,2.0,1.0,4.0,1.0,3.0,3.0,5.0,2.0,1,4,3,5,7,2,7,6,2,1,1,1,1,0,1,0,0,0,0,1,0,0,1,1,1,1,3,2,2,1,30,1,4,1,60,1,1,2
4756,3.0,5.0,1.0,2.0,5.0,4.0,1.0,5.0,1.0,1.0,1.0,5.0,4.0,1.0,5.0,1.0,3.0,5.0,5.0,1.0,5,5,7,1,7,6,6,1,7,1,1,1,1,1,1,0,0,0,0,1,1,0,1,1,1,1,3,3,1,1,26,1,7,1,30,1,1,4
4757,1.0,4.0,4.0,4.0,2.0,4.0,5.0,2.0,5.0,2.0,2.0,2.0,2.0,3.0,4.0,2.0,3.0,1.0,1.0,3.0,2,2,6,2,5,5,3,3,7,5,1,1,0,1,1,0,0,0,0,1,0,0,1,1,1,1,3,2,1,1,50,1,4,1,60,1,2,3
4758,4.0,4.0,5.0,4.0,4.0,4.0,4.0,2.0,5.0,5.0,4.0,2.0,4.0,2.0,3.0,5.0,5.0,4.0,3.0,1.0,6,3,5,6,7,5,6,1,2,3,1,1,1,1,1,0,1,1,0,1,0,1,0,1,1,1,2,1,2,2,16,1,12,1,10,2,1,2
4759,2.0,1.0,4.0,1.0,1.0,2.0,1.0,4.0,5.0,5.0,1.0,3.0,1.0,1.0,4.0,2.0,1.0,3.0,1.0,1.0,5,5,1,7,7,5,5,7,1,1,1,1,1,1,1,0,1,1,0,1,1,0,1,1,1,1,4,2,2,1,28,1,4,1,60,1,3,3
4760,5.0,2.0,4.0,1.0,5.0,3.0,1.0,3.0,4.0,4.0,1.0,5.0,1.0,1.0,5.0,1.0,3.0,4.0,4.0,2.0,3,2,6,4,7,5,6,7,7,1,1,1,0,1,1,0,0,0,0,1,0,0,0,1,1,1,3,2,2,1,19,2,10,0,10,1,1,4
4761,4.0,2.0,5.0,4.0,5.0,2.0,4.0,2.0,5.0,2.0,1.0,5.0,1.0,2.0,4.0,5.0,1.0,4.0,4.0,1.0,2,2,6,5,7,7,3,5,6,1,1,1,0,1,1,0,0,1,0,1,1,0,0,1,1,1,3,2,2,2,30,1,6,1,10,1,1,3
4762,2.0,1.0,2.0,4.0,1.0,3.0,4.0,3.0,4.0,4.0,1.0,5.0,1.0,1.0,3.0,2.0,3.0,4.0,4.0,1.0,5,2,6,7,6,4,7,2,4,2,1,1,1,1,1,0,0,0,0,1,0,1,1,1,1,1,4,2,2,1,21,1,1,1,60,1,1,1
4763,4.0,5.0,5.0,4.0,5.0,5.0,3.0,4.0,5.0,5.0,2.0,5.0,5.0,1.0,2.0,5.0,3.0,5.0,4.0,1.0,7,1,6,1,7,4,7,7,7,5,1,1,0,1,1,0,0,0,0,1,0,0,1,1,1,1,2,3,1,1,23,1,7,1,30,2,1,6
4764,1.0,1.0,2.0,2.0,4.0,2.0,1.0,1.0,5.0,2.0,2.0,5.0,1.0,2.0,1.0,3.0,2.0,4.0,4.0,1.0,2,3,6,6,4,6,5,5,4,3,1,1,1,1,1,0,1,0,0,1,0,0,1,1,1,1,3,1,2,1,50,1,6,1,60,1,3,2
4765,3.0,2.0,2.0,3.0,3.0,4.0,2.0,2.0,3.0,3.0,2.0,2.0,4.0,4.0,3.0,2.0,2.0,4.0,4.0,1.0,3,5,6,6,3,4,3,2,4,5,1,1,0,1,1,0,0,0,0,1,0,0,0,1,1,1,3,3,2,1,27,1,7,3,30,1,1,2
4766,5.0,5.0,3.0,3.0,3.0,2.0,1.0,4.0,4.0,1.0,1.0,5.0,5.0,1.0,4.0,1.0,5.0,5.0,5.0,5.0,6,7,7,2,7,5,5,2,7,3,1,1,0,1,1,0,1,1,0,1,0,0,1,1,1,1,4,2,1,1,25,1,2,1,60,1,1,3
4767,3.0,4.0,1.0,2.0,3.0,1.0,1.0,1.0,4.0,2.0,1.0,4.0,2.0,1.0,5.0,1.0,1.0,1.0,5.0,1.0,1,6,2,4,7,7,5,7,2,1,1,1,1,1,1,0,1,0,0,1,1,0,1,1,1,1,1,2,1,1,34,1,2,1,60,1,1,2
4768,5.0,5.0,1.0,1.0,5.0,1.0,1.0,5.0,1.0,2.0,1.0,5.0,5.0,1.0,5.0,4.0,1.0,5.0,5.0,3.0,3,7,4,3,5,2,2,7,5,5,1,1,0,1,1,0,0,0,0,1,0,0,1,1,1,1,3,2,1,1,25,1,2,1,30,1,1,1
4769,2.0,5.0,2.0,3.0,4.0,4.0,2.0,3.0,4.0,4.0,3.0,3.0,1.0,3.0,4.0,3.0,2.0,3.0,5.0,2.0,1,6,3,5,6,5,3,6,5,2,1,1,1,1,1,0,0,1,0,1,1,1,1,1,1,1,2,2,2,1,20,1,1,2,60,1,1,2
4770,3.0,3.0,1.0,4.0,2.0,4.0,3.0,2.0,5.0,2.0,3.0,3.0,1.0,1.0,1.0,2.0,2.0,3.0,5.0,2.0,4,3,6,5,5,7,7,1,6,2,1,1,1,1,1,0,0,1,0,1,0,0,1,1,1,1,0,2,1,1,27,1,12,3,60,1,1,3
4771,5.0,3.0,3.0,3.0,5.0,3.0,1.0,4.0,2.0,1.0,2.0,3.0,2.0,1.0,5.0,1.0,2.0,5.0,4.0,1.0,4,5,4,4,7,7,5,5,4,1,1,1,0,1,1,0,0,0,0,1,0,0,1,1,1,1,4,2,1,2,36,1,12,1,60,1,2,2
4772,4.0,1.0,4.0,2.0,3.0,2.0,2.0,3.0,2.0,4.0,4.0,5.0,5.0,1.0,4.0,5.0,1.0,4.0,5.0,1.0,6,5,7,4,7,5,5,3,5,2,0,1,0,1,1,0,0,1,0,1,0,0,1,1,1,1,3,1,1,1,32,3,12,1,70,2,1,2
4773,4.0,4.0,5.0,5.0,1.0,5.0,4.0,2.0,5.0,5.0,3.0,3.0,2.0,2.0,5.0,4.0,4.0,1.0,3.0,1.0,3,5,6,1,6,7,5,2,6,1,1,1,1,1,1,0,1,0,0,1,0,0,1,1,1,1,2,1,2,1,64,1,7,1,60,1,1,8
4774,3.0,1.0,2.0,4.0,2.0,5.0,5.0,1.0,5.0,5.0,3.0,2.0,4.0,3.0,2.0,5.0,2.0,3.0,5.0,5.0,5,5,7,1,7,6,7,1,7,1,1,1,1,1,1,1,1,1,1,1,1,1,1,1,1,1,3,2,2,1,46,1,1,1,60,1,3,3
4775,3.0,4.0,2.0,1.0,3.0,1.0,1.0,4.0,4.0,4.0,1.0,5.0,4.0,1.0,3.0,2.0,2.0,4.0,4.0,5.0,4,5,5,2,4,5,5,6,6,5,1,1,0,1,1,0,0,0,0,1,0,0,1,0,1,1,4,3,1,2,28,1,4,1,10,2,1,1
4776,4.0,4.0,2.0,2.0,4.0,2.0,2.0,5.0,2.0,2.0,2.0,4.0,4.0,2.0,4.0,3.0,1.0,3.0,4.0,2.0,3,2,6,2,6,6,5,2,6,2,1,1,1,1,1,0,1,1,0,1,0,0,1,1,1,1,2,3,2,1,18,1,7,1,10,2,1,3
4777,3.0,1.0,3.0,3.0,2.0,2.0,2.0,2.0,5.0,3.0,1.0,2.0,3.0,1.0,4.0,1.0,2.0,2.0,5.0,1.0,3,5,3,7,6,2,7,3,2,1,1,1,0,1,1,0,0,0,0,1,0,0,0,1,1,1,3,2,2,2,27,1,1,2,10,2,1,1
4778,4.0,1.0,1.0,1.0,5.0,1.0,1.0,1.0,2.0,1.0,2.0,5.0,1.0,1.0,3.0,1.0,5.0,5.0,5.0,1.0,2,5,6,3,6,7,6,6,5,1,1,1,1,1,1,0,1,1,0,1,1,0,1,0,1,1,4,3,1,1,30,1,4,1,10,1,1,1
4779,5.0,1.0,5.0,5.0,5.0,3.0,5.0,2.0,5.0,5.0,1.0,4.0,1.0,4.0,3.0,5.0,5.0,3.0,2.0,1.0,6,4,7,2,6,1,7,1,6,3,0,1,0,0,1,0,0,0,0,1,0,0,0,0,1,1,4,3,2,2,25,1,3,5,10,2,1,2
4780,4.0,4.0,2.0,2.0,4.0,1.0,1.0,2.0,2.0,2.0,2.0,4.0,2.0,2.0,5.0,1.0,2.0,5.0,4.0,4.0,1,5,7,5,7,6,6,1,6,2,1,1,1,1,1,0,1,1,1,1,1,0,1,1,1,1,4,1,1,2,28,1,4,1,60,1,1,1
4781,4.0,3.0,2.0,3.0,4.0,2.0,3.0,4.0,3.0,1.0,1.0,4.0,4.0,1.0,3.0,2.0,5.0,4.0,5.0,2.0,6,5,2,1,6,2,4,5,3,1,1,1,1,1,1,0,0,0,0,1,0,0,0,1,1,1,3,2,1,2,48,0,4,2,60,1,3,2
4782,4.0,4.0,2.0,3.0,4.0,2.0,1.0,1.0,2.0,2.0,2.0,2.0,2.0,1.0,4.0,1.0,1.0,4.0,5.0,2.0,2,6,6,2,6,6,6,6,6,1,1,1,0,1,1,0,1,0,0,1,1,0,1,1,1,1,4,2,2,1,41,1,1,1,60,1,1,3
4783,5.0,4.0,2.0,1.0,5.0,1.0,1.0,1.0,2.0,1.0,1.0,4.0,2.0,1.0,5.0,2.0,1.0,4.0,5.0,1.0,7,3,6,2,7,4,3,6,4,1,1,1,0,1,1,0,0,0,0,1,1,0,1,1,1,1,3,2,1,1,26,3,1,1,60,1,1,2
4784,5.0,2.0,2.0,4.0,5.0,2.0,1.0,3.0,2.0,2.0,1.0,5.0,5.0,3.0,3.0,5.0,3.0,4.0,5.0,4.0,7,7,6,4,7,5,6,2,5,1,1,1,0,1,1,0,0,1,0,1,0,0,0,0,1,1,3,3,2,2,25,1,2,2,10,2,1,2
4785,2.0,2.0,4.0,5.0,2.0,4.0,5.0,1.0,5.0,5.0,1.0,5.0,5.0,1.0,4.0,5.0,5.0,4.0,5.0,1.0,1,6,7,5,5,7,5,1,6,7,1,1,0,1,1,0,0,0,0,1,0,0,0,0,1,1,3,1,2,1,51,1,4,1,60,1,2,5
4786,5.0,5.0,5.0,1.0,5.0,1.0,1.0,5.0,1.0,1.0,1.0,5.0,5.0,1.0,5.0,1.0,5.0,5.0,1.0,5.0,1,7,2,6,1,7,1,5,2,1,0,1,0,1,0,0,0,0,0,0,0,0,1,0,1,0,2,1,1,1,15,1,4,1,60,2,1,4
4787,1.0,1.0,1.0,2.0,3.0,5.0,5.0,1.0,5.0,5.0,5.0,2.0,1.0,3.0,1.0,5.0,5.0,1.0,4.0,1.0,6,5,5,5,7,5,7,4,3,3,1,1,0,1,1,0,0,0,0,1,0,0,0,0,1,1,2,2,1,1,15,2,2,1,60,2,1,2
4788,5.0,5.0,4.0,4.0,1.0,1.0,1.0,5.0,3.0,1.0,2.0,5.0,5.0,4.0,5.0,1.0,2.0,5.0,5.0,3.0,3,6,5,7,6,6,7,1,2,5,1,1,1,1,1,1,0,0,0,1,1,1,1,1,1,1,2,2,1,2,14,1,2,3,10,2,1,2
4789,4.0,5.0,4.0,1.0,5.0,2.0,2.0,5.0,4.0,2.0,2.0,5.0,4.0,2.0,5.0,2.0,1.0,4.0,5.0,4.0,1,6,7,7,5,6,6,2,2,5,1,1,1,1,1,0,0,1,0,1,0,0,1,1,1,1,2,1,1,1,19,3,6,1,60,1,1,6
4790,5.0,4.0,3.0,4.0,5.0,3.0,1.0,2.0,3.0,4.0,2.0,2.0,4.0,1.0,4.0,5.0,1.0,4.0,5.0,4.0,2,5,6,4,4,5,4,2,5,3,1,1,1,1,1,0,0,0,0,1,0,0,1,1,1,1,3,2,1,2,26,1,0,1,60,2,1,2
4791,5.0,5.0,3.0,5.0,5.0,5.0,5.0,1.0,5.0,3.0,2.0,5.0,5.0,2.0,5.0,4.0,1.0,5.0,5.0,5.0,7,5,5,2,7,5,7,2,4,2,1,0,1,1,1,0,0,0,0,1,0,0,0,1,1,1,2,3,2,2,19,1,7,1,60,2,1,2
4792,1.0,4.0,4.0,5.0,1.0,2.0,4.0,1.0,4.0,5.0,1.0,2.0,1.0,1.0,4.0,3.0,1.0,5.0,4.0,5.0,7,6,5,4,5,1,7,1,3,3,1,1,0,1,1,0,0,0,0,1,0,0,0,0,1,1,4,3,1,2,35,1,4,1,10,2,2,2
4793,1.0,2.0,5.0,3.0,2.0,3.0,1.0,3.0,5.0,4.0,3.0,5.0,4.0,3.0,1.0,4.0,1.0,4.0,3.0,3.0,5,5,3,1,7,2,4,1,7,3,1,1,1,1,1,1,1,1,0,1,0,1,1,1,1,1,3,2,1,1,31,1,9,1,60,1,2,2
4794,5.0,4.0,3.0,1.0,4.0,3.0,1.0,4.0,3.0,2.0,2.0,5.0,4.0,1.0,4.0,2.0,2.0,5.0,3.0,4.0,3,6,4,6,5,6,4,4,4,1,1,1,0,1,1,0,0,1,0,1,0,0,1,1,1,1,3,3,1,2,26,1,7,1,10,2,1,1
4795,4.0,5.0,2.0,4.0,4.0,2.0,2.0,4.0,3.0,5.0,2.0,5.0,4.0,2.0,5.0,1.0,3.0,4.0,2.0,4.0,5,5,5,6,7,2,5,3,2,1,1,1,1,1,1,0,1,1,1,1,1,0,1,1,1,1,4,3,1,2,43,1,4,1,60,1,2,2
4796,4.0,4.0,3.0,2.0,4.0,3.0,4.0,3.0,5.0,3.0,1.0,3.0,3.0,3.0,3.0,2.0,3.0,5.0,5.0,3.0,7,7,7,2,7,7,7,4,4,1,1,1,1,1,1,0,0,0,0,1,0,0,0,1,1,1,3,3,1,2,23,3,1,3,60,1,1,2
4797,5.0,5.0,4.0,4.0,5.0,4.0,5.0,5.0,5.0,5.0,1.0,5.0,5.0,4.0,2.0,4.0,5.0,5.0,5.0,3.0,6,6,6,6,7,2,5,6,3,3,1,1,0,1,1,0,0,0,0,1,0,0,0,0,1,1,3,3,2,2,33,1,1,2,10,2,3,6
4798,4.0,2.0,4.0,4.0,2.0,2.0,2.0,2.0,4.0,3.0,2.0,4.0,2.0,4.0,4.0,4.0,3.0,4.0,4.0,1.0,5,3,6,4,7,6,7,3,4,4,1,1,0,1,1,0,0,0,0,1,0,0,0,1,1,1,2,2,2,2,20,1,1,1,10,1,1,3
4799,1.0,1.0,4.0,5.0,4.0,5.0,4.0,1.0,5.0,5.0,2.0,4.0,5.0,5.0,4.0,1.0,5.0,1.0,4.0,5.0,6,7,3,6,0,6,5,6,1,1,1,1,1,1,1,0,0,1,0,1,1,0,1,0,1,1,0,2,2,2,41,1,1,2,60,1,2,2
4800,1.0,4.0,4.0,4.0,4.0,4.0,2.0,1.0,5.0,4.0,2.0,1.0,1.0,4.0,2.0,1.0,5.0,4.0,4.0,1.0,6,6,2,4,7,1,7,5,4,1,1,1,0,1,1,0,0,0,0,1,1,0,0,1,1,1,3,2,2,2,26,1,0,2,60,1,1,2
4801,1.0,1.0,5.0,3.0,1.0,5.0,5.0,1.0,5.0,5.0,2.0,1.0,1.0,1.0,4.0,4.0,5.0,4.0,3.0,1.0,5,1,7,2,5,6,6,1,6,1,0,1,0,1,1,0,0,0,0,1,0,1,0,1,1,1,3,2,2,2,36,1,7,1,60,2,2,2
4802,5.0,4.0,1.0,2.0,5.0,2.0,2.0,1.0,2.0,2.0,1.0,4.0,4.0,3.0,4.0,1.0,1.0,3.0,5.0,2.0,6,7,6,5,6,6,4,6,4,4,1,1,0,1,1,1,0,0,0,1,0,0,1,1,1,1,2,3,2,1,45,1,12,1,70,1,1,1
4803,2.0,4.0,4.0,4.0,3.0,4.0,1.0,5.0,5.0,3.0,2.0,2.0,3.0,3.0,3.0,4.0,1.0,3.0,3.0,1.0,6,6,7,6,7,5,5,5,3,1,1,1,0,1,1,1,0,1,0,1,0,0,1,1,1,1,3,2,1,1,29,1,2,1,60,1,1,2
4804,5.0,5.0,1.0,1.0,5.0,1.0,2.0,5.0,3.0,5.0,1.0,4.0,5.0,1.0,5.0,1.0,1.0,5.0,5.0,5.0,2,7,5,5,3,4,3,5,4,5,1,1,0,1,1,0,0,0,0,0,0,0,0,1,1,1,3,2,1,2,19,1,12,1,20,2,1,4
4805,4.0,2.0,2.0,4.0,2.0,2.0,2.0,4.0,4.0,2.0,1.0,2.0,5.0,1.0,4.0,1.0,3.0,4.0,5.0,2.0,1,5,7,6,6,7,6,2,5,3,1,1,1,1,1,0,0,1,0,1,0,0,1,1,1,1,3,3,2,1,21,1,1,1,60,1,1,2
4806,4.0,4.0,1.0,4.0,5.0,1.0,1.0,5.0,3.0,2.0,2.0,5.0,5.0,2.0,4.0,2.0,4.0,3.0,4.0,3.0,6,5,6,3,6,3,5,1,7,4,1,1,1,1,1,0,1,0,0,1,0,1,1,1,1,1,2,3,1,1,17,1,7,1,60,2,1,2
4807,3.0,3.0,2.0,4.0,3.0,5.0,5.0,4.0,5.0,4.0,2.0,4.0,3.0,4.0,3.0,4.0,3.0,3.0,1.0,4.0,6,4,7,2,5,6,7,2,6,4,0,1,0,1,1,0,0,0,0,1,0,0,0,0,1,1,2,3,2,2,17,1,6,1,30,2,1,2
4808,1.0,1.0,2.0,2.0,1.0,1.0,1.0,1.0,5.0,2.0,4.0,1.0,1.0,2.0,4.0,1.0,2.0,1.0,4.0,1.0,4,6,3,2,6,3,6,7,6,1,1,1,0,1,1,0,0,0,0,1,1,0,1,1,1,1,2,3,1,2,38,1,2,1,60,1,1,1
4809,4.0,4.0,4.0,3.0,1.0,2.0,4.0,4.0,3.0,4.0,2.0,5.0,2.0,4.0,2.0,2.0,3.0,3.0,5.0,3.0,3,6,2,6,5,4,6,5,3,4,0,0,0,0,0,0,0,0,0,0,0,0,0,0,0,0,3,1,2,2,25,1,4,1,60,1,1,1
4810,4.0,4.0,2.0,4.0,4.0,1.0,1.0,2.0,3.0,2.0,3.0,2.0,1.0,3.0,4.0,2.0,1.0,4.0,5.0,2.0,1,3,6,2,6,7,2,3,5,6,1,1,1,1,0,0,0,1,0,1,1,0,1,1,1,1,3,3,2,2,19,2,1,1,60,1,1,2
4811,3.0,1.0,3.0,1.0,1.0,5.0,5.0,1.0,5.0,5.0,1.0,5.0,1.0,3.0,1.0,1.0,3.0,4.0,3.0,1.0,7,4,7,7,7,1,7,1,6,2,1,1,1,1,1,0,1,0,0,1,0,0,1,1,1,1,4,3,2,1,55,1,7,1,60,1,2,3
4812,1.0,5.0,5.0,5.0,4.0,1.0,3.0,5.0,4.0,4.0,3.0,5.0,5.0,1.0,1.0,5.0,1.0,5.0,3.0,5.0,5,4,5,4,7,7,5,6,1,4,0,1,0,0,1,1,0,0,0,0,0,1,0,0,0,1,1,1,1,2,14,0,11,4,10,1,1,2
4813,5.0,4.0,4.0,4.0,4.0,2.0,1.0,4.0,5.0,5.0,1.0,5.0,2.0,1.0,4.0,4.0,3.0,4.0,5.0,4.0,5,5,6,2,6,2,6,3,4,1,1,1,1,1,1,1,0,1,1,1,1,0,1,1,1,1,4,2,1,1,31,1,2,1,60,1,2,1
4814,3.0,1.0,4.0,3.0,5.0,3.0,4.0,2.0,2.0,4.0,2.0,3.0,5.0,2.0,2.0,5.0,4.0,5.0,2.0,1.0,3,6,6,3,5,7,6,2,5,1,1,1,0,1,1,0,0,0,0,1,0,0,0,1,1,1,2,1,1,1,14,1,7,1,60,2,1,2
4815,3.0,1.0,5.0,5.0,2.0,5.0,2.0,3.0,5.0,4.0,2.0,3.0,4.0,1.0,2.0,3.0,2.0,3.0,3.0,1.0,7,7,7,6,3,7,6,5,4,5,0,1,0,0,0,0,0,0,0,1,0,0,0,0,0,0,2,2,2,1,55,1,4,1,30,1,2,7
4816,2.0,2.0,5.0,1.0,2.0,2.0,2.0,3.0,5.0,4.0,1.0,5.0,1.0,3.0,4.0,3.0,4.0,4.0,4.0,3.0,6,3,5,6,7,5,7,1,4,1,1,1,1,1,1,0,0,0,0,1,0,0,1,1,1,1,2,2,2,1,19,1,1,2,30,2,1,4
4817,1.0,2.0,5.0,5.0,1.0,4.0,4.0,2.0,5.0,5.0,2.0,5.0,1.0,5.0,2.0,5.0,4.0,2.0,4.0,1.0,3,5,7,6,7,7,7,5,6,3,1,1,1,1,1,0,1,0,0,1,0,0,1,1,1,1,3,2,2,1,44,1,7,4,60,1,1,2
4818,4.0,4.0,4.0,5.0,2.0,3.0,2.0,1.0,4.0,2.0,1.0,1.0,1.0,2.0,4.0,1.0,1.0,1.0,5.0,1.0,7,6,6,3,7,1,6,3,6,1,1,1,1,1,1,0,1,1,0,1,1,1,1,1,1,1,4,2,1,1,43,1,2,1,60,1,2,1
4819,4.0,1.0,5.0,2.0,5.0,2.0,2.0,2.0,2.0,5.0,1.0,5.0,4.0,3.0,3.0,3.0,2.0,5.0,5.0,4.0,6,7,7,5,6,2,5,2,3,5,1,1,0,1,0,0,0,1,0,1,0,0,0,0,1,1,1,1,2,1,18,1,6,1,60,2,1,10
4820,5.0,1.0,5.0,1.0,4.0,5.0,5.0,3.0,5.0,5.0,2.0,1.0,5.0,4.0,2.0,1.0,2.0,1.0,5.0,1.0,6,5,7,7,5,5,7,1,5,3,1,1,0,1,1,0,0,0,0,1,0,0,0,1,1,1,2,2,2,1,18,1,4,1,60,2,1,4
4821,1.0,1.0,2.0,1.0,4.0,4.0,1.0,2.0,3.0,3.0,1.0,3.0,2.0,1.0,5.0,1.0,1.0,5.0,5.0,1.0,6,4,5,5,6,1,6,5,3,3,1,1,0,1,1,0,0,0,0,1,0,0,1,0,1,1,2,2,1,1,19,1,12,1,60,2,1,2
4822,5.0,5.0,2.0,1.0,4.0,4.0,2.0,4.0,2.0,2.0,2.0,5.0,4.0,1.0,4.0,1.0,3.0,5.0,5.0,1.0,3,6,5,1,7,4,5,6,5,3,1,1,1,1,1,0,0,1,0,1,0,0,1,1,1,1,3,3,1,2,22,1,2,1,60,1,1,2
4823,3.0,2.0,4.0,5.0,2.0,5.0,5.0,1.0,5.0,4.0,5.0,4.0,1.0,4.0,4.0,5.0,5.0,1.0,1.0,1.0,2,2,7,2,7,6,6,2,6,2,1,1,0,1,1,0,0,1,0,1,0,0,0,1,1,1,3,2,2,1,46,2,7,1,60,2,3,3
4824,5.0,4.0,4.0,4.0,5.0,5.0,5.0,4.0,4.0,1.0,1.0,5.0,2.0,1.0,4.0,1.0,1.0,4.0,5.0,2.0,6,6,7,1,7,4,1,1,7,7,1,1,1,1,1,0,0,0,0,1,0,1,1,1,1,1,4,3,2,1,34,1,1,1,60,1,1,2
4825,1.0,2.0,4.0,2.0,1.0,4.0,4.0,3.0,5.0,5.0,2.0,1.0,2.0,3.0,4.0,5.0,5.0,1.0,5.0,1.0,5,5,7,6,7,4,4,2,4,2,1,1,0,1,1,0,0,0,0,1,0,0,0,1,1,1,2,3,2,2,18,1,2,1,70,1,1,2
4826,4.0,4.0,1.0,3.0,5.0,4.0,1.0,5.0,4.0,1.0,2.0,4.0,5.0,1.0,5.0,1.0,1.0,5.0,3.0,5.0,6,7,5,3,6,6,5,2,4,2,1,1,1,1,1,0,0,0,0,1,0,0,1,1,1,1,3,3,1,2,19,3,2,0,60,1,1,1
4827,4.0,1.0,4.0,5.0,4.0,4.0,3.0,1.0,5.0,5.0,1.0,2.0,1.0,3.0,1.0,1.0,5.0,1.0,4.0,2.0,5,2,6,3,6,3,7,3,5,2,1,1,1,1,1,1,1,1,0,1,1,0,1,1,1,1,3,3,1,1,71,1,6,1,60,1,2,4
4828,1.0,4.0,5.0,5.0,1.0,4.0,3.0,1.0,5.0,5.0,2.0,1.0,1.0,1.0,3.0,1.0,1.0,2.0,5.0,1.0,7,1,7,1,7,3,7,2,7,2,1,0,0,1,1,0,0,1,0,1,0,0,1,1,1,1,2,3,2,2,24,1,1,2,60,2,1,2
4829,2.0,1.0,4.0,4.0,4.0,2.0,4.0,2.0,5.0,5.0,3.0,4.0,2.0,4.0,2.0,4.0,1.0,5.0,3.0,1.0,3,6,7,7,7,3,6,2,3,4,1,1,0,1,1,0,0,0,0,1,0,0,0,1,1,1,3,1,2,1,39,1,12,1,60,2,3,2
4830,3.0,3.0,1.0,5.0,5.0,1.0,1.0,3.0,3.0,3.0,2.0,5.0,1.0,1.0,1.0,1.0,1.0,1.0,3.0,3.0,2,1,7,6,6,6,7,1,2,1,1,1,0,1,1,0,0,0,0,1,0,0,0,0,1,1,4,3,2,2,28,2,1,1,60,2,1,2
4831,5.0,5.0,4.0,1.0,4.0,2.0,1.0,1.0,1.0,2.0,1.0,5.0,5.0,1.0,5.0,5.0,1.0,2.0,5.0,4.0,6,6,7,2,7,5,7,3,6,5,1,1,0,1,1,0,0,1,0,1,0,0,1,1,1,1,3,3,2,2,18,2,4,1,10,2,1,4
4832,1.0,3.0,2.0,3.0,1.0,4.0,1.0,2.0,5.0,4.0,2.0,4.0,1.0,1.0,1.0,2.0,5.0,1.0,5.0,2.0,4,6,4,6,7,2,7,2,1,2,1,1,0,1,1,0,0,0,0,1,1,0,1,1,1,1,3,1,1,2,42,1,1,1,70,2,1,3
4833,2.0,3.0,4.0,3.0,3.0,4.0,3.0,3.0,4.0,4.0,3.0,3.0,1.0,2.0,3.0,5.0,3.0,4.0,4.0,2.0,2,3,4,5,3,4,5,2,4,2,1,1,0,1,1,0,0,0,0,1,0,0,1,1,1,1,3,3,1,1,29,2,6,1,60,1,2,2
4834,5.0,5.0,1.0,1.0,5.0,1.0,1.0,4.0,5.0,5.0,1.0,5.0,5.0,1.0,4.0,1.0,1.0,5.0,5.0,5.0,5,6,7,7,7,7,4,6,5,1,1,1,1,1,1,1,1,1,0,1,0,1,1,1,1,1,3,3,2,2,21,3,4,3,70,2,1,2
4835,2.0,1.0,2.0,4.0,2.0,4.0,2.0,4.0,4.0,2.0,2.0,2.0,2.0,2.0,4.0,2.0,1.0,4.0,4.0,2.0,2,5,0,5,4,3,3,5,3,3,1,1,0,1,1,0,0,1,0,1,1,0,1,1,1,1,3,2,1,2,35,2,2,1,60,1,1,1
4836,3.0,2.0,2.0,5.0,3.0,4.0,2.0,1.0,5.0,3.0,3.0,4.0,1.0,3.0,2.0,3.0,4.0,5.0,5.0,1.0,2,5,6,5,6,5,6,4,6,6,1,1,1,1,1,0,1,0,0,1,0,0,1,1,1,1,4,1,2,1,65,1,1,3,60,1,1,1
4837,3.0,2.0,1.0,1.0,2.0,2.0,2.0,3.0,5.0,4.0,1.0,2.0,2.0,2.0,1.0,1.0,2.0,2.0,2.0,2.0,4,3,6,2,7,3,7,4,6,3,1,1,1,1,1,0,0,1,0,1,1,0,1,1,1,1,4,2,1,1,36,1,6,1,60,1,1,4
4838,4.0,2.0,1.0,5.0,5.0,5.0,4.0,2.0,5.0,1.0,1.0,4.0,5.0,5.0,3.0,5.0,3.0,1.0,1.0,3.0,6,6,7,5,6,7,7,2,4,1,0,1,1,1,0,0,0,1,0,1,0,0,0,1,0,1,4,3,2,2,50,1,7,1,60,1,3,2
4839,2.0,2.0,2.0,4.0,2.0,2.0,2.0,2.0,4.0,4.0,1.0,5.0,2.0,4.0,4.0,4.0,2.0,4.0,4.0,2.0,6,3,6,3,6,5,6,1,6,5,1,1,0,1,1,0,0,0,0,1,0,0,1,1,1,1,3,3,1,1,23,1,6,1,10,1,1,2
4840,5.0,5.0,5.0,3.0,5.0,1.0,1.0,5.0,5.0,1.0,1.0,1.0,5.0,1.0,1.0,1.0,1.0,5.0,5.0,5.0,1,1,1,7,7,7,7,2,1,1,1,1,1,1,1,0,0,1,0,1,0,0,1,1,1,1,2,2,2,2,22,1,7,1,60,2,1,1
4841,2.0,2.0,4.0,4.0,3.0,3.0,3.0,4.0,5.0,4.0,2.0,2.0,1.0,2.0,4.0,1.0,4.0,2.0,5.0,1.0,3,3,6,5,5,4,6,2,5,6,1,1,0,1,1,0,0,1,0,1,0,0,1,1,1,1,4,1,2,1,31,1,1,2,60,1,1,5
4842,5.0,4.0,5.0,3.0,4.0,3.0,5.0,4.0,5.0,4.0,1.0,3.0,2.0,2.0,5.0,5.0,2.0,4.0,1.0,1.0,3,7,6,4,3,5,5,3,2,1,1,1,1,1,1,0,1,1,0,1,0,1,1,1,1,1,2,2,1,1,21,1,4,1,60,1,1,2
4843,1.0,1.0,5.0,5.0,3.0,5.0,5.0,1.0,5.0,1.0,2.0,4.0,1.0,3.0,1.0,5.0,4.0,1.0,4.0,3.0,4,5,4,5,7,3,6,4,4,1,1,1,1,1,1,0,0,1,0,1,1,0,1,1,1,0,4,3,1,2,50,1,12,1,70,1,1,3
4844,5.0,4.0,1.0,4.0,2.0,1.0,1.0,4.0,3.0,3.0,1.0,5.0,3.0,3.0,5.0,5.0,1.0,2.0,5.0,3.0,1,5,4,2,7,7,5,6,6,5,1,1,0,1,1,0,0,0,0,1,0,1,1,1,1,1,3,1,1,1,30,1,1,1,60,2,1,2
4845,3.0,3.0,3.0,2.0,2.0,2.0,1.0,2.0,1.0,2.0,2.0,3.0,2.0,1.0,3.0,2.0,1.0,4.0,4.0,1.0,3,7,2,6,7,4,5,7,3,1,1,1,0,1,1,0,0,1,0,1,0,0,1,0,1,1,3,3,1,2,20,1,2,1,60,1,1,2
4846,1.0,2.0,4.0,3.0,4.0,1.0,1.0,4.0,5.0,5.0,1.0,1.0,1.0,1.0,4.0,1.0,5.0,1.0,5.0,1.0,3,6,7,7,3,3,6,1,4,3,1,1,1,1,1,0,1,1,0,1,0,1,1,1,1,1,4,2,2,1,27,1,1,1,60,1,1,1
4847,2.0,4.0,5.0,5.0,1.0,5.0,4.0,5.0,5.0,5.0,1.0,4.0,4.0,5.0,4.0,5.0,5.0,4.0,4.0,5.0,5,7,1,7,7,1,7,7,7,1,1,1,0,1,1,0,0,0,0,1,0,1,0,1,1,1,3,3,2,2,20,1,3,1,60,2,1,1
4848,2.0,4.0,3.0,4.0,4.0,5.0,5.0,4.0,5.0,5.0,1.0,4.0,4.0,4.0,3.0,3.0,2.0,4.0,4.0,4.0,1,6,7,7,6,5,6,5,3,5,1,1,0,0,1,0,0,0,0,1,0,1,0,1,1,1,3,3,2,1,19,1,1,1,60,1,1,2
4849,1.0,1.0,1.0,1.0,3.0,5.0,5.0,1.0,5.0,5.0,1.0,1.0,1.0,3.0,1.0,3.0,1.0,4.0,1.0,1.0,3,5,6,7,5,7,7,5,3,1,0,0,0,0,0,0,0,0,0,0,0,0,0,0,0,1,2,2,2,1,29,1,2,2,30,2,1,5
4850,2.0,4.0,3.0,5.0,5.0,5.0,2.0,4.0,5.0,4.0,1.0,2.0,4.0,2.0,3.0,2.0,1.0,5.0,5.0,2.0,2,5,7,1,6,7,4,6,7,1,1,1,1,1,1,0,0,0,0,1,0,1,1,1,1,1,2,2,2,1,18,1,6,1,60,2,1,3
4851,4.0,3.0,3.0,2.0,4.0,3.0,3.0,3.0,4.0,2.0,2.0,3.0,2.0,1.0,5.0,2.0,3.0,4.0,4.0,4.0,3,5,5,3,4,7,5,3,5,5,1,1,0,1,1,0,0,0,0,1,0,0,1,0,1,1,3,2,1,1,23,1,2,1,60,1,1,2
4852,1.0,1.0,5.0,5.0,2.0,5.0,1.0,2.0,5.0,2.0,4.0,1.0,1.0,3.0,3.0,5.0,3.0,1.0,2.0,1.0,6,2,7,1,7,4,6,1,7,3,1,1,1,1,1,0,1,0,0,1,1,0,1,1,1,1,3,3,2,1,42,1,7,1,50,1,2,4
4853,5.0,5.0,2.0,2.0,5.0,5.0,2.0,5.0,2.0,2.0,1.0,5.0,4.0,2.0,4.0,2.0,2.0,4.0,5.0,4.0,6,6,3,6,7,3,4,5,2,1,1,1,1,1,1,1,0,1,0,1,0,0,1,1,1,1,2,3,2,2,21,2,1,1,70,2,1,3
4854,5.0,3.0,2.0,1.0,4.0,1.0,1.0,4.0,3.0,2.0,1.0,4.0,3.0,2.0,5.0,2.0,4.0,5.0,4.0,4.0,5,5,4,2,6,4,3,2,4,4,1,1,1,1,1,0,1,1,1,1,1,0,1,1,1,1,4,3,1,2,32,2,1,1,70,1,2,2
4855,4.0,2.0,1.0,2.0,4.0,2.0,2.0,2.0,4.0,4.0,2.0,5.0,2.0,1.0,4.0,2.0,2.0,5.0,5.0,2.0,6,7,7,1,3,3,5,2,7,3,1,1,1,1,1,0,1,0,0,1,1,0,1,1,1,1,4,2,1,2,41,1,2,1,60,1,2,1
4856,2.0,3.0,5.0,5.0,2.0,5.0,3.0,2.0,5.0,5.0,2.0,1.0,2.0,1.0,2.0,5.0,5.0,1.0,4.0,1.0,7,5,3,5,7,1,6,2,4,1,1,1,1,1,1,1,0,1,0,1,1,1,1,1,1,1,3,3,2,1,19,1,9,1,60,1,1,3
4857,5.0,4.0,2.0,2.0,5.0,4.0,2.0,4.0,2.0,4.0,1.0,5.0,5.0,1.0,5.0,2.0,3.0,4.0,4.0,2.0,1,7,6,7,5,7,6,1,7,2,1,0,0,1,0,0,0,0,0,1,0,0,0,0,1,1,3,2,1,2,26,1,10,1,70,2,1,3
4858,3.0,4.0,1.0,1.0,3.0,1.0,1.0,1.0,2.0,1.0,1.0,3.0,3.0,1.0,1.0,1.0,1.0,3.0,5.0,1.0,3,5,5,6,4,6,2,4,7,2,1,1,0,1,1,0,0,0,0,1,0,0,0,1,1,1,2,3,1,2,21,1,2,1,60,2,1,2
4859,4.0,1.0,2.0,2.0,4.0,1.0,2.0,4.0,5.0,3.0,1.0,4.0,1.0,1.0,4.0,4.0,3.0,3.0,5.0,1.0,3,1,5,7,6,5,7,5,1,6,1,1,0,1,1,0,0,0,0,1,0,0,0,0,1,1,3,3,2,2,24,2,3,1,10,2,1,4
4860,4.0,5.0,2.0,1.0,4.0,2.0,1.0,5.0,3.0,2.0,1.0,3.0,4.0,2.0,1.0,2.0,1.0,5.0,5.0,3.0,2,6,6,7,7,7,6,1,1,2,1,1,1,1,1,0,0,1,0,1,0,0,1,1,1,1,3,3,1,2,21,1,7,1,60,1,1,1
4861,5.0,3.0,5.0,2.0,5.0,5.0,5.0,1.0,5.0,5.0,3.0,2.0,1.0,4.0,1.0,5.0,3.0,5.0,5.0,1.0,4,4,4,5,7,4,7,1,7,1,0,0,0,1,1,0,0,0,0,1,0,0,0,0,1,1,2,3,1,1,19,1,2,1,60,2,1,1
4862,5.0,4.0,4.0,1.0,5.0,1.0,1.0,5.0,1.0,1.0,3.0,5.0,5.0,1.0,4.0,2.0,1.0,5.0,5.0,1.0,2,7,7,3,1,7,4,4,3,2,1,1,1,1,1,0,0,0,0,1,0,0,1,1,1,1,1,3,1,2,15,1,2,1,70,2,1,4
4863,5.0,5.0,2.0,1.0,3.0,3.0,1.0,4.0,2.0,1.0,1.0,5.0,1.0,1.0,5.0,1.0,3.0,5.0,5.0,1.0,6,2,5,3,5,2,6,2,4,5,1,1,1,1,1,0,1,0,0,1,0,0,1,1,1,1,4,3,2,1,35,1,1,1,10,1,1,2
4864,2.0,4.0,4.0,3.0,4.0,4.0,2.0,5.0,5.0,1.0,2.0,3.0,3.0,3.0,1.0,4.0,1.0,1.0,5.0,1.0,2,5,7,2,1,6,1,1,7,6,0,1,0,1,1,0,0,0,0,1,0,0,0,1,1,1,3,1,1,1,27,2,7,1,60,1,2,3
4865,5.0,5.0,4.0,2.0,5.0,2.0,2.0,4.0,4.0,1.0,2.0,5.0,4.0,3.0,5.0,1.0,1.0,4.0,5.0,3.0,3,5,6,4,5,6,4,1,5,5,1,1,0,1,1,0,1,0,0,1,0,0,1,1,1,1,4,3,1,2,37,1,2,1,10,1,1,3
4866,2.0,5.0,1.0,5.0,4.0,2.0,2.0,1.0,4.0,1.0,3.0,4.0,1.0,2.0,5.0,4.0,2.0,2.0,5.0,3.0,6,6,6,1,7,6,5,2,7,1,1,1,0,1,1,0,0,0,0,1,0,0,1,1,1,1,3,3,1,2,25,1,2,1,60,2,1,3
4867,3.0,4.0,1.0,1.0,4.0,1.0,1.0,3.0,5.0,3.0,4.0,4.0,2.0,4.0,5.0,2.0,3.0,4.0,2.0,5.0,3,1,4,7,5,3,6,7,3,1,1,1,0,1,1,0,0,0,0,1,0,1,0,1,1,1,1,2,2,1,15,1,2,2,60,2,1,3
4868,4.0,4.0,3.0,1.0,3.0,1.0,3.0,3.0,2.0,3.0,1.0,4.0,4.0,2.0,5.0,3.0,4.0,3.0,4.0,3.0,5,5,4,4,4,2,4,5,4,2,0,1,0,0,0,0,1,1,0,0,1,1,1,1,0,0,1,2,1,2,14,1,1,1,30,2,1,2
4869,2.0,2.0,5.0,4.0,3.0,3.0,2.0,3.0,5.0,5.0,5.0,2.0,1.0,5.0,4.0,5.0,3.0,1.0,3.0,1.0,6,4,7,1,7,7,4,5,7,1,1,1,0,1,1,0,0,0,0,1,0,1,0,1,1,1,1,2,1,1,14,1,4,1,70,2,1,6
4870,3.0,5.0,5.0,3.0,3.0,3.0,5.0,3.0,3.0,3.0,3.0,3.0,3.0,4.0,3.0,5.0,3.0,3.0,5.0,3.0,4,4,4,4,4,4,4,4,4,4,1,1,1,1,1,1,1,1,1,1,1,1,1,1,1,1,1,2,3,1,99,1,12,4,70,2,3,1
4871,2.0,4.0,4.0,2.0,2.0,2.0,2.0,4.0,4.0,2.0,1.0,4.0,2.0,2.0,4.0,3.0,2.0,4.0,5.0,1.0,0,0,0,0,0,1,0,0,0,0,1,1,1,1,1,1,1,1,0,1,1,0,1,1,1,1,4,3,1,1,50,1,1,1,60,1,2,4
4872,4.0,3.0,3.0,3.0,4.0,2.0,1.0,1.0,4.0,2.0,1.0,2.0,3.0,1.0,4.0,1.0,1.0,4.0,5.0,5.0,1,6,6,5,7,5,1,1,3,1,1,1,1,1,1,0,0,1,0,1,0,0,1,1,1,1,3,1,2,1,32,1,2,1,60,1,2,2
4873,2.0,2.0,1.0,5.0,4.0,1.0,5.0,4.0,5.0,5.0,1.0,1.0,5.0,1.0,3.0,5.0,5.0,1.0,5.0,1.0,7,3,7,2,6,7,7,5,4,1,1,1,0,1,1,0,0,0,0,1,0,1,1,1,1,1,2,2,2,1,17,1,4,1,60,1,1,3
4874,5.0,5.0,1.0,1.0,5.0,1.0,1.0,5.0,1.0,1.0,1.0,5.0,5.0,1.0,5.0,5.0,1.0,5.0,2.0,1.0,6,6,3,1,4,1,1,7,3,3,0,1,0,1,0,0,0,0,0,0,0,0,0,1,1,1,0,2,2,1,23,1,12,1,60,1,1,2
4875,1.0,1.0,5.0,1.0,3.0,5.0,4.0,3.0,5.0,2.0,1.0,4.0,1.0,3.0,1.0,2.0,1.0,1.0,2.0,1.0,1,1,6,5,7,7,7,4,5,4,1,1,0,1,1,1,0,1,0,1,0,0,1,1,1,1,3,2,2,2,23,3,7,1,10,1,1,3
4876,1.0,1.0,4.0,4.0,3.0,3.0,3.0,1.0,5.0,5.0,2.0,2.0,1.0,4.0,1.0,1.0,3.0,4.0,3.0,1.0,6,2,6,3,6,4,6,2,6,3,1,1,1,1,1,0,0,0,0,1,1,0,1,1,1,1,3,2,2,1,42,1,7,1,60,1,2,3
4877,5.0,4.0,2.0,4.0,4.0,3.0,2.0,5.0,4.0,4.0,1.0,5.0,2.0,4.0,4.0,2.0,2.0,4.0,5.0,3.0,3,5,6,7,5,6,6,4,2,2,1,1,0,1,1,0,0,0,0,1,0,0,1,1,1,1,4,2,1,2,26,1,8,1,10,2,1,3
4878,2.0,1.0,4.0,1.0,1.0,4.0,2.0,1.0,5.0,4.0,1.0,2.0,1.0,2.0,1.0,2.0,1.0,2.0,5.0,1.0,5,4,6,5,6,4,5,3,3,3,1,1,1,1,1,0,0,0,0,1,0,0,1,1,1,1,4,0,2,1,48,2,4,1,60,2,1,5
4879,5.0,4.0,2.0,4.0,2.0,2.0,2.0,3.0,5.0,2.0,2.0,2.0,1.0,3.0,4.0,5.0,5.0,4.0,1.0,1.0,2,5,7,3,6,5,5,1,6,5,1,1,0,1,1,0,0,1,0,1,0,0,0,1,1,1,3,2,1,2,41,1,2,1,60,1,2,3
4880,3.0,3.0,3.0,2.0,3.0,4.0,4.0,2.0,1.0,4.0,1.0,1.0,4.0,1.0,4.0,4.0,3.0,1.0,5.0,1.0,2,4,5,5,4,6,6,5,4,1,1,1,0,1,1,0,1,1,0,1,1,0,1,1,1,1,4,2,2,2,31,1,12,1,30,2,1,4
4881,3.0,4.0,1.0,3.0,4.0,1.0,1.0,1.0,2.0,5.0,1.0,5.0,2.0,2.0,3.0,1.0,3.0,4.0,5.0,1.0,1,6,1,7,5,6,7,7,4,2,1,1,1,1,1,0,0,0,0,1,0,0,1,1,1,1,3,3,2,2,25,1,1,4,70,0,1,3
4882,1.0,2.0,1.0,4.0,3.0,5.0,2.0,1.0,5.0,5.0,2.0,1.0,1.0,2.0,3.0,5.0,5.0,1.0,4.0,1.0,6,4,7,5,6,5,7,2,5,2,1,1,0,1,1,0,0,0,0,1,0,0,0,1,1,1,2,1,2,1,17,1,7,1,60,2,1,2
4883,2.0,3.0,1.0,1.0,4.0,2.0,2.0,2.0,3.0,5.0,3.0,2.0,5.0,1.0,4.0,3.0,4.0,4.0,5.0,4.0,2,1,7,5,6,6,7,4,2,3,1,1,0,1,1,0,0,0,0,1,0,0,0,1,1,1,2,1,2,1,16,1,7,5,60,2,1,5
4884,4.0,3.0,5.0,4.0,3.0,5.0,4.0,1.0,4.0,4.0,3.0,3.0,1.0,3.0,3.0,3.0,3.0,1.0,1.0,2.0,4,1,5,5,7,7,5,1,4,1,1,1,0,1,1,0,0,0,0,1,0,0,0,1,1,1,1,2,2,2,14,1,8,0,10,2,1,2
4885,1.0,1.0,1.0,5.0,1.0,5.0,5.0,1.0,5.0,5.0,5.0,1.0,1.0,5.0,1.0,5.0,5.0,4.0,5.0,1.0,0,0,0,0,0,0,0,0,0,0,1,1,1,1,1,0,1,1,1,1,0,0,1,1,1,1,4,3,2,1,78,1,9,1,60,1,3,2
4886,5.0,5.0,1.0,3.0,5.0,1.0,1.0,4.0,4.0,1.0,1.0,5.0,1.0,1.0,5.0,1.0,1.0,5.0,5.0,5.0,6,7,7,2,7,6,6,1,6,1,1,1,1,1,1,0,1,1,0,1,0,0,1,1,1,1,2,2,1,2,26,1,10,1,20,2,2,3
4887,2.0,5.0,1.0,3.0,2.0,1.0,1.0,1.0,5.0,1.0,2.0,3.0,5.0,2.0,4.0,2.0,1.0,4.0,5.0,1.0,2,2,7,6,7,6,3,2,6,6,1,1,1,1,1,0,1,1,0,1,1,0,1,1,1,1,3,2,1,2,26,2,1,1,60,2,1,1
4888,2.0,1.0,5.0,5.0,1.0,5.0,4.0,1.0,5.0,5.0,2.0,1.0,1.0,4.0,2.0,4.0,2.0,1.0,5.0,1.0,3,1,7,1,7,6,7,2,7,2,1,1,1,1,1,0,1,1,0,1,0,1,1,1,1,1,3,2,2,1,44,1,7,1,60,1,2,2
4889,2.0,1.0,1.0,4.0,1.0,2.0,2.0,1.0,4.0,4.0,1.0,5.0,1.0,2.0,4.0,1.0,1.0,3.0,5.0,1.0,5,2,7,5,7,1,7,1,6,1,1,1,1,1,1,0,1,1,0,1,1,0,1,1,1,1,3,1,2,1,58,0,6,1,60,1,3,4
4890,2.0,2.0,1.0,4.0,5.0,4.0,1.0,2.0,2.0,2.0,1.0,4.0,4.0,2.0,4.0,3.0,1.0,4.0,5.0,4.0,3,6,6,3,5,3,3,1,6,5,1,1,1,1,1,0,1,0,0,1,1,0,0,0,1,1,3,3,1,2,51,1,7,1,60,1,2,1
4891,4.0,4.0,4.0,3.0,5.0,2.0,1.0,4.0,3.0,2.0,2.0,2.0,4.0,3.0,5.0,2.0,3.0,5.0,5.0,2.0,6,7,2,5,5,1,5,5,1,1,1,1,0,1,1,0,0,0,0,1,0,0,1,1,1,1,4,2,2,1,31,1,4,2,60,2,2,1
4892,5.0,2.0,2.0,2.0,4.0,2.0,2.0,1.0,5.0,2.0,1.0,2.0,4.0,1.0,4.0,5.0,2.0,4.0,5.0,1.0,3,7,7,7,5,3,3,5,2,6,1,1,1,1,1,0,1,0,0,1,1,0,1,1,1,1,3,3,2,1,43,1,4,1,60,1,2,2
4893,4.0,4.0,1.0,2.0,5.0,1.0,1.0,5.0,3.0,1.0,1.0,2.0,4.0,4.0,5.0,1.0,1.0,4.0,2.0,2.0,3,5,7,2,6,4,2,1,6,3,1,1,1,1,1,0,0,1,0,1,0,0,1,1,1,1,3,2,1,1,25,1,4,1,60,1,1,4
4894,1.0,2.0,2.0,4.0,1.0,4.0,5.0,2.0,5.0,5.0,2.0,2.0,2.0,4.0,2.0,2.0,2.0,1.0,4.0,1.0,7,2,5,5,7,6,6,1,6,6,1,1,1,1,1,0,1,1,0,1,0,0,1,1,1,1,4,3,2,1,52,1,6,1,70,1,3,3
4895,2.0,1.0,3.0,3.0,2.0,5.0,4.0,2.0,4.0,4.0,2.0,2.0,2.0,2.0,3.0,3.0,3.0,2.0,4.0,2.0,5,4,6,3,4,3,5,2,5,2,1,1,1,1,1,0,0,1,0,1,0,0,1,1,1,1,3,2,2,1,24,1,4,1,60,1,1,0
4896,2.0,1.0,4.0,3.0,4.0,2.0,1.0,4.0,5.0,3.0,2.0,4.0,1.0,1.0,2.0,1.0,1.0,5.0,5.0,1.0,2,5,6,5,7,6,4,5,6,2,1,1,0,1,1,0,0,1,0,1,0,0,1,1,1,1,3,3,2,2,26,1,1,2,70,1,1,2
4897,5.0,5.0,1.0,2.0,4.0,1.0,1.0,5.0,5.0,4.0,1.0,3.0,5.0,1.0,3.0,2.0,1.0,5.0,5.0,5.0,7,5,4,1,7,1,7,1,7,1,1,1,0,1,1,0,0,1,0,1,1,0,1,1,1,1,3,2,2,2,41,1,2,1,60,1,3,1
4898,4.0,4.0,2.0,2.0,4.0,3.0,2.0,3.0,5.0,2.0,1.0,4.0,2.0,2.0,4.0,2.0,4.0,4.0,4.0,2.0,4,5,6,3,6,5,7,5,6,5,1,1,0,1,1,0,0,0,0,1,0,0,1,1,1,1,2,2,1,1,19,1,2,1,60,1,1,3
4899,4.0,4.0,3.0,3.0,3.0,4.0,4.0,4.0,5.0,1.0,1.0,4.0,2.0,2.0,4.0,5.0,2.0,2.0,5.0,1.0,2,4,6,3,5,6,4,3,4,1,1,1,1,1,1,0,0,0,0,1,0,0,1,1,1,1,3,2,2,2,28,1,12,1,60,1,1,1
4900,5.0,4.0,2.0,5.0,2.0,1.0,1.0,5.0,4.0,2.0,1.0,2.0,1.0,2.0,4.0,5.0,1.0,5.0,5.0,3.0,2,5,6,6,6,7,5,5,7,2,1,1,0,1,1,0,0,1,0,1,0,0,1,1,1,1,3,2,1,1,24,1,4,2,60,1,1,3
4901,2.0,3.0,5.0,5.0,2.0,4.0,3.0,1.0,5.0,5.0,3.0,1.0,1.0,3.0,3.0,2.0,4.0,2.0,4.0,2.0,3,2,6,5,6,5,6,4,5,3,1,1,0,1,1,0,0,0,0,1,0,0,1,1,1,1,2,2,2,1,19,1,1,2,60,1,1,6
4902,5.0,5.0,2.0,3.0,5.0,1.0,1.0,4.0,1.0,1.0,1.0,4.0,5.0,1.0,5.0,5.0,1.0,5.0,5.0,1.0,7,6,6,2,6,1,7,7,7,2,1,1,1,1,1,0,1,1,0,1,1,0,1,1,1,1,3,2,1,1,23,1,2,2,60,1,1,3
4903,5.0,1.0,1.0,5.0,5.0,2.0,2.0,1.0,5.0,2.0,2.0,5.0,1.0,2.0,4.0,1.0,5.0,2.0,5.0,1.0,2,6,4,5,3,4,6,2,3,4,0,1,0,1,1,0,0,0,0,1,0,0,1,1,1,1,2,3,2,1,19,1,7,1,70,1,1,2
4904,4.0,4.0,4.0,4.0,3.0,4.0,4.0,2.0,5.0,4.0,3.0,4.0,2.0,3.0,4.0,4.0,4.0,4.0,4.0,1.0,3,1,6,6,7,7,7,5,6,2,1,1,1,1,1,0,0,0,0,1,0,0,1,1,1,1,4,3,2,1,52,1,1,1,60,2,3,5
4905,4.0,4.0,4.0,1.0,5.0,1.0,1.0,5.0,3.0,2.0,4.0,5.0,5.0,2.0,5.0,4.0,1.0,5.0,5.0,1.0,5,7,4,7,7,7,5,6,2,7,1,1,0,1,1,0,0,0,0,1,0,0,0,1,1,1,2,1,2,1,18,3,12,1,60,2,1,2
4906,4.0,5.0,1.0,2.0,2.0,2.0,1.0,4.0,2.0,1.0,1.0,4.0,4.0,2.0,4.0,2.0,3.0,4.0,3.0,1.0,6,6,5,2,6,2,2,5,6,2,1,1,1,1,1,0,0,0,0,1,0,1,1,1,1,1,2,1,1,1,19,2,1,1,60,1,1,3
4907,2.0,4.0,1.0,4.0,2.0,3.0,1.0,1.0,5.0,5.0,1.0,2.0,2.0,2.0,3.0,4.0,4.0,4.0,3.0,4.0,1,2,6,3,3,6,7,1,7,6,1,1,0,1,1,0,0,0,0,1,0,0,1,1,1,1,4,2,1,1,42,1,9,1,60,1,2,2
4908,5.0,4.0,2.0,4.0,5.0,1.0,1.0,4.0,2.0,1.0,1.0,5.0,2.0,2.0,5.0,1.0,1.0,5.0,5.0,4.0,6,5,5,1,7,1,3,2,3,1,1,1,1,1,1,0,1,1,0,1,1,0,1,1,1,1,3,3,1,1,56,1,6,1,60,2,1,4
4909,2.0,4.0,5.0,4.0,5.0,1.0,1.0,2.0,2.0,4.0,1.0,4.0,4.0,1.0,5.0,1.0,1.0,5.0,5.0,1.0,1,6,2,6,3,7,2,6,3,6,1,1,1,1,1,0,1,1,0,1,0,1,1,1,1,1,3,2,1,1,27,1,2,1,10,1,1,1
4910,1.0,4.0,2.0,2.0,4.0,1.0,2.0,3.0,5.0,2.0,1.0,4.0,2.0,2.0,4.0,2.0,1.0,4.0,5.0,1.0,6,6,7,7,7,1,7,2,1,1,1,1,0,1,1,1,0,1,0,1,0,0,1,1,1,1,4,1,2,1,39,1,2,3,60,1,2,2
4911,1.0,4.0,4.0,4.0,1.0,2.0,2.0,1.0,4.0,3.0,1.0,2.0,1.0,1.0,4.0,2.0,2.0,4.0,4.0,1.0,3,5,6,2,6,6,6,2,7,3,1,1,0,1,1,0,0,0,0,1,0,0,1,1,1,1,3,2,1,1,36,1,4,1,60,1,2,3
4912,2.0,4.0,5.0,5.0,3.0,3.0,2.0,1.0,5.0,1.0,2.0,1.0,4.0,2.0,4.0,3.0,5.0,4.0,5.0,1.0,6,2,4,5,6,7,7,2,6,1,1,1,0,1,1,0,0,0,0,1,0,0,1,1,1,1,2,2,1,1,73,1,6,1,60,1,2,2
4913,2.0,3.0,4.0,3.0,4.0,4.0,5.0,4.0,5.0,4.0,1.0,4.0,3.0,1.0,3.0,3.0,1.0,4.0,1.0,3.0,4,5,3,4,5,4,3,4,6,5,1,1,0,1,1,0,0,0,0,1,0,0,0,1,1,1,3,1,2,1,45,2,6,1,50,1,2,4
4914,5.0,1.0,1.0,1.0,5.0,1.0,1.0,1.0,5.0,5.0,1.0,5.0,3.0,1.0,5.0,1.0,1.0,5.0,5.0,1.0,6,7,7,4,7,5,4,2,4,1,1,1,1,1,1,0,0,0,0,1,0,0,0,1,1,1,3,2,2,1,21,1,4,1,60,1,1,2
4915,5.0,4.0,2.0,4.0,4.0,1.0,1.0,4.0,5.0,2.0,2.0,4.0,2.0,1.0,2.0,1.0,1.0,5.0,5.0,1.0,6,6,7,1,7,2,6,1,7,1,1,1,1,1,1,1,0,1,0,1,0,0,1,1,1,1,0,3,1,1,40,3,12,1,60,2,1,1
4916,1.0,1.0,4.0,5.0,1.0,2.0,1.0,1.0,5.0,4.0,2.0,1.0,1.0,5.0,1.0,1.0,1.0,1.0,5.0,1.0,6,1,5,5,6,2,7,5,6,3,1,1,0,1,1,0,0,1,0,1,0,0,0,1,1,1,3,3,2,1,36,1,7,1,60,1,3,2
4917,5.0,5.0,2.0,2.0,1.0,1.0,2.0,5.0,1.0,1.0,1.0,5.0,5.0,2.0,4.0,1.0,1.0,5.0,4.0,5.0,2,6,5,6,7,7,4,3,7,1,1,0,0,1,1,0,0,0,0,1,0,0,0,1,1,1,2,3,1,2,39,1,7,1,10,2,1,3
4918,5.0,2.0,4.0,2.0,4.0,5.0,5.0,4.0,5.0,5.0,5.0,5.0,5.0,1.0,3.0,5.0,1.0,4.0,5.0,5.0,6,6,7,1,7,7,6,1,7,1,1,1,0,1,1,0,0,0,0,1,0,0,0,1,1,1,4,3,1,2,20,1,8,2,10,2,1,1
4919,5.0,4.0,1.0,2.0,4.0,1.0,1.0,4.0,3.0,1.0,2.0,5.0,5.0,1.0,5.0,1.0,1.0,5.0,5.0,3.0,5,7,6,2,7,1,1,1,5,1,1,1,1,1,1,0,1,1,1,1,1,1,1,1,1,1,3,1,1,1,21,2,1,1,60,2,1,1
4920,5.0,5.0,1.0,2.0,1.0,5.0,1.0,5.0,5.0,5.0,3.0,1.0,1.0,3.0,5.0,3.0,1.0,1.0,5.0,1.0,5,5,7,1,5,5,5,3,7,1,1,1,0,1,1,0,0,0,0,1,0,0,1,1,1,1,3,2,1,1,20,1,7,1,60,1,1,2
4921,1.0,4.0,5.0,4.0,5.0,5.0,1.0,5.0,5.0,5.0,4.0,5.0,1.0,1.0,1.0,1.0,1.0,5.0,1.0,1.0,1,3,7,6,2,7,1,1,7,5,1,1,0,1,1,0,0,1,0,1,0,0,1,1,1,1,2,2,1,1,20,1,7,1,60,1,1,3
4922,1.0,1.0,5.0,5.0,1.0,5.0,5.0,1.0,5.0,5.0,4.0,1.0,1.0,5.0,1.0,5.0,2.0,1.0,4.0,1.0,5,1,6,5,5,6,7,1,7,1,1,1,1,1,1,0,0,0,0,1,0,1,1,1,1,1,2,3,2,2,50,1,4,1,60,2,2,3
4923,5.0,5.0,1.0,1.0,5.0,1.0,3.0,5.0,1.0,1.0,1.0,5.0,5.0,1.0,5.0,1.0,3.0,5.0,1.0,5.0,3,3,5,1,6,5,1,1,7,6,1,1,1,1,1,1,1,1,1,1,1,1,1,1,1,1,3,3,1,1,20,1,2,1,60,2,1,1
4924,4.0,4.0,1.0,1.0,4.0,1.0,1.0,5.0,2.0,2.0,1.0,5.0,5.0,1.0,4.0,1.0,1.0,4.0,2.0,3.0,6,5,6,5,6,3,3,2,5,6,1,1,1,1,1,0,0,1,0,1,0,0,1,1,1,1,3,1,1,2,27,1,4,1,60,1,1,2
4925,5.0,4.0,4.0,3.0,4.0,5.0,3.0,4.0,5.0,5.0,1.0,2.0,2.0,2.0,5.0,5.0,2.0,4.0,3.0,1.0,5,2,3,5,5,2,6,5,4,4,1,1,0,1,1,0,0,0,0,1,0,0,1,1,1,1,2,2,1,1,20,1,4,1,60,1,1,4
4926,5.0,4.0,1.0,1.0,5.0,1.0,1.0,5.0,1.0,1.0,1.0,5.0,5.0,1.0,5.0,1.0,3.0,5.0,5.0,5.0,4,7,7,6,6,7,1,1,4,2,1,0,0,1,1,0,0,0,0,1,0,0,1,0,1,1,2,3,1,1,13,1,4,0,60,2,0,1
4927,1.0,4.0,1.0,4.0,3.0,5.0,2.0,1.0,2.0,5.0,2.0,1.0,1.0,4.0,4.0,2.0,4.0,2.0,1.0,1.0,6,7,6,2,5,1,6,1,6,2,1,1,0,1,1,0,1,0,0,1,1,0,1,1,0,1,4,3,1,1,73,0,4,1,60,1,2,3
4928,1.0,5.0,1.0,1.0,2.0,2.0,1.0,5.0,5.0,2.0,1.0,5.0,5.0,1.0,4.0,1.0,1.0,5.0,5.0,5.0,3,2,7,2,7,5,5,3,7,2,1,1,0,1,1,0,0,0,0,1,0,0,1,1,1,1,4,1,1,2,22,3,2,2,10,2,1,2
4929,5.0,4.0,2.0,1.0,5.0,5.0,5.0,5.0,5.0,1.0,1.0,5.0,5.0,2.0,5.0,5.0,1.0,5.0,5.0,5.0,7,7,6,7,7,2,6,7,2,2,1,1,0,1,1,0,0,0,0,1,0,0,0,1,1,1,3,2,2,1,20,1,7,1,60,2,1,2
4930,5.0,1.0,1.0,1.0,5.0,1.0,1.0,5.0,5.0,1.0,1.0,5.0,5.0,1.0,5.0,4.0,1.0,5.0,5.0,5.0,1,4,7,6,7,7,5,1,5,1,1,1,0,1,1,0,0,0,0,1,0,0,1,1,1,1,3,1,1,2,40,1,7,1,30,1,2,11
4931,4.0,3.0,2.0,3.0,1.0,5.0,4.0,4.0,5.0,3.0,1.0,1.0,1.0,2.0,3.0,4.0,1.0,5.0,5.0,1.0,3,4,7,3,6,6,4,1,7,2,1,1,0,1,1,0,1,1,0,1,0,0,1,1,1,1,4,3,1,2,43,1,1,1,60,1,2,2
4932,3.0,4.0,4.0,4.0,4.0,1.0,2.0,1.0,5.0,5.0,1.0,5.0,3.0,1.0,1.0,1.0,2.0,4.0,4.0,1.0,2,4,3,4,5,6,6,7,7,2,1,0,0,1,0,0,0,1,0,0,0,0,0,0,0,1,2,1,1,2,27,2,4,1,60,2,1,4
4933,4.0,2.0,2.0,2.0,3.0,1.0,1.0,3.0,4.0,4.0,1.0,4.0,2.0,4.0,4.0,1.0,3.0,4.0,4.0,1.0,5,5,5,2,6,7,5,5,6,1,1,1,0,1,1,0,0,0,0,1,0,0,1,1,1,1,1,2,1,1,15,1,1,1,60,2,1,2
4934,5.0,5.0,1.0,4.0,5.0,3.0,1.0,1.0,5.0,1.0,1.0,5.0,2.0,1.0,5.0,1.0,1.0,5.0,5.0,5.0,3,7,6,7,7,3,3,1,2,1,1,1,0,1,1,0,0,1,0,1,0,0,1,1,1,1,3,3,1,1,49,1,1,1,60,1,2,3
4935,5.0,5.0,2.0,2.0,4.0,1.0,1.0,4.0,3.0,2.0,1.0,5.0,5.0,1.0,5.0,3.0,1.0,5.0,4.0,1.0,4,2,7,7,7,7,7,4,7,0,1,1,0,1,1,1,0,0,1,1,0,1,1,1,1,1,3,1,3,1,21,1,2,3,60,1,2,3
4936,1.0,1.0,4.0,5.0,1.0,4.0,5.0,1.0,5.0,5.0,4.0,1.0,1.0,4.0,1.0,5.0,3.0,1.0,2.0,1.0,6,2,6,1,7,3,7,5,7,2,1,1,0,1,1,0,1,1,0,1,0,0,1,1,1,1,4,1,2,1,54,1,12,1,60,1,2,5
4937,5.0,1.0,4.0,1.0,5.0,3.0,3.0,5.0,4.0,3.0,2.0,5.0,5.0,1.0,4.0,2.0,1.0,1.0,5.0,4.0,5,7,7,4,6,5,5,2,6,3,1,1,1,1,1,0,1,0,0,1,0,0,0,1,1,1,1,1,2,1,17,1,7,1,60,2,1,3
4938,2.0,1.0,5.0,5.0,1.0,5.0,2.0,1.0,5.0,5.0,1.0,5.0,2.0,1.0,1.0,1.0,1.0,1.0,5.0,1.0,7,2,7,1,7,1,7,1,6,1,1,1,1,1,1,0,1,1,0,1,1,0,1,1,1,1,4,2,2,1,57,1,3,1,60,1,3,2
4939,4.0,5.0,2.0,2.0,5.0,2.0,1.0,4.0,4.0,1.0,1.0,4.0,3.0,1.0,5.0,1.0,1.0,5.0,5.0,5.0,6,6,5,2,4,2,1,5,6,1,1,1,1,1,1,0,1,0,0,1,0,0,1,1,1,1,3,2,1,1,33,1,5,1,60,1,2,5
4940,1.0,2.0,4.0,5.0,1.0,2.0,5.0,2.0,5.0,2.0,1.0,1.0,1.0,5.0,2.0,4.0,3.0,1.0,5.0,1.0,3,2,7,5,5,6,5,2,3,4,1,1,0,1,1,0,0,0,0,1,0,0,1,1,1,1,3,3,2,1,46,1,7,1,30,1,2,6
4941,1.0,1.0,3.0,2.0,2.0,4.0,2.0,2.0,3.0,4.0,1.0,5.0,2.0,2.0,5.0,1.0,1.0,3.0,5.0,3.0,7,3,6,2,7,3,6,3,7,1,1,1,1,1,1,0,1,1,0,1,1,1,1,1,1,1,0,3,2,1,26,1,2,2,70,1,1,1
4942,2.0,2.0,4.0,5.0,1.0,5.0,4.0,2.0,5.0,4.0,3.0,1.0,1.0,4.0,4.0,4.0,3.0,1.0,4.0,1.0,3,2,5,5,6,7,7,5,3,3,1,1,1,1,1,0,0,1,0,1,1,0,1,1,1,1,2,2,1,1,44,1,7,1,60,1,3,1
4943,3.0,3.0,3.0,1.0,4.0,4.0,5.0,1.0,5.0,4.0,1.0,2.0,2.0,2.0,5.0,4.0,1.0,4.0,5.0,3.0,4,5,3,1,7,2,1,3,7,5,1,0,0,1,1,0,0,1,0,0,0,0,0,0,1,1,2,1,2,1,16,1,2,0,60,1,1,4
4944,5.0,3.0,1.0,1.0,1.0,1.0,1.0,2.0,1.0,1.0,1.0,5.0,1.0,1.0,3.0,1.0,1.0,1.0,5.0,1.0,5,7,7,1,3,7,1,1,7,1,1,1,1,1,1,1,1,1,1,1,1,1,1,1,1,1,2,3,1,1,15,1,4,1,60,2,1,2
4945,1.0,1.0,5.0,4.0,1.0,4.0,2.0,1.0,5.0,5.0,2.0,1.0,2.0,3.0,1.0,4.0,3.0,2.0,3.0,1.0,6,1,6,7,6,6,7,6,5,1,1,1,0,1,1,0,0,0,0,1,0,0,1,1,1,1,2,3,1,1,14,1,2,1,60,2,1,4
4946,3.0,4.0,5.0,2.0,5.0,3.0,5.0,5.0,5.0,3.0,2.0,4.0,5.0,1.0,1.0,3.0,4.0,5.0,5.0,3.0,6,4,3,2,5,2,6,1,3,7,1,0,0,1,1,0,0,0,0,1,0,0,1,0,1,1,1,2,1,1,14,1,4,0,60,2,1,3
4947,5.0,5.0,1.0,1.0,4.0,3.0,1.0,5.0,3.0,1.0,1.0,5.0,5.0,1.0,5.0,5.0,1.0,5.0,5.0,5.0,1,1,6,1,7,5,1,1,7,4,1,1,0,1,1,0,0,0,0,1,0,1,1,1,1,1,2,3,1,1,21,1,12,1,10,1,1,2
4948,5.0,1.0,5.0,3.0,5.0,3.0,2.0,5.0,1.0,5.0,1.0,2.0,1.0,1.0,3.0,1.0,5.0,5.0,4.0,2.0,7,4,6,7,3,7,7,2,1,1,1,1,1,1,1,1,1,1,1,1,1,1,1,1,1,1,2,2,1,1,14,1,4,4,60,2,1,1
4949,5.0,2.0,3.0,4.0,4.0,2.0,3.0,4.0,2.0,2.0,2.0,5.0,4.0,1.0,5.0,1.0,3.0,2.0,4.0,3.0,3,5,6,1,6,5,2,1,7,5,1,1,0,1,1,0,0,0,0,1,0,0,1,1,1,1,3,2,1,1,25,1,1,1,60,2,1,2
4950,4.0,5.0,2.0,3.0,5.0,1.0,1.0,4.0,2.0,1.0,1.0,5.0,3.0,1.0,4.0,3.0,1.0,4.0,5.0,5.0,7,6,5,3,6,2,6,2,4,1,1,1,1,1,1,0,0,0,1,1,0,0,0,1,1,1,3,2,1,1,22,2,2,1,60,1,1,3
4951,4.0,1.0,3.0,5.0,2.0,4.0,4.0,3.0,5.0,4.0,5.0,1.0,4.0,4.0,2.0,4.0,3.0,4.0,4.0,1.0,2,5,5,6,3,7,6,1,5,2,1,1,0,1,1,0,0,0,0,1,0,0,1,0,1,1,2,3,1,1,20,2,2,1,60,1,1,1
4952,5.0,5.0,1.0,1.0,5.0,1.0,1.0,4.0,1.0,1.0,1.0,5.0,5.0,1.0,5.0,1.0,1.0,5.0,5.0,5.0,3,5,6,1,6,5,2,4,6,3,1,1,0,1,1,1,0,1,1,1,0,1,1,1,1,1,2,2,1,1,20,1,9,1,60,1,1,1
4953,4.0,2.0,4.0,4.0,2.0,4.0,4.0,2.0,5.0,4.0,4.0,1.0,5.0,3.0,3.0,5.0,2.0,2.0,4.0,1.0,2,5,5,5,3,7,6,2,6,2,1,1,0,1,1,0,0,0,0,1,0,0,1,0,1,1,2,3,1,1,20,2,2,1,60,1,1,1
4954,1.0,2.0,5.0,1.0,1.0,5.0,2.0,2.0,5.0,5.0,1.0,2.0,1.0,3.0,2.0,5.0,5.0,2.0,5.0,1.0,1,1,5,1,6,5,5,2,5,3,1,1,0,1,1,0,0,0,0,1,0,0,0,1,1,1,3,2,2,2,31,1,3,1,10,1,2,4
4955,4.0,4.0,2.0,2.0,4.0,2.0,1.0,3.0,3.0,2.0,2.0,4.0,2.0,1.0,3.0,1.0,2.0,4.0,5.0,2.0,4,6,5,6,4,3,3,5,2,4,1,1,1,1,1,0,0,0,0,1,0,0,1,1,1,1,4,2,1,2,34,1,2,1,70,1,2,3
4956,5.0,3.0,4.0,4.0,2.0,5.0,4.0,4.0,5.0,2.0,5.0,3.0,5.0,2.0,4.0,4.0,3.0,3.0,3.0,1.0,6,5,7,5,4,3,5,2,4,1,1,1,0,1,1,0,0,0,0,1,0,0,0,1,1,1,3,1,2,1,21,1,7,1,70,2,1,1
4957,1.0,1.0,5.0,3.0,2.0,5.0,5.0,1.0,5.0,5.0,3.0,1.0,1.0,3.0,1.0,4.0,1.0,3.0,4.0,1.0,5,5,5,3,3,6,6,5,5,3,1,1,1,1,1,0,1,1,0,1,0,0,1,1,1,1,3,3,2,2,29,1,2,1,60,1,1,2
4958,1.0,1.0,5.0,5.0,1.0,2.0,4.0,1.0,5.0,4.0,5.0,1.0,1.0,5.0,3.0,5.0,5.0,1.0,5.0,3.0,5,1,6,6,6,4,7,2,4,5,1,1,1,1,1,1,1,0,1,1,1,0,1,1,1,0,3,2,2,1,45,1,1,1,60,2,1,1
4959,2.0,2.0,3.0,3.0,4.0,3.0,3.0,4.0,4.0,4.0,3.0,5.0,2.0,2.0,4.0,4.0,2.0,4.0,4.0,4.0,5,6,5,5,4,3,4,4,4,3,1,1,0,1,1,0,0,1,0,1,0,0,0,1,1,1,3,2,1,1,31,1,2,1,60,1,1,3
4960,5.0,4.0,1.0,1.0,4.0,1.0,1.0,4.0,3.0,2.0,1.0,5.0,4.0,1.0,4.0,1.0,2.0,5.0,5.0,4.0,3,4,6,2,7,7,2,3,4,5,1,1,0,1,1,0,0,0,0,1,0,1,1,1,1,1,2,2,1,1,18,1,2,1,60,2,1,2
4961,1.0,2.0,5.0,2.0,1.0,5.0,4.0,4.0,5.0,5.0,1.0,1.0,1.0,1.0,1.0,5.0,2.0,1.0,1.0,4.0,2,3,6,5,7,2,7,1,6,2,1,1,0,1,1,0,1,1,0,1,0,0,1,1,1,1,4,2,1,1,60,1,6,1,60,2,2,5
4962,5.0,5.0,2.0,1.0,5.0,1.0,1.0,1.0,2.0,1.0,1.0,3.0,4.0,1.0,4.0,1.0,3.0,5.0,5.0,1.0,1,1,6,5,7,6,5,1,6,1,1,1,1,1,1,0,0,1,0,1,0,0,1,1,1,1,3,1,2,2,37,1,2,1,60,2,1,5
4963,3.0,4.0,4.0,3.0,4.0,3.0,2.0,4.0,3.0,4.0,2.0,4.0,1.0,3.0,3.0,2.0,3.0,4.0,3.0,3.0,4,5,5,5,5,6,4,6,4,3,1,1,1,1,1,0,1,1,0,1,0,0,1,1,1,1,2,3,2,2,20,1,0,1,60,0,0,0
4964,1.0,2.0,2.0,3.0,1.0,2.0,2.0,1.0,5.0,2.0,3.0,1.0,1.0,2.0,2.0,4.0,2.0,1.0,4.0,1.0,2,6,6,2,6,5,3,1,6,2,1,1,1,1,1,0,0,1,0,1,1,0,1,1,1,1,3,2,2,1,34,2,4,1,50,1,2,5
4965,5.0,5.0,5.0,1.0,5.0,1.0,1.0,5.0,3.0,5.0,1.0,5.0,5.0,1.0,5.0,5.0,5.0,1.0,5.0,5.0,1,4,5,7,7,7,6,7,2,4,1,1,0,1,1,0,0,0,0,1,0,0,0,1,1,1,3,3,2,1,23,1,1,2,30,1,1,2
4966,5.0,5.0,2.0,1.0,5.0,1.0,1.0,5.0,2.0,5.0,1.0,5.0,5.0,2.0,5.0,1.0,1.0,5.0,5.0,4.0,1,2,6,5,6,7,4,1,4,2,1,1,1,1,1,0,0,1,1,1,0,1,1,1,1,1,2,2,1,1,19,3,2,4,60,1,1,5
4967,1.0,4.0,5.0,5.0,1.0,4.0,2.0,1.0,5.0,2.0,4.0,1.0,1.0,4.0,1.0,1.0,1.0,2.0,5.0,1.0,5,2,6,5,5,3,7,2,5,1,1,1,1,1,1,0,0,0,0,1,0,0,1,1,1,1,2,3,2,1,18,2,1,2,70,2,1,2
4968,1.0,1.0,2.0,4.0,1.0,5.0,4.0,1.0,5.0,5.0,1.0,4.0,1.0,2.0,2.0,2.0,5.0,2.0,4.0,1.0,5,3,6,7,7,5,6,5,3,2,1,1,1,1,1,0,0,1,0,1,0,0,1,1,1,1,2,2,2,1,18,1,1,2,50,2,1,3
4969,5.0,4.0,3.0,4.0,5.0,1.0,1.0,1.0,2.0,1.0,1.0,5.0,5.0,2.0,5.0,4.0,3.0,1.0,2.0,2.0,5,3,5,6,5,3,6,3,3,3,1,1,0,1,0,0,0,1,0,1,0,0,0,0,1,1,3,2,2,1,21,1,6,1,60,1,1,2
4970,1.0,2.0,5.0,1.0,4.0,4.0,2.0,3.0,5.0,5.0,1.0,4.0,1.0,1.0,1.0,4.0,1.0,3.0,5.0,3.0,1,6,5,7,7,6,6,5,2,1,1,1,0,1,1,0,0,1,0,1,0,0,0,1,1,1,3,3,2,2,24,1,12,1,60,1,1,3
4971,5.0,5.0,1.0,1.0,5.0,1.0,1.0,5.0,1.0,1.0,1.0,5.0,5.0,1.0,5.0,1.0,1.0,5.0,3.0,1.0,7,7,2,1,7,3,1,1,7,4,1,1,0,1,1,0,0,1,0,1,0,0,1,1,1,1,1,2,1,1,17,1,2,3,60,2,1,3
4972,5.0,4.0,1.0,1.0,4.0,1.0,1.0,3.0,3.0,1.0,2.0,5.0,5.0,1.0,2.0,1.0,2.0,4.0,5.0,4.0,4,5,4,1,7,4,1,1,5,1,1,1,1,1,1,0,0,1,1,1,1,0,1,1,1,1,0,2,1,1,28,1,1,1,70,1,1,2
4973,1.0,1.0,4.0,4.0,4.0,4.0,5.0,1.0,5.0,5.0,1.0,1.0,3.0,5.0,4.0,3.0,1.0,4.0,5.0,5.0,2,7,7,5,1,7,7,3,4,5,1,1,0,1,1,0,0,0,0,1,0,0,1,1,1,1,2,2,1,1,18,1,2,1,60,1,1,2
4974,4.0,4.0,2.0,1.0,1.0,2.0,3.0,4.0,5.0,4.0,2.0,4.0,4.0,1.0,5.0,1.0,5.0,4.0,5.0,1.0,2,7,5,2,4,3,4,6,5,2,1,1,1,1,1,0,0,0,0,1,0,0,1,1,1,1,2,2,1,2,18,1,1,1,70,2,1,4
4975,3.0,2.0,4.0,5.0,1.0,4.0,3.0,4.0,5.0,4.0,3.0,2.0,2.0,2.0,4.0,5.0,2.0,2.0,5.0,1.0,5,4,6,4,7,5,6,4,4,2,1,1,0,1,1,0,0,0,0,1,0,0,0,1,1,1,2,3,2,1,18,1,1,2,60,2,1,4
4976,5.0,5.0,1.0,1.0,5.0,3.0,1.0,5.0,2.0,2.0,1.0,5.0,5.0,1.0,5.0,1.0,1.0,5.0,5.0,5.0,6,7,5,5,7,7,5,7,1,1,1,1,0,1,1,0,0,1,0,1,0,0,1,1,1,1,2,3,1,2,21,1,1,1,70,1,1,3
4977,2.0,1.0,1.0,1.0,3.0,1.0,1.0,2.0,2.0,3.0,1.0,2.0,1.0,1.0,1.0,1.0,1.0,3.0,5.0,1.0,2,7,1,4,6,6,6,6,2,1,1,1,1,1,1,0,1,0,0,1,1,0,1,1,1,1,4,2,1,1,30,2,1,1,60,1,1,3
4978,4.0,2.0,4.0,3.0,4.0,3.0,3.0,3.0,4.0,4.0,2.0,5.0,5.0,2.0,3.0,4.0,3.0,4.0,3.0,2.0,4,6,7,5,5,6,5,4,4,2,1,0,0,0,1,0,0,0,0,1,0,0,0,0,1,0,2,3,2,2,19,1,1,1,10,1,1,1
4979,1.0,2.0,2.0,5.0,1.0,4.0,5.0,1.0,5.0,1.0,2.0,1.0,1.0,5.0,1.0,5.0,2.0,1.0,1.0,1.0,6,6,6,7,6,7,7,5,6,1,1,1,0,1,1,0,0,0,0,1,0,0,1,1,1,1,2,1,2,1,48,1,6,1,60,2,2,4
4980,5.0,5.0,3.0,1.0,4.0,5.0,3.0,5.0,5.0,5.0,1.0,5.0,3.0,5.0,1.0,5.0,4.0,5.0,5.0,3.0,5,2,6,1,7,7,1,4,7,7,1,1,0,1,1,0,0,0,0,1,0,0,0,1,1,0,3,2,1,1,18,1,2,1,50,2,1,3
4981,5.0,5.0,1.0,3.0,5.0,2.0,1.0,2.0,3.0,2.0,1.0,5.0,3.0,2.0,4.0,5.0,2.0,5.0,5.0,2.0,2,6,7,1,3,6,3,1,7,6,1,1,1,1,1,0,0,1,0,1,0,1,1,1,1,1,2,3,1,2,24,1,2,1,50,2,1,8
4982,1.0,1.0,3.0,4.0,2.0,5.0,4.0,4.0,5.0,5.0,3.0,4.0,2.0,2.0,2.0,5.0,2.0,1.0,5.0,4.0,6,5,6,1,7,5,7,4,7,3,1,1,1,1,1,1,0,0,0,1,0,0,1,1,1,1,3,2,1,1,24,1,2,1,60,1,1,2
4983,5.0,4.0,4.0,4.0,5.0,1.0,1.0,5.0,3.0,4.0,4.0,5.0,2.0,1.0,5.0,1.0,1.0,5.0,5.0,3.0,1,4,5,5,3,7,2,6,6,2,1,1,1,1,1,0,1,1,0,1,1,0,1,1,1,1,3,3,1,2,44,1,2,1,60,1,1,3
4984,1.0,2.0,2.0,5.0,3.0,4.0,4.0,2.0,5.0,5.0,2.0,3.0,1.0,1.0,2.0,5.0,1.0,2.0,5.0,1.0,3,2,7,4,7,6,7,2,5,1,1,1,1,1,1,0,1,1,0,1,0,0,1,1,1,1,4,2,1,1,46,1,6,1,60,1,3,4
4985,5.0,5.0,5.0,4.0,2.0,1.0,2.0,1.0,5.0,1.0,1.0,5.0,1.0,1.0,5.0,5.0,1.0,4.0,5.0,1.0,7,1,7,1,3,5,5,1,7,1,1,1,1,1,1,0,1,0,0,1,0,1,1,1,1,1,4,3,2,1,58,1,7,1,60,1,3,2
4986,5.0,4.0,2.0,3.0,4.0,1.0,1.0,2.0,2.0,2.0,1.0,4.0,5.0,1.0,5.0,5.0,1.0,4.0,5.0,1.0,2,2,6,2,4,5,6,2,7,1,1,1,0,1,1,0,0,0,0,1,0,0,1,0,1,1,3,2,1,1,27,1,12,1,30,2,1,7
4987,2.0,4.0,1.0,1.0,4.0,1.0,1.0,2.0,1.0,2.0,1.0,4.0,2.0,2.0,4.0,1.0,1.0,5.0,5.0,4.0,2,5,3,2,6,6,1,6,5,5,1,1,0,1,1,0,0,0,0,1,0,0,1,1,1,1,2,2,1,1,19,1,1,1,60,1,1,1
4988,2.0,4.0,2.0,1.0,5.0,2.0,1.0,1.0,5.0,2.0,1.0,5.0,4.0,1.0,5.0,1.0,1.0,3.0,5.0,1.0,1,6,2,7,3,2,4,5,3,2,1,1,1,1,1,0,0,1,0,1,0,0,1,1,1,1,3,2,2,1,27,2,2,2,70,1,2,3
4989,4.0,4.0,2.0,2.0,5.0,2.0,1.0,3.0,2.0,5.0,1.0,2.0,5.0,1.0,4.0,2.0,3.0,5.0,5.0,2.0,5,5,6,7,6,3,4,6,2,2,1,0,0,1,0,0,0,0,0,0,0,0,0,0,1,1,2,3,2,1,20,1,4,2,70,1,1,3
4990,5.0,5.0,1.0,2.0,5.0,3.0,1.0,4.0,4.0,2.0,1.0,5.0,5.0,1.0,4.0,1.0,1.0,4.0,5.0,4.0,4,3,7,2,5,5,5,1,6,1,1,1,1,1,1,0,1,1,0,1,1,1,1,1,1,1,4,2,1,1,54,1,1,1,60,1,2,2
4991,3.0,3.0,2.0,5.0,4.0,5.0,5.0,1.0,2.0,3.0,2.0,4.0,4.0,1.0,3.0,5.0,3.0,2.0,5.0,4.0,6,2,6,4,5,6,6,2,6,1,1,1,1,1,1,0,0,0,0,1,0,0,1,1,1,1,4,1,1,2,29,1,4,1,70,1,1,6
4992,5.0,1.0,2.0,4.0,2.0,4.0,1.0,2.0,5.0,2.0,4.0,2.0,2.0,2.0,4.0,1.0,2.0,4.0,4.0,2.0,2,2,7,2,5,6,2,1,7,6,1,1,0,1,1,0,0,0,0,1,0,0,0,0,1,1,4,3,2,2,30,1,6,1,10,2,1,2
4993,4.0,4.0,1.0,3.0,4.0,1.0,1.0,3.0,3.0,2.0,2.0,4.0,4.0,1.0,4.0,4.0,1.0,4.0,5.0,2.0,3,6,6,2,5,6,4,2,5,3,1,0,1,1,1,0,0,1,0,1,0,0,1,1,1,1,3,3,1,2,22,1,2,1,60,1,1,3
4994,1.0,1.0,5.0,5.0,1.0,5.0,5.0,1.0,5.0,5.0,2.0,4.0,1.0,1.0,1.0,1.0,4.0,4.0,5.0,5.0,7,4,7,5,6,1,7,1,6,1,1,1,1,1,1,0,1,1,0,1,0,0,0,1,1,1,4,1,2,2,61,1,2,1,60,1,2,2
4995,5.0,4.0,4.0,2.0,4.0,2.0,2.0,3.0,2.0,2.0,2.0,5.0,4.0,1.0,4.0,4.0,1.0,5.0,5.0,1.0,6,6,6,3,7,1,4,3,7,1,1,1,0,1,1,0,0,0,0,1,0,0,0,0,1,1,4,1,1,2,43,1,6,1,60,1,2,3
4996,4.0,2.0,2.0,4.0,4.0,4.0,4.0,5.0,4.0,2.0,2.0,1.0,4.0,2.0,3.0,4.0,3.0,4.0,5.0,1.0,3,1,2,6,6,4,7,6,6,3,1,1,0,1,1,1,0,1,0,1,0,1,1,1,1,1,2,2,2,1,21,1,1,2,60,2,1,2
4997,1.0,2.0,4.0,4.0,4.0,2.0,2.0,2.0,5.0,4.0,2.0,2.0,2.0,3.0,1.0,4.0,3.0,1.0,5.0,1.0,6,2,7,5,7,2,7,2,6,1,1,1,1,1,1,0,0,0,0,1,0,0,1,1,1,1,4,2,2,1,39,2,1,1,60,1,3,3
4998,5.0,2.0,4.0,1.0,3.0,4.0,2.0,5.0,5.0,1.0,1.0,5.0,4.0,1.0,1.0,1.0,1.0,4.0,5.0,4.0,1,2,2,4,6,7,6,5,5,1,1,1,1,1,1,1,0,0,0,1,0,1,1,1,1,1,2,2,2,2,19,1,10,4,10,2,1,2
4999,4.0,3.0,1.0,3.0,5.0,2.0,1.0,3.0,1.0,3.0,2.0,5.0,5.0,1.0,5.0,3.0,5.0,3.0,5.0,1.0,7,6,3,1,7,6,7,6,7,1,1,1,0,1,1,1,0,1,0,1,0,0,1,1,1,1,3,2,1,2,32,1,1,1,70,1,1,1
5000,1.0,2.0,2.0,5.0,2.0,3.0,1.0,5.0,5.0,5.0,1.0,5.0,1.0,2.0,3.0,4.0,1.0,4.0,5.0,1.0,4,5,5,6,5,1,6,5,2,2,1,1,1,1,1,0,0,0,0,1,0,0,1,1,1,1,3,2,2,1,37,1,1,0,60,1,1,3
5001,4.0,4.0,1.0,1.0,5.0,3.0,3.0,2.0,3.0,1.0,1.0,5.0,4.0,1.0,5.0,3.0,1.0,5.0,5.0,1.0,1,5,7,5,7,6,6,1,6,1,1,1,0,1,1,0,0,0,0,1,0,0,1,1,1,1,4,3,2,2,24,1,8,1,10,1,1,2
5002,1.0,1.0,4.0,4.0,1.0,4.0,4.0,1.0,5.0,5.0,3.0,4.0,1.0,4.0,2.0,4.0,2.0,2.0,2.0,1.0,5,5,6,2,7,1,6,5,7,1,1,1,1,1,1,0,1,0,0,1,1,0,1,1,1,1,3,1,2,1,40,1,12,2,60,1,2,1
5003,2.0,2.0,1.0,3.0,1.0,1.0,1.0,2.0,5.0,5.0,3.0,4.0,2.0,3.0,5.0,1.0,1.0,4.0,4.0,4.0,1,5,2,5,6,1,3,6,5,2,1,1,1,1,1,0,1,0,0,1,1,0,1,1,1,1,3,2,2,1,48,1,6,4,60,1,3,2
5004,5.0,1.0,3.0,1.0,5.0,3.0,5.0,5.0,5.0,5.0,3.0,1.0,3.0,1.0,3.0,1.0,3.0,4.0,3.0,5.0,4,3,7,3,5,5,7,1,7,4,1,1,0,1,1,0,0,1,0,1,0,0,1,1,1,1,3,3,2,2,22,1,8,1,10,2,1,1
5005,1.0,5.0,4.0,5.0,2.0,4.0,3.0,1.0,5.0,1.0,2.0,2.0,2.0,4.0,1.0,5.0,2.0,2.0,2.0,1.0,5,2,6,5,6,5,7,4,6,2,1,1,1,1,1,0,1,1,0,1,1,0,1,1,1,1,4,2,2,1,47,1,4,1,60,1,2,2
5006,2.0,5.0,3.0,4.0,2.0,4.0,3.0,2.0,5.0,2.0,1.0,4.0,5.0,1.0,4.0,1.0,1.0,2.0,5.0,2.0,2,2,5,2,6,4,5,5,4,3,1,1,1,1,1,0,1,1,0,1,0,0,1,1,1,1,4,3,2,2,52,1,12,4,10,1,3,2
5007,3.0,4.0,1.0,1.0,5.0,2.0,1.0,1.0,3.0,1.0,1.0,2.0,2.0,1.0,4.0,1.0,1.0,4.0,5.0,1.0,1,6,3,3,7,3,4,5,3,1,1,1,1,1,1,0,1,1,0,1,1,0,1,1,1,1,3,2,2,1,32,1,6,1,60,1,2,1
5008,1.0,5.0,3.0,1.0,4.0,1.0,2.0,5.0,1.0,1.0,1.0,5.0,1.0,1.0,5.0,1.0,5.0,5.0,1.0,3.0,5,7,7,7,7,7,7,1,7,4,1,1,0,0,1,0,0,0,0,1,0,0,0,0,0,1,3,1,1,2,26,1,6,2,30,1,1,6
5009,4.0,4.0,2.0,2.0,4.0,2.0,2.0,2.0,2.0,4.0,1.0,4.0,4.0,1.0,4.0,1.0,1.0,4.0,4.0,4.0,6,5,7,1,7,6,4,2,6,1,1,1,1,1,1,0,0,1,0,1,0,0,1,1,1,1,3,3,1,1,75,1,12,1,60,1,3,2
5010,2.0,4.0,4.0,2.0,4.0,1.0,1.0,2.0,2.0,2.0,1.0,4.0,4.0,1.0,4.0,1.0,1.0,5.0,5.0,4.0,2,6,5,3,6,2,2,3,5,4,1,1,0,1,1,0,0,1,0,1,0,0,0,0,1,1,3,3,2,2,41,1,1,1,60,1,1,2
5011,1.0,1.0,4.0,4.0,1.0,5.0,2.0,3.0,5.0,5.0,1.0,1.0,1.0,2.0,3.0,4.0,3.0,3.0,3.0,1.0,6,4,7,2,7,1,6,1,6,2,1,1,0,1,1,0,0,0,0,1,0,0,1,1,1,1,4,2,2,1,54,1,4,1,60,1,1,5
5012,5.0,5.0,1.0,1.0,5.0,2.0,5.0,5.0,3.0,2.0,1.0,2.0,4.0,2.0,1.0,4.0,2.0,3.0,4.0,2.0,7,3,7,2,6,5,6,7,4,2,0,0,0,0,0,0,0,0,0,1,0,0,0,1,1,1,2,3,1,2,19,1,2,5,10,2,1,2
5013,2.0,4.0,2.0,5.0,1.0,4.0,1.0,1.0,5.0,4.0,2.0,2.0,1.0,2.0,4.0,1.0,1.0,4.0,5.0,1.0,3,3,3,5,6,6,6,6,6,6,1,1,1,1,1,0,1,0,0,1,1,0,1,1,1,1,3,2,1,1,51,1,2,3,60,1,2,4
5014,4.0,5.0,5.0,5.0,5.0,2.0,1.0,4.0,5.0,5.0,1.0,5.0,5.0,1.0,5.0,2.0,3.0,5.0,4.0,1.0,4,7,7,6,6,7,5,5,6,5,1,1,0,0,1,0,0,0,0,0,0,0,1,1,1,1,2,2,1,2,30,1,0,1,60,2,1,1
5015,4.0,3.0,4.0,4.0,4.0,2.0,1.0,2.0,4.0,4.0,1.0,5.0,1.0,2.0,4.0,1.0,2.0,4.0,5.0,3.0,2,1,6,4,7,6,6,4,6,1,1,1,0,1,1,1,0,1,0,1,0,0,1,1,1,1,4,2,1,1,52,1,2,3,60,1,1,3
5016,5.0,5.0,4.0,1.0,5.0,5.0,5.0,1.0,5.0,1.0,1.0,3.0,5.0,1.0,5.0,5.0,1.0,5.0,5.0,2.0,4,7,6,2,6,4,6,1,7,2,1,1,0,0,1,0,0,1,0,1,0,0,0,1,1,1,2,1,1,2,22,1,4,1,60,1,1,3
5017,2.0,1.0,4.0,3.0,3.0,2.0,2.0,2.0,5.0,4.0,2.0,4.0,1.0,2.0,1.0,1.0,3.0,3.0,4.0,1.0,2,3,4,6,5,6,5,6,2,1,1,0,0,1,0,0,0,0,0,1,0,0,0,1,1,1,2,2,2,2,20,1,2,1,60,2,1,3
5018,3.0,2.0,4.0,4.0,5.0,3.0,2.0,4.0,4.0,2.0,1.0,5.0,4.0,5.0,5.0,1.0,2.0,5.0,5.0,1.0,7,5,6,5,7,2,5,2,4,3,1,1,0,1,1,0,0,0,0,1,0,0,1,1,1,1,2,3,1,1,17,1,1,1,30,2,1,1
5019,5.0,5.0,3.0,4.0,4.0,1.0,1.0,4.0,2.0,1.0,1.0,5.0,5.0,2.0,5.0,1.0,1.0,4.0,5.0,2.0,7,5,3,1,7,5,3,6,7,1,1,1,0,1,1,0,0,0,0,1,0,0,1,1,1,1,2,2,1,1,19,1,5,1,30,1,1,8
5020,5.0,2.0,3.0,3.0,5.0,2.0,3.0,2.0,2.0,5.0,2.0,5.0,5.0,1.0,4.0,2.0,5.0,4.0,5.0,5.0,6,5,2,1,6,4,5,1,5,1,1,1,0,1,1,0,0,0,0,1,0,0,1,1,1,1,3,1,1,1,40,2,6,1,60,1,2,3
5021,5.0,5.0,1.0,1.0,4.0,1.0,1.0,4.0,2.0,1.0,1.0,5.0,4.0,2.0,5.0,1.0,4.0,5.0,4.0,4.0,3,6,6,1,4,5,2,1,7,2,1,0,0,1,0,0,0,0,0,1,0,0,0,1,1,1,3,1,1,2,40,1,12,1,60,1,2,4
5022,5.0,5.0,1.0,3.0,5.0,1.0,1.0,5.0,5.0,1.0,1.0,5.0,5.0,1.0,5.0,1.0,1.0,5.0,5.0,3.0,4,7,7,4,4,4,1,1,7,7,1,1,1,1,1,0,1,1,0,1,0,0,1,1,1,1,3,2,1,1,27,1,0,1,10,2,1,4
5023,2.0,1.0,2.0,3.0,2.0,2.0,2.0,4.0,4.0,4.0,1.0,3.0,2.0,3.0,3.0,4.0,2.0,3.0,5.0,1.0,5,6,5,7,5,2,5,5,5,2,1,1,0,1,1,0,0,0,0,1,0,0,1,1,1,1,2,2,2,1,28,1,12,1,60,1,2,3
5024,2.0,4.0,5.0,5.0,1.0,4.0,3.0,1.0,5.0,5.0,3.0,2.0,1.0,3.0,3.0,2.0,3.0,4.0,5.0,1.0,5,1,6,4,6,4,6,1,6,3,1,1,1,1,1,0,0,0,0,1,0,1,1,1,1,1,3,2,2,1,50,1,4,1,60,1,2,2
5025,1.0,2.0,4.0,5.0,3.0,5.0,3.0,3.0,3.0,4.0,3.0,2.0,4.0,3.0,2.0,4.0,3.0,4.0,4.0,2.0,2,6,2,5,7,5,3,5,3,2,1,1,1,1,1,0,1,1,0,1,1,1,1,1,1,1,4,2,1,1,38,1,9,1,60,1,2,3
5026,1.0,2.0,3.0,5.0,1.0,4.0,4.0,1.0,5.0,5.0,4.0,1.0,1.0,3.0,2.0,5.0,5.0,1.0,5.0,1.0,7,1,7,1,7,4,7,1,7,1,1,1,1,1,1,0,1,1,0,1,1,0,1,1,1,1,4,2,2,1,66,2,1,1,60,1,2,1
5027,1.0,4.0,4.0,5.0,1.0,2.0,2.0,1.0,4.0,1.0,2.0,2.0,2.0,5.0,5.0,4.0,2.0,4.0,4.0,1.0,6,1,6,5,6,4,7,1,6,3,1,1,1,1,1,0,0,0,0,1,0,0,1,1,1,1,2,2,2,1,19,1,6,1,10,1,1,2
5028,1.0,4.0,2.0,5.0,1.0,2.0,1.0,1.0,4.0,2.0,2.0,3.0,2.0,4.0,4.0,3.0,2.0,1.0,3.0,1.0,4,5,3,5,5,6,6,7,5,2,1,1,1,1,1,0,0,1,0,1,1,1,1,1,1,1,0,3,2,1,39,1,4,1,60,1,2,4
5029,1.0,2.0,3.0,4.0,2.0,4.0,4.0,2.0,5.0,4.0,1.0,1.0,1.0,4.0,3.0,4.0,2.0,4.0,5.0,1.0,5,5,3,2,6,3,7,5,5,2,1,1,1,1,1,0,0,1,0,1,1,0,1,1,1,1,2,2,1,1,41,1,2,1,0,1,2,2
5030,4.0,5.0,5.0,5.0,5.0,4.0,1.0,1.0,4.0,3.0,1.0,4.0,5.0,1.0,5.0,1.0,5.0,5.0,5.0,3.0,7,7,5,7,7,3,7,2,2,4,1,1,0,1,1,0,0,0,0,0,0,0,1,1,1,1,4,2,2,1,30,1,4,1,70,1,1,4
5031,1.0,1.0,2.0,3.0,1.0,1.0,1.0,1.0,5.0,2.0,1.0,2.0,2.0,3.0,2.0,1.0,1.0,5.0,4.0,1.0,2,6,1,3,4,1,6,7,2,4,1,1,1,1,1,0,1,1,0,1,1,0,1,1,1,1,4,2,1,1,61,1,2,1,0,1,3,4
5032,1.0,2.0,2.0,2.0,4.0,1.0,2.0,4.0,4.0,4.0,1.0,5.0,4.0,2.0,2.0,2.0,1.0,5.0,5.0,1.0,2,5,2,6,2,6,3,5,1,3,1,1,1,1,1,0,0,0,0,1,0,0,1,1,1,1,3,1,2,2,24,1,2,2,60,1,1,1
5033,3.0,5.0,4.0,2.0,3.0,2.0,2.0,2.0,5.0,3.0,1.0,3.0,2.0,4.0,4.0,4.0,3.0,5.0,1.0,1.0,7,5,4,5,6,3,6,3,5,2,1,1,1,1,1,0,0,1,0,0,0,0,1,1,1,1,4,3,2,2,38,1,10,1,60,1,1,2
5034,4.0,5.0,3.0,2.0,5.0,4.0,5.0,5.0,5.0,1.0,5.0,5.0,5.0,2.0,2.0,4.0,1.0,2.0,5.0,5.0,7,6,7,5,7,3,5,2,6,2,1,1,0,1,1,0,0,0,1,1,0,1,0,1,1,1,3,1,1,1,23,1,4,1,60,1,1,1
5035,4.0,2.0,4.0,1.0,4.0,4.0,2.0,4.0,3.0,5.0,1.0,5.0,1.0,1.0,4.0,2.0,1.0,1.0,5.0,1.0,6,6,6,2,6,2,5,1,6,5,1,1,1,1,1,0,0,0,0,1,0,0,1,1,1,1,4,2,1,1,39,2,1,1,60,1,3,2
5036,3.0,1.0,4.0,3.0,4.0,4.0,3.0,4.0,5.0,5.0,3.0,3.0,4.0,1.0,3.0,2.0,1.0,3.0,4.0,1.0,1,5,4,7,7,7,5,4,1,1,1,1,1,1,1,0,0,1,0,1,0,0,1,1,1,1,2,2,2,1,18,1,2,3,70,2,1,3
5037,3.0,2.0,2.0,4.0,2.0,1.0,1.0,2.0,2.0,4.0,1.0,4.0,1.0,3.0,2.0,1.0,1.0,4.0,4.0,3.0,2,5,3,4,7,4,3,6,6,2,1,1,1,1,1,0,1,1,0,1,0,0,1,1,1,1,3,2,1,1,45,1,2,0,60,1,2,4
5038,5.0,5.0,1.0,1.0,4.0,2.0,1.0,5.0,4.0,2.0,1.0,5.0,5.0,1.0,4.0,1.0,1.0,5.0,5.0,5.0,3,6,6,2,5,7,7,2,6,1,1,1,0,1,1,0,0,0,0,1,0,0,1,1,1,1,3,2,1,2,40,1,3,1,10,2,2,6
5039,1.0,2.0,3.0,5.0,1.0,3.0,2.0,3.0,5.0,3.0,2.0,2.0,1.0,3.0,3.0,4.0,5.0,1.0,5.0,1.0,4,2,7,3,5,5,7,2,7,2,1,1,1,1,1,0,0,0,0,1,0,0,1,1,1,1,2,2,2,1,19,1,1,1,60,1,1,3
5040,2.0,4.0,2.0,1.0,5.0,1.0,1.0,5.0,2.0,1.0,1.0,5.0,5.0,1.0,4.0,1.0,1.0,5.0,5.0,1.0,5,7,6,5,7,5,2,2,6,1,1,1,0,1,1,1,0,0,0,1,0,0,1,1,1,1,2,2,1,1,18,1,9,1,60,2,1,3
5041,4.0,1.0,4.0,4.0,1.0,4.0,4.0,1.0,5.0,5.0,4.0,2.0,2.0,1.0,1.0,1.0,2.0,1.0,4.0,1.0,2,1,4,5,6,7,7,2,6,6,1,1,1,1,1,1,1,1,0,1,1,1,1,1,1,1,3,2,2,1,63,1,6,1,60,1,3,3
5042,4.0,5.0,3.0,3.0,3.0,2.0,2.0,5.0,2.0,4.0,3.0,3.0,2.0,1.0,5.0,1.0,1.0,4.0,5.0,3.0,2,6,6,1,4,6,3,1,7,3,1,1,0,1,1,0,0,0,0,1,1,0,0,1,1,1,3,2,1,2,19,1,2,1,60,2,1,2
5043,5.0,5.0,1.0,1.0,5.0,4.0,1.0,5.0,2.0,1.0,1.0,5.0,4.0,1.0,2.0,1.0,1.0,5.0,5.0,2.0,1,6,7,1,3,7,3,3,7,5,1,1,0,1,1,0,0,1,0,1,0,0,1,1,1,1,3,2,1,2,26,1,1,1,70,1,1,2
5044,5.0,5.0,5.0,1.0,5.0,5.0,5.0,5.0,5.0,5.0,1.0,5.0,5.0,1.0,5.0,5.0,1.0,5.0,1.0,1.0,7,7,7,2,7,7,7,1,7,1,1,1,0,1,1,1,0,1,0,1,0,0,0,1,1,1,3,3,1,2,29,1,12,1,60,1,1,4
5045,2.0,4.0,1.0,4.0,4.0,4.0,2.0,2.0,5.0,5.0,2.0,3.0,4.0,3.0,1.0,1.0,2.0,2.0,5.0,1.0,3,5,4,2,6,6,3,2,7,2,1,1,1,1,1,1,0,1,0,1,1,0,1,1,1,1,3,2,1,1,40,1,9,2,60,1,3,2
5046,1.0,4.0,1.0,1.0,1.0,1.0,1.0,3.0,4.0,4.0,1.0,4.0,1.0,1.0,3.0,2.0,2.0,4.0,5.0,3.0,5,7,2,6,5,5,4,7,1,1,1,1,1,1,1,0,0,0,0,1,0,1,1,1,1,1,3,2,1,1,37,1,1,1,60,1,2,3
5047,2.0,4.0,2.0,2.0,2.0,5.0,5.0,4.0,5.0,4.0,4.0,5.0,2.0,3.0,4.0,5.0,2.0,2.0,4.0,2.0,5,7,3,6,6,5,6,5,2,1,1,1,0,1,1,0,0,0,0,1,0,0,1,1,1,1,4,2,0,1,37,2,7,2,60,2,1,2
5048,4.0,4.0,2.0,3.0,3.0,2.0,1.0,4.0,2.0,2.0,1.0,4.0,4.0,2.0,4.0,4.0,2.0,3.0,5.0,2.0,2,5,6,6,5,6,3,1,5,4,1,1,1,1,1,0,0,0,0,1,0,0,1,1,1,1,3,3,2,1,25,2,2,5,60,1,1,1
5049,4.0,5.0,2.0,3.0,5.0,2.0,1.0,5.0,2.0,2.0,1.0,5.0,4.0,2.0,5.0,1.0,2.0,5.0,5.0,5.0,5,7,7,3,3,7,6,3,7,5,1,1,0,1,1,0,0,1,0,0,0,0,1,1,1,1,4,3,2,2,36,1,1,1,70,1,3,3
5050,5.0,5.0,1.0,1.0,3.0,1.0,1.0,5.0,1.0,1.0,1.0,5.0,5.0,1.0,5.0,1.0,1.0,5.0,5.0,5.0,2,6,7,4,5,4,3,1,7,7,1,1,0,0,0,0,0,0,0,1,0,1,0,1,1,1,3,3,2,2,21,1,7,1,60,1,1,0
5051,2.0,5.0,1.0,2.0,5.0,1.0,1.0,4.0,1.0,2.0,1.0,4.0,5.0,2.0,4.0,3.0,1.0,2.0,5.0,4.0,5,2,4,3,7,5,6,5,6,6,1,1,1,1,1,0,0,0,0,1,0,0,1,1,1,1,3,3,1,1,26,1,2,1,10,1,1,2
5052,5.0,5.0,2.0,3.0,5.0,1.0,1.0,5.0,1.0,1.0,1.0,5.0,5.0,1.0,5.0,1.0,1.0,5.0,5.0,1.0,5,6,2,6,6,1,2,2,1,1,1,1,0,1,1,1,0,1,0,1,0,0,1,1,1,1,3,2,2,1,29,3,7,2,60,1,2,4
5053,1.0,2.0,1.0,1.0,1.0,5.0,4.0,5.0,1.0,5.0,1.0,5.0,2.0,1.0,2.0,1.0,1.0,5.0,5.0,1.0,7,7,7,7,7,1,3,2,1,1,1,1,1,1,1,0,0,0,0,1,0,0,1,1,1,1,2,2,2,1,20,1,1,1,60,2,1,2
5054,5.0,5.0,1.0,2.0,5.0,2.0,1.0,1.0,4.0,2.0,2.0,5.0,5.0,1.0,5.0,1.0,3.0,5.0,5.0,1.0,2,7,3,7,7,7,2,7,1,1,1,1,0,1,1,0,0,0,0,1,0,0,1,1,1,1,2,2,1,1,18,1,1,1,40,2,1,5
5055,1.0,2.0,2.0,2.0,4.0,5.0,5.0,2.0,5.0,5.0,2.0,4.0,1.0,1.0,3.0,2.0,2.0,4.0,5.0,1.0,7,3,5,6,7,2,6,6,7,1,1,1,1,1,1,0,1,0,0,1,1,0,1,1,1,1,4,3,1,1,60,1,2,1,60,1,2,3
5056,5.0,5.0,1.0,1.0,5.0,1.0,1.0,4.0,1.0,1.0,1.0,5.0,5.0,4.0,4.0,1.0,5.0,5.0,5.0,2.0,1,3,3,5,5,6,1,7,6,5,1,1,0,1,1,0,0,1,0,1,1,0,0,1,1,1,2,2,2,2,21,1,1,2,60,2,1,1
5057,4.0,4.0,3.0,4.0,2.0,2.0,2.0,4.0,4.0,2.0,1.0,2.0,2.0,1.0,3.0,2.0,1.0,2.0,5.0,1.0,7,5,7,2,7,1,4,1,7,2,1,1,0,1,1,0,0,0,0,1,0,0,1,1,1,1,3,2,1,1,36,1,7,1,60,1,1,2
5058,4.0,5.0,3.0,4.0,5.0,4.0,3.0,4.0,3.0,1.0,1.0,3.0,2.0,2.0,3.0,1.0,5.0,3.0,5.0,5.0,3,5,1,6,7,6,1,7,1,1,1,1,1,1,1,0,1,1,0,1,1,0,1,1,1,1,3,2,2,1,34,1,1,1,60,2,1,2
5059,5.0,2.0,4.0,1.0,4.0,3.0,1.0,3.0,4.0,4.0,1.0,4.0,4.0,1.0,5.0,2.0,1.0,5.0,5.0,5.0,3,5,3,5,7,5,2,5,3,2,1,1,1,1,1,0,0,1,0,1,1,0,0,1,1,1,3,3,1,2,37,1,2,1,60,2,1,2
5060,2.0,2.0,3.0,2.0,5.0,2.0,2.0,2.0,5.0,2.0,3.0,4.0,1.0,2.0,4.0,2.0,3.0,4.0,4.0,1.0,2,2,2,6,2,5,7,5,2,6,1,1,0,1,1,0,0,0,0,1,0,0,0,1,1,1,3,3,2,1,52,1,6,1,60,1,2,4
5061,5.0,1.0,2.0,1.0,5.0,1.0,1.0,5.0,3.0,3.0,1.0,5.0,4.0,1.0,3.0,1.0,1.0,4.0,5.0,1.0,2,5,6,1,2,6,4,5,7,3,1,1,0,1,1,0,0,0,0,1,0,0,1,1,1,1,1,2,1,1,14,1,2,1,10,2,1,2
5062,5.0,1.0,4.0,1.0,5.0,2.0,2.0,5.0,3.0,4.0,1.0,5.0,4.0,1.0,4.0,2.0,1.0,5.0,5.0,3.0,1,2,7,1,6,7,4,1,7,2,1,1,1,1,1,0,0,1,0,1,1,0,1,1,1,1,4,2,2,2,57,1,2,1,60,1,1,0
5063,5.0,1.0,4.0,5.0,4.0,5.0,5.0,5.0,5.0,3.0,5.0,5.0,1.0,2.0,1.0,5.0,3.0,4.0,1.0,3.0,1,6,5,7,4,7,1,3,1,7,1,1,0,1,1,0,0,0,0,1,0,0,1,1,1,1,3,3,1,2,26,1,10,1,10,1,1,5
5064,4.0,4.0,2.0,2.0,4.0,3.0,1.0,1.0,4.0,3.0,2.0,5.0,5.0,5.0,2.0,1.0,1.0,4.0,5.0,3.0,5,5,3,5,6,4,5,5,4,3,0,0,0,1,1,0,0,1,0,1,0,0,0,1,1,1,3,1,1,2,24,1,1,1,60,1,1,1
5065,4.0,3.0,2.0,2.0,3.0,1.0,1.0,2.0,4.0,4.0,1.0,5.0,4.0,2.0,4.0,2.0,5.0,3.0,5.0,3.0,3,4,5,2,3,2,4,3,5,4,1,1,1,1,1,0,1,1,0,1,0,0,1,1,1,1,2,3,1,1,41,1,6,1,60,1,2,3
5066,1.0,1.0,5.0,5.0,2.0,4.0,3.0,1.0,5.0,4.0,3.0,2.0,1.0,4.0,1.0,4.0,4.0,2.0,3.0,1.0,4,6,4,5,4,4,6,5,3,2,1,1,1,1,1,0,1,1,0,1,1,0,1,1,1,1,3,3,1,1,44,1,1,1,60,1,3,1
5067,5.0,5.0,5.0,2.0,5.0,3.0,3.0,5.0,3.0,1.0,1.0,5.0,3.0,3.0,4.0,4.0,3.0,4.0,5.0,5.0,7,5,5,5,7,1,6,5,5,3,1,1,0,0,0,0,0,0,0,1,0,0,0,1,1,1,2,1,2,2,19,1,4,1,60,2,1,1
5068,4.0,1.0,1.0,4.0,5.0,5.0,2.0,1.0,5.0,4.0,4.0,2.0,1.0,1.0,3.0,4.0,5.0,1.0,5.0,2.0,5,2,7,3,7,2,7,1,5,1,1,1,0,1,1,0,0,1,0,1,0,0,1,1,1,1,3,2,2,1,33,1,7,1,70,1,2,2
5069,2.0,3.0,5.0,5.0,5.0,5.0,2.0,1.0,5.0,2.0,2.0,5.0,1.0,4.0,2.0,2.0,5.0,4.0,1.0,4.0,5,6,7,7,6,6,7,7,5,3,1,1,1,1,1,0,0,0,0,1,0,0,1,1,1,1,3,3,2,1,61,1,3,1,60,1,3,4
5070,5.0,2.0,3.0,1.0,5.0,1.0,1.0,5.0,5.0,3.0,1.0,5.0,1.0,1.0,3.0,1.0,5.0,4.0,2.0,1.0,2,4,7,4,3,7,5,1,5,2,1,0,1,1,1,0,1,0,0,1,0,0,0,1,1,1,3,1,1,1,46,1,6,1,60,2,2,5
5071,3.0,3.0,4.0,3.0,1.0,3.0,2.0,2.0,5.0,4.0,3.0,2.0,1.0,2.0,1.0,3.0,5.0,4.0,3.0,1.0,4,2,4,5,6,5,6,4,3,1,1,1,1,1,1,1,1,1,0,1,0,0,1,1,1,1,4,3,2,2,56,1,1,1,60,2,2,2
5072,5.0,4.0,4.0,2.0,5.0,4.0,2.0,3.0,4.0,1.0,2.0,5.0,5.0,1.0,3.0,1.0,5.0,5.0,5.0,1.0,5,5,6,6,4,6,6,6,3,4,1,1,0,1,1,0,0,0,0,1,0,0,1,1,1,1,3,1,1,2,45,1,3,1,10,1,2,5
5073,2.0,2.0,3.0,4.0,4.0,2.0,2.0,4.0,4.0,2.0,2.0,4.0,4.0,2.0,2.0,2.0,2.0,4.0,5.0,4.0,5,5,4,3,6,6,6,5,6,4,1,1,1,1,1,0,1,1,0,1,1,0,1,1,1,1,3,3,1,1,43,2,3,2,60,1,2,2
5074,2.0,2.0,4.0,5.0,2.0,4.0,4.0,2.0,5.0,4.0,4.0,1.0,1.0,4.0,3.0,5.0,2.0,2.0,3.0,2.0,2,5,7,1,6,6,4,1,7,6,1,1,1,1,1,0,0,1,0,1,1,0,1,1,1,1,4,2,1,1,63,1,12,1,60,1,2,2
5075,2.0,1.0,5.0,5.0,1.0,5.0,5.0,2.0,5.0,4.0,1.0,2.0,1.0,2.0,2.0,4.0,3.0,2.0,5.0,1.0,1,6,7,5,7,7,2,1,6,1,1,1,1,1,1,0,0,0,0,1,0,0,1,1,1,1,3,3,2,1,32,1,7,1,30,1,2,1
5076,2.0,2.0,3.0,4.0,2.0,5.0,4.0,2.0,5.0,5.0,2.0,3.0,1.0,2.0,3.0,4.0,2.0,4.0,5.0,1.0,6,5,4,3,5,1,5,3,4,2,1,1,1,1,1,0,0,0,0,1,1,0,1,1,1,1,3,2,1,1,39,1,12,1,60,1,2,2
5077,3.0,3.0,2.0,5.0,4.0,4.0,2.0,4.0,5.0,2.0,1.0,5.0,1.0,3.0,1.0,2.0,2.0,1.0,5.0,1.0,1,6,6,2,5,6,6,3,3,2,1,1,1,1,1,0,0,1,0,1,1,0,1,1,1,1,3,3,2,1,47,3,1,1,60,2,2,2
5078,4.0,4.0,3.0,4.0,3.0,1.0,1.0,1.0,4.0,2.0,2.0,5.0,4.0,2.0,4.0,4.0,1.0,4.0,4.0,4.0,3,1,7,5,6,7,5,1,6,3,1,1,0,1,1,0,0,0,0,1,0,0,1,0,1,1,3,3,1,1,20,1,2,1,60,1,1,3
5079,4.0,2.0,1.0,1.0,5.0,2.0,2.0,5.0,4.0,5.0,2.0,5.0,3.0,2.0,2.0,1.0,2.0,4.0,4.0,2.0,5,7,7,5,3,4,1,1,2,5,1,1,0,1,1,0,0,0,0,1,0,0,1,1,1,1,3,3,2,1,19,1,2,1,60,1,1,1
5080,1.0,5.0,2.0,5.0,2.0,3.0,1.0,1.0,5.0,4.0,1.0,5.0,1.0,2.0,2.0,1.0,1.0,1.0,5.0,5.0,1,1,6,3,7,4,7,2,7,1,1,1,1,1,1,0,1,1,0,1,1,0,1,1,1,1,3,3,2,2,27,1,2,1,10,2,1,2
5081,4.0,4.0,2.0,3.0,5.0,4.0,1.0,4.0,5.0,2.0,1.0,5.0,1.0,1.0,5.0,2.0,1.0,4.0,5.0,2.0,6,2,5,5,5,5,7,2,5,1,1,1,1,1,1,0,1,1,0,1,1,0,1,1,1,1,4,3,2,1,36,1,3,4,60,2,2,2
5082,3.0,2.0,2.0,5.0,2.0,2.0,1.0,1.0,4.0,4.0,1.0,4.0,1.0,5.0,1.0,1.0,1.0,1.0,5.0,1.0,1,1,6,7,5,7,5,5,5,6,1,1,1,1,1,0,1,0,0,1,1,0,1,1,1,1,3,3,2,1,43,1,1,2,60,2,2,2
5083,5.0,1.0,4.0,3.0,5.0,4.0,2.0,4.0,3.0,2.0,2.0,5.0,1.0,1.0,2.0,1.0,4.0,5.0,5.0,5.0,4,7,6,6,7,6,2,6,2,1,1,1,1,1,1,0,0,1,0,1,0,0,0,1,1,1,2,3,2,2,27,1,1,2,60,2,1,2
5084,1.0,1.0,5.0,4.0,4.0,5.0,2.0,4.0,5.0,5.0,3.0,2.0,1.0,1.0,3.0,5.0,2.0,1.0,5.0,2.0,1,5,7,4,7,6,6,1,6,1,1,1,0,0,1,0,0,0,0,1,0,0,0,1,1,1,4,1,2,2,43,1,12,1,60,1,1,2
5085,1.0,4.0,4.0,3.0,4.0,4.0,3.0,2.0,5.0,4.0,2.0,3.0,1.0,3.0,2.0,3.0,3.0,2.0,5.0,1.0,6,3,5,6,6,2,7,6,4,1,1,1,0,1,1,0,0,1,0,1,0,0,0,1,1,1,3,2,2,1,29,1,1,1,60,1,1,2
5086,1.0,4.0,4.0,2.0,4.0,5.0,4.0,4.0,5.0,5.0,1.0,5.0,1.0,2.0,1.0,1.0,3.0,1.0,1.0,1.0,5,5,3,1,5,6,6,3,7,2,1,1,0,1,1,0,0,0,0,1,0,0,1,1,1,1,3,2,1,1,30,1,6,1,60,2,2,4
5087,4.0,4.0,2.0,2.0,4.0,4.0,2.0,2.0,4.0,4.0,3.0,3.0,1.0,1.0,4.0,3.0,3.0,4.0,4.0,1.0,5,6,7,6,7,5,3,3,4,5,1,1,0,1,1,0,0,0,0,1,0,0,0,1,1,1,4,2,2,1,28,1,12,1,60,1,2,3
5088,2.0,2.0,4.0,3.0,2.0,2.0,4.0,2.0,5.0,3.0,2.0,1.0,2.0,2.0,4.0,2.0,3.0,3.0,5.0,1.0,6,7,6,6,5,3,6,5,2,5,1,1,0,1,1,0,0,0,0,1,0,0,1,1,1,1,3,3,1,2,25,2,2,1,60,2,1,2
5089,2.0,2.0,3.0,3.0,3.0,4.0,5.0,3.0,5.0,2.0,2.0,4.0,2.0,3.0,2.0,2.0,2.0,2.0,3.0,2.0,1,3,3,4,3,5,3,5,3,1,1,1,1,1,1,0,1,0,0,1,1,0,1,1,1,1,3,2,1,1,43,1,1,2,60,1,2,2
5090,1.0,2.0,2.0,3.0,3.0,1.0,1.0,1.0,5.0,2.0,2.0,3.0,2.0,2.0,2.0,1.0,2.0,2.0,5.0,1.0,3,6,7,5,6,6,4,1,5,5,1,1,1,1,1,0,1,0,0,1,1,0,1,1,1,1,4,3,2,1,34,1,1,2,60,1,2,3
5091,4.0,4.0,2.0,3.0,1.0,4.0,1.0,3.0,5.0,1.0,1.0,4.0,2.0,1.0,4.0,3.0,1.0,2.0,5.0,1.0,2,4,6,4,7,5,6,1,7,1,1,1,0,1,1,1,0,0,0,1,0,1,0,1,1,1,3,1,2,1,32,1,6,1,30,1,1,2
5092,5.0,5.0,3.0,2.0,5.0,4.0,2.0,5.0,3.0,1.0,1.0,4.0,5.0,5.0,3.0,2.0,2.0,2.0,5.0,2.0,3,5,6,6,5,7,7,7,4,5,1,1,1,1,1,0,0,1,0,1,0,0,1,1,1,1,3,2,1,2,18,1,9,1,70,2,1,1
5093,2.0,3.0,5.0,4.0,4.0,4.0,2.0,1.0,4.0,2.0,1.0,5.0,4.0,3.0,4.0,4.0,4.0,2.0,4.0,4.0,3,7,5,3,5,6,2,3,3,5,1,1,1,1,1,0,1,1,0,1,1,0,1,1,1,1,4,2,1,1,34,1,2,2,60,2,1,2
5094,4.0,1.0,2.0,2.0,4.0,2.0,1.0,4.0,4.0,5.0,1.0,4.0,4.0,1.0,4.0,1.0,3.0,4.0,5.0,5.0,4,5,6,6,7,5,6,2,1,1,1,1,1,1,1,0,0,0,0,1,0,0,0,1,0,1,3,3,2,2,37,1,7,1,60,2,1,2
5095,4.0,2.0,2.0,1.0,5.0,2.0,1.0,5.0,4.0,1.0,1.0,4.0,5.0,1.0,5.0,1.0,1.0,5.0,5.0,5.0,3,5,2,3,7,5,2,6,5,1,1,1,1,1,1,0,0,1,0,1,0,0,0,1,1,1,3,3,1,2,37,1,12,1,60,2,1,2
5096,5.0,5.0,1.0,1.0,5.0,1.0,1.0,5.0,1.0,1.0,1.0,5.0,5.0,1.0,5.0,1.0,1.0,5.0,5.0,5.0,4,7,4,7,7,7,1,3,7,2,1,1,1,1,1,1,0,1,1,1,0,1,1,1,1,1,2,2,1,1,18,1,1,2,30,2,1,3
5097,3.0,4.0,5.0,3.0,4.0,5.0,5.0,1.0,5.0,5.0,1.0,4.0,3.0,4.0,3.0,5.0,5.0,1.0,4.0,1.0,6,5,3,7,7,5,5,3,1,2,1,1,0,1,1,0,0,0,0,1,0,0,1,1,1,1,4,2,2,1,28,2,7,1,60,1,2,2
5098,1.0,1.0,5.0,4.0,2.0,5.0,5.0,2.0,5.0,3.0,4.0,2.0,1.0,2.0,1.0,5.0,5.0,1.0,5.0,1.0,5,6,5,4,5,6,7,2,5,5,1,1,0,1,1,0,0,0,0,1,1,0,0,1,1,1,3,3,2,1,38,1,7,1,60,1,1,1
5099,4.0,4.0,3.0,2.0,4.0,3.0,3.0,5.0,4.0,4.0,1.0,5.0,4.0,1.0,5.0,1.0,3.0,5.0,4.0,3.0,3,4,4,6,6,5,7,3,2,5,1,0,0,1,1,0,0,0,1,1,0,0,0,0,1,1,1,3,2,1,13,1,7,1,30,2,1,2
5100,4.0,5.0,3.0,2.0,5.0,2.0,1.0,4.0,4.0,3.0,1.0,5.0,4.0,1.0,5.0,2.0,1.0,5.0,5.0,2.0,5,5,7,5,6,3,5,2,5,1,1,1,1,1,1,0,0,1,0,1,0,0,1,1,1,1,4,2,1,2,27,1,2,1,60,2,1,2
5101,1.0,3.0,4.0,4.0,1.0,4.0,1.0,1.0,5.0,4.0,2.0,1.0,1.0,2.0,3.0,4.0,1.0,3.0,5.0,2.0,2,5,4,1,6,6,5,3,7,1,0,0,0,0,0,0,0,0,0,0,0,0,0,0,0,0,4,3,1,1,43,1,2,1,60,1,2,2
5102,5.0,5.0,4.0,1.0,5.0,1.0,1.0,5.0,2.0,1.0,1.0,5.0,2.0,1.0,4.0,1.0,4.0,1.0,5.0,5.0,6,7,7,3,7,6,6,5,5,1,1,1,0,1,1,0,1,0,0,1,0,0,1,1,1,1,4,3,1,2,31,1,1,1,60,2,1,1
5103,5.0,5.0,1.0,2.0,5.0,1.0,1.0,3.0,1.0,1.0,1.0,5.0,5.0,1.0,5.0,1.0,1.0,5.0,5.0,4.0,2,6,6,4,6,5,1,3,7,4,1,1,0,1,1,0,0,0,0,1,0,0,0,1,1,1,3,3,1,2,20,1,1,1,70,1,1,2
5104,4.0,3.0,5.0,3.0,2.0,4.0,1.0,2.0,5.0,5.0,3.0,4.0,3.0,3.0,3.0,1.0,2.0,2.0,5.0,1.0,5,5,7,4,3,3,5,1,2,2,1,1,1,1,1,0,0,0,0,1,0,0,1,1,1,1,3,2,1,1,50,1,6,1,60,1,2,3
5105,5.0,1.0,1.0,1.0,5.0,1.0,1.0,5.0,1.0,1.0,1.0,5.0,5.0,1.0,5.0,1.0,1.0,4.0,3.0,5.0,3,5,6,1,5,7,1,5,7,1,1,1,1,1,1,0,0,0,1,0,0,1,1,1,1,1,2,3,1,1,17,1,2,1,60,2,1,2
5106,2.0,3.0,2.0,4.0,4.0,3.0,2.0,4.0,4.0,2.0,3.0,4.0,3.0,3.0,4.0,4.0,2.0,4.0,5.0,1.0,6,1,6,1,7,1,7,5,7,3,1,1,1,1,1,0,0,1,0,1,0,0,1,1,1,1,3,2,2,1,53,1,4,1,60,2,3,2
5107,4.0,4.0,2.0,1.0,3.0,2.0,1.0,1.0,4.0,4.0,1.0,3.0,1.0,1.0,3.0,3.0,3.0,2.0,5.0,1.0,6,6,3,6,6,2,3,7,2,4,1,1,0,1,1,0,0,1,0,1,0,0,0,1,1,1,2,1,2,1,19,1,2,1,60,1,1,2
5108,4.0,2.0,3.0,2.0,4.0,1.0,1.0,5.0,3.0,3.0,1.0,5.0,4.0,2.0,4.0,1.0,1.0,5.0,4.0,1.0,3,6,7,6,5,2,3,3,1,4,1,1,0,1,1,0,0,1,0,1,1,0,1,1,1,1,2,2,2,1,16,1,7,1,10,2,1,2
5109,5.0,5.0,5.0,1.0,5.0,1.0,1.0,5.0,1.0,1.0,1.0,5.0,5.0,1.0,4.0,5.0,5.0,4.0,5.0,5.0,3,7,6,1,7,7,7,1,6,1,1,1,0,1,1,1,1,1,1,1,0,1,0,1,1,1,4,3,1,2,25,1,4,1,60,1,1,1
5110,4.0,4.0,3.0,4.0,4.0,2.0,3.0,2.0,5.0,2.0,4.0,5.0,3.0,3.0,2.0,5.0,4.0,5.0,5.0,1.0,2,2,6,2,5,6,7,3,7,5,1,1,0,1,1,0,0,0,0,1,0,0,0,1,1,1,2,3,1,1,33,1,1,1,60,2,1,2
5111,1.0,1.0,4.0,4.0,2.0,2.0,1.0,1.0,5.0,3.0,3.0,2.0,1.0,3.0,2.0,2.0,2.0,1.0,5.0,1.0,5,3,7,2,7,5,7,2,6,1,1,1,1,1,1,0,1,1,0,1,1,0,1,1,1,1,3,2,2,1,54,1,9,1,60,1,2,1
5112,1.0,2.0,5.0,4.0,4.0,2.0,1.0,4.0,4.0,3.0,2.0,4.0,5.0,2.0,4.0,1.0,1.0,5.0,5.0,1.0,5,5,5,5,7,5,6,6,4,2,1,1,1,1,1,1,1,1,1,1,1,1,1,1,1,1,3,2,1,1,19,1,2,1,60,1,1,2
5113,5.0,5.0,1.0,1.0,5.0,1.0,1.0,5.0,1.0,1.0,1.0,5.0,4.0,1.0,3.0,1.0,1.0,5.0,5.0,5.0,1,1,1,2,7,7,1,1,7,1,1,1,1,1,1,0,0,1,0,1,0,1,0,1,1,1,3,3,0,2,19,3,2,1,10,2,1,1
5114,5.0,5.0,5.0,1.0,4.0,3.0,2.0,5.0,4.0,3.0,1.0,5.0,5.0,4.0,5.0,5.0,5.0,5.0,5.0,4.0,5,5,4,7,6,4,4,4,1,5,0,0,0,0,0,0,0,1,0,1,0,0,0,1,0,0,3,3,2,1,29,1,4,1,10,2,1,4
5115,4.0,4.0,3.0,1.0,2.0,1.0,4.0,3.0,5.0,4.0,2.0,5.0,5.0,2.0,4.0,2.0,1.0,5.0,5.0,3.0,2,3,4,2,5,6,4,1,7,1,1,1,1,1,1,0,0,1,0,1,0,0,1,1,1,1,3,3,1,2,25,1,1,1,10,2,1,2
5116,1.0,4.0,5.0,5.0,3.0,4.0,2.0,1.0,5.0,5.0,2.0,4.0,4.0,4.0,3.0,3.0,3.0,3.0,5.0,3.0,4,2,5,4,7,3,7,7,5,1,1,1,1,1,1,0,1,0,0,1,0,0,1,1,1,1,4,3,2,1,38,1,2,2,60,1,2,2
5117,2.0,2.0,2.0,4.0,4.0,2.0,1.0,1.0,3.0,1.0,1.0,4.0,2.0,1.0,4.0,2.0,2.0,2.0,5.0,2.0,7,2,5,1,7,1,7,1,6,2,1,1,1,1,1,0,0,1,0,1,0,0,1,1,1,1,3,1,2,1,40,1,2,1,60,1,3,3
5118,4.0,4.0,2.0,4.0,2.0,2.0,2.0,2.0,4.0,3.0,2.0,5.0,2.0,2.0,4.0,3.0,2.0,2.0,5.0,1.0,2,5,5,3,5,6,6,2,5,1,1,1,1,1,1,0,1,1,0,1,1,0,1,1,1,1,3,3,1,1,39,1,2,1,60,2,1,3
5119,1.0,2.0,3.0,4.0,4.0,4.0,4.0,2.0,5.0,5.0,1.0,4.0,1.0,3.0,1.0,2.0,1.0,3.0,5.0,1.0,6,1,4,6,5,5,6,7,4,1,1,1,1,1,1,0,1,0,0,1,1,0,1,1,1,1,3,1,2,1,43,1,12,1,60,1,1,3
5120,1.0,1.0,4.0,4.0,4.0,5.0,5.0,4.0,5.0,5.0,2.0,2.0,2.0,4.0,2.0,5.0,4.0,1.0,5.0,1.0,7,2,6,5,6,2,6,2,5,3,1,1,0,0,1,1,0,1,0,0,0,0,1,1,1,1,4,1,2,1,40,1,7,1,60,1,2,3
5121,5.0,3.0,5.0,4.0,2.0,2.0,2.0,1.0,3.0,3.0,1.0,2.0,3.0,2.0,3.0,4.0,1.0,4.0,5.0,1.0,6,6,5,5,7,5,6,2,4,1,1,1,1,1,1,1,1,1,1,1,1,1,1,1,1,1,3,2,1,1,40,2,2,1,60,1,2,2
5122,4.0,5.0,2.0,3.0,4.0,3.0,1.0,4.0,4.0,3.0,3.0,5.0,4.0,4.0,5.0,2.0,2.0,4.0,4.0,4.0,6,7,3,5,5,3,4,6,3,4,0,0,0,0,1,0,0,0,0,0,1,0,1,0,0,1,4,2,1,2,26,1,4,1,10,1,1,5
5123,2.0,3.0,2.0,1.0,3.0,1.0,1.0,1.0,5.0,5.0,1.0,4.0,4.0,2.0,3.0,1.0,2.0,4.0,5.0,1.0,6,7,6,4,6,5,4,5,4,1,1,1,1,1,1,0,0,0,0,1,1,0,1,1,1,1,2,1,1,1,39,1,2,1,70,1,2,2
5124,4.0,5.0,2.0,3.0,5.0,2.0,2.0,2.0,4.0,1.0,1.0,5.0,5.0,3.0,5.0,1.0,2.0,4.0,5.0,4.0,6,3,5,2,6,5,3,3,6,3,1,1,1,1,1,0,0,0,0,1,0,0,1,1,1,1,3,2,2,1,41,1,7,1,60,1,2,3
5125,4.0,3.0,4.0,2.0,4.0,4.0,1.0,4.0,3.0,2.0,2.0,5.0,2.0,2.0,3.0,2.0,1.0,4.0,5.0,1.0,6,5,2,1,6,2,4,6,6,1,1,1,1,1,1,0,0,1,0,1,0,0,1,1,1,1,2,2,1,1,33,1,1,5,60,1,2,1
5126,4.0,5.0,1.0,4.0,5.0,2.0,1.0,4.0,5.0,1.0,2.0,5.0,4.0,2.0,5.0,1.0,2.0,5.0,5.0,1.0,5,6,7,6,5,3,5,4,2,4,1,1,0,1,1,0,0,0,0,1,0,0,1,1,1,1,2,2,2,1,21,1,5,1,60,2,1,8
5127,2.0,2.0,2.0,2.0,4.0,2.0,1.0,3.0,3.0,2.0,2.0,4.0,3.0,2.0,4.0,4.0,1.0,3.0,5.0,3.0,1,6,5,6,5,6,2,5,3,3,1,1,1,1,1,0,1,1,0,1,1,0,1,1,1,1,4,2,1,1,32,1,12,1,60,1,1,2
5128,2.0,4.0,3.0,3.0,5.0,4.0,4.0,1.0,4.0,4.0,3.0,3.0,1.0,3.0,4.0,3.0,2.0,2.0,5.0,2.0,3,4,7,3,6,7,3,1,6,3,1,1,0,1,1,0,0,1,0,1,0,0,1,1,1,1,3,2,1,1,30,1,1,1,70,2,1,4
5129,1.0,1.0,2.0,4.0,2.0,2.0,2.0,1.0,5.0,5.0,1.0,5.0,1.0,4.0,1.0,2.0,1.0,4.0,5.0,2.0,2,1,7,4,6,6,6,1,6,3,1,1,1,1,1,0,1,1,0,1,1,0,1,1,1,1,4,3,1,1,69,1,2,2,60,2,3,2
5130,1.0,3.0,2.0,2.0,4.0,2.0,2.0,2.0,5.0,5.0,1.0,3.0,2.0,1.0,2.0,4.0,2.0,3.0,4.0,2.0,6,5,5,2,7,2,5,3,6,2,1,1,1,1,1,0,1,1,0,1,1,0,1,1,1,1,2,3,1,1,53,1,2,1,60,2,2,8
5131,4.0,4.0,5.0,4.0,4.0,5.0,2.0,2.0,5.0,4.0,1.0,5.0,2.0,4.0,2.0,4.0,2.0,4.0,4.0,1.0,2,6,6,5,5,5,6,2,5,5,1,1,1,1,1,0,0,0,0,1,0,0,1,1,1,1,4,1,2,1,44,1,6,1,60,1,2,3
5132,1.0,5.0,5.0,5.0,1.0,5.0,3.0,4.0,5.0,5.0,5.0,3.0,1.0,4.0,5.0,5.0,3.0,3.0,5.0,3.0,6,1,4,1,5,4,5,5,5,3,1,1,1,1,1,0,0,0,0,1,0,0,1,1,1,1,3,2,1,1,24,2,4,2,60,1,1,2
5133,2.0,1.0,4.0,3.0,1.0,4.0,4.0,2.0,5.0,4.0,3.0,1.0,1.0,3.0,1.0,5.0,5.0,2.0,5.0,2.0,6,2,6,2,7,5,7,2,7,2,1,1,1,1,1,0,0,0,0,1,0,0,1,1,1,1,2,3,1,1,45,1,1,1,60,1,2,5
5134,3.0,4.0,4.0,5.0,4.0,4.0,1.0,5.0,3.0,1.0,1.0,1.0,1.0,1.0,1.0,1.0,1.0,5.0,5.0,1.0,2,5,3,5,7,6,1,5,5,7,1,1,1,1,1,0,1,1,0,1,1,1,1,1,1,1,3,1,2,1,42,1,2,1,50,1,2,2
5135,5.0,5.0,1.0,1.0,3.0,1.0,1.0,4.0,1.0,1.0,1.0,5.0,4.0,1.0,5.0,1.0,1.0,5.0,5.0,3.0,6,3,4,4,5,4,2,5,6,2,1,1,1,1,1,0,0,0,0,1,0,0,1,1,1,1,2,2,2,1,20,1,2,4,60,1,1,2
5136,4.0,3.0,4.0,1.0,4.0,2.0,3.0,4.0,2.0,5.0,1.0,4.0,3.0,4.0,3.0,2.0,4.0,5.0,5.0,3.0,5,7,4,5,6,3,2,6,2,2,1,1,0,1,1,0,0,0,0,1,0,1,0,1,1,1,3,2,2,2,19,1,4,2,10,2,1,1
5137,4.0,4.0,1.0,2.0,4.0,1.0,2.0,4.0,2.0,2.0,1.0,4.0,4.0,2.0,5.0,1.0,2.0,3.0,5.0,2.0,3,7,3,5,3,2,5,5,5,1,1,1,1,1,1,0,0,0,0,1,0,0,1,1,1,1,3,2,2,1,22,1,1,2,70,1,1,2
5138,5.0,5.0,2.0,1.0,5.0,1.0,2.0,5.0,3.0,2.0,1.0,5.0,5.0,2.0,4.0,5.0,4.0,4.0,1.0,5.0,3,3,7,5,3,4,7,1,4,2,1,1,1,1,1,0,0,1,0,1,1,0,1,1,1,1,3,1,1,1,69,2,12,1,60,1,2,4
5139,5.0,3.0,2.0,1.0,5.0,2.0,1.0,2.0,5.0,1.0,1.0,5.0,5.0,1.0,2.0,3.0,5.0,5.0,2.0,5.0,3,7,4,1,7,6,4,3,5,1,1,1,1,1,1,0,0,1,0,1,0,0,1,1,1,1,3,0,1,2,29,1,4,1,60,1,1,1
5140,5.0,5.0,1.0,1.0,3.0,1.0,1.0,2.0,1.0,5.0,1.0,5.0,1.0,1.0,5.0,2.0,1.0,5.0,5.0,1.0,2,7,6,6,2,6,6,1,5,5,0,1,0,0,0,0,0,0,0,0,0,0,0,0,1,1,3,3,1,2,33,1,1,1,60,1,1,1
5141,2.0,4.0,5.0,2.0,2.0,4.0,4.0,2.0,5.0,4.0,1.0,4.0,1.0,1.0,1.0,5.0,5.0,5.0,3.0,2.0,6,5,2,2,7,5,5,6,5,2,0,0,0,1,1,0,0,1,0,1,0,0,1,1,1,1,3,1,1,2,25,1,7,1,60,2,1,1
5142,4.0,5.0,1.0,4.0,5.0,1.0,1.0,4.0,2.0,1.0,1.0,5.0,5.0,2.0,3.0,5.0,2.0,5.0,5.0,3.0,3,3,7,1,5,2,1,1,7,6,1,1,1,1,1,0,0,0,0,1,0,0,1,1,1,1,4,3,1,1,23,1,1,1,60,2,1,2
5143,3.0,4.0,3.0,4.0,3.0,3.0,3.0,3.0,5.0,3.0,2.0,1.0,3.0,1.0,3.0,4.0,1.0,1.0,3.0,1.0,5,1,5,7,7,4,6,4,2,1,1,1,0,1,1,0,0,1,0,1,0,0,0,0,1,1,3,2,2,1,23,1,2,1,60,2,1,2
5144,4.0,5.0,1.0,1.0,5.0,1.0,1.0,4.0,1.0,3.0,1.0,5.0,5.0,1.0,3.0,1.0,1.0,5.0,5.0,5.0,1,7,4,1,7,7,1,7,4,7,1,1,1,1,1,0,0,1,0,1,0,0,0,1,1,1,2,3,1,2,20,1,1,1,60,2,1,1
5145,1.0,5.0,5.0,5.0,4.0,2.0,2.0,1.0,5.0,5.0,2.0,5.0,1.0,1.0,1.0,2.0,2.0,5.0,1.0,2.0,6,2,6,2,6,6,7,6,5,1,1,0,0,1,1,0,0,0,0,1,0,0,0,0,1,1,3,3,1,2,30,1,3,1,10,1,1,3
5146,4.0,5.0,2.0,1.0,4.0,4.0,1.0,2.0,4.0,5.0,2.0,5.0,1.0,1.0,5.0,1.0,5.0,5.0,3.0,4.0,6,5,7,4,7,1,7,1,7,1,1,1,0,1,1,0,0,1,0,1,1,0,1,1,1,1,3,3,2,2,39,2,1,1,60,1,2,1
5147,3.0,1.0,3.0,5.0,1.0,2.0,2.0,4.0,5.0,5.0,2.0,4.0,2.0,2.0,4.0,4.0,2.0,4.0,4.0,1.0,3,3,5,5,6,6,6,6,5,5,1,1,1,1,1,0,1,1,0,1,1,1,1,1,1,1,4,1,2,1,46,1,1,1,60,1,2,2
5148,1.0,2.0,4.0,1.0,4.0,4.0,1.0,5.0,5.0,3.0,1.0,1.0,1.0,1.0,1.0,1.0,5.0,2.0,2.0,4.0,1,7,6,7,4,5,1,5,3,2,1,1,0,1,1,0,0,1,0,1,1,0,1,1,1,1,3,3,1,2,27,1,1,1,60,1,1,1
5149,4.0,3.0,4.0,3.0,4.0,5.0,2.0,4.0,5.0,4.0,2.0,2.0,5.0,4.0,2.0,3.0,3.0,5.0,5.0,1.0,2,1,5,4,6,7,6,3,6,3,1,1,0,1,1,0,0,1,0,1,0,0,1,1,1,1,2,3,1,1,27,2,1,1,60,1,1,2
5150,5.0,2.0,5.0,5.0,4.0,5.0,5.0,4.0,5.0,5.0,1.0,5.0,4.0,1.0,2.0,4.0,3.0,4.0,4.0,1.0,5,3,6,5,4,2,6,2,5,3,1,1,0,1,1,0,1,0,0,1,0,0,0,1,1,1,3,3,2,2,23,1,4,1,10,1,1,5
5151,1.0,1.0,4.0,1.0,3.0,4.0,4.0,1.0,5.0,4.0,1.0,4.0,4.0,2.0,2.0,3.0,4.0,2.0,1.0,1.0,2,2,5,2,7,7,2,2,6,1,1,1,1,1,1,0,0,0,0,1,0,0,1,1,0,1,3,2,2,1,50,1,6,1,60,1,3,3
5152,5.0,5.0,4.0,4.0,3.0,1.0,1.0,1.0,5.0,1.0,1.0,4.0,1.0,3.0,2.0,1.0,2.0,4.0,5.0,1.0,5,5,3,6,5,2,5,5,3,3,1,1,1,1,1,1,1,1,0,1,1,0,0,1,1,1,3,2,2,1,36,2,1,2,60,1,1,2
5153,1.0,1.0,2.0,3.0,1.0,5.0,5.0,1.0,5.0,5.0,4.0,2.0,1.0,5.0,1.0,5.0,4.0,1.0,5.0,1.0,7,2,7,1,6,5,6,2,7,1,1,1,1,1,1,0,0,1,0,1,0,0,1,1,1,1,3,2,2,1,24,1,4,1,70,1,1,1
5154,5.0,2.0,5.0,4.0,1.0,1.0,1.0,2.0,5.0,2.0,1.0,1.0,4.0,2.0,5.0,5.0,1.0,4.0,5.0,1.0,7,5,7,6,7,1,7,5,1,1,1,1,0,1,1,0,0,0,0,1,0,0,0,1,1,1,4,2,2,2,24,1,1,5,60,2,1,2
5155,1.0,1.0,3.0,1.0,2.0,3.0,4.0,3.0,5.0,5.0,2.0,4.0,1.0,3.0,3.0,4.0,3.0,1.0,4.0,1.0,6,2,7,5,5,4,6,7,7,4,1,1,1,1,1,0,1,0,0,1,0,0,1,1,1,1,4,2,2,1,54,2,6,1,60,1,2,5
5156,5.0,3.0,1.0,1.0,5.0,1.0,1.0,5.0,1.0,3.0,1.0,5.0,5.0,1.0,5.0,1.0,5.0,5.0,5.0,1.0,1,1,5,1,5,6,1,1,7,1,1,1,0,1,1,0,1,1,0,1,0,0,1,1,1,1,3,3,1,1,27,1,2,1,10,2,1,2
5157,2.0,4.0,3.0,2.0,3.0,1.0,1.0,4.0,5.0,3.0,1.0,4.0,1.0,2.0,3.0,2.0,1.0,4.0,5.0,1.0,2,2,2,7,5,5,4,4,3,5,1,1,1,1,1,0,0,1,0,1,1,0,1,1,1,1,4,3,1,2,35,1,2,1,60,2,1,2
5158,5.0,5.0,1.0,1.0,4.0,1.0,5.0,5.0,1.0,1.0,1.0,1.0,5.0,1.0,5.0,1.0,1.0,5.0,5.0,1.0,7,5,2,1,7,1,4,7,2,2,1,1,0,1,1,0,0,0,0,1,0,0,1,1,1,1,2,2,1,2,18,1,2,1,30,2,1,2
5159,5.0,5.0,1.0,1.0,5.0,1.0,1.0,5.0,1.0,1.0,1.0,5.0,3.0,1.0,5.0,1.0,5.0,5.0,5.0,5.0,6,7,7,5,7,7,5,1,6,6,1,1,0,1,1,0,0,0,0,1,0,0,0,1,1,1,4,1,1,2,28,1,4,1,60,2,1,2
5160,4.0,4.0,1.0,1.0,4.0,2.0,1.0,4.0,4.0,2.0,1.0,5.0,1.0,2.0,2.0,1.0,1.0,4.0,4.0,4.0,5,6,5,5,6,3,5,2,3,2,1,1,1,1,1,0,0,1,0,1,0,1,1,1,1,1,3,2,2,1,49,1,6,1,60,1,2,1
5161,5.0,1.0,1.0,1.0,5.0,5.0,4.0,2.0,5.0,5.0,5.0,5.0,3.0,2.0,4.0,2.0,3.0,1.0,3.0,4.0,2,1,7,7,7,7,7,1,7,1,1,1,0,1,1,0,1,1,0,1,0,0,1,1,1,1,3,2,1,1,34,1,4,1,30,2,1,7
5162,1.0,5.0,5.0,3.0,3.0,5.0,4.0,5.0,5.0,3.0,1.0,4.0,1.0,1.0,5.0,4.0,2.0,5.0,3.0,4.0,6,2,6,6,5,3,7,3,3,6,1,0,0,1,0,0,0,1,0,1,0,0,0,0,1,1,4,3,2,2,38,1,7,1,60,2,1,2
5163,2.0,4.0,4.0,2.0,1.0,1.0,1.0,4.0,2.0,1.0,1.0,4.0,4.0,1.0,5.0,1.0,1.0,4.0,5.0,1.0,5,5,2,6,2,5,6,3,3,2,1,1,1,1,1,0,0,0,0,1,0,0,0,1,1,1,3,2,2,1,23,1,4,1,60,1,1,3
5164,1.0,1.0,1.0,4.0,2.0,2.0,2.0,1.0,4.0,5.0,2.0,4.0,1.0,1.0,2.0,2.0,5.0,4.0,4.0,1.0,5,5,6,5,7,5,5,2,5,1,1,1,1,1,1,0,1,0,0,1,1,0,1,1,1,1,4,2,2,1,63,1,1,1,60,1,3,4
5165,5.0,5.0,3.0,4.0,4.0,3.0,2.0,4.0,3.0,3.0,1.0,5.0,4.0,2.0,5.0,1.0,4.0,5.0,4.0,5.0,1,3,7,2,4,7,6,1,6,4,1,1,0,1,1,1,0,0,0,1,0,0,1,1,1,1,3,1,1,1,34,1,4,1,50,1,1,2
5166,4.0,2.0,5.0,1.0,4.0,3.0,2.0,5.0,5.0,4.0,1.0,5.0,4.0,1.0,1.0,4.0,1.0,1.0,1.0,3.0,7,5,7,5,7,2,5,1,5,1,1,1,0,1,1,0,0,0,0,1,0,0,0,0,1,1,3,2,2,1,19,1,7,1,30,2,1,3
5167,1.0,1.0,1.0,5.0,1.0,4.0,5.0,5.0,5.0,5.0,2.0,1.0,1.0,1.0,1.0,5.0,4.0,1.0,5.0,1.0,5,3,6,6,5,5,4,3,2,1,1,1,0,1,1,0,0,0,0,1,0,0,1,1,1,1,3,3,2,1,31,1,1,1,60,2,1,2
5168,1.0,3.0,5.0,5.0,2.0,5.0,4.0,2.0,5.0,5.0,4.0,1.0,1.0,5.0,3.0,4.0,2.0,4.0,1.0,1.0,5,3,6,2,7,6,6,4,7,5,1,1,0,1,1,0,0,0,0,1,0,0,1,0,1,1,3,3,1,1,35,3,12,1,30,1,1,2
5169,4.0,5.0,1.0,1.0,4.0,1.0,1.0,4.0,2.0,1.0,1.0,5.0,3.0,1.0,5.0,1.0,1.0,4.0,5.0,5.0,6,7,6,6,7,4,5,2,6,2,1,1,0,1,1,0,0,1,1,1,0,0,1,1,1,1,3,3,1,1,21,1,2,1,60,2,1,5
5170,2.0,4.0,4.0,3.0,3.0,4.0,2.0,2.0,5.0,5.0,1.0,2.0,2.0,3.0,4.0,3.0,3.0,2.0,5.0,2.0,3,6,4,3,3,3,5,2,5,1,1,1,0,1,1,0,0,0,0,1,0,0,1,0,1,1,3,1,2,2,39,1,1,1,60,2,2,2
5171,1.0,3.0,4.0,2.0,4.0,4.0,2.0,1.0,5.0,3.0,2.0,4.0,4.0,1.0,4.0,5.0,4.0,4.0,4.0,1.0,7,5,6,4,7,1,3,4,3,2,1,1,0,1,1,0,0,0,0,1,0,0,1,1,1,1,2,2,2,1,23,1,7,1,30,1,1,2
5172,4.0,2.0,5.0,2.0,4.0,2.0,1.0,4.0,5.0,2.0,3.0,5.0,4.0,1.0,5.0,1.0,2.0,4.0,5.0,4.0,3,2,7,5,5,3,7,2,6,1,1,1,0,1,1,0,1,1,0,1,0,0,1,1,1,1,2,2,2,1,21,1,6,1,10,2,1,2
5173,5.0,1.0,4.0,4.0,3.0,5.0,2.0,4.0,5.0,5.0,4.0,4.0,2.0,3.0,1.0,4.0,5.0,1.0,1.0,1.0,5,1,6,1,6,6,6,2,6,2,1,1,0,1,1,0,0,0,0,1,0,0,1,1,1,1,3,3,2,1,50,1,12,1,30,1,1,3
5174,2.0,5.0,3.0,2.0,2.0,2.0,4.0,4.0,4.0,3.0,1.0,1.0,4.0,1.0,4.0,2.0,2.0,4.0,5.0,3.0,4,2,3,5,7,5,6,6,6,1,1,1,1,1,1,0,0,1,0,1,0,0,1,1,1,1,2,3,1,2,23,1,2,2,60,2,1,3
5175,5.0,4.0,1.0,3.0,5.0,1.0,2.0,4.0,5.0,1.0,1.0,4.0,4.0,2.0,3.0,1.0,4.0,4.0,5.0,1.0,5,6,5,6,5,3,6,6,2,2,1,1,0,1,1,0,0,1,0,1,0,0,1,1,1,1,3,2,2,1,31,1,1,1,60,2,1,2
5176,5.0,5.0,3.0,5.0,2.0,1.0,1.0,2.0,3.0,1.0,3.0,5.0,3.0,2.0,4.0,2.0,1.0,4.0,5.0,1.0,1,5,7,6,5,5,6,5,7,2,1,1,0,1,1,0,0,0,0,1,0,0,1,1,1,1,3,2,2,1,24,1,4,2,60,1,1,3
5177,2.0,1.0,2.0,2.0,2.0,2.0,2.0,1.0,3.0,4.0,1.0,2.0,2.0,4.0,3.0,2.0,4.0,4.0,4.0,2.0,6,5,7,5,6,5,3,1,6,1,1,1,1,1,1,0,0,1,0,1,1,1,1,1,0,1,3,3,2,1,32,1,0,1,0,1,2,3
5178,5.0,5.0,4.0,4.0,4.0,4.0,4.0,1.0,4.0,4.0,1.0,3.0,1.0,3.0,4.0,4.0,2.0,3.0,5.0,1.0,6,5,7,2,7,2,7,1,7,1,1,1,1,1,1,0,0,1,0,1,1,0,1,1,0,1,3,2,2,1,70,1,12,1,60,1,2,3
5179,1.0,3.0,5.0,3.0,2.0,1.0,2.0,2.0,3.0,5.0,2.0,2.0,1.0,2.0,3.0,3.0,3.0,3.0,4.0,1.0,3,6,6,2,6,6,3,4,7,1,1,1,0,1,1,0,0,0,0,1,0,0,1,1,1,1,3,2,1,2,31,1,2,1,60,1,1,2
5180,3.0,5.0,4.0,1.0,4.0,3.0,1.0,1.0,4.0,5.0,1.0,3.0,3.0,1.0,1.0,1.0,3.0,5.0,4.0,2.0,1,6,3,5,6,5,5,5,3,3,1,1,0,1,1,0,1,1,0,1,1,1,0,1,1,1,3,3,2,2,25,1,1,1,60,2,1,3
5181,3.0,4.0,4.0,2.0,4.0,2.0,1.0,2.0,4.0,2.0,2.0,5.0,4.0,1.0,4.0,1.0,1.0,2.0,5.0,2.0,2,6,3,1,7,2,6,3,3,2,1,1,1,1,1,0,1,1,0,1,1,0,1,1,1,1,3,3,1,1,20,2,2,1,60,1,1,2
5182,2.0,3.0,1.0,1.0,5.0,3.0,1.0,3.0,3.0,2.0,1.0,5.0,5.0,1.0,5.0,2.0,1.0,5.0,5.0,4.0,4,1,6,1,7,4,6,4,7,1,1,1,1,1,1,0,1,1,0,1,0,0,1,1,1,1,4,3,1,2,55,1,6,1,60,1,2,2
5183,3.0,1.0,4.0,1.0,4.0,2.0,1.0,2.0,3.0,4.0,1.0,5.0,2.0,1.0,2.0,5.0,2.0,4.0,5.0,2.0,1,5,3,6,2,4,1,1,4,2,1,1,1,1,1,0,1,0,1,1,0,0,1,1,1,1,2,3,2,2,19,1,6,1,30,1,1,4
5184,5.0,4.0,2.0,1.0,5.0,1.0,2.0,4.0,4.0,1.0,1.0,5.0,5.0,1.0,4.0,1.0,5.0,5.0,5.0,5.0,6,6,7,3,7,1,5,1,6,2,1,1,0,1,0,0,0,0,0,1,0,0,0,0,1,1,3,3,1,2,49,1,2,3,60,2,1,3
5185,1.0,2.0,2.0,2.0,1.0,5.0,4.0,1.0,5.0,5.0,4.0,1.0,1.0,4.0,2.0,4.0,1.0,1.0,5.0,1.0,7,5,5,6,7,1,7,5,5,1,1,1,0,1,1,0,0,0,0,1,0,0,0,0,1,1,3,2,2,1,22,1,7,1,30,1,1,5
5186,2.0,4.0,4.0,4.0,2.0,2.0,1.0,1.0,5.0,5.0,1.0,1.0,5.0,1.0,1.0,4.0,1.0,1.0,5.0,3.0,1,7,1,7,6,1,7,7,1,2,1,1,1,1,1,1,1,1,0,1,1,0,1,1,1,1,2,3,2,0,45,1,2,1,60,1,3,1
5187,2.0,2.0,5.0,2.0,4.0,3.0,5.0,2.0,5.0,2.0,1.0,5.0,5.0,1.0,5.0,2.0,3.0,5.0,5.0,4.0,6,7,5,7,6,2,7,3,5,1,0,1,0,0,0,0,0,1,0,1,0,0,0,1,1,1,4,3,2,2,27,1,12,1,20,2,1,1
5188,1.0,1.0,2.0,3.0,4.0,5.0,4.0,1.0,5.0,4.0,1.0,4.0,2.0,2.0,4.0,1.0,3.0,2.0,5.0,1.0,2,2,7,5,5,5,6,2,5,2,1,0,0,1,0,0,0,0,0,1,0,0,0,0,1,1,3,3,2,1,26,1,2,1,60,2,1,3
5189,4.0,4.0,2.0,4.0,5.0,1.0,1.0,4.0,4.0,2.0,3.0,4.0,2.0,1.0,4.0,2.0,2.0,4.0,3.0,4.0,6,4,5,5,7,4,5,4,5,5,1,1,1,1,1,0,0,0,0,1,0,0,1,1,1,1,2,1,1,1,21,2,5,1,0,1,1,4
5190,3.0,4.0,2.0,2.0,3.0,3.0,2.0,4.0,3.0,2.0,2.0,1.0,3.0,2.0,5.0,2.0,2.0,4.0,5.0,1.0,5,5,5,7,4,3,6,2,3,4,1,1,0,1,1,0,0,0,0,1,0,0,1,1,1,1,2,3,2,1,20,1,4,1,60,1,2,1
5191,4.0,3.0,4.0,4.0,5.0,5.0,5.0,2.0,5.0,4.0,2.0,4.0,2.0,1.0,3.0,3.0,1.0,1.0,5.0,1.0,6,6,6,1,7,1,4,3,6,1,1,1,0,1,1,0,0,0,0,1,0,0,0,1,1,1,3,1,1,1,36,1,4,1,60,1,3,3
5192,1.0,4.0,3.0,5.0,5.0,4.0,1.0,4.0,5.0,4.0,1.0,1.0,4.0,5.0,4.0,3.0,1.0,1.0,5.0,5.0,6,1,7,5,5,4,7,2,7,1,1,1,1,1,1,1,1,0,1,1,0,1,1,1,1,1,2,1,1,1,18,1,7,1,30,2,1,2
5193,1.0,1.0,2.0,5.0,3.0,3.0,5.0,1.0,5.0,5.0,1.0,1.0,2.0,4.0,5.0,4.0,4.0,2.0,5.0,1.0,7,3,7,2,7,2,6,6,6,3,1,1,0,1,1,0,0,1,1,1,0,0,1,1,1,1,3,2,2,1,20,2,7,2,60,1,1,3
5194,2.0,4.0,4.0,4.0,2.0,4.0,2.0,3.0,5.0,4.0,1.0,4.0,1.0,3.0,3.0,1.0,4.0,1.0,5.0,3.0,4,1,6,1,6,5,6,4,7,4,1,1,0,1,1,0,0,0,0,1,0,0,1,1,1,1,3,1,1,1,47,1,12,1,70,1,3,2
5195,4.0,5.0,2.0,4.0,4.0,2.0,2.0,5.0,3.0,5.0,1.0,5.0,5.0,1.0,4.0,1.0,2.0,5.0,5.0,3.0,5,5,7,5,7,5,6,1,3,5,1,1,1,1,1,0,0,1,0,1,0,0,1,1,1,1,4,3,2,2,28,1,2,1,60,2,1,1
5196,5.0,5.0,2.0,3.0,5.0,1.0,1.0,4.0,3.0,1.0,1.0,4.0,5.0,1.0,5.0,1.0,1.0,4.0,5.0,3.0,5,7,6,6,7,5,5,3,4,1,1,1,0,1,1,0,0,0,0,1,0,0,1,1,1,1,1,3,1,1,17,3,1,1,60,2,1,1
5197,4.0,5.0,2.0,2.0,1.0,1.0,1.0,2.0,2.0,1.0,2.0,3.0,4.0,1.0,5.0,4.0,2.0,4.0,4.0,1.0,3,5,3,2,5,6,1,3,5,2,1,1,0,1,1,0,0,0,0,1,0,0,1,1,1,1,2,3,1,1,17,1,1,1,60,2,1,2
5198,5.0,1.0,2.0,4.0,2.0,2.0,1.0,2.0,5.0,1.0,1.0,1.0,1.0,4.0,1.0,4.0,4.0,4.0,1.0,1.0,2,1,6,1,3,5,7,2,7,2,1,1,1,1,1,0,1,0,0,1,0,0,1,1,1,1,3,1,2,1,41,1,4,5,70,1,2,10
5199,5.0,5.0,5.0,2.0,5.0,1.0,1.0,5.0,5.0,2.0,1.0,5.0,5.0,3.0,5.0,5.0,3.0,1.0,5.0,5.0,6,7,5,7,7,7,3,6,1,4,1,1,0,1,1,1,0,0,0,1,0,0,1,1,1,1,2,1,1,2,21,2,4,4,50,1,1,4
5200,2.0,1.0,5.0,2.0,2.0,4.0,2.0,4.0,5.0,4.0,1.0,4.0,1.0,1.0,1.0,2.0,4.0,2.0,4.0,1.0,1,6,6,6,6,5,5,5,6,1,1,1,0,1,1,0,0,1,0,1,1,0,0,1,1,1,4,2,2,1,30,1,1,1,60,1,2,1
5201,1.0,2.0,5.0,3.0,4.0,4.0,5.0,1.0,5.0,5.0,3.0,3.0,1.0,1.0,2.0,1.0,2.0,5.0,5.0,3.0,1,3,6,5,7,5,1,2,5,2,1,1,0,0,0,0,0,0,0,1,0,1,1,1,1,1,3,1,1,2,32,1,2,1,60,1,1,2
5202,4.0,5.0,3.0,2.0,5.0,2.0,2.0,5.0,2.0,2.0,4.0,5.0,3.0,1.0,4.0,2.0,4.0,2.0,5.0,2.0,6,5,6,2,7,2,6,1,6,1,1,1,1,1,1,0,0,1,0,1,0,0,1,1,1,1,3,1,2,2,60,1,12,1,60,1,3,1
5203,5.0,2.0,2.0,1.0,5.0,2.0,2.0,5.0,4.0,4.0,4.0,5.0,5.0,1.0,1.0,1.0,1.0,2.0,4.0,5.0,2,1,5,2,7,6,4,5,3,2,1,1,0,1,1,0,0,1,0,1,0,0,1,1,1,1,3,3,1,2,25,1,2,4,10,2,1,2
5204,4.0,4.0,2.0,4.0,4.0,1.0,1.0,2.0,2.0,2.0,2.0,3.0,5.0,1.0,3.0,1.0,1.0,4.0,5.0,4.0,6,4,6,1,7,2,4,4,5,1,1,1,1,1,1,0,1,1,0,1,1,1,1,1,1,1,4,3,1,1,43,1,3,1,60,1,2,2
5205,4.0,4.0,2.0,3.0,1.0,2.0,2.0,3.0,4.0,1.0,1.0,4.0,4.0,2.0,5.0,2.0,2.0,1.0,5.0,4.0,2,5,2,6,6,3,6,4,2,1,1,1,0,1,1,1,0,1,0,1,0,0,1,1,1,1,3,3,1,1,19,1,2,2,60,1,1,2
5206,5.0,5.0,1.0,2.0,5.0,1.0,1.0,5.0,2.0,1.0,1.0,5.0,5.0,2.0,5.0,1.0,1.0,1.0,5.0,5.0,6,6,5,5,7,7,1,1,3,1,1,1,0,1,1,0,0,0,0,1,0,0,1,1,1,1,3,3,2,1,23,1,2,2,60,1,1,3
5207,4.0,1.0,5.0,4.0,4.0,5.0,5.0,4.0,5.0,5.0,1.0,5.0,1.0,2.0,1.0,5.0,5.0,1.0,1.0,3.0,6,1,7,1,7,3,7,1,7,1,1,1,1,1,1,0,1,1,0,1,0,0,1,1,1,1,4,2,2,2,41,0,6,1,30,2,2,4
5208,5.0,5.0,1.0,1.0,5.0,1.0,1.0,4.0,1.0,1.0,1.0,5.0,5.0,1.0,5.0,1.0,5.0,4.0,5.0,5.0,2,7,7,5,7,7,1,1,7,2,1,1,1,1,1,0,0,0,0,1,0,0,1,1,1,1,3,3,1,1,23,1,7,1,30,2,1,4
5209,2.0,4.0,4.0,3.0,4.0,2.0,2.0,4.0,5.0,5.0,2.0,5.0,4.0,2.0,4.0,2.0,2.0,4.0,5.0,3.0,1,5,5,5,2,6,2,1,5,5,1,1,0,1,1,0,0,1,0,1,0,0,1,1,1,1,4,3,1,2,31,1,2,1,30,2,1,4
5210,5.0,5.0,5.0,4.0,1.0,5.0,5.0,5.0,5.0,5.0,1.0,5.0,1.0,1.0,1.0,1.0,5.0,5.0,1.0,1.0,6,1,4,4,7,1,7,1,1,1,0,1,0,1,1,1,0,1,1,1,0,0,1,1,0,1,3,3,1,1,54,0,7,1,60,1,2,2
5211,4.0,4.0,5.0,3.0,4.0,5.0,5.0,2.0,5.0,4.0,1.0,5.0,1.0,3.0,1.0,4.0,1.0,1.0,5.0,1.0,2,5,6,3,3,6,6,2,5,3,1,0,0,1,0,0,0,0,0,1,0,0,0,0,1,1,4,3,1,2,42,1,4,1,70,2,2,3
5212,3.0,1.0,5.0,3.0,2.0,5.0,5.0,4.0,5.0,5.0,1.0,4.0,2.0,5.0,3.0,5.0,2.0,1.0,2.0,1.0,0,0,0,0,5,0,0,0,0,0,1,1,1,1,1,0,0,0,0,1,1,0,1,1,1,1,3,1,2,1,62,2,6,1,60,1,3,3
5213,5.0,5.0,5.0,3.0,5.0,3.0,5.0,3.0,5.0,5.0,1.0,5.0,5.0,1.0,3.0,4.0,3.0,5.0,4.0,5.0,6,7,7,2,6,5,6,1,6,1,1,1,0,1,1,1,0,0,0,1,0,0,0,0,1,1,2,3,1,2,23,3,7,1,30,1,1,5
5214,3.0,2.0,1.0,3.0,4.0,2.0,1.0,2.0,5.0,4.0,1.0,5.0,2.0,2.0,2.0,1.0,3.0,3.0,5.0,3.0,2,7,7,6,5,5,2,6,1,1,1,1,1,1,1,0,0,1,0,1,0,0,1,1,1,1,0,1,1,2,35,1,2,1,60,2,1,2
5215,4.0,5.0,1.0,1.0,5.0,1.0,1.0,4.0,1.0,2.0,1.0,5.0,3.0,1.0,4.0,1.0,2.0,5.0,5.0,2.0,6,5,5,5,6,4,4,2,3,2,1,1,0,1,1,0,0,0,0,1,0,0,1,1,1,1,3,3,1,2,25,1,2,1,70,2,1,3
5216,4.0,4.0,1.0,3.0,4.0,1.0,1.0,2.0,3.0,4.0,1.0,5.0,1.0,1.0,3.0,1.0,2.0,4.0,5.0,3.0,1,6,2,5,6,7,6,6,2,2,1,1,0,1,1,0,1,1,0,1,0,0,1,1,1,1,4,3,1,2,25,1,1,1,60,2,1,2
5217,5.0,2.0,5.0,2.0,4.0,5.0,2.0,4.0,5.0,4.0,2.0,5.0,3.0,1.0,2.0,1.0,2.0,5.0,2.0,1.0,1,7,6,1,7,7,3,5,7,2,1,1,1,1,1,0,0,1,0,1,0,0,1,1,1,1,2,2,2,1,19,1,7,1,10,2,1,8
5218,2.0,4.0,4.0,5.0,4.0,4.0,2.0,2.0,5.0,3.0,4.0,3.0,1.0,4.0,3.0,4.0,3.0,2.0,4.0,1.0,6,5,6,5,7,5,7,2,5,3,1,1,1,1,1,0,0,1,0,1,0,0,1,1,1,1,2,2,2,1,19,1,6,1,60,1,1,2
5219,2.0,4.0,4.0,3.0,2.0,5.0,2.0,4.0,4.0,4.0,2.0,2.0,1.0,2.0,4.0,2.0,1.0,4.0,5.0,1.0,3,5,2,6,6,7,6,6,3,3,1,1,0,1,1,0,0,1,0,1,0,0,1,1,1,1,2,3,1,1,23,1,1,3,30,1,1,3
5220,2.0,2.0,2.0,3.0,2.0,3.0,2.0,2.0,4.0,3.0,2.0,4.0,1.0,3.0,4.0,3.0,2.0,4.0,3.0,1.0,5,2,6,3,5,4,7,5,6,5,0,0,0,0,0,0,0,0,0,0,0,0,0,0,0,0,3,2,2,0,57,1,4,1,60,2,2,2
5221,1.0,4.0,3.0,4.0,5.0,1.0,1.0,3.0,4.0,2.0,1.0,1.0,3.0,1.0,4.0,1.0,1.0,4.0,5.0,2.0,3,6,5,5,5,5,5,5,4,2,1,1,1,1,1,0,1,1,0,1,1,0,1,1,1,1,3,2,1,1,31,1,1,1,60,2,1,4
5222,2.0,1.0,2.0,4.0,3.0,4.0,2.0,2.0,5.0,2.0,2.0,4.0,1.0,3.0,2.0,5.0,2.0,2.0,5.0,1.0,5,5,7,2,6,1,4,1,5,4,1,1,0,1,1,0,0,0,0,1,0,0,1,1,1,1,3,2,1,1,44,1,6,1,60,1,2,2
5223,5.0,4.0,4.0,2.0,2.0,4.0,2.0,4.0,2.0,4.0,1.0,4.0,4.0,2.0,2.0,1.0,1.0,4.0,5.0,2.0,6,4,7,2,7,5,3,1,6,2,1,1,1,1,1,0,1,0,0,1,1,1,1,1,1,1,4,2,1,1,44,3,1,1,60,1,1,2
5224,2.0,4.0,2.0,2.0,4.0,2.0,2.0,1.0,4.0,4.0,2.0,4.0,4.0,2.0,3.0,2.0,4.0,4.0,4.0,2.0,2,5,5,2,6,7,3,5,5,1,1,1,0,1,1,0,0,0,0,1,0,0,1,1,1,1,3,1,1,1,41,3,2,1,60,2,1,4
5225,5.0,2.0,5.0,2.0,5.0,3.0,2.0,4.0,5.0,5.0,1.0,5.0,4.0,1.0,1.0,2.0,1.0,5.0,4.0,5.0,1,1,5,5,5,5,5,5,3,5,1,1,0,1,1,0,1,0,0,1,0,0,0,1,1,1,4,1,1,2,42,1,6,1,10,2,2,3
5226,5.0,4.0,3.0,2.0,5.0,2.0,1.0,4.0,4.0,1.0,1.0,4.0,5.0,1.0,4.0,2.0,1.0,5.0,5.0,4.0,2,3,6,2,5,6,1,2,5,2,1,1,0,1,1,0,0,0,0,1,0,0,1,1,1,1,2,3,1,1,45,1,7,1,60,2,2,2
5227,1.0,1.0,5.0,5.0,1.0,5.0,5.0,1.0,5.0,5.0,3.0,1.0,2.0,4.0,1.0,5.0,1.0,1.0,5.0,1.0,6,1,7,1,7,4,7,1,7,1,1,1,1,1,1,1,1,1,1,1,1,1,1,1,1,1,3,1,1,1,42,3,7,1,60,1,3,1
5228,5.0,5.0,1.0,1.0,5.0,1.0,1.0,5.0,1.0,1.0,1.0,5.0,5.0,3.0,5.0,1.0,1.0,5.0,5.0,1.0,2,7,5,3,2,3,2,1,3,6,1,1,0,1,1,0,0,0,0,1,0,0,1,1,1,1,3,2,1,1,24,1,1,1,60,2,1,2
5229,5.0,5.0,5.0,2.0,5.0,1.0,1.0,5.0,1.0,1.0,1.0,5.0,5.0,1.0,5.0,1.0,1.0,3.0,5.0,5.0,4,7,7,7,5,1,1,1,6,1,1,1,0,1,1,1,0,1,0,1,1,0,1,1,1,1,3,3,2,2,23,1,2,1,60,1,1,2
5230,5.0,4.0,2.0,5.0,5.0,5.0,5.0,4.0,5.0,5.0,1.0,5.0,1.0,5.0,2.0,2.0,1.0,2.0,5.0,1.0,7,3,1,7,6,2,5,7,2,1,1,1,0,1,1,0,1,0,0,1,0,0,1,1,1,1,4,3,2,2,26,1,8,1,10,1,1,1
5231,5.0,5.0,1.0,1.0,5.0,1.0,1.0,4.0,2.0,1.0,1.0,5.0,5.0,1.0,5.0,4.0,1.0,5.0,5.0,4.0,6,6,7,2,1,6,1,2,6,6,1,1,0,1,1,0,1,0,0,1,0,0,1,1,1,1,2,2,1,1,20,1,2,1,60,1,1,1
5232,5.0,1.0,1.0,3.0,4.0,3.0,1.0,3.0,3.0,2.0,1.0,5.0,5.0,3.0,5.0,4.0,1.0,4.0,5.0,3.0,1,5,7,1,6,7,5,6,7,2,1,1,1,1,1,0,1,1,0,1,1,0,1,1,1,1,4,3,1,2,30,1,2,1,70,1,1,4
5233,2.0,4.0,2.0,4.0,4.0,4.0,2.0,4.0,3.0,2.0,2.0,5.0,4.0,2.0,4.0,2.0,1.0,4.0,5.0,1.0,6,2,3,1,6,5,6,5,6,3,1,1,1,1,1,0,1,1,0,1,1,0,1,1,1,1,3,2,2,1,33,1,1,1,60,1,1,2
5234,2.0,2.0,2.0,2.0,4.0,2.0,2.0,4.0,2.0,4.0,1.0,4.0,4.0,2.0,2.0,4.0,2.0,4.0,5.0,2.0,6,5,6,3,5,5,3,3,6,3,0,0,0,0,1,0,0,0,0,0,0,0,0,1,0,1,4,2,1,1,34,1,1,1,60,1,2,3
5235,5.0,4.0,1.0,1.0,5.0,1.0,1.0,4.0,1.0,2.0,1.0,5.0,5.0,1.0,2.0,1.0,1.0,5.0,5.0,4.0,1,7,7,4,6,5,2,1,7,1,1,1,1,1,1,0,0,1,0,1,0,0,1,1,1,1,2,3,1,2,20,1,2,1,60,1,1,2
5236,4.0,3.0,4.0,4.0,4.0,4.0,4.0,4.0,4.0,4.0,2.0,4.0,4.0,2.0,4.0,4.0,1.0,2.0,4.0,3.0,7,7,5,6,7,1,5,4,4,1,1,1,1,1,1,0,1,1,0,1,1,0,1,1,1,1,4,1,1,1,46,1,12,1,60,1,3,2
5237,4.0,2.0,5.0,5.0,4.0,5.0,4.0,2.0,5.0,4.0,1.0,2.0,2.0,2.0,4.0,4.0,2.0,2.0,5.0,3.0,6,5,5,2,6,7,6,1,6,2,1,1,0,1,1,0,0,0,0,1,0,0,1,1,1,1,3,3,1,2,31,1,4,1,70,0,1,2
5238,4.0,1.0,1.0,2.0,5.0,4.0,1.0,2.0,5.0,5.0,1.0,5.0,1.0,2.0,4.0,5.0,3.0,2.0,5.0,3.0,6,7,7,2,5,6,5,1,7,2,0,1,0,1,1,0,0,1,0,1,0,0,1,1,1,1,3,3,1,1,21,2,9,1,60,1,1,1
5239,3.0,2.0,5.0,4.0,2.0,3.0,4.0,4.0,4.0,4.0,3.0,1.0,3.0,5.0,1.0,4.0,2.0,3.0,3.0,1.0,3,5,2,7,5,6,6,6,3,2,1,1,0,1,1,0,0,0,0,1,0,0,0,1,1,1,1,2,2,1,14,1,2,2,70,2,1,2
5240,4.0,2.0,2.0,3.0,5.0,1.0,2.0,2.0,2.0,2.0,1.0,5.0,4.0,1.0,4.0,1.0,1.0,5.0,5.0,1.0,1,6,3,3,5,7,4,3,3,4,1,1,1,1,1,0,0,0,0,1,0,0,1,1,1,1,3,2,1,1,33,1,1,1,60,2,1,2
5241,4.0,5.0,2.0,2.0,5.0,1.0,5.0,5.0,1.0,3.0,1.0,5.0,5.0,1.0,5.0,2.0,1.0,5.0,5.0,5.0,6,7,5,5,7,4,1,7,1,2,1,1,0,1,0,0,0,0,0,1,0,1,0,1,1,1,1,3,2,2,16,1,2,1,60,2,1,2
5242,1.0,1.0,3.0,1.0,1.0,5.0,5.0,2.0,5.0,5.0,3.0,5.0,5.0,2.0,4.0,5.0,2.0,5.0,3.0,1.0,6,7,7,3,6,5,2,1,4,3,1,0,0,1,1,0,0,0,0,1,0,0,0,0,1,1,2,1,2,1,18,1,7,1,70,2,1,3
5243,3.0,4.0,5.0,4.0,4.0,3.0,4.0,2.0,5.0,2.0,5.0,5.0,5.0,4.0,4.0,1.0,1.0,4.0,1.0,5.0,3,1,7,5,4,5,6,1,6,4,1,1,1,1,1,0,1,1,0,1,1,0,1,1,1,1,3,3,2,1,50,1,4,1,60,2,2,3
5244,4.0,4.0,1.0,2.0,5.0,1.0,1.0,4.0,1.0,2.0,1.0,5.0,5.0,1.0,3.0,1.0,1.0,5.0,5.0,1.0,1,6,4,3,4,7,2,1,3,5,1,1,0,1,1,0,0,1,0,1,0,0,1,1,1,1,4,2,1,2,26,1,12,1,60,2,1,2
5245,5.0,4.0,1.0,1.0,5.0,1.0,1.0,4.0,1.0,1.0,1.0,5.0,1.0,1.0,5.0,1.0,5.0,5.0,5.0,3.0,7,7,7,1,7,1,5,1,6,3,1,1,1,1,1,0,0,0,0,1,0,1,1,1,1,1,2,3,1,1,25,1,7,1,70,2,1,3
5246,4.0,3.0,1.0,2.0,4.0,1.0,1.0,2.0,3.0,2.0,1.0,4.0,2.0,1.0,2.0,2.0,2.0,5.0,5.0,2.0,6,3,6,2,7,2,6,2,3,5,1,1,1,1,1,0,0,0,0,1,0,0,1,1,1,1,3,2,2,1,34,1,9,1,60,1,2,2
5247,4.0,4.0,3.0,1.0,4.0,2.0,2.0,4.0,4.0,2.0,1.0,5.0,1.0,3.0,3.0,1.0,3.0,1.0,4.0,4.0,2,6,2,6,1,7,6,6,5,7,1,1,1,1,1,0,0,1,0,1,0,0,1,1,1,1,3,1,1,2,22,2,6,1,60,1,1,1
5248,1.0,1.0,5.0,4.0,2.0,4.0,2.0,2.0,5.0,2.0,1.0,4.0,1.0,2.0,1.0,5.0,5.0,5.0,5.0,3.0,1,2,6,5,6,7,7,3,5,1,1,0,0,1,1,0,0,0,0,1,0,0,0,0,1,1,4,2,1,1,27,1,4,1,10,2,1,2
5249,2.0,5.0,2.0,4.0,2.0,3.0,1.0,4.0,5.0,4.0,1.0,4.0,1.0,4.0,3.0,1.0,1.0,4.0,5.0,4.0,4,1,6,1,7,4,7,4,7,2,1,1,1,1,1,0,0,1,0,1,0,0,1,1,1,1,0,2,1,1,55,1,7,1,60,1,2,5
5250,5.0,5.0,2.0,4.0,3.0,2.0,1.0,4.0,3.0,1.0,3.0,4.0,5.0,1.0,5.0,2.0,4.0,4.0,5.0,1.0,7,6,3,4,7,2,2,6,4,4,1,1,0,1,1,0,0,1,0,1,0,0,1,1,1,1,3,1,1,1,22,1,6,1,60,1,1,2
5251,5.0,3.0,2.0,3.0,5.0,5.0,2.0,3.0,5.0,4.0,4.0,1.0,3.0,3.0,3.0,4.0,5.0,3.0,3.0,2.0,6,7,2,2,7,2,6,3,5,2,1,1,1,1,1,0,0,1,0,1,0,0,1,1,1,1,3,2,1,2,24,1,4,1,60,1,1,4
5252,5.0,1.0,3.0,2.0,4.0,4.0,1.0,5.0,1.0,3.0,1.0,5.0,5.0,3.0,3.0,1.0,1.0,4.0,3.0,1.0,5,7,5,7,4,6,2,5,2,3,1,1,0,1,1,0,0,0,0,1,0,0,1,1,1,1,3,3,2,2,21,1,4,1,70,2,1,1
5253,3.0,5.0,1.0,1.0,5.0,1.0,1.0,5.0,3.0,2.0,1.0,4.0,5.0,3.0,5.0,2.0,1.0,5.0,5.0,5.0,6,2,7,1,7,1,7,6,7,1,1,1,0,1,1,0,0,0,0,1,0,0,1,1,1,1,1,3,1,1,42,1,12,3,0,1,3,0
5254,1.0,2.0,4.0,3.0,1.0,5.0,3.0,4.0,5.0,2.0,2.0,4.0,1.0,2.0,1.0,5.0,2.0,1.0,3.0,1.0,6,1,7,5,6,2,6,1,6,2,1,1,1,1,1,0,1,1,1,1,0,1,1,1,1,1,4,3,2,1,62,3,6,1,0,1,2,3
5255,4.0,3.0,3.0,5.0,4.0,2.0,1.0,5.0,5.0,2.0,1.0,4.0,5.0,3.0,5.0,3.0,3.0,3.0,5.0,1.0,7,5,7,4,6,3,5,1,6,2,1,1,1,1,1,0,0,0,0,1,0,0,1,1,1,1,3,2,2,1,25,1,4,1,70,1,1,1
5256,3.0,2.0,4.0,4.0,2.0,4.0,4.0,1.0,5.0,5.0,3.0,2.0,1.0,3.0,3.0,2.0,2.0,3.0,4.0,1.0,6,2,7,3,6,6,6,3,6,4,1,1,0,1,1,1,0,0,0,1,0,0,1,1,1,1,3,2,2,1,21,1,7,2,60,2,1,2
5257,1.0,2.0,4.0,5.0,2.0,2.0,4.0,1.0,5.0,5.0,2.0,4.0,1.0,4.0,4.0,3.0,2.0,2.0,2.0,1.0,5,1,7,5,6,5,7,1,6,1,1,1,0,1,1,0,1,1,0,1,0,1,1,1,1,1,4,1,2,1,23,1,2,1,60,1,1,3
5258,5.0,5.0,3.0,1.0,5.0,2.0,1.0,5.0,2.0,1.0,1.0,5.0,3.0,1.0,4.0,1.0,1.0,4.0,5.0,3.0,2,3,2,3,5,4,2,7,4,4,1,1,0,1,1,0,0,0,0,1,0,0,1,1,1,1,2,2,1,1,20,1,1,1,70,1,1,1
5259,1.0,4.0,3.0,1.0,4.0,3.0,2.0,5.0,5.0,3.0,1.0,3.0,5.0,2.0,3.0,2.0,2.0,5.0,4.0,2.0,4,0,0,0,0,0,0,0,0,0,1,1,0,1,1,0,0,0,0,1,0,0,1,1,1,1,3,2,1,1,30,1,0,1,0,2,1,6
5260,5.0,5.0,3.0,3.0,5.0,1.0,1.0,1.0,1.0,1.0,1.0,5.0,5.0,1.0,5.0,5.0,3.0,5.0,5.0,5.0,2,4,7,5,7,5,6,5,5,1,1,1,0,1,1,0,0,0,0,1,0,0,1,1,1,1,2,3,1,2,21,1,7,1,20,1,1,2
5261,5.0,3.0,2.0,2.0,4.0,1.0,1.0,4.0,1.0,2.0,2.0,5.0,2.0,2.0,3.0,1.0,1.0,5.0,5.0,4.0,7,6,5,2,7,2,3,3,6,2,1,1,1,1,1,0,1,0,0,1,0,0,1,1,1,1,3,2,1,1,59,1,1,1,30,1,3,5
5262,1.0,4.0,5.0,5.0,1.0,4.0,1.0,1.0,5.0,5.0,4.0,1.0,3.0,5.0,4.0,5.0,1.0,4.0,4.0,1.0,4,5,6,6,6,6,7,6,5,1,1,1,0,1,1,0,0,1,0,1,0,0,1,1,1,1,3,3,2,1,21,1,12,1,60,1,1,3
5263,1.0,1.0,4.0,4.0,2.0,4.0,3.0,1.0,5.0,3.0,3.0,1.0,2.0,3.0,1.0,5.0,2.0,1.0,5.0,1.0,2,4,5,3,5,5,5,4,5,3,1,1,1,1,1,1,0,1,0,1,0,1,0,1,1,1,3,1,1,1,20,1,8,1,70,2,1,4
5264,2.0,4.0,5.0,5.0,1.0,4.0,2.0,1.0,5.0,4.0,4.0,1.0,1.0,5.0,1.0,4.0,4.0,2.0,5.0,1.0,2,5,2,7,3,7,3,2,2,6,1,1,0,1,1,0,0,0,0,1,0,0,1,1,1,1,3,2,1,1,24,1,1,1,10,1,1,4
5265,5.0,5.0,5.0,1.0,5.0,1.0,1.0,5.0,5.0,5.0,1.0,5.0,5.0,1.0,5.0,1.0,1.0,5.0,5.0,1.0,1,7,7,7,7,7,1,1,7,1,1,1,0,1,0,0,0,0,0,1,0,0,1,1,1,0,3,2,1,1,31,1,12,5,70,1,1,2
5266,2.0,1.0,5.0,4.0,1.0,4.0,5.0,3.0,5.0,4.0,4.0,3.0,3.0,4.0,3.0,4.0,3.0,2.0,5.0,2.0,6,7,7,2,7,6,4,1,6,1,1,1,0,1,1,0,0,0,0,1,0,0,1,1,1,1,2,2,1,1,27,1,1,1,60,1,1,2
5267,2.0,1.0,3.0,3.0,1.0,2.0,2.0,3.0,5.0,4.0,2.0,2.0,1.0,2.0,3.0,1.0,1.0,4.0,5.0,1.0,6,6,6,7,7,5,6,6,6,2,1,1,0,1,1,0,0,0,0,1,0,0,0,1,1,1,2,2,2,2,19,1,1,2,70,2,1,4
5268,2.0,2.0,4.0,5.0,5.0,5.0,4.0,4.0,5.0,5.0,1.0,3.0,3.0,3.0,3.0,4.0,3.0,3.0,5.0,1.0,5,6,7,4,5,2,4,1,7,3,1,1,0,1,1,0,0,0,0,1,0,0,1,1,0,1,3,2,1,2,20,1,1,1,70,1,1,3
5269,2.0,1.0,5.0,5.0,3.0,5.0,2.0,2.0,5.0,4.0,3.0,4.0,1.0,3.0,4.0,4.0,4.0,4.0,4.0,3.0,5,5,7,6,6,5,6,5,6,5,1,1,0,1,1,0,0,0,0,1,0,0,1,1,1,1,3,2,2,1,38,2,4,1,10,1,1,2
5270,4.0,1.0,5.0,1.0,5.0,5.0,4.0,4.0,5.0,5.0,2.0,5.0,5.0,3.0,2.0,5.0,1.0,3.0,5.0,1.0,2,5,6,4,6,7,7,1,7,2,1,1,1,1,1,0,0,0,0,1,0,0,1,1,1,1,3,1,2,1,36,1,1,1,60,1,2,2
5271,1.0,1.0,1.0,5.0,1.0,1.0,1.0,1.0,5.0,5.0,5.0,1.0,1.0,2.0,1.0,2.0,5.0,2.0,5.0,1.0,3,1,1,1,7,3,3,2,3,1,1,1,1,1,1,0,0,0,0,1,0,0,1,1,0,1,3,1,2,1,66,1,4,1,70,1,2,10
5272,5.0,5.0,5.0,3.0,4.0,3.0,3.0,5.0,5.0,5.0,2.0,1.0,5.0,3.0,4.0,5.0,3.0,3.0,4.0,5.0,5,6,7,2,7,7,7,3,5,5,1,0,0,1,1,0,0,1,0,1,0,0,1,1,1,1,3,2,1,2,29,1,10,1,10,2,2,2
5273,5.0,5.0,1.0,2.0,5.0,1.0,1.0,4.0,3.0,2.0,1.0,5.0,4.0,1.0,4.0,1.0,2.0,3.0,5.0,3.0,5,6,6,1,4,3,4,1,7,5,1,1,0,1,1,1,0,1,0,1,0,1,1,1,1,1,3,2,1,1,21,1,2,3,60,1,1,3
5274,5.0,5.0,3.0,3.0,5.0,1.0,2.0,5.0,4.0,5.0,1.0,5.0,5.0,1.0,4.0,1.0,4.0,5.0,5.0,1.0,5,2,5,6,6,2,6,7,3,1,1,1,0,1,1,0,1,0,0,1,0,0,1,1,1,1,4,1,1,2,29,1,2,2,60,1,1,6
5275,5.0,4.0,3.0,2.0,4.0,2.0,2.0,3.0,4.0,3.0,2.0,5.0,3.0,3.0,4.0,4.0,3.0,4.0,4.0,2.0,5,4,6,5,7,5,6,6,5,4,1,0,0,1,1,0,0,0,1,1,0,0,0,1,1,1,3,3,2,1,20,1,3,2,10,2,1,1
5276,1.0,2.0,4.0,3.0,3.0,4.0,3.0,3.0,4.0,4.0,3.0,3.0,1.0,2.0,3.0,5.0,2.0,3.0,4.0,1.0,5,3,5,2,3,5,7,0,4,6,0,0,0,0,0,0,0,0,0,1,0,0,0,0,0,1,2,1,2,2,20,1,7,5,10,2,1,4
5277,1.0,2.0,2.0,5.0,1.0,4.0,2.0,1.0,4.0,2.0,2.0,4.0,1.0,4.0,3.0,5.0,2.0,4.0,1.0,1.0,5,2,3,3,6,6,7,5,6,3,1,1,1,1,1,0,1,1,0,1,0,0,1,1,1,1,2,2,2,1,60,1,6,1,60,1,2,4
5278,1.0,2.0,5.0,4.0,4.0,4.0,5.0,2.0,5.0,5.0,1.0,2.0,1.0,4.0,2.0,4.0,4.0,5.0,2.0,1.0,2,2,7,6,6,7,7,5,3,2,1,1,1,1,1,0,0,0,0,1,0,1,1,1,1,1,3,2,2,1,29,1,10,1,60,2,2,3
5279,5.0,5.0,1.0,2.0,5.0,5.0,2.0,5.0,5.0,5.0,2.0,5.0,5.0,2.0,5.0,5.0,1.0,5.0,5.0,1.0,7,7,7,1,7,3,4,1,3,2,1,1,1,1,1,0,1,1,0,1,1,0,1,1,1,1,2,3,2,2,20,1,4,1,10,1,1,2
5280,2.0,5.0,2.0,2.0,5.0,1.0,1.0,4.0,3.0,2.0,1.0,4.0,4.0,1.0,5.0,1.0,1.0,4.0,5.0,5.0,2,5,7,6,4,7,5,1,3,6,1,1,1,1,1,0,0,0,0,1,0,0,1,0,1,1,3,2,2,1,60,1,6,1,60,2,2,3
5281,2.0,4.0,4.0,3.0,4.0,4.0,4.0,2.0,5.0,4.0,1.0,5.0,3.0,1.0,5.0,1.0,2.0,4.0,5.0,4.0,5,5,5,7,6,7,6,4,1,3,1,1,0,1,1,0,0,0,0,1,0,0,1,0,1,1,3,2,2,1,20,1,1,2,60,1,1,2
5282,5.0,5.0,1.0,1.0,4.0,1.0,1.0,4.0,1.0,1.0,1.0,5.0,3.0,1.0,5.0,1.0,1.0,5.0,5.0,3.0,3,2,7,1,7,6,5,2,4,1,1,1,0,1,1,0,0,1,0,1,0,0,1,1,1,1,3,2,1,1,19,1,1,2,30,2,1,3
5283,5.0,5.0,1.0,2.0,5.0,1.0,1.0,4.0,2.0,1.0,1.0,5.0,5.0,2.0,4.0,1.0,1.0,5.0,5.0,4.0,2,6,7,2,5,7,3,1,7,5,1,1,0,1,1,0,0,1,0,1,0,0,1,1,1,1,4,1,1,1,32,2,1,1,60,1,2,2
5284,2.0,2.0,5.0,1.0,5.0,4.0,2.0,4.0,4.0,3.0,2.0,4.0,2.0,1.0,4.0,1.0,2.0,3.0,5.0,1.0,1,5,6,2,5,6,4,1,6,1,1,1,0,1,1,0,0,0,0,1,0,0,1,1,1,1,3,1,2,1,23,1,2,1,60,1,1,3
5285,5.0,4.0,3.0,3.0,4.0,1.0,2.0,4.0,2.0,2.0,1.0,5.0,4.0,5.0,5.0,3.0,2.0,4.0,4.0,2.0,6,6,7,5,5,4,5,1,5,5,1,1,0,1,1,0,0,0,0,1,0,1,1,1,1,1,2,1,1,1,19,1,4,1,70,1,1,2
5286,5.0,5.0,1.0,1.0,5.0,1.0,1.0,5.0,2.0,1.0,1.0,5.0,5.0,1.0,5.0,1.0,1.0,4.0,5.0,5.0,5,7,1,7,7,6,4,7,6,3,1,1,1,1,1,0,0,1,0,1,1,0,1,1,1,1,3,2,1,2,23,1,1,1,70,2,1,1
5287,2.0,3.0,2.0,4.0,2.0,4.0,2.0,2.0,5.0,4.0,3.0,4.0,1.0,3.0,3.0,5.0,3.0,4.0,4.0,1.0,4,5,6,7,5,4,6,4,5,2,1,1,0,1,1,0,0,0,0,1,0,0,1,1,1,1,2,3,1,1,31,1,1,1,60,2,1,4
5288,1.0,5.0,1.0,1.0,5.0,1.0,1.0,5.0,1.0,1.0,1.0,5.0,1.0,1.0,5.0,5.0,1.0,5.0,5.0,1.0,7,7,7,6,7,1,7,1,2,1,1,0,0,1,0,0,0,0,0,1,0,0,0,0,1,1,3,3,2,2,40,1,4,1,60,1,2,1
5289,5.0,5.0,3.0,1.0,5.0,1.0,1.0,5.0,4.0,5.0,1.0,5.0,5.0,1.0,5.0,5.0,5.0,5.0,5.0,4.0,6,5,3,6,6,4,4,1,5,5,1,1,1,1,1,0,1,0,0,1,0,0,1,1,1,1,4,3,2,2,23,1,8,5,10,1,1,2
5290,3.0,3.0,3.0,1.0,3.0,1.0,2.0,2.0,3.0,1.0,1.0,4.0,4.0,1.0,4.0,3.0,2.0,5.0,4.0,1.0,7,5,7,6,7,2,7,1,4,1,1,1,0,1,1,0,0,0,0,1,0,1,1,1,1,1,3,3,2,1,23,1,1,2,60,1,1,3
5291,3.0,3.0,4.0,3.0,5.0,3.0,2.0,3.0,4.0,3.0,2.0,5.0,2.0,2.0,4.0,4.0,1.0,1.0,3.0,2.0,3,4,6,2,5,7,5,1,7,4,1,1,1,1,1,0,0,0,0,1,0,0,0,1,1,1,2,1,2,1,18,1,7,1,60,2,1,3
5292,4.0,4.0,2.0,2.0,4.0,3.0,2.0,4.0,3.0,3.0,2.0,5.0,5.0,1.0,3.0,2.0,4.0,3.0,5.0,5.0,4,6,3,3,4,4,5,3,3,5,1,1,0,1,1,0,0,1,0,1,0,0,1,0,1,1,2,3,1,2,18,1,1,1,60,1,1,1
5293,2.0,1.0,4.0,4.0,3.0,2.0,1.0,1.0,4.0,2.0,2.0,3.0,1.0,3.0,2.0,2.0,2.0,2.0,4.0,1.0,1,5,3,5,6,7,3,6,7,3,1,1,0,1,1,0,1,1,0,1,0,1,1,1,1,1,4,3,1,2,29,0,2,1,10,2,1,1
5294,4.0,4.0,5.0,1.0,5.0,1.0,1.0,2.0,2.0,1.0,1.0,5.0,5.0,1.0,4.0,2.0,2.0,5.0,5.0,1.0,2,6,2,5,5,5,2,7,1,1,1,1,0,1,1,0,0,0,1,1,1,0,1,1,1,1,3,2,1,1,21,1,1,1,70,1,1,2
5295,4.0,5.0,4.0,4.0,5.0,2.0,5.0,2.0,5.0,4.0,1.0,4.0,5.0,4.0,2.0,4.0,2.0,4.0,4.0,4.0,5,5,6,5,3,5,6,3,5,0,1,1,0,1,1,0,0,0,0,1,0,0,1,0,1,1,3,2,2,2,38,1,4,1,10,2,1,3
5296,1.0,1.0,2.0,4.0,3.0,3.0,2.0,1.0,4.0,4.0,2.0,3.0,3.0,1.0,3.0,3.0,3.0,3.0,2.0,3.0,3,1,6,6,7,6,6,6,6,1,1,1,0,1,1,0,1,0,0,1,0,0,1,1,1,1,4,3,2,1,46,1,6,1,30,1,2,6
5297,4.0,3.0,2.0,1.0,3.0,5.0,1.0,1.0,4.0,5.0,3.0,5.0,1.0,1.0,2.0,4.0,5.0,1.0,5.0,2.0,2,5,6,2,5,7,6,1,6,2,1,1,0,1,1,0,0,0,0,1,0,0,0,1,1,1,3,3,1,2,23,1,2,1,60,1,1,3
5298,5.0,1.0,1.0,1.0,5.0,5.0,4.0,5.0,5.0,2.0,1.0,5.0,5.0,1.0,2.0,5.0,1.0,4.0,5.0,5.0,5,6,7,2,7,6,1,2,7,2,1,1,0,1,1,0,0,0,0,1,1,0,1,1,1,1,4,2,1,1,47,1,4,1,60,2,2,4
5299,5.0,4.0,2.0,2.0,4.0,2.0,1.0,4.0,4.0,1.0,1.0,4.0,4.0,1.0,4.0,1.0,2.0,5.0,5.0,2.0,5,7,5,5,6,6,4,2,6,3,0,0,0,0,0,1,1,1,0,0,1,0,0,0,0,0,0,1,1,2,17,1,2,1,60,2,1,1
5300,5.0,1.0,1.0,1.0,5.0,1.0,1.0,5.0,5.0,1.0,1.0,5.0,5.0,1.0,5.0,1.0,1.0,5.0,5.0,5.0,4,6,7,1,5,5,2,1,6,1,0,0,0,0,0,0,0,0,0,0,0,0,0,0,0,0,2,1,1,1,17,1,2,1,60,2,1,2
5301,3.0,4.0,2.0,2.0,2.0,2.0,1.0,4.0,1.0,1.0,1.0,4.0,1.0,1.0,4.0,1.0,1.0,5.0,5.0,5.0,7,5,5,1,7,2,2,5,7,4,1,1,1,1,1,0,0,0,0,1,0,0,1,1,1,1,3,3,2,2,19,1,1,1,60,2,1,1
5302,5.0,3.0,3.0,3.0,4.0,3.0,5.0,1.0,5.0,5.0,1.0,5.0,4.0,1.0,3.0,2.0,1.0,4.0,5.0,3.0,5,7,5,6,7,5,2,2,4,4,1,0,0,1,1,0,0,0,0,1,0,0,0,1,1,1,3,3,1,2,26,1,4,1,70,2,1,3
5303,5.0,2.0,4.0,4.0,3.0,4.0,4.0,5.0,5.0,5.0,2.0,4.0,1.0,4.0,4.0,1.0,2.0,5.0,1.0,1.0,6,5,3,3,7,1,6,1,6,5,1,1,0,1,1,0,0,0,0,1,0,1,0,1,1,1,4,1,2,2,24,1,8,1,10,1,1,2
5304,5.0,5.0,1.0,1.0,5.0,1.0,1.0,5.0,1.0,1.0,1.0,5.0,5.0,1.0,4.0,1.0,1.0,5.0,5.0,1.0,3,6,2,1,7,6,4,6,7,1,1,1,1,1,1,0,0,1,0,1,0,0,1,1,1,1,3,3,2,1,42,1,2,1,60,1,2,2
5305,5.0,4.0,3.0,1.0,4.0,1.0,1.0,4.0,5.0,2.0,3.0,4.0,3.0,3.0,5.0,3.0,3.0,4.0,5.0,1.0,2,7,6,1,4,7,5,4,6,3,1,1,0,1,1,0,0,1,0,1,0,0,1,1,1,1,2,1,1,1,19,1,2,1,60,1,1,3
5306,4.0,4.0,3.0,3.0,2.0,2.0,5.0,5.0,4.0,5.0,2.0,5.0,5.0,2.0,3.0,3.0,5.0,4.0,5.0,3.0,6,4,4,2,7,1,6,4,6,2,1,0,0,1,1,0,0,0,0,1,0,0,0,1,1,1,2,3,2,2,18,1,8,1,10,2,1,1
5307,2.0,4.0,1.0,4.0,2.0,1.0,1.0,3.0,2.0,4.0,1.0,4.0,1.0,3.0,4.0,3.0,3.0,3.0,4.0,3.0,2,3,6,1,7,6,5,4,3,3,1,1,1,1,1,0,1,0,0,1,0,0,1,1,1,1,3,3,1,2,22,1,4,1,60,2,1,2
5308,4.0,5.0,3.0,5.0,4.0,1.0,1.0,4.0,2.0,4.0,1.0,4.0,3.0,2.0,3.0,1.0,1.0,5.0,5.0,4.0,2,4,2,5,3,7,4,1,6,3,1,1,0,1,1,0,0,0,0,1,0,0,1,0,1,1,3,3,1,2,25,1,1,2,70,2,1,2
5309,5.0,4.0,1.0,1.0,5.0,1.0,1.0,5.0,2.0,3.0,1.0,5.0,5.0,1.0,5.0,1.0,1.0,5.0,3.0,3.0,1,4,1,5,3,7,2,4,4,6,1,1,1,1,1,0,0,0,0,1,0,0,1,1,1,1,2,1,2,1,26,3,1,2,60,2,2,0
5310,5.0,1.0,1.0,1.0,5.0,1.0,1.0,5.0,1.0,1.0,1.0,5.0,5.0,1.0,5.0,1.0,1.0,5.0,5.0,5.0,1,7,7,1,4,5,2,2,5,1,1,1,1,1,1,1,1,1,1,1,1,1,1,1,1,1,4,1,1,1,17,3,2,1,60,1,1,2
5311,5.0,5.0,3.0,1.0,5.0,1.0,1.0,5.0,1.0,1.0,1.0,5.0,5.0,2.0,5.0,4.0,1.0,5.0,5.0,5.0,3,5,6,7,7,3,4,7,2,1,0,0,0,0,1,0,0,0,0,0,0,0,0,0,0,0,2,2,1,1,17,1,1,1,60,2,1,3
5312,5.0,3.0,1.0,2.0,2.0,2.0,2.0,2.0,5.0,2.0,1.0,2.0,5.0,1.0,2.0,1.0,1.0,5.0,5.0,1.0,1,6,7,3,6,6,7,5,2,1,1,1,0,1,1,0,0,0,0,1,0,1,1,1,1,1,4,2,1,2,33,2,1,1,60,1,1,2
5313,1.0,2.0,5.0,5.0,1.0,4.0,2.0,1.0,5.0,5.0,3.0,3.0,2.0,5.0,5.0,2.0,1.0,3.0,5.0,1.0,3,5,6,6,6,6,6,2,4,6,1,1,1,1,1,0,0,0,0,1,0,0,1,1,1,1,3,1,1,1,67,1,6,1,60,1,2,3
5314,1.0,1.0,1.0,5.0,5.0,4.0,4.0,5.0,5.0,5.0,1.0,5.0,1.0,5.0,1.0,5.0,1.0,5.0,5.0,4.0,7,2,6,1,6,1,6,3,7,2,1,1,0,1,1,0,0,1,0,1,0,0,1,1,1,1,4,1,2,2,49,1,12,1,60,2,3,5
5315,4.0,4.0,3.0,2.0,2.0,2.0,1.0,3.0,5.0,4.0,1.0,5.0,4.0,2.0,5.0,1.0,1.0,5.0,5.0,1.0,5,5,5,5,6,2,2,5,2,1,1,1,0,1,1,0,0,0,1,1,0,1,1,1,1,1,2,3,1,1,20,1,1,2,60,1,1,1
5316,3.0,4.0,2.0,2.0,4.0,2.0,1.0,2.0,5.0,3.0,1.0,1.0,2.0,2.0,4.0,1.0,2.0,2.0,5.0,1.0,2,4,7,7,5,7,3,1,3,1,1,1,0,1,1,0,0,1,0,1,0,0,1,1,1,1,2,2,2,1,17,1,12,2,60,2,1,2
5317,3.0,2.0,5.0,5.0,2.0,4.0,4.0,2.0,5.0,4.0,3.0,2.0,1.0,3.0,1.0,5.0,2.0,1.0,3.0,2.0,1,5,4,2,4,6,5,1,5,4,1,1,1,1,1,0,1,0,0,1,0,0,1,1,1,1,2,2,1,1,64,1,6,1,60,1,2,3
5318,2.0,2.0,4.0,5.0,4.0,5.0,4.0,4.0,5.0,5.0,4.0,5.0,2.0,4.0,2.0,4.0,5.0,2.0,2.0,1.0,5,5,7,7,5,7,6,2,3,5,1,1,1,1,1,0,0,0,0,1,0,0,0,1,1,1,3,3,2,1,83,1,6,1,60,1,3,5
5319,4.0,1.0,5.0,2.0,5.0,5.0,1.0,5.0,5.0,5.0,1.0,5.0,5.0,1.0,5.0,1.0,1.0,5.0,5.0,1.0,2,6,6,1,7,5,2,1,6,1,1,1,0,1,1,1,0,0,0,1,0,0,1,1,1,1,3,2,1,1,19,1,1,1,60,2,1,2
5320,2.0,2.0,2.0,5.0,1.0,4.0,4.0,2.0,5.0,4.0,4.0,1.0,2.0,2.0,3.0,2.0,2.0,1.0,1.0,1.0,2,1,6,5,5,6,4,4,5,4,1,1,0,1,1,0,0,0,0,1,0,0,1,1,1,1,4,2,1,1,41,1,5,1,60,1,2,5
5321,4.0,4.0,4.0,3.0,4.0,2.0,2.0,4.0,3.0,2.0,2.0,4.0,4.0,3.0,4.0,2.0,3.0,2.0,3.0,2.0,2,6,2,3,7,5,4,1,3,1,1,1,0,1,1,0,0,0,0,1,0,0,0,0,1,1,2,3,2,2,18,1,6,1,60,2,1,4
5322,4.0,4.0,3.0,1.0,4.0,2.0,2.0,4.0,2.0,2.0,2.0,4.0,2.0,2.0,5.0,2.0,2.0,4.0,5.0,3.0,3,4,3,5,5,4,5,5,3,1,1,1,0,1,1,0,0,0,0,1,0,0,1,1,1,1,2,2,1,1,36,1,2,0,60,1,2,2
5323,1.0,4.0,4.0,2.0,4.0,4.0,2.0,1.0,5.0,1.0,2.0,2.0,1.0,1.0,2.0,5.0,2.0,3.0,2.0,1.0,6,1,5,5,5,6,7,5,3,5,1,1,1,1,1,0,0,0,0,1,0,0,1,1,1,1,3,2,2,1,21,2,6,1,10,2,1,3
5324,2.0,2.0,4.0,3.0,3.0,4.0,2.0,4.0,5.0,4.0,1.0,2.0,1.0,4.0,5.0,2.0,2.0,1.0,3.0,1.0,3,1,6,2,7,5,5,2,6,2,1,1,0,1,1,0,0,1,0,1,0,0,1,1,1,1,3,3,2,2,28,1,7,1,70,1,1,4
5325,2.0,1.0,1.0,4.0,1.0,2.0,2.0,2.0,4.0,5.0,1.0,1.0,2.0,2.0,4.0,1.0,5.0,4.0,5.0,1.0,6,1,5,3,7,3,4,6,4,2,1,1,1,1,1,0,1,1,0,1,1,0,1,1,1,1,4,3,2,1,40,1,2,2,60,1,3,2
5326,5.0,5.0,2.0,1.0,5.0,1.0,1.0,2.0,1.0,1.0,1.0,5.0,5.0,1.0,5.0,1.0,1.0,2.0,4.0,2.0,3,6,6,1,7,7,1,6,6,3,1,1,1,1,1,1,0,1,0,1,0,0,1,1,1,1,1,2,2,2,15,1,2,1,70,2,1,1
5327,1.0,2.0,5.0,4.0,2.0,5.0,1.0,1.0,5.0,5.0,1.0,1.0,3.0,2.0,1.0,5.0,3.0,1.0,5.0,3.0,5,1,7,6,2,7,7,1,7,1,1,1,1,1,1,0,0,0,0,1,0,1,0,1,1,1,1,2,2,2,15,1,2,2,60,2,1,5
5328,4.0,4.0,2.0,4.0,5.0,4.0,2.0,5.0,5.0,5.0,5.0,4.0,1.0,5.0,5.0,1.0,4.0,4.0,5.0,2.0,2,6,2,7,5,5,5,3,5,6,1,1,0,1,1,0,0,0,0,1,0,0,0,1,1,1,2,3,2,1,15,1,9,1,60,2,1,2
5329,4.0,5.0,1.0,1.0,4.0,1.0,1.0,5.0,2.0,1.0,1.0,5.0,5.0,1.0,4.0,1.0,1.0,5.0,5.0,4.0,4,5,7,2,7,4,2,3,7,2,1,0,0,1,1,0,0,0,0,1,0,0,1,1,1,1,4,2,1,1,28,1,2,1,60,2,1,2
5330,5.0,4.0,1.0,1.0,2.0,2.0,2.0,2.0,4.0,2.0,1.0,4.0,5.0,1.0,5.0,1.0,1.0,4.0,4.0,2.0,7,6,6,2,7,6,7,5,2,1,1,1,1,1,1,1,0,0,0,1,0,1,1,1,1,1,3,1,2,1,23,1,7,1,60,1,1,3
5331,5.0,5.0,1.0,1.0,5.0,1.0,1.0,5.0,1.0,1.0,1.0,5.0,5.0,1.0,5.0,1.0,1.0,5.0,5.0,4.0,2,6,7,1,4,7,3,3,7,1,1,1,0,1,1,0,0,0,0,1,0,0,1,1,1,1,3,3,1,2,38,1,1,1,60,1,2,2
5332,2.0,5.0,3.0,3.0,2.0,1.0,1.0,1.0,3.0,3.0,1.0,4.0,1.0,3.0,5.0,4.0,3.0,4.0,5.0,3.0,6,6,2,7,6,2,7,5,4,3,1,1,0,1,1,0,0,1,0,1,0,0,1,1,1,1,3,3,1,1,25,1,1,1,60,2,1,1
5333,5.0,4.0,1.0,1.0,5.0,1.0,1.0,5.0,3.0,1.0,1.0,5.0,5.0,1.0,5.0,1.0,1.0,4.0,5.0,5.0,7,1,7,1,7,5,7,1,6,1,1,1,1,1,1,0,1,1,0,1,1,0,1,1,1,1,4,2,2,1,66,1,4,1,60,2,2,2
5334,5.0,4.0,1.0,1.0,5.0,1.0,5.0,5.0,4.0,4.0,1.0,5.0,4.0,1.0,5.0,2.0,4.0,3.0,5.0,3.0,4,7,7,5,3,5,3,5,5,1,1,0,0,1,1,0,0,0,0,1,0,0,0,1,1,1,2,2,1,2,18,1,2,1,60,1,1,4
5335,3.0,1.0,2.0,3.0,2.0,2.0,1.0,2.0,4.0,4.0,4.0,5.0,1.0,2.0,4.0,1.0,1.0,5.0,2.0,2.0,4,2,6,3,7,2,6,5,4,3,1,1,0,1,1,0,1,1,0,1,1,0,1,1,1,1,4,3,1,1,52,1,4,1,60,1,1,3
5336,2.0,4.0,5.0,4.0,4.0,2.0,2.0,3.0,2.0,2.0,3.0,1.0,1.0,1.0,4.0,1.0,4.0,4.0,5.0,2.0,2,5,6,6,6,6,6,5,6,2,1,1,1,1,1,1,0,1,0,1,0,1,1,1,1,1,1,2,2,1,14,1,2,1,50,2,1,1
5337,2.0,1.0,1.0,5.0,5.0,5.0,5.0,1.0,5.0,5.0,1.0,4.0,2.0,5.0,1.0,1.0,1.0,1.0,1.0,4.0,7,7,7,7,3,7,6,1,1,7,1,1,1,1,1,0,0,0,0,1,0,1,0,0,1,1,1,2,2,1,14,1,7,5,10,1,1,0
5338,4.0,2.0,5.0,1.0,2.0,4.0,2.0,2.0,5.0,2.0,1.0,2.0,2.0,1.0,3.0,1.0,1.0,4.0,5.0,1.0,6,5,7,6,3,1,7,2,1,1,1,1,1,1,1,0,0,1,0,1,0,1,1,1,1,1,3,2,2,1,31,1,6,1,60,1,2,2
5339,1.0,4.0,5.0,5.0,3.0,5.0,5.0,1.0,5.0,3.0,3.0,2.0,3.0,4.0,4.0,4.0,3.0,1.0,5.0,1.0,7,1,7,5,6,4,7,1,6,1,1,1,0,1,1,1,1,1,0,1,1,1,1,1,1,1,4,3,2,1,38,2,6,1,60,1,2,3
5340,2.0,1.0,5.0,4.0,4.0,4.0,4.0,4.0,5.0,3.0,1.0,5.0,4.0,2.0,3.0,1.0,3.0,4.0,5.0,2.0,3,2,3,2,5,5,7,5,6,2,1,1,0,1,1,0,0,1,0,1,1,0,1,1,1,1,3,3,2,1,48,3,7,1,70,2,3,3
5341,2.0,3.0,2.0,4.0,3.0,4.0,2.0,2.0,5.0,4.0,1.0,3.0,2.0,3.0,4.0,5.0,2.0,5.0,3.0,3.0,4,3,5,7,6,4,6,1,4,6,1,1,1,1,1,0,1,0,0,1,1,0,1,1,1,1,3,1,2,1,40,1,1,1,60,1,1,2
5342,5.0,4.0,3.0,2.0,4.0,2.0,1.0,5.0,3.0,2.0,1.0,4.0,4.0,3.0,4.0,2.0,1.0,4.0,4.0,5.0,3,2,4,1,7,5,5,5,7,2,1,1,1,1,1,0,0,1,1,1,0,1,1,1,1,1,3,2,1,1,29,3,2,1,60,2,1,2
5343,1.0,1.0,4.0,5.0,2.0,4.0,3.0,1.0,5.0,4.0,2.0,1.0,1.0,5.0,1.0,5.0,3.0,1.0,5.0,1.0,6,2,5,6,7,5,7,3,6,1,1,1,1,1,1,0,0,1,1,1,0,0,1,1,1,1,3,1,2,1,41,1,2,2,70,1,3,4
5344,3.0,3.0,4.0,1.0,2.0,1.0,1.0,3.0,4.0,4.0,1.0,3.0,3.0,2.0,4.0,1.0,2.0,3.0,4.0,1.0,2,2,5,4,6,6,5,2,4,1,1,1,0,1,1,0,0,1,0,1,0,0,1,1,1,1,2,3,2,1,19,1,12,1,30,1,1,3
5345,1.0,5.0,4.0,4.0,5.0,4.0,2.0,1.0,5.0,4.0,3.0,4.0,1.0,3.0,2.0,4.0,2.0,5.0,5.0,1.0,1,6,5,7,7,7,3,5,1,2,1,1,1,1,1,0,0,1,0,1,1,0,1,1,1,1,3,3,2,2,33,1,2,1,60,2,1,2
5346,1.0,1.0,2.0,1.0,5.0,1.0,1.0,4.0,4.0,4.0,1.0,5.0,1.0,3.0,1.0,1.0,2.0,5.0,4.0,2.0,6,2,5,3,6,2,6,6,6,5,0,0,0,0,0,0,0,0,0,0,0,0,0,0,0,0,3,3,1,1,23,1,2,1,60,1,1,2
5347,2.0,4.0,4.0,2.0,2.0,2.0,1.0,2.0,5.0,2.0,2.0,5.0,1.0,3.0,4.0,1.0,3.0,3.0,5.0,1.0,2,7,3,7,6,7,4,2,2,2,1,1,0,1,1,0,0,0,0,1,1,0,1,1,1,1,3,2,1,2,24,1,2,1,60,2,1,2
5348,3.0,2.0,3.0,3.0,4.0,2.0,2.0,4.0,2.0,3.0,1.0,5.0,3.0,1.0,4.0,1.0,1.0,4.0,5.0,2.0,4,7,2,7,6,5,6,6,3,3,1,1,1,1,1,0,1,1,0,1,1,1,1,1,1,1,4,3,2,1,33,1,2,1,60,1,1,3
5349,4.0,4.0,1.0,2.0,4.0,2.0,1.0,5.0,4.0,1.0,1.0,4.0,5.0,1.0,4.0,1.0,1.0,5.0,5.0,4.0,2,6,5,7,6,5,6,1,3,2,1,1,0,1,1,0,0,0,0,1,0,0,0,1,1,1,4,1,1,2,41,1,6,1,60,2,2,2
5350,1.0,2.0,2.0,5.0,3.0,5.0,5.0,1.0,5.0,4.0,2.0,1.0,1.0,5.0,1.0,5.0,2.0,1.0,4.0,1.0,6,2,6,5,7,5,7,4,7,1,1,1,1,1,1,0,0,0,0,1,0,0,1,1,1,1,3,2,2,1,43,1,4,1,60,2,2,2
5351,1.0,2.0,5.0,5.0,4.0,4.0,5.0,2.0,5.0,4.0,4.0,4.0,1.0,4.0,2.0,5.0,4.0,2.0,4.0,1.0,7,2,7,2,6,3,7,1,6,2,1,1,1,1,1,0,0,0,0,1,0,0,1,1,1,1,3,3,2,1,54,1,6,1,60,1,2,2
5352,1.0,1.0,5.0,4.0,4.0,5.0,5.0,4.0,5.0,5.0,1.0,4.0,1.0,2.0,4.0,4.0,2.0,3.0,1.0,3.0,5,1,6,2,7,6,7,4,7,3,1,1,0,1,1,0,0,0,0,1,0,0,1,1,1,1,3,1,1,1,37,1,7,1,60,1,2,2
5353,4.0,2.0,5.0,4.0,4.0,5.0,5.0,4.0,4.0,5.0,2.0,1.0,4.0,4.0,1.0,4.0,1.0,4.0,4.0,4.0,2,6,6,7,7,2,7,1,1,2,1,1,0,1,1,1,0,0,0,1,0,1,0,1,1,0,4,2,2,2,62,1,12,1,60,1,2,2
5354,4.0,4.0,2.0,4.0,3.0,4.0,2.0,1.0,4.0,3.0,1.0,2.0,1.0,2.0,3.0,5.0,1.0,5.0,5.0,3.0,2,1,3,3,7,5,5,6,3,1,1,1,1,1,1,0,0,1,0,1,1,0,1,1,1,1,3,2,1,2,35,2,2,1,60,2,3,3
5355,1.0,4.0,4.0,3.0,5.0,4.0,1.0,1.0,5.0,4.0,1.0,4.0,4.0,1.0,4.0,5.0,4.0,1.0,4.0,3.0,5,5,6,3,5,5,6,3,6,7,1,1,1,1,1,0,0,0,0,1,1,0,1,1,1,1,3,3,2,1,52,1,12,1,60,2,3,4
5356,4.0,1.0,2.0,3.0,5.0,2.0,2.0,3.0,4.0,2.0,2.0,5.0,3.0,2.0,2.0,1.0,1.0,4.0,5.0,4.0,2,6,2,3,6,4,6,7,6,2,1,1,0,1,1,0,1,1,0,1,0,0,1,1,1,1,3,2,1,1,20,1,2,1,60,1,1,3
5357,1.0,1.0,4.0,3.0,1.0,3.0,1.0,2.0,3.0,5.0,2.0,5.0,1.0,1.0,4.0,5.0,3.0,4.0,5.0,1.0,5,3,4,4,7,2,4,3,6,3,1,1,0,1,1,0,0,0,0,1,0,1,1,1,1,1,2,1,1,1,19,1,4,1,60,2,1,1
5358,4.0,4.0,3.0,5.0,2.0,5.0,1.0,4.0,5.0,4.0,4.0,1.0,1.0,5.0,5.0,5.0,3.0,5.0,5.0,5.0,6,3,5,6,7,5,7,5,4,1,1,1,1,1,1,0,0,1,0,1,0,0,1,1,1,1,2,2,2,1,18,1,4,2,10,2,1,3
5359,2.0,4.0,5.0,4.0,1.0,5.0,4.0,2.0,5.0,5.0,4.0,1.0,1.0,4.0,3.0,5.0,3.0,2.0,4.0,1.0,2,4,6,5,5,6,7,3,5,2,1,1,0,1,1,0,0,1,0,1,0,1,1,1,1,1,2,2,2,2,22,1,1,2,60,1,1,3
5360,2.0,2.0,4.0,5.0,2.0,5.0,5.0,3.0,5.0,4.0,3.0,1.0,1.0,3.0,2.0,4.0,2.0,1.0,5.0,1.0,6,1,7,4,6,3,5,1,7,1,1,1,1,1,1,0,0,1,0,1,0,0,1,1,1,1,3,2,2,1,18,1,1,2,60,2,1,2
5361,4.0,2.0,2.0,4.0,2.0,2.0,2.0,2.0,4.0,4.0,4.0,2.0,2.0,3.0,4.0,5.0,4.0,2.0,3.0,1.0,6,5,6,5,6,4,5,2,6,6,1,1,0,1,1,0,0,0,0,0,0,0,0,0,1,1,3,2,2,1,18,1,12,1,60,2,1,3
5362,3.0,2.0,5.0,4.0,2.0,2.0,2.0,1.0,5.0,4.0,3.0,4.0,1.0,2.0,1.0,4.0,2.0,4.0,4.0,1.0,2,3,5,3,5,7,7,5,7,2,1,1,0,1,1,0,0,0,0,1,0,0,1,0,1,1,3,2,1,1,20,2,2,1,60,1,1,0
5363,4.0,1.0,2.0,4.0,5.0,5.0,3.0,3.0,4.0,2.0,1.0,5.0,2.0,2.0,2.0,1.0,1.0,4.0,5.0,4.0,2,6,3,3,6,6,6,7,6,3,1,1,0,1,1,0,1,1,0,1,0,0,1,1,1,1,3,2,1,1,20,1,2,1,60,1,1,3
5364,1.0,1.0,5.0,5.0,1.0,5.0,5.0,2.0,5.0,5.0,5.0,5.0,1.0,3.0,4.0,5.0,1.0,1.0,4.0,1.0,7,6,6,1,4,1,7,2,7,6,1,1,0,1,1,0,0,0,0,1,0,0,1,1,1,1,3,3,1,1,45,2,6,1,60,2,2,1
5365,2.0,4.0,4.0,1.0,1.0,4.0,4.0,4.0,5.0,5.0,3.0,4.0,1.0,1.0,1.0,1.0,3.0,1.0,5.0,2.0,1,5,7,1,7,7,5,3,6,7,1,1,0,1,1,0,0,0,0,1,0,0,1,1,1,1,2,3,1,1,18,1,12,2,60,2,1,2
5366,5.0,4.0,5.0,5.0,4.0,3.0,3.0,5.0,5.0,4.0,2.0,5.0,3.0,5.0,4.0,3.0,5.0,3.0,1.0,2.0,3,5,7,5,7,7,6,4,3,3,1,0,0,1,1,0,0,0,0,1,0,0,0,0,1,1,1,3,1,2,23,1,11,1,70,1,1,2
5367,4.0,4.0,3.0,4.0,3.0,1.0,2.0,3.0,3.0,2.0,1.0,1.0,1.0,2.0,3.0,1.0,3.0,3.0,5.0,1.0,5,6,4,5,7,5,6,6,5,1,0,0,0,0,0,1,1,1,1,0,1,1,0,0,0,0,2,1,2,1,18,1,1,3,60,2,1,6
5368,2.0,3.0,4.0,1.0,4.0,5.0,2.0,4.0,5.0,5.0,2.0,1.0,2.0,1.0,4.0,3.0,1.0,4.0,4.0,2.0,2,6,5,7,5,5,6,6,3,1,1,1,1,1,1,0,0,1,0,1,0,1,1,1,1,1,2,2,1,1,16,2,7,1,60,2,1,1
5369,4.0,1.0,5.0,1.0,5.0,1.0,2.0,4.0,5.0,2.0,1.0,4.0,5.0,1.0,5.0,2.0,1.0,4.0,1.0,4.0,2,5,5,1,5,6,6,5,7,5,1,1,1,1,1,0,0,1,0,1,1,0,1,1,1,1,3,2,1,1,33,2,6,1,60,2,2,5
5370,4.0,1.0,5.0,2.0,4.0,4.0,1.0,4.0,5.0,3.0,1.0,1.0,3.0,2.0,2.0,5.0,2.0,4.0,2.0,5.0,7,5,3,4,6,1,6,2,4,1,1,1,0,1,1,0,0,0,0,1,0,0,1,1,1,1,1,3,1,2,14,1,2,1,70,2,1,1
5371,4.0,2.0,4.0,5.0,3.0,5.0,3.0,1.0,5.0,4.0,4.0,4.0,4.0,4.0,2.0,3.0,3.0,2.0,4.0,2.0,5,2,6,5,6,6,6,1,6,2,1,1,0,1,1,0,0,0,0,1,0,0,0,1,1,1,3,2,2,1,24,1,1,2,30,2,1,2
5372,1.0,1.0,5.0,2.0,3.0,5.0,4.0,4.0,5.0,5.0,3.0,4.0,2.0,1.0,1.0,1.0,2.0,2.0,2.0,1.0,5,5,2,5,3,5,6,6,1,1,1,1,0,1,1,0,0,1,0,1,1,0,1,1,1,1,3,2,1,1,24,1,1,1,60,1,1,2
5373,2.0,4.0,2.0,4.0,4.0,2.0,2.0,1.0,4.0,5.0,2.0,4.0,4.0,2.0,5.0,4.0,2.0,4.0,5.0,4.0,2,5,5,6,5,7,6,3,5,7,1,0,0,1,1,0,0,0,0,1,0,0,1,1,1,1,2,2,2,1,22,1,1,2,60,1,1,2
5374,5.0,5.0,1.0,2.0,3.0,2.0,1.0,5.0,3.0,2.0,1.0,5.0,5.0,1.0,5.0,2.0,1.0,3.0,5.0,3.0,6,4,6,2,7,4,4,5,7,3,1,1,0,1,1,1,0,1,0,1,0,0,1,1,1,1,3,3,1,1,22,1,12,1,60,2,1,1
5375,1.0,2.0,2.0,5.0,1.0,4.0,5.0,4.0,5.0,5.0,2.0,2.0,1.0,4.0,1.0,5.0,4.0,2.0,3.0,1.0,3,2,5,1,5,7,5,7,7,5,1,1,0,1,1,0,0,0,0,1,0,0,1,1,1,1,3,1,1,1,25,1,1,1,60,1,1,4
5376,2.0,2.0,4.0,3.0,3.0,4.0,2.0,2.0,4.0,3.0,2.0,4.0,4.0,2.0,3.0,3.0,2.0,2.0,4.0,1.0,5,5,5,1,6,4,6,2,6,3,1,0,0,1,1,0,0,0,0,1,0,0,1,0,1,1,1,3,1,2,14,1,3,0,10,2,1,4
5377,2.0,2.0,4.0,1.0,4.0,5.0,2.0,1.0,5.0,4.0,3.0,2.0,1.0,3.0,3.0,4.0,1.0,1.0,4.0,4.0,5,2,4,3,6,2,6,2,6,3,1,1,1,1,0,0,0,0,0,1,0,0,0,0,1,1,1,3,1,2,15,2,4,0,10,2,1,2
5378,4.0,4.0,3.0,1.0,5.0,1.0,1.0,1.0,1.0,4.0,1.0,5.0,4.0,1.0,3.0,1.0,1.0,4.0,5.0,3.0,5,3,2,3,5,4,4,6,4,5,1,0,0,0,1,0,1,0,0,1,0,1,0,1,0,1,2,3,1,1,16,1,12,5,60,2,1,2
5379,4.0,4.0,3.0,4.0,1.0,2.0,1.0,4.0,5.0,4.0,1.0,5.0,1.0,2.0,4.0,1.0,3.0,5.0,4.0,1.0,1,2,7,3,4,7,5,3,7,2,1,1,1,1,1,0,0,0,0,1,1,0,1,1,1,1,3,1,1,1,21,2,1,1,60,1,1,5
5380,1.0,1.0,4.0,4.0,2.0,5.0,5.0,2.0,5.0,5.0,3.0,1.0,2.0,3.0,1.0,4.0,5.0,1.0,4.0,1.0,5,6,5,2,7,5,6,4,7,5,1,1,0,1,1,1,0,0,0,1,0,0,1,1,0,1,2,3,1,1,21,1,1,1,10,1,1,4
5381,1.0,1.0,5.0,2.0,2.0,1.0,1.0,1.0,5.0,5.0,1.0,2.0,1.0,1.0,4.0,2.0,1.0,1.0,5.0,1.0,1,4,7,5,7,7,5,1,7,5,1,1,1,1,1,0,1,1,0,1,1,0,1,1,1,1,4,2,1,1,40,1,1,1,60,1,2,2
5382,2.0,1.0,4.0,5.0,4.0,4.0,2.0,4.0,5.0,4.0,3.0,5.0,1.0,1.0,4.0,1.0,4.0,4.0,3.0,1.0,2,4,6,3,5,6,5,3,5,1,1,1,0,1,1,0,0,0,0,1,0,0,1,1,1,1,3,3,1,1,26,1,12,1,60,2,1,4
5383,1.0,1.0,4.0,4.0,1.0,2.0,2.0,1.0,5.0,5.0,2.0,1.0,1.0,2.0,1.0,5.0,2.0,1.0,5.0,1.0,5,5,5,2,5,2,6,3,6,1,0,1,0,1,1,0,0,0,0,1,0,0,1,1,1,1,3,2,1,1,20,1,1,1,70,1,1,4
5384,2.0,2.0,2.0,4.0,4.0,4.0,2.0,4.0,5.0,3.0,1.0,3.0,4.0,1.0,4.0,1.0,3.0,4.0,1.0,1.0,3,6,3,4,4,6,5,6,4,5,1,1,0,1,1,0,0,0,0,1,0,0,0,1,1,1,2,2,1,1,19,2,4,1,10,1,1,3
5385,2.0,2.0,4.0,1.0,3.0,2.0,2.0,4.0,5.0,5.0,2.0,1.0,1.0,1.0,1.0,4.0,2.0,4.0,3.0,1.0,5,6,3,3,2,6,6,1,5,3,1,1,1,1,1,1,0,0,1,1,0,1,1,1,1,1,2,3,1,2,19,1,4,1,60,2,1,2
5386,4.0,4.0,1.0,2.0,5.0,1.0,1.0,5.0,1.0,2.0,2.0,5.0,4.0,1.0,5.0,1.0,1.0,5.0,4.0,5.0,2,6,6,6,5,7,3,6,1,2,1,1,1,1,1,1,1,1,0,1,0,0,1,1,1,1,4,3,1,1,47,1,4,1,60,1,2,1
5387,2.0,5.0,3.0,5.0,4.0,3.0,1.0,3.0,5.0,4.0,2.0,5.0,4.0,3.0,4.0,4.0,3.0,4.0,5.0,4.0,6,4,4,7,6,3,7,4,3,2,1,1,0,1,1,0,0,0,0,1,1,0,1,1,1,1,3,2,1,1,22,2,2,4,60,2,1,1
5388,2.0,3.0,3.0,2.0,1.0,5.0,4.0,2.0,5.0,5.0,3.0,1.0,1.0,4.0,3.0,5.0,4.0,1.0,1.0,1.0,6,2,5,2,6,4,6,3,5,2,1,1,1,1,1,0,0,1,0,1,0,0,1,1,1,1,3,1,2,1,43,1,5,1,60,1,2,4
5389,5.0,3.0,2.0,2.0,5.0,1.0,1.0,5.0,5.0,3.0,2.0,4.0,4.0,2.0,4.0,2.0,1.0,5.0,5.0,4.0,2,3,7,7,6,6,5,2,5,1,1,1,0,1,1,0,0,1,0,1,1,1,1,1,1,1,3,2,1,1,22,1,1,1,60,1,1,1
5390,4.0,4.0,2.0,1.0,5.0,2.0,2.0,4.0,5.0,5.0,2.0,4.0,2.0,2.0,3.0,2.0,4.0,4.0,5.0,4.0,5,6,3,4,6,4,6,6,3,3,1,1,1,1,1,0,0,1,0,1,0,0,1,1,1,1,3,3,1,2,41,1,12,1,70,2,3,1
5391,1.0,2.0,3.0,4.0,2.0,4.0,2.0,4.0,5.0,4.0,3.0,1.0,2.0,4.0,2.0,4.0,2.0,4.0,5.0,4.0,5,3,6,5,2,5,7,2,6,3,1,1,0,1,1,0,0,0,0,1,0,0,1,1,1,1,3,2,1,1,21,1,2,1,60,2,1,2
5392,2.0,3.0,2.0,2.0,3.0,3.0,1.0,2.0,4.0,2.0,1.0,2.0,4.0,1.0,5.0,2.0,2.0,4.0,5.0,4.0,4,7,6,6,4,6,6,3,5,2,1,1,1,1,1,0,1,0,0,1,0,0,1,1,1,1,3,2,1,1,21,3,1,1,60,2,1,2
5393,5.0,4.0,2.0,1.0,5.0,1.0,1.0,4.0,2.0,1.0,1.0,5.0,2.0,1.0,5.0,3.0,2.0,4.0,5.0,2.0,2,3,2,7,7,5,7,2,1,1,1,1,1,1,1,0,1,0,0,1,1,0,1,1,1,1,3,3,2,1,33,2,6,1,60,1,1,1
5394,5.0,1.0,1.0,1.0,1.0,1.0,1.0,1.0,1.0,1.0,1.0,1.0,1.0,1.0,1.0,1.0,1.0,1.0,5.0,1.0,5,4,6,2,6,4,5,2,6,2,1,1,1,1,1,1,0,1,0,1,0,1,1,1,1,1,3,3,1,1,23,1,1,1,70,2,1,3
5395,5.0,5.0,1.0,4.0,5.0,1.0,1.0,5.0,4.0,4.0,1.0,4.0,1.0,1.0,4.0,1.0,1.0,1.0,5.0,1.0,5,5,3,7,7,3,2,7,3,1,1,1,0,1,1,1,0,0,0,1,1,1,1,1,1,1,2,2,1,1,28,1,12,3,50,1,1,5
5396,1.0,1.0,5.0,4.0,3.0,5.0,5.0,1.0,5.0,5.0,4.0,2.0,2.0,2.0,1.0,4.0,4.0,1.0,4.0,1.0,7,2,6,4,7,2,7,2,5,5,1,0,0,1,1,0,0,0,0,1,0,0,1,1,1,1,4,1,1,1,29,1,8,1,10,1,1,1
5397,1.0,2.0,4.0,3.0,3.0,3.0,1.0,1.0,5.0,5.0,3.0,2.0,1.0,4.0,1.0,2.0,1.0,3.0,1.0,1.0,7,1,6,4,7,1,7,4,6,2,1,1,1,1,1,0,1,1,1,1,0,1,1,1,1,1,4,2,2,1,50,1,4,1,60,1,2,3
5398,1.0,2.0,4.0,3.0,1.0,1.0,1.0,4.0,5.0,4.0,2.0,2.0,1.0,2.0,2.0,3.0,4.0,4.0,3.0,1.0,1,5,2,6,4,6,6,5,5,2,1,1,0,1,1,0,0,0,0,1,1,0,1,1,1,1,3,3,1,1,26,2,1,3,60,2,1,3
5399,2.0,2.0,4.0,5.0,4.0,5.0,2.0,3.0,5.0,4.0,3.0,2.0,2.0,2.0,3.0,4.0,3.0,4.0,4.0,3.0,5,2,4,2,5,5,6,3,6,4,1,1,0,1,1,1,0,0,0,1,0,0,1,1,1,1,3,3,2,2,22,1,1,1,70,2,1,2
5400,1.0,2.0,5.0,5.0,4.0,5.0,1.0,4.0,5.0,5.0,1.0,3.0,1.0,2.0,1.0,2.0,1.0,4.0,5.0,1.0,6,1,6,1,6,7,7,3,2,1,1,1,1,1,1,0,1,1,0,1,1,0,1,1,1,1,0,3,1,1,56,1,2,3,60,2,1,3
5401,4.0,4.0,2.0,1.0,4.0,3.0,1.0,4.0,3.0,4.0,2.0,4.0,3.0,1.0,4.0,4.0,1.0,2.0,5.0,3.0,1,6,7,5,7,7,6,3,6,4,1,1,0,1,1,0,0,1,0,1,0,0,1,0,1,1,4,1,1,2,48,1,7,1,60,2,1,2
5402,2.0,4.0,4.0,5.0,1.0,4.0,1.0,1.0,5.0,5.0,1.0,1.0,4.0,3.0,4.0,5.0,2.0,5.0,5.0,4.0,3,7,5,7,7,6,6,7,5,2,1,1,1,1,1,1,0,0,0,1,0,0,1,1,1,1,2,1,1,1,19,1,2,2,60,2,1,1
5403,5.0,4.0,5.0,1.0,5.0,5.0,2.0,5.0,5.0,2.0,1.0,5.0,1.0,1.0,5.0,1.0,1.0,5.0,3.0,1.0,7,5,7,3,7,1,6,5,3,1,1,1,0,1,1,0,0,0,0,1,0,1,0,1,1,1,3,3,2,2,23,1,6,1,30,2,1,2
5404,1.0,2.0,4.0,4.0,1.0,5.0,4.0,4.0,4.0,4.0,1.0,2.0,1.0,4.0,3.0,5.0,1.0,4.0,4.0,4.0,2,5,6,5,7,7,5,5,3,4,0,1,0,1,1,0,0,0,0,0,0,0,1,1,1,1,3,3,1,1,25,1,2,1,60,1,1,2
5405,2.0,1.0,2.0,4.0,4.0,4.0,3.0,3.0,5.0,5.0,2.0,2.0,1.0,4.0,3.0,3.0,3.0,4.0,4.0,4.0,5,5,4,2,5,5,6,5,5,2,1,1,0,1,1,0,0,0,0,1,0,0,1,0,1,1,3,2,1,1,24,2,12,1,10,2,1,6
5406,3.0,2.0,4.0,2.0,4.0,3.0,2.0,4.0,5.0,2.0,1.0,3.0,1.0,1.0,5.0,3.0,2.0,4.0,4.0,3.0,5,4,2,5,6,4,6,7,4,2,0,1,0,0,1,0,0,0,0,0,0,0,0,0,0,1,2,2,1,1,20,1,1,1,70,1,1,2
5407,2.0,2.0,4.0,4.0,3.0,4.0,4.0,2.0,5.0,5.0,2.0,4.0,2.0,3.0,2.0,4.0,2.0,2.0,5.0,1.0,2,3,5,3,7,7,7,5,7,2,1,1,1,1,1,0,0,0,0,1,0,1,1,1,1,1,2,3,1,1,24,1,2,5,70,1,1,3
5408,4.0,3.0,3.0,3.0,3.0,1.0,1.0,5.0,4.0,3.0,2.0,4.0,4.0,2.0,4.0,1.0,3.0,3.0,4.0,3.0,4,5,5,5,4,7,5,5,4,4,1,1,0,1,1,0,0,0,0,1,0,1,1,1,1,1,2,2,1,1,20,1,1,1,70,2,1,5
5409,5.0,4.0,4.0,4.0,1.0,4.0,3.0,5.0,5.0,5.0,4.0,1.0,1.0,4.0,2.0,4.0,1.0,1.0,1.0,1.0,5,5,3,2,7,6,7,5,7,3,1,1,0,1,1,0,0,0,0,1,0,0,0,0,1,1,3,1,1,2,20,1,8,1,70,2,1,3
5410,2.0,4.0,4.0,5.0,4.0,4.0,2.0,1.0,4.0,4.0,2.0,4.0,1.0,2.0,4.0,5.0,5.0,4.0,5.0,1.0,2,6,5,6,5,6,6,3,3,5,1,1,0,1,1,0,0,1,0,1,0,0,1,1,1,1,3,2,2,2,38,1,4,3,60,1,1,3
5411,4.0,1.0,2.0,2.0,1.0,3.0,1.0,4.0,3.0,4.0,1.0,5.0,5.0,1.0,1.0,1.0,1.0,4.0,5.0,4.0,2,7,7,4,4,7,2,5,4,4,0,0,0,1,1,0,0,0,0,0,0,0,0,0,0,0,2,3,1,2,23,1,2,1,60,1,1,4
5412,3.0,1.0,2.0,4.0,5.0,2.0,4.0,5.0,5.0,5.0,1.0,3.0,1.0,1.0,3.0,2.0,2.0,4.0,4.0,1.0,4,1,5,2,6,5,6,6,7,6,1,0,0,1,1,0,0,0,0,1,0,0,1,1,1,1,4,2,1,2,24,1,8,1,10,2,1,2
5413,3.0,4.0,3.0,4.0,5.0,2.0,2.0,2.0,5.0,2.0,1.0,2.0,2.0,2.0,4.0,1.0,1.0,2.0,4.0,1.0,2,5,5,4,6,6,3,6,6,3,1,1,0,1,1,0,0,1,0,1,0,0,1,1,1,1,2,2,1,1,16,1,1,1,60,2,1,3
5414,1.0,2.0,5.0,4.0,2.0,5.0,4.0,2.0,5.0,5.0,2.0,4.0,2.0,2.0,3.0,2.0,2.0,4.0,5.0,1.0,1,2,5,7,6,5,7,5,3,2,1,1,1,1,1,0,0,1,0,1,0,0,1,1,1,1,2,2,2,1,20,1,2,2,60,2,1,2
5415,3.0,2.0,3.0,2.0,3.0,5.0,1.0,4.0,4.0,3.0,2.0,4.0,4.0,1.0,1.0,4.0,5.0,3.0,5.0,3.0,5,4,6,3,7,5,5,3,4,5,1,1,0,1,1,0,0,1,0,1,0,0,1,1,1,1,4,3,2,1,20,1,8,1,70,2,1,2
5416,2.0,3.0,2.0,3.0,2.0,4.0,2.0,4.0,5.0,5.0,2.0,4.0,1.0,2.0,4.0,3.0,3.0,3.0,5.0,4.0,5,1,6,2,6,5,6,2,6,3,1,1,0,1,1,0,0,0,0,1,0,0,1,1,1,1,3,3,1,2,20,1,2,1,60,2,1,2
5417,4.0,3.0,3.0,2.0,4.0,4.0,4.0,2.0,4.0,5.0,2.0,4.0,2.0,2.0,2.0,2.0,2.0,2.0,5.0,3.0,3,5,7,3,6,6,6,1,2,2,1,1,1,1,1,0,1,1,0,1,1,0,1,1,1,1,4,1,1,1,22,3,4,1,60,1,1,7
5418,4.0,4.0,3.0,1.0,4.0,2.0,1.0,3.0,3.0,1.0,1.0,5.0,4.0,2.0,4.0,1.0,3.0,3.0,3.0,1.0,4,5,7,5,6,6,5,1,4,1,1,1,0,1,1,0,0,0,0,1,0,0,1,1,1,1,3,3,1,2,24,1,12,1,60,2,1,1
5419,4.0,4.0,3.0,5.0,4.0,2.0,2.0,3.0,5.0,3.0,1.0,5.0,2.0,4.0,4.0,4.0,2.0,4.0,5.0,1.0,6,5,2,5,7,1,6,6,2,1,1,1,1,1,1,1,0,0,0,1,1,0,1,1,1,1,3,1,2,1,32,1,1,1,60,1,1,3
5420,4.0,2.0,1.0,2.0,4.0,2.0,4.0,1.0,4.0,5.0,1.0,5.0,4.0,2.0,2.0,2.0,4.0,2.0,5.0,5.0,4,6,7,3,5,6,6,2,6,2,1,1,1,1,1,0,1,1,0,1,1,0,1,1,1,1,3,1,1,1,22,2,4,1,60,1,1,7
5421,4.0,2.0,4.0,3.0,5.0,2.0,1.0,2.0,4.0,3.0,2.0,5.0,4.0,3.0,4.0,3.0,3.0,4.0,5.0,1.0,2,5,4,6,5,6,6,2,2,3,1,0,0,1,1,0,0,1,0,1,0,0,1,1,1,1,2,2,2,2,20,1,4,2,10,2,1,3
5422,2.0,3.0,3.0,5.0,4.0,4.0,4.0,2.0,5.0,4.0,4.0,4.0,4.0,4.0,4.0,3.0,3.0,4.0,4.0,1.0,6,1,6,3,7,5,7,1,7,5,1,1,0,1,1,0,1,1,1,1,0,0,0,1,1,1,4,2,2,1,32,2,7,1,60,1,1,3
5423,5.0,3.0,3.0,3.0,5.0,2.0,1.0,4.0,2.0,3.0,1.0,4.0,5.0,1.0,5.0,2.0,5.0,4.0,4.0,3.0,2,5,4,3,5,6,3,2,5,3,1,1,0,1,1,0,0,0,0,1,0,0,1,1,1,1,2,2,1,1,18,1,4,1,70,2,1,2
5424,1.0,4.0,3.0,4.0,1.0,2.0,2.0,1.0,4.0,4.0,1.0,4.0,1.0,2.0,3.0,1.0,4.0,1.0,5.0,1.0,3,3,2,2,5,6,7,5,4,2,1,1,0,1,1,0,0,1,0,1,1,0,1,1,1,1,3,3,2,1,28,1,2,1,70,2,1,1
5425,5.0,2.0,4.0,2.0,3.0,2.0,1.0,2.0,4.0,2.0,2.0,5.0,2.0,3.0,4.0,2.0,4.0,5.0,5.0,2.0,3,6,6,3,4,7,4,4,6,2,1,1,1,1,1,0,1,1,0,1,1,1,1,1,1,1,3,3,1,2,21,1,2,1,60,2,1,1
5426,3.0,4.0,4.0,3.0,4.0,3.0,2.0,4.0,4.0,4.0,2.0,3.0,2.0,3.0,4.0,3.0,3.0,4.0,5.0,1.0,4,6,2,6,4,3,4,5,4,3,1,1,0,1,1,0,0,0,0,1,0,0,0,1,1,1,2,3,2,1,22,1,2,1,60,1,1,2
5427,5.0,4.0,4.0,4.0,4.0,1.0,1.0,5.0,2.0,1.0,1.0,5.0,4.0,1.0,5.0,1.0,5.0,4.0,1.0,1.0,6,2,6,2,3,4,6,5,6,1,1,1,0,1,1,0,0,0,1,1,0,0,0,1,1,1,3,3,1,2,23,1,6,1,30,2,1,3
5428,1.0,4.0,4.0,3.0,4.0,5.0,5.0,5.0,5.0,5.0,5.0,3.0,2.0,2.0,3.0,2.0,5.0,3.0,5.0,1.0,7,1,7,2,7,6,7,1,6,1,1,1,1,1,1,0,0,1,0,1,0,0,1,1,1,1,4,3,2,2,26,2,7,1,60,2,1,1
5429,3.0,5.0,3.0,2.0,5.0,3.0,5.0,4.0,3.0,5.0,1.0,5.0,3.0,1.0,4.0,5.0,1.0,5.0,3.0,5.0,1,7,3,6,7,3,3,6,4,1,1,1,0,1,1,0,0,0,0,1,0,0,1,1,1,1,3,1,1,2,25,1,1,1,60,2,1,2
5430,5.0,5.0,1.0,3.0,5.0,3.0,1.0,5.0,5.0,3.0,1.0,5.0,2.0,2.0,4.0,1.0,1.0,5.0,5.0,4.0,5,3,5,2,6,6,6,5,5,5,1,1,1,1,1,1,1,1,1,1,1,1,1,1,1,1,3,1,2,1,35,1,12,1,50,2,1,4
5431,2.0,2.0,4.0,4.0,1.0,5.0,4.0,1.0,5.0,4.0,2.0,4.0,1.0,4.0,1.0,1.0,3.0,4.0,5.0,1.0,1,2,6,5,4,5,5,1,6,5,0,0,0,0,1,0,0,0,0,1,0,0,0,1,1,1,4,2,2,2,37,1,3,1,0,1,3,3
5432,2.0,4.0,4.0,2.0,4.0,1.0,2.0,2.0,4.0,4.0,1.0,1.0,4.0,2.0,4.0,2.0,2.0,4.0,4.0,2.0,1,2,3,5,3,7,6,6,3,5,1,1,1,1,1,0,0,1,0,0,0,0,1,0,1,1,2,3,1,2,18,1,2,1,60,2,1,1
5433,3.0,1.0,4.0,1.0,3.0,5.0,4.0,2.0,5.0,5.0,1.0,5.0,1.0,3.0,2.0,2.0,1.0,4.0,5.0,1.0,5,2,4,6,7,6,7,6,1,4,1,1,1,1,1,0,1,1,0,1,0,0,0,1,1,1,3,3,1,1,25,1,4,1,60,2,1,0
5434,1.0,3.0,1.0,2.0,2.0,2.0,4.0,1.0,5.0,4.0,1.0,4.0,3.0,1.0,4.0,5.0,4.0,3.0,4.0,2.0,6,4,7,3,7,2,6,5,6,1,1,1,1,1,1,1,0,1,0,1,0,1,1,1,1,1,4,2,2,1,34,1,7,1,60,1,0,0
5435,5.0,5.0,5.0,1.0,5.0,1.0,1.0,5.0,1.0,1.0,1.0,5.0,5.0,1.0,5.0,1.0,5.0,5.0,5.0,5.0,3,5,6,6,7,5,6,5,3,2,1,1,0,1,1,0,0,0,0,1,0,0,1,0,1,1,3,2,1,1,24,1,12,1,60,1,1,3
5436,5.0,5.0,1.0,2.0,3.0,1.0,2.0,5.0,2.0,1.0,3.0,5.0,2.0,1.0,5.0,4.0,1.0,5.0,5.0,1.0,2,6,1,2,5,7,5,6,6,6,1,1,0,1,1,0,0,0,0,1,0,0,1,1,1,1,2,3,1,2,22,3,2,1,60,1,1,2
5437,4.0,3.0,4.0,5.0,4.0,4.0,2.0,2.0,5.0,2.0,3.0,4.0,2.0,3.0,3.0,5.0,4.0,2.0,4.0,4.0,3,2,6,5,5,7,7,2,5,2,1,1,1,1,1,0,1,1,0,1,1,0,1,1,1,1,4,3,2,1,45,1,4,2,60,1,1,2
5438,2.0,2.0,4.0,4.0,2.0,2.0,1.0,1.0,4.0,4.0,3.0,4.0,1.0,3.0,1.0,4.0,3.0,4.0,5.0,1.0,6,5,6,3,7,2,4,2,7,1,1,1,1,1,1,0,1,1,0,1,1,0,1,1,1,1,3,2,1,1,30,1,1,1,60,1,2,6
5439,1.0,1.0,4.0,3.0,2.0,4.0,1.0,1.0,5.0,3.0,1.0,4.0,3.0,1.0,5.0,1.0,2.0,5.0,4.0,1.0,7,6,3,2,7,1,5,4,3,1,1,1,0,1,1,1,0,0,0,1,0,0,1,1,1,1,2,3,1,1,20,1,1,1,60,1,1,2
5440,4.0,4.0,4.0,3.0,4.0,4.0,2.0,3.0,4.0,2.0,2.0,4.0,3.0,3.0,3.0,3.0,4.0,4.0,4.0,1.0,3,5,5,2,6,6,4,3,6,5,1,1,0,1,0,0,0,1,0,1,0,0,0,1,1,1,2,3,1,2,25,1,1,1,60,1,1,5
5441,1.0,5.0,5.0,1.0,5.0,5.0,5.0,5.0,3.0,5.0,1.0,5.0,1.0,1.0,5.0,5.0,1.0,3.0,1.0,5.0,4,5,7,6,1,7,7,5,5,7,1,0,0,1,0,0,0,0,1,1,0,0,0,0,1,1,3,3,2,2,37,2,10,0,20,2,3,7
5442,1.0,4.0,5.0,2.0,3.0,4.0,2.0,4.0,5.0,5.0,2.0,2.0,2.0,4.0,3.0,2.0,4.0,4.0,5.0,4.0,1,4,6,7,5,7,6,2,3,1,1,0,0,1,0,0,0,1,0,1,0,0,0,0,1,1,2,2,2,2,20,1,2,1,60,2,1,1
5443,1.0,1.0,4.0,5.0,1.0,2.0,1.0,4.0,5.0,5.0,2.0,1.0,1.0,1.0,1.0,5.0,1.0,5.0,5.0,4.0,7,7,5,1,7,1,6,3,3,1,1,1,1,1,1,0,0,0,1,1,0,0,1,1,1,1,4,3,1,1,19,1,2,1,60,1,1,2
5444,1.0,4.0,4.0,2.0,2.0,4.0,2.0,1.0,5.0,5.0,1.0,4.0,1.0,3.0,4.0,4.0,1.0,2.0,1.0,1.0,5,2,7,6,5,3,7,2,1,1,1,1,1,1,1,0,0,1,0,1,0,0,1,1,0,1,4,3,2,2,36,1,4,1,60,2,1,4
5445,1.0,1.0,5.0,4.0,1.0,4.0,1.0,1.0,5.0,5.0,3.0,4.0,1.0,1.0,4.0,5.0,1.0,4.0,5.0,1.0,3,5,5,2,5,6,5,2,7,5,1,1,0,1,1,0,0,0,0,0,0,0,1,1,1,1,3,1,1,1,19,1,2,1,60,2,1,4
5446,1.0,2.0,3.0,4.0,2.0,5.0,2.0,2.0,5.0,5.0,1.0,4.0,3.0,1.0,1.0,1.0,1.0,5.0,5.0,1.0,2,5,6,7,7,4,5,6,1,1,1,1,0,1,1,0,0,0,0,1,0,0,1,1,1,1,3,3,2,2,24,1,1,2,60,2,1,3
5447,1.0,2.0,3.0,4.0,1.0,4.0,3.0,1.0,5.0,5.0,3.0,2.0,1.0,3.0,2.0,3.0,1.0,1.0,3.0,1.0,5,3,5,5,7,4,7,3,4,2,1,1,0,1,1,0,0,1,0,1,1,0,1,1,1,1,3,1,1,2,32,1,2,1,60,1,1,4
5448,5.0,1.0,5.0,1.0,5.0,1.0,1.0,5.0,5.0,1.0,1.0,5.0,5.0,1.0,5.0,1.0,5.0,5.0,5.0,1.0,7,7,1,1,7,1,1,7,1,7,1,0,0,1,1,0,0,0,0,1,0,0,0,1,1,1,1,2,1,1,15,1,4,1,0,2,1,2
5449,5.0,5.0,1.0,4.0,5.0,1.0,1.0,5.0,3.0,1.0,1.0,5.0,5.0,1.0,5.0,1.0,1.0,5.0,5.0,4.0,2,7,5,1,7,5,3,1,7,2,1,1,1,1,1,0,1,1,0,1,1,0,1,1,1,1,4,2,1,1,30,1,4,1,60,1,1,2
5450,4.0,2.0,2.0,2.0,4.0,2.0,2.0,4.0,2.0,3.0,2.0,4.0,4.0,2.0,4.0,2.0,2.0,4.0,4.0,2.0,1,2,4,5,6,6,5,5,3,2,1,1,0,1,1,0,0,0,0,1,0,0,0,1,1,1,3,1,2,2,21,1,2,4,60,2,1,3
5451,4.0,2.0,1.0,2.0,4.0,2.0,2.0,4.0,4.0,4.0,1.0,2.0,1.0,2.0,4.0,2.0,3.0,4.0,5.0,5.0,5,7,5,5,7,6,3,5,3,2,1,1,1,1,1,0,0,1,0,1,1,0,0,1,0,1,3,1,2,2,29,1,2,1,60,1,1,2
5452,2.0,4.0,5.0,3.0,5.0,5.0,2.0,3.0,5.0,5.0,4.0,4.0,4.0,5.0,4.0,5.0,3.0,4.0,4.0,4.0,5,6,3,6,6,5,7,7,5,6,1,0,0,1,1,0,0,0,0,1,0,0,1,1,1,1,3,3,1,2,18,1,4,1,10,2,1,2
5453,1.0,2.0,3.0,5.0,1.0,1.0,1.0,1.0,5.0,5.0,4.0,1.0,1.0,3.0,3.0,1.0,3.0,3.0,5.0,1.0,6,7,3,3,6,1,5,7,6,2,1,1,0,1,1,0,0,1,0,1,0,0,1,1,1,1,2,3,1,2,25,1,2,1,60,1,1,2
5454,4.0,3.0,3.0,3.0,3.0,2.0,1.0,2.0,5.0,4.0,2.0,4.0,4.0,1.0,2.0,2.0,4.0,2.0,5.0,2.0,3,7,5,6,6,4,3,3,5,3,1,1,0,1,1,1,0,0,0,1,0,0,1,1,1,1,2,1,1,1,23,1,2,1,60,1,1,1
5455,2.0,2.0,2.0,1.0,2.0,2.0,2.0,4.0,5.0,2.0,2.0,1.0,1.0,1.0,3.0,3.0,5.0,5.0,5.0,2.0,5,2,5,6,6,5,5,5,3,1,1,1,0,1,1,0,0,0,0,1,1,0,0,1,1,1,2,3,2,2,19,1,1,1,60,1,1,2
5456,3.0,1.0,4.0,1.0,4.0,4.0,4.0,2.0,5.0,4.0,2.0,4.0,4.0,2.0,3.0,2.0,5.0,3.0,4.0,2.0,5,6,6,2,6,6,5,3,5,5,1,0,0,1,1,0,0,0,0,0,0,0,0,0,1,1,2,2,1,1,19,1,1,1,60,2,1,2
5457,5.0,5.0,1.0,1.0,5.0,1.0,1.0,5.0,1.0,1.0,1.0,5.0,5.0,1.0,5.0,1.0,1.0,1.0,5.0,1.0,6,7,7,1,7,2,2,1,7,2,1,1,1,1,1,0,0,0,0,1,0,1,1,1,1,1,4,3,1,1,24,1,2,1,70,1,1,4
5458,3.0,4.0,3.0,3.0,4.0,2.0,1.0,2.0,3.0,2.0,1.0,4.0,5.0,1.0,4.0,5.0,2.0,5.0,5.0,3.0,3,5,6,5,5,7,5,1,1,1,1,1,1,1,1,0,0,1,0,1,1,0,1,1,1,1,2,2,1,1,19,1,2,1,60,1,1,1
5459,5.0,5.0,1.0,2.0,5.0,1.0,1.0,5.0,1.0,1.0,1.0,5.0,5.0,3.0,4.0,1.0,1.0,5.0,5.0,5.0,7,6,7,1,6,1,5,2,7,3,1,1,0,1,1,0,0,0,0,1,0,1,1,1,1,1,3,2,2,1,21,1,3,1,60,1,1,1
5460,3.0,5.0,4.0,5.0,2.0,2.0,4.0,5.0,5.0,4.0,2.0,1.0,3.0,1.0,4.0,3.0,3.0,5.0,1.0,1.0,3,4,3,3,3,6,3,5,7,5,0,0,0,0,1,0,0,0,0,0,0,0,0,1,0,1,2,2,1,1,21,1,6,1,60,1,1,2
5461,5.0,5.0,1.0,1.0,5.0,1.0,1.0,5.0,1.0,1.0,1.0,5.0,5.0,1.0,5.0,1.0,1.0,5.0,5.0,5.0,1,5,3,1,5,5,1,5,6,1,1,1,0,1,1,0,0,0,0,1,0,1,1,1,1,1,2,3,1,2,23,1,2,2,60,2,1,1
5462,1.0,2.0,4.0,2.0,4.0,2.0,2.0,2.0,5.0,4.0,1.0,4.0,2.0,1.0,4.0,4.0,5.0,4.0,4.0,1.0,5,5,5,5,7,6,7,5,3,4,1,1,0,1,1,0,0,1,0,1,0,0,1,1,0,1,3,3,2,2,23,1,6,1,30,1,1,7
5463,2.0,2.0,3.0,4.0,3.0,5.0,5.0,1.0,5.0,4.0,1.0,1.0,3.0,3.0,2.0,4.0,3.0,2.0,4.0,1.0,6,5,7,5,7,4,5,3,4,1,1,1,0,1,1,1,0,0,1,1,0,0,1,1,1,1,2,2,2,1,20,2,1,5,70,1,1,1
5464,2.0,2.0,4.0,4.0,2.0,2.0,1.0,1.0,5.0,2.0,2.0,4.0,2.0,2.0,4.0,2.0,2.0,4.0,4.0,2.0,6,3,5,2,7,3,5,3,5,3,1,1,1,1,1,0,0,1,0,1,0,0,1,1,1,1,2,3,2,2,18,1,1,1,10,2,1,2
5465,2.0,2.0,2.0,2.0,3.0,2.0,1.0,2.0,4.0,5.0,3.0,4.0,1.0,1.0,4.0,1.0,3.0,2.0,5.0,3.0,6,5,5,1,6,2,6,5,3,1,1,1,0,1,1,0,0,0,0,1,0,0,0,0,1,1,4,3,1,2,35,1,2,1,60,1,1,1
5466,4.0,4.0,5.0,2.0,4.0,5.0,2.0,4.0,5.0,4.0,1.0,1.0,2.0,1.0,1.0,2.0,2.0,4.0,1.0,2.0,6,5,7,3,5,3,2,5,3,6,1,1,0,1,1,0,0,0,0,1,0,0,1,1,1,1,2,2,1,1,18,1,6,1,60,2,1,4
5467,4.0,4.0,2.0,4.0,4.0,4.0,2.0,1.0,5.0,4.0,1.0,2.0,2.0,2.0,2.0,2.0,3.0,4.0,5.0,1.0,2,3,6,2,7,6,6,5,6,2,1,1,0,1,1,0,0,1,0,1,1,0,1,1,1,1,4,1,2,2,39,1,2,1,60,1,1,2
5468,1.0,1.0,5.0,5.0,3.0,5.0,5.0,4.0,5.0,5.0,2.0,1.0,4.0,1.0,1.0,4.0,3.0,2.0,3.0,4.0,7,6,6,2,7,5,6,3,7,2,1,1,1,1,1,0,1,1,0,1,1,0,1,1,1,1,2,3,2,2,21,1,6,2,60,1,1,2
5469,1.0,1.0,5.0,4.0,1.0,5.0,4.0,4.0,1.0,5.0,1.0,4.0,1.0,4.0,1.0,4.0,1.0,1.0,5.0,1.0,6,1,7,1,6,7,7,1,7,2,1,1,0,1,1,0,0,0,0,1,0,0,1,1,1,1,3,3,1,1,59,1,7,1,70,1,2,5
5470,1.0,1.0,5.0,3.0,3.0,5.0,5.0,1.0,5.0,5.0,2.0,3.0,3.0,5.0,1.0,5.0,5.0,1.0,3.0,1.0,1,1,1,5,4,6,4,4,5,4,1,1,0,1,1,0,0,0,1,1,0,0,1,1,1,1,1,3,2,1,15,2,12,2,60,2,1,2
5471,5.0,4.0,1.0,2.0,4.0,2.0,1.0,4.0,2.0,1.0,1.0,5.0,5.0,2.0,5.0,1.0,5.0,5.0,5.0,3.0,6,6,6,3,7,4,2,1,7,3,1,1,1,1,1,0,0,1,0,1,0,0,0,1,1,1,3,3,2,2,20,1,1,1,60,2,1,1
5472,5.0,5.0,5.0,1.0,5.0,2.0,1.0,5.0,5.0,1.0,1.0,5.0,1.0,1.0,3.0,5.0,1.0,5.0,1.0,5.0,1,2,0,1,6,6,3,5,3,1,1,1,0,1,1,0,0,0,0,1,0,0,0,1,1,0,2,3,1,2,21,1,10,2,20,2,1,3
5473,5.0,5.0,1.0,1.0,3.0,2.0,1.0,1.0,3.0,2.0,1.0,5.0,3.0,1.0,5.0,1.0,2.0,1.0,5.0,5.0,2,2,7,2,6,7,3,1,7,3,1,1,1,1,1,0,1,0,0,1,1,0,1,1,1,1,3,3,1,1,52,1,2,1,60,2,3,2
5474,2.0,5.0,2.0,1.0,5.0,2.0,1.0,5.0,1.0,2.0,4.0,5.0,5.0,2.0,5.0,1.0,1.0,5.0,3.0,1.0,6,6,6,6,4,5,4,6,3,3,1,1,0,1,1,0,0,0,0,1,0,0,1,1,1,1,3,2,1,1,26,1,2,1,60,1,1,2
5475,1.0,1.0,5.0,5.0,4.0,5.0,5.0,4.0,3.0,2.0,5.0,4.0,5.0,1.0,5.0,5.0,5.0,5.0,2.0,1.0,5,1,7,1,6,7,7,1,5,1,0,0,0,0,0,0,0,0,0,0,0,0,0,0,0,0,3,2,1,1,18,3,4,1,10,1,1,3
5476,5.0,4.0,4.0,2.0,3.0,4.0,2.0,3.0,2.0,3.0,1.0,5.0,5.0,1.0,5.0,1.0,2.0,4.0,5.0,4.0,7,7,1,5,6,1,4,5,3,1,1,1,0,1,1,0,0,0,0,1,0,1,0,1,1,1,4,2,1,2,38,1,2,1,60,1,2,2
5477,4.0,5.0,5.0,1.0,5.0,3.0,2.0,5.0,3.0,4.0,1.0,5.0,3.0,2.0,2.0,4.0,5.0,5.0,5.0,5.0,2,5,2,7,6,5,2,7,3,1,1,1,1,1,1,0,0,0,0,1,0,1,1,1,1,1,4,3,2,2,36,1,6,1,70,2,3,3
5478,4.0,5.0,1.0,1.0,5.0,1.0,1.0,4.0,3.0,4.0,1.0,5.0,4.0,1.0,5.0,1.0,5.0,5.0,5.0,5.0,4,6,5,2,6,1,5,3,7,2,1,0,0,1,1,0,0,0,0,1,0,0,1,1,1,1,2,3,1,1,16,1,1,1,10,2,1,1
5479,5.0,5.0,1.0,1.0,5.0,1.0,1.0,4.0,1.0,1.0,1.0,5.0,5.0,1.0,4.0,2.0,2.0,5.0,5.0,5.0,2,5,3,1,7,5,1,7,5,4,1,1,0,1,1,0,0,0,0,1,0,0,1,1,1,1,2,3,1,2,16,1,1,1,60,2,1,4
5480,2.0,3.0,5.0,4.0,1.0,5.0,4.0,3.0,4.0,4.0,2.0,1.0,2.0,4.0,4.0,4.0,4.0,5.0,4.0,1.0,7,1,6,3,6,2,7,1,7,1,1,1,1,1,1,0,0,0,0,1,0,1,1,1,1,1,2,3,2,1,21,1,1,1,60,1,1,2
5481,4.0,4.0,2.0,1.0,4.0,3.0,1.0,1.0,2.0,2.0,2.0,4.0,5.0,1.0,3.0,2.0,1.0,5.0,5.0,5.0,6,6,7,2,3,5,2,1,6,2,1,1,0,1,1,0,0,1,0,1,0,0,1,1,1,1,4,3,1,2,29,2,2,1,60,2,1,2
5482,1.0,2.0,1.0,3.0,1.0,5.0,4.0,1.0,5.0,5.0,1.0,1.0,1.0,2.0,1.0,2.0,1.0,1.0,1.0,1.0,6,1,6,3,5,2,6,2,6,1,0,0,0,1,1,0,0,0,0,1,0,0,0,1,1,1,2,2,2,1,31,1,7,1,60,1,2,3
5483,3.0,3.0,4.0,4.0,2.0,3.0,4.0,3.0,5.0,4.0,2.0,3.0,2.0,3.0,3.0,4.0,4.0,4.0,3.0,2.0,3,4,3,5,5,6,5,5,3,3,1,1,1,1,1,0,0,0,0,1,0,0,1,1,1,1,3,2,2,1,20,1,6,5,60,1,1,2
5484,5.0,5.0,3.0,1.0,5.0,4.0,1.0,5.0,1.0,1.0,1.0,5.0,5.0,1.0,5.0,1.0,1.0,5.0,5.0,5.0,4,5,4,5,6,7,4,5,5,1,1,1,1,1,1,0,0,0,0,1,0,0,1,1,1,1,3,2,2,1,22,1,4,1,70,2,1,2
5485,4.0,4.0,2.0,4.0,4.0,2.0,2.0,4.0,4.0,4.0,1.0,4.0,2.0,2.0,2.0,2.0,5.0,4.0,4.0,1.0,6,7,5,6,6,2,5,5,2,2,1,1,0,1,1,0,0,1,0,1,0,0,1,1,1,1,3,2,2,1,25,1,2,1,60,1,1,2
5486,4.0,4.0,2.0,5.0,1.0,4.0,2.0,2.0,4.0,4.0,1.0,2.0,2.0,3.0,4.0,2.0,4.0,3.0,4.0,1.0,2,3,6,6,5,5,5,3,4,2,1,1,0,1,1,0,0,0,0,1,0,0,1,1,1,1,3,2,2,1,20,1,1,5,60,1,1,3
5487,4.0,4.0,4.0,4.0,3.0,4.0,4.0,4.0,4.0,4.0,2.0,5.0,2.0,2.0,4.0,2.0,2.0,4.0,4.0,5.0,2,2,6,2,5,5,6,2,4,2,1,1,1,1,1,0,0,0,1,1,0,1,1,1,1,1,3,1,1,1,40,1,12,0,60,1,3,2
5488,2.0,4.0,4.0,1.0,4.0,3.0,2.0,4.0,3.0,2.0,2.0,4.0,3.0,2.0,4.0,4.0,2.0,4.0,4.0,1.0,3,6,7,6,5,4,4,1,3,5,1,1,0,1,1,0,0,1,0,1,0,0,1,1,1,1,3,3,2,2,21,2,1,1,60,1,1,1
5489,4.0,5.0,5.0,4.0,4.0,2.0,1.0,2.0,4.0,4.0,1.0,4.0,1.0,1.0,4.0,4.0,1.0,4.0,5.0,1.0,5,2,7,4,7,7,7,1,7,1,1,1,1,1,1,0,1,1,0,1,1,0,1,1,1,1,4,2,1,1,59,1,1,1,60,1,2,5
5490,1.0,3.0,5.0,5.0,1.0,4.0,2.0,1.0,5.0,5.0,5.0,1.0,1.0,5.0,4.0,5.0,4.0,5.0,5.0,1.0,6,6,6,2,6,2,6,5,7,3,1,1,0,1,1,0,0,1,0,1,0,0,1,1,1,1,3,2,1,1,20,2,1,1,70,1,1,2
5491,2.0,1.0,5.0,5.0,1.0,5.0,4.0,2.0,5.0,5.0,2.0,1.0,1.0,3.0,4.0,4.0,2.0,4.0,5.0,1.0,1,1,1,6,7,5,7,5,7,7,1,1,0,1,1,0,0,0,0,1,0,0,1,1,1,1,2,2,1,1,26,1,1,1,70,1,1,2
5492,1.0,1.0,5.0,5.0,1.0,3.0,1.0,2.0,5.0,5.0,3.0,2.0,1.0,4.0,3.0,4.0,3.0,1.0,5.0,1.0,2,1,6,5,7,7,3,3,3,1,1,1,1,1,1,0,1,1,0,1,1,0,1,1,1,1,4,3,1,1,51,1,12,1,60,1,2,1
5493,4.0,4.0,2.0,2.0,5.0,3.0,1.0,4.0,4.0,2.0,1.0,2.0,4.0,2.0,5.0,1.0,1.0,3.0,4.0,5.0,2,6,5,3,7,6,2,5,6,2,1,1,1,1,1,1,1,1,0,1,0,0,1,1,1,1,3,2,1,1,21,3,2,2,70,1,1,1
5494,1.0,1.0,3.0,5.0,1.0,5.0,4.0,1.0,5.0,4.0,2.0,2.0,1.0,3.0,1.0,4.0,5.0,3.0,3.0,1.0,6,2,4,5,7,1,5,1,5,1,1,1,0,1,1,0,0,0,0,1,0,0,0,1,1,1,2,2,2,1,20,1,7,1,60,1,1,2
5495,4.0,2.0,4.0,4.0,4.0,2.0,2.0,4.0,4.0,3.0,2.0,4.0,2.0,4.0,4.0,5.0,4.0,2.0,4.0,1.0,7,5,6,6,7,3,7,5,5,3,1,1,0,1,1,0,0,0,0,1,1,0,1,1,1,1,3,2,2,1,46,1,7,1,60,1,2,8
5496,4.0,5.0,3.0,1.0,5.0,2.0,1.0,2.0,3.0,4.0,1.0,5.0,5.0,4.0,5.0,5.0,1.0,5.0,5.0,3.0,7,7,2,5,7,6,7,7,6,7,1,1,0,1,1,0,0,1,0,1,1,0,1,1,1,1,2,3,2,1,19,1,1,5,70,2,1,3
5497,5.0,5.0,1.0,1.0,5.0,1.0,1.0,1.0,1.0,1.0,1.0,5.0,5.0,1.0,5.0,1.0,1.0,5.0,5.0,5.0,7,5,6,1,7,5,7,2,7,1,1,1,1,1,1,0,0,1,0,1,1,0,1,1,1,1,3,2,1,2,22,1,12,1,70,2,1,5
5498,4.0,2.0,1.0,1.0,5.0,3.0,1.0,3.0,4.0,2.0,1.0,5.0,2.0,1.0,4.0,1.0,1.0,4.0,5.0,2.0,2,6,5,5,5,7,6,3,5,1,1,1,1,1,1,1,0,0,0,1,1,0,1,1,1,1,3,3,1,1,23,1,2,2,70,1,1,1
5499,3.0,3.0,5.0,4.0,4.0,4.0,4.0,2.0,5.0,4.0,1.0,2.0,5.0,3.0,4.0,5.0,2.0,5.0,3.0,1.0,5,6,7,6,7,7,7,2,6,1,1,1,0,1,1,0,0,0,0,1,0,0,1,0,1,1,3,2,2,1,21,1,4,1,60,2,1,3
5500,4.0,3.0,4.0,3.0,4.0,2.0,2.0,4.0,4.0,4.0,2.0,2.0,3.0,4.0,3.0,3.0,3.0,2.0,3.0,2.0,4,5,6,5,5,5,5,3,3,3,1,1,0,1,1,0,0,0,0,1,0,0,0,1,1,1,3,1,2,1,21,1,1,1,70,1,1,6
5501,1.0,2.0,2.0,1.0,4.0,4.0,2.0,1.0,5.0,4.0,2.0,4.0,1.0,1.0,4.0,2.0,4.0,4.0,4.0,4.0,5,6,6,7,4,5,5,1,3,1,1,1,0,1,1,0,0,0,0,1,0,0,1,1,1,1,2,2,1,1,52,1,12,1,60,1,2,2
5502,5.0,5.0,1.0,1.0,5.0,2.0,1.0,4.0,1.0,1.0,1.0,5.0,5.0,2.0,5.0,1.0,1.0,5.0,5.0,5.0,7,6,7,3,7,4,5,5,6,4,0,1,0,0,1,0,0,0,0,0,0,1,0,1,0,1,3,2,1,1,20,1,7,1,30,1,1,1
5503,3.0,4.0,1.0,1.0,1.0,2.0,1.0,1.0,1.0,2.0,1.0,3.0,1.0,1.0,3.0,5.0,1.0,1.0,5.0,1.0,6,5,7,5,6,1,6,3,7,1,1,1,1,1,1,1,0,1,0,1,0,0,1,1,1,1,3,2,1,2,28,1,12,4,10,1,1,1
5504,4.0,4.0,2.0,3.0,4.0,2.0,1.0,4.0,5.0,1.0,2.0,5.0,2.0,2.0,4.0,4.0,2.0,4.0,5.0,3.0,5,5,6,2,7,7,5,2,7,5,0,0,0,0,0,0,0,0,0,1,0,0,0,0,0,1,3,2,1,1,22,2,1,1,60,2,1,3
5505,4.0,5.0,1.0,1.0,5.0,1.0,1.0,5.0,2.0,3.0,1.0,5.0,4.0,1.0,4.0,1.0,1.0,5.0,5.0,4.0,3,6,7,1,5,6,1,1,7,5,0,0,0,0,0,1,0,1,0,0,0,0,0,0,0,0,3,2,1,1,56,1,9,1,60,2,1,9
5506,5.0,1.0,1.0,1.0,2.0,1.0,5.0,1.0,1.0,3.0,1.0,1.0,5.0,1.0,3.0,3.0,1.0,5.0,5.0,1.0,6,5,7,1,7,5,2,3,7,1,0,0,0,0,1,0,0,0,0,0,0,0,0,1,0,1,3,2,1,1,50,1,11,1,60,1,3,7
5507,5.0,1.0,1.0,1.0,3.0,1.0,1.0,1.0,1.0,1.0,1.0,5.0,5.0,1.0,5.0,1.0,5.0,1.0,5.0,5.0,5,5,6,1,5,2,7,2,7,1,0,0,0,0,0,0,0,0,0,0,0,0,0,1,0,1,3,2,1,1,50,1,11,1,60,2,3,7
5508,5.0,1.0,3.0,4.0,2.0,2.0,2.0,1.0,5.0,5.0,5.0,4.0,1.0,2.0,2.0,2.0,5.0,4.0,5.0,2.0,3,2,6,1,7,5,7,2,7,4,0,0,0,0,0,0,0,0,0,0,0,0,0,0,0,1,3,1,2,2,48,1,4,1,60,2,3,1
5509,1.0,1.0,5.0,3.0,2.0,4.0,3.0,1.0,5.0,1.0,1.0,1.0,1.0,2.0,1.0,1.0,5.0,1.0,2.0,1.0,3,1,7,2,7,6,7,2,7,4,1,1,0,1,1,0,0,0,0,1,0,0,1,1,1,1,3,1,2,1,49,1,4,1,50,1,3,3
5510,2.0,2.0,3.0,4.0,3.0,4.0,2.0,3.0,5.0,4.0,2.0,2.0,1.0,2.0,4.0,4.0,3.0,4.0,5.0,1.0,5,5,5,2,5,3,4,5,4,4,1,1,0,1,1,0,0,0,0,1,0,0,1,1,1,1,2,3,1,2,22,1,9,1,60,2,1,2
5511,1.0,3.0,2.0,2.0,2.0,4.0,5.0,4.0,5.0,4.0,1.0,3.0,1.0,2.0,3.0,4.0,1.0,3.0,5.0,1.0,2,6,6,5,7,5,6,5,4,2,0,0,0,0,1,0,0,0,0,0,0,0,0,1,0,1,3,2,1,1,23,2,1,1,60,2,1,3
5512,4.0,4.0,2.0,4.0,4.0,4.0,2.0,2.0,3.0,2.0,1.0,5.0,4.0,4.0,5.0,1.0,2.0,4.0,5.0,2.0,5,3,3,5,5,5,6,3,5,5,1,1,0,1,1,0,0,1,0,1,0,0,0,1,1,1,3,2,2,2,25,1,2,2,60,1,1,2
5513,1.0,4.0,4.0,5.0,2.0,2.0,2.0,4.0,4.0,3.0,1.0,1.0,1.0,2.0,2.0,4.0,2.0,2.0,4.0,2.0,7,5,3,7,3,5,7,7,3,3,1,1,0,1,1,1,0,0,0,1,0,0,1,1,1,1,2,2,2,1,18,1,2,3,60,2,1,2
5514,1.0,1.0,5.0,5.0,4.0,4.0,5.0,1.0,5.0,5.0,3.0,4.0,1.0,5.0,1.0,5.0,1.0,4.0,5.0,1.0,7,6,7,6,3,1,6,1,3,1,0,0,0,0,1,0,0,0,0,1,0,0,0,0,0,1,4,3,2,2,27,1,6,1,60,2,2,3
5515,1.0,2.0,4.0,4.0,2.0,3.0,4.0,2.0,5.0,5.0,2.0,5.0,2.0,2.0,3.0,2.0,3.0,2.0,5.0,1.0,5,5,3,7,7,1,7,5,1,4,1,1,0,1,1,0,0,0,0,1,1,0,1,1,1,1,3,3,2,2,41,2,1,1,60,1,3,4
5516,5.0,5.0,1.0,1.0,5.0,1.0,1.0,4.0,1.0,1.0,1.0,5.0,5.0,1.0,5.0,1.0,1.0,5.0,5.0,5.0,4,1,7,1,7,3,2,1,5,1,1,1,0,1,1,0,0,1,1,1,0,1,0,1,1,1,2,3,1,1,18,1,1,1,70,1,1,2
5517,1.0,5.0,1.0,5.0,4.0,2.0,1.0,5.0,5.0,3.0,1.0,4.0,4.0,3.0,5.0,5.0,1.0,4.0,5.0,5.0,2,6,4,2,7,6,6,5,6,2,1,1,0,1,1,0,0,0,0,1,0,0,0,0,1,1,3,1,1,2,50,1,2,1,60,2,2,3
5518,3.0,2.0,2.0,3.0,4.0,2.0,1.0,2.0,5.0,2.0,2.0,4.0,3.0,1.0,2.0,1.0,1.0,5.0,5.0,1.0,5,1,6,1,6,7,6,1,7,2,1,1,0,1,1,0,0,1,0,1,0,0,1,1,1,1,3,2,1,2,26,1,2,1,60,2,1,3
5519,1.0,4.0,3.0,5.0,2.0,4.0,2.0,2.0,5.0,5.0,3.0,1.0,1.0,3.0,1.0,3.0,3.0,5.0,4.0,1.0,4,4,6,5,6,6,6,3,5,2,1,1,0,1,1,0,0,0,0,1,0,0,0,0,1,1,3,2,1,1,33,1,1,1,60,2,2,2
5520,4.0,4.0,4.0,2.0,5.0,1.0,1.0,2.0,4.0,4.0,1.0,5.0,1.0,2.0,4.0,4.0,2.0,5.0,4.0,3.0,6,2,3,1,7,3,6,2,6,1,1,1,1,1,1,0,0,1,0,1,0,0,1,1,1,1,4,3,1,2,41,1,1,1,70,1,1,4
5521,3.0,3.0,1.0,1.0,5.0,3.0,3.0,5.0,3.0,3.0,1.0,5.0,1.0,1.0,5.0,5.0,1.0,5.0,5.0,5.0,7,4,7,1,7,7,1,1,7,2,1,1,1,1,1,0,0,1,1,1,0,1,1,1,1,1,3,1,1,1,65,1,6,1,60,1,2,2
5522,1.0,5.0,1.0,5.0,3.0,5.0,5.0,3.0,3.0,4.0,4.0,1.0,5.0,5.0,4.0,1.0,1.0,5.0,5.0,1.0,5,2,0,1,7,5,5,5,7,1,1,0,0,1,0,0,0,0,0,1,0,0,0,0,0,1,4,3,1,1,23,1,10,3,70,1,1,10
5523,5.0,4.0,1.0,1.0,5.0,1.0,1.0,5.0,1.0,1.0,1.0,5.0,1.0,1.0,5.0,1.0,1.0,5.0,5.0,1.0,6,6,7,1,7,4,3,2,7,1,1,1,1,1,1,0,1,1,0,1,1,0,1,1,1,1,4,3,1,2,33,1,1,1,70,1,2,1
5524,4.0,4.0,4.0,4.0,5.0,2.0,2.0,2.0,3.0,4.0,1.0,1.0,3.0,2.0,4.0,4.0,4.0,4.0,4.0,3.0,5,5,6,6,5,5,3,2,3,1,1,1,0,1,1,0,0,0,0,1,0,0,1,1,1,1,4,3,2,2,31,1,2,1,60,1,1,1
5525,4.0,1.0,4.0,5.0,4.0,4.0,2.0,1.0,5.0,3.0,2.0,2.0,1.0,2.0,1.0,4.0,4.0,1.0,2.0,1.0,3,6,7,6,3,7,7,1,5,6,1,1,1,1,1,0,0,0,0,1,0,0,1,1,1,1,2,1,2,1,27,1,2,1,60,1,1,3
5526,5.0,5.0,3.0,3.0,5.0,2.0,2.0,4.0,3.0,2.0,2.0,5.0,5.0,2.0,4.0,5.0,4.0,5.0,5.0,4.0,5,7,5,6,7,4,3,5,6,3,1,1,1,1,1,0,0,0,0,1,0,0,1,1,1,1,2,2,2,1,21,1,1,2,60,0,1,2
5527,4.0,2.0,1.0,2.0,4.0,1.0,1.0,4.0,2.0,1.0,1.0,5.0,1.0,2.0,2.0,1.0,2.0,5.0,5.0,2.0,6,6,7,3,6,2,4,2,4,1,1,1,0,1,1,1,1,1,0,1,1,0,1,1,1,1,3,2,2,2,31,1,2,1,60,1,2,1
5528,1.0,2.0,3.0,4.0,4.0,4.0,2.0,1.0,5.0,4.0,2.0,3.0,1.0,3.0,3.0,4.0,3.0,4.0,5.0,1.0,3,4,6,3,6,2,6,5,6,2,1,1,0,1,1,0,0,0,0,1,0,0,1,1,1,1,3,2,1,2,25,1,12,1,60,2,1,1
5529,2.0,3.0,4.0,5.0,4.0,5.0,2.0,1.0,5.0,4.0,2.0,3.0,1.0,4.0,4.0,4.0,2.0,3.0,5.0,1.0,3,5,3,5,1,6,6,4,5,1,1,1,0,1,1,0,0,0,0,1,1,0,1,1,1,1,2,2,1,1,22,1,1,3,60,1,1,2
5530,3.0,3.0,4.0,5.0,4.0,4.0,3.0,4.0,5.0,2.0,2.0,4.0,4.0,3.0,4.0,4.0,4.0,4.0,5.0,4.0,2,1,7,2,6,6,7,2,6,5,1,1,0,1,1,0,0,1,0,1,1,0,1,1,1,1,3,2,1,1,32,1,1,1,10,1,1,4
5531,4.0,4.0,2.0,3.0,4.0,2.0,1.0,2.0,2.0,2.0,2.0,2.0,3.0,1.0,4.0,2.0,2.0,4.0,5.0,4.0,4,5,6,2,6,4,3,3,6,2,1,1,0,1,1,0,0,0,0,1,1,0,1,1,1,1,4,2,1,2,27,1,2,1,70,1,1,3
5532,2.0,2.0,2.0,5.0,2.0,4.0,4.0,2.0,5.0,4.0,2.0,1.0,1.0,2.0,3.0,4.0,2.0,2.0,3.0,1.0,3,5,6,2,5,5,6,1,7,6,1,0,0,1,0,0,0,0,0,1,0,0,1,1,1,1,2,1,1,2,20,1,2,1,60,1,1,2
5533,4.0,4.0,2.0,1.0,4.0,1.0,1.0,5.0,2.0,2.0,1.0,4.0,5.0,2.0,4.0,1.0,1.0,5.0,1.0,4.0,3,4,5,3,7,6,5,3,6,3,1,1,0,1,1,0,0,0,0,1,0,0,1,1,1,1,2,2,1,1,22,1,7,1,60,1,1,3
5534,4.0,4.0,1.0,3.0,1.0,1.0,1.0,5.0,3.0,1.0,1.0,5.0,2.0,2.0,3.0,1.0,5.0,4.0,5.0,3.0,6,1,7,5,7,2,7,1,6,1,1,1,1,1,1,1,0,1,0,1,1,0,1,1,1,1,3,3,2,2,51,1,6,1,60,2,2,1
5535,5.0,5.0,2.0,2.0,5.0,5.0,1.0,2.0,5.0,5.0,3.0,4.0,5.0,5.0,2.0,5.0,3.0,4.0,5.0,1.0,7,6,7,5,5,5,7,4,7,1,1,1,1,1,1,0,1,1,0,1,0,1,1,1,1,1,2,2,1,1,17,1,6,1,70,2,1,3
5536,1.0,1.0,2.0,1.0,1.0,1.0,1.0,4.0,4.0,3.0,1.0,2.0,1.0,2.0,4.0,2.0,1.0,4.0,5.0,1.0,3,7,4,5,7,4,4,5,4,1,1,1,0,1,1,0,0,0,0,1,0,0,1,1,1,1,3,3,1,2,20,2,2,1,60,1,1,2
5537,4.0,3.0,1.0,2.0,5.0,1.0,1.0,2.0,5.0,2.0,1.0,2.0,4.0,1.0,5.0,1.0,2.0,2.0,5.0,1.0,2,2,5,7,6,5,3,2,3,1,1,1,1,1,1,0,0,0,0,1,1,0,1,1,1,1,3,1,2,1,27,2,2,2,60,1,2,3
5538,4.0,1.0,2.0,2.0,5.0,2.0,1.0,5.0,5.0,4.0,1.0,5.0,2.0,1.0,2.0,1.0,1.0,5.0,5.0,3.0,1,3,4,2,6,6,5,5,6,6,1,1,0,1,1,0,0,0,0,1,0,0,1,1,1,1,3,3,1,1,36,1,2,1,60,0,2,3
5539,3.0,1.0,5.0,3.0,5.0,4.0,4.0,1.0,5.0,5.0,1.0,5.0,4.0,1.0,1.0,2.0,5.0,3.0,5.0,3.0,5,4,6,2,7,3,6,2,6,2,1,1,1,1,1,1,0,1,0,1,1,1,1,1,1,1,3,1,1,1,41,1,12,1,60,1,1,3
5540,3.0,1.0,5.0,5.0,3.0,5.0,3.0,5.0,5.0,5.0,1.0,1.0,1.0,4.0,1.0,5.0,1.0,3.0,5.0,2.0,1,2,7,6,7,6,7,6,1,2,1,1,0,1,0,0,0,0,0,1,0,0,0,1,0,1,4,2,2,2,31,1,7,1,60,2,1,2
5541,5.0,5.0,2.0,4.0,5.0,2.0,2.0,1.0,4.0,4.0,1.0,5.0,4.0,1.0,5.0,2.0,1.0,2.0,5.0,3.0,4,7,6,5,7,6,6,2,3,6,1,1,1,1,1,1,0,0,0,1,0,1,1,1,1,1,4,3,1,1,24,1,2,1,60,2,1,2
5542,3.0,3.0,1.0,2.0,5.0,1.0,1.0,1.0,2.0,2.0,1.0,2.0,4.0,1.0,5.0,1.0,1.0,5.0,5.0,1.0,5,5,3,2,6,5,6,5,7,2,1,1,1,1,1,0,0,0,0,1,1,0,1,1,1,1,3,2,1,1,22,1,2,1,60,1,1,2
5543,1.0,2.0,5.0,3.0,4.0,4.0,3.0,1.0,5.0,4.0,1.0,4.0,1.0,1.0,5.0,2.0,1.0,2.0,4.0,3.0,2,6,4,5,3,7,4,2,4,6,1,1,0,1,0,0,0,1,0,1,1,0,0,1,1,1,3,3,1,2,23,1,1,1,60,1,1,3
5544,4.0,4.0,2.0,1.0,3.0,3.0,1.0,4.0,2.0,2.0,2.0,5.0,5.0,1.0,5.0,1.0,2.0,4.0,5.0,5.0,6,3,6,3,6,3,3,1,4,3,1,1,1,1,1,1,1,0,1,1,0,1,1,1,1,1,2,2,2,1,20,2,2,1,10,2,1,2
5545,1.0,1.0,5.0,4.0,1.0,5.0,4.0,4.0,5.0,5.0,1.0,1.0,1.0,1.0,1.0,1.0,1.0,4.0,1.0,1.0,7,1,6,7,7,7,5,1,4,1,1,1,0,1,1,0,1,0,0,1,0,0,1,1,1,1,4,3,2,2,40,1,8,1,10,2,2,3
5546,2.0,5.0,5.0,5.0,2.0,5.0,2.0,1.0,5.0,3.0,1.0,4.0,1.0,5.0,2.0,1.0,3.0,3.0,5.0,1.0,2,5,2,5,7,7,6,7,7,4,1,1,0,1,1,0,0,0,0,1,0,0,1,1,1,1,2,3,1,1,18,1,2,1,60,2,1,1
5547,5.0,5.0,1.0,2.0,5.0,2.0,2.0,5.0,2.0,2.0,1.0,5.0,5.0,2.0,5.0,1.0,4.0,5.0,4.0,5.0,4,2,6,2,6,6,5,1,6,1,1,1,0,1,1,0,1,0,0,1,0,1,1,1,1,1,4,3,1,2,38,1,8,1,10,1,2,2
5548,3.0,2.0,2.0,4.0,3.0,2.0,2.0,1.0,5.0,4.0,1.0,2.0,2.0,3.0,4.0,5.0,1.0,4.0,5.0,1.0,6,6,5,6,5,1,7,3,3,1,1,1,0,1,0,0,0,0,0,1,0,0,1,0,1,1,3,3,1,2,34,1,2,1,60,1,1,2
5549,2.0,1.0,2.0,2.0,1.0,2.0,2.0,4.0,3.0,2.0,1.0,2.0,2.0,2.0,4.0,1.0,2.0,5.0,5.0,1.0,6,3,3,2,6,1,7,2,3,1,1,1,1,1,1,0,0,0,0,1,0,1,1,1,1,1,2,2,2,1,40,2,12,1,70,2,2,2
5550,3.0,4.0,2.0,1.0,5.0,1.0,1.0,3.0,3.0,4.0,1.0,4.0,4.0,2.0,3.0,1.0,2.0,2.0,5.0,3.0,2,5,5,4,5,6,2,2,4,4,1,1,0,1,1,0,0,0,0,1,0,0,1,1,1,1,3,2,1,1,35,1,6,1,60,1,2,2
5551,3.0,5.0,4.0,1.0,5.0,3.0,1.0,5.0,3.0,2.0,2.0,3.0,1.0,1.0,5.0,1.0,5.0,3.0,5.0,5.0,7,7,2,7,7,5,4,5,3,1,1,1,0,1,1,0,0,0,0,1,0,0,0,0,1,1,4,3,2,2,37,1,12,1,70,1,2,3
5552,2.0,3.0,4.0,4.0,4.0,3.0,3.0,2.0,4.0,4.0,3.0,3.0,4.0,3.0,3.0,4.0,4.0,3.0,5.0,2.0,5,4,6,2,6,5,6,3,5,2,1,0,0,1,1,0,0,0,0,1,1,0,0,0,1,1,3,3,2,2,22,1,0,2,0,1,1,2
5553,5.0,5.0,2.0,1.0,5.0,2.0,1.0,4.0,2.0,1.0,1.0,5.0,5.0,1.0,5.0,1.0,1.0,5.0,5.0,2.0,4,6,3,2,7,2,5,7,1,1,1,1,0,1,1,0,0,1,0,1,0,0,1,1,1,1,2,1,2,1,20,2,1,1,60,1,1,2
5554,4.0,4.0,1.0,1.0,5.0,1.0,5.0,4.0,4.0,2.0,1.0,5.0,4.0,1.0,4.0,1.0,1.0,4.0,5.0,1.0,1,5,1,7,4,4,2,5,4,5,1,1,1,1,1,0,1,1,1,1,0,1,1,1,1,1,3,3,1,2,21,1,1,3,60,2,1,1
5555,5.0,5.0,2.0,1.0,5.0,1.0,1.0,3.0,1.0,3.0,3.0,5.0,3.0,1.0,3.0,3.0,2.0,5.0,5.0,3.0,1,4,7,3,7,6,3,1,5,1,1,1,1,1,0,0,0,1,0,1,0,0,0,1,1,1,3,3,1,2,26,1,7,1,60,1,1,0
5556,5.0,5.0,2.0,4.0,5.0,1.0,1.0,3.0,5.0,1.0,1.0,5.0,1.0,1.0,5.0,1.0,1.0,5.0,5.0,3.0,6,4,7,4,7,3,6,1,7,4,1,1,0,1,1,0,0,0,0,1,1,0,1,1,1,1,3,2,1,1,33,1,2,1,60,1,1,2
5557,4.0,1.0,2.0,2.0,1.0,2.0,2.0,2.0,5.0,2.0,1.0,3.0,1.0,2.0,1.0,2.0,1.0,1.0,4.0,1.0,1,5,7,4,5,7,5,1,6,2,1,1,0,1,1,0,0,1,0,1,1,0,1,1,1,1,3,2,1,2,36,1,1,1,60,2,1,4
5558,2.0,3.0,4.0,1.0,5.0,4.0,3.0,2.0,4.0,3.0,2.0,5.0,3.0,1.0,1.0,2.0,2.0,5.0,1.0,5.0,1,4,7,6,7,7,4,7,5,1,1,1,1,1,1,0,0,0,0,1,0,0,1,1,1,1,3,3,2,1,29,2,6,1,70,1,1,2
5559,1.0,3.0,4.0,3.0,1.0,1.0,2.0,4.0,5.0,4.0,1.0,4.0,1.0,2.0,1.0,5.0,2.0,1.0,5.0,3.0,3,5,6,2,7,5,5,1,6,1,1,1,1,1,1,0,1,0,1,1,0,0,1,1,1,1,2,3,1,1,21,1,1,1,60,1,1,2
5560,5.0,5.0,5.0,3.0,4.0,3.0,3.0,5.0,3.0,5.0,1.0,5.0,5.0,1.0,1.0,5.0,5.0,5.0,5.0,5.0,6,7,6,6,1,4,6,6,7,1,1,1,1,1,1,0,1,0,0,1,0,0,1,1,1,1,3,3,1,2,33,1,3,1,70,1,1,2
5561,5.0,4.0,3.0,2.0,5.0,4.0,1.0,2.0,5.0,2.0,4.0,5.0,4.0,1.0,5.0,4.0,1.0,4.0,5.0,1.0,4,5,5,5,7,7,4,5,7,5,1,1,0,1,1,0,0,0,0,1,0,0,0,1,1,1,2,3,1,1,21,1,4,1,10,2,1,1
5562,5.0,5.0,2.0,2.0,3.0,2.0,4.0,5.0,4.0,1.0,1.0,5.0,4.0,1.0,5.0,2.0,3.0,5.0,3.0,4.0,6,4,5,4,7,6,2,6,6,4,1,1,0,1,1,0,0,0,0,1,0,0,1,1,1,1,1,2,1,2,15,1,4,1,70,2,1,4
5563,5.0,5.0,1.0,4.0,5.0,1.0,1.0,5.0,3.0,3.0,2.0,5.0,5.0,1.0,5.0,1.0,1.0,5.0,5.0,4.0,3,6,1,1,5,5,1,4,6,1,1,1,1,1,1,0,0,1,0,1,0,0,1,1,1,1,3,3,1,1,27,1,2,1,60,1,1,0
5564,2.0,2.0,5.0,4.0,2.0,4.0,3.0,4.0,4.0,4.0,4.0,3.0,2.0,3.0,2.0,3.0,4.0,4.0,5.0,1.0,6,3,7,1,7,3,5,3,6,2,1,1,0,1,1,0,0,0,0,1,0,0,0,1,0,1,3,1,2,1,24,1,7,1,70,1,1,2
5565,4.0,5.0,1.0,1.0,4.0,2.0,2.0,4.0,3.0,3.0,2.0,5.0,5.0,1.0,3.0,3.0,1.0,4.0,5.0,3.0,4,5,4,2,5,7,2,5,6,4,1,1,0,1,1,0,0,0,0,1,0,0,1,1,1,1,2,2,1,2,23,1,7,1,70,2,1,1
5566,5.0,5.0,1.0,1.0,5.0,1.0,1.0,5.0,1.0,1.0,1.0,5.0,5.0,1.0,5.0,1.0,1.0,5.0,5.0,1.0,7,7,5,6,7,5,2,5,1,3,1,1,1,1,1,0,0,0,0,1,0,0,1,1,1,1,2,3,2,1,21,1,2,5,10,1,1,1
5567,2.0,1.0,1.0,1.0,1.0,2.0,1.0,1.0,1.0,1.0,1.0,5.0,1.0,2.0,5.0,2.0,4.0,5.0,5.0,1.0,3,6,7,2,5,2,1,1,7,2,1,1,0,1,1,0,0,0,0,1,0,0,0,1,1,1,3,2,2,1,28,1,1,1,10,2,1,2
5568,1.0,2.0,3.0,3.0,4.0,4.0,2.0,3.0,4.0,3.0,2.0,3.0,1.0,2.0,3.0,2.0,1.0,3.0,5.0,1.0,4,4,6,4,6,6,7,1,7,2,1,1,0,1,1,0,0,0,0,1,1,0,0,0,1,1,4,3,1,2,27,1,2,1,10,2,1,1
5569,4.0,4.0,3.0,1.0,2.0,3.0,1.0,2.0,4.0,4.0,1.0,4.0,2.0,2.0,2.0,2.0,2.0,5.0,5.0,4.0,3,5,3,5,6,7,5,5,3,1,1,1,0,1,1,1,0,0,0,1,0,0,1,1,1,1,2,2,1,1,24,1,1,1,70,1,1,2
5570,5.0,5.0,5.0,2.0,5.0,4.0,5.0,5.0,4.0,5.0,1.0,5.0,3.0,3.0,5.0,2.0,3.0,4.0,4.0,3.0,6,4,7,5,7,1,5,5,5,4,1,1,0,1,1,0,0,1,0,1,0,1,0,1,1,1,4,3,1,1,34,2,8,1,10,1,2,2
5571,5.0,5.0,1.0,1.0,5.0,5.0,1.0,5.0,3.0,3.0,1.0,5.0,3.0,1.0,1.0,5.0,1.0,1.0,1.0,1.0,6,7,1,5,7,5,6,7,4,4,1,1,1,1,1,0,0,0,0,1,0,0,1,1,1,1,3,2,2,1,29,3,12,2,60,2,1,0
5572,1.0,4.0,2.0,3.0,1.0,1.0,1.0,1.0,5.0,5.0,1.0,4.0,3.0,3.0,5.0,1.0,2.0,5.0,5.0,1.0,4,4,6,3,7,2,6,6,4,1,1,1,0,1,1,0,0,0,0,1,0,0,1,0,1,1,2,3,2,2,19,1,1,2,10,2,1,2
5573,4.0,5.0,1.0,1.0,4.0,1.0,1.0,5.0,3.0,1.0,1.0,5.0,5.0,1.0,4.0,1.0,1.0,5.0,5.0,1.0,6,5,3,7,7,7,7,7,6,4,1,1,1,1,1,0,0,0,0,1,0,0,0,1,1,1,2,3,1,2,19,1,7,1,60,2,1,2
5574,2.0,1.0,2.0,5.0,3.0,4.0,2.0,5.0,5.0,5.0,1.0,1.0,5.0,3.0,3.0,5.0,3.0,5.0,1.0,2.0,2,6,6,7,5,4,7,2,2,1,1,1,1,1,1,0,0,0,0,1,0,0,0,1,1,1,3,2,2,1,58,1,7,1,60,2,3,2
5575,1.0,1.0,4.0,4.0,4.0,4.0,2.0,1.0,5.0,5.0,2.0,4.0,1.0,4.0,4.0,4.0,4.0,2.0,5.0,2.0,6,6,5,5,7,5,5,5,3,3,1,1,1,1,1,0,0,1,0,1,0,0,1,1,1,1,2,1,2,1,18,1,7,3,60,2,1,6
5576,5.0,3.0,5.0,4.0,3.0,3.0,2.0,2.0,5.0,2.0,2.0,5.0,4.0,1.0,4.0,2.0,1.0,4.0,5.0,1.0,3,5,6,2,6,4,7,2,7,1,1,1,0,1,1,0,0,1,1,1,0,0,1,1,1,1,2,2,2,1,29,1,1,1,60,1,2,2
5577,1.0,2.0,5.0,4.0,3.0,5.0,5.0,4.0,5.0,5.0,1.0,4.0,1.0,1.0,1.0,5.0,2.0,4.0,5.0,4.0,7,6,6,2,7,1,5,2,5,1,1,1,0,1,1,1,0,0,0,1,0,0,1,1,1,1,2,2,1,1,20,1,6,1,60,2,1,3
5578,5.0,5.0,4.0,1.0,5.0,3.0,1.0,5.0,5.0,5.0,1.0,5.0,5.0,1.0,1.0,2.0,1.0,5.0,5.0,5.0,1,7,7,6,4,7,5,4,1,1,1,1,1,1,1,0,0,0,0,1,1,1,0,1,1,1,3,3,2,2,37,1,10,1,60,1,1,4
5579,1.0,2.0,3.0,2.0,2.0,4.0,4.0,4.0,5.0,4.0,1.0,4.0,1.0,2.0,1.0,1.0,3.0,4.0,5.0,1.0,6,5,6,6,3,3,6,5,2,2,1,1,1,1,1,0,1,1,0,1,1,0,1,1,1,1,4,2,2,1,29,1,1,5,60,1,1,2
5580,4.0,1.0,1.0,1.0,4.0,4.0,4.0,2.0,5.0,1.0,2.0,5.0,1.0,1.0,1.0,2.0,4.0,1.0,1.0,1.0,1,2,6,6,5,6,7,1,2,2,1,1,1,1,1,1,1,0,0,1,0,0,1,1,1,1,3,2,2,1,47,1,6,1,60,1,3,3
5581,1.0,4.0,2.0,5.0,4.0,1.0,2.0,1.0,5.0,1.0,1.0,1.0,1.0,5.0,4.0,4.0,1.0,1.0,5.0,1.0,6,1,7,1,4,2,6,2,7,3,1,1,0,1,1,0,0,0,0,1,0,0,1,1,1,1,3,3,2,1,63,1,6,0,60,1,1,9
5582,5.0,5.0,1.0,1.0,5.0,1.0,1.0,5.0,3.0,1.0,1.0,5.0,5.0,1.0,5.0,1.0,1.0,5.0,5.0,5.0,2,6,7,1,6,7,2,1,7,6,1,1,0,1,1,0,1,0,0,1,0,0,0,1,1,1,3,3,1,1,30,3,2,1,10,1,1,4
5583,1.0,4.0,4.0,2.0,1.0,3.0,2.0,1.0,5.0,3.0,2.0,1.0,4.0,5.0,4.0,5.0,2.0,4.0,5.0,4.0,2,6,6,7,5,4,5,3,1,1,1,1,0,1,1,0,0,0,0,1,0,0,1,1,1,1,1,2,2,1,15,1,2,1,60,2,1,2
5584,2.0,4.0,1.0,2.0,4.0,1.0,1.0,4.0,1.0,1.0,1.0,4.0,4.0,2.0,4.0,1.0,1.0,4.0,5.0,4.0,6,7,5,5,5,1,5,1,3,3,1,1,1,1,1,0,1,1,0,1,1,0,1,1,1,1,4,3,1,1,35,1,2,3,60,1,1,2
5585,5.0,5.0,2.0,4.0,4.0,1.0,1.0,3.0,2.0,1.0,1.0,5.0,2.0,1.0,4.0,1.0,1.0,4.0,5.0,4.0,3,6,5,5,4,7,6,5,6,1,1,1,0,1,1,0,0,0,0,1,0,0,1,1,1,1,2,3,1,2,21,1,2,1,60,1,1,1
5586,5.0,1.0,5.0,1.0,5.0,5.0,5.0,5.0,5.0,3.0,1.0,5.0,1.0,1.0,1.0,5.0,1.0,4.0,1.0,5.0,1,5,6,1,1,7,1,4,6,4,1,1,1,1,1,0,1,1,0,1,0,0,1,1,1,1,3,3,1,1,45,2,6,1,70,1,2,2
5587,5.0,4.0,5.0,2.0,4.0,4.0,4.0,4.0,2.0,2.0,2.0,5.0,4.0,1.0,4.0,1.0,1.0,4.0,4.0,4.0,1,6,6,7,5,6,6,1,2,5,1,1,0,1,1,0,0,0,0,1,0,0,1,1,1,1,4,3,1,2,30,2,7,1,60,2,3,1
5588,5.0,5.0,3.0,1.0,5.0,1.0,2.0,5.0,1.0,5.0,1.0,5.0,4.0,2.0,5.0,1.0,1.0,5.0,5.0,2.0,4,0,7,6,7,5,5,5,1,1,1,1,0,1,1,0,0,0,0,1,0,0,1,1,1,1,2,3,2,2,19,2,8,1,10,2,1,3
5589,4.0,4.0,4.0,2.0,3.0,5.0,2.0,4.0,4.0,4.0,3.0,4.0,3.0,2.0,4.0,4.0,2.0,5.0,5.0,1.0,3,5,2,2,3,7,4,3,7,3,0,0,0,0,0,0,0,0,0,1,0,0,0,0,0,1,2,3,1,2,20,1,2,1,60,2,1,0
5590,1.0,1.0,5.0,5.0,4.0,4.0,5.0,5.0,5.0,5.0,1.0,5.0,1.0,1.0,2.0,1.0,1.0,4.0,5.0,5.0,1,6,7,7,2,7,6,1,2,7,1,1,0,1,1,0,0,0,0,1,0,0,1,1,1,1,4,0,1,2,46,1,8,2,10,1,3,9
5591,4.0,1.0,5.0,5.0,1.0,5.0,4.0,1.0,5.0,5.0,2.0,1.0,1.0,5.0,1.0,5.0,1.0,4.0,3.0,1.0,1,5,6,2,6,6,4,2,6,1,1,1,1,1,1,0,0,0,0,1,0,1,0,0,1,1,4,3,2,1,55,3,7,4,60,1,3,5
5592,5.0,5.0,1.0,1.0,5.0,2.0,1.0,5.0,1.0,1.0,1.0,4.0,5.0,1.0,1.0,1.0,1.0,5.0,5.0,5.0,6,2,6,4,7,5,1,3,3,3,1,1,0,1,1,0,1,0,0,1,0,0,1,1,1,1,4,2,1,2,23,1,8,1,70,1,1,1
5593,5.0,5.0,1.0,3.0,5.0,1.0,1.0,5.0,3.0,1.0,1.0,4.0,4.0,1.0,5.0,1.0,1.0,4.0,5.0,3.0,7,6,6,5,7,4,6,2,6,1,1,1,0,1,1,0,0,0,0,1,0,0,0,1,1,1,2,1,1,1,19,1,2,1,60,1,1,4
5594,1.0,2.0,4.0,3.0,1.0,3.0,2.0,1.0,5.0,4.0,2.0,3.0,1.0,5.0,3.0,4.0,5.0,2.0,3.0,1.0,5,4,2,6,5,5,7,6,5,3,1,1,0,0,1,0,0,0,0,1,1,0,1,1,1,1,3,2,2,1,29,2,1,2,60,2,1,2
5595,1.0,2.0,3.0,2.0,4.0,3.0,1.0,1.0,4.0,4.0,3.0,2.0,1.0,3.0,4.0,2.0,2.0,3.0,5.0,1.0,7,4,6,5,7,4,6,2,5,2,1,1,1,1,1,0,0,0,0,1,0,1,1,1,1,1,2,2,2,1,19,1,1,1,10,2,1,1
5596,3.0,4.0,2.0,3.0,3.0,3.0,2.0,2.0,5.0,2.0,2.0,5.0,4.0,2.0,4.0,2.0,3.0,2.0,4.0,1.0,7,5,4,6,5,3,6,6,3,3,1,1,0,1,1,0,0,0,0,1,0,0,1,1,1,1,3,2,2,1,24,3,2,1,10,1,1,4
5597,5.0,4.0,3.0,2.0,2.0,4.0,2.0,5.0,4.0,3.0,1.0,2.0,4.0,2.0,5.0,2.0,1.0,5.0,5.0,2.0,2,2,4,4,5,5,5,5,6,6,1,1,1,1,0,0,0,0,0,1,0,0,1,1,1,1,2,3,1,1,19,1,1,1,60,1,1,2
5598,5.0,4.0,4.0,4.0,4.0,5.0,1.0,3.0,5.0,5.0,1.0,1.0,2.0,2.0,1.0,1.0,5.0,1.0,5.0,3.0,6,2,1,5,7,7,5,6,7,1,1,1,1,1,1,0,1,1,1,1,1,0,1,1,1,1,3,3,2,2,33,1,1,1,60,2,1,2
5599,3.0,5.0,2.0,1.0,4.0,2.0,1.0,2.0,3.0,3.0,1.0,5.0,4.0,1.0,5.0,5.0,1.0,5.0,5.0,1.0,3,6,5,2,5,7,1,3,7,3,1,1,1,1,1,1,1,1,1,1,0,0,1,1,1,1,3,2,1,1,20,2,1,1,60,1,1,3
5600,5.0,5.0,1.0,4.0,4.0,4.0,1.0,2.0,3.0,1.0,2.0,5.0,4.0,1.0,5.0,1.0,1.0,5.0,4.0,3.0,7,7,6,5,6,1,4,5,3,1,1,1,1,1,1,0,0,1,0,1,0,0,1,1,1,1,3,0,1,1,43,2,1,1,60,1,2,1
5601,4.0,4.0,4.0,3.0,3.0,3.0,3.0,3.0,4.0,2.0,3.0,4.0,3.0,2.0,4.0,3.0,3.0,4.0,5.0,3.0,3,6,5,5,5,6,4,5,3,2,1,0,0,1,1,0,0,0,0,1,0,0,0,0,1,1,2,2,1,2,21,1,12,1,60,2,1,1
5602,2.0,1.0,5.0,4.0,2.0,5.0,2.0,1.0,5.0,2.0,1.0,4.0,1.0,1.0,5.0,5.0,2.0,1.0,1.0,1.0,7,5,7,7,7,1,7,6,6,1,1,1,1,1,1,0,1,1,0,1,1,1,1,1,1,1,3,3,2,1,55,1,4,1,60,1,1,5
5603,5.0,1.0,2.0,4.0,4.0,2.0,2.0,1.0,5.0,5.0,1.0,4.0,1.0,4.0,4.0,1.0,1.0,4.0,2.0,1.0,5,5,6,5,7,3,2,5,5,6,1,1,0,1,1,0,0,1,0,1,1,0,1,1,1,1,2,1,1,1,58,1,6,1,60,1,2,2
5604,2.0,1.0,4.0,1.0,3.0,5.0,4.0,4.0,5.0,5.0,2.0,4.0,2.0,2.0,1.0,4.0,4.0,2.0,5.0,2.0,3,6,3,6,7,4,4,6,2,1,1,1,0,1,1,0,0,1,0,1,1,0,0,1,1,1,3,1,2,2,19,1,4,4,60,1,1,1
5605,4.0,2.0,2.0,2.0,4.0,4.0,2.0,4.0,4.0,2.0,2.0,4.0,4.0,2.0,5.0,4.0,4.0,4.0,4.0,2.0,6,5,5,5,7,3,5,3,5,2,1,1,0,1,1,0,0,1,0,1,0,0,1,1,1,1,4,3,1,1,24,1,7,1,70,1,1,2
5606,1.0,2.0,2.0,4.0,2.0,5.0,4.0,1.0,5.0,1.0,3.0,2.0,1.0,4.0,3.0,5.0,3.0,3.0,3.0,1.0,6,5,6,2,6,5,7,4,6,3,1,1,0,1,1,0,0,0,0,1,0,0,1,1,1,1,2,3,2,1,21,1,7,1,70,2,1,4
5607,4.0,4.0,5.0,3.0,4.0,3.0,1.0,2.0,3.0,4.0,4.0,4.0,3.0,2.0,4.0,2.0,2.0,4.0,1.0,1.0,2,5,4,6,6,6,6,7,1,1,1,1,1,1,1,0,1,1,0,1,1,1,1,1,1,1,4,3,2,1,50,2,1,1,30,2,3,1
5608,4.0,5.0,1.0,2.0,4.0,1.0,1.0,4.0,3.0,2.0,2.0,5.0,4.0,2.0,5.0,3.0,1.0,1.0,5.0,3.0,5,1,7,1,7,2,6,1,7,1,1,1,0,1,1,0,0,0,0,1,0,0,1,1,1,1,3,1,1,1,39,1,2,1,60,1,1,2
5609,2.0,4.0,4.0,3.0,5.0,2.0,1.0,5.0,2.0,4.0,1.0,1.0,4.0,1.0,4.0,1.0,1.0,1.0,5.0,5.0,4,5,7,1,6,2,3,2,6,3,0,1,0,1,1,0,0,0,0,0,0,0,1,1,1,1,2,1,1,1,20,1,2,1,60,1,1,1
5610,4.0,2.0,2.0,5.0,5.0,2.0,5.0,4.0,5.0,5.0,4.0,2.0,2.0,4.0,1.0,2.0,5.0,4.0,1.0,4.0,6,3,5,5,3,5,5,2,6,2,1,0,0,1,0,0,0,1,0,0,0,1,1,1,1,1,2,3,2,2,50,1,7,1,60,2,3,1
5611,4.0,2.0,5.0,4.0,2.0,5.0,4.0,3.0,5.0,5.0,2.0,4.0,1.0,1.0,2.0,4.0,3.0,2.0,2.0,2.0,5,2,7,6,5,5,7,2,6,3,1,1,0,1,1,1,0,1,0,1,0,0,0,0,1,1,3,1,2,2,48,1,6,1,60,1,1,6
5612,3.0,3.0,2.0,4.0,4.0,1.0,1.0,3.0,4.0,4.0,1.0,3.0,1.0,2.0,5.0,1.0,1.0,4.0,5.0,1.0,3,3,6,4,6,3,5,2,4,3,1,1,1,1,1,0,1,1,0,1,0,0,1,1,1,1,4,3,2,1,31,1,3,1,10,1,1,5
5613,3.0,4.0,4.0,2.0,4.0,1.0,1.0,4.0,4.0,2.0,1.0,5.0,2.0,4.0,5.0,2.0,2.0,5.0,5.0,1.0,6,7,5,7,5,5,2,4,1,1,1,1,0,1,1,0,0,1,0,1,0,0,1,1,1,1,2,2,2,1,20,1,1,1,60,1,1,2
5614,3.0,5.0,2.0,2.0,4.0,1.0,4.0,4.0,4.0,2.0,1.0,4.0,5.0,1.0,5.0,1.0,2.0,5.0,5.0,1.0,7,2,5,6,6,2,6,6,3,2,1,1,1,1,1,0,1,1,0,1,0,0,1,1,1,1,2,2,2,1,18,1,2,2,60,2,1,1
5615,4.0,5.0,2.0,1.0,1.0,1.0,2.0,5.0,2.0,2.0,1.0,5.0,5.0,2.0,5.0,2.0,1.0,5.0,4.0,5.0,1,6,7,1,6,7,5,1,7,2,0,0,0,1,0,0,0,0,0,1,0,0,0,1,0,0,4,1,1,2,23,3,1,1,30,2,1,1
5616,5.0,4.0,1.0,2.0,4.0,1.0,1.0,5.0,2.0,1.0,1.0,5.0,5.0,1.0,4.0,1.0,2.0,4.0,5.0,5.0,1,6,3,7,5,7,4,5,2,4,1,1,0,1,1,0,0,1,0,0,0,0,0,0,1,0,3,3,1,1,24,1,2,1,70,2,1,4
5617,1.0,2.0,5.0,5.0,3.0,4.0,5.0,1.0,5.0,5.0,3.0,2.0,1.0,5.0,2.0,3.0,3.0,1.0,3.0,1.0,7,2,7,6,6,1,7,4,5,2,1,1,1,1,1,0,0,1,0,1,0,0,1,1,1,1,3,2,2,1,52,1,6,1,60,1,2,3
5618,1.0,3.0,1.0,1.0,4.0,2.0,1.0,4.0,5.0,5.0,1.0,5.0,1.0,3.0,1.0,1.0,1.0,5.0,5.0,3.0,2,7,4,6,1,7,1,2,5,5,1,1,0,1,1,0,0,0,0,1,0,0,1,1,1,1,2,3,1,2,28,2,2,1,70,1,1,3
5619,2.0,4.0,4.0,2.0,3.0,2.0,2.0,1.0,5.0,3.0,2.0,2.0,2.0,2.0,3.0,2.0,3.0,4.0,5.0,1.0,1,4,7,7,6,7,3,1,2,2,0,1,0,1,1,0,0,0,0,1,0,0,0,1,1,1,4,3,2,2,25,1,2,1,60,2,1,1
5620,1.0,1.0,5.0,1.0,5.0,1.0,5.0,5.0,5.0,5.0,1.0,1.0,1.0,1.0,1.0,1.0,5.0,1.0,5.0,3.0,1,2,6,2,5,7,6,2,6,1,1,1,0,1,1,0,0,0,0,1,0,0,1,0,1,1,3,1,2,2,25,1,6,2,30,1,1,3
5621,5.0,2.0,2.0,2.0,5.0,5.0,2.0,5.0,5.0,4.0,1.0,5.0,5.0,1.0,4.0,2.0,5.0,4.0,2.0,4.0,4,5,4,5,7,6,4,3,3,3,1,0,0,0,0,0,0,0,0,0,0,0,0,1,1,1,3,3,2,2,20,1,10,2,10,1,1,6
5622,3.0,2.0,5.0,3.0,4.0,4.0,4.0,2.0,5.0,5.0,4.0,4.0,2.0,3.0,2.0,4.0,4.0,2.0,3.0,1.0,6,3,7,3,7,3,7,2,5,2,1,0,0,0,0,0,0,0,0,1,0,0,0,1,0,1,2,1,1,1,40,1,7,1,70,2,2,2
5623,1.0,1.0,4.0,4.0,2.0,4.0,4.0,1.0,5.0,4.0,1.0,1.0,3.0,3.0,2.0,3.0,2.0,1.0,5.0,1.0,5,5,6,2,7,4,6,5,6,1,1,1,0,1,1,0,0,1,0,1,1,0,1,1,1,1,3,2,2,1,27,1,1,3,60,1,1,3
5624,1.0,1.0,4.0,5.0,1.0,5.0,5.0,1.0,5.0,5.0,1.0,1.0,1.0,3.0,1.0,1.0,4.0,4.0,1.0,1.0,3,5,7,2,6,7,7,2,7,6,1,1,0,1,1,1,0,0,0,1,0,0,1,1,1,0,2,3,2,2,51,1,4,1,70,1,3,4
5625,5.0,1.0,2.0,2.0,1.0,5.0,4.0,1.0,5.0,4.0,1.0,1.0,1.0,1.0,1.0,4.0,5.0,1.0,1.0,1.0,5,2,7,5,6,3,6,1,3,5,1,1,1,1,1,0,1,0,1,1,0,1,1,1,1,1,4,2,2,1,42,1,4,1,70,1,2,3
5626,5.0,5.0,5.0,4.0,1.0,1.0,1.0,1.0,4.0,2.0,1.0,5.0,5.0,3.0,5.0,1.0,1.0,3.0,5.0,1.0,6,7,7,5,7,5,3,3,4,3,1,1,0,1,1,0,0,0,0,1,0,0,1,1,1,1,4,1,1,2,27,1,2,1,10,2,1,2
5627,1.0,1.0,4.0,5.0,1.0,4.0,4.0,2.0,5.0,4.0,1.0,1.0,1.0,3.0,1.0,1.0,1.0,1.0,5.0,1.0,7,5,6,2,7,1,7,4,6,3,1,1,0,1,1,1,0,0,0,1,0,0,1,1,1,1,4,1,1,1,45,1,4,1,70,1,2,6
5628,2.0,1.0,5.0,4.0,2.0,2.0,2.0,1.0,5.0,5.0,3.0,4.0,1.0,3.0,1.0,1.0,5.0,1.0,3.0,1.0,5,5,6,6,4,6,6,3,5,2,1,1,0,1,1,0,0,1,0,1,1,0,1,1,1,1,0,3,2,2,45,1,1,1,60,2,2,1
5629,2.0,4.0,1.0,1.0,5.0,1.0,1.0,3.0,3.0,2.0,1.0,2.0,4.0,1.0,5.0,1.0,1.0,5.0,5.0,2.0,1,7,2,6,5,7,3,6,3,1,1,1,1,1,1,0,0,1,0,1,1,0,1,1,1,1,3,3,1,1,23,1,9,3,60,1,1,2
5630,4.0,4.0,2.0,1.0,5.0,2.0,1.0,5.0,2.0,2.0,1.0,5.0,4.0,2.0,4.0,2.0,2.0,4.0,1.0,1.0,3,7,7,5,3,2,3,1,3,3,1,1,1,1,1,0,1,1,0,1,1,0,1,1,1,1,4,2,1,1,63,1,7,1,60,1,2,3
5631,2.0,1.0,3.0,4.0,3.0,2.0,2.0,2.0,5.0,3.0,2.0,4.0,4.0,2.0,2.0,3.0,4.0,4.0,3.0,2.0,5,5,5,6,4,5,6,3,3,3,1,1,0,1,1,0,0,0,0,1,0,0,1,1,1,1,3,1,2,1,29,1,4,1,60,2,1,2
5632,2.0,3.0,2.0,3.0,2.0,5.0,1.0,1.0,5.0,5.0,3.0,1.0,1.0,2.0,5.0,1.0,2.0,5.0,5.0,1.0,5,3,6,7,2,2,7,3,6,2,1,1,0,1,1,0,0,1,0,1,0,1,1,1,1,1,2,1,2,1,19,1,12,3,60,1,1,2
5633,3.0,1.0,3.0,5.0,5.0,5.0,5.0,5.0,5.0,3.0,1.0,5.0,5.0,1.0,1.0,5.0,5.0,5.0,5.0,5.0,4,7,7,7,7,7,7,7,1,1,1,1,0,1,1,0,1,0,0,1,0,0,0,1,1,1,2,1,2,1,20,1,1,1,60,2,1,3
5634,4.0,4.0,4.0,4.0,5.0,2.0,2.0,2.0,4.0,3.0,3.0,4.0,4.0,1.0,5.0,4.0,5.0,2.0,2.0,1.0,6,2,3,5,7,7,7,7,3,3,1,1,0,1,1,0,0,0,0,1,0,0,0,1,1,1,3,1,2,2,26,1,4,2,10,1,1,3
5635,1.0,4.0,3.0,3.0,4.0,4.0,2.0,4.0,3.0,4.0,1.0,5.0,4.0,2.0,2.0,2.0,2.0,4.0,5.0,1.0,4,5,6,6,7,3,6,5,3,1,1,1,1,1,1,0,0,0,0,1,0,0,1,1,1,1,3,2,2,1,31,3,6,1,60,2,2,2
5636,1.0,4.0,3.0,5.0,1.0,4.0,3.0,4.0,5.0,4.0,5.0,2.0,4.0,2.0,2.0,4.0,1.0,1.0,5.0,1.0,5,3,7,7,2,1,6,5,3,4,1,1,0,1,1,0,0,0,0,0,0,0,1,1,1,1,2,3,2,1,19,1,12,1,30,1,1,3
5637,5.0,5.0,1.0,1.0,5.0,1.0,1.0,5.0,3.0,5.0,1.0,5.0,2.0,1.0,1.0,1.0,3.0,5.0,3.0,5.0,5,6,6,1,7,7,4,3,7,1,1,1,0,1,1,0,1,0,0,1,0,1,1,1,1,1,3,1,1,2,25,1,8,1,70,2,1,2
5638,1.0,1.0,5.0,4.0,1.0,5.0,2.0,1.0,1.0,5.0,1.0,1.0,1.0,2.0,1.0,4.0,5.0,1.0,4.0,1.0,3,1,6,6,7,5,7,1,6,2,1,1,0,1,1,0,0,0,0,1,0,0,1,1,1,1,4,3,2,1,25,1,1,1,30,1,2,3
5639,1.0,1.0,2.0,5.0,2.0,2.0,2.0,1.0,5.0,5.0,2.0,1.0,1.0,2.0,1.0,2.0,5.0,2.0,5.0,1.0,2,3,6,6,7,7,2,2,6,1,1,1,1,1,1,0,1,1,0,1,1,0,1,1,1,1,3,2,3,1,33,1,5,5,70,2,1,3
5640,5.0,1.0,4.0,3.0,3.0,5.0,5.0,1.0,5.0,5.0,3.0,1.0,3.0,1.0,4.0,3.0,4.0,1.0,4.0,1.0,7,4,6,2,6,5,5,1,6,2,1,1,1,1,1,0,0,1,1,1,1,0,1,1,1,1,3,2,1,1,31,1,12,1,60,2,3,4
5641,1.0,1.0,1.0,5.0,1.0,5.0,5.0,4.0,5.0,5.0,3.0,1.0,1.0,4.0,5.0,5.0,5.0,1.0,5.0,1.0,2,6,7,5,2,5,7,1,7,1,1,1,0,1,1,0,0,0,0,1,0,0,0,1,1,1,2,3,2,1,19,1,7,1,0,1,1,3
5642,5.0,2.0,4.0,1.0,5.0,2.0,2.0,2.0,5.0,5.0,1.0,5.0,5.0,1.0,4.0,1.0,1.0,4.0,5.0,5.0,2,5,7,1,7,3,6,1,7,1,1,1,0,1,1,0,0,0,0,0,0,1,1,1,1,1,3,1,1,2,30,1,2,1,60,1,2,3
5643,4.0,5.0,4.0,2.0,5.0,1.0,1.0,2.0,2.0,1.0,2.0,4.0,4.0,2.0,1.0,1.0,1.0,2.0,4.0,3.0,6,5,3,6,5,3,5,6,3,2,1,1,0,1,1,0,0,1,0,1,0,0,1,1,1,1,3,3,2,1,21,1,3,1,10,1,1,1
5644,2.0,1.0,1.0,4.0,3.0,3.0,1.0,1.0,5.0,4.0,5.0,2.0,1.0,5.0,5.0,4.0,2.0,4.0,4.0,1.0,6,6,5,3,4,6,7,5,5,7,1,1,0,1,1,0,0,0,0,1,0,0,0,1,1,1,2,2,2,1,19,1,2,0,60,2,1,2
5645,4.0,2.0,4.0,3.0,4.0,2.0,1.0,3.0,3.0,3.0,2.0,5.0,3.0,2.0,4.0,2.0,2.0,4.0,5.0,3.0,2,5,4,6,5,7,6,4,4,2,1,1,0,1,1,0,0,1,0,1,0,0,1,1,1,1,2,3,1,1,18,1,1,1,70,2,1,2
5646,5.0,4.0,4.0,2.0,5.0,1.0,1.0,2.0,2.0,1.0,1.0,5.0,4.0,2.0,4.0,2.0,5.0,5.0,5.0,1.0,3,1,6,7,5,7,7,3,3,3,1,1,1,1,1,0,1,0,0,1,1,0,1,1,1,1,3,1,1,1,45,1,1,2,60,1,2,2
5647,5.0,5.0,4.0,1.0,5.0,5.0,2.0,1.0,5.0,5.0,1.0,5.0,5.0,3.0,5.0,5.0,1.0,5.0,5.0,5.0,2,6,7,7,7,7,7,7,1,6,1,1,0,1,1,0,0,1,0,1,0,0,0,1,1,1,3,3,2,2,24,1,10,1,10,1,1,2
5648,1.0,1.0,5.0,1.0,5.0,5.0,1.0,1.0,5.0,5.0,1.0,5.0,5.0,1.0,1.0,1.0,5.0,5.0,1.0,1.0,0,0,0,0,0,0,0,0,0,0,0,0,0,0,0,0,0,0,0,0,0,0,0,0,0,0,4,3,2,2,63,1,5,1,20,1,3,9
5649,3.0,1.0,2.0,2.0,4.0,2.0,2.0,2.0,5.0,2.0,3.0,5.0,3.0,2.0,1.0,2.0,3.0,1.0,5.0,4.0,2,6,5,5,7,6,5,5,6,2,1,1,1,1,1,0,0,0,0,1,0,0,1,1,1,1,2,2,2,1,24,1,4,1,10,1,1,3
5650,1.0,1.0,5.0,5.0,3.0,5.0,4.0,1.0,5.0,5.0,2.0,4.0,1.0,1.0,3.0,5.0,4.0,2.0,5.0,1.0,5,6,5,5,7,4,6,5,4,1,1,1,0,1,1,0,0,0,0,1,0,0,1,1,1,1,2,3,2,1,64,1,9,1,60,1,3,2
5651,1.0,2.0,1.0,4.0,2.0,4.0,1.0,5.0,1.0,1.0,1.0,4.0,2.0,1.0,5.0,5.0,1.0,5.0,5.0,1.0,6,2,3,3,7,5,7,3,6,1,1,1,0,1,1,0,0,0,0,1,0,0,1,1,1,1,2,2,1,1,27,1,7,1,60,2,1,3
5652,2.0,2.0,5.0,2.0,2.0,5.0,5.0,5.0,4.0,2.0,5.0,3.0,1.0,2.0,1.0,5.0,5.0,4.0,3.0,4.0,4,4,6,3,6,6,6,5,6,2,1,1,0,1,1,0,1,0,0,1,0,0,0,0,0,1,3,3,1,2,25,1,6,1,60,2,1,3
5653,5.0,5.0,1.0,5.0,5.0,5.0,1.0,5.0,1.0,1.0,1.0,5.0,5.0,1.0,5.0,1.0,1.0,5.0,3.0,5.0,6,7,6,7,6,1,3,1,4,1,1,1,0,1,1,0,0,0,0,1,0,0,0,0,1,1,3,1,1,2,32,2,4,1,10,2,2,2
5654,5.0,4.0,1.0,1.0,5.0,2.0,1.0,5.0,3.0,3.0,1.0,5.0,4.0,1.0,4.0,1.0,1.0,4.0,4.0,4.0,4,4,6,4,6,6,6,1,5,3,0,1,1,1,1,0,0,0,0,0,0,0,0,1,1,1,3,3,2,2,40,1,3,2,10,1,2,0
5655,4.0,4.0,3.0,2.0,4.0,2.0,2.0,2.0,4.0,2.0,2.0,4.0,5.0,2.0,4.0,2.0,1.0,4.0,5.0,2.0,1,6,5,6,3,7,2,4,3,5,1,1,0,1,1,0,0,0,0,1,0,0,1,1,1,1,3,3,2,1,20,1,2,2,10,2,1,2
5656,5.0,2.0,2.0,2.0,4.0,4.0,2.0,2.0,2.0,2.0,2.0,5.0,1.0,1.0,4.0,5.0,2.0,4.0,5.0,4.0,6,7,5,5,6,6,7,2,7,7,1,1,0,1,0,0,0,0,0,1,0,1,0,0,1,1,3,3,2,2,21,1,7,1,60,2,1,2
5657,2.0,4.0,4.0,4.0,4.0,2.0,1.0,2.0,4.0,3.0,4.0,2.0,2.0,2.0,4.0,4.0,4.0,2.0,5.0,2.0,4,5,6,6,5,6,6,2,5,2,1,1,0,1,1,0,0,1,0,1,0,0,1,0,1,1,3,2,1,1,25,1,7,1,60,1,1,2
5658,5.0,1.0,1.0,1.0,3.0,1.0,1.0,1.0,1.0,1.0,1.0,4.0,1.0,1.0,5.0,1.0,1.0,5.0,1.0,4.0,1,3,4,4,4,4,4,4,4,4,1,1,1,1,1,0,1,0,0,1,1,1,1,1,1,1,4,3,1,1,40,1,6,1,60,1,2,2
5659,5.0,4.0,4.0,4.0,4.0,4.0,2.0,5.0,3.0,2.0,2.0,5.0,4.0,2.0,4.0,2.0,3.0,5.0,5.0,3.0,3,6,6,3,7,7,3,1,6,3,1,1,0,1,1,0,0,0,0,1,0,0,1,1,1,1,4,3,1,2,27,1,2,1,10,2,1,2
5660,1.0,4.0,1.0,5.0,1.0,5.0,1.0,1.0,5.0,2.0,4.0,1.0,1.0,5.0,1.0,5.0,5.0,3.0,4.0,1.0,7,4,6,7,6,5,7,2,3,1,1,1,0,1,1,1,0,0,0,1,0,0,1,0,1,1,3,2,2,1,34,1,4,1,60,1,2,3
5661,1.0,1.0,5.0,1.0,5.0,5.0,5.0,5.0,5.0,5.0,1.0,5.0,5.0,2.0,1.0,3.0,1.0,4.0,5.0,1.0,3,6,6,7,7,7,7,7,1,1,1,1,0,1,1,0,0,0,0,1,0,0,1,1,1,1,2,3,1,1,23,1,7,1,30,2,1,2
5662,1.0,1.0,4.0,4.0,3.0,5.0,4.0,1.0,5.0,5.0,2.0,4.0,1.0,1.0,1.0,4.0,4.0,1.0,3.0,2.0,6,3,2,1,7,6,6,1,7,1,1,1,0,1,0,0,0,1,0,1,1,0,0,1,1,1,3,1,2,2,55,3,12,1,60,1,3,3
5663,4.0,3.0,3.0,3.0,4.0,2.0,2.0,4.0,3.0,3.0,2.0,3.0,3.0,2.0,3.0,3.0,3.0,4.0,4.0,3.0,4,4,5,6,6,4,5,4,4,3,1,0,0,0,0,0,0,0,0,1,0,0,1,1,0,1,4,2,1,1,20,1,1,1,60,1,1,2
5664,2.0,4.0,2.0,2.0,5.0,3.0,1.0,2.0,1.0,2.0,2.0,4.0,5.0,1.0,5.0,4.0,3.0,4.0,4.0,1.0,3,5,3,6,6,4,5,6,3,2,1,1,0,1,1,1,0,1,0,1,0,1,1,1,1,1,2,3,1,2,21,1,1,2,20,1,1,6
5665,5.0,5.0,3.0,2.0,5.0,1.0,1.0,3.0,3.0,1.0,1.0,4.0,2.0,1.0,5.0,1.0,1.0,5.0,5.0,4.0,1,6,6,5,2,5,3,2,6,1,1,1,0,1,1,0,0,0,0,1,0,0,1,1,1,1,2,3,1,2,19,1,1,1,60,1,1,2
5666,4.0,4.0,1.0,2.0,5.0,1.0,1.0,5.0,1.0,1.0,1.0,3.0,5.0,1.0,5.0,1.0,1.0,5.0,5.0,5.0,5,5,6,7,1,4,4,1,4,1,1,1,1,1,1,0,0,0,1,1,0,0,1,1,1,1,3,1,1,1,33,3,1,1,60,2,2,1
5667,5.0,3.0,4.0,4.0,5.0,2.0,4.0,5.0,3.0,4.0,2.0,4.0,5.0,1.0,4.0,1.0,3.0,5.0,4.0,2.0,5,2,6,1,6,5,6,3,7,2,1,1,0,1,1,0,0,1,0,1,0,0,0,1,1,1,2,3,1,1,20,1,6,1,30,2,1,3
5668,5.0,1.0,5.0,2.0,4.0,4.0,2.0,5.0,5.0,5.0,4.0,5.0,1.0,1.0,4.0,1.0,2.0,4.0,4.0,3.0,2,5,6,2,7,7,5,1,7,2,1,0,0,1,1,0,0,0,0,1,0,0,0,0,0,1,2,3,2,1,19,1,7,1,30,2,1,3
5669,5.0,5.0,1.0,1.0,5.0,1.0,1.0,3.0,1.0,1.0,1.0,5.0,5.0,1.0,5.0,1.0,1.0,5.0,5.0,5.0,2,7,7,7,6,7,3,1,7,2,0,0,1,1,0,0,0,0,0,1,0,0,0,1,0,0,2,2,1,2,18,1,2,4,60,2,1,2
5670,2.0,5.0,4.0,3.0,3.0,3.0,3.0,4.0,4.0,4.0,3.0,5.0,3.0,2.0,4.0,2.0,5.0,4.0,5.0,2.0,4,5,4,3,3,6,5,6,6,5,1,1,1,1,0,0,0,0,0,1,0,0,0,1,0,1,4,0,1,2,32,1,7,1,60,1,1,2
5671,5.0,4.0,3.0,3.0,4.0,2.0,1.0,2.0,5.0,4.0,1.0,4.0,2.0,2.0,3.0,3.0,1.0,4.0,5.0,1.0,2,6,7,1,7,6,2,5,7,5,1,1,0,1,1,0,0,1,0,1,0,0,1,1,1,1,2,1,1,1,22,1,6,1,10,1,1,1
5672,5.0,4.0,2.0,2.0,4.0,1.0,1.0,4.0,2.0,2.0,1.0,4.0,5.0,2.0,5.0,4.0,3.0,3.0,5.0,4.0,3,6,5,7,6,4,5,5,4,5,0,0,0,1,1,0,0,0,0,1,0,0,0,1,1,1,2,3,2,2,19,1,2,3,60,1,1,2
5673,4.0,1.0,4.0,4.0,2.0,5.0,5.0,1.0,5.0,5.0,1.0,4.0,5.0,4.0,2.0,4.0,1.0,1.0,4.0,5.0,7,6,7,5,7,5,7,5,7,5,1,1,0,1,1,0,0,0,0,1,0,0,1,1,1,1,2,3,1,1,20,1,7,1,70,1,1,1
5674,5.0,4.0,2.0,3.0,3.0,2.0,1.0,4.0,2.0,3.0,2.0,4.0,4.0,4.0,4.0,1.0,1.0,4.0,5.0,1.0,2,5,3,5,7,6,5,7,6,1,1,1,1,1,1,0,1,1,0,1,1,0,1,1,1,1,4,2,2,1,43,1,12,1,60,2,1,0
5675,5.0,1.0,1.0,1.0,4.0,2.0,1.0,4.0,1.0,2.0,2.0,5.0,5.0,3.0,5.0,4.0,1.0,3.0,5.0,1.0,4,5,6,5,6,5,4,1,3,5,1,1,1,1,1,0,1,1,0,1,1,0,1,1,1,1,3,1,1,1,44,1,1,1,60,2,3,2
5676,5.0,4.0,2.0,2.0,5.0,5.0,2.0,4.0,5.0,2.0,1.0,5.0,1.0,1.0,4.0,1.0,4.0,5.0,4.0,2.0,2,5,5,2,6,7,5,5,7,5,1,1,0,1,1,0,0,0,0,1,0,0,1,1,1,1,2,3,1,2,24,1,2,1,60,2,1,2
5677,4.0,4.0,1.0,1.0,4.0,1.0,1.0,5.0,3.0,3.0,1.0,5.0,4.0,1.0,3.0,1.0,1.0,5.0,5.0,4.0,1,6,7,4,7,7,6,1,6,1,1,1,0,1,1,0,0,0,0,1,0,0,1,1,1,1,3,3,1,2,22,1,2,1,20,2,1,6
5678,4.0,5.0,1.0,1.0,5.0,1.0,1.0,2.0,1.0,1.0,1.0,5.0,1.0,1.0,5.0,1.0,1.0,5.0,5.0,5.0,7,7,2,5,7,1,1,5,3,3,1,1,0,1,1,1,0,1,0,1,0,0,1,1,1,1,4,1,2,1,29,1,1,2,60,2,2,5
5679,3.0,2.0,2.0,4.0,4.0,3.0,2.0,4.0,4.0,4.0,2.0,4.0,4.0,4.0,2.0,2.0,3.0,4.0,4.0,2.0,1,2,6,5,6,7,7,2,5,5,1,1,0,1,1,0,0,0,0,1,0,0,1,0,1,1,3,2,2,1,18,1,0,1,60,1,1,1
5680,1.0,2.0,2.0,4.0,2.0,5.0,4.0,5.0,5.0,5.0,3.0,4.0,1.0,5.0,1.0,2.0,5.0,1.0,5.0,1.0,3,3,2,7,6,5,5,6,2,1,1,1,1,1,1,0,0,1,0,1,0,0,1,1,1,1,3,3,2,1,22,1,6,1,10,1,1,2
5681,4.0,4.0,5.0,5.0,4.0,5.0,4.0,4.0,4.0,5.0,4.0,4.0,4.0,5.0,4.0,2.0,1.0,4.0,4.0,1.0,6,5,5,1,6,6,6,4,4,2,1,1,1,1,1,0,1,0,0,1,0,0,1,1,1,1,4,2,1,1,84,1,4,5,60,1,2,2
5682,4.0,4.0,2.0,2.0,4.0,1.0,2.0,4.0,4.0,4.0,1.0,5.0,4.0,1.0,4.0,1.0,1.0,5.0,5.0,2.0,6,6,4,2,6,3,7,7,7,3,1,1,0,1,1,0,0,0,0,0,0,0,0,1,1,1,3,2,1,2,21,1,2,1,60,1,1,3
5683,5.0,3.0,5.0,5.0,4.0,5.0,4.0,4.0,5.0,4.0,4.0,2.0,4.0,4.0,4.0,4.0,2.0,4.0,4.0,1.0,6,2,7,3,6,6,6,1,6,1,0,1,0,0,1,0,0,0,0,1,0,0,1,1,1,1,4,2,1,1,84,1,4,5,60,1,2,2
5684,5.0,2.0,2.0,2.0,4.0,2.0,1.0,4.0,2.0,2.0,1.0,5.0,4.0,2.0,4.0,2.0,3.0,5.0,5.0,2.0,5,5,2,5,6,3,2,6,5,2,1,1,0,1,1,0,1,1,0,1,0,0,1,1,1,1,2,3,1,2,20,1,1,1,10,1,1,3
5685,4.0,5.0,4.0,4.0,5.0,2.0,1.0,1.0,3.0,2.0,1.0,5.0,5.0,3.0,5.0,4.0,2.0,4.0,4.0,1.0,7,5,4,5,7,2,6,3,5,1,1,0,0,1,1,0,0,0,0,1,0,0,0,0,1,1,2,1,1,1,18,1,6,1,60,2,1,3
5686,5.0,4.0,5.0,5.0,1.0,5.0,2.0,4.0,5.0,5.0,2.0,1.0,1.0,4.0,1.0,2.0,5.0,4.0,1.0,3.0,5,5,2,5,6,5,7,7,3,2,1,1,1,1,1,0,0,1,0,1,0,0,1,0,1,1,3,2,2,1,38,1,10,1,70,2,3,3
5687,4.0,4.0,1.0,1.0,4.0,2.0,1.0,4.0,1.0,3.0,1.0,5.0,4.0,2.0,5.0,1.0,2.0,5.0,5.0,4.0,4,5,3,5,3,5,4,5,4,2,1,1,1,1,1,0,0,0,0,1,1,0,1,1,1,1,2,2,1,1,20,1,1,1,70,1,1,2
5688,4.0,4.0,1.0,3.0,5.0,2.0,4.0,2.0,3.0,4.0,1.0,2.0,2.0,2.0,1.0,1.0,5.0,5.0,5.0,5.0,7,5,6,6,7,1,7,4,3,1,1,1,0,1,1,0,0,0,0,1,0,0,0,1,1,1,4,3,2,1,60,2,1,1,60,2,2,4
5689,4.0,3.0,3.0,2.0,5.0,2.0,2.0,5.0,5.0,4.0,1.0,4.0,2.0,1.0,4.0,4.0,2.0,4.0,5.0,4.0,2,5,5,7,6,5,6,1,3,5,1,1,0,1,1,0,0,0,0,1,0,1,1,1,1,1,2,2,2,2,18,1,4,1,60,1,1,3
5690,5.0,4.0,4.0,2.0,4.0,3.0,2.0,5.0,3.0,2.0,1.0,4.0,1.0,1.0,4.0,1.0,1.0,4.0,5.0,5.0,5,6,7,5,7,5,6,2,5,1,1,1,0,1,1,1,0,1,0,1,0,1,0,1,1,1,4,2,2,2,28,2,12,1,70,2,1,3
5691,4.0,3.0,2.0,2.0,2.0,2.0,2.0,3.0,4.0,2.0,2.0,4.0,4.0,2.0,2.0,3.0,1.0,4.0,5.0,1.0,3,2,5,2,6,6,5,5,6,2,1,1,0,1,1,0,0,1,0,1,0,0,1,1,1,1,2,2,1,1,19,1,1,1,60,2,1,3
5692,4.0,5.0,3.0,1.0,5.0,1.0,1.0,4.0,2.0,2.0,1.0,4.0,3.0,1.0,4.0,2.0,1.0,3.0,5.0,2.0,4,6,2,6,7,2,5,6,1,2,1,1,1,1,1,0,0,1,0,1,0,0,1,1,1,1,3,2,1,2,26,2,2,1,60,2,1,2
5693,5.0,5.0,1.0,1.0,5.0,1.0,5.0,5.0,1.0,1.0,1.0,5.0,5.0,1.0,5.0,1.0,1.0,5.0,5.0,5.0,1,7,6,1,7,7,1,4,7,5,1,1,0,1,1,0,0,0,0,1,0,0,1,1,1,1,4,3,2,2,28,1,2,1,10,1,1,2
5694,3.0,4.0,4.0,3.0,3.0,4.0,3.0,4.0,4.0,2.0,1.0,2.0,4.0,2.0,5.0,2.0,2.0,3.0,4.0,2.0,3,5,7,4,6,7,5,2,6,2,1,1,1,1,1,0,0,0,0,1,0,0,1,1,1,1,2,1,2,1,18,1,1,2,70,2,1,1
5695,5.0,4.0,3.0,2.0,5.0,4.0,4.0,5.0,4.0,1.0,4.0,5.0,5.0,2.0,4.0,4.0,1.0,5.0,5.0,4.0,3,5,7,5,7,6,5,1,6,1,1,1,1,1,1,0,0,0,1,1,1,0,1,1,1,1,4,1,2,1,37,1,12,1,70,2,1,5
5696,3.0,2.0,2.0,2.0,3.0,2.0,3.0,2.0,3.0,4.0,2.0,2.0,1.0,4.0,2.0,3.0,3.0,2.0,4.0,1.0,3,5,5,5,5,5,6,4,4,4,1,1,0,1,1,0,0,0,0,1,0,0,1,1,1,1,2,2,2,1,20,1,1,3,60,2,1,2
5697,4.0,4.0,1.0,4.0,3.0,1.0,1.0,2.0,1.0,3.0,1.0,5.0,2.0,3.0,2.0,1.0,2.0,2.0,5.0,5.0,1,1,7,2,7,7,1,1,0,5,1,1,0,1,0,0,0,0,0,1,0,0,0,0,1,1,3,3,1,2,20,1,2,1,60,2,1,2
5698,1.0,4.0,2.0,2.0,2.0,4.0,2.0,2.0,5.0,5.0,1.0,4.0,1.0,4.0,4.0,1.0,1.0,4.0,5.0,1.0,5,3,5,6,5,7,7,3,3,2,1,1,0,1,1,0,0,0,0,1,0,0,1,1,1,1,4,2,1,1,27,1,2,1,70,2,1,2
5699,4.0,1.0,3.0,4.0,4.0,4.0,4.0,2.0,5.0,4.0,4.0,4.0,3.0,3.0,1.0,3.0,5.0,2.0,5.0,2.0,6,5,7,2,6,7,4,1,6,2,1,1,0,1,1,1,0,1,1,1,0,1,0,0,1,1,2,3,1,1,57,1,6,0,30,1,2,4
5700,1.0,2.0,3.0,3.0,4.0,1.0,1.0,4.0,2.0,4.0,3.0,2.0,1.0,1.0,3.0,4.0,2.0,1.0,5.0,1.0,6,6,7,2,6,3,6,2,7,1,1,1,0,1,1,0,0,0,0,1,0,0,1,1,1,1,3,3,1,1,25,1,12,1,30,1,1,1
5701,5.0,3.0,3.0,3.0,5.0,2.0,2.0,2.0,3.0,3.0,2.0,4.0,4.0,4.0,3.0,4.0,3.0,4.0,5.0,2.0,4,6,6,5,7,7,7,3,6,4,1,1,1,1,1,0,0,0,0,1,0,0,1,0,1,1,2,2,2,1,41,1,6,1,60,1,2,2
5702,5.0,5.0,1.0,1.0,5.0,1.0,1.0,5.0,1.0,1.0,1.0,5.0,5.0,1.0,5.0,1.0,1.0,5.0,5.0,5.0,1,7,7,1,7,4,3,1,7,1,1,1,1,1,1,0,1,0,1,1,1,0,1,1,1,1,4,2,1,1,30,1,2,1,60,1,1,3
5703,4.0,4.0,2.0,1.0,5.0,2.0,2.0,5.0,2.0,2.0,1.0,5.0,1.0,2.0,1.0,1.0,2.0,5.0,5.0,1.0,3,6,6,6,3,5,6,2,6,3,1,1,0,1,1,0,0,0,0,1,0,0,1,1,1,1,4,3,1,2,28,1,8,1,10,2,1,2
5704,5.0,5.0,1.0,1.0,5.0,1.0,1.0,5.0,1.0,1.0,1.0,5.0,2.0,2.0,5.0,1.0,1.0,5.0,4.0,3.0,4,5,2,5,5,3,4,3,2,3,1,1,0,1,1,0,0,0,0,1,0,0,1,1,1,1,2,2,1,1,18,1,1,1,60,2,1,3
5705,4.0,4.0,3.0,1.0,5.0,3.0,3.0,4.0,4.0,3.0,4.0,5.0,4.0,1.0,2.0,1.0,3.0,3.0,4.0,1.0,5,6,7,3,7,4,3,1,6,1,1,1,1,1,1,0,1,1,0,1,1,0,1,1,1,1,3,2,2,1,24,2,1,2,60,1,1,2
5706,4.0,4.0,4.0,4.0,1.0,1.0,2.0,1.0,5.0,2.0,1.0,4.0,3.0,1.0,5.0,2.0,1.0,5.0,4.0,1.0,5,6,5,3,6,5,6,5,6,2,1,1,1,1,1,0,1,0,0,1,1,0,1,1,1,1,4,3,1,1,40,1,4,1,60,1,1,2
5707,4.0,2.0,1.0,4.0,4.0,1.0,2.0,4.0,3.0,5.0,1.0,2.0,2.0,1.0,4.0,5.0,4.0,3.0,5.0,1.0,6,5,5,5,6,2,3,4,4,3,1,1,0,1,1,0,0,0,0,1,0,0,1,0,1,1,2,1,1,1,17,1,1,1,70,2,1,2
5708,2.0,4.0,5.0,4.0,3.0,1.0,1.0,4.0,3.0,2.0,1.0,1.0,2.0,4.0,5.0,2.0,3.0,4.0,5.0,2.0,3,5,7,3,5,6,3,2,5,1,1,1,0,1,1,0,0,0,0,1,0,0,1,1,1,1,3,1,1,1,23,1,6,3,60,1,1,4
5709,5.0,5.0,5.0,2.0,3.0,4.0,2.0,2.0,5.0,5.0,2.0,5.0,1.0,2.0,3.0,3.0,2.0,3.0,5.0,5.0,3,5,7,6,7,2,5,1,2,2,1,1,1,1,1,0,0,1,0,1,1,0,1,1,1,1,3,3,1,2,44,1,2,3,60,2,1,2
5710,5.0,5.0,3.0,1.0,5.0,1.0,1.0,5.0,1.0,1.0,1.0,5.0,5.0,1.0,5.0,3.0,1.0,5.0,5.0,3.0,3,4,7,2,7,7,6,1,7,1,1,1,1,1,1,1,1,1,1,1,1,1,1,1,1,1,2,2,1,1,28,3,7,1,60,1,1,2
5711,1.0,2.0,2.0,5.0,3.0,5.0,5.0,2.0,5.0,2.0,1.0,1.0,1.0,5.0,3.0,2.0,5.0,1.0,5.0,1.0,3,2,6,5,6,2,7,5,5,2,1,1,1,1,1,1,0,1,0,1,0,0,1,1,1,1,4,3,2,1,45,1,2,1,60,1,3,4
5712,4.0,2.0,1.0,2.0,4.0,4.0,1.0,2.0,4.0,2.0,2.0,2.0,2.0,1.0,2.0,5.0,1.0,4.0,1.0,4.0,1,5,7,1,5,7,5,5,6,3,1,1,1,1,1,0,0,1,0,1,0,0,1,1,1,1,4,1,1,1,28,1,5,1,60,1,2,2
5713,4.0,2.0,2.0,3.0,4.0,2.0,1.0,4.0,4.0,4.0,1.0,4.0,4.0,2.0,4.0,1.0,1.0,2.0,5.0,4.0,3,6,6,2,5,5,6,5,4,5,1,1,1,1,1,0,1,1,0,1,1,0,1,1,1,1,2,1,1,1,19,1,12,1,60,1,1,2
5714,5.0,5.0,1.0,1.0,4.0,3.0,3.0,5.0,1.0,1.0,1.0,5.0,5.0,1.0,1.0,5.0,1.0,4.0,5.0,5.0,6,2,4,6,7,4,6,4,2,1,1,1,0,1,1,0,0,0,0,1,0,0,1,1,1,1,0,2,1,2,24,1,2,1,10,2,1,2
5715,4.0,4.0,4.0,4.0,4.0,5.0,2.0,4.0,5.0,5.0,3.0,1.0,1.0,3.0,2.0,2.0,3.0,4.0,4.0,2.0,6,1,7,3,6,6,7,2,7,4,1,1,0,1,1,0,0,1,0,1,0,0,0,1,1,1,3,3,2,2,24,1,8,4,10,2,1,2
5716,1.0,1.0,3.0,5.0,4.0,4.0,2.0,5.0,5.0,5.0,1.0,1.0,1.0,3.0,1.0,4.0,3.0,1.0,5.0,1.0,6,5,6,5,7,5,7,1,5,1,1,1,1,1,1,1,0,1,0,1,0,1,1,1,1,1,3,2,2,1,32,3,1,1,70,1,1,4
5717,5.0,5.0,1.0,1.0,5.0,1.0,1.0,2.0,1.0,1.0,1.0,5.0,5.0,1.0,5.0,1.0,1.0,5.0,5.0,3.0,7,6,6,1,6,4,6,2,7,1,1,1,0,1,1,0,0,0,0,1,0,0,1,1,1,1,3,3,1,2,21,2,2,1,60,1,1,2
5718,2.0,4.0,5.0,4.0,4.0,4.0,5.0,4.0,5.0,5.0,2.0,5.0,1.0,4.0,3.0,4.0,2.0,2.0,5.0,1.0,2,3,3,6,5,4,7,6,2,5,1,0,0,1,1,0,0,0,0,1,0,0,0,1,1,1,2,3,2,2,18,1,6,1,10,1,1,4
5719,4.0,4.0,2.0,2.0,4.0,1.0,2.0,2.0,3.0,3.0,1.0,3.0,2.0,2.0,4.0,1.0,3.0,5.0,1.0,1.0,6,2,6,6,6,2,6,2,4,2,1,1,0,1,1,0,0,0,0,1,0,0,1,1,1,1,4,3,2,2,31,1,7,1,60,1,1,1
5720,1.0,2.0,2.0,3.0,2.0,4.0,3.0,2.0,5.0,5.0,4.0,3.0,1.0,3.0,3.0,1.0,5.0,2.0,5.0,1.0,3,4,5,4,5,6,4,1,5,2,1,1,1,1,1,0,0,1,0,1,0,0,1,1,1,1,3,1,1,1,40,1,2,1,60,1,2,2
5721,3.0,4.0,3.0,5.0,4.0,3.0,2.0,2.0,2.0,4.0,2.0,4.0,1.0,3.0,1.0,4.0,3.0,3.0,5.0,1.0,3,5,4,4,2,6,7,5,6,2,1,1,0,1,1,0,0,0,0,0,0,0,1,1,0,1,4,3,2,2,30,2,4,1,60,1,1,1
5722,2.0,4.0,4.0,4.0,4.0,3.0,2.0,2.0,4.0,2.0,1.0,5.0,4.0,3.0,4.0,1.0,2.0,4.0,4.0,3.0,6,5,5,5,7,5,3,4,3,2,1,1,1,1,1,0,1,1,0,1,1,0,1,1,1,1,3,3,2,1,53,1,3,1,60,2,1,3
5723,4.0,2.0,5.0,5.0,5.0,4.0,5.0,2.0,5.0,5.0,2.0,3.0,4.0,4.0,4.0,5.0,2.0,3.0,5.0,1.0,2,1,5,4,6,7,7,5,4,1,1,1,1,1,1,0,0,0,0,1,1,0,1,1,1,1,2,3,2,1,20,1,8,1,10,1,1,2
5724,5.0,1.0,2.0,4.0,4.0,1.0,5.0,5.0,4.0,1.0,2.0,5.0,5.0,1.0,3.0,2.0,1.0,5.0,5.0,4.0,2,7,7,2,7,7,1,1,6,1,0,1,0,1,1,0,0,0,0,1,0,0,1,1,1,1,3,3,2,2,18,1,3,4,10,2,1,3
5725,5.0,5.0,4.0,1.0,5.0,1.0,1.0,1.0,3.0,1.0,1.0,5.0,5.0,1.0,5.0,3.0,1.0,5.0,5.0,4.0,4,7,7,7,7,6,6,2,2,2,1,1,0,1,1,0,0,1,0,1,0,1,1,1,1,1,2,2,1,1,39,1,2,1,60,1,2,1
5726,5.0,5.0,5.0,1.0,5.0,1.0,1.0,4.0,5.0,5.0,1.0,5.0,5.0,1.0,5.0,1.0,1.0,5.0,5.0,5.0,7,7,0,7,6,5,7,1,1,5,0,0,0,0,0,0,0,0,0,1,0,0,0,1,0,1,3,3,2,2,22,2,1,5,60,1,1,3
5727,4.0,1.0,5.0,4.0,4.0,2.0,2.0,3.0,5.0,5.0,2.0,4.0,3.0,4.0,1.0,1.0,2.0,2.0,5.0,4.0,1,6,6,7,7,5,7,4,4,6,1,1,1,1,1,1,0,0,0,1,0,0,1,1,1,1,3,1,2,1,44,1,7,1,60,2,1,2
5728,2.0,1.0,2.0,3.0,2.0,4.0,2.0,4.0,5.0,4.0,2.0,2.0,2.0,2.0,1.0,2.0,5.0,2.0,5.0,1.0,6,3,6,3,5,5,6,2,6,5,1,1,0,1,1,0,0,0,0,1,0,0,1,0,1,1,3,2,1,1,48,2,7,1,60,1,2,4
5729,5.0,1.0,1.0,4.0,4.0,4.0,2.0,4.0,5.0,4.0,1.0,2.0,4.0,4.0,1.0,2.0,5.0,5.0,4.0,4.0,6,6,7,3,6,2,6,1,6,7,1,1,0,1,1,0,0,1,0,1,0,0,1,1,1,1,4,2,1,1,52,1,7,1,60,1,2,2
5730,2.0,3.0,5.0,5.0,4.0,1.0,1.0,2.0,5.0,1.0,2.0,4.0,1.0,4.0,2.0,2.0,1.0,4.0,5.0,2.0,5,6,3,1,6,1,6,3,7,2,1,1,0,1,1,0,0,0,0,1,0,0,1,1,1,1,4,2,1,1,40,2,1,1,60,1,3,3
5731,5.0,5.0,1.0,1.0,5.0,1.0,1.0,1.0,1.0,1.0,1.0,5.0,5.0,1.0,5.0,1.0,5.0,5.0,5.0,2.0,7,2,3,1,7,2,1,1,7,4,1,1,1,1,1,0,1,1,1,1,0,1,1,1,1,1,2,3,1,2,18,1,2,1,60,2,1,2
5732,2.0,3.0,2.0,5.0,4.0,4.0,2.0,4.0,4.0,3.0,2.0,4.0,4.0,2.0,5.0,4.0,2.0,2.0,5.0,3.0,5,3,3,3,5,4,7,5,7,4,1,1,0,1,1,0,0,0,0,1,0,1,1,1,1,1,2,2,1,1,23,1,1,1,30,1,1,2
5733,4.0,4.0,2.0,3.0,4.0,4.0,2.0,3.0,4.0,2.0,1.0,4.0,4.0,2.0,5.0,4.0,2.0,4.0,4.0,2.0,6,4,3,2,7,1,5,5,2,3,1,1,0,1,1,0,0,0,0,1,0,0,1,0,1,1,3,3,1,2,23,1,2,1,10,2,1,0
5734,1.0,1.0,5.0,4.0,1.0,4.0,4.0,2.0,5.0,4.0,2.0,4.0,1.0,4.0,4.0,4.0,1.0,1.0,4.0,3.0,1,5,4,5,5,7,7,6,5,1,1,1,1,1,1,0,0,0,0,1,0,1,1,1,1,1,4,2,2,1,62,1,1,1,60,1,3,3
5735,2.0,4.0,5.0,4.0,4.0,1.0,1.0,2.0,2.0,5.0,4.0,4.0,2.0,4.0,4.0,2.0,2.0,4.0,5.0,1.0,5,6,7,2,6,2,6,4,5,2,1,1,0,1,1,0,0,0,0,1,0,0,1,1,1,1,1,2,1,1,14,1,10,1,20,2,1,3
5736,2.0,2.0,4.0,4.0,2.0,4.0,1.0,1.0,5.0,5.0,1.0,4.0,1.0,3.0,4.0,5.0,2.0,4.0,5.0,1.0,5,7,3,6,6,5,7,7,2,3,1,1,0,1,1,0,0,0,0,1,0,0,1,1,1,1,3,2,1,1,22,2,12,1,60,2,1,2
5737,5.0,5.0,2.0,2.0,5.0,1.0,2.0,4.0,5.0,5.0,2.0,4.0,1.0,1.0,2.0,1.0,4.0,5.0,5.0,1.0,1,5,7,1,7,7,6,2,7,2,1,1,0,1,1,0,0,0,0,1,0,0,0,1,1,1,4,3,1,1,53,1,1,1,60,2,2,2
5738,1.0,5.0,2.0,1.0,5.0,2.0,1.0,4.0,3.0,2.0,2.0,5.0,4.0,1.0,4.0,1.0,1.0,5.0,5.0,5.0,6,7,7,5,7,3,6,5,3,2,1,1,0,1,1,0,0,0,0,1,0,0,0,0,1,1,2,1,2,2,22,1,4,1,60,1,1,2
5739,5.0,4.0,3.0,3.0,5.0,1.0,1.0,2.0,5.0,2.0,1.0,2.0,5.0,1.0,4.0,1.0,2.0,5.0,5.0,1.0,3,7,6,1,5,5,7,4,7,5,1,1,0,1,1,0,0,0,0,1,0,0,1,1,1,1,2,2,1,2,19,1,12,1,60,1,1,2
5740,1.0,4.0,2.0,4.0,3.0,4.0,4.0,1.0,5.0,5.0,1.0,5.0,1.0,3.0,3.0,2.0,2.0,3.0,5.0,3.0,5,5,6,7,7,7,3,3,4,3,1,1,0,1,1,0,0,1,0,1,0,0,1,1,1,1,3,1,2,2,23,1,12,1,60,2,1,1
5741,4.0,4.0,2.0,3.0,4.0,4.0,2.0,4.0,3.0,2.0,3.0,5.0,2.0,3.0,4.0,3.0,3.0,4.0,3.0,1.0,2,4,6,4,5,5,6,5,4,2,1,0,0,1,0,0,0,0,0,1,0,0,0,0,1,1,2,2,2,2,19,1,10,1,10,2,1,3
5742,2.0,2.0,3.0,5.0,2.0,3.0,2.0,2.0,4.0,4.0,3.0,1.0,1.0,3.0,3.0,5.0,3.0,4.0,4.0,1.0,7,5,4,5,7,3,7,4,2,1,1,1,0,1,1,0,0,0,0,1,0,0,0,1,1,1,3,3,2,2,36,1,2,1,60,2,1,2
5743,5.0,5.0,2.0,1.0,5.0,1.0,5.0,5.0,3.0,1.0,5.0,4.0,5.0,1.0,5.0,3.0,1.0,4.0,5.0,5.0,5,6,4,2,7,6,7,5,7,1,0,0,0,0,0,0,0,0,0,1,0,0,1,1,0,1,3,3,1,1,20,1,0,0,10,2,1,2
5744,3.0,5.0,1.0,1.0,4.0,2.0,1.0,4.0,5.0,2.0,1.0,1.0,5.0,2.0,3.0,3.0,1.0,4.0,5.0,4.0,3,4,5,4,7,7,4,5,5,3,1,1,0,1,1,0,0,0,0,1,0,0,1,0,1,1,2,3,1,1,21,1,1,1,70,2,1,2
5745,5.0,5.0,1.0,1.0,5.0,1.0,1.0,5.0,1.0,1.0,1.0,5.0,5.0,1.0,5.0,1.0,1.0,5.0,5.0,5.0,7,7,6,4,7,4,1,4,1,1,1,1,0,1,1,0,0,0,0,1,0,0,1,1,1,1,3,3,1,2,21,1,2,1,20,2,1,2
5746,3.0,1.0,5.0,5.0,1.0,4.0,5.0,4.0,5.0,5.0,5.0,5.0,1.0,4.0,1.0,5.0,5.0,1.0,5.0,1.0,0,5,7,1,6,1,7,1,7,1,1,1,0,1,1,0,0,0,0,1,0,0,0,1,1,1,4,3,2,2,41,1,3,1,10,1,3,4
5747,3.0,5.0,3.0,4.0,4.0,5.0,2.0,4.0,4.0,4.0,3.0,3.0,3.0,1.0,2.0,1.0,1.0,3.0,5.0,2.0,4,3,4,5,3,6,6,6,4,5,1,1,0,1,1,0,0,0,0,1,0,0,1,1,1,1,2,2,2,2,20,1,2,1,10,1,1,3
5748,1.0,4.0,4.0,5.0,2.0,5.0,4.0,2.0,5.0,5.0,5.0,1.0,1.0,5.0,4.0,5.0,5.0,1.0,4.0,1.0,2,6,6,1,6,5,6,5,7,2,1,1,0,1,1,0,0,0,0,1,0,0,1,1,1,1,3,3,1,1,57,1,4,1,60,1,2,5
5749,2.0,1.0,4.0,3.0,5.0,2.0,2.0,1.0,5.0,4.0,2.0,4.0,3.0,1.0,5.0,4.0,1.0,2.0,5.0,4.0,5,4,6,2,6,7,6,1,5,2,1,1,0,1,1,0,0,0,0,1,0,1,0,1,1,1,3,2,1,1,20,1,1,1,60,2,1,2
5750,3.0,5.0,3.0,4.0,2.0,2.0,2.0,5.0,4.0,3.0,1.0,3.0,4.0,1.0,4.0,2.0,1.0,3.0,5.0,2.0,2,6,4,1,4,7,3,6,7,3,1,1,1,1,1,0,0,0,0,1,1,0,1,1,1,1,3,2,1,1,23,1,2,1,60,1,1,2
5751,2.0,1.0,2.0,3.0,4.0,1.0,1.0,4.0,5.0,4.0,1.0,4.0,1.0,1.0,1.0,1.0,1.0,5.0,5.0,1.0,6,6,6,6,7,5,3,1,3,5,1,1,0,1,1,0,0,0,0,1,0,0,1,1,1,1,3,2,1,1,23,1,1,1,60,1,1,3
5752,2.0,4.0,3.0,2.0,3.0,4.0,1.0,3.0,4.0,5.0,1.0,1.0,2.0,2.0,3.0,2.0,1.0,2.0,5.0,2.0,5,3,6,2,5,4,5,1,6,1,1,1,1,1,1,0,1,0,0,1,1,0,1,1,1,1,3,3,1,1,51,1,12,3,60,2,1,5
5753,1.0,1.0,3.0,5.0,2.0,5.0,5.0,1.0,5.0,5.0,4.0,3.0,1.0,5.0,1.0,1.0,1.0,1.0,3.0,1.0,7,2,7,2,7,1,7,2,4,1,1,1,0,1,1,1,0,0,0,1,0,0,0,1,1,1,2,3,1,1,40,1,4,1,30,2,3,4
5754,5.0,3.0,1.0,1.0,3.0,1.0,1.0,1.0,3.0,1.0,1.0,3.0,5.0,1.0,5.0,1.0,1.0,4.0,5.0,5.0,3,5,6,1,7,5,1,3,7,1,1,1,1,1,1,0,1,1,0,1,0,0,1,1,1,1,3,3,1,1,28,1,2,1,60,1,1,2
5755,1.0,1.0,1.0,1.0,4.0,1.0,2.0,5.0,5.0,4.0,1.0,1.0,3.0,1.0,1.0,3.0,5.0,5.0,1.0,1.0,6,2,4,5,7,3,7,3,6,1,1,1,0,1,1,1,1,1,0,1,1,1,1,1,1,1,4,3,1,2,36,1,7,1,60,1,1,2
5756,1.0,3.0,2.0,5.0,4.0,2.0,5.0,1.0,1.0,5.0,1.0,4.0,1.0,2.0,3.0,1.0,1.0,4.0,4.0,1.0,2,2,6,4,6,7,6,5,6,2,1,1,1,1,1,0,0,0,0,1,0,0,1,1,1,1,4,3,1,1,62,1,6,1,60,1,2,4
5757,5.0,5.0,1.0,1.0,5.0,1.0,1.0,2.0,1.0,1.0,1.0,5.0,5.0,1.0,5.0,1.0,1.0,5.0,5.0,5.0,5,5,5,5,5,5,5,4,6,1,1,0,0,1,1,0,0,0,0,1,0,0,0,1,1,1,2,1,1,2,18,1,1,1,60,1,1,1
5758,3.0,3.0,4.0,5.0,4.0,5.0,2.0,3.0,5.0,5.0,1.0,5.0,2.0,4.0,3.0,4.0,1.0,3.0,5.0,4.0,5,4,6,1,7,6,6,2,7,2,1,1,0,1,1,0,0,1,0,1,0,0,0,0,1,1,3,3,2,1,42,1,12,1,30,2,1,3
5759,1.0,2.0,4.0,5.0,1.0,5.0,5.0,1.0,5.0,4.0,2.0,1.0,1.0,3.0,4.0,5.0,3.0,1.0,4.0,1.0,3,2,7,2,6,4,5,3,7,3,1,1,0,1,1,0,0,0,0,1,0,0,1,1,1,1,3,1,2,1,37,1,2,1,60,1,2,3
5760,4.0,4.0,4.0,3.0,3.0,4.0,2.0,4.0,5.0,3.0,2.0,3.0,4.0,3.0,3.0,1.0,3.0,3.0,4.0,3.0,4,4,6,4,5,6,6,5,4,2,1,1,0,1,1,0,0,1,1,1,0,0,1,1,1,1,2,1,1,1,18,1,2,2,60,2,1,1
5761,3.0,3.0,2.0,3.0,3.0,1.0,1.0,2.0,4.0,2.0,1.0,4.0,3.0,2.0,3.0,2.0,4.0,5.0,5.0,2.0,6,5,4,5,7,4,6,6,6,1,1,1,0,1,1,1,0,1,0,1,0,0,1,1,1,1,3,3,2,1,27,1,1,5,70,1,1,1
5762,4.0,2.0,1.0,3.0,4.0,1.0,1.0,5.0,1.0,1.0,1.0,5.0,4.0,1.0,5.0,1.0,1.0,3.0,5.0,1.0,6,2,5,3,7,6,4,1,7,1,1,1,0,1,1,0,0,0,0,1,0,0,0,1,1,1,2,3,1,2,21,1,2,1,10,2,1,2
5763,4.0,3.0,4.0,4.0,4.0,4.0,2.0,3.0,5.0,4.0,3.0,5.0,1.0,3.0,5.0,4.0,1.0,5.0,5.0,1.0,7,7,7,2,7,6,6,2,5,1,1,1,0,1,1,0,0,0,0,1,0,1,0,1,1,1,3,2,1,1,23,1,4,1,60,2,1,3
5764,4.0,4.0,4.0,5.0,4.0,5.0,5.0,2.0,5.0,5.0,4.0,2.0,4.0,2.0,5.0,5.0,5.0,4.0,1.0,1.0,2,1,5,2,5,6,7,3,7,5,1,1,0,1,1,0,0,0,0,1,0,0,1,0,1,1,3,3,1,2,28,1,2,1,50,1,1,4
5765,4.0,4.0,3.0,3.0,5.0,2.0,2.0,2.0,2.0,2.0,1.0,5.0,4.0,2.0,3.0,4.0,4.0,4.0,5.0,4.0,3,6,7,5,6,7,4,1,5,1,1,1,0,1,1,0,0,0,0,1,0,0,1,1,1,1,3,2,1,2,23,1,1,1,70,2,1,3
5766,1.0,4.0,2.0,3.0,4.0,2.0,2.0,4.0,5.0,2.0,2.0,4.0,4.0,1.0,5.0,5.0,1.0,4.0,4.0,4.0,5,6,5,5,6,6,5,5,4,1,1,1,0,1,1,0,0,0,0,1,0,0,0,0,1,1,2,3,1,2,20,1,2,1,10,1,1,2
5767,4.0,4.0,2.0,3.0,3.0,2.0,1.0,3.0,2.0,1.0,1.0,5.0,5.0,1.0,5.0,1.0,1.0,5.0,5.0,1.0,7,5,2,7,7,5,5,6,5,1,1,1,1,1,1,0,1,1,0,1,1,0,1,1,1,1,2,2,1,1,21,1,2,3,60,1,1,2
5768,2.0,3.0,4.0,1.0,3.0,4.0,2.0,1.0,4.0,2.0,1.0,2.0,1.0,1.0,1.0,3.0,2.0,2.0,2.0,1.0,6,7,5,7,4,5,5,1,3,2,1,1,1,1,1,0,1,0,0,1,1,0,1,1,1,1,3,1,1,2,20,1,4,1,60,2,1,2
5769,1.0,1.0,4.0,4.0,4.0,2.0,1.0,1.0,5.0,3.0,1.0,2.0,1.0,3.0,3.0,4.0,1.0,5.0,4.0,1.0,5,5,3,6,7,2,6,6,2,2,1,1,1,1,1,0,0,1,0,1,1,0,1,1,1,1,3,2,1,1,31,1,2,1,60,0,1,6
5770,4.0,4.0,2.0,3.0,4.0,3.0,3.0,4.0,3.0,2.0,2.0,4.0,4.0,2.0,4.0,3.0,4.0,5.0,5.0,4.0,3,2,5,2,6,7,3,4,5,3,1,1,0,1,1,0,0,0,0,1,0,0,1,1,1,1,2,3,1,1,20,1,1,1,30,1,1,4
5771,3.0,1.0,1.0,5.0,4.0,5.0,2.0,1.0,5.0,5.0,1.0,1.0,1.0,4.0,1.0,2.0,5.0,2.0,5.0,1.0,6,4,6,6,7,7,7,5,6,3,1,1,1,1,1,0,0,0,0,1,1,1,0,1,1,1,3,2,2,2,26,2,4,2,70,1,1,2
5772,2.0,2.0,4.0,3.0,2.0,5.0,2.0,4.0,5.0,4.0,1.0,1.0,2.0,1.0,4.0,4.0,2.0,4.0,5.0,2.0,5,4,5,6,6,3,6,5,4,4,1,1,0,1,1,0,0,0,0,1,0,0,0,0,1,1,3,3,1,1,24,1,1,1,60,1,1,2
5773,4.0,5.0,4.0,3.0,5.0,2.0,2.0,1.0,3.0,4.0,1.0,5.0,1.0,2.0,5.0,2.0,1.0,4.0,5.0,2.0,1,6,2,7,1,7,5,6,1,5,1,1,0,1,1,0,0,0,0,1,1,0,1,1,1,1,3,2,1,1,24,1,2,5,60,1,1,4
5774,2.0,3.0,1.0,3.0,1.0,1.0,1.0,1.0,2.0,2.0,1.0,2.0,4.0,3.0,3.0,2.0,2.0,4.0,5.0,2.0,5,4,5,5,7,6,2,6,3,5,1,1,1,1,1,0,0,1,0,1,0,0,1,1,1,1,3,2,2,2,27,1,1,1,60,2,1,1
5775,4.0,4.0,1.0,3.0,2.0,3.0,2.0,4.0,4.0,1.0,2.0,5.0,4.0,3.0,5.0,3.0,2.0,4.0,5.0,3.0,2,5,6,3,5,2,7,3,5,2,1,1,1,1,1,0,0,0,0,1,0,0,1,1,1,1,2,3,2,1,26,1,4,1,70,1,1,3
5776,2.0,1.0,2.0,4.0,4.0,5.0,2.0,4.0,5.0,5.0,1.0,2.0,4.0,2.0,1.0,4.0,2.0,4.0,5.0,3.0,2,3,3,3,5,6,5,7,6,3,1,1,1,1,1,0,0,0,0,1,0,0,1,1,1,1,3,2,1,2,26,1,2,1,70,2,1,3
5777,2.0,2.0,3.0,4.0,2.0,3.0,3.0,4.0,5.0,4.0,1.0,1.0,2.0,2.0,2.0,5.0,3.0,2.0,4.0,3.0,5,2,5,7,4,7,7,5,3,4,1,1,1,1,1,1,0,0,0,1,0,0,1,1,1,1,3,2,3,1,23,1,2,5,70,1,1,5
5778,1.0,1.0,2.0,5.0,1.0,2.0,2.0,1.0,4.0,5.0,2.0,1.0,2.0,4.0,4.0,1.0,2.0,2.0,5.0,1.0,7,2,6,3,7,2,6,2,5,5,1,1,1,1,1,0,1,1,0,1,0,0,1,1,1,1,4,2,2,1,44,1,1,1,60,1,2,3
5779,3.0,1.0,4.0,1.0,4.0,2.0,1.0,2.0,5.0,5.0,1.0,5.0,1.0,1.0,1.0,1.0,1.0,1.0,1.0,3.0,2,7,6,5,2,6,7,5,6,1,1,1,1,1,1,0,0,1,0,1,0,0,1,1,1,1,3,1,1,1,24,1,6,1,60,1,1,6
5780,3.0,3.0,5.0,4.0,5.0,5.0,3.0,5.0,5.0,5.0,1.0,5.0,4.0,2.0,5.0,2.0,3.0,4.0,3.0,5.0,5,1,4,7,5,7,7,5,5,1,1,1,0,1,1,0,0,0,0,1,0,0,0,0,1,1,2,3,2,1,21,1,4,1,70,1,1,5
5781,1.0,1.0,5.0,4.0,4.0,4.0,4.0,1.0,5.0,5.0,2.0,1.0,1.0,1.0,4.0,5.0,1.0,5.0,5.0,1.0,4,2,7,1,7,7,5,2,7,1,1,1,0,1,1,0,0,0,0,1,0,0,1,0,1,1,3,2,1,2,33,1,4,1,60,2,2,3
5782,2.0,5.0,3.0,3.0,3.0,2.0,1.0,2.0,5.0,3.0,1.0,2.0,5.0,4.0,1.0,1.0,1.0,5.0,5.0,1.0,7,5,3,5,7,1,6,5,4,2,1,1,1,0,1,0,0,0,0,1,0,0,0,1,1,1,2,3,1,2,17,1,2,1,60,2,1,3
5783,4.0,4.0,2.0,5.0,4.0,5.0,5.0,5.0,5.0,5.0,2.0,4.0,5.0,5.0,4.0,5.0,3.0,3.0,5.0,4.0,7,2,7,2,6,5,7,1,7,2,1,1,1,1,1,1,0,1,0,1,0,0,1,1,1,1,4,3,2,2,58,1,3,1,60,2,3,2
5784,3.0,1.0,1.0,4.0,1.0,1.0,2.0,2.0,1.0,1.0,4.0,4.0,2.0,1.0,4.0,1.0,1.0,1.0,3.0,1.0,3,4,3,2,3,3,2,2,5,1,0,1,0,0,0,0,1,0,1,0,0,1,0,1,0,0,3,2,1,2,20,1,10,1,10,2,1,5
5785,4.0,2.0,4.0,3.0,5.0,4.0,3.0,5.0,4.0,5.0,2.0,4.0,4.0,4.0,2.0,4.0,2.0,3.0,3.0,1.0,4,4,5,6,5,7,6,3,4,4,1,1,0,1,1,0,0,0,0,1,0,0,0,1,1,1,3,3,2,2,20,1,10,1,10,2,1,4
5786,5.0,4.0,5.0,5.0,5.0,3.0,3.0,5.0,4.0,3.0,2.0,4.0,4.0,3.0,2.0,5.0,5.0,5.0,4.0,2.0,6,7,5,7,7,2,7,5,2,5,1,0,0,1,1,0,0,0,0,1,0,0,0,1,1,1,2,2,2,2,20,1,10,1,10,2,1,2
5787,5.0,5.0,3.0,4.0,5.0,5.0,3.0,3.0,5.0,4.0,2.0,5.0,1.0,4.0,3.0,2.0,5.0,4.0,5.0,4.0,4,2,5,4,6,2,7,5,4,2,1,1,0,1,1,0,0,0,0,1,0,0,0,0,1,1,3,3,2,2,20,1,10,1,70,2,1,8
5788,1.0,1.0,1.0,2.0,1.0,2.0,2.0,1.0,5.0,4.0,1.0,1.0,1.0,4.0,1.0,5.0,1.0,1.0,5.0,1.0,7,7,7,7,7,1,7,5,2,1,1,1,1,1,1,0,0,1,0,1,0,0,1,1,1,1,3,3,2,1,29,2,2,2,70,1,2,3
5789,4.0,2.0,1.0,1.0,5.0,1.0,1.0,2.0,2.0,1.0,1.0,5.0,1.0,1.0,1.0,1.0,1.0,5.0,5.0,5.0,5,6,2,1,7,5,5,6,7,1,1,1,0,1,1,0,0,1,0,1,0,0,1,0,1,1,3,3,1,2,23,1,10,1,70,1,1,3
5790,3.0,2.0,4.0,2.0,4.0,4.0,4.0,4.0,5.0,4.0,2.0,2.0,2.0,2.0,3.0,2.0,3.0,3.0,4.0,2.0,2,5,5,6,5,7,4,5,5,3,1,1,1,1,1,0,1,0,0,1,1,0,1,1,1,1,2,1,1,1,18,1,1,4,60,2,1,3
5791,4.0,4.0,2.0,1.0,3.0,1.0,2.0,1.0,4.0,4.0,1.0,5.0,1.0,5.0,1.0,1.0,1.0,4.0,5.0,1.0,6,7,6,7,5,5,4,3,4,1,1,1,0,1,1,0,0,0,0,1,0,0,1,1,1,1,3,3,2,2,29,2,2,1,60,1,2,2
5792,5.0,2.0,3.0,3.0,4.0,1.0,1.0,5.0,4.0,2.0,2.0,5.0,5.0,2.0,5.0,5.0,1.0,4.0,5.0,3.0,1,5,3,6,3,6,7,5,2,2,1,1,0,1,1,0,0,1,0,1,1,0,1,1,1,1,3,2,3,1,25,1,2,2,70,1,1,5
5793,5.0,5.0,1.0,2.0,4.0,1.0,2.0,4.0,2.0,1.0,2.0,5.0,4.0,1.0,5.0,1.0,1.0,2.0,5.0,4.0,6,3,4,1,6,4,5,2,7,3,1,1,0,1,1,0,0,1,0,1,0,0,1,1,1,1,3,2,1,1,26,1,2,1,60,1,2,4
5794,5.0,2.0,4.0,4.0,5.0,4.0,4.0,3.0,5.0,5.0,1.0,4.0,1.0,2.0,4.0,5.0,3.0,3.0,5.0,1.0,5,5,6,5,6,5,7,5,3,3,1,1,0,1,1,0,0,1,0,1,0,0,0,1,1,1,4,1,2,1,38,1,7,1,60,2,2,3
5795,4.0,5.0,1.0,1.0,4.0,4.0,1.0,5.0,4.0,2.0,1.0,5.0,2.0,2.0,4.0,1.0,1.0,5.0,5.0,4.0,2,7,3,6,5,7,2,2,3,5,1,1,0,1,1,0,1,0,0,1,0,0,0,1,1,1,3,2,1,1,20,1,1,1,10,1,1,2
5796,1.0,3.0,4.0,3.0,3.0,2.0,4.0,2.0,5.0,4.0,1.0,4.0,1.0,3.0,1.0,2.0,3.0,1.0,5.0,3.0,2,5,7,4,6,4,5,3,5,1,1,1,1,1,1,1,0,0,0,1,1,0,1,1,1,1,3,3,2,1,33,1,2,1,60,1,1,1
5797,1.0,4.0,2.0,5.0,2.0,4.0,2.0,2.0,5.0,5.0,2.0,1.0,2.0,4.0,3.0,5.0,1.0,1.0,5.0,1.0,6,3,6,5,2,1,7,6,6,1,1,1,1,1,1,0,1,1,0,1,1,0,1,1,1,1,4,2,2,1,44,1,2,1,60,1,3,3
5798,1.0,1.0,4.0,5.0,4.0,4.0,4.0,1.0,5.0,5.0,3.0,4.0,1.0,4.0,1.0,4.0,4.0,4.0,5.0,1.0,7,1,7,2,7,4,7,2,6,1,1,1,0,1,1,0,0,0,0,1,0,0,0,1,1,1,4,3,2,1,58,1,12,1,60,1,3,2
5799,4.0,4.0,4.0,2.0,5.0,2.0,4.0,1.0,5.0,4.0,2.0,4.0,4.0,1.0,2.0,1.0,1.0,4.0,5.0,5.0,6,7,6,5,5,2,6,3,3,1,1,1,1,1,1,0,1,1,0,1,0,0,1,1,1,1,4,3,1,1,34,1,1,1,70,2,1,4
5800,2.0,4.0,1.0,2.0,3.0,2.0,2.0,4.0,5.0,4.0,3.0,2.0,4.0,1.0,1.0,2.0,1.0,4.0,5.0,1.0,6,5,2,7,7,3,6,6,2,1,1,1,1,1,1,0,0,1,0,1,1,1,1,1,1,1,3,1,2,1,31,1,12,2,60,1,3,2
5801,2.0,2.0,4.0,3.0,5.0,2.0,1.0,4.0,5.0,3.0,1.0,3.0,3.0,1.0,5.0,1.0,1.0,5.0,5.0,5.0,4,2,2,2,5,5,6,5,6,1,1,1,0,1,1,0,0,0,0,1,0,1,1,1,1,1,3,1,1,1,24,1,1,1,60,1,1,3
5802,3.0,3.0,1.0,1.0,4.0,1.0,1.0,1.0,1.0,3.0,1.0,5.0,4.0,1.0,4.0,1.0,1.0,5.0,3.0,1.0,7,7,3,6,7,1,2,7,1,1,1,1,0,1,1,0,0,0,0,1,0,0,0,1,1,1,1,2,2,1,17,2,9,1,60,2,1,3
5803,1.0,4.0,3.0,2.0,4.0,2.0,4.0,5.0,5.0,5.0,3.0,5.0,3.0,3.0,4.0,1.0,3.0,3.0,2.0,5.0,2,1,6,2,2,6,6,1,5,1,1,0,0,1,1,0,0,0,0,1,0,0,0,0,0,1,4,3,2,2,37,1,8,3,10,1,2,4
5804,3.0,4.0,4.0,2.0,4.0,5.0,3.0,4.0,5.0,4.0,2.0,4.0,4.0,2.0,3.0,1.0,2.0,4.0,5.0,1.0,3,6,7,2,7,7,6,5,6,4,1,1,0,1,1,0,0,0,0,1,0,0,0,1,1,1,3,2,1,1,21,2,4,1,60,2,1,2
5805,5.0,5.0,4.0,1.0,4.0,2.0,1.0,5.0,2.0,2.0,1.0,5.0,5.0,1.0,5.0,3.0,1.0,4.0,5.0,1.0,5,7,5,6,7,3,4,3,3,3,1,1,1,1,1,0,0,0,0,1,0,0,1,1,1,1,2,2,1,1,18,1,6,1,60,2,1,3
5806,2.0,1.0,3.0,4.0,4.0,5.0,5.0,1.0,5.0,5.0,1.0,5.0,4.0,4.0,2.0,5.0,5.0,2.0,5.0,1.0,6,1,6,5,7,2,7,2,3,1,1,1,1,1,1,0,0,1,0,1,0,1,1,1,1,1,3,3,2,1,40,1,7,1,60,1,2,2
5807,2.0,4.0,4.0,5.0,2.0,4.0,2.0,2.0,5.0,4.0,2.0,2.0,1.0,4.0,4.0,4.0,3.0,3.0,5.0,1.0,2,5,7,6,6,7,7,2,3,2,1,1,1,1,1,0,1,1,0,1,1,1,1,1,0,1,3,2,2,1,33,1,2,1,60,1,1,3
5808,1.0,2.0,2.0,4.0,1.0,3.0,2.0,4.0,5.0,5.0,2.0,2.0,1.0,1.0,4.0,2.0,2.0,4.0,5.0,3.0,3,4,4,5,6,5,6,4,6,7,1,1,1,1,1,0,1,1,1,1,1,1,1,1,1,1,3,3,2,1,74,1,6,1,60,1,2,1
5809,1.0,2.0,2.0,2.0,2.0,2.0,2.0,2.0,5.0,4.0,3.0,5.0,2.0,1.0,4.0,1.0,1.0,4.0,5.0,1.0,3,5,3,6,7,3,4,6,1,1,0,0,0,0,0,0,0,0,0,0,0,0,0,0,0,0,2,2,1,2,20,1,6,1,10,2,1,2
5810,5.0,2.0,2.0,1.0,5.0,1.0,2.0,5.0,5.0,2.0,1.0,5.0,4.0,2.0,1.0,1.0,1.0,5.0,3.0,4.0,2,3,7,6,4,5,5,4,5,4,1,1,0,1,1,0,1,1,1,1,1,0,1,1,1,1,3,3,2,1,36,1,2,2,60,1,2,2
5811,5.0,5.0,1.0,2.0,5.0,1.0,3.0,5.0,3.0,2.0,1.0,5.0,5.0,1.0,4.0,1.0,5.0,5.0,5.0,5.0,3,5,6,2,4,7,2,2,4,1,1,0,0,1,1,0,0,0,0,1,0,0,0,0,0,1,4,2,1,2,26,1,2,1,10,2,1,2
5812,5.0,1.0,5.0,1.0,5.0,2.0,3.0,1.0,5.0,5.0,2.0,5.0,5.0,5.0,4.0,1.0,5.0,2.0,1.0,1.0,5,5,3,7,2,7,7,5,2,1,1,1,0,1,1,1,1,1,1,1,1,1,0,1,1,0,2,2,1,1,21,1,4,1,50,1,1,0
5813,4.0,4.0,2.0,2.0,4.0,1.0,1.0,1.0,5.0,3.0,1.0,4.0,4.0,1.0,5.0,2.0,1.0,4.0,3.0,3.0,6,5,2,5,6,4,5,5,2,2,1,1,1,1,1,0,0,0,0,1,0,0,1,1,1,1,3,1,1,1,59,1,6,1,60,2,2,3
5814,4.0,1.0,3.0,5.0,4.0,3.0,1.0,1.0,3.0,4.0,3.0,5.0,5.0,1.0,1.0,5.0,1.0,5.0,5.0,2.0,4,7,7,6,6,6,7,2,2,1,1,1,0,1,1,0,0,0,0,0,0,0,1,1,1,1,3,2,1,1,38,1,1,4,60,1,3,1
5815,5.0,2.0,5.0,1.0,5.0,2.0,1.0,4.0,4.0,2.0,1.0,5.0,5.0,1.0,2.0,2.0,1.0,2.0,4.0,4.0,6,7,6,3,7,6,3,5,7,2,0,1,0,1,1,1,0,0,0,1,0,0,1,1,1,1,3,3,1,2,23,1,2,1,10,1,1,1
5816,1.0,1.0,2.0,4.0,2.0,3.0,1.0,2.0,4.0,5.0,2.0,2.0,2.0,4.0,4.0,2.0,2.0,4.0,5.0,4.0,5,5,6,3,5,5,5,2,6,5,1,1,1,1,1,0,0,1,0,1,1,0,1,1,1,1,3,3,2,2,22,1,2,1,60,2,1,3
5817,5.0,4.0,3.0,3.0,5.0,4.0,3.0,5.0,5.0,2.0,3.0,5.0,1.0,1.0,4.0,5.0,2.0,4.0,1.0,1.0,7,5,3,6,3,3,3,5,5,1,1,0,0,1,1,0,0,0,0,1,0,0,0,1,0,1,4,3,1,2,20,1,8,1,10,2,1,2
5818,4.0,5.0,2.0,1.0,4.0,2.0,1.0,4.0,4.0,2.0,2.0,5.0,5.0,2.0,4.0,4.0,2.0,3.0,4.0,4.0,1,5,3,7,6,7,6,5,5,3,1,1,0,1,1,0,0,0,0,1,0,0,1,1,1,1,3,3,1,2,24,1,10,1,10,2,1,4
5819,4.0,4.0,1.0,1.0,4.0,2.0,1.0,2.0,3.0,2.0,1.0,3.0,4.0,1.0,4.0,3.0,4.0,4.0,5.0,3.0,4,6,3,5,4,7,7,4,4,1,1,1,0,1,1,0,0,0,0,1,1,0,0,1,1,1,3,3,1,2,35,1,1,1,60,2,1,1
5820,1.0,1.0,4.0,2.0,4.0,3.0,3.0,1.0,4.0,4.0,2.0,4.0,1.0,2.0,4.0,3.0,2.0,2.0,4.0,1.0,3,1,5,2,6,5,6,5,6,5,1,1,1,1,1,0,1,0,0,1,1,0,1,1,1,1,3,2,2,2,50,1,4,1,60,1,2,6
5821,4.0,5.0,2.0,2.0,4.0,1.0,1.0,5.0,3.0,2.0,1.0,4.0,4.0,1.0,4.0,1.0,1.0,4.0,5.0,2.0,1,6,2,6,2,6,2,5,2,2,1,1,1,1,1,0,0,1,0,1,0,0,0,0,1,1,3,1,1,1,18,2,2,2,60,2,1,3
5822,4.0,5.0,3.0,3.0,5.0,2.0,2.0,5.0,5.0,2.0,1.0,4.0,2.0,3.0,4.0,1.0,2.0,4.0,4.0,1.0,3,6,7,1,7,4,4,2,7,4,1,1,0,1,1,0,0,0,0,1,0,0,0,1,1,1,3,3,1,1,19,1,2,1,60,1,1,4
5823,4.0,4.0,2.0,2.0,5.0,2.0,1.0,4.0,3.0,2.0,2.0,5.0,5.0,1.0,4.0,1.0,1.0,4.0,3.0,4.0,3,6,3,6,6,5,4,3,4,4,1,1,1,1,1,0,1,1,0,1,1,0,1,1,1,1,3,1,1,1,50,1,6,1,60,2,2,1
5824,1.0,1.0,1.0,4.0,2.0,1.0,2.0,1.0,4.0,4.0,2.0,2.0,1.0,2.0,4.0,4.0,1.0,2.0,5.0,2.0,5,2,6,3,7,2,7,3,6,6,1,1,0,1,1,0,0,0,0,1,0,0,0,1,1,1,3,2,1,1,23,1,4,1,60,1,1,3
5825,3.0,4.0,4.0,5.0,4.0,3.0,4.0,5.0,5.0,2.0,2.0,4.0,4.0,3.0,5.0,3.0,2.0,4.0,5.0,1.0,5,2,6,2,6,5,4,2,2,1,1,1,1,1,1,0,0,1,0,1,1,0,1,1,1,1,4,1,1,1,53,1,1,1,60,1,2,5
5826,4.0,4.0,3.0,3.0,5.0,4.0,2.0,5.0,4.0,4.0,2.0,4.0,2.0,2.0,4.0,2.0,1.0,4.0,5.0,1.0,3,7,6,2,2,5,2,1,5,3,1,1,0,1,1,0,0,1,0,1,0,0,1,1,1,1,2,3,1,1,20,1,2,1,60,1,1,2
5827,4.0,4.0,4.0,4.0,3.0,4.0,1.0,4.0,5.0,3.0,1.0,3.0,4.0,3.0,5.0,1.0,4.0,3.0,5.0,2.0,2,1,2,7,6,5,6,6,3,5,1,1,1,1,1,0,1,1,0,1,1,1,1,1,1,1,4,2,1,1,25,1,2,1,60,1,1,2
5828,2.0,1.0,4.0,4.0,4.0,2.0,1.0,2.0,5.0,4.0,2.0,4.0,1.0,2.0,3.0,4.0,1.0,2.0,4.0,1.0,6,3,6,5,6,3,7,2,6,3,1,1,1,1,1,0,0,1,0,1,0,0,1,1,1,1,3,2,2,1,40,1,6,1,60,1,2,4
5829,2.0,2.0,3.0,5.0,1.0,4.0,2.0,4.0,5.0,4.0,2.0,1.0,2.0,2.0,1.0,1.0,1.0,3.0,4.0,1.0,6,2,5,5,6,2,7,3,3,2,1,1,0,1,1,0,0,1,0,1,0,0,1,1,1,1,2,2,3,1,18,1,1,5,10,2,1,2
5830,4.0,3.0,4.0,4.0,2.0,4.0,2.0,1.0,5.0,2.0,1.0,1.0,3.0,2.0,4.0,4.0,2.0,2.0,5.0,2.0,5,2,6,5,6,2,7,6,6,3,1,1,1,1,1,0,1,1,0,1,1,0,1,1,1,1,3,1,2,1,27,1,2,1,60,1,1,2
5831,5.0,4.0,1.0,4.0,4.0,1.0,1.0,4.0,1.0,2.0,2.0,5.0,5.0,1.0,5.0,5.0,1.0,5.0,5.0,4.0,6,7,6,5,7,1,3,2,6,7,1,1,1,1,1,0,1,1,0,1,0,1,1,1,1,1,3,2,1,1,27,1,1,2,60,1,1,2
5832,5.0,2.0,4.0,4.0,4.0,5.0,2.0,2.0,5.0,2.0,2.0,3.0,1.0,3.0,2.0,5.0,3.0,1.0,5.0,1.0,5,5,7,5,4,4,4,4,5,5,0,0,0,0,1,0,0,0,0,0,0,0,0,0,0,1,4,3,2,1,22,1,7,1,60,1,1,2
5833,4.0,4.0,4.0,4.0,2.0,2.0,1.0,2.0,5.0,5.0,3.0,2.0,4.0,2.0,3.0,4.0,1.0,2.0,5.0,1.0,7,7,6,1,7,1,6,6,6,1,1,1,1,1,1,0,0,0,0,1,0,0,1,1,1,1,3,3,1,1,25,1,2,1,10,2,1,2
5834,5.0,1.0,2.0,3.0,5.0,2.0,1.0,2.0,4.0,2.0,1.0,2.0,5.0,1.0,3.0,1.0,2.0,5.0,5.0,1.0,6,2,7,5,6,2,6,3,2,3,1,1,0,1,1,0,0,0,0,1,0,0,0,1,1,1,3,2,1,1,28,1,1,2,70,1,1,3
5835,5.0,5.0,2.0,3.0,3.0,2.0,2.0,5.0,1.0,1.0,2.0,5.0,5.0,1.0,5.0,3.0,3.0,5.0,3.0,5.0,2,7,6,1,6,5,2,1,6,4,1,1,1,1,1,0,0,0,0,1,0,0,0,1,1,1,3,3,2,2,18,3,4,2,60,2,1,0
5836,2.0,4.0,3.0,4.0,2.0,3.0,2.0,1.0,4.0,3.0,2.0,4.0,2.0,2.0,3.0,3.0,3.0,4.0,5.0,3.0,2,6,5,5,6,4,5,3,4,5,1,1,0,1,1,0,0,0,0,1,0,0,1,1,1,1,2,3,1,2,22,1,2,1,60,2,1,2
5837,2.0,4.0,2.0,4.0,2.0,4.0,1.0,4.0,2.0,5.0,1.0,5.0,4.0,4.0,4.0,1.0,1.0,1.0,5.0,1.0,6,5,6,2,7,1,3,3,3,1,1,1,1,1,1,1,1,1,0,1,1,0,1,1,1,1,4,1,2,1,61,2,6,1,60,0,2,4
5838,4.0,4.0,1.0,3.0,2.0,1.0,1.0,5.0,2.0,2.0,1.0,5.0,5.0,2.0,5.0,1.0,1.0,4.0,5.0,2.0,7,5,3,5,7,2,2,3,3,2,1,1,0,1,1,0,0,1,1,1,0,0,1,1,1,1,2,3,2,1,21,1,1,2,60,1,1,2
5839,5.0,5.0,5.0,3.0,4.0,2.0,2.0,5.0,5.0,2.0,3.0,5.0,4.0,1.0,4.0,2.0,2.0,4.0,3.0,4.0,5,4,2,5,5,4,5,6,4,3,1,1,0,1,1,0,0,0,0,1,0,0,1,0,1,1,3,3,1,2,23,1,10,2,10,1,1,3
5840,5.0,4.0,5.0,3.0,5.0,1.0,2.0,5.0,5.0,4.0,1.0,4.0,4.0,1.0,3.0,5.0,4.0,4.0,1.0,5.0,5,1,5,1,7,1,5,6,6,1,1,0,0,1,1,0,0,0,0,1,0,0,0,1,1,1,3,2,1,2,22,1,10,3,70,2,1,2
5841,2.0,1.0,5.0,4.0,2.0,1.0,1.0,4.0,5.0,2.0,3.0,2.0,3.0,1.0,4.0,2.0,2.0,4.0,5.0,1.0,5,6,0,0,0,0,0,0,0,0,0,0,0,0,0,0,0,0,0,0,0,0,0,0,0,0,4,1,1,1,33,1,7,1,0,2,1,3
5842,1.0,2.0,3.0,4.0,2.0,3.0,2.0,1.0,4.0,4.0,3.0,1.0,1.0,2.0,3.0,4.0,3.0,2.0,4.0,1.0,5,4,7,4,7,3,6,2,6,4,1,1,1,1,1,0,0,1,0,1,0,1,1,1,1,1,4,2,2,1,30,1,6,1,60,1,1,3
5843,3.0,1.0,2.0,5.0,2.0,4.0,4.0,1.0,5.0,5.0,3.0,1.0,1.0,3.0,3.0,3.0,1.0,1.0,4.0,3.0,6,5,6,2,6,4,6,4,4,2,1,1,0,1,1,0,0,1,0,1,1,0,1,1,1,1,2,2,1,1,51,1,1,1,60,1,3,3
5844,3.0,4.0,2.0,3.0,3.0,2.0,2.0,1.0,3.0,3.0,1.0,4.0,2.0,4.0,4.0,2.0,1.0,3.0,4.0,3.0,4,5,5,5,5,1,4,3,4,3,1,1,0,1,1,0,0,1,0,1,0,0,1,1,1,1,4,2,2,1,39,1,2,3,60,1,1,2
5845,4.0,2.0,1.0,1.0,4.0,2.0,2.0,4.0,3.0,2.0,1.0,4.0,5.0,2.0,4.0,3.0,2.0,5.0,5.0,3.0,5,6,7,4,6,5,3,4,6,5,1,0,0,1,1,0,0,0,0,1,0,1,1,1,1,1,1,3,2,1,17,1,2,1,60,2,1,2
5846,2.0,2.0,2.0,4.0,3.0,3.0,4.0,2.0,5.0,4.0,3.0,1.0,2.0,4.0,2.0,5.0,2.0,2.0,1.0,4.0,7,2,7,1,6,1,7,1,7,2,1,1,0,1,1,0,0,1,0,1,0,1,0,1,1,1,3,3,2,1,41,3,7,1,60,2,2,8
5847,4.0,2.0,2.0,4.0,4.0,2.0,3.0,2.0,3.0,2.0,1.0,4.0,4.0,4.0,4.0,4.0,4.0,5.0,5.0,4.0,3,3,5,5,6,6,5,5,4,5,1,1,0,1,1,0,0,0,0,1,1,0,0,1,1,1,3,2,1,2,36,1,4,1,30,1,3,3
5848,1.0,1.0,3.0,5.0,1.0,4.0,5.0,1.0,5.0,5.0,2.0,4.0,4.0,4.0,4.0,4.0,3.0,2.0,4.0,1.0,6,5,7,4,6,3,7,2,3,2,1,1,0,1,1,0,0,0,0,1,1,0,1,1,1,1,3,2,1,1,42,1,12,1,60,1,1,3
5849,5.0,3.0,4.0,1.0,4.0,5.0,3.0,1.0,5.0,1.0,5.0,5.0,1.0,1.0,5.0,1.0,1.0,1.0,3.0,2.0,6,6,3,1,7,1,5,1,6,2,1,1,1,1,0,0,0,0,0,1,0,0,0,1,1,1,4,3,1,2,35,1,4,1,60,1,2,3
5850,5.0,5.0,1.0,1.0,5.0,1.0,1.0,5.0,1.0,1.0,1.0,5.0,5.0,1.0,5.0,1.0,1.0,5.0,5.0,5.0,6,4,3,3,6,4,5,3,6,4,0,1,0,0,0,0,1,0,0,1,0,0,1,0,0,0,3,1,1,2,22,1,2,1,10,2,1,4
5851,2.0,2.0,4.0,3.0,5.0,1.0,1.0,1.0,4.0,3.0,1.0,4.0,1.0,1.0,5.0,1.0,1.0,4.0,5.0,1.0,4,6,6,6,7,5,5,2,3,4,1,1,1,1,1,0,1,1,0,1,1,0,1,1,1,1,4,1,1,1,38,1,2,3,60,1,2,1
5852,5.0,5.0,3.0,4.0,3.0,2.0,2.0,4.0,2.0,2.0,1.0,4.0,2.0,3.0,5.0,1.0,1.0,5.0,5.0,2.0,3,5,6,6,5,7,5,3,4,2,1,1,1,1,1,1,1,1,0,1,0,1,1,1,1,1,2,1,2,1,20,1,1,2,60,1,1,2
5853,1.0,2.0,5.0,4.0,4.0,5.0,4.0,1.0,5.0,5.0,1.0,1.0,1.0,2.0,1.0,5.0,5.0,2.0,4.0,1.0,2,6,6,7,2,6,6,6,1,3,1,1,0,1,1,0,0,0,0,1,0,0,0,0,1,1,4,2,1,1,49,1,4,1,60,1,1,5
5854,3.0,4.0,1.0,3.0,4.0,3.0,2.0,2.0,4.0,2.0,3.0,4.0,2.0,2.0,4.0,4.0,3.0,5.0,5.0,4.0,1,7,1,7,3,7,5,7,1,5,1,1,1,1,1,0,0,1,0,1,0,0,1,1,1,1,3,3,1,1,22,1,2,1,20,2,1,1
5855,3.0,4.0,3.0,3.0,4.0,4.0,2.0,2.0,5.0,2.0,1.0,5.0,1.0,1.0,5.0,5.0,4.0,2.0,4.0,5.0,6,3,7,2,7,2,4,3,7,1,1,1,1,1,1,0,1,1,0,1,1,0,1,1,1,1,4,1,1,1,60,1,5,1,60,1,2,6
5856,4.0,2.0,2.0,4.0,4.0,2.0,2.0,2.0,5.0,4.0,1.0,4.0,4.0,4.0,4.0,2.0,5.0,4.0,5.0,5.0,5,5,5,5,3,5,5,7,5,5,1,1,0,1,1,0,0,0,0,1,0,0,1,1,1,1,3,1,1,1,25,1,1,1,0,2,1,3
5857,2.0,5.0,1.0,3.0,4.0,1.0,1.0,5.0,4.0,5.0,1.0,2.0,1.0,1.0,5.0,1.0,3.0,4.0,5.0,1.0,6,7,7,1,6,4,7,1,7,4,1,1,1,1,1,0,0,0,0,1,0,0,1,1,1,1,4,3,1,2,26,1,1,1,60,1,1,2
5858,2.0,4.0,3.0,2.0,4.0,5.0,2.0,3.0,2.0,2.0,1.0,4.0,1.0,2.0,4.0,2.0,4.0,5.0,4.0,4.0,6,5,3,5,7,1,2,7,7,1,1,1,1,1,1,0,1,0,1,1,1,1,1,1,1,1,4,3,2,2,24,1,10,1,10,1,1,4
5859,1.0,1.0,5.0,4.0,4.0,5.0,5.0,1.0,5.0,5.0,1.0,4.0,1.0,1.0,5.0,4.0,1.0,3.0,5.0,5.0,7,1,7,2,6,2,7,1,6,1,1,1,0,1,1,0,0,0,0,1,0,0,1,1,1,1,3,3,2,1,36,1,7,1,60,1,1,1
5860,1.0,1.0,4.0,5.0,2.0,5.0,3.0,3.0,5.0,5.0,3.0,1.0,2.0,3.0,1.0,5.0,2.0,2.0,4.0,2.0,3,4,3,5,7,6,5,5,5,1,1,1,0,1,1,0,0,1,0,1,0,0,1,1,1,1,3,2,2,2,25,3,2,1,60,2,1,2
5861,2.0,2.0,5.0,3.0,2.0,4.0,2.0,4.0,5.0,5.0,1.0,4.0,2.0,3.0,4.0,4.0,3.0,2.0,5.0,1.0,5,5,6,3,6,5,6,3,7,3,1,1,1,1,1,0,0,1,1,1,1,0,1,1,1,1,4,1,2,1,41,1,12,1,60,1,2,3
5862,2.0,3.0,2.0,4.0,3.0,4.0,5.0,2.0,4.0,4.0,1.0,4.0,2.0,2.0,2.0,4.0,2.0,1.0,4.0,2.0,4,6,5,4,6,4,3,4,4,4,1,1,1,1,1,0,0,0,0,1,0,0,0,1,1,1,3,3,2,1,50,3,7,1,50,1,1,4
5863,1.0,4.0,5.0,4.0,3.0,4.0,3.0,3.0,5.0,4.0,2.0,2.0,1.0,3.0,2.0,4.0,2.0,1.0,5.0,1.0,4,1,5,4,6,4,7,5,4,3,1,1,1,1,1,0,1,1,0,1,1,0,1,1,1,1,3,1,1,1,33,1,1,1,60,1,1,2
5864,1.0,2.0,5.0,1.0,4.0,5.0,5.0,2.0,5.0,5.0,1.0,5.0,3.0,3.0,3.0,5.0,1.0,4.0,3.0,2.0,7,4,5,5,0,7,6,6,4,4,1,1,0,1,1,0,0,0,0,1,0,1,0,1,1,1,2,2,2,1,23,1,1,2,70,2,2,3
5865,3.0,4.0,3.0,4.0,2.0,4.0,1.0,1.0,4.0,4.0,2.0,4.0,1.0,3.0,4.0,2.0,4.0,3.0,2.0,1.0,5,5,7,5,7,6,7,4,6,2,1,1,1,1,1,0,1,1,0,1,1,0,1,1,1,1,3,2,1,1,61,1,6,1,60,1,2,2
5866,4.0,2.0,2.0,3.0,4.0,3.0,3.0,2.0,5.0,3.0,2.0,3.0,1.0,3.0,3.0,3.0,4.0,1.0,4.0,1.0,3,5,6,2,5,7,5,2,6,3,1,1,1,1,1,1,1,1,0,1,0,1,1,1,1,1,3,3,1,1,27,1,7,5,70,1,1,3
5867,5.0,5.0,1.0,1.0,5.0,1.0,1.0,4.0,1.0,1.0,1.0,5.0,4.0,1.0,5.0,1.0,1.0,5.0,5.0,5.0,6,5,7,5,7,3,4,3,4,1,1,1,0,1,1,0,0,1,0,1,0,0,1,1,1,1,3,2,1,1,23,1,2,3,60,1,1,3
5868,4.0,4.0,2.0,3.0,5.0,2.0,2.0,1.0,4.0,3.0,1.0,4.0,2.0,4.0,4.0,1.0,1.0,4.0,5.0,1.0,5,4,6,5,6,2,6,3,5,2,1,1,0,1,1,0,0,0,0,1,1,0,1,1,1,1,3,2,2,1,22,1,6,1,70,1,1,4
5869,4.0,4.0,3.0,3.0,4.0,2.0,2.0,4.0,5.0,3.0,2.0,4.0,4.0,4.0,4.0,2.0,4.0,4.0,2.0,3.0,2,5,7,3,5,7,5,3,6,5,1,1,1,1,1,0,0,0,0,1,0,0,1,1,1,1,3,2,2,2,24,1,4,3,10,1,1,3
5870,1.0,2.0,2.0,3.0,2.0,2.0,1.0,3.0,4.0,2.0,2.0,2.0,1.0,3.0,3.0,2.0,3.0,4.0,4.0,1.0,5,5,6,5,5,5,5,6,4,5,1,1,0,1,1,0,0,0,0,1,0,0,1,1,1,1,3,2,1,1,21,1,2,1,60,1,1,3
5871,2.0,4.0,4.0,4.0,4.0,5.0,4.0,2.0,5.0,4.0,1.0,4.0,2.0,2.0,4.0,4.0,2.0,4.0,4.0,1.0,6,6,5,5,6,3,7,5,3,2,1,1,0,1,1,1,0,1,0,1,0,0,1,1,1,1,3,3,2,2,26,1,1,2,70,1,1,3
5872,4.0,4.0,3.0,2.0,4.0,3.0,4.0,5.0,5.0,4.0,2.0,3.0,2.0,4.0,2.0,3.0,4.0,4.0,5.0,1.0,5,5,6,4,2,4,6,3,6,5,1,0,0,1,0,0,0,0,0,1,0,0,0,0,1,1,3,3,2,2,20,1,10,1,10,2,1,4
5873,5.0,4.0,2.0,2.0,5.0,2.0,1.0,4.0,5.0,5.0,1.0,4.0,2.0,2.0,4.0,1.0,1.0,1.0,5.0,3.0,2,1,7,1,7,1,7,1,7,1,1,1,1,1,1,0,1,1,0,1,0,0,1,1,1,1,3,3,2,1,42,1,6,1,60,1,3,2
5874,4.0,4.0,4.0,4.0,4.0,4.0,3.0,5.0,5.0,3.0,2.0,5.0,3.0,1.0,3.0,1.0,1.0,4.0,5.0,1.0,6,5,6,7,7,4,7,6,5,1,1,1,1,1,1,0,0,0,1,1,1,0,1,1,1,1,2,2,1,1,30,1,1,2,60,2,1,2
5875,4.0,3.0,4.0,3.0,5.0,2.0,1.0,5.0,3.0,4.0,1.0,5.0,5.0,1.0,5.0,2.0,2.0,5.0,5.0,4.0,6,6,2,7,7,2,6,6,1,1,1,1,0,1,1,0,0,1,0,1,0,1,1,1,1,1,3,2,2,1,20,1,1,2,70,2,1,2
5876,2.0,4.0,4.0,4.0,2.0,3.0,2.0,2.0,3.0,2.0,3.0,4.0,1.0,1.0,5.0,4.0,2.0,4.0,5.0,1.0,5,2,5,5,7,5,6,5,5,1,1,1,0,1,1,0,0,1,0,1,0,0,0,1,1,1,2,2,1,1,20,1,1,2,60,1,1,2
5877,2.0,2.0,4.0,2.0,1.0,4.0,4.0,1.0,5.0,5.0,1.0,4.0,1.0,1.0,4.0,3.0,1.0,4.0,5.0,3.0,5,5,5,7,5,6,3,5,3,1,1,1,1,1,1,0,0,1,0,1,1,1,1,1,1,1,3,3,2,1,45,1,2,1,60,2,3,3
5878,5.0,1.0,4.0,1.0,5.0,2.0,1.0,5.0,5.0,1.0,1.0,5.0,3.0,1.0,5.0,1.0,5.0,5.0,4.0,1.0,1,2,6,1,7,7,6,5,7,1,1,1,0,1,1,0,1,0,0,1,0,0,1,1,1,1,3,3,1,2,30,1,4,1,30,2,2,5
5879,3.0,3.0,5.0,4.0,4.0,3.0,3.0,3.0,5.0,2.0,4.0,4.0,4.0,4.0,4.0,3.0,1.0,3.0,4.0,5.0,3,7,3,5,6,7,7,2,2,3,1,1,1,1,1,0,1,0,0,1,0,1,1,1,1,1,1,3,1,1,18,1,2,1,70,2,1,1
5880,2.0,2.0,4.0,4.0,1.0,2.0,2.0,2.0,4.0,4.0,1.0,2.0,1.0,2.0,4.0,5.0,1.0,4.0,5.0,1.0,6,6,5,7,7,3,5,3,6,3,1,1,1,1,1,0,0,0,0,1,0,0,1,1,1,1,4,2,2,1,28,1,6,1,60,1,2,2
5881,4.0,1.0,5.0,5.0,5.0,4.0,5.0,4.0,5.0,5.0,4.0,5.0,4.0,4.0,5.0,5.0,2.0,1.0,1.0,2.0,7,1,7,2,6,7,6,1,7,1,1,1,1,1,1,1,0,1,1,1,0,0,0,1,1,1,3,3,2,2,28,1,4,3,30,1,1,5
5882,5.0,5.0,2.0,1.0,5.0,1.0,1.0,5.0,2.0,2.0,1.0,5.0,5.0,1.0,4.0,4.0,2.0,4.0,4.0,5.0,2,6,3,2,7,7,1,2,7,3,1,0,0,1,1,0,0,0,0,1,0,0,0,0,1,1,2,2,2,2,15,1,12,1,10,2,1,1
5883,5.0,5.0,1.0,1.0,4.0,1.0,1.0,2.0,5.0,2.0,4.0,5.0,4.0,3.0,5.0,3.0,3.0,5.0,5.0,3.0,1,1,1,7,7,4,5,7,1,1,1,1,0,1,1,0,0,0,0,1,0,0,1,1,1,1,3,2,2,1,20,1,2,5,70,1,1,4
5884,4.0,4.0,1.0,3.0,5.0,4.0,3.0,4.0,5.0,2.0,1.0,4.0,5.0,1.0,5.0,3.0,2.0,5.0,5.0,5.0,6,5,7,6,7,1,7,1,4,3,1,1,0,1,0,0,0,0,0,1,0,0,0,1,1,1,4,3,1,2,19,1,6,1,70,2,1,2
5885,1.0,4.0,4.0,1.0,4.0,4.0,1.0,1.0,5.0,5.0,1.0,5.0,2.0,1.0,1.0,5.0,5.0,2.0,5.0,1.0,2,1,7,5,7,6,6,2,4,2,1,1,1,1,1,0,1,1,0,1,1,0,1,1,1,1,4,2,2,2,22,1,0,1,60,1,1,0
5886,4.0,1.0,5.0,3.0,4.0,1.0,1.0,1.0,3.0,5.0,5.0,5.0,1.0,3.0,1.0,1.0,1.0,4.0,5.0,5.0,4,1,6,1,6,4,5,1,6,2,1,1,0,1,1,0,0,0,0,1,0,0,1,1,1,1,2,3,1,1,66,1,7,1,60,1,3,3
5887,1.0,1.0,5.0,5.0,1.0,5.0,5.0,1.0,5.0,5.0,5.0,5.0,1.0,2.0,1.0,1.0,1.0,5.0,1.0,1.0,7,3,3,1,7,1,6,6,6,1,1,1,1,1,1,0,0,1,0,1,1,1,1,1,1,1,4,1,1,1,48,1,7,1,60,1,2,2
5888,4.0,4.0,3.0,3.0,4.0,2.0,2.0,2.0,4.0,2.0,1.0,4.0,4.0,2.0,1.0,3.0,2.0,2.0,2.0,4.0,1,2,5,5,5,7,6,4,5,2,1,1,0,1,1,0,0,0,0,1,1,0,1,1,1,1,2,2,1,1,29,1,6,1,60,1,1,4
5889,5.0,5.0,1.0,3.0,1.0,1.0,1.0,5.0,1.0,1.0,1.0,5.0,5.0,1.0,5.0,1.0,5.0,5.0,5.0,1.0,7,7,7,7,1,1,1,1,1,1,1,1,0,1,1,0,0,0,0,1,0,0,0,1,1,1,2,2,1,1,56,2,1,1,60,1,2,5
5890,5.0,5.0,5.0,3.0,4.0,4.0,3.0,2.0,1.0,5.0,1.0,5.0,3.0,1.0,5.0,3.0,5.0,5.0,5.0,1.0,7,3,7,5,7,3,4,1,7,1,1,1,0,1,1,0,0,1,0,1,0,1,0,1,1,1,3,2,2,1,44,1,12,1,30,1,3,4
5891,4.0,5.0,1.0,4.0,4.0,1.0,1.0,4.0,1.0,1.0,1.0,5.0,5.0,1.0,5.0,1.0,1.0,5.0,5.0,5.0,1,2,3,2,6,7,6,5,7,1,1,1,0,1,1,0,0,0,0,1,0,0,1,1,1,1,2,1,1,2,19,1,4,1,60,1,1,4
5892,4.0,3.0,4.0,3.0,5.0,5.0,5.0,2.0,4.0,3.0,2.0,3.0,4.0,3.0,5.0,1.0,4.0,5.0,5.0,4.0,6,7,6,2,6,1,7,7,1,4,0,1,1,1,1,0,0,1,0,1,1,0,1,1,1,1,3,0,2,2,29,1,7,1,60,2,1,2
5893,5.0,1.0,2.0,3.0,4.0,1.0,1.0,4.0,3.0,2.0,1.0,5.0,5.0,2.0,4.0,2.0,1.0,3.0,5.0,1.0,6,4,6,1,6,1,5,6,7,2,1,1,1,1,1,1,1,0,0,1,1,0,1,1,1,1,4,1,1,1,29,2,2,1,60,1,1,2
5894,1.0,1.0,2.0,5.0,1.0,2.0,2.0,1.0,5.0,1.0,1.0,2.0,1.0,4.0,4.0,2.0,2.0,2.0,5.0,1.0,7,1,7,2,7,1,7,2,7,3,1,1,1,1,1,0,0,0,0,1,1,1,1,1,1,1,3,3,2,1,53,2,4,1,60,1,2,4
5895,1.0,1.0,1.0,2.0,2.0,1.0,1.0,2.0,5.0,4.0,1.0,4.0,2.0,1.0,2.0,1.0,1.0,4.0,5.0,5.0,5,7,2,7,3,6,7,5,1,1,1,1,1,1,1,1,0,0,0,1,0,0,1,1,1,1,2,1,1,1,23,1,7,2,60,1,2,3
5896,1.0,3.0,5.0,4.0,3.0,5.0,4.0,1.0,5.0,5.0,4.0,5.0,1.0,1.0,1.0,4.0,3.0,1.0,3.0,1.0,7,5,7,1,7,1,7,5,6,2,1,1,0,1,1,0,1,0,0,1,0,0,1,1,1,1,4,3,1,1,31,1,4,1,60,1,2,3
5897,3.0,5.0,5.0,1.0,5.0,5.0,3.0,4.0,5.0,5.0,1.0,3.0,5.0,1.0,5.0,4.0,1.0,4.0,5.0,1.0,4,7,4,7,5,4,4,5,1,1,1,1,1,1,1,0,1,1,0,1,0,0,1,1,1,1,3,3,2,2,31,1,2,5,60,1,2,0
5898,4.0,4.0,2.0,2.0,4.0,2.0,2.0,2.0,4.0,2.0,1.0,4.0,4.0,2.0,2.0,2.0,2.0,4.0,4.0,2.0,2,6,6,6,5,6,6,5,5,3,1,1,1,1,1,0,0,0,0,1,0,0,1,1,1,1,2,1,2,1,33,1,7,1,70,2,3,1
5899,3.0,4.0,5.0,2.0,3.0,4.0,4.0,2.0,3.0,3.0,4.0,2.0,2.0,2.0,5.0,3.0,1.0,2.0,3.0,2.0,5,4,6,3,5,6,6,4,7,2,1,0,0,1,0,0,0,0,0,1,0,0,0,0,1,1,1,3,1,2,15,1,4,1,60,2,1,4
5900,5.0,5.0,1.0,1.0,5.0,1.0,1.0,5.0,1.0,1.0,1.0,5.0,5.0,1.0,5.0,5.0,1.0,5.0,5.0,5.0,2,3,7,1,2,5,4,1,6,4,1,1,0,1,1,0,0,0,0,1,0,0,0,1,1,1,2,3,1,2,20,3,12,1,10,1,1,2
5901,5.0,5.0,1.0,2.0,5.0,1.0,1.0,1.0,1.0,1.0,1.0,5.0,5.0,1.0,5.0,1.0,1.0,5.0,5.0,5.0,2,6,2,6,5,6,1,5,5,1,1,1,0,1,1,0,0,0,0,1,0,0,1,1,1,1,4,3,1,1,34,1,3,1,10,1,2,2
5902,5.0,5.0,4.0,2.0,5.0,1.0,1.0,2.0,4.0,1.0,1.0,3.0,4.0,1.0,4.0,1.0,3.0,4.0,5.0,3.0,2,6,5,3,3,5,3,3,6,6,1,1,0,1,1,1,0,1,0,1,0,1,1,1,1,1,2,2,1,1,20,1,2,2,60,1,1,1
5903,5.0,1.0,3.0,3.0,2.0,4.0,2.0,1.0,5.0,5.0,3.0,5.0,2.0,3.0,4.0,5.0,2.0,5.0,1.0,1.0,1,4,7,4,7,7,7,1,6,1,1,1,1,1,1,0,0,1,0,1,0,0,0,0,1,1,4,3,2,2,27,1,6,1,30,2,1,3
5904,4.0,2.0,4.0,3.0,4.0,4.0,2.0,2.0,4.0,3.0,2.0,3.0,3.0,2.0,2.0,3.0,2.0,3.0,4.0,4.0,2,5,6,5,5,7,3,4,4,5,1,1,0,1,1,0,0,1,0,1,0,0,1,1,1,1,4,3,1,2,30,1,2,1,20,2,1,4
5905,1.0,2.0,5.0,5.0,1.0,5.0,2.0,1.0,5.0,5.0,1.0,1.0,1.0,1.0,4.0,1.0,5.0,4.0,5.0,1.0,6,2,5,5,5,3,5,5,5,7,1,1,0,1,1,0,0,0,0,1,0,0,1,1,1,1,3,2,1,1,46,2,2,1,60,2,2,4
5906,5.0,3.0,1.0,1.0,3.0,1.0,1.0,4.0,3.0,1.0,1.0,1.0,4.0,1.0,4.0,1.0,1.0,5.0,5.0,3.0,7,2,2,3,6,1,6,7,1,1,1,1,1,1,1,0,0,1,0,1,1,0,1,1,1,1,3,3,2,1,21,1,12,3,70,2,1,2
5907,2.0,1.0,5.0,4.0,5.0,3.0,5.0,4.0,5.0,5.0,1.0,5.0,5.0,4.0,3.0,3.0,1.0,4.0,1.0,3.0,2,4,1,2,1,4,1,7,2,4,1,1,1,1,1,0,0,1,0,1,0,0,0,1,1,1,3,3,2,1,49,1,7,1,60,2,2,1
5908,4.0,4.0,2.0,2.0,4.0,3.0,2.0,4.0,4.0,1.0,4.0,4.0,2.0,4.0,4.0,4.0,2.0,4.0,5.0,1.0,7,5,5,4,6,2,7,5,4,3,1,1,0,1,1,0,0,0,0,1,0,1,1,1,1,1,2,3,1,2,19,1,10,1,70,2,1,6
5909,1.0,2.0,5.0,5.0,1.0,4.0,2.0,2.0,4.0,5.0,2.0,1.0,1.0,2.0,1.0,5.0,3.0,2.0,5.0,1.0,2,2,5,3,6,6,7,2,5,4,1,1,0,1,1,0,0,0,0,1,0,0,0,1,1,1,3,3,2,1,44,1,12,1,60,2,2,2
5910,4.0,4.0,1.0,2.0,4.0,1.0,4.0,4.0,3.0,4.0,1.0,1.0,5.0,1.0,4.0,1.0,4.0,5.0,5.0,4.0,3,5,7,2,7,5,5,4,6,1,1,1,0,1,1,0,0,0,0,1,0,1,1,1,1,1,2,2,1,1,18,1,1,1,70,2,1,1
5911,1.0,1.0,1.0,1.0,4.0,1.0,1.0,4.0,5.0,4.0,1.0,1.0,2.0,1.0,3.0,4.0,1.0,5.0,5.0,4.0,5,2,6,1,7,1,7,2,6,2,1,1,0,1,1,0,0,0,0,1,0,0,1,1,1,1,3,2,2,1,38,1,4,1,60,1,2,4
5912,5.0,5.0,1.0,1.0,5.0,1.0,1.0,5.0,1.0,1.0,1.0,5.0,5.0,1.0,5.0,1.0,1.0,5.0,5.0,5.0,7,7,7,1,7,1,1,1,7,1,1,1,1,1,1,1,1,1,1,1,1,1,1,1,1,1,2,3,1,1,20,1,4,1,60,1,1,4
5913,1.0,1.0,5.0,5.0,2.0,5.0,5.0,2.0,5.0,4.0,5.0,3.0,1.0,3.0,1.0,5.0,5.0,1.0,1.0,1.0,3,1,7,2,5,5,7,2,7,1,1,1,0,1,1,0,1,0,0,1,0,0,1,1,1,1,4,2,2,2,30,1,7,1,70,1,1,3
5914,1.0,1.0,2.0,4.0,1.0,2.0,1.0,1.0,5.0,5.0,1.0,2.0,1.0,1.0,1.0,2.0,1.0,4.0,5.0,1.0,1,5,3,5,6,7,5,5,6,3,1,1,1,1,1,0,0,0,0,1,0,0,1,1,1,1,2,1,1,1,22,1,1,1,60,1,1,3
5915,4.0,2.0,2.0,5.0,4.0,4.0,4.0,4.0,5.0,2.0,2.0,4.0,1.0,1.0,4.0,2.0,2.0,5.0,4.0,2.0,5,7,1,5,5,5,2,6,2,2,1,1,0,1,0,0,0,0,0,1,0,0,1,0,1,1,3,2,1,2,25,1,2,1,60,1,2,2
5916,5.0,5.0,3.0,3.0,5.0,1.0,2.0,5.0,4.0,2.0,1.0,5.0,5.0,4.0,4.0,1.0,3.0,5.0,4.0,3.0,5,6,3,5,7,5,3,6,7,2,1,1,0,1,1,0,0,1,0,1,0,0,1,1,1,1,2,3,2,2,20,1,6,1,30,1,1,2
5917,5.0,5.0,1.0,1.0,5.0,1.0,1.0,4.0,1.0,1.0,1.0,5.0,5.0,1.0,5.0,1.0,1.0,5.0,5.0,5.0,1,6,6,5,6,5,2,6,2,2,1,1,1,1,1,0,0,1,0,1,0,0,1,1,1,1,2,1,2,1,22,1,1,1,60,1,1,3
5918,5.0,5.0,2.0,4.0,4.0,3.0,2.0,4.0,2.0,4.0,2.0,5.0,4.0,2.0,5.0,4.0,2.0,4.0,3.0,5.0,3,7,7,6,7,6,7,3,6,1,1,1,0,1,1,0,0,0,0,1,0,0,1,1,1,1,3,3,1,2,22,1,3,1,50,2,1,3
5919,5.0,5.0,3.0,1.0,5.0,1.0,1.0,5.0,1.0,1.0,1.0,5.0,5.0,1.0,3.0,1.0,1.0,5.0,3.0,4.0,3,5,4,2,6,6,2,1,7,1,1,1,0,1,1,0,0,1,0,1,0,0,0,1,1,1,2,3,1,2,19,1,1,1,30,2,1,1
5920,5.0,4.0,3.0,2.0,5.0,3.0,1.0,4.0,3.0,4.0,2.0,5.0,5.0,2.0,5.0,1.0,2.0,4.0,5.0,1.0,6,7,4,3,7,2,4,4,2,1,0,1,0,0,1,0,0,0,0,1,0,0,0,1,1,1,2,2,2,1,20,1,7,1,30,2,1,4
5921,1.0,2.0,4.0,3.0,4.0,4.0,4.0,2.0,5.0,5.0,1.0,1.0,1.0,3.0,1.0,1.0,5.0,2.0,3.0,1.0,6,7,2,7,6,5,5,3,2,5,1,0,0,1,0,0,0,1,0,1,0,0,0,0,1,1,3,3,3,2,29,1,10,5,20,2,1,5
5922,2.0,5.0,2.0,1.0,4.0,5.0,3.0,5.0,5.0,4.0,1.0,5.0,2.0,1.0,4.0,2.0,1.0,3.0,5.0,1.0,1,6,4,7,5,7,4,3,2,2,1,1,0,1,1,0,0,0,0,1,1,0,0,1,1,1,2,3,2,2,19,1,12,1,70,1,1,2
5923,3.0,4.0,4.0,2.0,4.0,3.0,4.0,4.0,2.0,2.0,2.0,5.0,2.0,1.0,4.0,4.0,2.0,2.0,5.0,5.0,2,6,3,5,2,3,2,6,2,1,1,1,1,1,1,0,1,0,1,1,1,0,0,1,1,1,2,1,1,2,20,1,1,1,60,1,1,2
5924,3.0,2.0,5.0,2.0,4.0,4.0,5.0,1.0,3.0,4.0,1.0,2.0,4.0,1.0,4.0,5.0,1.0,4.0,5.0,1.0,2,6,6,7,7,5,6,2,2,1,1,1,0,1,1,0,0,0,0,1,1,0,1,1,1,1,4,3,1,2,29,1,2,1,60,1,1,2
5925,5.0,5.0,1.0,4.0,5.0,1.0,5.0,1.0,5.0,4.0,1.0,5.0,1.0,4.0,1.0,5.0,1.0,1.0,1.0,5.0,2,7,1,7,6,7,2,7,1,1,1,1,0,1,1,0,0,0,0,1,0,0,1,1,1,1,3,1,2,1,26,1,10,1,30,2,1,8
5926,2.0,4.0,4.0,3.0,2.0,1.0,1.0,2.0,4.0,1.0,1.0,1.0,2.0,2.0,2.0,1.0,2.0,4.0,5.0,1.0,3,2,5,2,7,5,6,5,5,3,1,1,0,1,1,0,0,0,0,1,0,0,0,1,1,1,2,3,1,1,20,1,7,3,30,1,1,2
5927,1.0,4.0,2.0,5.0,5.0,1.0,1.0,4.0,4.0,2.0,1.0,5.0,4.0,1.0,4.0,1.0,1.0,5.0,5.0,5.0,6,2,3,1,7,6,6,7,7,1,1,1,1,1,1,0,0,0,0,1,0,1,1,1,1,1,4,3,2,1,50,1,1,1,60,1,3,3
5928,1.0,4.0,2.0,4.0,2.0,1.0,1.0,4.0,2.0,5.0,1.0,4.0,3.0,2.0,4.0,1.0,1.0,5.0,5.0,1.0,3,6,6,6,7,3,6,2,2,4,1,1,0,1,1,0,0,0,0,1,0,0,0,1,1,1,3,2,1,1,37,2,6,3,60,1,1,2
5929,5.0,5.0,1.0,1.0,5.0,1.0,1.0,5.0,1.0,1.0,1.0,5.0,5.0,1.0,5.0,4.0,1.0,5.0,5.0,5.0,5,5,5,4,5,5,6,5,5,6,1,1,0,1,1,0,1,1,0,1,0,1,1,1,1,1,2,2,1,1,21,1,10,1,10,1,1,0
5930,4.0,2.0,3.0,5.0,4.0,5.0,5.0,1.0,5.0,5.0,3.0,5.0,5.0,3.0,1.0,4.0,2.0,4.0,5.0,1.0,1,5,4,7,7,7,7,7,1,1,1,1,1,1,1,0,0,1,0,1,0,0,0,0,1,1,2,3,2,2,52,1,1,1,60,1,1,6
5931,2.0,4.0,4.0,3.0,3.0,3.0,3.0,1.0,5.0,3.0,2.0,4.0,1.0,2.0,4.0,4.0,1.0,4.0,5.0,1.0,7,4,5,2,7,1,7,4,6,1,1,1,0,1,1,0,0,0,0,1,0,0,1,1,1,1,2,2,2,1,19,1,1,1,60,1,1,3
5932,3.0,4.0,4.0,4.0,5.0,4.0,4.0,5.0,4.0,4.0,1.0,5.0,2.0,4.0,5.0,4.0,1.0,5.0,5.0,3.0,6,7,6,7,6,6,5,1,1,1,0,0,0,0,0,0,0,0,0,0,0,0,0,0,0,0,2,2,3,0,23,1,7,3,30,0,1,3
5933,5.0,5.0,5.0,1.0,5.0,2.0,1.0,1.0,1.0,4.0,1.0,5.0,5.0,1.0,4.0,1.0,5.0,5.0,5.0,5.0,5,4,7,1,5,6,7,5,6,1,1,1,0,1,1,0,0,0,0,1,0,0,1,1,1,1,3,3,1,1,46,1,4,1,60,1,3,3
5934,2.0,1.0,4.0,5.0,2.0,4.0,2.0,1.0,5.0,5.0,2.0,4.0,4.0,2.0,1.0,2.0,2.0,4.0,4.0,1.0,6,5,5,6,7,3,7,3,5,2,1,1,1,1,1,0,0,1,0,1,1,0,1,1,1,1,3,3,2,1,47,1,7,1,60,1,1,7
5935,2.0,4.0,3.0,4.0,4.0,4.0,2.0,2.0,4.0,4.0,3.0,2.0,2.0,2.0,4.0,2.0,3.0,4.0,4.0,1.0,5,6,6,5,6,5,4,2,5,2,1,1,0,1,1,0,0,0,0,1,0,0,1,1,1,1,2,2,1,1,20,1,2,1,60,1,1,3
5936,4.0,5.0,1.0,4.0,5.0,1.0,1.0,5.0,3.0,2.0,1.0,5.0,4.0,1.0,4.0,1.0,1.0,5.0,4.0,2.0,2,5,7,5,7,7,6,3,7,1,1,1,1,1,1,0,0,1,1,1,0,1,0,1,1,1,3,2,2,1,28,3,6,1,60,1,1,1
5937,1.0,2.0,2.0,5.0,1.0,2.0,1.0,1.0,4.0,4.0,1.0,2.0,1.0,4.0,3.0,2.0,5.0,1.0,4.0,1.0,2,3,2,3,5,7,6,5,5,3,1,1,1,1,1,0,1,1,0,1,0,0,1,1,1,1,4,3,2,1,47,1,7,2,60,1,3,4
5938,5.0,4.0,3.0,4.0,4.0,1.0,2.0,4.0,3.0,2.0,2.0,4.0,1.0,3.0,4.0,4.0,5.0,4.0,5.0,1.0,3,2,3,5,7,6,2,4,3,1,1,1,0,1,1,0,0,0,0,1,0,0,1,1,1,1,3,2,1,1,35,1,2,1,60,2,1,3
5939,5.0,5.0,1.0,3.0,3.0,1.0,1.0,5.0,5.0,1.0,1.0,5.0,3.0,1.0,1.0,4.0,3.0,1.0,1.0,5.0,7,2,5,1,7,2,7,3,7,1,1,1,1,1,1,0,1,1,0,1,0,0,1,1,1,1,3,3,1,2,27,1,10,1,10,1,1,2
5940,2.0,4.0,2.0,2.0,4.0,3.0,3.0,4.0,4.0,2.0,1.0,5.0,4.0,1.0,3.0,4.0,1.0,4.0,4.0,2.0,6,5,6,4,6,2,6,4,5,2,0,1,0,1,0,0,0,0,0,0,0,0,0,1,1,1,0,3,1,1,43,1,4,1,60,2,1,3
5941,5.0,5.0,2.0,3.0,4.0,1.0,1.0,5.0,4.0,4.0,2.0,4.0,4.0,2.0,4.0,2.0,1.0,5.0,5.0,2.0,3,5,6,3,7,6,3,3,6,2,1,1,1,1,1,1,1,1,0,1,1,1,1,1,1,1,4,1,1,1,26,1,2,2,60,1,1,2
5942,3.0,3.0,2.0,3.0,5.0,4.0,2.0,4.0,3.0,3.0,1.0,3.0,2.0,2.0,3.0,1.0,2.0,4.0,5.0,3.0,3,5,4,4,6,6,3,1,4,4,1,1,0,1,1,0,0,1,0,1,0,0,1,1,1,1,4,3,1,2,32,1,1,1,60,1,2,2
5943,5.0,5.0,4.0,1.0,5.0,1.0,1.0,5.0,2.0,1.0,1.0,5.0,1.0,2.0,5.0,1.0,2.0,5.0,5.0,5.0,7,6,7,6,7,2,6,4,5,7,1,1,0,1,1,0,1,0,0,1,0,0,1,1,1,1,4,3,2,2,24,1,8,1,10,1,1,2
5944,3.0,4.0,2.0,4.0,2.0,2.0,1.0,1.0,4.0,3.0,1.0,2.0,3.0,2.0,3.0,5.0,5.0,2.0,5.0,1.0,6,1,6,4,5,4,7,2,7,5,1,1,1,1,1,0,1,1,0,1,0,0,1,1,1,1,4,3,2,1,22,1,1,1,10,2,1,2
5945,4.0,1.0,5.0,2.0,4.0,5.0,2.0,2.0,5.0,5.0,2.0,2.0,1.0,5.0,4.0,4.0,2.0,4.0,5.0,1.0,2,1,6,6,4,7,6,1,6,7,1,1,0,1,1,0,1,1,0,1,0,1,1,1,1,1,4,2,2,2,23,1,2,1,10,1,1,2
5946,5.0,5.0,2.0,3.0,4.0,1.0,2.0,5.0,2.0,2.0,1.0,5.0,2.0,3.0,3.0,1.0,4.0,5.0,4.0,4.0,0,0,0,2,7,4,5,3,6,0,1,0,0,1,0,0,0,0,0,1,0,0,1,1,1,1,2,2,1,2,19,2,9,1,60,2,1,2
5947,5.0,4.0,2.0,3.0,1.0,2.0,2.0,1.0,3.0,2.0,1.0,1.0,1.0,1.0,1.0,3.0,3.0,1.0,5.0,3.0,5,7,4,5,7,2,2,7,4,5,1,1,1,1,1,0,0,1,0,1,0,0,1,1,1,1,3,3,1,2,25,1,2,1,60,1,1,2
5948,2.0,2.0,4.0,4.0,1.0,1.0,2.0,1.0,5.0,4.0,2.0,2.0,1.0,4.0,4.0,4.0,5.0,4.0,3.0,1.0,6,2,5,3,7,4,7,3,6,2,1,1,1,1,1,1,1,1,0,1,1,1,1,1,1,1,4,2,1,2,38,1,1,1,60,1,2,1
5949,4.0,4.0,2.0,1.0,5.0,3.0,2.0,5.0,2.0,2.0,2.0,5.0,5.0,1.0,4.0,1.0,1.0,4.0,5.0,4.0,2,5,5,2,4,6,2,5,7,5,1,1,1,1,1,1,1,1,0,1,1,1,1,1,1,1,3,3,1,1,25,1,1,1,10,2,1,3
5950,3.0,4.0,2.0,2.0,2.0,1.0,1.0,1.0,5.0,5.0,1.0,4.0,1.0,1.0,4.0,2.0,1.0,1.0,5.0,3.0,2,6,5,3,5,4,3,3,3,1,1,1,1,1,1,0,0,0,0,1,1,0,1,1,1,1,3,2,2,1,39,1,2,2,60,2,1,2
5951,5.0,2.0,3.0,2.0,1.0,1.0,1.0,1.0,5.0,2.0,1.0,1.0,2.0,4.0,1.0,4.0,1.0,4.0,4.0,1.0,0,0,0,0,0,6,0,0,0,0,1,1,0,1,1,1,0,1,0,1,0,0,0,0,1,1,3,2,2,1,46,2,12,1,60,1,2,2
5952,2.0,5.0,1.0,2.0,4.0,1.0,1.0,2.0,5.0,1.0,1.0,4.0,3.0,1.0,5.0,1.0,1.0,5.0,5.0,4.0,1,6,2,3,6,4,5,5,6,5,1,1,0,1,1,0,1,1,0,1,1,0,1,1,1,1,4,2,1,1,37,1,2,1,60,1,1,3
5953,4.0,5.0,3.0,2.0,5.0,1.0,1.0,4.0,2.0,2.0,1.0,5.0,5.0,2.0,5.0,1.0,1.0,4.0,5.0,2.0,6,5,2,3,5,3,0,5,2,2,1,1,1,1,1,1,0,1,0,1,0,1,1,1,1,1,2,2,1,1,18,2,6,1,0,2,1,2
5954,4.0,1.0,3.0,1.0,4.0,1.0,3.0,4.0,2.0,2.0,1.0,4.0,3.0,1.0,5.0,2.0,4.0,3.0,5.0,1.0,7,4,1,5,5,1,4,5,4,1,1,1,0,1,1,0,0,0,0,1,0,0,0,1,1,1,2,3,2,1,26,1,7,1,60,1,1,1
5955,5.0,5.0,4.0,1.0,4.0,4.0,1.0,5.0,3.0,4.0,2.0,4.0,1.0,1.0,5.0,2.0,3.0,3.0,4.0,1.0,6,1,6,7,5,3,5,1,1,3,1,1,0,1,1,0,0,1,0,1,1,0,0,1,0,1,2,3,1,2,21,1,12,1,70,2,1,2
5956,1.0,4.0,4.0,4.0,1.0,1.0,1.0,4.0,3.0,5.0,4.0,1.0,1.0,1.0,1.0,2.0,5.0,5.0,1.0,1.0,6,3,2,6,7,6,7,4,6,1,1,1,0,1,1,0,1,0,0,1,0,0,0,1,1,1,3,3,2,2,51,3,2,1,60,2,3,2
5957,1.0,4.0,2.0,2.0,4.0,2.0,1.0,4.0,4.0,2.0,2.0,4.0,4.0,1.0,5.0,4.0,1.0,5.0,5.0,4.0,1,4,7,4,6,7,6,1,7,2,1,1,1,1,1,0,0,1,0,1,0,0,1,1,1,1,4,3,1,1,60,1,6,1,60,2,2,6
5958,3.0,1.0,4.0,2.0,2.0,5.0,5.0,1.0,5.0,5.0,1.0,4.0,1.0,3.0,2.0,3.0,3.0,2.0,1.0,1.0,2,1,7,5,6,4,7,3,4,3,1,1,1,1,1,0,0,0,0,1,0,0,1,1,1,1,3,1,2,1,23,1,7,2,60,2,1,3
5959,5.0,5.0,3.0,1.0,4.0,2.0,1.0,2.0,3.0,3.0,3.0,5.0,2.0,2.0,2.0,4.0,2.0,4.0,5.0,4.0,4,6,4,6,3,6,5,5,4,2,1,1,0,1,1,0,0,1,0,1,1,0,1,1,1,1,4,3,1,2,25,1,2,1,60,1,1,2
5960,2.0,5.0,2.0,4.0,2.0,5.0,2.0,5.0,5.0,5.0,3.0,2.0,1.0,2.0,5.0,1.0,2.0,5.0,5.0,1.0,6,6,5,7,7,5,6,6,4,6,1,1,0,1,1,0,0,1,1,1,0,1,1,1,1,1,2,3,1,1,18,1,2,1,60,2,1,2
5961,4.0,5.0,1.0,2.0,5.0,1.0,1.0,4.0,4.0,2.0,1.0,3.0,4.0,1.0,1.0,5.0,4.0,4.0,5.0,5.0,4,4,5,6,7,4,4,3,6,4,0,0,0,1,0,0,0,0,0,1,0,0,1,0,0,1,3,3,1,2,25,1,2,2,60,1,1,5
5962,2.0,2.0,4.0,5.0,1.0,5.0,2.0,4.0,5.0,5.0,4.0,1.0,1.0,4.0,4.0,4.0,2.0,1.0,4.0,2.0,5,3,7,5,7,5,7,6,3,3,1,1,1,1,1,0,1,1,0,1,0,1,1,1,1,1,3,2,2,1,43,1,7,1,60,2,3,3
5963,5.0,5.0,1.0,3.0,4.0,1.0,1.0,1.0,3.0,1.0,1.0,5.0,3.0,2.0,3.0,1.0,1.0,5.0,5.0,1.0,3,6,6,5,7,3,7,1,6,7,1,1,1,1,1,0,1,1,0,1,1,1,1,1,1,1,4,2,1,1,47,1,2,1,60,1,2,3
5964,3.0,3.0,2.0,2.0,5.0,2.0,1.0,1.0,4.0,4.0,1.0,4.0,1.0,1.0,1.0,5.0,2.0,1.0,5.0,1.0,5,7,2,6,7,3,6,5,3,3,1,1,0,1,1,0,0,0,0,1,0,0,0,0,1,1,2,2,2,1,31,1,2,1,60,1,2,4
5965,5.0,1.0,1.0,4.0,5.0,5.0,4.0,1.0,5.0,5.0,1.0,4.0,4.0,4.0,1.0,4.0,5.0,4.0,1.0,4.0,5,2,6,1,6,5,5,2,7,2,1,1,0,1,1,0,0,1,0,1,0,0,1,1,1,1,4,3,1,1,32,1,2,1,70,2,2,4
5966,3.0,5.0,1.0,4.0,5.0,3.0,1.0,4.0,5.0,5.0,2.0,5.0,1.0,1.0,3.0,1.0,2.0,4.0,4.0,1.0,5,6,7,1,7,6,6,3,7,1,1,1,1,1,1,0,0,0,0,1,0,0,1,1,1,1,4,3,2,1,51,1,6,1,10,0,2,4
5967,2.0,2.0,2.0,4.0,4.0,2.0,2.0,2.0,5.0,4.0,2.0,2.0,2.0,3.0,3.0,4.0,2.0,4.0,4.0,1.0,1,5,3,7,3,5,6,3,6,3,1,1,1,1,1,0,0,0,0,1,0,0,1,1,1,1,3,2,2,1,46,1,1,1,60,1,1,3
5968,2.0,3.0,3.0,4.0,2.0,2.0,2.0,2.0,5.0,4.0,1.0,2.0,3.0,3.0,3.0,4.0,5.0,4.0,4.0,1.0,5,2,7,3,5,4,7,4,6,3,1,1,0,1,1,0,0,0,0,1,0,0,0,1,1,1,3,3,2,1,35,1,12,1,60,2,1,1
5969,4.0,4.0,4.0,4.0,3.0,3.0,4.0,4.0,4.0,3.0,2.0,4.0,4.0,4.0,4.0,3.0,4.0,5.0,4.0,2.0,3,6,5,7,5,7,7,6,5,4,1,0,0,1,1,0,0,0,0,1,0,0,1,0,1,1,2,3,1,2,22,1,10,1,10,1,1,3
5970,5.0,1.0,5.0,4.0,5.0,5.0,5.0,3.0,5.0,5.0,5.0,3.0,1.0,3.0,3.0,5.0,3.0,4.0,1.0,3.0,7,1,7,1,6,2,7,1,7,1,1,1,1,1,1,0,0,1,1,1,1,0,0,0,1,1,3,3,1,1,29,2,7,1,30,2,1,3
5971,2.0,4.0,2.0,2.0,4.0,2.0,2.0,2.0,4.0,2.0,2.0,2.0,2.0,2.0,4.0,4.0,3.0,4.0,5.0,2.0,3,3,5,1,6,6,4,5,6,5,1,1,1,1,1,0,1,1,0,1,0,1,1,1,1,1,3,2,2,2,28,2,1,1,60,1,2,2
5972,5.0,5.0,1.0,1.0,5.0,1.0,1.0,5.0,1.0,1.0,1.0,5.0,5.0,1.0,5.0,1.0,1.0,5.0,5.0,5.0,1,7,1,1,4,5,1,3,4,3,1,1,0,1,0,0,0,1,0,1,0,0,0,1,1,1,3,3,1,2,23,1,2,1,20,2,1,5
5973,4.0,4.0,5.0,3.0,4.0,5.0,4.0,3.0,5.0,5.0,5.0,3.0,2.0,3.0,1.0,3.0,2.0,4.0,3.0,4.0,6,5,7,7,7,7,7,5,4,1,0,1,0,1,1,0,0,0,0,1,0,0,0,0,1,1,4,3,1,2,21,1,2,1,10,2,1,3
5974,5.0,4.0,4.0,4.0,4.0,5.0,4.0,1.0,2.0,2.0,4.0,2.0,5.0,5.0,4.0,2.0,5.0,5.0,3.0,3.0,7,2,2,5,7,2,6,5,4,1,1,1,0,1,1,0,0,0,0,1,0,0,0,1,1,1,2,3,1,1,20,2,0,0,0,2,1,1
5975,4.0,4.0,1.0,3.0,3.0,1.0,1.0,4.0,5.0,2.0,2.0,5.0,1.0,1.0,2.0,1.0,2.0,3.0,5.0,4.0,1,1,7,7,3,7,4,1,1,1,1,1,1,1,1,0,1,1,0,1,1,0,1,1,1,1,3,1,2,1,48,2,2,1,60,1,2,1
5976,4.0,1.0,2.0,3.0,2.0,1.0,1.0,2.0,4.0,2.0,1.0,4.0,1.0,3.0,1.0,1.0,1.0,4.0,5.0,1.0,2,2,4,5,5,5,5,4,5,1,1,1,1,1,1,0,0,0,0,1,0,0,1,1,1,1,4,2,2,1,26,1,2,1,60,1,1,1
5977,1.0,1.0,5.0,5.0,1.0,2.0,4.0,1.0,5.0,5.0,1.0,4.0,1.0,1.0,1.0,1.0,5.0,1.0,4.0,1.0,7,6,5,6,6,1,7,1,6,2,1,1,0,1,1,0,0,0,0,1,1,0,1,1,1,1,3,1,2,1,56,1,7,1,60,1,2,0
5978,1.0,1.0,3.0,4.0,1.0,4.0,3.0,3.0,5.0,5.0,3.0,3.0,1.0,3.0,3.0,3.0,2.0,4.0,3.0,1.0,3,4,4,5,5,5,5,4,3,1,1,1,1,1,1,0,1,1,0,1,1,0,1,1,1,1,3,2,1,1,42,1,12,1,0,2,1,3
5979,5.0,5.0,1.0,1.0,5.0,5.0,3.0,1.0,5.0,5.0,1.0,5.0,1.0,3.0,4.0,5.0,5.0,1.0,4.0,3.0,7,5,7,5,4,4,7,1,7,1,1,0,0,1,1,0,1,0,1,1,0,0,0,1,1,1,3,1,2,2,27,1,8,4,10,1,1,2
5980,4.0,5.0,1.0,3.0,5.0,3.0,1.0,5.0,2.0,3.0,1.0,5.0,2.0,1.0,4.0,1.0,5.0,5.0,5.0,2.0,5,6,5,2,6,6,1,5,6,2,1,1,1,1,1,0,0,1,0,1,0,0,1,1,1,1,3,3,3,2,21,1,1,4,60,1,1,2
5981,3.0,3.0,2.0,4.0,4.0,2.0,3.0,2.0,1.0,1.0,2.0,3.0,4.0,4.0,4.0,2.0,2.0,2.0,5.0,1.0,0,0,5,0,0,0,0,0,0,0,0,0,0,0,0,0,0,0,0,0,0,0,0,0,0,0,3,3,1,2,34,1,0,1,70,1,1,0
5982,3.0,1.0,2.0,4.0,2.0,4.0,1.0,1.0,5.0,4.0,3.0,4.0,1.0,4.0,3.0,4.0,2.0,1.0,3.0,1.0,6,4,6,4,7,2,4,3,6,1,1,1,0,1,1,0,0,0,0,1,0,0,1,1,1,1,2,2,1,1,19,1,4,1,60,1,1,2
5983,5.0,5.0,5.0,3.0,5.0,1.0,1.0,2.0,2.0,1.0,2.0,5.0,5.0,4.0,5.0,1.0,5.0,5.0,5.0,4.0,3,7,6,7,6,7,3,6,3,2,1,1,1,1,0,0,0,0,0,1,0,0,0,1,1,1,3,3,2,2,23,1,7,4,60,2,1,2
5984,3.0,4.0,3.0,4.0,5.0,2.0,3.0,2.0,3.0,4.0,2.0,5.0,5.0,3.0,2.0,1.0,3.0,4.0,5.0,2.0,5,2,6,1,2,7,6,1,7,6,1,1,0,1,1,0,1,0,0,1,0,0,1,1,1,1,3,2,1,2,18,1,8,1,10,2,1,2
5985,4.0,2.0,1.0,2.0,2.0,5.0,1.0,1.0,5.0,3.0,1.0,4.0,2.0,3.0,5.0,1.0,1.0,5.0,5.0,1.0,2,5,4,5,3,7,5,5,3,7,1,1,0,1,1,0,0,0,0,1,0,0,0,0,1,1,2,2,1,1,22,1,7,1,60,1,1,3
5986,1.0,1.0,5.0,3.0,1.0,5.0,5.0,1.0,5.0,5.0,3.0,1.0,1.0,1.0,1.0,5.0,1.0,3.0,3.0,1.0,3,6,2,6,7,7,4,7,3,1,1,1,0,1,1,0,0,1,0,1,1,0,1,1,1,1,4,2,1,2,35,2,6,1,60,2,1,3
5987,5.0,5.0,1.0,1.0,5.0,1.0,1.0,5.0,1.0,1.0,1.0,5.0,5.0,1.0,5.0,3.0,1.0,5.0,5.0,4.0,1,1,6,3,7,7,6,7,3,1,1,1,1,1,1,0,1,1,0,1,1,1,1,1,1,1,2,3,2,1,26,1,2,1,60,2,3,2
5988,4.0,2.0,2.0,4.0,5.0,4.0,2.0,2.0,5.0,5.0,1.0,5.0,2.0,2.0,3.0,5.0,3.0,5.0,5.0,2.0,5,1,0,0,6,7,5,2,1,2,1,1,0,1,1,1,0,0,0,1,0,0,0,1,1,1,3,3,2,1,29,1,6,1,30,2,2,3
5989,5.0,5.0,2.0,1.0,3.0,1.0,1.0,4.0,2.0,2.0,1.0,4.0,4.0,1.0,4.0,4.0,1.0,4.0,5.0,2.0,2,6,4,6,5,4,3,5,2,3,1,1,0,1,1,0,0,0,0,1,0,0,1,1,1,1,2,3,1,1,18,1,1,1,30,2,1,2
5990,5.0,5.0,5.0,2.0,3.0,2.0,1.0,5.0,3.0,3.0,1.0,2.0,4.0,3.0,4.0,2.0,4.0,5.0,5.0,4.0,5,6,5,6,7,5,5,5,5,2,0,1,1,1,1,1,0,1,0,1,0,0,1,1,1,1,3,3,2,2,22,1,1,1,60,1,1,3
5991,5.0,1.0,1.0,1.0,4.0,1.0,1.0,1.0,5.0,1.0,1.0,5.0,1.0,1.0,1.0,1.0,1.0,1.0,5.0,1.0,2,7,7,7,1,2,6,5,7,1,1,1,1,1,1,0,0,0,0,1,0,0,1,1,1,1,2,3,2,2,19,1,7,1,30,1,1,4
5992,2.0,5.0,2.0,1.0,2.0,1.0,1.0,4.0,2.0,2.0,1.0,4.0,4.0,2.0,4.0,2.0,4.0,4.0,4.0,1.0,6,4,7,2,6,3,5,1,7,1,1,1,1,1,1,1,1,0,0,1,1,0,1,1,1,1,3,2,1,1,20,1,4,1,60,1,1,2
5993,5.0,4.0,4.0,4.0,5.0,1.0,2.0,4.0,5.0,4.0,1.0,5.0,2.0,4.0,5.0,1.0,2.0,5.0,5.0,1.0,3,5,6,6,5,3,7,5,3,4,1,1,0,1,1,0,0,0,0,1,0,0,1,0,1,1,4,3,2,2,41,1,10,1,10,2,1,2
5994,1.0,1.0,5.0,5.0,1.0,1.0,1.0,1.0,5.0,2.0,3.0,1.0,1.0,5.0,4.0,5.0,1.0,1.0,3.0,1.0,6,3,7,6,7,1,7,1,5,1,1,1,0,1,1,0,0,0,0,1,0,0,0,1,1,1,4,2,2,1,34,1,9,1,60,1,1,2
5995,1.0,2.0,4.0,5.0,1.0,5.0,2.0,1.0,5.0,4.0,4.0,1.0,1.0,4.0,4.0,5.0,3.0,2.0,5.0,1.0,6,5,6,6,7,3,7,1,6,1,1,1,0,1,1,0,0,0,0,1,0,0,0,0,1,1,2,1,2,1,21,1,4,1,60,1,1,3
5996,1.0,3.0,1.0,1.0,4.0,1.0,5.0,5.0,2.0,1.0,1.0,5.0,5.0,3.0,1.0,5.0,1.0,5.0,5.0,5.0,2,7,7,5,4,7,3,5,7,1,1,1,0,1,1,0,0,0,0,1,1,0,1,1,1,1,2,3,1,2,16,1,10,1,10,2,1,3
5997,5.0,2.0,4.0,2.0,1.0,4.0,4.0,1.0,5.0,4.0,3.0,5.0,1.0,1.0,4.0,4.0,3.0,3.0,4.0,1.0,7,1,5,1,6,1,7,5,7,1,1,1,0,1,1,1,0,0,0,1,0,0,0,0,1,1,3,2,2,1,21,1,6,1,70,1,1,2
5998,4.0,4.0,2.0,1.0,4.0,1.0,2.0,4.0,3.0,3.0,2.0,4.0,4.0,2.0,3.0,1.0,5.0,5.0,5.0,4.0,6,1,5,1,5,4,3,5,7,2,1,1,0,1,1,0,0,1,0,1,1,0,1,1,1,1,4,2,1,2,38,1,2,1,60,1,1,2
5999,5.0,1.0,3.0,1.0,5.0,3.0,5.0,3.0,3.0,5.0,1.0,5.0,5.0,1.0,1.0,1.0,1.0,3.0,5.0,1.0,2,7,4,5,5,3,1,2,1,4,1,1,0,1,1,1,0,1,0,1,0,0,1,1,1,1,3,2,2,1,40,2,2,1,60,2,1,5
6000,5.0,5.0,3.0,5.0,4.0,2.0,2.0,5.0,3.0,4.0,1.0,5.0,5.0,1.0,4.0,1.0,1.0,4.0,4.0,4.0,0,0,0,0,0,0,0,0,5,0,1,1,1,1,1,0,1,0,0,1,0,1,0,1,1,1,3,3,1,1,63,1,12,1,60,0,3,2
6001,5.0,5.0,1.0,3.0,5.0,1.0,1.0,5.0,1.0,1.0,1.0,5.0,5.0,1.0,5.0,1.0,1.0,5.0,1.0,5.0,1,5,7,5,7,7,4,2,3,1,1,1,1,1,1,0,1,1,0,1,1,0,1,1,1,1,4,3,2,1,63,1,4,2,60,1,3,5
6002,1.0,3.0,4.0,4.0,4.0,2.0,1.0,2.0,5.0,5.0,3.0,2.0,1.0,3.0,5.0,1.0,2.0,2.0,5.0,2.0,2,1,3,4,6,7,7,6,6,2,1,1,0,1,1,1,0,0,0,1,0,0,1,1,1,1,2,3,1,1,19,1,7,1,60,1,1,1
6003,5.0,3.0,5.0,4.0,5.0,5.0,5.0,1.0,5.0,3.0,4.0,5.0,1.0,3.0,5.0,1.0,1.0,5.0,5.0,1.0,5,1,6,1,7,7,7,4,6,3,1,1,0,1,1,0,0,0,0,1,0,0,1,1,1,1,3,1,2,1,27,1,6,1,30,2,1,4
6004,1.0,2.0,1.0,4.0,5.0,2.0,2.0,3.0,5.0,5.0,1.0,5.0,3.0,4.0,2.0,1.0,4.0,5.0,4.0,1.0,2,5,3,7,3,7,7,5,2,3,1,1,1,1,1,0,1,1,0,1,1,0,1,1,1,1,4,2,2,2,26,0,2,1,70,1,1,2
6005,2.0,1.0,3.0,4.0,2.0,4.0,2.0,2.0,5.0,4.0,2.0,2.0,1.0,2.0,2.0,1.0,3.0,3.0,5.0,2.0,6,4,5,3,6,2,5,3,4,3,1,1,0,1,1,0,0,0,0,1,0,1,0,1,1,1,2,3,2,2,30,1,1,1,60,2,1,2
6006,1.0,2.0,4.0,4.0,4.0,4.0,4.0,3.0,5.0,5.0,4.0,5.0,1.0,1.0,2.0,1.0,5.0,4.0,4.0,2.0,3,6,5,3,7,6,7,3,2,1,1,1,0,1,0,0,0,1,0,1,0,0,0,0,1,1,3,3,1,2,37,1,2,1,60,2,1,4
6007,3.0,1.0,3.0,3.0,1.0,1.0,1.0,1.0,5.0,5.0,1.0,5.0,1.0,1.0,1.0,1.0,3.0,1.0,5.0,1.0,7,7,4,1,7,1,1,1,4,1,1,1,0,1,0,0,0,0,0,1,0,0,0,0,1,1,3,3,2,2,42,2,7,1,60,1,2,3
6008,2.0,2.0,4.0,5.0,2.0,2.0,1.0,2.0,5.0,2.0,2.0,2.0,1.0,2.0,2.0,2.0,2.0,4.0,5.0,1.0,6,5,5,3,5,2,7,3,5,2,0,0,0,0,0,0,0,0,0,0,0,0,0,0,0,1,2,3,1,2,19,1,2,1,60,1,1,2
6009,5.0,5.0,4.0,2.0,5.0,4.0,4.0,4.0,4.0,3.0,1.0,5.0,5.0,1.0,4.0,4.0,3.0,4.0,5.0,5.0,5,4,6,2,7,6,6,6,6,4,1,1,1,1,1,1,0,1,0,1,1,1,1,1,1,1,3,3,1,2,26,1,1,1,60,2,1,3
6010,4.0,2.0,3.0,5.0,2.0,3.0,2.0,3.0,5.0,2.0,5.0,2.0,1.0,2.0,4.0,5.0,2.0,2.0,5.0,1.0,2,6,6,2,6,4,2,3,5,2,1,1,1,1,1,0,1,1,0,1,0,0,1,1,1,1,4,1,1,1,31,2,2,3,60,2,1,2
6011,4.0,4.0,3.0,5.0,4.0,5.0,3.0,4.0,5.0,5.0,2.0,1.0,1.0,2.0,4.0,4.0,3.0,2.0,4.0,1.0,5,5,6,6,6,7,7,4,6,4,1,1,1,1,1,0,1,0,0,1,0,0,1,1,1,1,4,1,2,1,60,1,6,1,60,2,3,2
6012,1.0,1.0,5.0,5.0,2.0,5.0,5.0,2.0,5.0,5.0,3.0,2.0,2.0,4.0,3.0,5.0,5.0,2.0,2.0,1.0,6,2,7,5,6,3,6,2,5,3,1,1,1,1,1,0,0,0,0,1,0,0,1,1,1,1,3,2,2,1,32,1,5,1,60,1,2,9
6013,5.0,1.0,1.0,2.0,5.0,1.0,3.0,4.0,5.0,5.0,1.0,5.0,5.0,1.0,1.0,1.0,5.0,1.0,4.0,1.0,6,6,2,7,7,2,7,7,1,3,1,1,0,1,1,0,0,0,0,1,0,0,0,0,1,1,4,1,2,2,23,1,8,1,70,2,1,2
6014,4.0,1.0,4.0,3.0,3.0,4.0,4.0,1.0,5.0,5.0,3.0,1.0,1.0,1.0,1.0,4.0,5.0,1.0,2.0,1.0,7,1,6,2,7,1,7,2,6,1,1,1,1,1,1,0,0,0,0,1,0,0,0,1,1,1,3,1,2,2,33,1,4,1,30,1,2,3
6015,4.0,4.0,3.0,4.0,4.0,2.0,3.0,4.0,3.0,2.0,3.0,4.0,3.0,2.0,4.0,4.0,2.0,3.0,4.0,2.0,6,5,3,7,7,2,6,4,3,5,1,1,0,1,1,0,0,0,0,1,0,0,0,1,1,1,3,3,2,2,26,1,2,1,10,2,1,3
6016,5.0,5.0,4.0,1.0,5.0,1.0,5.0,5.0,3.0,1.0,3.0,5.0,4.0,1.0,4.0,1.0,3.0,3.0,4.0,5.0,6,1,7,1,7,6,5,6,7,1,1,1,0,1,1,0,1,0,1,1,0,1,0,0,1,1,1,3,2,2,14,1,10,5,10,2,1,0
6017,2.0,3.0,4.0,2.0,1.0,2.0,2.0,2.0,4.0,2.0,2.0,2.0,2.0,2.0,4.0,2.0,3.0,2.0,4.0,3.0,4,2,6,3,6,5,6,1,4,2,1,1,1,1,1,0,1,1,0,1,1,0,1,1,1,1,4,3,2,1,29,1,1,1,60,1,2,1
6018,4.0,5.0,3.0,3.0,4.0,3.0,4.0,4.0,5.0,5.0,1.0,3.0,5.0,4.0,4.0,3.0,4.0,5.0,5.0,3.0,7,5,4,7,4,6,4,7,1,1,1,1,0,1,1,0,0,0,0,1,0,1,0,0,1,1,4,1,1,1,32,2,4,1,60,1,1,2
6019,3.0,4.0,2.0,3.0,4.0,4.0,2.0,2.0,4.0,4.0,2.0,4.0,4.0,2.0,5.0,5.0,2.0,2.0,4.0,2.0,3,6,7,1,7,6,6,1,7,2,1,1,0,1,1,0,0,0,0,1,0,0,0,1,1,1,4,1,1,1,29,1,4,1,70,1,1,2
6020,4.0,3.0,3.0,3.0,4.0,1.0,1.0,4.0,4.0,2.0,1.0,4.0,4.0,2.0,3.0,2.0,1.0,4.0,5.0,2.0,5,4,6,5,5,7,6,1,6,1,1,1,1,1,1,0,1,1,0,1,0,0,1,1,1,1,4,3,1,1,40,1,4,1,60,1,2,2
6021,4.0,4.0,4.0,3.0,3.0,2.0,2.0,2.0,3.0,3.0,2.0,5.0,4.0,1.0,5.0,2.0,3.0,3.0,4.0,2.0,7,1,5,2,7,1,7,1,6,1,1,1,0,1,1,0,0,0,0,1,0,0,1,1,1,1,2,3,1,1,24,2,1,1,30,1,1,1
6022,3.0,3.0,2.0,2.0,2.0,1.0,1.0,2.0,5.0,4.0,1.0,3.0,1.0,1.0,4.0,2.0,1.0,4.0,5.0,1.0,2,2,1,5,4,5,5,6,3,6,1,1,1,1,1,0,1,1,0,1,1,0,1,1,1,1,4,2,1,1,49,1,1,1,70,1,3,2
6023,2.0,1.0,4.0,3.0,2.0,4.0,4.0,1.0,5.0,4.0,1.0,4.0,2.0,2.0,1.0,3.0,3.0,1.0,5.0,1.0,4,5,5,5,5,4,6,2,5,5,1,1,1,1,1,0,0,0,0,1,0,0,1,1,1,1,3,1,2,1,31,1,12,1,50,1,2,2
6024,1.0,1.0,2.0,3.0,3.0,5.0,5.0,3.0,5.0,5.0,3.0,2.0,1.0,3.0,3.0,5.0,1.0,4.0,4.0,2.0,5,6,6,4,6,2,6,1,3,4,1,1,1,1,1,1,1,1,0,1,1,1,1,1,1,1,4,3,2,1,24,1,3,4,10,2,1,2
6025,4.0,5.0,3.0,2.0,5.0,2.0,1.0,5.0,3.0,1.0,1.0,2.0,4.0,1.0,4.0,1.0,1.0,5.0,5.0,1.0,7,5,1,7,7,1,5,5,1,1,1,1,1,1,1,0,0,1,0,1,1,0,1,1,1,1,4,3,1,1,38,2,7,1,60,1,2,2
6026,4.0,4.0,4.0,5.0,5.0,4.0,5.0,1.0,5.0,1.0,2.0,5.0,3.0,1.0,4.0,1.0,2.0,1.0,1.0,3.0,5,1,6,1,7,4,4,1,6,2,1,1,0,1,1,0,0,0,1,1,0,0,1,0,1,1,3,1,1,2,35,1,1,1,30,1,2,5
6027,2.0,3.0,2.0,3.0,2.0,3.0,3.0,1.0,5.0,5.0,3.0,1.0,3.0,4.0,1.0,3.0,2.0,3.0,1.0,2.0,4,3,6,7,5,7,5,4,7,3,1,1,0,1,1,0,0,0,0,1,0,0,1,1,1,1,4,1,1,2,26,1,8,1,10,1,1,3
6028,5.0,5.0,4.0,4.0,4.0,5.0,2.0,5.0,5.0,5.0,1.0,4.0,5.0,3.0,4.0,5.0,3.0,4.0,4.0,5.0,2,6,7,1,7,5,7,5,6,3,1,0,0,1,1,0,0,0,0,1,0,0,0,0,0,1,4,2,2,2,21,1,4,1,10,2,1,2
6029,1.0,4.0,1.0,1.0,2.0,1.0,1.0,2.0,3.0,2.0,1.0,4.0,1.0,1.0,1.0,2.0,1.0,1.0,5.0,4.0,2,3,5,2,7,6,5,5,7,1,1,1,0,1,1,0,0,0,0,1,0,0,1,1,1,1,1,2,1,1,16,1,2,1,60,2,1,2
6030,5.0,4.0,4.0,4.0,4.0,3.0,3.0,4.0,5.0,3.0,2.0,4.0,5.0,2.0,4.0,4.0,4.0,2.0,1.0,5.0,6,3,6,5,6,2,6,5,3,4,1,1,0,1,1,0,0,0,0,1,0,0,0,1,1,1,3,3,2,2,29,1,3,1,10,1,2,3
6031,1.0,4.0,1.0,3.0,1.0,4.0,2.0,1.0,4.0,4.0,4.0,1.0,1.0,2.0,4.0,4.0,2.0,2.0,5.0,1.0,3,3,6,5,6,5,6,2,6,2,1,1,1,1,1,0,0,1,0,1,1,0,1,1,1,1,2,2,2,1,20,1,1,2,60,1,1,1
6032,4.0,2.0,4.0,3.0,2.0,5.0,2.0,4.0,5.0,4.0,4.0,2.0,3.0,3.0,3.0,4.0,3.0,2.0,4.0,3.0,6,3,7,3,5,6,7,3,5,3,0,1,0,1,1,0,0,0,1,1,0,0,0,1,1,1,3,3,2,2,24,1,8,2,10,2,1,2
6033,3.0,1.0,5.0,3.0,4.0,5.0,3.0,3.0,5.0,5.0,3.0,4.0,2.0,4.0,1.0,2.0,5.0,3.0,1.0,2.0,2,2,6,5,4,7,7,1,5,4,1,1,0,1,1,0,1,0,0,1,0,0,0,1,1,1,3,2,2,2,24,1,11,1,10,1,1,3
6034,3.0,4.0,4.0,5.0,3.0,5.0,4.0,4.0,3.0,4.0,4.0,4.0,5.0,3.0,5.0,2.0,5.0,5.0,5.0,5.0,5,5,5,5,3,5,2,2,5,4,0,0,0,0,0,0,0,0,0,0,0,0,0,1,0,0,3,1,1,2,34,1,3,5,70,0,2,6
6035,4.0,4.0,4.0,5.0,4.0,3.0,2.0,4.0,5.0,5.0,2.0,3.0,2.0,3.0,4.0,3.0,3.0,4.0,2.0,3.0,6,3,4,3,3,3,7,2,6,2,1,1,0,1,1,0,0,0,0,1,0,0,0,1,1,1,4,1,2,2,33,1,3,1,10,1,2,1
6036,5.0,1.0,4.0,1.0,4.0,2.0,3.0,5.0,4.0,4.0,5.0,3.0,1.0,3.0,3.0,1.0,2.0,4.0,4.0,1.0,6,1,1,5,5,2,7,7,7,6,1,1,0,1,0,0,0,0,0,1,0,0,0,0,1,1,4,2,1,2,27,1,8,0,10,2,3,4
6037,4.0,3.0,4.0,3.0,4.0,4.0,4.0,4.0,4.0,4.0,2.0,4.0,4.0,4.0,4.0,4.0,3.0,4.0,5.0,2.0,5,2,6,5,6,7,6,1,5,3,1,1,0,1,1,0,0,0,0,1,0,0,0,0,1,1,4,3,1,2,26,1,8,1,10,2,1,1
6038,3.0,4.0,4.0,4.0,2.0,4.0,3.0,4.0,2.0,4.0,3.0,4.0,2.0,2.0,3.0,2.0,1.0,3.0,3.0,4.0,3,2,2,5,5,5,7,2,4,2,1,1,0,1,1,0,0,1,0,1,0,0,0,0,1,1,4,2,1,2,26,1,10,0,70,1,1,3
6039,5.0,1.0,3.0,3.0,4.0,2.0,2.0,5.0,5.0,1.0,1.0,4.0,2.0,2.0,3.0,5.0,4.0,4.0,5.0,1.0,2,6,7,7,7,6,6,4,3,3,1,0,0,0,1,0,0,0,0,1,0,0,0,0,0,1,3,1,2,2,26,1,3,2,10,1,1,3
6040,5.0,5.0,2.0,5.0,5.0,2.0,1.0,4.0,3.0,1.0,1.0,5.0,3.0,3.0,5.0,2.0,4.0,4.0,2.0,1.0,0,0,0,0,7,0,0,0,0,0,1,1,1,1,1,0,0,0,0,1,0,0,0,0,1,1,3,1,1,2,27,1,4,4,30,2,1,2
6041,4.0,4.0,5.0,2.0,2.0,3.0,5.0,4.0,5.0,5.0,2.0,4.0,4.0,3.0,4.0,4.0,3.0,2.0,2.0,2.0,5,3,6,3,7,2,6,3,6,3,1,1,0,1,1,0,0,0,0,1,0,0,0,0,1,1,3,3,1,2,26,1,10,1,10,2,2,4
6042,5.0,4.0,2.0,4.0,1.0,1.0,2.0,5.0,2.0,3.0,1.0,2.0,1.0,1.0,5.0,1.0,5.0,5.0,5.0,1.0,1,6,2,7,7,7,5,3,2,1,1,1,0,1,1,0,0,0,0,1,0,0,0,1,1,1,2,3,1,2,26,1,2,1,10,2,1,3
6043,4.0,4.0,2.0,1.0,2.0,1.0,2.0,5.0,2.0,4.0,4.0,4.0,2.0,1.0,4.0,2.0,2.0,4.0,4.0,4.0,6,5,7,4,7,2,6,2,4,1,0,0,0,0,1,0,0,0,0,1,0,0,0,1,0,0,3,3,2,2,57,3,2,1,60,1,2,0
6044,5.0,3.0,4.0,4.0,3.0,3.0,4.0,4.0,3.0,2.0,1.0,5.0,4.0,2.0,5.0,1.0,3.0,5.0,3.0,4.0,6,4,6,5,7,3,4,1,4,1,1,1,1,1,1,0,0,0,0,1,0,0,1,1,1,1,3,3,1,2,43,3,7,1,60,2,3,1
6045,4.0,2.0,4.0,4.0,4.0,5.0,5.0,4.0,5.0,5.0,2.0,4.0,2.0,4.0,2.0,3.0,2.0,4.0,4.0,2.0,5,5,6,5,6,5,4,2,6,2,1,1,0,1,1,0,0,1,0,1,0,0,0,1,1,1,3,3,2,1,44,1,4,1,10,1,3,0
6046,4.0,4.0,4.0,1.0,4.0,2.0,3.0,4.0,4.0,2.0,2.0,5.0,4.0,1.0,4.0,4.0,5.0,4.0,2.0,3.0,3,3,3,5,6,5,5,5,4,4,1,1,0,1,1,0,0,0,0,1,0,0,1,1,1,1,3,2,1,2,24,1,6,1,10,2,1,4
6047,1.0,1.0,5.0,5.0,3.0,5.0,5.0,1.0,5.0,5.0,4.0,5.0,1.0,5.0,4.0,4.0,4.0,4.0,2.0,1.0,3,2,7,6,6,6,6,2,7,2,1,1,0,1,1,0,1,0,0,1,1,0,1,1,1,1,4,1,1,1,38,1,2,1,60,1,2,2
6048,5.0,1.0,5.0,5.0,1.0,5.0,5.0,1.0,5.0,5.0,1.0,1.0,1.0,5.0,1.0,3.0,1.0,1.0,5.0,1.0,6,1,7,1,6,1,7,1,7,2,1,1,1,1,1,1,1,0,0,1,1,0,0,1,1,1,2,2,1,1,52,1,7,1,70,2,2,9
6049,5.0,5.0,2.0,1.0,5.0,1.0,1.0,5.0,2.0,1.0,1.0,5.0,5.0,1.0,5.0,1.0,2.0,4.0,5.0,5.0,1,6,7,7,7,7,2,1,2,1,1,0,0,1,1,0,0,0,0,1,0,0,0,1,1,1,2,3,2,2,20,1,8,1,10,2,1,2
6050,5.0,5.0,5.0,1.0,5.0,1.0,1.0,5.0,1.0,1.0,1.0,5.0,5.0,1.0,5.0,5.0,1.0,5.0,5.0,5.0,1,7,7,1,4,7,5,1,7,2,1,1,1,1,1,0,1,0,0,1,1,0,1,1,1,1,1,3,1,2,16,1,10,1,20,0,1,0
6051,5.0,5.0,5.0,4.0,5.0,5.0,2.0,5.0,5.0,1.0,1.0,3.0,4.0,3.0,5.0,4.0,1.0,4.0,5.0,2.0,6,5,4,4,7,3,6,7,3,1,1,1,1,1,1,1,0,0,0,1,0,0,1,1,1,1,3,1,1,1,28,1,7,1,60,1,1,3
6052,1.0,2.0,5.0,4.0,1.0,5.0,5.0,1.0,5.0,5.0,2.0,1.0,1.0,2.0,3.0,4.0,1.0,2.0,3.0,4.0,6,1,6,2,7,2,7,1,5,1,1,1,0,1,1,0,0,0,0,1,0,0,0,1,1,1,2,2,2,1,21,1,10,1,60,1,1,4
6053,4.0,4.0,1.0,3.0,4.0,2.0,2.0,5.0,4.0,2.0,1.0,5.0,2.0,1.0,4.0,1.0,4.0,5.0,5.0,2.0,3,6,5,2,6,6,2,1,6,1,0,1,0,1,1,0,0,1,0,1,1,0,0,1,1,1,4,2,2,2,32,1,2,1,60,1,1,3
6054,5.0,4.0,3.0,2.0,5.0,4.0,2.0,1.0,2.0,3.0,2.0,5.0,1.0,2.0,3.0,2.0,3.0,5.0,4.0,3.0,3,2,4,3,4,6,4,4,3,4,1,1,1,0,1,0,1,0,0,1,0,0,1,1,1,1,2,3,1,2,25,2,1,1,60,1,1,1
6055,1.0,1.0,5.0,4.0,1.0,2.0,2.0,1.0,5.0,5.0,1.0,4.0,1.0,5.0,1.0,2.0,2.0,1.0,5.0,1.0,5,1,7,2,7,5,7,1,5,1,1,1,1,1,1,0,1,1,0,1,1,0,1,1,1,1,4,3,2,1,66,1,9,1,60,1,3,2
6056,3.0,4.0,1.0,3.0,3.0,3.0,2.0,4.0,1.0,2.0,1.0,4.0,4.0,2.0,4.0,1.0,2.0,5.0,5.0,2.0,5,6,4,1,6,6,6,3,5,5,1,1,0,1,1,0,0,0,0,1,0,0,1,1,1,1,3,1,1,2,22,1,1,1,60,1,1,1
6057,1.0,5.0,4.0,3.0,4.0,4.0,4.0,4.0,5.0,5.0,2.0,4.0,1.0,1.0,5.0,2.0,4.0,5.0,5.0,1.0,6,1,5,7,7,5,7,3,2,1,1,1,1,1,1,0,1,0,0,1,0,0,1,1,1,1,2,3,2,1,18,1,1,2,30,2,1,3
6058,5.0,5.0,5.0,3.0,5.0,1.0,1.0,5.0,5.0,2.0,1.0,5.0,5.0,1.0,4.0,1.0,5.0,5.0,5.0,1.0,5,5,5,6,6,5,7,3,2,2,1,1,0,1,1,0,0,1,0,1,0,0,1,1,1,1,4,3,1,2,23,1,1,1,60,2,1,3
6059,1.0,4.0,2.0,1.0,2.0,2.0,2.0,2.0,3.0,5.0,3.0,5.0,1.0,3.0,2.0,2.0,4.0,3.0,3.0,4.0,1,3,4,5,7,7,4,5,1,1,1,1,1,1,1,0,0,0,0,1,1,0,1,1,1,1,1,3,2,1,15,1,1,5,30,2,1,2
6060,4.0,4.0,3.0,2.0,4.0,2.0,1.0,3.0,2.0,2.0,1.0,4.0,4.0,2.0,4.0,2.0,1.0,3.0,5.0,5.0,2,1,5,6,6,5,4,5,3,3,1,1,1,1,1,0,0,1,0,1,0,1,1,1,1,1,3,3,1,2,29,1,4,1,70,2,1,3
6061,2.0,4.0,5.0,5.0,1.0,4.0,2.0,4.0,5.0,5.0,4.0,3.0,1.0,2.0,5.0,4.0,2.0,4.0,5.0,1.0,7,3,2,5,6,1,6,7,1,3,1,1,1,1,1,0,0,0,0,1,0,0,1,1,1,1,2,2,1,1,21,1,1,1,10,1,1,2
6062,5.0,4.0,1.0,2.0,5.0,1.0,1.0,1.0,3.0,2.0,1.0,4.0,5.0,1.0,4.0,1.0,4.0,2.0,5.0,2.0,5,6,7,2,6,5,3,2,7,3,1,1,1,1,1,0,0,1,0,1,0,0,1,1,1,1,3,3,1,1,25,1,2,1,60,1,1,1
6063,3.0,3.0,2.0,4.0,2.0,4.0,2.0,1.0,3.0,4.0,3.0,3.0,1.0,2.0,3.0,1.0,1.0,3.0,3.0,3.0,2,6,7,5,6,5,4,1,2,5,1,1,0,1,0,0,0,0,0,1,0,0,0,0,0,1,3,1,2,2,36,1,4,1,60,1,1,2
6064,3.0,2.0,2.0,3.0,3.0,3.0,1.0,2.0,4.0,3.0,3.0,3.0,3.0,3.0,3.0,2.0,2.0,4.0,5.0,3.0,5,3,5,5,6,5,7,5,6,2,1,1,0,1,1,1,1,1,0,1,0,0,1,1,1,1,3,1,1,1,21,2,12,1,60,1,1,3
6065,2.0,4.0,3.0,2.0,4.0,2.0,1.0,5.0,5.0,3.0,1.0,4.0,1.0,1.0,4.0,2.0,1.0,5.0,5.0,1.0,1,2,6,6,5,6,2,5,5,5,1,1,1,1,1,0,0,0,0,1,0,0,1,1,1,1,4,2,1,2,23,1,2,1,60,2,1,4
6066,3.0,1.0,5.0,5.0,5.0,5.0,5.0,2.0,5.0,3.0,1.0,5.0,1.0,2.0,1.0,5.0,2.0,5.0,1.0,1.0,5,5,5,7,7,6,5,2,4,3,1,1,0,1,1,0,0,0,0,1,0,0,1,1,1,1,3,3,2,2,22,1,4,1,10,2,1,3
6067,2.0,3.0,5.0,4.0,4.0,4.0,5.0,1.0,5.0,4.0,1.0,5.0,2.0,2.0,3.0,3.0,1.0,2.0,5.0,1.0,6,5,7,4,5,5,7,1,6,1,1,1,1,1,1,0,0,0,0,1,0,0,1,1,1,1,2,3,2,1,51,1,4,1,60,1,3,4
6068,4.0,4.0,4.0,4.0,2.0,1.0,4.0,1.0,5.0,3.0,2.0,1.0,1.0,3.0,3.0,2.0,1.0,4.0,5.0,1.0,4,2,3,2,6,5,6,4,5,2,1,1,1,1,1,0,1,1,0,1,0,0,1,1,1,1,3,3,2,1,65,1,6,1,60,1,3,3
6069,1.0,3.0,3.0,4.0,2.0,5.0,4.0,4.0,5.0,1.0,3.0,3.0,1.0,4.0,3.0,4.0,3.0,2.0,4.0,1.0,6,5,7,3,5,1,6,1,6,5,1,1,0,1,1,0,0,0,0,1,0,0,1,1,1,1,2,2,1,1,27,1,6,1,60,1,1,2
6070,2.0,2.0,2.0,4.0,4.0,2.0,1.0,2.0,5.0,4.0,1.0,1.0,1.0,1.0,3.0,1.0,1.0,5.0,5.0,1.0,2,6,2,5,6,6,5,5,3,1,1,1,1,1,1,0,1,1,0,1,1,0,1,1,1,1,3,2,1,1,41,1,1,1,60,1,1,2
6071,2.0,1.0,4.0,2.0,2.0,2.0,1.0,2.0,5.0,5.0,1.0,5.0,1.0,1.0,4.0,5.0,1.0,4.0,3.0,1.0,4,1,6,5,5,6,7,6,5,2,1,1,1,1,1,0,0,0,0,1,0,0,1,1,1,1,3,2,2,1,60,1,6,1,60,1,3,4
6072,5.0,4.0,3.0,5.0,1.0,5.0,5.0,5.0,5.0,5.0,5.0,1.0,1.0,5.0,1.0,5.0,5.0,1.0,1.0,2.0,6,4,7,2,7,5,6,7,6,7,0,0,0,1,1,1,0,0,0,1,0,1,0,1,0,1,3,2,1,2,24,1,4,1,10,1,1,4
6073,1.0,1.0,4.0,4.0,1.0,4.0,2.0,2.0,5.0,4.0,1.0,2.0,3.0,3.0,3.0,3.0,3.0,2.0,4.0,1.0,5,2,5,2,6,5,5,5,6,3,1,1,0,1,1,0,0,0,0,1,1,0,1,0,1,1,3,1,2,1,24,1,6,1,60,1,1,1
6074,5.0,4.0,2.0,2.0,4.0,1.0,1.0,2.0,2.0,2.0,1.0,5.0,4.0,3.0,4.0,2.0,3.0,5.0,4.0,3.0,5,6,3,2,5,5,4,3,5,1,1,1,1,1,1,0,1,1,0,1,1,0,1,1,1,1,3,2,1,1,25,1,1,1,60,1,1,3
6075,4.0,4.0,3.0,2.0,5.0,1.0,1.0,5.0,2.0,1.0,1.0,5.0,2.0,1.0,5.0,2.0,1.0,5.0,5.0,2.0,1,5,3,6,7,5,6,2,2,1,1,1,1,1,1,0,1,0,0,1,1,0,1,1,1,1,3,0,2,1,33,2,6,1,60,1,1,0
6076,1.0,5.0,5.0,1.0,2.0,4.0,4.0,2.0,5.0,5.0,4.0,5.0,5.0,1.0,1.0,4.0,2.0,2.0,5.0,1.0,6,2,7,5,6,6,6,2,4,3,0,0,0,0,0,0,0,0,0,1,0,0,1,0,0,1,4,3,2,2,27,1,10,2,10,1,1,2
6077,5.0,5.0,4.0,2.0,5.0,2.0,2.0,4.0,4.0,4.0,2.0,5.0,4.0,1.0,4.0,4.0,1.0,4.0,4.0,4.0,7,6,7,4,6,2,5,1,6,2,1,1,1,1,1,0,0,0,0,1,0,0,0,1,1,1,3,3,1,2,29,1,1,1,60,1,1,1
6078,2.0,3.0,5.0,4.0,2.0,4.0,2.0,1.0,5.0,5.0,4.0,2.0,1.0,3.0,5.0,5.0,3.0,4.0,2.0,3.0,7,5,7,6,7,2,7,1,5,4,1,1,0,1,1,0,0,0,0,1,0,0,0,0,1,1,3,3,2,1,24,1,1,1,10,2,1,6
6079,2.0,4.0,1.0,1.0,3.0,3.0,3.0,1.0,5.0,4.0,1.0,1.0,4.0,1.0,3.0,5.0,3.0,4.0,5.0,1.0,7,7,7,4,6,2,7,1,4,1,1,1,1,1,1,0,0,1,0,1,0,0,0,1,1,1,2,3,1,2,24,1,12,1,60,2,1,3
6080,2.0,4.0,4.0,4.0,5.0,2.0,2.0,1.0,5.0,2.0,1.0,4.0,2.0,1.0,5.0,2.0,1.0,2.0,5.0,1.0,2,6,3,5,5,6,6,2,2,2,1,1,1,1,1,0,1,1,1,1,0,1,1,1,1,1,3,2,2,1,25,2,2,2,60,2,1,2
6081,4.0,4.0,2.0,4.0,5.0,1.0,1.0,4.0,2.0,1.0,1.0,4.0,3.0,1.0,5.0,1.0,1.0,4.0,2.0,1.0,5,5,2,7,7,5,6,6,3,1,1,1,1,1,1,0,1,1,0,1,1,0,1,1,1,1,3,3,2,1,23,1,1,1,60,2,1,2
6082,1.0,1.0,1.0,5.0,4.0,5.0,5.0,1.0,5.0,1.0,1.0,1.0,1.0,4.0,1.0,5.0,5.0,1.0,4.0,5.0,0,0,0,0,0,0,0,0,0,0,1,1,0,0,1,0,0,0,0,1,0,0,0,1,1,1,3,3,2,2,64,1,7,1,30,1,2,5
6083,4.0,1.0,5.0,3.0,4.0,4.0,1.0,4.0,5.0,4.0,1.0,1.0,1.0,1.0,4.0,2.0,1.0,2.0,4.0,3.0,1,1,2,5,7,7,4,6,6,5,1,1,0,1,1,0,0,0,0,1,0,0,1,1,1,1,3,2,2,2,29,1,4,1,10,2,1,3
6084,4.0,3.0,3.0,4.0,2.0,3.0,3.0,1.0,4.0,3.0,3.0,4.0,2.0,2.0,4.0,1.0,3.0,4.0,5.0,1.0,4,2,6,4,6,5,5,3,4,3,1,1,0,1,1,0,0,0,0,1,0,0,1,1,1,1,2,2,1,2,21,1,1,2,60,1,1,1
6085,5.0,3.0,1.0,1.0,5.0,1.0,1.0,5.0,2.0,3.0,1.0,5.0,5.0,1.0,4.0,2.0,2.0,4.0,3.0,4.0,2,7,6,6,6,7,7,1,4,1,1,1,0,1,1,0,0,1,0,1,0,0,1,1,1,1,4,3,1,2,32,1,1,1,30,1,1,2
6086,5.0,5.0,5.0,2.0,5.0,1.0,1.0,3.0,1.0,2.0,1.0,4.0,5.0,1.0,4.0,3.0,4.0,5.0,4.0,4.0,6,5,6,4,6,3,6,2,6,2,0,0,0,0,1,0,0,0,0,1,0,0,0,0,0,1,3,3,1,1,32,1,7,1,30,2,2,2
6087,5.0,1.0,2.0,2.0,5.0,1.0,5.0,3.0,2.0,1.0,1.0,2.0,5.0,1.0,1.0,1.0,2.0,5.0,5.0,4.0,7,6,7,2,7,1,2,6,7,6,1,1,0,1,1,0,0,0,0,1,0,0,0,1,1,1,4,3,1,2,34,1,8,3,10,1,3,2
6088,2.0,2.0,5.0,2.0,5.0,4.0,5.0,5.0,5.0,5.0,1.0,5.0,5.0,4.0,2.0,4.0,5.0,4.0,5.0,4.0,2,1,7,6,6,7,7,1,7,6,1,1,0,1,1,0,0,1,0,1,0,0,0,1,1,1,3,1,2,2,49,1,7,1,70,2,2,4
6089,5.0,4.0,2.0,1.0,4.0,1.0,1.0,5.0,2.0,2.0,1.0,5.0,5.0,1.0,4.0,1.0,2.0,5.0,5.0,4.0,2,6,1,5,3,7,6,3,3,3,1,1,0,1,1,0,0,1,0,1,1,0,1,1,1,1,3,2,1,2,31,1,4,1,60,1,1,4
6090,5.0,4.0,3.0,1.0,5.0,1.0,2.0,4.0,2.0,1.0,1.0,4.0,2.0,2.0,4.0,1.0,2.0,4.0,5.0,5.0,3,6,6,6,7,7,3,3,3,2,1,1,0,1,1,0,0,1,0,1,0,0,1,1,1,1,2,2,2,2,23,1,1,2,10,1,1,1
6091,5.0,1.0,1.0,1.0,4.0,1.0,2.0,1.0,3.0,5.0,1.0,5.0,5.0,2.0,5.0,3.0,1.0,1.0,5.0,1.0,2,5,4,7,5,5,3,4,5,4,0,0,0,1,1,0,1,0,0,0,0,0,0,1,0,1,2,3,2,1,15,1,12,5,30,2,3,3
6092,5.0,5.0,4.0,1.0,5.0,3.0,2.0,3.0,3.0,5.0,2.0,5.0,5.0,1.0,4.0,1.0,3.0,4.0,1.0,2.0,5,4,5,3,6,4,4,3,6,2,1,1,0,1,1,0,0,0,0,1,0,0,0,1,1,1,4,3,1,2,26,1,8,1,10,1,1,1
6093,5.0,5.0,3.0,1.0,4.0,4.0,1.0,5.0,5.0,4.0,1.0,1.0,4.0,5.0,5.0,2.0,4.0,3.0,5.0,1.0,5,3,6,5,3,3,5,5,5,1,1,1,0,1,1,0,0,0,0,1,0,0,0,1,1,1,1,2,1,1,17,3,7,1,30,2,1,2
6094,2.0,1.0,4.0,4.0,2.0,3.0,4.0,1.0,4.0,4.0,2.0,1.0,1.0,4.0,3.0,2.0,4.0,1.0,5.0,1.0,4,3,6,5,6,3,6,2,6,2,1,1,1,1,1,0,0,0,0,1,0,0,1,1,1,1,2,2,2,1,34,1,2,2,60,1,2,1
6095,4.0,5.0,3.0,3.0,5.0,4.0,2.0,3.0,5.0,5.0,1.0,4.0,4.0,1.0,4.0,5.0,5.0,5.0,5.0,5.0,3,5,5,7,6,4,6,6,2,1,1,1,1,1,1,1,0,0,0,1,0,0,1,1,1,1,1,3,1,1,15,1,4,1,70,2,1,2
6096,1.0,4.0,5.0,5.0,2.0,4.0,2.0,2.0,5.0,5.0,2.0,4.0,1.0,3.0,4.0,3.0,3.0,1.0,4.0,4.0,4,1,7,5,5,4,7,2,4,4,1,1,1,1,1,0,1,0,0,1,1,0,1,1,1,1,4,2,2,1,51,1,1,1,60,2,3,2
6097,1.0,2.0,4.0,5.0,1.0,4.0,4.0,1.0,5.0,5.0,2.0,4.0,1.0,2.0,1.0,4.0,3.0,4.0,5.0,4.0,2,5,7,5,7,6,3,1,6,3,1,1,1,1,1,1,0,0,0,1,0,0,1,1,1,1,3,1,2,1,63,1,2,1,60,1,3,7
6098,2.0,2.0,2.0,4.0,2.0,5.0,2.0,3.0,3.0,5.0,4.0,1.0,1.0,4.0,3.0,5.0,3.0,2.0,4.0,1.0,3,6,6,3,6,4,5,2,6,4,1,1,0,1,1,0,0,0,0,1,0,0,1,1,1,1,3,2,1,1,30,2,1,1,60,1,1,0
6099,4.0,5.0,3.0,2.0,4.0,2.0,4.0,4.0,3.0,2.0,2.0,4.0,4.0,1.0,3.0,5.0,4.0,4.0,5.0,5.0,7,3,5,6,7,7,5,2,6,1,1,0,0,1,1,0,0,0,0,1,0,0,0,0,1,1,4,3,1,2,28,2,1,1,20,1,1,5
6100,1.0,2.0,4.0,5.0,2.0,4.0,1.0,1.0,5.0,3.0,4.0,1.0,1.0,4.0,1.0,4.0,5.0,2.0,5.0,1.0,5,4,6,2,4,3,5,1,6,4,1,1,0,1,1,1,0,0,0,1,1,0,1,1,1,1,3,2,1,1,40,1,12,1,60,1,2,3
6101,1.0,1.0,2.0,5.0,1.0,4.0,2.0,1.0,5.0,4.0,4.0,2.0,1.0,5.0,2.0,4.0,4.0,1.0,5.0,1.0,2,5,7,2,6,5,6,2,5,3,1,1,0,1,1,0,0,0,0,1,0,0,1,1,1,1,3,2,2,1,40,3,7,1,60,1,3,3
6102,2.0,2.0,5.0,4.0,3.0,4.0,5.0,1.0,4.0,5.0,3.0,2.0,2.0,3.0,1.0,5.0,3.0,5.0,4.0,1.0,3,7,6,6,6,5,5,6,4,2,1,1,0,1,1,0,0,0,0,1,0,0,0,0,1,1,3,3,1,2,27,1,1,1,60,2,1,1
6103,4.0,5.0,2.0,2.0,5.0,1.0,1.0,4.0,5.0,2.0,1.0,5.0,4.0,2.0,5.0,1.0,3.0,5.0,5.0,4.0,2,5,6,4,3,7,6,5,3,4,1,1,0,1,1,0,0,1,0,1,0,0,0,0,1,1,2,2,2,2,21,2,1,2,70,2,1,2
6104,5.0,5.0,3.0,2.0,4.0,1.0,1.0,3.0,2.0,2.0,1.0,4.0,5.0,1.0,3.0,2.0,2.0,2.0,5.0,2.0,7,7,5,6,5,3,6,7,1,2,1,1,1,1,1,1,1,1,1,1,1,1,1,0,1,1,2,3,2,2,22,3,1,2,60,2,1,4
6105,1.0,1.0,4.0,5.0,4.0,4.0,2.0,1.0,5.0,4.0,1.0,2.0,4.0,4.0,3.0,2.0,4.0,2.0,5.0,1.0,3,5,6,3,6,5,6,3,5,3,1,1,1,1,1,0,1,1,0,1,1,0,1,1,1,1,3,1,1,1,34,1,2,1,60,1,1,2
6106,3.0,3.0,4.0,3.0,3.0,5.0,2.0,4.0,5.0,5.0,4.0,3.0,3.0,3.0,3.0,4.0,3.0,4.0,3.0,3.0,4,4,5,4,4,4,5,5,5,5,0,0,0,0,0,0,0,0,0,1,0,0,0,0,0,0,4,3,1,2,22,1,12,5,10,2,1,2
6107,5.0,4.0,4.0,3.0,4.0,5.0,5.0,4.0,5.0,4.0,2.0,5.0,1.0,2.0,2.0,4.0,4.0,3.0,5.0,2.0,6,1,3,5,6,4,6,3,4,2,1,1,0,1,1,0,0,0,0,1,0,0,1,1,1,1,3,1,2,1,44,1,4,1,60,1,1,1
6108,2.0,4.0,4.0,5.0,3.0,1.0,1.0,2.0,5.0,2.0,1.0,4.0,1.0,4.0,5.0,2.0,1.0,3.0,5.0,1.0,2,1,5,7,6,5,7,2,1,1,1,1,1,1,1,0,0,0,0,1,0,0,1,1,1,1,3,1,2,1,36,1,12,3,60,1,1,2
6109,1.0,1.0,1.0,4.0,2.0,4.0,5.0,1.0,4.0,3.0,2.0,2.0,1.0,3.0,3.0,1.0,3.0,2.0,4.0,1.0,6,3,3,2,7,4,6,5,4,1,1,1,1,1,1,1,1,1,0,1,1,0,1,1,1,1,4,0,2,1,47,2,7,1,30,1,1,1
6110,1.0,1.0,3.0,3.0,1.0,5.0,2.0,2.0,5.0,4.0,1.0,1.0,1.0,1.0,4.0,2.0,3.0,3.0,5.0,1.0,2,5,6,6,5,7,7,1,5,2,1,1,0,1,1,0,0,0,0,1,0,0,1,1,1,1,3,2,2,1,25,1,4,1,70,1,1,1
6111,1.0,1.0,5.0,4.0,4.0,5.0,5.0,1.0,5.0,5.0,3.0,1.0,1.0,1.0,2.0,5.0,5.0,4.0,1.0,1.0,5,1,7,1,7,6,7,2,7,1,1,1,1,1,1,1,1,0,0,1,1,0,1,1,1,0,2,3,2,2,50,1,1,1,60,1,2,5
6112,5.0,3.0,5.0,5.0,3.0,5.0,5.0,5.0,5.0,4.0,5.0,1.0,1.0,4.0,2.0,5.0,2.0,1.0,1.0,1.0,5,1,6,1,7,3,5,1,6,3,1,1,1,1,1,0,0,1,1,1,0,0,0,1,1,1,4,3,1,1,25,1,6,5,30,1,1,4
6113,2.0,3.0,3.0,4.0,4.0,4.0,5.0,2.0,5.0,3.0,2.0,5.0,2.0,4.0,4.0,4.0,3.0,4.0,3.0,4.0,1,2,5,6,4,6,7,5,4,4,1,1,0,1,1,0,0,0,0,1,0,0,1,1,1,1,4,3,1,2,38,1,3,2,10,2,2,10
6114,4.0,5.0,1.0,1.0,4.0,2.0,1.0,3.0,2.0,1.0,3.0,5.0,5.0,2.0,5.0,2.0,2.0,5.0,5.0,2.0,3,6,6,4,7,6,4,1,6,2,1,1,0,1,1,1,0,1,0,1,1,0,1,1,1,1,4,2,1,1,23,1,1,2,30,2,1,3
6115,5.0,5.0,5.0,3.0,5.0,1.0,5.0,5.0,5.0,2.0,3.0,5.0,5.0,5.0,5.0,5.0,3.0,5.0,5.0,1.0,6,1,7,5,7,5,7,5,7,1,1,1,0,1,1,0,0,0,0,1,0,0,0,1,1,1,3,1,1,2,41,1,8,0,0,1,2,6
6116,1.0,1.0,3.0,2.0,4.0,2.0,2.0,2.0,5.0,3.0,2.0,1.0,4.0,2.0,3.0,2.0,3.0,2.0,5.0,1.0,4,5,5,6,5,6,7,3,5,1,1,1,1,1,1,0,1,1,0,1,0,0,1,1,1,1,4,3,2,1,32,1,1,2,60,1,1,1
6117,4.0,1.0,2.0,4.0,4.0,1.0,2.0,3.0,3.0,2.0,1.0,4.0,4.0,1.0,5.0,2.0,1.0,4.0,5.0,2.0,2,5,4,5,6,6,5,5,3,2,1,1,0,1,1,0,0,0,0,1,0,0,1,1,1,1,3,2,1,1,22,1,8,1,10,1,1,2
6118,5.0,5.0,3.0,1.0,5.0,1.0,1.0,5.0,3.0,1.0,1.0,5.0,5.0,4.0,5.0,1.0,1.0,5.0,3.0,5.0,4,6,7,2,6,4,4,2,7,1,1,1,0,1,1,0,0,0,0,1,0,0,1,1,0,1,4,3,1,1,35,2,12,1,30,2,1,2
6119,1.0,2.0,4.0,5.0,2.0,3.0,2.0,2.0,5.0,4.0,2.0,4.0,1.0,2.0,1.0,1.0,4.0,3.0,3.0,1.0,5,7,3,5,5,2,6,7,5,1,1,1,1,1,1,0,0,1,0,1,1,0,1,1,1,1,2,2,1,1,22,1,4,1,10,2,1,3
6120,5.0,5.0,1.0,1.0,5.0,1.0,1.0,5.0,1.0,1.0,1.0,5.0,5.0,1.0,5.0,1.0,1.0,5.0,5.0,5.0,2,7,3,5,5,5,2,6,2,6,1,1,0,1,1,0,0,1,0,1,0,0,1,1,1,1,3,3,1,2,22,1,2,4,10,1,1,2
6121,5.0,3.0,5.0,2.0,3.0,3.0,1.0,3.0,3.0,4.0,2.0,3.0,1.0,2.0,4.0,1.0,5.0,3.0,5.0,3.0,4,6,4,6,5,7,3,5,3,3,1,0,0,1,1,0,0,0,0,1,0,0,0,0,1,1,1,2,1,1,15,1,2,1,60,2,1,2
6122,4.0,5.0,4.0,2.0,5.0,1.0,1.0,4.0,3.0,1.0,1.0,5.0,1.0,2.0,5.0,1.0,1.0,5.0,5.0,1.0,3,6,6,5,6,3,4,5,3,2,1,1,0,1,1,0,0,1,1,1,1,0,1,1,1,1,2,2,1,2,20,1,1,1,30,2,1,3
6123,5.0,5.0,5.0,5.0,5.0,5.0,5.0,1.0,5.0,5.0,5.0,5.0,5.0,5.0,5.0,5.0,1.0,5.0,1.0,1.0,7,5,7,5,7,4,7,3,7,4,1,1,1,1,1,0,0,0,0,1,0,0,0,0,1,1,3,2,1,1,30,1,7,1,30,2,1,3
6124,4.0,1.0,2.0,5.0,3.0,1.0,1.0,4.0,5.0,3.0,2.0,1.0,1.0,5.0,1.0,4.0,1.0,1.0,5.0,4.0,6,5,7,6,7,1,7,2,5,1,1,1,0,1,1,1,0,1,0,1,1,1,1,1,1,1,2,1,2,2,38,1,2,1,60,2,3,1
6125,2.0,2.0,4.0,2.0,4.0,2.0,3.0,2.0,2.0,1.0,3.0,5.0,4.0,2.0,2.0,4.0,4.0,4.0,5.0,3.0,3,6,2,5,5,6,5,6,2,3,1,1,1,1,1,0,0,1,1,1,0,0,1,1,0,1,3,1,1,2,26,1,2,2,60,1,1,2
6126,5.0,4.0,2.0,1.0,5.0,1.0,1.0,5.0,4.0,2.0,1.0,5.0,4.0,1.0,5.0,2.0,5.0,4.0,2.0,4.0,6,5,7,5,6,2,6,5,3,0,1,1,1,1,1,0,1,1,0,1,1,1,1,1,1,1,3,2,1,1,24,1,6,1,60,1,1,3
6127,5.0,4.0,5.0,3.0,4.0,2.0,5.0,4.0,3.0,4.0,1.0,3.0,1.0,3.0,3.0,5.0,1.0,1.0,5.0,3.0,5,5,6,5,6,5,7,1,5,1,0,1,1,1,1,0,1,0,0,1,0,1,1,1,1,1,3,3,2,1,24,1,4,1,10,2,1,0
6128,1.0,2.0,5.0,5.0,1.0,4.0,4.0,4.0,5.0,5.0,1.0,4.0,1.0,4.0,3.0,5.0,4.0,1.0,5.0,1.0,2,5,7,5,6,6,7,1,7,1,1,1,1,1,1,0,0,0,0,1,0,0,1,1,1,1,3,2,2,1,66,1,3,1,60,2,3,2
6129,5.0,5.0,1.0,1.0,5.0,4.0,2.0,4.0,2.0,2.0,1.0,5.0,4.0,1.0,5.0,2.0,1.0,5.0,5.0,4.0,6,5,5,4,5,2,2,6,2,1,1,1,1,1,1,1,1,1,0,1,0,1,1,1,1,1,3,1,2,1,24,3,12,1,70,1,1,2
6130,5.0,5.0,1.0,3.0,5.0,1.0,1.0,5.0,1.0,1.0,1.0,5.0,5.0,3.0,5.0,1.0,3.0,5.0,1.0,1.0,1,7,6,6,6,7,7,6,6,1,1,1,0,1,1,0,0,0,0,1,0,0,0,1,1,1,3,2,1,2,18,1,1,1,60,2,1,1
6131,1.0,4.0,2.0,4.0,4.0,2.0,2.0,2.0,5.0,4.0,1.0,4.0,1.0,3.0,3.0,1.0,4.0,1.0,5.0,1.0,3,1,5,6,6,6,6,5,2,1,1,1,0,1,1,0,0,0,0,1,0,0,1,1,1,1,3,2,2,1,28,1,2,1,60,2,1,1
6132,4.0,4.0,2.0,2.0,4.0,1.0,1.0,2.0,2.0,2.0,1.0,5.0,4.0,1.0,5.0,1.0,1.0,4.0,5.0,4.0,2,3,6,2,6,3,7,2,6,5,1,1,1,1,1,0,1,1,0,1,1,0,1,1,1,1,4,3,2,1,69,2,6,1,60,1,2,5
6133,5.0,5.0,3.0,1.0,5.0,1.0,1.0,1.0,3.0,1.0,1.0,5.0,5.0,1.0,3.0,1.0,1.0,5.0,5.0,1.0,4,6,7,1,6,4,7,1,7,1,1,1,0,1,1,0,0,0,0,1,0,0,1,0,1,1,3,2,1,2,33,1,1,1,60,1,1,2
6134,3.0,3.0,3.0,2.0,5.0,1.0,1.0,3.0,1.0,1.0,1.0,4.0,2.0,3.0,5.0,3.0,1.0,4.0,5.0,4.0,4,4,6,3,7,5,5,5,4,1,1,1,1,1,1,0,1,1,0,1,1,0,1,1,1,1,3,2,1,1,50,1,1,1,60,1,2,2
6135,1.0,1.0,4.0,5.0,1.0,1.0,1.0,1.0,5.0,1.0,3.0,1.0,1.0,5.0,1.0,1.0,2.0,2.0,2.0,1.0,3,2,3,5,5,6,6,2,6,3,1,1,1,1,1,0,1,1,0,1,1,1,1,1,1,1,4,1,2,1,42,1,12,1,70,1,3,3
6136,2.0,1.0,2.0,4.0,2.0,4.0,1.0,1.0,5.0,4.0,1.0,4.0,1.0,4.0,4.0,1.0,1.0,4.0,5.0,1.0,6,6,5,6,7,6,6,2,5,3,1,1,0,1,1,0,0,0,0,1,0,0,1,0,1,1,3,2,1,1,22,1,1,1,60,1,1,4
6137,4.0,3.0,2.0,2.0,5.0,4.0,2.0,5.0,3.0,3.0,1.0,4.0,2.0,1.0,5.0,4.0,2.0,5.0,2.0,4.0,3,2,5,3,6,2,5,6,5,2,1,1,0,1,0,0,0,0,0,1,0,0,0,1,1,1,2,2,2,2,24,2,7,5,60,1,1,3
6138,1.0,1.0,1.0,5.0,5.0,5.0,1.0,5.0,5.0,1.0,1.0,1.0,1.0,5.0,5.0,5.0,5.0,1.0,1.0,1.0,5,2,5,3,6,6,5,5,5,4,1,1,1,1,1,0,0,0,0,1,0,0,0,0,1,1,3,3,2,1,55,1,7,1,60,2,3,2
6139,2.0,4.0,3.0,5.0,3.0,3.0,4.0,1.0,2.0,5.0,1.0,2.0,2.0,1.0,3.0,1.0,1.0,4.0,5.0,2.0,7,7,5,5,7,1,5,6,4,1,1,1,0,1,1,0,0,1,0,1,0,0,0,1,1,1,3,3,2,2,22,2,2,1,60,2,1,3
6140,4.0,3.0,5.0,3.0,4.0,5.0,3.0,4.0,4.0,5.0,1.0,4.0,1.0,1.0,4.0,1.0,4.0,1.0,5.0,1.0,2,7,7,3,6,6,3,2,3,2,1,1,0,1,1,0,0,0,0,1,0,0,1,1,1,1,2,3,2,1,15,1,2,1,60,2,1,1
6141,1.0,4.0,4.0,3.0,2.0,5.0,3.0,1.0,5.0,5.0,3.0,5.0,1.0,2.0,3.0,2.0,3.0,4.0,4.0,1.0,3,4,7,5,7,7,5,1,7,2,1,1,0,1,1,0,0,0,0,1,0,0,0,1,1,1,3,3,1,2,23,1,1,1,60,2,1,3
6142,2.0,2.0,4.0,4.0,2.0,2.0,4.0,2.0,5.0,4.0,1.0,2.0,1.0,3.0,2.0,2.0,2.0,2.0,5.0,1.0,3,2,3,5,6,5,6,5,3,1,1,1,1,1,0,1,1,1,0,1,0,1,1,1,1,1,4,3,2,1,42,1,1,1,0,1,3,4
6143,2.0,2.0,5.0,3.0,4.0,4.0,3.0,2.0,5.0,2.0,1.0,4.0,4.0,2.0,3.0,1.0,3.0,4.0,2.0,1.0,4,4,6,6,6,7,4,1,7,1,1,1,1,1,1,1,0,0,0,1,0,0,1,1,1,1,3,2,2,2,23,1,0,1,0,1,1,5
6144,5.0,5.0,2.0,4.0,4.0,1.0,2.0,4.0,3.0,2.0,1.0,5.0,4.0,2.0,5.0,2.0,2.0,4.0,4.0,1.0,3,5,1,7,5,6,7,6,2,7,1,1,0,1,0,0,0,0,0,1,0,0,0,0,1,1,3,1,2,1,25,1,7,1,60,2,1,2
6145,5.0,4.0,4.0,2.0,5.0,5.0,4.0,2.0,5.0,4.0,2.0,4.0,2.0,4.0,5.0,4.0,1.0,5.0,4.0,1.0,5,6,1,7,7,3,7,7,2,2,1,1,1,1,1,0,0,0,0,1,0,0,0,1,1,1,3,3,2,1,44,1,6,2,60,2,2,1
6146,3.0,5.0,1.0,1.0,4.0,1.0,1.0,5.0,1.0,4.0,1.0,3.0,5.0,1.0,4.0,1.0,1.0,5.0,5.0,4.0,2,2,6,5,7,6,1,2,6,1,1,1,1,1,1,0,0,0,0,1,0,1,1,1,1,1,4,2,1,1,28,2,7,1,60,1,1,0
6147,1.0,3.0,5.0,5.0,1.0,5.0,2.0,1.0,5.0,5.0,4.0,1.0,1.0,5.0,1.0,5.0,3.0,1.0,1.0,1.0,7,5,7,5,7,4,7,4,6,3,1,1,1,1,1,0,1,1,0,1,0,0,1,1,1,1,4,3,2,1,75,1,4,1,60,2,2,4
6148,4.0,5.0,1.0,2.0,4.0,1.0,2.0,5.0,1.0,2.0,2.0,4.0,5.0,1.0,3.0,1.0,2.0,4.0,5.0,1.0,1,5,7,3,6,7,1,6,3,2,0,0,0,1,0,0,0,0,0,0,0,0,0,1,1,0,2,3,1,2,18,1,2,4,60,2,1,3
6149,3.0,3.0,3.0,3.0,3.0,3.0,3.0,3.0,3.0,3.0,3.0,3.0,3.0,3.0,3.0,3.0,3.0,3.0,3.0,3.0,6,6,6,5,5,2,5,2,7,1,1,0,0,1,1,0,0,0,0,1,0,0,0,0,1,1,1,3,1,1,15,2,12,1,60,2,3,3
6150,4.0,5.0,1.0,3.0,5.0,3.0,2.0,3.0,3.0,3.0,1.0,5.0,4.0,1.0,5.0,1.0,1.0,5.0,4.0,4.0,3,7,4,5,7,7,6,5,2,1,1,1,0,1,1,0,0,1,0,1,0,0,0,1,1,1,2,1,2,2,29,2,2,1,0,1,1,2
6151,2.0,4.0,3.0,4.0,3.0,4.0,1.0,2.0,3.0,4.0,1.0,4.0,2.0,1.0,5.0,2.0,1.0,5.0,4.0,1.0,5,6,6,1,7,3,6,3,6,2,1,1,0,1,1,0,0,0,0,1,0,0,0,1,1,1,2,3,2,2,24,1,2,1,60,2,1,3
6152,1.0,1.0,3.0,1.0,4.0,5.0,5.0,4.0,5.0,5.0,3.0,4.0,5.0,1.0,3.0,3.0,5.0,3.0,4.0,3.0,6,4,7,5,7,5,4,2,5,2,1,1,0,1,1,0,0,0,0,1,0,0,0,1,1,1,1,3,1,1,15,1,2,0,60,2,1,4
6153,2.0,3.0,2.0,2.0,4.0,2.0,3.0,3.0,5.0,5.0,1.0,4.0,2.0,1.0,4.0,3.0,2.0,5.0,5.0,2.0,5,2,4,7,6,5,4,3,3,3,1,1,0,1,1,0,0,0,0,1,0,1,1,1,1,1,1,2,2,1,16,2,1,2,60,2,1,1
6154,5.0,4.0,3.0,5.0,2.0,5.0,4.0,2.0,5.0,5.0,2.0,5.0,2.0,1.0,1.0,1.0,1.0,5.0,5.0,3.0,3,3,5,5,7,3,6,1,5,3,1,1,1,1,1,0,0,0,0,1,0,0,0,0,0,1,3,3,2,2,26,1,4,1,60,1,1,2
6155,1.0,1.0,5.0,5.0,2.0,4.0,5.0,1.0,5.0,5.0,2.0,3.0,1.0,2.0,3.0,2.0,1.0,2.0,5.0,2.0,6,5,7,2,6,1,5,1,6,1,1,1,1,1,1,0,0,0,0,1,0,0,1,1,1,1,2,1,1,1,51,1,1,1,60,1,2,4
6156,4.0,5.0,2.0,2.0,5.0,4.0,1.0,2.0,5.0,5.0,1.0,5.0,1.0,1.0,4.0,5.0,1.0,5.0,5.0,5.0,1,5,6,7,6,7,3,5,5,7,1,1,1,1,1,0,1,1,0,1,1,0,1,1,1,1,4,2,1,1,60,1,8,1,10,0,2,3
6157,5.0,5.0,1.0,1.0,5.0,1.0,1.0,5.0,1.0,5.0,1.0,5.0,5.0,1.0,5.0,1.0,1.0,5.0,5.0,1.0,6,6,6,6,6,5,6,6,3,3,1,1,0,1,1,0,0,0,0,1,0,0,1,1,1,1,4,3,2,2,37,1,4,1,10,2,1,4
6158,5.0,5.0,1.0,2.0,5.0,2.0,2.0,3.0,4.0,1.0,1.0,5.0,1.0,1.0,5.0,2.0,1.0,5.0,5.0,1.0,6,6,2,5,7,1,6,7,6,2,1,1,0,1,1,0,0,0,0,1,0,0,1,1,1,1,1,3,2,2,16,1,1,2,10,2,1,2
6159,2.0,4.0,4.0,2.0,2.0,4.0,1.0,5.0,5.0,2.0,1.0,2.0,2.0,1.0,4.0,1.0,1.0,4.0,5.0,2.0,2,5,5,7,3,5,5,3,2,1,0,0,0,0,0,1,0,0,1,0,1,1,0,0,0,0,4,1,1,1,30,1,1,1,60,1,1,2
6160,1.0,4.0,2.0,5.0,2.0,4.0,4.0,5.0,5.0,4.0,2.0,1.0,1.0,2.0,3.0,2.0,1.0,2.0,5.0,1.0,2,6,7,5,5,6,4,2,5,3,1,1,0,1,1,0,0,0,0,1,0,0,1,0,1,1,4,1,2,1,25,1,4,1,60,1,1,3
6161,5.0,5.0,2.0,1.0,4.0,1.0,5.0,5.0,5.0,4.0,5.0,4.0,5.0,1.0,5.0,1.0,2.0,1.0,5.0,5.0,6,5,1,7,7,6,5,7,7,1,1,0,0,1,0,0,0,0,0,1,0,0,0,0,1,1,4,1,1,2,31,1,10,1,10,1,2,10
6162,1.0,1.0,3.0,4.0,1.0,4.0,2.0,1.0,5.0,4.0,1.0,1.0,4.0,2.0,5.0,2.0,2.0,1.0,5.0,1.0,4,5,5,6,1,1,7,6,6,1,1,1,1,1,1,0,0,0,0,1,0,0,1,1,1,1,3,1,1,1,54,1,2,1,60,2,3,4
6163,1.0,2.0,5.0,5.0,1.0,5.0,5.0,3.0,5.0,5.0,2.0,1.0,1.0,4.0,2.0,2.0,4.0,1.0,1.0,1.0,7,3,3,2,6,1,5,6,4,2,1,1,1,1,1,0,1,1,0,1,0,1,0,1,1,1,3,3,2,1,20,1,4,1,60,1,1,4
6164,5.0,5.0,1.0,1.0,5.0,1.0,1.0,5.0,1.0,1.0,1.0,5.0,5.0,1.0,5.0,1.0,1.0,5.0,5.0,5.0,7,7,7,2,7,7,5,1,7,1,1,1,0,1,1,1,0,1,0,1,0,0,1,1,1,1,3,3,1,1,37,1,2,1,60,1,3,0
6165,4.0,5.0,2.0,5.0,2.0,5.0,5.0,1.0,5.0,1.0,2.0,4.0,2.0,4.0,5.0,5.0,4.0,2.0,4.0,1.0,2,6,6,5,3,3,6,1,2,1,1,1,0,1,1,0,0,0,0,1,0,0,0,0,0,1,3,3,1,2,31,1,2,1,60,1,1,2
6166,5.0,1.0,1.0,1.0,1.0,2.0,4.0,5.0,2.0,2.0,1.0,5.0,4.0,1.0,5.0,2.0,4.0,5.0,5.0,4.0,2,6,7,6,7,4,2,4,7,1,1,0,0,1,1,0,0,0,0,1,0,0,0,1,1,1,3,3,1,2,21,1,3,1,10,2,1,0
6167,2.0,1.0,5.0,5.0,1.0,4.0,5.0,2.0,5.0,4.0,4.0,4.0,1.0,4.0,2.0,5.0,4.0,3.0,1.0,1.0,5,2,6,5,6,6,6,3,6,2,1,1,1,1,1,0,0,1,0,1,0,0,0,1,1,1,3,3,2,1,37,1,7,1,60,1,2,2
6168,5.0,4.0,1.0,1.0,5.0,1.0,1.0,5.0,1.0,2.0,1.0,5.0,3.0,1.0,4.0,1.0,1.0,5.0,5.0,5.0,2,4,6,5,7,6,2,1,4,2,1,1,0,1,1,0,0,0,0,1,0,0,1,1,1,1,2,2,1,1,27,1,7,1,70,1,2,4
6169,5.0,5.0,1.0,1.0,5.0,1.0,1.0,5.0,1.0,1.0,1.0,5.0,5.0,1.0,5.0,1.0,1.0,5.0,5.0,5.0,1,5,6,7,5,7,6,7,1,1,1,1,1,1,1,0,0,1,0,1,0,0,1,1,1,1,3,3,1,1,43,0,2,1,60,2,1,3
6170,1.0,3.0,4.0,4.0,2.0,4.0,2.0,1.0,5.0,4.0,3.0,1.0,2.0,2.0,4.0,3.0,2.0,2.0,4.0,1.0,6,3,7,1,6,2,6,2,7,3,1,1,0,1,1,0,0,0,0,1,0,0,1,1,1,1,4,2,1,1,38,1,6,1,60,1,2,3
6171,5.0,4.0,2.0,1.0,4.0,2.0,1.0,4.0,2.0,2.0,1.0,5.0,5.0,2.0,3.0,1.0,1.0,4.0,5.0,3.0,2,6,5,2,5,6,3,4,6,3,0,0,0,1,0,0,0,0,0,1,0,0,0,0,0,0,3,1,1,2,23,1,1,1,60,1,1,2
6172,4.0,4.0,4.0,1.0,5.0,5.0,5.0,4.0,5.0,4.0,1.0,3.0,5.0,2.0,3.0,1.0,1.0,4.0,5.0,1.0,1,2,6,6,6,4,4,1,1,7,1,1,0,1,1,0,0,1,0,1,0,0,0,1,1,1,2,3,2,1,18,1,1,1,60,2,1,4
6173,5.0,5.0,1.0,2.0,4.0,1.0,2.0,4.0,4.0,1.0,1.0,4.0,5.0,1.0,4.0,5.0,1.0,4.0,5.0,1.0,2,5,7,3,7,5,6,5,6,1,1,1,1,1,1,0,0,1,0,1,1,0,1,1,1,1,2,1,2,2,16,1,2,2,70,2,1,1
6174,1.0,2.0,3.0,1.0,3.0,1.0,1.0,4.0,5.0,5.0,1.0,1.0,1.0,1.0,1.0,1.0,3.0,5.0,5.0,1.0,4,1,2,1,6,5,6,4,6,4,1,1,1,1,1,0,0,0,0,0,0,0,0,1,0,1,4,3,1,2,42,1,1,1,60,2,1,4
6175,5.0,5.0,2.0,1.0,5.0,1.0,1.0,5.0,4.0,1.0,1.0,5.0,4.0,1.0,5.0,1.0,1.0,5.0,5.0,1.0,5,6,6,3,3,5,6,2,7,4,1,1,0,1,1,0,0,1,0,1,1,0,1,1,1,1,4,1,1,2,26,3,4,1,60,1,1,5
6176,5.0,4.0,1.0,2.0,3.0,1.0,2.0,5.0,3.0,1.0,2.0,1.0,1.0,2.0,4.0,1.0,5.0,5.0,5.0,2.0,5,6,6,4,6,3,3,6,7,2,0,1,0,1,1,0,0,0,0,1,1,0,1,1,1,1,2,2,1,1,17,1,12,1,70,2,1,4
6177,2.0,3.0,5.0,3.0,5.0,5.0,5.0,2.0,5.0,1.0,2.0,5.0,1.0,2.0,1.0,3.0,1.0,2.0,2.0,4.0,2,1,7,6,6,7,6,4,2,6,1,1,1,1,1,0,0,0,0,1,0,0,1,1,1,1,3,1,2,2,64,1,2,1,60,1,1,2
6178,4.0,1.0,2.0,4.0,2.0,5.0,4.0,4.0,5.0,5.0,1.0,1.0,1.0,4.0,2.0,5.0,5.0,1.0,5.0,1.0,3,4,6,5,5,7,7,5,7,2,0,1,0,1,1,0,0,1,0,1,0,0,1,1,1,1,4,3,1,2,25,1,3,1,70,1,1,2
6179,5.0,5.0,4.0,4.0,4.0,4.0,3.0,4.0,2.0,1.0,1.0,4.0,5.0,1.0,5.0,2.0,3.0,5.0,5.0,4.0,5,7,6,5,6,5,2,1,4,3,1,1,1,1,1,0,0,1,0,1,0,0,1,1,1,1,4,3,2,2,30,1,4,2,10,1,2,2
6180,1.0,5.0,1.0,1.0,3.0,1.0,1.0,5.0,5.0,5.0,1.0,5.0,5.0,1.0,5.0,3.0,1.0,5.0,5.0,5.0,4,5,6,0,7,1,4,1,4,1,1,1,0,1,1,0,0,0,0,1,0,0,1,1,1,1,3,3,1,1,40,1,1,1,60,2,3,1
6181,5.0,5.0,3.0,2.0,4.0,3.0,2.0,2.0,4.0,2.0,2.0,4.0,2.0,2.0,4.0,4.0,3.0,3.0,5.0,2.0,3,5,5,6,5,4,5,5,2,1,1,1,1,1,1,0,0,0,0,1,0,0,1,1,1,1,3,2,2,1,20,1,9,2,60,1,1,2
6182,5.0,3.0,2.0,1.0,4.0,4.0,1.0,1.0,3.0,3.0,1.0,5.0,3.0,1.0,3.0,2.0,2.0,3.0,3.0,1.0,2,3,3,2,5,6,2,6,4,2,1,1,0,1,1,0,0,0,0,1,0,1,1,1,1,1,4,3,1,2,31,1,2,1,60,1,1,3
6183,3.0,4.0,2.0,4.0,3.0,1.0,1.0,3.0,3.0,3.0,1.0,3.0,1.0,1.0,4.0,5.0,5.0,1.0,5.0,3.0,3,5,3,6,7,1,6,2,4,2,1,1,0,1,1,0,0,1,0,1,0,0,1,1,1,1,3,3,1,1,50,1,6,0,60,2,1,3
6184,5.0,5.0,1.0,1.0,5.0,1.0,1.0,5.0,1.0,1.0,1.0,5.0,5.0,1.0,5.0,1.0,1.0,5.0,5.0,3.0,2,6,3,2,6,5,1,5,6,1,1,1,1,1,1,1,0,1,1,1,1,0,1,1,1,1,3,3,1,1,28,1,2,1,60,2,1,1
6185,5.0,5.0,4.0,4.0,4.0,2.0,1.0,5.0,4.0,1.0,1.0,5.0,5.0,1.0,5.0,2.0,1.0,5.0,5.0,5.0,2,7,7,5,5,6,5,6,5,2,1,1,0,1,1,0,1,1,0,1,0,0,1,1,1,1,4,1,1,1,33,1,1,1,60,1,1,3
6186,4.0,4.0,4.0,1.0,4.0,1.0,1.0,4.0,3.0,1.0,1.0,4.0,3.0,2.0,4.0,2.0,5.0,4.0,5.0,2.0,2,7,1,7,3,6,4,6,1,3,1,1,1,1,1,0,0,0,0,1,0,0,1,1,1,1,3,2,1,1,22,1,12,1,60,1,1,4
6187,3.0,1.0,2.0,2.0,2.0,4.0,2.0,2.0,5.0,4.0,2.0,3.0,4.0,1.0,1.0,1.0,2.0,4.0,5.0,4.0,6,7,6,5,7,1,2,2,4,2,1,1,0,1,1,1,1,0,0,1,0,0,1,1,1,1,3,1,2,1,28,1,1,1,60,1,1,1
6188,1.0,2.0,2.0,1.0,4.0,4.0,2.0,2.0,5.0,4.0,1.0,5.0,1.0,1.0,5.0,1.0,4.0,1.0,5.0,1.0,3,6,7,4,6,6,3,6,4,1,1,1,1,1,1,0,1,1,0,1,0,0,1,1,1,1,4,3,1,1,23,1,12,1,60,1,1,2
6189,5.0,1.0,1.0,1.0,5.0,1.0,1.0,1.0,2.0,1.0,1.0,5.0,1.0,1.0,5.0,1.0,3.0,5.0,5.0,3.0,5,6,2,5,7,4,5,6,5,1,1,1,0,1,1,0,0,1,0,0,1,0,0,1,1,1,3,1,1,2,34,1,5,2,60,2,1,3
6190,4.0,5.0,1.0,1.0,4.0,1.0,1.0,3.0,2.0,2.0,1.0,5.0,4.0,1.0,5.0,4.0,1.0,5.0,5.0,1.0,6,6,5,1,7,1,2,6,7,2,1,1,0,1,0,0,0,0,0,1,0,0,0,1,1,1,2,3,1,2,19,1,2,2,60,1,1,3
6191,5.0,1.0,2.0,3.0,2.0,1.0,1.0,2.0,2.0,4.0,2.0,4.0,5.0,2.0,4.0,2.0,1.0,4.0,5.0,4.0,3,2,7,1,7,5,4,1,7,1,1,1,1,1,1,0,1,1,0,1,1,0,1,1,1,1,4,3,2,1,72,1,4,1,60,1,3,2
6192,5.0,5.0,3.0,1.0,2.0,1.0,1.0,1.0,1.0,1.0,1.0,5.0,5.0,1.0,4.0,2.0,1.0,3.0,3.0,3.0,2,5,5,1,7,7,5,6,4,4,1,1,1,1,1,0,0,1,1,1,1,1,1,1,1,1,3,3,1,1,25,1,2,5,70,2,1,3
6193,1.0,3.0,5.0,4.0,1.0,2.0,4.0,3.0,5.0,4.0,2.0,2.0,1.0,2.0,4.0,4.0,3.0,3.0,4.0,1.0,5,5,5,6,7,5,6,6,5,7,1,1,1,1,1,0,1,1,0,1,1,0,1,1,1,1,4,2,1,1,38,1,8,1,60,1,3,4
6194,4.0,4.0,2.0,4.0,4.0,1.0,1.0,2.0,4.0,4.0,1.0,5.0,5.0,2.0,4.0,2.0,2.0,4.0,5.0,4.0,5,6,7,5,2,5,6,6,2,2,1,1,0,1,1,0,0,0,0,1,0,0,1,1,1,1,3,2,2,1,22,1,2,1,60,1,1,2
6195,3.0,4.0,1.0,4.0,4.0,4.0,1.0,5.0,3.0,2.0,1.0,4.0,3.0,1.0,5.0,1.0,1.0,4.0,3.0,1.0,3,6,5,4,7,5,5,5,5,1,1,1,1,1,1,0,0,0,0,1,0,0,1,1,1,1,3,3,2,1,33,2,1,2,60,2,2,3
6196,1.0,4.0,1.0,2.0,4.0,1.0,1.0,4.0,3.0,1.0,1.0,1.0,1.0,1.0,4.0,1.0,1.0,4.0,4.0,5.0,2,3,6,1,7,5,5,1,7,2,1,1,1,1,1,1,0,1,0,1,1,0,1,1,1,1,1,2,1,1,17,1,12,1,60,2,1,2
6197,4.0,4.0,4.0,2.0,5.0,1.0,1.0,3.0,3.0,2.0,1.0,2.0,5.0,2.0,5.0,1.0,1.0,4.0,5.0,2.0,2,7,6,2,7,7,1,5,5,4,1,1,0,1,1,0,0,0,0,1,0,0,1,1,1,1,3,1,2,1,21,1,1,1,60,1,1,2
6198,5.0,3.0,1.0,1.0,5.0,1.0,1.0,4.0,5.0,1.0,1.0,5.0,5.0,1.0,4.0,5.0,1.0,4.0,5.0,3.0,6,4,6,3,7,6,5,2,7,4,1,1,0,1,1,0,0,0,0,1,0,0,1,1,1,1,2,3,1,1,21,1,2,1,60,1,1,3
6199,4.0,1.0,1.0,5.0,5.0,3.0,1.0,1.0,5.0,5.0,3.0,1.0,3.0,5.0,1.0,1.0,1.0,3.0,1.0,1.0,4,5,6,5,7,1,5,5,6,2,1,1,0,1,1,1,0,0,0,1,0,0,1,1,1,1,3,2,1,1,24,1,4,1,60,1,1,3
6200,4.0,3.0,5.0,3.0,5.0,5.0,4.0,4.0,5.0,5.0,2.0,5.0,1.0,3.0,1.0,5.0,3.0,3.0,2.0,1.0,5,6,6,7,5,1,7,1,4,5,1,1,0,1,1,0,0,0,0,1,0,0,0,0,1,1,3,2,2,2,20,1,10,4,10,2,1,3
6201,2.0,2.0,2.0,2.0,2.0,1.0,1.0,2.0,3.0,2.0,3.0,4.0,2.0,2.0,4.0,1.0,4.0,4.0,4.0,1.0,5,5,5,5,7,2,6,6,4,4,1,1,0,1,1,0,1,1,0,1,0,0,1,1,1,1,4,2,2,1,51,1,4,1,60,2,3,2
6202,1.0,1.0,1.0,1.0,2.0,2.0,2.0,1.0,5.0,5.0,1.0,4.0,1.0,2.0,1.0,1.0,2.0,4.0,1.0,1.0,6,5,7,2,7,5,6,1,6,1,1,1,1,1,1,0,1,1,0,1,1,0,1,1,1,1,4,2,2,1,60,1,4,1,60,1,1,5
6203,4.0,4.0,2.0,4.0,5.0,1.0,2.0,4.0,4.0,4.0,1.0,5.0,5.0,4.0,4.0,4.0,1.0,4.0,5.0,1.0,1,1,6,4,3,7,4,5,7,1,1,1,0,1,1,0,0,0,0,1,0,0,1,1,1,1,3,2,1,1,26,1,10,1,10,1,1,5
6204,1.0,1.0,2.0,2.0,2.0,1.0,1.0,4.0,2.0,1.0,4.0,4.0,1.0,4.0,5.0,3.0,4.0,5.0,1.0,4.0,5,1,3,1,5,1,6,6,7,4,0,0,0,0,1,0,0,0,0,0,0,0,0,0,0,1,1,2,1,2,14,1,9,1,10,1,3,3
6205,3.0,3.0,3.0,3.0,3.0,3.0,3.0,3.0,3.0,3.0,3.0,3.0,3.0,3.0,3.0,3.0,3.0,3.0,3.0,3.0,7,1,7,1,7,1,7,1,7,1,0,0,0,0,0,0,0,0,0,0,0,0,0,0,0,0,3,3,3,1,23,3,3,5,10,1,3,6
6206,3.0,2.0,3.0,4.0,4.0,4.0,2.0,5.0,5.0,3.0,1.0,4.0,1.0,2.0,2.0,2.0,1.0,4.0,5.0,4.0,1,2,6,7,7,7,3,1,6,2,1,1,1,1,1,0,0,1,0,1,0,0,1,1,1,1,3,1,2,1,40,1,7,1,60,1,2,1
6207,4.0,5.0,1.0,4.0,5.0,1.0,1.0,4.0,1.0,3.0,1.0,3.0,5.0,1.0,5.0,2.0,5.0,5.0,4.0,1.0,7,6,3,6,6,1,3,7,1,3,1,1,0,1,1,0,0,0,1,1,0,0,1,1,1,1,4,3,1,1,32,1,6,3,60,1,2,3
6208,3.0,4.0,1.0,3.0,4.0,1.0,1.0,2.0,2.0,1.0,1.0,5.0,4.0,2.0,4.0,1.0,5.0,2.0,5.0,3.0,2,7,4,1,6,6,4,3,4,4,1,1,1,1,1,0,1,1,0,1,1,0,1,1,1,1,4,2,1,1,22,1,2,1,70,1,1,2
6209,5.0,2.0,1.0,4.0,5.0,2.0,3.0,5.0,3.0,2.0,1.0,5.0,2.0,2.0,4.0,4.0,1.0,4.0,2.0,1.0,4,6,6,4,6,5,4,2,4,2,0,0,0,0,0,0,0,0,0,0,0,0,0,0,0,0,3,3,1,1,34,1,4,2,70,1,1,2
6210,1.0,1.0,5.0,4.0,4.0,2.0,2.0,1.0,2.0,3.0,2.0,4.0,1.0,4.0,3.0,4.0,1.0,4.0,5.0,1.0,6,7,7,5,7,3,6,2,5,1,1,1,0,1,1,1,0,1,0,1,0,0,1,1,1,1,2,2,2,2,19,2,2,4,70,2,1,2
6211,1.0,1.0,1.0,2.0,4.0,5.0,5.0,5.0,1.0,5.0,1.0,5.0,1.0,1.0,1.0,5.0,5.0,1.0,5.0,3.0,5,7,7,2,2,6,7,5,6,2,1,1,0,1,1,0,0,1,0,1,0,0,1,0,1,1,4,3,1,2,27,1,2,1,0,2,1,1
6212,5.0,4.0,4.0,1.0,4.0,1.0,1.0,1.0,5.0,5.0,1.0,5.0,1.0,1.0,4.0,1.0,2.0,5.0,4.0,2.0,3,5,3,6,7,6,7,7,2,1,1,1,1,1,1,0,1,0,0,1,0,0,1,1,1,1,4,3,1,1,46,1,6,1,60,1,2,2
6213,5.0,5.0,1.0,1.0,5.0,1.0,1.0,5.0,1.0,1.0,1.0,5.0,5.0,1.0,5.0,1.0,1.0,5.0,5.0,5.0,4,7,7,4,7,7,1,2,7,4,1,0,1,1,1,1,0,1,0,1,0,1,1,1,1,0,3,3,1,2,23,1,4,1,10,2,1,2
6214,1.0,1.0,5.0,5.0,4.0,2.0,2.0,1.0,5.0,2.0,1.0,4.0,1.0,4.0,1.0,3.0,2.0,1.0,5.0,1.0,2,2,6,5,5,7,7,3,2,3,1,1,1,1,1,0,0,0,0,1,1,0,1,1,1,1,3,2,2,1,24,1,1,2,60,1,1,2
6215,4.0,4.0,4.0,4.0,4.0,4.0,4.0,4.0,5.0,5.0,4.0,3.0,1.0,3.0,5.0,4.0,3.0,4.0,2.0,1.0,6,6,5,5,6,2,6,5,5,2,1,1,0,1,1,0,0,1,0,1,0,0,0,0,1,1,3,1,1,2,30,1,3,1,10,1,2,8
6216,1.0,2.0,1.0,5.0,1.0,5.0,2.0,2.0,5.0,5.0,5.0,2.0,1.0,5.0,3.0,5.0,1.0,2.0,3.0,1.0,7,2,6,5,6,2,7,5,6,1,1,1,0,1,1,0,0,0,0,1,0,0,1,1,1,1,4,3,2,1,52,1,7,1,60,1,3,2
6217,5.0,5.0,1.0,1.0,5.0,1.0,1.0,5.0,1.0,1.0,1.0,5.0,5.0,1.0,5.0,1.0,1.0,5.0,5.0,5.0,1,7,7,1,7,4,1,7,7,7,1,1,1,1,1,0,0,0,1,1,0,1,1,1,1,1,3,3,1,1,22,1,3,1,10,2,1,2
6218,1.0,1.0,5.0,5.0,1.0,5.0,5.0,1.0,5.0,5.0,2.0,1.0,2.0,5.0,1.0,5.0,4.0,1.0,5.0,3.0,5,3,7,1,7,5,7,1,7,1,1,1,1,1,1,1,1,1,1,1,1,0,1,1,1,1,3,3,1,1,47,1,4,1,60,1,2,10
6219,1.0,1.0,5.0,3.0,1.0,3.0,5.0,3.0,5.0,5.0,2.0,3.0,1.0,2.0,1.0,5.0,5.0,1.0,5.0,1.0,7,1,7,1,7,1,7,5,7,1,1,1,0,1,1,0,0,0,0,1,0,0,1,1,1,1,3,1,2,2,28,1,1,2,10,2,1,2
6220,4.0,4.0,2.0,1.0,5.0,1.0,1.0,4.0,2.0,2.0,1.0,5.0,4.0,2.0,4.0,1.0,2.0,4.0,5.0,1.0,5,7,6,5,2,1,2,6,1,2,1,1,0,1,1,0,0,0,0,1,0,0,1,0,1,1,3,3,2,1,20,1,2,1,60,2,1,2
6221,5.0,5.0,1.0,4.0,5.0,1.0,1.0,5.0,1.0,1.0,1.0,5.0,4.0,1.0,5.0,1.0,1.0,5.0,5.0,5.0,7,2,3,1,7,5,7,5,7,1,1,1,1,1,1,1,1,1,1,1,1,1,1,1,1,1,3,2,1,1,22,1,4,1,30,2,1,3
6222,4.0,5.0,2.0,1.0,5.0,2.0,1.0,4.0,3.0,3.0,1.0,5.0,5.0,2.0,5.0,4.0,3.0,4.0,4.0,1.0,3,6,5,6,5,6,5,3,5,3,1,1,1,1,1,1,1,1,1,1,1,1,1,1,1,1,2,1,2,2,16,1,7,5,60,2,1,2
6223,2.0,2.0,4.0,4.0,3.0,4.0,2.0,2.0,5.0,3.0,2.0,4.0,2.0,3.0,4.0,2.0,3.0,4.0,4.0,4.0,6,3,2,6,6,3,7,3,4,3,1,1,1,1,1,0,0,0,0,1,0,1,1,1,1,1,2,3,2,1,21,1,7,2,60,1,1,1
6224,5.0,5.0,1.0,1.0,5.0,4.0,1.0,3.0,3.0,4.0,2.0,5.0,5.0,1.0,5.0,3.0,3.0,5.0,4.0,3.0,6,7,6,6,7,7,6,2,5,1,1,1,0,1,0,0,0,0,0,0,0,0,0,0,1,1,2,3,1,2,19,1,1,1,70,2,1,6
6225,5.0,5.0,1.0,1.0,5.0,1.0,1.0,5.0,1.0,1.0,1.0,5.0,5.0,1.0,1.0,1.0,5.0,5.0,5.0,5.0,3,5,7,2,7,7,5,5,5,6,1,1,0,1,1,0,0,0,0,0,0,0,0,0,0,1,1,1,1,2,33,1,1,1,70,1,2,2
6226,5.0,5.0,2.0,2.0,4.0,1.0,1.0,4.0,2.0,1.0,2.0,4.0,3.0,2.0,4.0,4.0,1.0,4.0,5.0,3.0,6,4,3,1,7,3,1,5,7,2,1,1,1,1,1,1,1,1,0,1,1,1,1,1,1,1,3,2,1,1,30,1,7,1,60,1,1,2
6227,5.0,4.0,1.0,3.0,4.0,2.0,1.0,2.0,1.0,1.0,1.0,4.0,4.0,2.0,5.0,1.0,5.0,4.0,5.0,4.0,3,5,5,4,2,1,2,1,3,6,1,1,0,1,1,1,0,0,0,1,0,0,1,1,1,1,3,3,1,1,18,2,2,2,60,1,1,7
6228,5.0,4.0,1.0,2.0,5.0,1.0,1.0,4.0,3.0,2.0,1.0,4.0,4.0,1.0,5.0,1.0,1.0,5.0,4.0,5.0,6,6,3,5,7,3,6,6,4,1,1,1,1,1,1,0,0,0,0,1,0,0,1,1,1,1,2,2,1,2,21,1,1,1,70,1,1,3
6229,2.0,5.0,2.0,3.0,2.0,3.0,1.0,3.0,4.0,3.0,1.0,2.0,2.0,2.0,4.0,2.0,1.0,5.0,4.0,2.0,5,6,6,4,6,5,6,5,7,1,1,1,0,1,1,0,0,0,1,1,0,0,1,1,1,1,3,2,1,1,27,1,1,1,70,1,1,2
6230,4.0,3.0,3.0,3.0,5.0,3.0,4.0,4.0,5.0,5.0,2.0,4.0,3.0,2.0,4.0,4.0,4.0,5.0,5.0,2.0,4,5,5,6,5,4,6,4,3,1,1,1,0,1,1,0,0,1,0,1,0,0,1,1,1,1,2,3,2,2,18,1,4,1,60,2,1,3
6231,5.0,5.0,1.0,1.0,5.0,1.0,1.0,5.0,1.0,1.0,1.0,5.0,5.0,1.0,5.0,1.0,1.0,5.0,5.0,5.0,7,7,1,1,7,1,7,7,1,1,1,1,1,1,1,0,1,1,0,1,1,0,1,1,1,1,4,1,1,1,41,1,2,1,60,1,1,4
6232,3.0,1.0,1.0,3.0,4.0,5.0,2.0,2.0,4.0,4.0,1.0,4.0,1.0,2.0,3.0,1.0,2.0,4.0,4.0,3.0,5,5,3,2,6,4,5,3,6,3,1,1,1,1,1,0,1,1,0,1,1,0,1,1,1,1,3,2,1,1,51,1,1,1,60,1,1,2
6233,3.0,4.0,2.0,3.0,5.0,1.0,1.0,5.0,5.0,2.0,3.0,5.0,3.0,3.0,4.0,1.0,1.0,4.0,5.0,5.0,6,1,7,3,2,1,7,1,7,1,1,1,1,1,1,1,1,0,0,1,0,0,1,1,1,1,3,2,1,1,34,1,4,1,60,1,2,4
6234,4.0,4.0,3.0,1.0,5.0,1.0,2.0,4.0,4.0,3.0,1.0,4.0,4.0,1.0,5.0,3.0,5.0,2.0,5.0,1.0,7,5,2,4,7,2,7,6,4,2,1,1,0,1,1,1,0,0,1,1,0,0,1,1,1,1,2,1,2,1,26,1,2,1,60,1,1,2
6235,5.0,4.0,1.0,1.0,5.0,1.0,1.0,5.0,1.0,1.0,1.0,5.0,5.0,1.0,5.0,1.0,1.0,5.0,5.0,4.0,2,3,7,1,7,6,2,1,7,5,1,1,1,1,1,0,1,0,0,1,0,0,1,1,1,1,4,3,1,1,25,1,2,2,60,1,1,2
6236,3.0,1.0,2.0,5.0,4.0,1.0,1.0,3.0,5.0,4.0,2.0,5.0,3.0,3.0,5.0,1.0,1.0,4.0,5.0,3.0,5,2,5,6,5,5,4,2,6,1,1,1,1,1,1,0,0,0,0,1,1,1,1,1,1,1,3,2,2,1,24,2,4,1,60,1,1,3
6237,3.0,1.0,5.0,5.0,1.0,5.0,5.0,1.0,5.0,4.0,3.0,4.0,1.0,2.0,4.0,2.0,1.0,1.0,5.0,1.0,3,2,6,3,6,7,7,4,6,2,1,1,1,1,1,0,0,0,0,1,0,0,1,1,1,1,3,1,2,1,52,2,6,1,60,1,2,2
6238,5.0,4.0,4.0,1.0,4.0,3.0,2.0,2.0,5.0,4.0,1.0,4.0,1.0,1.0,4.0,1.0,4.0,4.0,5.0,1.0,3,6,2,7,7,6,6,2,1,5,1,1,0,1,1,0,0,1,0,1,0,0,0,0,1,1,2,3,2,2,19,1,2,1,60,2,1,2
6239,5.0,5.0,4.0,1.0,5.0,2.0,1.0,5.0,2.0,4.0,1.0,5.0,5.0,1.0,5.0,3.0,1.0,5.0,5.0,5.0,4,6,7,2,6,4,7,1,3,3,0,1,0,1,1,0,0,1,0,1,0,0,0,1,1,1,3,1,1,2,18,1,1,1,60,2,1,1
6240,2.0,2.0,4.0,1.0,5.0,1.0,1.0,1.0,2.0,2.0,1.0,4.0,4.0,4.0,4.0,2.0,2.0,5.0,5.0,1.0,2,7,6,6,6,4,6,3,5,2,1,1,1,1,1,0,1,1,0,1,1,0,1,1,1,1,3,2,1,1,23,2,1,1,60,1,1,2
6241,2.0,4.0,1.0,4.0,4.0,1.0,1.0,2.0,3.0,2.0,1.0,4.0,4.0,2.0,4.0,1.0,3.0,5.0,5.0,1.0,1,5,6,3,3,6,2,2,6,3,1,1,0,1,1,0,1,0,0,1,0,0,1,1,1,1,4,2,2,1,35,1,2,2,60,1,2,4
6242,1.0,1.0,5.0,3.0,3.0,5.0,4.0,1.0,5.0,5.0,1.0,5.0,1.0,1.0,1.0,1.0,4.0,1.0,5.0,1.0,2,2,5,1,7,7,5,3,3,1,1,1,1,1,1,0,1,1,0,1,1,0,1,1,1,1,3,2,1,1,70,1,2,1,60,1,3,2
6243,1.0,1.0,3.0,5.0,1.0,2.0,4.0,1.0,5.0,5.0,1.0,1.0,4.0,2.0,1.0,3.0,5.0,1.0,5.0,4.0,1,5,6,3,5,7,7,1,7,1,0,0,0,0,0,1,1,1,1,0,1,1,0,0,0,0,3,2,2,1,57,1,3,1,60,1,2,3
6244,1.0,2.0,4.0,5.0,4.0,4.0,3.0,4.0,5.0,5.0,1.0,5.0,4.0,3.0,4.0,2.0,2.0,3.0,2.0,1.0,2,6,6,6,5,4,6,5,2,5,1,1,1,1,1,1,0,0,0,1,0,0,1,1,1,1,4,2,2,1,39,1,4,1,60,1,2,1
6245,4.0,2.0,2.0,3.0,4.0,4.0,1.0,1.0,5.0,5.0,1.0,5.0,2.0,1.0,2.0,1.0,3.0,4.0,5.0,2.0,5,5,7,2,6,5,4,3,6,2,1,1,0,1,1,0,0,0,0,1,0,1,1,1,1,1,3,3,2,1,23,1,1,2,30,2,1,3
6246,3.0,4.0,3.0,3.0,3.0,4.0,2.0,4.0,5.0,2.0,1.0,5.0,4.0,2.0,4.0,3.0,2.0,2.0,5.0,1.0,1,4,6,2,3,6,5,2,5,3,1,1,1,1,1,0,0,0,0,1,0,0,1,1,1,1,4,2,2,1,35,1,2,1,60,1,1,2
6247,1.0,2.0,4.0,5.0,1.0,4.0,2.0,1.0,5.0,5.0,4.0,1.0,1.0,4.0,4.0,5.0,4.0,1.0,5.0,1.0,4,5,6,5,7,3,3,2,3,3,1,1,0,1,1,0,1,1,0,1,0,0,1,1,1,1,4,2,1,1,52,1,2,1,60,1,2,2
6248,2.0,2.0,4.0,4.0,2.0,4.0,3.0,2.0,5.0,4.0,2.0,5.0,3.0,3.0,1.0,1.0,2.0,3.0,2.0,4.0,3,5,6,2,5,3,3,1,6,3,1,1,0,1,1,0,0,0,0,1,0,1,1,1,1,1,3,2,1,1,24,1,1,1,60,1,1,1
6249,5.0,4.0,4.0,2.0,5.0,1.0,1.0,5.0,2.0,1.0,4.0,4.0,2.0,3.0,5.0,2.0,4.0,4.0,3.0,4.0,6,6,7,2,3,5,6,2,7,2,1,1,1,1,1,0,0,1,0,1,0,0,1,1,1,1,3,1,2,1,34,1,6,1,60,2,2,1
6250,2.0,3.0,4.0,3.0,4.0,2.0,1.0,1.0,5.0,3.0,2.0,4.0,2.0,1.0,5.0,4.0,1.0,1.0,3.0,1.0,4,5,6,3,6,5,7,1,5,5,1,1,1,1,1,0,0,1,0,1,0,0,1,1,1,1,3,1,1,1,31,1,7,1,60,1,2,4
6251,4.0,2.0,2.0,2.0,4.0,4.0,5.0,4.0,5.0,4.0,2.0,4.0,4.0,2.0,2.0,4.0,2.0,4.0,5.0,2.0,5,2,7,1,6,3,6,1,7,2,0,0,0,0,1,0,0,0,0,1,0,0,0,1,0,1,3,2,2,1,28,1,12,1,60,1,1,2
6252,5.0,4.0,1.0,1.0,5.0,1.0,1.0,5.0,1.0,1.0,1.0,5.0,5.0,1.0,5.0,1.0,1.0,5.0,5.0,1.0,1,6,5,6,5,7,2,7,1,6,1,1,1,1,1,0,0,0,1,1,0,1,1,1,1,1,2,2,2,1,18,1,2,2,60,2,1,3
6253,5.0,5.0,2.0,2.0,4.0,2.0,2.0,1.0,3.0,1.0,3.0,5.0,5.0,1.0,3.0,2.0,4.0,2.0,5.0,1.0,3,2,5,2,5,7,5,6,5,6,1,1,0,1,1,0,0,0,0,1,0,0,1,0,1,1,3,2,1,2,22,1,2,1,10,2,1,1
6254,3.0,4.0,3.0,3.0,4.0,2.0,1.0,4.0,3.0,2.0,1.0,3.0,4.0,2.0,4.0,2.0,3.0,4.0,4.0,3.0,2,3,6,4,4,7,3,3,5,4,1,1,0,1,1,0,0,1,0,1,0,0,1,1,1,1,2,2,1,1,19,1,1,1,60,1,1,2
6255,4.0,4.0,2.0,2.0,4.0,2.0,1.0,5.0,5.0,2.0,1.0,5.0,4.0,1.0,3.0,2.0,5.0,4.0,4.0,1.0,4,5,4,2,6,6,6,4,4,4,1,0,0,1,1,0,0,0,0,1,0,0,0,1,1,1,2,3,2,2,20,1,10,1,10,1,1,6
6256,4.0,5.0,3.0,3.0,4.0,2.0,1.0,5.0,2.0,1.0,1.0,5.0,2.0,1.0,4.0,2.0,3.0,5.0,5.0,2.0,5,5,3,5,5,2,5,3,4,1,1,1,0,1,1,0,0,0,0,1,0,0,1,1,1,1,2,3,1,2,20,1,10,1,20,2,1,3
6257,1.0,1.0,1.0,3.0,4.0,2.0,2.0,1.0,5.0,5.0,1.0,4.0,1.0,1.0,1.0,2.0,5.0,1.0,5.0,1.0,1,4,7,3,4,6,3,5,4,1,1,1,0,1,1,0,0,0,0,1,0,0,0,1,1,1,0,0,0,1,43,1,0,0,0,1,1,1
6258,2.0,2.0,4.0,3.0,2.0,4.0,4.0,2.0,4.0,4.0,2.0,2.0,2.0,2.0,2.0,4.0,4.0,4.0,4.0,2.0,5,2,6,2,5,5,5,5,5,5,1,1,0,1,1,0,0,0,0,1,0,0,0,1,1,1,3,2,1,1,46,1,2,1,60,2,1,1
6259,3.0,4.0,3.0,3.0,4.0,3.0,1.0,4.0,5.0,3.0,1.0,5.0,2.0,1.0,4.0,1.0,4.0,4.0,4.0,1.0,3,2,6,4,7,5,5,5,4,3,1,1,0,1,1,0,0,0,1,1,0,0,1,1,1,1,4,2,1,1,24,1,1,1,60,1,1,2
6260,5.0,4.0,3.0,3.0,5.0,4.0,2.0,4.0,5.0,2.0,2.0,4.0,5.0,2.0,5.0,2.0,2.0,4.0,5.0,3.0,5,5,6,3,7,6,6,2,7,1,1,0,1,1,1,0,1,1,0,1,1,0,1,1,1,1,2,2,2,2,17,1,4,5,70,2,1,3
6261,5.0,4.0,5.0,2.0,5.0,2.0,2.0,5.0,3.0,2.0,1.0,5.0,1.0,2.0,5.0,2.0,2.0,5.0,5.0,1.0,5,5,6,5,3,2,6,1,4,3,1,1,0,1,1,1,0,0,0,1,0,1,1,1,1,1,2,3,3,2,21,1,1,1,70,1,1,2
6262,4.0,5.0,2.0,3.0,3.0,1.0,1.0,5.0,3.0,1.0,1.0,4.0,4.0,1.0,5.0,2.0,1.0,5.0,5.0,1.0,6,2,1,3,7,5,2,7,5,2,1,1,1,1,1,0,0,0,0,1,1,0,1,1,1,1,4,1,2,1,24,1,2,3,60,1,1,5
6263,3.0,1.0,1.0,1.0,3.0,1.0,1.0,5.0,1.0,2.0,1.0,2.0,4.0,1.0,5.0,1.0,2.0,5.0,5.0,2.0,3,6,6,5,5,4,5,5,5,4,1,1,0,1,1,1,0,0,0,1,0,0,1,1,1,1,3,2,1,1,26,1,4,1,60,2,1,3
6264,1.0,1.0,4.0,4.0,5.0,5.0,2.0,4.0,4.0,5.0,1.0,2.0,4.0,4.0,4.0,2.0,2.0,5.0,5.0,1.0,5,5,3,5,6,6,6,7,4,2,1,1,0,1,1,0,0,0,1,1,1,0,0,1,1,1,2,2,2,1,19,1,1,2,70,2,1,2
6265,1.0,4.0,1.0,5.0,2.0,4.0,1.0,1.0,4.0,5.0,1.0,1.0,1.0,1.0,5.0,1.0,3.0,5.0,5.0,3.0,1,6,4,5,7,7,6,7,4,7,1,1,0,1,1,0,0,0,0,1,1,0,1,0,1,1,3,1,1,2,36,2,2,1,60,2,2,3
6266,5.0,5.0,5.0,3.0,5.0,1.0,1.0,5.0,5.0,5.0,1.0,3.0,5.0,1.0,5.0,1.0,1.0,5.0,5.0,1.0,2,5,6,6,5,7,6,1,6,4,1,1,0,1,1,0,0,0,0,1,0,0,1,1,1,1,3,2,2,1,33,1,2,1,60,2,2,4
6267,5.0,4.0,2.0,3.0,4.0,2.0,2.0,3.0,3.0,2.0,2.0,5.0,4.0,1.0,4.0,1.0,2.0,5.0,5.0,4.0,1,6,5,2,6,5,3,1,4,2,1,1,0,1,1,0,0,1,0,1,1,0,1,1,1,1,4,3,1,2,38,1,2,1,60,1,1,3
6268,1.0,1.0,1.0,4.0,2.0,5.0,5.0,3.0,4.0,5.0,5.0,3.0,1.0,4.0,1.0,4.0,3.0,1.0,4.0,1.0,4,1,6,5,7,5,7,1,3,2,1,1,1,1,1,0,0,1,0,1,1,1,1,1,1,1,3,2,2,1,23,3,9,1,60,1,2,3
6269,1.0,4.0,4.0,2.0,2.0,4.0,2.0,1.0,5.0,4.0,1.0,4.0,1.0,3.0,5.0,5.0,2.0,1.0,3.0,1.0,5,5,6,5,6,3,5,2,5,1,1,1,0,1,1,0,0,0,0,1,0,1,1,1,1,1,3,2,1,1,35,1,5,1,60,2,3,5
6270,1.0,3.0,4.0,4.0,1.0,3.0,3.0,1.0,5.0,3.0,1.0,3.0,1.0,3.0,4.0,3.0,2.0,4.0,5.0,1.0,7,2,6,3,7,1,6,1,6,6,1,1,1,1,1,0,1,1,0,1,1,0,1,1,1,1,4,1,2,1,34,2,1,1,60,1,2,2
6271,4.0,1.0,5.0,4.0,3.0,5.0,2.0,2.0,5.0,4.0,2.0,4.0,2.0,3.0,2.0,4.0,1.0,4.0,3.0,1.0,4,2,5,3,7,7,7,3,5,1,1,1,1,1,1,0,0,1,0,1,0,0,0,1,1,1,2,3,2,2,17,1,7,2,70,2,1,2
6272,2.0,2.0,3.0,4.0,2.0,5.0,2.0,1.0,5.0,4.0,2.0,2.0,2.0,3.0,2.0,2.0,2.0,4.0,4.0,1.0,3,2,3,3,6,7,7,4,7,2,1,1,0,1,1,0,1,1,0,1,0,0,1,1,1,1,4,3,2,2,30,1,8,1,10,2,1,2
6273,4.0,4.0,1.0,4.0,4.0,1.0,1.0,5.0,5.0,1.0,2.0,4.0,2.0,1.0,5.0,2.0,2.0,4.0,5.0,4.0,3,1,6,2,5,6,2,5,7,6,1,1,1,1,1,0,1,1,0,1,1,0,1,1,1,1,4,3,1,1,31,1,4,1,60,1,2,3
6274,1.0,1.0,5.0,2.0,4.0,5.0,5.0,1.0,5.0,5.0,4.0,4.0,1.0,3.0,1.0,2.0,2.0,1.0,1.0,1.0,6,5,6,3,6,3,7,5,6,3,1,1,1,1,1,0,0,0,0,1,0,0,1,1,1,1,4,2,2,1,52,1,7,1,60,1,2,4
6275,4.0,4.0,1.0,3.0,4.0,2.0,2.0,4.0,3.0,2.0,1.0,5.0,4.0,3.0,4.0,3.0,4.0,4.0,5.0,5.0,2,5,2,3,6,6,4,5,6,6,1,1,0,1,0,0,0,1,0,1,0,0,0,1,1,1,3,1,1,2,31,1,1,1,70,1,1,2
6276,5.0,5.0,1.0,1.0,5.0,1.0,1.0,5.0,1.0,1.0,1.0,5.0,5.0,3.0,5.0,1.0,1.0,5.0,5.0,5.0,7,7,1,6,4,1,4,7,7,1,1,1,1,1,1,0,0,1,0,1,0,0,1,1,1,1,2,3,1,2,20,1,4,1,60,2,1,3
6277,1.0,1.0,4.0,4.0,4.0,5.0,2.0,1.0,5.0,5.0,1.0,1.0,1.0,1.0,1.0,5.0,4.0,1.0,5.0,1.0,7,5,7,3,7,1,6,2,6,1,1,1,1,1,1,0,0,1,0,1,0,0,0,1,1,1,3,2,2,2,39,1,1,1,60,2,2,3
6278,4.0,4.0,5.0,5.0,5.0,2.0,2.0,1.0,5.0,5.0,1.0,2.0,4.0,1.0,2.0,2.0,1.0,4.0,5.0,1.0,7,6,5,6,7,1,6,2,2,1,1,1,0,1,1,0,0,1,0,1,0,0,1,1,1,1,3,3,2,1,29,1,12,1,60,1,1,3
6279,3.0,2.0,3.0,2.0,2.0,1.0,1.0,4.0,3.0,4.0,1.0,5.0,4.0,1.0,5.0,1.0,1.0,4.0,5.0,5.0,2,2,4,6,7,6,7,5,4,5,1,1,1,1,1,0,1,1,0,1,1,1,1,1,1,1,3,3,1,2,37,1,1,1,30,1,1,6
6280,4.0,3.0,4.0,4.0,4.0,2.0,3.0,4.0,5.0,5.0,1.0,4.0,3.0,3.0,5.0,3.0,3.0,4.0,3.0,1.0,4,1,5,4,7,5,6,2,5,1,1,1,0,1,1,0,0,0,0,1,0,0,1,1,1,1,3,1,2,1,23,1,6,2,60,2,2,5
6281,1.0,1.0,1.0,4.0,2.0,1.0,4.0,1.0,5.0,5.0,1.0,4.0,1.0,1.0,3.0,5.0,1.0,2.0,5.0,2.0,3,6,7,5,3,1,5,2,3,1,1,1,0,1,1,0,0,0,0,1,0,0,1,1,1,1,3,2,1,1,35,2,2,1,60,1,2,2
6282,3.0,2.0,4.0,1.0,2.0,1.0,1.0,4.0,1.0,2.0,1.0,1.0,5.0,1.0,5.0,1.0,1.0,2.0,5.0,1.0,2,2,7,5,6,7,7,1,7,1,1,1,1,1,1,0,1,1,0,1,1,1,1,1,1,1,4,3,2,1,41,1,12,1,60,1,2,4
6283,5.0,5.0,1.0,4.0,5.0,1.0,4.0,5.0,5.0,1.0,2.0,5.0,4.0,5.0,3.0,1.0,3.0,3.0,5.0,1.0,7,3,6,1,7,2,6,2,6,1,1,1,0,1,1,0,1,1,0,1,0,0,1,1,1,1,3,3,2,2,23,1,8,1,10,1,1,2
6284,1.0,2.0,1.0,5.0,1.0,5.0,5.0,2.0,5.0,5.0,5.0,2.0,1.0,3.0,1.0,5.0,2.0,1.0,1.0,1.0,7,1,7,3,7,1,7,1,6,2,1,1,0,1,1,0,1,0,0,1,0,0,1,1,1,1,4,1,2,1,34,1,6,1,60,2,3,2
6285,3.0,2.0,4.0,2.0,5.0,1.0,1.0,1.0,3.0,1.0,3.0,4.0,1.0,2.0,3.0,1.0,1.0,4.0,5.0,1.0,2,5,6,1,6,6,6,5,7,1,1,1,0,1,1,0,1,1,0,1,0,0,1,1,1,1,4,3,2,2,23,1,2,1,70,2,1,1
6286,2.0,5.0,4.0,4.0,1.0,3.0,2.0,5.0,2.0,4.0,3.0,1.0,1.0,2.0,3.0,1.0,3.0,4.0,3.0,3.0,6,4,2,6,4,3,4,7,1,5,1,1,0,1,1,0,1,0,0,1,0,0,0,1,1,1,4,3,1,2,23,1,8,1,10,2,1,2
6287,2.0,2.0,4.0,4.0,2.0,4.0,2.0,3.0,5.0,5.0,3.0,2.0,3.0,2.0,2.0,4.0,2.0,4.0,4.0,3.0,4,5,6,4,3,6,5,2,5,4,1,1,0,1,1,0,0,0,0,1,0,0,1,1,1,1,3,2,1,1,27,1,12,1,60,1,1,3
6288,5.0,4.0,5.0,3.0,4.0,2.0,2.0,4.0,4.0,1.0,1.0,5.0,4.0,2.0,3.0,5.0,3.0,4.0,4.0,2.0,7,3,5,5,7,6,5,1,6,2,1,1,0,1,1,1,1,0,0,1,0,0,1,1,1,1,3,3,1,1,24,1,1,1,10,2,1,2
6289,4.0,1.0,2.0,2.0,4.0,2.0,1.0,5.0,4.0,3.0,1.0,5.0,4.0,1.0,5.0,2.0,3.0,4.0,4.0,3.0,1,5,7,6,6,7,2,1,7,1,1,1,0,1,1,0,0,0,0,1,1,0,1,1,1,1,2,3,1,2,31,1,1,1,60,2,1,1
6290,5.0,5.0,4.0,3.0,5.0,2.0,1.0,5.0,5.0,1.0,1.0,5.0,5.0,1.0,5.0,5.0,1.0,5.0,5.0,1.0,5,5,5,5,7,5,3,5,2,5,1,1,1,1,1,0,1,1,0,1,0,1,1,1,1,1,3,1,2,2,20,1,12,2,70,1,1,2
6291,5.0,4.0,1.0,3.0,4.0,2.0,2.0,5.0,2.0,1.0,1.0,5.0,4.0,1.0,2.0,1.0,1.0,5.0,5.0,4.0,2,6,3,7,7,5,2,2,2,3,1,1,0,1,1,0,0,0,0,1,1,0,1,1,1,1,3,2,1,1,46,2,2,2,60,2,3,1
6292,4.0,5.0,3.0,2.0,4.0,2.0,2.0,2.0,2.0,5.0,3.0,4.0,5.0,1.0,3.0,2.0,1.0,4.0,3.0,2.0,6,4,6,5,7,3,6,2,2,4,1,1,0,1,1,0,0,1,0,1,0,0,0,0,1,1,2,3,2,2,20,1,10,1,70,2,1,2
6293,5.0,2.0,2.0,2.0,4.0,3.0,2.0,2.0,4.0,2.0,1.0,4.0,5.0,3.0,4.0,2.0,2.0,4.0,5.0,1.0,2,4,7,4,7,5,6,2,6,3,1,1,0,0,1,0,0,0,0,1,0,0,0,1,1,1,3,2,2,1,25,1,12,3,70,2,1,3
6294,1.0,5.0,5.0,4.0,1.0,2.0,3.0,4.0,5.0,4.0,1.0,5.0,1.0,2.0,1.0,5.0,3.0,3.0,3.0,1.0,5,2,6,6,6,4,7,3,5,2,1,1,0,1,1,0,0,0,0,1,0,0,1,1,1,1,2,3,1,2,20,1,7,1,60,2,1,3
6295,2.0,2.0,1.0,5.0,1.0,4.0,1.0,1.0,5.0,4.0,1.0,1.0,2.0,2.0,3.0,5.0,1.0,2.0,5.0,1.0,3,5,1,5,7,5,3,5,3,1,1,1,1,1,1,0,1,1,0,1,1,0,1,1,1,1,4,2,2,1,63,1,2,1,60,1,2,3
6296,2.0,5.0,4.0,4.0,4.0,1.0,1.0,5.0,2.0,3.0,2.0,5.0,4.0,2.0,4.0,2.0,1.0,5.0,5.0,1.0,5,5,7,4,7,5,2,3,6,4,1,1,0,1,1,0,0,1,0,1,0,0,1,1,1,1,3,2,1,1,21,1,12,5,60,1,1,4
6297,4.0,5.0,2.0,4.0,5.0,1.0,1.0,5.0,4.0,1.0,1.0,5.0,4.0,1.0,5.0,1.0,1.0,5.0,5.0,3.0,2,6,3,5,5,5,4,4,3,3,1,1,0,1,1,0,0,1,0,1,1,0,1,1,1,1,3,3,1,2,19,1,1,3,60,2,1,2
6298,3.0,3.0,2.0,2.0,4.0,1.0,1.0,3.0,3.0,2.0,1.0,5.0,5.0,1.0,4.0,1.0,2.0,4.0,5.0,2.0,1,3,6,5,5,7,3,6,4,2,1,1,1,1,1,1,0,1,0,1,0,1,1,1,1,1,3,1,2,1,32,1,2,4,60,1,1,2
6299,2.0,2.0,2.0,4.0,3.0,2.0,2.0,1.0,5.0,2.0,2.0,1.0,4.0,2.0,4.0,1.0,1.0,2.0,5.0,1.0,6,2,6,4,7,2,6,5,3,3,1,1,1,1,1,0,0,0,0,1,0,0,1,1,1,1,4,3,1,1,34,1,2,3,60,1,1,2
6300,4.0,2.0,2.0,4.0,4.0,5.0,2.0,1.0,5.0,5.0,2.0,5.0,1.0,2.0,5.0,2.0,3.0,2.0,5.0,3.0,2,3,6,2,6,2,2,1,6,2,1,1,0,1,1,0,0,0,0,1,0,0,1,1,1,1,4,2,1,1,50,1,7,1,60,2,3,4
6301,1.0,1.0,1.0,3.0,1.0,1.0,1.0,5.0,2.0,2.0,1.0,4.0,2.0,2.0,1.0,1.0,2.0,1.0,1.0,1.0,7,6,4,5,6,2,5,2,5,3,1,1,0,1,1,0,0,1,0,1,0,0,1,1,1,1,4,2,1,1,29,1,6,1,10,2,1,3
6302,5.0,3.0,2.0,3.0,4.0,1.0,1.0,4.0,3.0,4.0,2.0,4.0,4.0,1.0,4.0,2.0,1.0,5.0,5.0,2.0,2,6,6,2,2,7,5,2,7,1,1,1,1,1,1,0,1,0,0,1,1,0,1,1,1,1,3,1,1,1,53,1,12,3,60,1,1,1
6303,2.0,1.0,3.0,3.0,2.0,4.0,3.0,1.0,5.0,5.0,1.0,1.0,1.0,2.0,1.0,3.0,2.0,5.0,5.0,1.0,2,2,6,2,5,5,6,1,5,3,1,1,0,1,1,0,0,1,0,1,0,0,1,1,1,1,4,1,1,1,31,1,1,1,60,1,2,4
6304,4.0,4.0,3.0,3.0,4.0,3.0,2.0,4.0,5.0,2.0,1.0,4.0,2.0,2.0,4.0,2.0,2.0,2.0,2.0,1.0,6,2,5,3,6,4,5,3,7,2,1,1,1,1,1,0,1,0,0,1,0,0,1,1,1,1,3,2,2,1,41,1,6,1,60,1,2,3
6305,1.0,3.0,3.0,3.0,3.0,3.0,3.0,3.0,3.0,3.0,5.0,3.0,3.0,3.0,2.0,3.0,3.0,3.0,3.0,3.0,6,5,6,6,6,7,6,6,6,6,1,1,1,1,0,0,1,0,0,1,0,0,1,1,1,1,4,3,1,2,36,1,4,1,70,1,2,12
6306,1.0,1.0,2.0,3.0,2.0,4.0,2.0,3.0,5.0,5.0,2.0,2.0,1.0,1.0,1.0,3.0,2.0,1.0,4.0,1.0,2,6,7,5,6,6,5,5,3,1,1,1,1,1,1,0,1,1,0,1,1,0,1,1,1,1,3,2,1,1,43,1,1,1,60,1,2,3
6307,5.0,1.0,5.0,1.0,5.0,1.0,1.0,4.0,2.0,2.0,2.0,5.0,2.0,1.0,3.0,5.0,2.0,5.0,5.0,2.0,2,7,4,7,6,6,5,4,5,4,1,1,0,1,1,1,0,0,0,1,0,1,1,1,1,1,3,2,1,1,34,1,1,1,60,1,2,3
6308,2.0,3.0,4.0,3.0,4.0,4.0,1.0,2.0,5.0,3.0,1.0,4.0,4.0,3.0,4.0,5.0,1.0,1.0,5.0,1.0,1,1,1,2,5,5,6,3,6,2,1,1,1,1,1,0,0,0,0,1,0,0,1,1,1,1,3,2,2,1,28,1,2,1,60,1,1,2
6309,1.0,4.0,1.0,5.0,4.0,1.0,1.0,4.0,2.0,4.0,2.0,2.0,5.0,1.0,4.0,5.0,3.0,4.0,4.0,5.0,6,2,7,1,7,2,7,4,7,2,1,1,1,1,1,0,1,0,0,1,0,0,1,1,1,1,2,2,1,2,21,1,4,1,10,2,1,2
6310,5.0,5.0,2.0,1.0,3.0,1.0,1.0,4.0,2.0,1.0,1.0,5.0,3.0,1.0,5.0,1.0,2.0,5.0,5.0,2.0,3,6,6,6,7,4,6,7,7,1,1,1,0,1,1,0,0,1,0,1,0,0,1,1,1,1,3,3,2,2,25,1,1,1,10,1,1,2
6311,4.0,4.0,1.0,1.0,5.0,1.0,4.0,5.0,2.0,1.0,1.0,5.0,5.0,1.0,5.0,1.0,1.0,5.0,5.0,2.0,7,7,6,1,7,1,1,5,7,1,1,1,1,1,1,1,0,1,1,1,0,0,0,1,1,1,3,1,1,1,25,1,1,1,60,1,1,2
6312,2.0,2.0,2.0,2.0,4.0,2.0,1.0,2.0,4.0,3.0,1.0,5.0,1.0,1.0,2.0,1.0,2.0,4.0,5.0,3.0,6,6,3,5,7,5,6,5,3,2,1,1,0,1,1,0,0,1,0,1,0,0,0,1,1,1,2,3,2,2,20,1,2,1,60,1,1,2
6313,4.0,4.0,2.0,3.0,4.0,1.0,1.0,3.0,3.0,2.0,1.0,3.0,4.0,2.0,4.0,2.0,1.0,4.0,5.0,3.0,1,7,6,6,5,7,5,5,3,2,1,1,1,1,1,0,0,0,0,1,0,0,1,1,1,1,2,1,2,2,25,1,2,5,70,1,3,4
6314,5.0,5.0,1.0,1.0,5.0,3.0,1.0,1.0,1.0,3.0,1.0,5.0,5.0,2.0,5.0,5.0,1.0,5.0,5.0,4.0,7,1,7,7,7,1,6,2,1,1,1,1,1,1,1,1,1,1,1,1,1,1,1,1,1,1,4,3,1,2,19,2,4,2,60,2,1,1
6315,1.0,1.0,5.0,5.0,1.0,5.0,4.0,1.0,5.0,5.0,5.0,4.0,1.0,5.0,1.0,5.0,5.0,1.0,5.0,1.0,7,7,7,7,7,3,3,7,1,1,0,0,0,0,0,0,0,0,0,0,0,0,0,0,0,0,3,3,1,1,27,1,2,3,60,2,1,3
6316,4.0,3.0,3.0,2.0,4.0,2.0,2.0,4.0,3.0,4.0,2.0,4.0,2.0,3.0,4.0,2.0,2.0,3.0,5.0,3.0,4,5,5,5,7,7,4,5,6,3,1,1,1,1,1,0,0,1,0,1,0,0,1,1,1,1,3,3,3,2,24,1,12,5,70,1,1,3
6317,4.0,1.0,5.0,4.0,1.0,5.0,5.0,1.0,5.0,5.0,3.0,2.0,1.0,2.0,1.0,4.0,1.0,2.0,3.0,1.0,5,6,6,2,6,6,6,3,6,3,1,1,0,0,1,0,0,0,0,1,0,0,0,1,1,1,4,3,1,2,29,1,7,1,70,2,1,2
6318,5.0,5.0,1.0,1.0,5.0,3.0,1.0,5.0,1.0,1.0,1.0,5.0,5.0,1.0,3.0,1.0,1.0,5.0,5.0,5.0,4,7,7,1,6,7,4,1,7,1,1,0,0,1,1,0,0,0,0,1,0,0,0,1,1,1,1,3,1,2,17,3,10,1,10,1,1,4
6319,1.0,1.0,5.0,5.0,2.0,4.0,4.0,3.0,5.0,3.0,2.0,1.0,1.0,3.0,3.0,4.0,3.0,5.0,3.0,1.0,6,5,6,4,6,1,6,2,2,2,1,1,0,1,1,0,0,0,0,1,1,0,0,1,1,1,3,2,2,1,31,1,4,1,60,2,2,4
6320,4.0,5.0,1.0,1.0,5.0,1.0,2.0,5.0,2.0,2.0,2.0,5.0,2.0,3.0,5.0,2.0,2.0,2.0,5.0,3.0,2,6,4,5,5,5,5,4,4,5,1,1,0,1,1,0,0,0,0,1,0,0,1,1,1,1,2,3,1,2,18,1,10,1,10,2,1,2
6321,3.0,5.0,1.0,2.0,2.0,1.0,1.0,2.0,5.0,2.0,2.0,4.0,4.0,1.0,3.0,1.0,4.0,2.0,4.0,1.0,3,1,6,2,6,7,7,5,6,3,1,1,0,1,1,0,1,1,0,1,0,0,1,1,1,1,3,3,1,2,22,1,1,1,10,2,1,2
6322,4.0,3.0,1.0,4.0,4.0,4.0,1.0,4.0,5.0,4.0,1.0,4.0,1.0,1.0,3.0,4.0,1.0,4.0,5.0,2.0,2,5,2,7,5,7,7,2,2,2,1,1,1,1,1,0,0,0,0,1,0,0,1,1,1,1,4,3,1,2,25,1,1,2,60,1,1,1
6323,5.0,5.0,2.0,1.0,4.0,1.0,2.0,2.0,1.0,3.0,1.0,4.0,1.0,1.0,5.0,3.0,3.0,5.0,5.0,3.0,4,6,3,4,4,2,6,3,6,1,0,1,0,0,0,0,0,1,0,1,0,1,0,1,1,1,3,2,2,2,26,1,7,1,60,1,1,3
6324,4.0,2.0,4.0,2.0,4.0,4.0,1.0,3.0,5.0,3.0,2.0,1.0,2.0,1.0,5.0,3.0,1.0,4.0,5.0,1.0,5,6,6,1,6,1,6,5,7,2,1,1,0,1,1,0,0,0,0,1,0,0,0,1,1,1,2,2,1,2,23,1,2,1,60,1,1,2
6325,4.0,3.0,5.0,2.0,4.0,4.0,2.0,5.0,4.0,5.0,2.0,5.0,5.0,2.0,3.0,2.0,1.0,5.0,5.0,2.0,6,6,7,5,7,2,7,1,6,1,1,1,0,1,1,1,0,0,0,1,1,1,1,1,1,1,3,2,2,1,49,1,7,1,60,2,3,5
6326,4.0,3.0,5.0,4.0,5.0,3.0,5.0,3.0,2.0,3.0,3.0,3.0,3.0,1.0,3.0,1.0,5.0,1.0,2.0,2.0,5,5,7,5,7,6,5,1,7,1,1,1,1,1,1,1,0,1,0,1,0,0,1,1,1,1,3,1,1,1,36,1,4,1,70,2,1,4
6327,1.0,3.0,3.0,3.0,2.0,4.0,2.0,3.0,4.0,3.0,2.0,1.0,1.0,2.0,4.0,5.0,2.0,3.0,4.0,1.0,5,6,7,1,5,2,5,3,7,4,1,1,0,1,1,0,0,1,0,1,1,0,1,1,1,1,4,3,1,2,37,1,6,1,50,1,1,2
6328,1.0,4.0,1.0,4.0,3.0,1.0,1.0,4.0,4.0,3.0,1.0,5.0,4.0,1.0,5.0,2.0,2.0,5.0,5.0,2.0,2,5,7,5,6,5,3,1,4,1,1,1,1,1,1,0,0,0,1,1,0,0,1,1,1,1,3,1,2,1,33,1,1,1,60,1,1,2
6329,1.0,1.0,5.0,5.0,2.0,3.0,2.0,1.0,5.0,4.0,1.0,1.0,4.0,1.0,4.0,1.0,4.0,5.0,4.0,1.0,3,7,2,7,6,3,5,6,2,2,1,1,1,1,1,0,1,0,0,1,1,0,1,1,1,1,3,3,2,1,46,1,1,2,60,1,1,1
6330,1.0,1.0,2.0,5.0,1.0,2.0,2.0,1.0,5.0,4.0,1.0,1.0,2.0,4.0,1.0,2.0,2.0,1.0,1.0,1.0,6,4,7,2,6,7,7,2,6,2,1,1,1,1,1,0,1,0,0,1,1,1,1,1,1,1,4,2,2,1,55,1,2,1,60,1,2,3
6331,5.0,5.0,2.0,2.0,4.0,2.0,5.0,1.0,4.0,2.0,1.0,5.0,1.0,2.0,4.0,2.0,4.0,5.0,5.0,1.0,2,1,5,5,5,6,6,2,6,5,1,1,0,1,1,0,1,0,0,1,0,0,1,1,1,1,4,2,1,2,29,1,8,1,10,1,1,2
6332,4.0,4.0,4.0,5.0,4.0,5.0,3.0,4.0,5.0,4.0,3.0,3.0,4.0,5.0,3.0,5.0,3.0,4.0,5.0,1.0,6,5,6,5,6,3,6,2,6,2,0,0,0,0,0,0,0,0,0,0,0,0,0,0,0,1,4,3,2,2,35,1,3,1,10,1,1,4
6333,5.0,3.0,1.0,1.0,5.0,1.0,1.0,5.0,4.0,2.0,1.0,5.0,4.0,1.0,4.0,1.0,1.0,5.0,5.0,1.0,1,6,3,1,7,3,1,2,3,3,1,1,1,1,1,0,1,0,0,1,1,0,1,1,1,1,3,2,1,1,47,1,2,1,70,2,1,1
6334,5.0,5.0,2.0,1.0,4.0,2.0,2.0,4.0,5.0,1.0,1.0,5.0,1.0,4.0,4.0,1.0,3.0,4.0,3.0,1.0,5,6,6,6,5,7,6,1,5,5,1,1,1,1,1,0,1,0,0,1,0,0,0,1,1,1,4,3,2,2,28,1,8,1,10,2,1,2
6335,1.0,1.0,4.0,5.0,1.0,5.0,2.0,1.0,5.0,3.0,2.0,1.0,1.0,2.0,1.0,4.0,3.0,1.0,5.0,1.0,2,2,4,7,6,7,6,3,3,3,1,1,0,1,1,0,0,1,0,1,0,0,1,1,1,1,2,3,2,2,20,1,2,1,60,2,1,2
6336,4.0,4.0,4.0,3.0,4.0,2.0,3.0,1.0,4.0,5.0,3.0,4.0,1.0,2.0,3.0,3.0,2.0,4.0,5.0,2.0,2,6,4,5,6,4,5,6,3,2,1,1,0,1,1,1,0,1,0,1,1,0,1,1,1,1,4,3,2,2,27,1,2,1,60,1,1,1
6337,5.0,4.0,3.0,1.0,4.0,2.0,1.0,4.0,4.0,2.0,1.0,4.0,4.0,2.0,4.0,1.0,1.0,4.0,5.0,3.0,5,5,4,3,7,5,3,5,4,2,1,1,1,1,1,0,1,1,0,1,1,1,1,1,1,1,4,1,2,1,32,1,1,4,60,1,1,2
6338,3.0,5.0,2.0,2.0,4.0,2.0,1.0,2.0,2.0,2.0,1.0,5.0,2.0,2.0,5.0,2.0,5.0,2.0,4.0,1.0,3,6,2,5,7,3,6,6,2,1,1,1,1,1,1,0,1,1,0,1,1,0,1,1,1,1,4,3,2,1,32,1,2,1,60,2,1,1
6339,4.0,5.0,2.0,3.0,5.0,2.0,1.0,5.0,4.0,2.0,1.0,5.0,5.0,2.0,4.0,5.0,1.0,4.0,5.0,1.0,2,4,6,7,4,6,4,4,6,5,1,1,0,1,1,0,0,1,0,1,0,0,1,1,1,1,4,3,1,2,24,1,10,1,70,2,1,2
6340,3.0,4.0,2.0,4.0,5.0,5.0,1.0,3.0,5.0,5.0,2.0,4.0,3.0,2.0,4.0,4.0,2.0,5.0,4.0,4.0,5,5,6,5,4,4,5,2,6,2,1,1,0,1,1,1,0,0,0,1,0,0,1,1,1,1,3,2,1,2,29,1,4,1,70,1,2,2
6341,2.0,2.0,4.0,5.0,4.0,4.0,2.0,2.0,5.0,4.0,4.0,4.0,2.0,3.0,4.0,4.0,3.0,4.0,5.0,1.0,5,2,3,2,6,5,6,6,6,2,1,1,0,1,1,0,0,0,0,1,0,0,0,1,1,1,3,2,2,1,25,1,1,1,60,2,1,1
6342,5.0,5.0,3.0,1.0,5.0,1.0,1.0,5.0,4.0,2.0,1.0,5.0,5.0,1.0,5.0,1.0,1.0,5.0,3.0,5.0,1,6,4,6,2,7,1,1,4,2,0,1,0,1,1,0,1,0,0,1,0,0,1,1,1,0,4,3,1,2,19,3,0,4,50,2,1,3
6343,4.0,4.0,5.0,2.0,4.0,2.0,1.0,4.0,5.0,1.0,1.0,4.0,2.0,1.0,5.0,2.0,3.0,5.0,5.0,5.0,5,7,3,7,5,5,2,6,1,2,1,1,0,1,1,0,0,1,0,1,0,0,0,1,1,1,3,3,2,2,27,1,1,1,60,2,1,2
6344,4.0,5.0,1.0,1.0,5.0,1.0,1.0,4.0,2.0,1.0,1.0,1.0,4.0,1.0,4.0,1.0,1.0,4.0,5.0,2.0,7,7,2,5,6,1,7,3,1,1,1,1,1,1,1,0,0,1,0,1,1,1,1,1,1,1,3,2,2,2,31,1,12,2,60,1,2,2
6345,4.0,5.0,2.0,2.0,5.0,2.0,2.0,5.0,2.0,2.0,1.0,5.0,4.0,1.0,4.0,1.0,1.0,5.0,5.0,3.0,3,3,6,1,7,2,6,1,6,2,1,1,0,1,1,0,1,0,0,1,0,0,1,1,1,1,4,3,1,2,24,1,12,1,70,2,1,2
6346,5.0,5.0,2.0,1.0,4.0,1.0,1.0,5.0,3.0,4.0,2.0,4.0,3.0,1.0,4.0,1.0,1.0,3.0,5.0,3.0,4,5,7,2,7,7,6,5,6,1,1,1,1,1,1,1,1,1,0,1,0,0,1,1,1,1,0,1,1,1,41,2,2,3,60,1,3,2
6347,4.0,5.0,2.0,1.0,4.0,1.0,2.0,4.0,5.0,4.0,1.0,5.0,5.0,1.0,5.0,5.0,1.0,5.0,5.0,4.0,6,6,0,2,5,7,5,7,7,2,1,1,0,1,0,0,0,0,0,1,0,0,1,1,1,1,2,1,1,2,23,1,2,1,70,1,1,1
6348,5.0,5.0,3.0,2.0,5.0,3.0,2.0,4.0,5.0,5.0,1.0,5.0,5.0,3.0,5.0,2.0,3.0,5.0,5.0,2.0,1,6,5,6,5,7,4,5,4,1,1,1,1,0,1,0,0,0,0,1,1,0,1,1,1,1,2,3,1,2,26,1,2,5,60,1,1,0
6349,1.0,1.0,5.0,3.0,3.0,2.0,2.0,1.0,5.0,5.0,2.0,5.0,1.0,2.0,3.0,2.0,5.0,4.0,5.0,2.0,7,7,7,1,7,6,7,7,7,1,1,1,1,1,1,0,0,1,0,1,1,0,1,1,1,1,4,3,2,2,27,1,1,5,60,1,1,2
6350,5.0,4.0,2.0,1.0,5.0,2.0,1.0,2.0,5.0,2.0,1.0,5.0,5.0,1.0,5.0,1.0,1.0,5.0,5.0,1.0,6,5,7,2,6,7,6,1,7,1,1,1,0,1,1,0,0,0,0,1,0,0,0,1,1,1,3,3,3,2,30,1,7,4,60,2,1,1
6351,3.0,3.0,3.0,2.0,5.0,3.0,4.0,3.0,5.0,3.0,2.0,2.0,3.0,4.0,5.0,3.0,5.0,5.0,4.0,2.0,5,4,6,2,5,6,6,2,6,2,1,1,1,1,1,0,1,1,1,1,0,0,1,1,1,1,3,1,2,2,24,1,1,1,60,1,1,3
6352,4.0,4.0,2.0,3.0,4.0,3.0,2.0,3.0,3.0,4.0,2.0,4.0,4.0,2.0,5.0,3.0,2.0,5.0,5.0,3.0,3,5,5,2,5,6,5,2,6,4,0,0,0,0,0,0,0,0,0,0,0,0,0,1,0,0,2,2,1,2,23,1,2,1,60,1,1,2
6353,5.0,4.0,1.0,3.0,5.0,1.0,1.0,1.0,1.0,1.0,1.0,5.0,1.0,1.0,5.0,1.0,1.0,1.0,5.0,1.0,6,1,6,2,7,5,1,5,7,6,1,1,1,1,1,0,0,1,0,1,0,0,1,1,1,1,3,3,1,1,26,1,2,1,30,1,1,2
6354,4.0,5.0,3.0,1.0,5.0,1.0,1.0,5.0,2.0,1.0,1.0,5.0,5.0,1.0,5.0,2.0,1.0,5.0,5.0,5.0,1,2,7,4,6,7,1,1,6,2,1,1,1,1,1,0,1,1,0,1,1,1,1,1,1,1,4,1,1,1,44,1,2,1,10,1,1,2
6355,3.0,4.0,1.0,1.0,3.0,1.0,1.0,1.0,5.0,5.0,1.0,5.0,5.0,1.0,3.0,5.0,1.0,5.0,5.0,1.0,2,7,6,7,7,6,2,6,5,1,1,1,0,1,1,0,0,0,0,1,0,0,1,1,1,1,2,2,1,2,21,1,12,1,60,1,1,2
6356,2.0,1.0,4.0,4.0,3.0,4.0,4.0,2.0,5.0,2.0,1.0,5.0,1.0,2.0,4.0,2.0,2.0,3.0,5.0,2.0,6,3,6,2,6,3,5,2,6,3,1,1,0,1,1,0,1,1,0,1,0,0,1,1,1,1,4,3,1,2,55,1,2,1,60,1,2,6
6357,4.0,3.0,3.0,2.0,5.0,1.0,2.0,2.0,2.0,4.0,1.0,5.0,4.0,1.0,4.0,3.0,1.0,4.0,5.0,5.0,2,6,1,7,4,5,3,6,2,1,1,1,0,1,1,0,0,0,0,1,0,0,1,1,1,1,2,2,1,1,22,2,2,2,60,2,1,3
6358,1.0,1.0,4.0,5.0,1.0,4.0,5.0,3.0,5.0,5.0,5.0,1.0,1.0,4.0,5.0,5.0,5.0,1.0,1.0,1.0,3,1,4,1,2,6,7,3,7,1,1,1,0,1,1,0,0,0,0,1,1,0,1,1,1,1,2,1,2,1,18,2,6,1,60,2,1,1
6359,5.0,4.0,3.0,1.0,5.0,1.0,1.0,1.0,2.0,1.0,1.0,5.0,5.0,1.0,3.0,1.0,4.0,2.0,2.0,1.0,6,1,6,2,6,1,6,5,6,3,1,1,0,1,1,0,0,0,0,1,1,0,0,1,1,1,2,1,2,1,19,1,4,1,30,2,1,2
6360,4.0,5.0,5.0,5.0,5.0,5.0,5.0,5.0,5.0,5.0,5.0,4.0,5.0,1.0,3.0,1.0,1.0,5.0,5.0,5.0,7,7,4,1,7,1,7,6,2,2,1,1,1,1,1,0,0,1,0,1,0,0,1,1,1,1,3,1,1,2,25,1,2,1,60,1,1,2
6361,5.0,5.0,5.0,1.0,5.0,1.0,1.0,5.0,3.0,2.0,1.0,5.0,4.0,1.0,5.0,1.0,4.0,2.0,5.0,3.0,3,2,7,7,6,6,2,1,5,1,1,1,0,1,1,0,0,0,0,1,0,0,1,1,1,1,3,2,1,1,21,1,7,1,30,1,1,1
6362,1.0,1.0,5.0,5.0,1.0,5.0,5.0,1.0,5.0,5.0,4.0,1.0,1.0,5.0,3.0,5.0,4.0,1.0,5.0,2.0,5,3,5,1,7,5,7,5,6,1,1,1,1,1,1,0,1,1,1,1,1,0,1,1,1,1,3,3,1,1,47,1,4,1,60,1,2,10
6363,1.0,1.0,5.0,3.0,3.0,2.0,1.0,1.0,5.0,2.0,1.0,3.0,1.0,1.0,1.0,3.0,1.0,1.0,5.0,1.0,4,7,7,4,5,3,4,5,3,2,1,1,0,1,1,0,0,1,0,1,0,0,1,1,1,1,4,3,1,2,32,1,2,1,60,1,1,3
6364,1.0,1.0,3.0,4.0,2.0,4.0,1.0,1.0,5.0,5.0,1.0,1.0,1.0,1.0,1.0,5.0,1.0,1.0,5.0,1.0,6,4,3,2,7,4,7,4,6,1,1,1,1,1,1,0,0,1,0,1,0,0,1,1,1,1,3,1,2,1,32,3,12,1,70,1,1,2
6365,1.0,4.0,5.0,4.0,4.0,4.0,1.0,1.0,5.0,4.0,1.0,1.0,1.0,2.0,4.0,4.0,1.0,2.0,5.0,1.0,5,6,7,4,6,6,6,3,7,6,1,1,0,1,1,0,0,0,0,1,0,0,0,1,1,1,3,1,1,1,32,2,2,2,60,2,1,3
6366,3.0,2.0,3.0,2.0,2.0,3.0,3.0,5.0,4.0,5.0,2.0,4.0,5.0,2.0,2.0,2.0,4.0,4.0,5.0,4.0,2,6,5,4,4,7,3,7,5,1,1,1,0,1,1,0,1,0,0,1,0,0,1,1,1,1,2,3,2,2,21,1,1,1,70,2,1,2
6367,2.0,4.0,2.0,4.0,4.0,2.0,1.0,1.0,4.0,2.0,1.0,5.0,2.0,3.0,3.0,3.0,2.0,4.0,4.0,1.0,6,3,2,5,6,4,6,6,3,1,1,1,1,1,1,0,1,1,0,1,1,1,1,1,1,1,4,3,1,1,29,1,12,3,60,1,1,2
6368,5.0,1.0,5.0,1.0,5.0,1.0,1.0,5.0,5.0,1.0,1.0,5.0,4.0,1.0,1.0,1.0,1.0,1.0,1.0,5.0,5,6,5,7,1,7,7,1,1,2,1,1,0,1,1,0,0,0,0,1,0,0,1,1,1,1,4,1,2,1,25,1,6,4,30,1,1,5
6369,1.0,5.0,2.0,1.0,2.0,4.0,4.0,1.0,5.0,5.0,1.0,2.0,1.0,2.0,3.0,3.0,1.0,1.0,5.0,1.0,2,2,6,6,5,6,6,5,5,1,1,1,1,1,1,0,0,0,0,1,0,0,1,1,1,1,3,3,1,2,27,1,4,1,60,2,1,4
6370,3.0,4.0,2.0,3.0,3.0,1.0,2.0,1.0,5.0,5.0,1.0,4.0,2.0,2.0,5.0,2.0,2.0,4.0,4.0,1.0,2,5,7,5,3,7,7,1,3,5,1,1,0,1,1,0,1,0,0,1,0,1,1,1,1,1,3,2,1,1,49,1,2,1,60,2,1,3
6371,5.0,2.0,1.0,1.0,5.0,2.0,1.0,2.0,3.0,1.0,1.0,5.0,3.0,1.0,4.0,5.0,1.0,4.0,5.0,1.0,5,5,6,2,7,5,3,2,2,1,1,1,1,1,1,0,0,1,0,1,0,0,1,1,1,1,3,1,2,1,25,1,8,1,70,1,1,3
6372,1.0,4.0,5.0,5.0,1.0,5.0,1.0,4.0,5.0,2.0,5.0,5.0,1.0,1.0,2.0,3.0,5.0,5.0,5.0,5.0,2,6,1,1,7,7,5,7,7,1,1,1,0,1,1,0,0,0,0,1,0,0,1,1,1,1,2,3,1,1,25,1,7,1,30,2,1,3
6373,5.0,3.0,3.0,3.0,3.0,1.0,1.0,4.0,1.0,2.0,2.0,5.0,1.0,1.0,4.0,1.0,3.0,5.0,4.0,4.0,2,6,2,6,3,7,4,5,6,4,1,1,0,1,1,1,0,0,0,1,0,0,0,1,1,1,4,3,1,2,27,1,1,2,70,1,1,2
6374,5.0,2.0,4.0,1.0,5.0,5.0,5.0,5.0,5.0,5.0,3.0,5.0,4.0,1.0,4.0,4.0,3.0,1.0,5.0,5.0,6,7,7,5,7,5,7,4,5,1,1,1,0,0,1,0,0,1,0,1,0,0,0,0,0,1,3,3,2,2,36,1,6,1,10,1,1,1
6375,2.0,2.0,4.0,5.0,2.0,2.0,2.0,5.0,5.0,2.0,1.0,4.0,1.0,2.0,5.0,4.0,1.0,3.0,5.0,1.0,7,2,7,5,6,1,6,1,6,1,1,1,1,1,1,0,0,1,1,1,0,0,1,1,1,1,3,2,2,1,29,1,4,1,60,1,2,2
6376,5.0,5.0,2.0,1.0,5.0,1.0,1.0,1.0,2.0,1.0,1.0,5.0,5.0,4.0,5.0,4.0,1.0,5.0,5.0,3.0,5,7,2,1,5,3,4,6,5,1,1,1,0,1,1,0,0,0,0,1,0,1,1,1,1,1,3,2,1,2,21,1,2,1,60,1,1,1
6377,2.0,5.0,1.0,2.0,1.0,2.0,1.0,1.0,4.0,4.0,2.0,2.0,2.0,1.0,4.0,4.0,2.0,4.0,4.0,4.0,1,2,7,3,3,7,6,1,6,6,1,1,1,1,1,0,0,1,0,1,0,1,1,1,1,1,3,2,2,1,48,1,4,1,10,2,2,2
6378,3.0,3.0,4.0,3.0,4.0,2.0,1.0,2.0,5.0,5.0,1.0,4.0,3.0,1.0,5.0,1.0,1.0,4.0,5.0,1.0,5,1,5,7,6,6,7,2,6,4,1,1,1,1,1,0,0,1,0,1,0,0,1,1,1,1,2,3,2,1,22,1,1,2,60,1,1,4
6379,4.0,4.0,3.0,4.0,4.0,2.0,2.0,2.0,3.0,2.0,2.0,5.0,1.0,1.0,4.0,2.0,1.0,2.0,4.0,1.0,4,5,5,2,5,5,5,4,7,5,1,1,1,1,1,0,0,1,0,1,0,0,1,1,1,1,3,2,1,1,43,1,1,1,60,2,2,2
6380,1.0,3.0,4.0,2.0,2.0,4.0,1.0,5.0,5.0,4.0,1.0,1.0,1.0,2.0,4.0,4.0,1.0,1.0,5.0,1.0,4,7,7,1,7,6,2,1,7,1,1,1,0,1,1,0,0,1,0,1,0,0,1,1,1,1,3,2,1,1,25,1,2,1,60,2,1,3
6381,4.0,4.0,3.0,3.0,5.0,3.0,3.0,5.0,4.0,3.0,5.0,5.0,2.0,2.0,3.0,5.0,3.0,3.0,5.0,5.0,3,3,3,5,4,6,4,5,4,3,1,1,0,1,1,0,0,1,0,1,1,0,1,1,1,1,3,2,1,1,33,2,1,1,60,1,1,5
6382,5.0,5.0,1.0,1.0,5.0,1.0,1.0,5.0,1.0,1.0,1.0,5.0,5.0,1.0,5.0,1.0,1.0,5.0,5.0,1.0,4,6,6,5,6,2,4,3,6,4,1,1,0,1,1,0,0,0,0,1,0,0,0,1,1,1,3,2,1,2,49,2,4,1,60,2,2,3
6383,5.0,4.0,1.0,1.0,4.0,1.0,1.0,4.0,3.0,1.0,1.0,4.0,4.0,1.0,4.0,2.0,1.0,4.0,5.0,3.0,4,6,5,2,3,4,4,2,4,5,1,1,1,1,1,0,0,0,0,1,0,1,1,1,1,1,3,2,1,2,28,1,6,1,60,1,2,2
6384,3.0,2.0,3.0,4.0,4.0,3.0,1.0,4.0,5.0,4.0,2.0,5.0,1.0,3.0,1.0,5.0,3.0,5.0,4.0,1.0,5,5,5,5,5,6,5,1,4,1,1,1,0,1,1,0,0,0,0,1,0,0,0,1,1,1,2,1,1,2,20,1,3,2,10,2,1,2
6385,5.0,1.0,2.0,4.0,5.0,1.0,1.0,1.0,4.0,1.0,1.0,5.0,2.0,1.0,2.0,1.0,2.0,5.0,1.0,4.0,7,7,2,1,6,1,6,7,3,1,1,1,0,1,1,0,0,1,0,1,0,0,1,0,1,1,3,3,1,2,25,1,10,2,10,1,1,4
6386,2.0,4.0,4.0,4.0,5.0,3.0,2.0,4.0,5.0,3.0,2.0,2.0,4.0,5.0,3.0,3.0,2.0,4.0,4.0,1.0,5,3,3,5,7,7,6,5,5,3,1,1,1,1,1,0,1,1,0,1,1,1,1,1,1,1,3,2,3,1,34,1,1,5,60,1,1,2
6387,5.0,4.0,1.0,1.0,5.0,1.0,1.0,4.0,1.0,1.0,1.0,5.0,2.0,1.0,4.0,1.0,1.0,1.0,5.0,4.0,6,7,3,5,7,5,4,5,3,1,1,1,0,1,1,1,0,1,0,1,0,0,1,1,1,1,3,1,1,1,24,3,12,1,60,1,1,5
6388,5.0,1.0,3.0,3.0,3.0,3.0,3.0,4.0,5.0,3.0,4.0,5.0,3.0,3.0,2.0,3.0,1.0,3.0,5.0,1.0,7,1,7,5,7,5,4,1,4,1,1,1,0,1,1,1,0,0,1,1,0,0,1,1,1,1,2,3,2,1,40,1,12,2,30,2,3,4
6389,1.0,4.0,2.0,3.0,3.0,3.0,2.0,2.0,5.0,2.0,1.0,4.0,1.0,3.0,1.0,5.0,2.0,2.0,1.0,1.0,3,2,6,5,6,5,4,5,5,1,1,1,0,1,1,0,0,0,0,1,0,0,0,1,1,1,2,3,2,1,23,1,4,1,10,2,1,2
6390,1.0,3.0,3.0,2.0,2.0,2.0,1.0,2.0,3.0,3.0,1.0,5.0,1.0,1.0,4.0,5.0,1.0,5.0,5.0,1.0,2,5,6,1,6,6,6,4,5,5,1,1,1,1,1,0,1,0,0,1,1,0,1,1,1,1,2,2,1,1,38,1,7,1,30,1,1,3
6391,1.0,2.0,4.0,5.0,1.0,4.0,3.0,1.0,5.0,4.0,3.0,2.0,1.0,4.0,2.0,4.0,4.0,2.0,5.0,1.0,6,6,5,7,6,2,7,2,2,2,1,1,0,1,1,0,0,1,0,1,0,0,0,1,1,1,2,2,2,2,21,1,2,2,60,1,1,3
6392,1.0,1.0,4.0,5.0,1.0,4.0,4.0,1.0,5.0,5.0,3.0,1.0,1.0,3.0,1.0,1.0,4.0,1.0,1.0,1.0,6,1,6,6,6,4,7,1,2,2,1,1,1,1,1,0,0,1,0,1,0,0,0,1,1,1,3,3,2,2,49,1,4,1,60,0,2,2
6393,1.0,2.0,3.0,3.0,2.0,2.0,1.0,1.0,5.0,5.0,2.0,3.0,1.0,2.0,1.0,3.0,2.0,1.0,4.0,1.0,5,3,6,3,5,5,3,2,5,2,1,1,0,1,1,0,0,0,0,1,0,0,1,1,1,1,3,3,2,1,40,1,7,1,10,2,2,3
6394,5.0,5.0,1.0,1.0,5.0,1.0,1.0,4.0,5.0,1.0,1.0,5.0,5.0,1.0,4.0,5.0,1.0,4.0,5.0,1.0,7,7,5,1,7,1,4,1,6,1,1,1,1,1,1,0,0,0,0,1,0,0,0,1,1,1,2,3,2,2,20,1,2,1,60,1,1,2
6395,4.0,1.0,4.0,4.0,4.0,5.0,2.0,4.0,4.0,4.0,5.0,5.0,4.0,2.0,4.0,5.0,2.0,1.0,4.0,1.0,2,4,6,3,7,2,4,3,7,3,1,0,0,1,1,0,0,0,0,1,0,0,0,0,1,1,3,2,1,1,26,1,4,1,70,2,2,2
6396,5.0,3.0,1.0,3.0,5.0,1.0,1.0,4.0,2.0,2.0,1.0,2.0,3.0,1.0,2.0,2.0,1.0,3.0,5.0,3.0,1,3,5,2,7,7,6,4,5,1,1,1,1,1,1,0,0,1,0,1,0,0,1,1,1,1,4,3,1,2,34,1,1,1,60,1,1,3
6397,3.0,4.0,5.0,1.0,4.0,5.0,2.0,4.0,5.0,3.0,1.0,4.0,4.0,3.0,3.0,1.0,1.0,3.0,5.0,1.0,3,6,4,7,6,5,6,2,3,1,1,0,0,1,1,0,0,0,0,1,1,0,0,1,0,1,4,3,2,2,30,1,12,2,60,1,2,0
6398,5.0,5.0,1.0,1.0,5.0,3.0,1.0,3.0,2.0,1.0,1.0,5.0,5.0,2.0,3.0,3.0,1.0,3.0,5.0,1.0,6,5,6,2,7,6,5,4,6,1,1,1,0,1,1,0,0,0,0,1,0,0,1,1,1,1,3,2,2,2,20,1,2,1,10,1,1,4
6399,2.0,2.0,5.0,3.0,1.0,5.0,2.0,2.0,5.0,5.0,1.0,5.0,1.0,1.0,2.0,2.0,1.0,4.0,5.0,2.0,5,2,6,3,6,1,7,2,7,6,1,1,0,1,1,0,0,0,0,1,0,0,1,1,1,1,3,3,1,2,36,1,1,1,60,1,3,3
6400,3.0,4.0,2.0,3.0,5.0,2.0,1.0,4.0,2.0,2.0,2.0,4.0,4.0,2.0,4.0,3.0,4.0,5.0,5.0,1.0,3,6,6,4,6,5,3,1,4,5,1,1,0,1,1,0,0,1,0,1,0,0,1,1,1,1,4,1,1,2,27,1,1,1,60,1,1,3
6401,4.0,5.0,4.0,1.0,3.0,3.0,1.0,4.0,3.0,5.0,1.0,4.0,1.0,2.0,5.0,1.0,3.0,3.0,5.0,5.0,7,7,7,4,7,1,7,5,6,1,1,1,1,1,0,0,1,1,0,1,0,0,1,1,1,1,0,1,1,2,20,1,2,1,60,1,1,3
6402,3.0,2.0,3.0,4.0,2.0,3.0,2.0,1.0,3.0,4.0,4.0,5.0,1.0,3.0,4.0,3.0,4.0,4.0,5.0,1.0,3,2,5,5,6,5,5,2,4,2,1,0,0,1,1,0,0,0,0,1,1,0,0,1,1,1,3,1,2,1,21,1,12,1,0,1,1,2
6403,5.0,5.0,2.0,1.0,4.0,1.0,1.0,5.0,2.0,1.0,1.0,5.0,5.0,1.0,5.0,1.0,1.0,5.0,5.0,3.0,1,6,2,6,2,6,2,7,2,1,1,1,1,1,1,0,0,0,0,1,0,1,1,1,1,1,2,1,1,1,25,1,2,1,60,1,1,3
6404,5.0,5.0,1.0,3.0,5.0,1.0,1.0,5.0,3.0,1.0,1.0,5.0,5.0,2.0,4.0,1.0,1.0,4.0,5.0,4.0,2,5,5,1,7,4,1,3,7,2,1,1,0,1,1,0,0,1,0,1,1,0,1,1,1,1,3,2,1,2,23,1,1,3,60,1,1,2
6405,5.0,1.0,2.0,4.0,5.0,4.0,4.0,5.0,5.0,5.0,1.0,5.0,1.0,5.0,4.0,4.0,5.0,2.0,1.0,1.0,6,2,6,1,7,2,6,5,6,1,1,1,0,1,1,1,1,1,1,1,0,1,1,1,1,1,4,3,1,2,56,1,4,1,10,1,3,3
6406,2.0,4.0,2.0,3.0,3.0,2.0,1.0,4.0,4.0,5.0,2.0,5.0,3.0,3.0,2.0,1.0,5.0,2.0,5.0,1.0,3,2,6,7,6,6,7,4,5,3,1,1,0,1,1,0,0,1,0,1,0,0,1,0,1,1,3,2,1,1,23,1,2,3,60,2,1,3
6407,1.0,2.0,5.0,3.0,1.0,5.0,5.0,2.0,5.0,5.0,4.0,1.0,1.0,2.0,2.0,4.0,5.0,1.0,4.0,1.0,7,1,7,1,7,2,6,1,7,1,1,1,0,1,1,0,0,0,0,1,0,0,0,1,1,1,4,3,2,1,46,1,4,1,60,2,3,3
6408,4.0,4.0,1.0,3.0,4.0,1.0,1.0,5.0,3.0,1.0,2.0,4.0,4.0,2.0,2.0,1.0,1.0,2.0,4.0,3.0,6,6,3,3,7,2,6,3,2,2,1,1,1,1,1,0,1,1,0,1,0,0,1,1,1,1,4,2,2,1,55,1,6,1,60,1,2,3
6409,5.0,3.0,1.0,3.0,2.0,1.0,1.0,2.0,3.0,2.0,1.0,5.0,3.0,1.0,4.0,1.0,1.0,5.0,5.0,1.0,2,5,5,6,5,7,6,6,3,2,1,1,0,1,1,0,0,1,0,1,1,0,1,1,1,1,0,0,1,1,34,2,2,1,60,0,1,0
6410,4.0,4.0,4.0,4.0,2.0,1.0,2.0,4.0,5.0,5.0,1.0,5.0,2.0,1.0,5.0,2.0,1.0,2.0,5.0,4.0,6,3,6,3,6,3,6,5,6,6,1,1,1,1,1,0,0,1,0,1,0,0,1,1,1,1,4,2,2,1,47,1,12,1,60,1,1,4
6411,2.0,3.0,4.0,4.0,4.0,4.0,4.0,4.0,5.0,4.0,3.0,4.0,2.0,2.0,2.0,3.0,2.0,4.0,2.0,2.0,2,4,6,6,5,6,7,2,2,3,1,0,0,1,1,0,0,0,0,1,0,0,0,1,1,1,2,2,2,2,19,2,10,1,10,2,1,3
6412,4.0,4.0,5.0,2.0,4.0,4.0,3.0,1.0,5.0,3.0,3.0,3.0,3.0,2.0,3.0,4.0,1.0,5.0,3.0,4.0,5,3,6,5,5,3,5,3,3,3,0,0,0,0,0,0,0,0,0,0,0,0,0,0,1,0,1,3,2,2,17,1,4,5,70,2,1,2
6413,5.0,5.0,3.0,3.0,5.0,4.0,1.0,3.0,5.0,2.0,1.0,5.0,5.0,3.0,5.0,1.0,1.0,5.0,5.0,5.0,6,5,7,1,7,5,7,5,4,1,0,1,0,1,1,0,0,0,0,0,0,0,0,0,1,1,1,2,1,1,17,1,12,2,60,2,1,3
6414,4.0,4.0,3.0,3.0,4.0,5.0,3.0,2.0,2.0,2.0,1.0,4.0,4.0,4.0,4.0,2.0,1.0,4.0,5.0,4.0,6,0,5,4,0,2,5,0,5,2,1,1,0,1,1,1,0,0,0,1,0,1,0,1,1,1,2,3,1,2,17,1,4,1,60,2,1,3
6415,4.0,3.0,5.0,4.0,4.0,5.0,2.0,5.0,5.0,2.0,1.0,4.0,5.0,4.0,4.0,5.0,3.0,4.0,5.0,1.0,7,3,6,5,6,5,7,5,6,3,1,1,0,1,1,0,0,1,0,1,0,0,1,0,1,1,3,1,2,1,21,1,2,1,60,1,1,2
6416,4.0,3.0,1.0,2.0,4.0,4.0,2.0,3.0,5.0,5.0,1.0,4.0,3.0,1.0,4.0,2.0,4.0,2.0,2.0,4.0,6,2,7,5,7,5,7,5,6,4,1,1,1,1,1,0,1,1,0,1,0,0,1,1,1,1,4,2,2,1,49,1,6,1,60,1,3,4
6417,4.0,3.0,4.0,5.0,2.0,3.0,2.0,2.0,5.0,5.0,2.0,3.0,1.0,2.0,4.0,2.0,5.0,1.0,5.0,1.0,2,7,5,5,7,6,5,1,6,6,0,0,0,0,0,0,0,0,0,0,0,0,0,0,0,0,1,2,1,1,16,1,2,1,60,2,1,3
6418,4.0,5.0,2.0,4.0,2.0,2.0,5.0,1.0,4.0,1.0,2.0,4.0,2.0,2.0,2.0,1.0,2.0,4.0,5.0,5.0,3,6,6,5,6,5,6,1,3,2,1,1,0,1,1,0,1,0,0,1,0,0,1,1,1,1,3,3,1,2,24,1,1,1,10,1,1,2
6419,5.0,5.0,3.0,3.0,5.0,2.0,5.0,4.0,3.0,2.0,1.0,5.0,1.0,2.0,1.0,3.0,2.0,4.0,5.0,3.0,4,1,1,6,7,6,1,7,5,1,1,0,0,1,0,0,0,0,0,1,0,0,0,0,1,1,3,1,1,2,21,1,2,2,10,2,1,2
6420,5.0,5.0,1.0,1.0,5.0,1.0,1.0,5.0,1.0,1.0,1.0,5.0,5.0,1.0,5.0,1.0,1.0,5.0,5.0,5.0,1,7,7,1,7,7,1,1,7,1,1,1,1,1,1,1,1,1,1,1,1,1,1,1,1,1,2,1,1,1,25,3,1,1,60,2,1,3
6421,3.0,3.0,3.0,3.0,2.0,3.0,3.0,3.0,4.0,3.0,2.0,3.0,4.0,3.0,3.0,4.0,2.0,2.0,3.0,1.0,2,5,4,5,1,4,5,1,4,4,1,0,0,1,1,0,0,0,0,0,0,0,0,0,1,1,1,2,2,1,15,1,4,1,60,2,1,1
6422,5.0,1.0,4.0,4.0,4.0,2.0,1.0,4.0,3.0,4.0,2.0,4.0,5.0,3.0,2.0,5.0,2.0,5.0,5.0,4.0,5,5,5,6,6,4,5,6,2,3,1,1,0,0,1,0,0,0,0,1,0,0,0,0,1,1,1,2,2,1,15,1,4,1,10,2,1,2
6423,3.0,2.0,5.0,5.0,1.0,2.0,1.0,1.0,5.0,3.0,2.0,4.0,4.0,1.0,5.0,1.0,1.0,1.0,3.0,1.0,1,7,7,7,7,2,7,1,4,5,1,1,1,1,0,1,1,0,1,1,1,0,1,0,1,1,1,2,2,1,16,1,4,2,60,0,1,3
6424,1.0,1.0,5.0,4.0,1.0,5.0,3.0,1.0,5.0,5.0,5.0,4.0,1.0,1.0,1.0,1.0,5.0,2.0,1.0,5.0,6,1,6,1,7,5,7,1,7,1,1,1,1,1,1,0,1,1,0,1,0,0,1,1,1,1,3,3,2,1,62,3,7,1,60,2,3,4
6425,1.0,1.0,1.0,5.0,1.0,3.0,4.0,1.0,4.0,5.0,1.0,2.0,4.0,1.0,2.0,2.0,2.0,2.0,2.0,1.0,2,5,7,5,5,6,7,2,5,2,1,0,1,1,1,0,0,1,0,1,0,0,0,1,1,1,2,3,2,2,37,1,4,1,70,1,2,4
6426,2.0,1.0,4.0,5.0,4.0,4.0,2.0,1.0,5.0,4.0,2.0,4.0,2.0,4.0,4.0,5.0,1.0,2.0,5.0,1.0,2,3,7,2,6,5,6,2,7,5,1,1,0,1,1,0,0,0,0,1,0,0,1,1,1,1,3,1,1,1,46,1,6,1,60,2,2,2
6427,1.0,5.0,2.0,1.0,5.0,4.0,2.0,5.0,5.0,2.0,1.0,5.0,1.0,1.0,4.0,1.0,1.0,5.0,5.0,1.0,5,7,7,1,5,3,5,3,6,1,1,1,0,1,1,0,0,0,0,1,0,0,0,1,1,1,3,2,1,2,32,1,1,1,60,1,1,4
6428,3.0,2.0,4.0,4.0,2.0,3.0,2.0,3.0,5.0,2.0,3.0,4.0,1.0,3.0,3.0,5.0,2.0,5.0,3.0,2.0,7,4,4,5,3,2,7,3,4,2,1,1,0,1,1,0,1,0,0,1,0,0,1,0,1,1,4,3,1,2,32,1,8,1,10,1,1,2
6429,5.0,1.0,1.0,4.0,1.0,1.0,1.0,1.0,5.0,5.0,1.0,1.0,1.0,4.0,3.0,1.0,1.0,5.0,5.0,1.0,6,6,6,1,7,6,6,5,7,1,1,1,1,1,1,0,0,1,0,1,0,0,1,1,1,1,4,3,1,2,27,1,2,1,60,2,1,2
6430,3.0,2.0,4.0,5.0,2.0,4.0,2.0,2.0,5.0,4.0,2.0,2.0,1.0,2.0,4.0,2.0,1.0,2.0,4.0,2.0,3,2,6,5,6,7,6,3,5,5,1,1,1,1,1,0,1,1,0,1,1,0,1,1,1,1,3,2,1,1,26,1,1,1,70,1,1,1
6431,4.0,4.0,2.0,2.0,2.0,3.0,1.0,4.0,4.0,2.0,1.0,4.0,4.0,2.0,2.0,1.0,1.0,4.0,5.0,2.0,3,5,5,4,5,6,3,2,5,3,1,1,0,1,1,0,0,0,0,1,1,0,1,1,1,1,3,2,2,1,20,1,4,2,60,1,1,2
6432,2.0,2.0,4.0,4.0,4.0,5.0,5.0,4.0,4.0,4.0,4.0,2.0,1.0,4.0,4.0,5.0,2.0,5.0,5.0,2.0,5,5,6,3,6,2,6,2,6,2,1,1,0,1,1,0,0,0,0,1,0,0,1,1,1,1,4,3,1,1,41,1,0,1,60,2,2,5
6433,3.0,3.0,4.0,4.0,4.0,4.0,5.0,4.0,5.0,4.0,4.0,3.0,1.0,2.0,3.0,4.0,2.0,2.0,5.0,1.0,5,5,5,3,5,3,6,1,5,3,1,1,0,1,1,0,0,0,0,1,0,0,0,1,1,1,4,1,2,1,19,1,12,1,60,2,1,2
6434,1.0,3.0,3.0,4.0,2.0,5.0,4.0,3.0,5.0,5.0,2.0,1.0,3.0,2.0,4.0,4.0,3.0,3.0,4.0,1.0,1,2,6,6,4,5,6,5,5,1,1,1,0,1,1,0,0,1,1,1,0,0,0,1,1,1,2,1,2,1,21,1,1,1,60,1,1,4
6435,1.0,1.0,5.0,1.0,1.0,5.0,1.0,1.0,5.0,5.0,5.0,1.0,1.0,1.0,1.0,1.0,1.0,1.0,5.0,1.0,6,1,7,1,7,5,7,1,7,7,0,0,0,0,0,0,0,0,0,0,0,0,0,0,0,1,2,3,2,1,19,2,4,1,0,1,1,5
6436,1.0,1.0,5.0,3.0,4.0,5.0,5.0,4.0,5.0,5.0,2.0,4.0,1.0,2.0,2.0,4.0,2.0,3.0,2.0,1.0,6,5,7,7,7,5,5,1,6,1,1,1,0,1,1,0,0,0,0,1,0,0,1,1,1,1,3,3,1,2,27,1,2,3,70,2,1,1
6437,5.0,3.0,1.0,1.0,5.0,1.0,1.0,3.0,1.0,1.0,1.0,5.0,5.0,5.0,5.0,5.0,1.0,4.0,5.0,5.0,3,5,5,3,3,5,3,1,7,1,1,1,0,1,1,0,0,0,0,1,0,0,1,1,1,1,3,3,1,1,31,1,7,1,60,2,1,4
6438,1.0,1.0,5.0,5.0,4.0,3.0,4.0,5.0,5.0,5.0,5.0,4.0,4.0,1.0,1.0,2.0,1.0,3.0,1.0,1.0,5,5,7,2,6,7,6,1,6,1,1,1,1,1,1,1,1,1,0,1,1,1,1,1,1,1,3,2,1,1,67,1,4,1,60,1,2,3
6439,5.0,5.0,1.0,2.0,5.0,1.0,1.0,4.0,5.0,1.0,1.0,5.0,5.0,1.0,5.0,1.0,1.0,5.0,5.0,1.0,6,7,2,6,6,2,2,6,3,5,1,1,0,1,1,0,0,0,1,1,0,0,1,1,1,1,2,2,1,1,27,1,2,1,60,1,1,3
6440,2.0,4.0,3.0,3.0,3.0,3.0,2.0,2.0,5.0,5.0,1.0,4.0,4.0,2.0,3.0,1.0,2.0,2.0,5.0,3.0,4,1,5,5,7,1,6,6,5,3,1,1,0,1,1,1,0,1,0,1,0,0,1,1,1,1,3,1,2,1,21,1,1,1,60,2,1,1
6441,3.0,1.0,5.0,3.0,5.0,5.0,5.0,1.0,5.0,5.0,1.0,5.0,4.0,1.0,1.0,1.0,5.0,3.0,5.0,3.0,6,7,5,7,7,4,7,3,6,2,1,1,0,1,1,0,0,0,0,1,0,0,1,1,1,1,2,1,2,1,30,1,2,1,60,1,1,4
6442,5.0,5.0,1.0,1.0,5.0,1.0,1.0,5.0,1.0,1.0,1.0,5.0,5.0,1.0,5.0,1.0,1.0,5.0,5.0,5.0,1,7,4,1,1,7,1,1,7,1,1,1,1,1,1,1,1,0,1,1,1,1,1,1,1,1,3,3,1,2,21,1,4,1,60,1,1,1
6443,5.0,4.0,3.0,2.0,4.0,2.0,2.0,5.0,2.0,3.0,1.0,3.0,2.0,1.0,5.0,1.0,1.0,5.0,5.0,1.0,6,6,3,4,7,4,4,6,3,1,1,1,1,1,1,0,0,1,1,1,1,0,1,1,1,1,3,3,1,1,33,1,12,1,60,2,1,2
6444,5.0,2.0,3.0,5.0,4.0,4.0,3.0,1.0,5.0,4.0,2.0,4.0,3.0,4.0,5.0,2.0,4.0,2.0,5.0,1.0,5,5,6,5,7,1,7,7,1,1,1,1,1,1,1,0,0,1,0,1,0,0,1,1,1,1,3,1,2,1,22,1,12,1,60,1,1,2
6445,5.0,3.0,4.0,1.0,3.0,3.0,2.0,5.0,4.0,3.0,2.0,5.0,4.0,2.0,4.0,1.0,2.0,3.0,5.0,2.0,3,6,5,6,7,6,4,5,3,2,1,1,1,1,1,1,0,1,0,1,0,0,1,1,1,1,2,2,1,1,21,1,4,1,60,1,1,2
6446,5.0,1.0,2.0,2.0,4.0,1.0,1.0,4.0,3.0,4.0,2.0,4.0,5.0,3.0,1.0,2.0,1.0,3.0,4.0,4.0,2,4,5,1,6,5,5,5,6,2,1,1,0,1,1,0,0,1,0,1,0,0,1,1,1,1,3,3,1,2,24,1,1,1,60,1,1,1
6447,5.0,4.0,1.0,4.0,5.0,1.0,1.0,5.0,1.0,1.0,1.0,5.0,5.0,2.0,4.0,3.0,1.0,5.0,5.0,5.0,5,6,6,2,5,3,7,6,4,3,1,1,1,1,1,0,0,0,0,1,0,0,1,1,1,1,2,3,1,2,33,1,2,2,60,2,1,2
6448,5.0,2.0,3.0,2.0,2.0,1.0,3.0,5.0,3.0,4.0,1.0,4.0,1.0,1.0,4.0,1.0,4.0,4.0,3.0,1.0,3,1,6,7,6,7,5,2,3,1,1,1,1,1,1,0,0,0,0,1,0,0,1,1,1,1,3,3,1,2,29,1,10,1,10,2,1,2
6449,2.0,3.0,4.0,3.0,2.0,1.0,1.0,1.0,3.0,3.0,3.0,3.0,1.0,1.0,4.0,1.0,2.0,4.0,4.0,1.0,6,4,7,3,5,4,7,1,7,2,1,1,1,1,1,0,1,1,0,1,1,0,1,1,1,1,4,3,1,1,44,1,2,3,60,2,1,4
6450,1.0,1.0,4.0,3.0,3.0,5.0,4.0,3.0,2.0,2.0,2.0,5.0,1.0,1.0,4.0,2.0,5.0,4.0,4.0,1.0,5,1,2,1,6,5,5,4,6,5,1,1,1,1,1,0,0,1,0,1,0,0,1,1,1,1,2,3,2,2,20,1,1,2,70,2,1,2
6451,5.0,5.0,2.0,1.0,5.0,1.0,1.0,5.0,1.0,2.0,1.0,5.0,5.0,1.0,5.0,1.0,1.0,5.0,5.0,4.0,7,3,5,2,7,1,3,5,2,7,1,1,1,1,1,0,0,0,0,1,1,1,1,1,1,1,4,2,1,1,37,1,4,3,60,1,1,3
6452,1.0,3.0,4.0,5.0,3.0,4.0,5.0,1.0,5.0,4.0,2.0,4.0,2.0,3.0,5.0,5.0,2.0,2.0,4.0,1.0,6,4,6,2,5,2,7,2,6,2,1,1,0,1,1,0,0,0,0,1,0,0,1,1,1,1,3,2,1,1,25,1,5,1,60,1,1,3
6453,3.0,5.0,5.0,1.0,5.0,1.0,1.0,5.0,4.0,1.0,2.0,5.0,2.0,1.0,5.0,5.0,2.0,4.0,5.0,1.0,2,2,2,5,5,5,7,6,5,2,1,1,1,1,1,0,0,0,0,1,0,0,1,1,1,1,3,2,2,1,31,1,6,3,60,1,1,3
6454,1.0,1.0,3.0,5.0,2.0,2.0,2.0,1.0,5.0,4.0,2.0,2.0,1.0,3.0,1.0,2.0,3.0,3.0,5.0,1.0,3,4,7,4,6,5,6,1,5,2,1,1,1,1,1,0,1,0,0,1,0,0,1,1,1,1,4,2,1,1,48,1,2,2,60,1,3,2
6455,5.0,5.0,1.0,1.0,5.0,1.0,1.0,5.0,1.0,1.0,1.0,5.0,5.0,1.0,5.0,1.0,1.0,5.0,5.0,4.0,5,7,7,7,5,1,3,1,1,1,1,1,0,1,1,1,0,0,0,1,0,0,1,1,1,1,3,3,1,2,32,2,2,1,30,2,1,1
6456,5.0,5.0,2.0,2.0,5.0,1.0,2.0,5.0,4.0,2.0,2.0,5.0,5.0,1.0,5.0,1.0,5.0,5.0,4.0,5.0,7,7,7,5,7,2,1,1,4,3,0,0,0,1,0,0,1,1,0,1,0,0,0,0,0,0,3,1,1,2,26,1,6,1,10,2,1,2
6457,4.0,4.0,2.0,1.0,2.0,2.0,2.0,2.0,5.0,2.0,1.0,5.0,2.0,2.0,5.0,2.0,4.0,2.0,1.0,1.0,6,3,7,2,6,3,5,5,3,2,1,1,1,1,1,1,1,1,0,1,0,1,1,1,1,1,0,3,2,1,36,2,4,2,60,1,2,3
6458,3.0,4.0,1.0,2.0,4.0,1.0,1.0,4.0,2.0,2.0,1.0,4.0,4.0,2.0,3.0,1.0,2.0,5.0,2.0,3.0,7,7,6,6,6,1,2,5,2,3,1,1,1,1,1,0,0,0,0,1,0,0,1,1,1,1,2,2,1,1,18,1,5,1,60,2,1,6
6459,1.0,4.0,3.0,4.0,5.0,4.0,2.0,2.0,5.0,5.0,1.0,4.0,1.0,1.0,1.0,5.0,2.0,1.0,5.0,1.0,5,2,2,5,3,4,7,3,7,6,1,1,1,1,1,0,0,1,0,1,1,0,1,1,1,1,3,1,2,1,39,1,1,1,50,1,2,2
6460,5.0,1.0,1.0,4.0,5.0,1.0,1.0,5.0,2.0,4.0,1.0,5.0,1.0,1.0,1.0,1.0,1.0,1.0,4.0,5.0,5,2,5,1,6,6,7,5,7,5,1,1,0,1,1,0,0,0,0,1,0,0,0,0,1,1,3,3,1,1,53,2,7,1,30,1,2,4
6461,5.0,5.0,2.0,1.0,3.0,4.0,2.0,5.0,2.0,1.0,1.0,5.0,5.0,2.0,5.0,4.0,1.0,5.0,2.0,2.0,6,2,6,5,5,6,5,1,6,2,1,1,0,1,1,0,0,1,0,1,0,0,1,1,1,1,2,3,1,1,21,1,8,1,10,2,1,2
6462,5.0,5.0,1.0,1.0,5.0,1.0,1.0,5.0,3.0,1.0,1.0,5.0,5.0,1.0,5.0,1.0,5.0,5.0,5.0,5.0,7,7,7,5,6,7,7,1,7,1,1,1,1,1,1,0,1,1,1,1,1,1,1,1,1,1,3,2,2,1,33,1,7,1,60,1,1,2
6463,5.0,1.0,4.0,4.0,5.0,5.0,1.0,5.0,5.0,2.0,3.0,2.0,2.0,2.0,2.0,5.0,1.0,4.0,5.0,5.0,7,6,3,2,5,2,7,5,4,1,1,1,0,1,1,1,0,1,0,1,0,0,1,1,1,1,3,1,2,1,33,2,12,1,50,1,1,2
6464,1.0,4.0,5.0,5.0,4.0,2.0,4.0,1.0,5.0,4.0,1.0,1.0,1.0,5.0,5.0,5.0,3.0,5.0,5.0,1.0,7,2,1,6,7,2,7,4,3,1,1,1,1,1,1,0,1,1,0,1,1,1,1,1,1,1,3,2,2,1,57,2,6,1,60,1,2,4
6465,1.0,1.0,4.0,4.0,1.0,2.0,2.0,1.0,5.0,5.0,4.0,4.0,1.0,4.0,1.0,2.0,2.0,1.0,2.0,1.0,5,1,6,1,6,5,6,1,7,1,1,1,1,1,1,0,0,1,0,1,0,0,1,1,1,1,3,2,2,1,54,1,6,1,50,1,3,5
6466,4.0,4.0,4.0,4.0,3.0,3.0,2.0,3.0,5.0,2.0,3.0,4.0,1.0,2.0,4.0,5.0,1.0,4.0,5.0,4.0,5,6,5,2,6,3,3,3,6,2,1,1,0,1,1,0,0,0,0,1,0,0,1,1,1,1,4,2,1,1,50,1,2,1,0,1,3,2
6467,2.0,2.0,4.0,4.0,2.0,4.0,2.0,2.0,5.0,4.0,4.0,4.0,2.0,4.0,3.0,5.0,5.0,1.0,4.0,1.0,2,3,6,1,6,5,5,5,7,1,1,1,0,1,1,1,0,1,0,1,0,0,1,1,1,1,3,1,2,2,41,2,7,1,60,1,3,2
6468,1.0,1.0,1.0,5.0,1.0,4.0,2.0,1.0,5.0,1.0,1.0,1.0,1.0,1.0,1.0,1.0,5.0,1.0,5.0,1.0,2,5,6,6,6,7,6,2,3,1,1,1,1,1,1,0,0,1,0,1,1,0,1,1,1,1,3,2,1,1,44,1,4,1,60,2,1,4
6469,5.0,5.0,3.0,4.0,5.0,2.0,2.0,4.0,5.0,4.0,3.0,2.0,4.0,1.0,5.0,2.0,1.0,4.0,5.0,1.0,6,6,5,3,7,1,6,2,7,2,1,1,0,1,1,0,0,0,0,0,0,0,0,1,1,1,3,3,1,2,19,1,2,3,10,1,1,2
6470,5.0,5.0,3.0,1.0,5.0,2.0,2.0,5.0,3.0,2.0,2.0,5.0,4.0,1.0,5.0,2.0,1.0,5.0,5.0,3.0,4,6,5,5,6,4,5,4,3,3,1,1,0,1,1,0,0,0,0,1,0,0,1,1,1,1,3,2,2,2,38,1,6,1,10,1,3,3
6471,3.0,4.0,1.0,2.0,4.0,2.0,1.0,4.0,1.0,1.0,2.0,5.0,5.0,1.0,3.0,1.0,1.0,3.0,5.0,2.0,5,6,6,2,6,4,2,1,6,4,1,1,0,1,1,0,0,0,0,1,0,0,1,1,1,1,3,1,1,1,23,1,7,1,60,1,1,0
6472,1.0,3.0,3.0,2.0,2.0,4.0,2.0,2.0,5.0,2.0,1.0,4.0,2.0,2.0,4.0,2.0,1.0,3.0,5.0,1.0,6,6,5,2,7,1,4,1,3,2,1,1,0,1,0,0,0,0,0,1,0,0,0,1,1,1,3,2,1,2,33,1,1,1,60,1,2,1
6473,5.0,1.0,1.0,2.0,4.0,1.0,1.0,5.0,2.0,1.0,1.0,5.0,4.0,2.0,5.0,1.0,5.0,5.0,5.0,5.0,7,1,6,1,7,2,6,2,6,3,1,1,1,1,1,0,1,0,0,1,1,1,1,1,1,1,4,1,1,1,66,1,1,1,60,2,2,2
6474,3.0,1.0,1.0,2.0,3.0,2.0,1.0,4.0,4.0,3.0,1.0,5.0,4.0,1.0,4.0,4.0,1.0,4.0,5.0,3.0,6,5,6,5,7,3,5,3,3,3,1,1,1,1,1,1,0,0,0,1,0,0,1,1,1,1,4,2,1,1,31,1,4,1,60,2,1,1
6475,2.0,4.0,4.0,2.0,4.0,4.0,3.0,2.0,5.0,4.0,2.0,1.0,1.0,2.0,4.0,3.0,4.0,1.0,1.0,1.0,6,5,4,6,5,1,6,4,3,2,1,1,0,1,1,0,0,0,0,1,0,0,1,1,1,1,3,2,1,1,25,1,6,1,60,2,1,2
6476,5.0,5.0,2.0,2.0,2.0,1.0,5.0,5.0,2.0,4.0,3.0,4.0,2.0,1.0,4.0,2.0,2.0,4.0,4.0,2.0,2,6,5,7,7,6,3,5,4,2,0,0,1,1,0,0,1,1,0,1,1,0,1,1,1,1,2,2,2,2,18,1,2,2,10,2,1,2
6477,5.0,2.0,5.0,4.0,5.0,2.0,2.0,2.0,4.0,2.0,1.0,5.0,5.0,2.0,3.0,4.0,1.0,4.0,5.0,5.0,4,5,3,6,7,4,4,7,2,1,1,1,1,1,1,1,0,0,0,1,0,1,1,1,1,1,4,3,2,1,27,1,3,3,70,2,1,4
6478,5.0,5.0,1.0,1.0,5.0,1.0,5.0,2.0,1.0,1.0,2.0,5.0,5.0,1.0,3.0,1.0,1.0,5.0,3.0,5.0,2,7,6,1,6,6,1,2,7,2,1,1,0,1,1,0,0,1,0,1,0,0,1,1,1,1,3,3,1,2,23,1,4,1,60,2,1,2
6479,1.0,1.0,5.0,4.0,1.0,5.0,2.0,2.0,5.0,5.0,1.0,4.0,1.0,3.0,2.0,5.0,2.0,5.0,5.0,1.0,3,3,2,7,4,6,6,6,1,1,1,0,0,1,0,0,0,0,0,1,0,0,0,1,1,1,3,3,1,2,18,1,2,3,10,2,1,2
6480,3.0,4.0,4.0,4.0,5.0,4.0,5.0,4.0,5.0,5.0,1.0,1.0,1.0,1.0,1.0,1.0,4.0,1.0,5.0,4.0,5,5,7,5,7,1,6,1,5,1,1,1,0,1,1,1,0,1,0,1,0,0,1,1,1,1,2,3,2,1,29,1,2,2,60,1,1,3
6481,2.0,5.0,1.0,1.0,5.0,2.0,1.0,4.0,1.0,2.0,1.0,4.0,5.0,1.0,4.0,1.0,1.0,5.0,5.0,1.0,6,3,1,7,5,1,5,7,1,1,1,1,1,1,0,0,0,1,0,1,1,0,0,0,1,1,2,3,1,2,22,1,1,1,60,1,1,2
6482,2.0,2.0,2.0,4.0,4.0,3.0,1.0,3.0,4.0,2.0,2.0,1.0,3.0,2.0,4.0,4.0,2.0,5.0,5.0,2.0,5,5,5,2,5,3,5,4,5,4,1,1,1,1,1,0,1,1,0,1,1,0,1,1,1,1,4,3,1,1,44,1,2,1,70,1,2,1
6483,3.0,2.0,3.0,5.0,2.0,2.0,4.0,2.0,5.0,4.0,5.0,5.0,1.0,3.0,4.0,4.0,5.0,2.0,2.0,2.0,6,2,5,6,6,6,6,5,4,4,1,1,0,1,1,0,0,0,0,1,0,0,1,1,1,1,3,3,2,1,26,1,3,1,10,1,1,3
6484,2.0,4.0,3.0,4.0,4.0,3.0,2.0,2.0,4.0,2.0,1.0,2.0,2.0,3.0,4.0,3.0,2.0,5.0,4.0,3.0,2,5,5,5,6,6,5,3,6,1,1,1,0,1,1,0,0,0,0,1,0,0,1,0,1,1,3,2,1,1,25,1,2,1,60,1,1,2
6485,4.0,2.0,4.0,4.0,4.0,4.0,3.0,2.0,5.0,5.0,2.0,5.0,2.0,2.0,2.0,1.0,2.0,4.0,5.0,1.0,2,5,3,5,7,6,6,6,5,5,1,1,1,1,1,1,0,0,0,1,0,0,1,1,1,1,2,2,2,1,52,2,12,1,60,1,3,17
6486,4.0,2.0,2.0,4.0,2.0,4.0,2.0,5.0,5.0,4.0,2.0,5.0,1.0,1.0,4.0,1.0,1.0,4.0,5.0,1.0,6,3,2,5,6,2,6,6,5,5,1,1,0,1,1,0,0,0,0,1,0,0,1,1,1,1,3,1,1,1,28,1,1,1,60,2,1,2
6487,2.0,1.0,5.0,1.0,5.0,5.0,3.0,1.0,5.0,1.0,2.0,4.0,5.0,1.0,4.0,4.0,3.0,3.0,1.0,4.0,2,1,6,5,5,6,7,3,4,4,1,1,0,1,1,0,0,0,0,1,1,0,1,1,1,1,4,3,2,2,30,1,11,1,10,2,1,1
6488,1.0,4.0,4.0,5.0,1.0,4.0,3.0,1.0,5.0,5.0,5.0,1.0,2.0,4.0,2.0,5.0,4.0,1.0,5.0,1.0,5,1,5,3,6,6,6,1,6,2,1,1,0,1,1,0,0,0,0,1,0,0,1,1,1,1,3,3,1,1,31,2,2,1,60,1,1,2
6489,4.0,4.0,1.0,4.0,4.0,4.0,5.0,4.0,5.0,1.0,3.0,5.0,2.0,3.0,4.0,4.0,1.0,4.0,5.0,5.0,7,1,7,1,7,1,7,1,7,1,1,1,0,1,1,0,0,1,0,1,0,0,1,0,1,1,3,3,2,1,31,1,7,1,60,1,2,3
6490,5.0,3.0,2.0,3.0,2.0,4.0,1.0,4.0,3.0,3.0,5.0,3.0,4.0,5.0,3.0,5.0,1.0,5.0,3.0,5.0,4,4,4,6,5,1,4,7,3,5,0,0,0,1,0,0,1,0,0,1,1,1,0,0,0,0,2,3,1,1,16,2,12,5,30,2,1,4
6491,3.0,5.0,1.0,1.0,5.0,1.0,1.0,2.0,1.0,1.0,1.0,5.0,4.0,1.0,5.0,1.0,1.0,5.0,5.0,4.0,3,5,6,6,7,7,6,7,5,2,1,1,0,1,1,1,0,1,1,1,0,1,1,1,1,1,2,2,1,1,23,1,1,1,60,2,1,2
6492,2.0,4.0,2.0,4.0,2.0,3.0,2.0,2.0,2.0,2.0,2.0,1.0,2.0,1.0,2.0,2.0,1.0,4.0,5.0,1.0,7,6,2,5,7,1,6,6,2,1,1,1,0,1,1,0,0,0,0,1,0,0,1,1,1,1,4,1,1,1,43,1,2,1,60,1,3,1
6493,1.0,2.0,2.0,4.0,2.0,4.0,4.0,2.0,5.0,2.0,3.0,2.0,1.0,3.0,4.0,2.0,3.0,2.0,2.0,2.0,5,5,6,6,3,2,6,5,2,4,1,1,1,1,1,0,0,0,0,1,0,0,1,1,1,1,3,2,2,1,21,1,7,1,60,2,1,3
6494,4.0,4.0,1.0,3.0,2.0,1.0,1.0,4.0,2.0,1.0,1.0,5.0,5.0,1.0,4.0,4.0,1.0,4.0,5.0,2.0,5,6,5,2,7,6,6,2,5,6,1,1,0,1,1,0,0,1,0,1,0,0,1,1,1,1,3,2,1,2,21,1,1,1,60,1,1,2
6495,5.0,3.0,3.0,1.0,5.0,1.0,2.0,5.0,5.0,1.0,1.0,5.0,5.0,4.0,1.0,1.0,1.0,5.0,5.0,1.0,3,4,1,7,7,4,7,3,2,2,1,1,1,1,1,0,1,0,0,1,0,0,0,1,1,1,3,1,2,2,27,1,8,5,10,1,1,2
6496,5.0,1.0,1.0,1.0,5.0,1.0,1.0,5.0,5.0,1.0,1.0,5.0,5.0,1.0,2.0,1.0,5.0,5.0,5.0,1.0,1,6,6,1,7,7,6,6,6,2,1,1,0,1,1,0,0,0,0,1,0,0,0,1,1,1,2,3,1,1,24,1,6,1,60,2,1,4
6497,2.0,3.0,4.0,3.0,3.0,5.0,2.0,5.0,5.0,5.0,1.0,2.0,2.0,2.0,3.0,2.0,4.0,3.0,4.0,2.0,5,5,7,5,5,5,4,2,5,5,1,1,0,1,1,0,0,0,0,1,0,1,1,1,1,1,3,1,2,1,36,1,7,1,60,1,1,3
6498,4.0,4.0,2.0,4.0,4.0,1.0,1.0,4.0,3.0,2.0,1.0,4.0,2.0,2.0,5.0,1.0,4.0,5.0,5.0,3.0,3,5,5,3,5,5,5,3,5,2,1,1,0,1,1,0,0,1,0,1,0,0,0,1,1,1,2,3,2,1,17,2,1,2,60,2,1,2
6499,5.0,5.0,4.0,2.0,4.0,1.0,2.0,5.0,3.0,2.0,1.0,5.0,4.0,1.0,5.0,5.0,2.0,2.0,5.0,2.0,6,6,7,6,7,3,6,6,1,1,1,1,0,1,1,0,0,1,0,1,0,0,0,1,1,1,1,3,2,2,18,1,12,2,60,2,1,2
6500,4.0,5.0,1.0,1.0,5.0,1.0,1.0,5.0,2.0,2.0,1.0,5.0,4.0,2.0,4.0,2.0,1.0,3.0,3.0,3.0,2,7,6,4,3,5,6,1,4,4,1,1,1,1,1,1,1,1,0,1,1,1,1,1,1,1,3,2,1,1,42,1,4,1,60,1,2,1
6501,4.0,4.0,1.0,2.0,5.0,2.0,2.0,4.0,4.0,2.0,3.0,4.0,4.0,1.0,3.0,1.0,3.0,4.0,5.0,3.0,3,2,6,2,6,5,6,1,6,2,1,1,1,1,1,0,0,1,0,1,0,0,1,1,1,1,2,2,1,1,29,2,1,1,60,1,1,2
6502,5.0,5.0,3.0,5.0,4.0,1.0,1.0,5.0,1.0,1.0,1.0,5.0,5.0,1.0,4.0,1.0,2.0,5.0,5.0,4.0,1,7,7,5,2,7,6,5,5,1,1,1,1,1,1,1,1,1,1,1,1,1,1,1,1,1,3,1,1,1,20,1,12,4,70,2,1,1
6503,2.0,4.0,2.0,1.0,4.0,5.0,5.0,4.0,5.0,4.0,1.0,5.0,2.0,4.0,1.0,1.0,1.0,5.0,4.0,1.0,1,6,5,6,5,7,4,7,2,1,1,1,0,1,1,0,0,0,0,1,0,0,1,1,1,1,4,1,1,1,19,1,6,1,60,1,1,3
6504,2.0,2.0,3.0,4.0,3.0,2.0,2.0,2.0,5.0,2.0,3.0,2.0,1.0,4.0,3.0,4.0,1.0,2.0,1.0,2.0,3,2,3,1,5,7,5,6,7,6,1,1,0,1,1,0,0,0,0,1,0,0,0,0,1,1,2,2,2,1,33,2,6,1,60,2,1,3
6505,3.0,2.0,5.0,5.0,3.0,3.0,3.0,1.0,5.0,3.0,4.0,4.0,1.0,4.0,2.0,4.0,3.0,1.0,3.0,1.0,7,2,4,5,6,4,7,4,3,3,1,1,0,1,1,0,0,0,0,1,0,0,1,1,1,1,3,2,2,1,49,1,7,1,60,1,2,2
6506,4.0,4.0,5.0,3.0,5.0,1.0,1.0,4.0,4.0,2.0,1.0,5.0,5.0,2.0,2.0,1.0,1.0,4.0,5.0,2.0,7,3,7,1,6,1,6,2,6,4,1,1,0,1,1,1,0,0,0,0,0,0,0,0,1,1,3,3,1,1,59,1,1,1,70,1,2,8
6507,1.0,1.0,1.0,1.0,5.0,5.0,5.0,5.0,5.0,2.0,5.0,5.0,1.0,1.0,2.0,2.0,1.0,2.0,5.0,5.0,5,7,7,1,7,6,2,1,7,5,1,1,0,1,1,0,0,0,0,1,0,0,1,1,1,1,3,3,1,1,34,1,7,1,60,1,2,4
6508,4.0,5.0,1.0,2.0,5.0,1.0,1.0,5.0,2.0,2.0,1.0,5.0,2.0,1.0,4.0,1.0,1.0,5.0,5.0,2.0,1,4,6,2,6,7,2,1,6,2,1,1,0,1,1,0,0,0,0,1,0,0,0,0,1,1,3,1,1,2,23,2,2,1,60,1,1,2
6509,1.0,1.0,4.0,3.0,2.0,5.0,5.0,2.0,5.0,5.0,1.0,5.0,1.0,1.0,1.0,4.0,1.0,1.0,5.0,1.0,1,5,6,6,5,7,6,3,6,1,1,1,1,1,1,0,0,1,0,1,0,0,1,1,1,1,4,2,2,1,41,2,12,1,60,1,2,2
6510,3.0,3.0,4.0,2.0,4.0,5.0,5.0,2.0,4.0,5.0,2.0,4.0,4.0,2.0,3.0,2.0,1.0,4.0,4.0,1.0,2,6,5,2,5,5,7,5,7,2,1,1,1,1,1,0,1,0,0,1,1,0,1,1,1,1,4,2,1,1,30,1,2,1,60,2,2,4
6511,4.0,1.0,3.0,2.0,2.0,4.0,2.0,2.0,5.0,3.0,2.0,4.0,4.0,1.0,2.0,5.0,2.0,2.0,2.0,1.0,2,2,6,1,6,5,4,3,7,1,1,1,1,1,1,0,0,0,0,1,0,0,1,1,1,1,3,2,1,1,29,1,6,1,30,2,2,3
6512,5.0,2.0,2.0,3.0,4.0,2.0,1.0,4.0,2.0,4.0,1.0,5.0,4.0,3.0,4.0,1.0,1.0,4.0,5.0,5.0,1,5,5,5,6,3,3,7,7,2,1,1,0,1,1,0,0,0,0,1,0,0,1,1,1,1,2,1,1,1,22,1,2,1,60,2,1,3
6513,2.0,2.0,4.0,5.0,5.0,2.0,4.0,4.0,2.0,5.0,1.0,4.0,4.0,4.0,4.0,4.0,5.0,4.0,4.0,5.0,6,7,5,5,6,2,6,5,6,2,1,1,0,1,1,0,0,0,0,1,0,0,0,0,1,1,0,2,2,2,37,1,10,1,10,1,2,4
6514,3.0,4.0,4.0,4.0,4.0,3.0,1.0,3.0,3.0,3.0,2.0,4.0,4.0,1.0,4.0,2.0,1.0,5.0,5.0,1.0,2,7,6,1,6,5,2,2,7,5,1,1,0,1,1,0,1,1,1,1,1,0,1,1,1,1,3,2,1,1,33,1,2,1,60,2,2,4
6515,5.0,5.0,1.0,2.0,4.0,2.0,2.0,5.0,2.0,2.0,1.0,5.0,4.0,1.0,5.0,2.0,1.0,4.0,5.0,1.0,2,7,6,6,5,2,5,3,3,1,1,1,0,1,1,0,0,0,0,1,0,0,0,1,1,1,3,3,1,1,65,1,7,1,60,1,3,3
6516,5.0,4.0,2.0,1.0,5.0,1.0,1.0,5.0,2.0,1.0,1.0,4.0,1.0,1.0,5.0,1.0,1.0,5.0,5.0,1.0,6,5,7,3,7,3,2,2,6,6,1,1,1,1,1,0,1,0,0,1,1,0,1,1,1,1,3,2,1,1,58,3,1,1,60,1,2,3
6517,5.0,5.0,1.0,2.0,5.0,2.0,1.0,4.0,3.0,2.0,2.0,4.0,4.0,1.0,5.0,4.0,1.0,5.0,5.0,2.0,3,3,3,5,5,6,5,3,4,2,1,1,0,0,1,0,0,0,0,1,0,0,1,0,1,1,2,3,1,1,21,1,1,2,60,2,1,4
6518,4.0,1.0,3.0,4.0,1.0,2.0,1.0,2.0,4.0,4.0,1.0,1.0,1.0,3.0,2.0,4.0,2.0,3.0,5.0,4.0,5,6,2,1,6,4,3,7,7,4,1,1,0,1,1,0,0,0,0,1,0,0,1,1,1,1,2,3,1,1,21,3,2,1,60,1,1,2
6519,5.0,3.0,1.0,1.0,5.0,2.0,1.0,5.0,1.0,1.0,1.0,5.0,5.0,1.0,2.0,1.0,3.0,5.0,5.0,5.0,2,5,6,1,7,6,1,4,5,1,1,1,1,1,1,0,1,1,0,1,1,0,1,1,1,1,2,3,1,1,17,1,6,1,30,2,1,4
6520,4.0,4.0,3.0,3.0,4.0,1.0,2.0,4.0,1.0,2.0,1.0,5.0,2.0,1.0,5.0,2.0,1.0,5.0,5.0,4.0,2,6,5,1,4,3,1,2,6,2,1,1,1,1,1,1,0,1,0,1,1,0,1,1,1,1,3,3,2,1,23,1,1,1,60,1,1,2
6521,5.0,1.0,1.0,2.0,4.0,2.0,1.0,4.0,4.0,2.0,1.0,4.0,1.0,2.0,4.0,1.0,2.0,4.0,5.0,5.0,6,5,7,5,5,3,2,1,6,2,1,1,0,1,1,0,0,0,0,1,0,0,1,1,1,1,4,3,1,1,49,1,6,1,60,1,2,2
6522,2.0,4.0,3.0,1.0,4.0,2.0,1.0,1.0,5.0,1.0,1.0,5.0,1.0,3.0,2.0,4.0,2.0,2.0,5.0,1.0,4,3,7,2,6,6,6,1,5,2,1,1,1,1,1,0,1,1,0,1,0,1,1,1,1,1,3,2,2,1,39,1,1,1,60,1,1,5
6523,4.0,4.0,2.0,4.0,1.0,4.0,2.0,2.0,2.0,2.0,2.0,2.0,1.0,1.0,2.0,1.0,1.0,1.0,4.0,1.0,6,3,7,2,7,5,6,2,5,3,1,1,0,1,1,0,0,0,0,1,0,0,1,1,1,1,3,2,2,1,19,2,6,1,60,2,1,2
6524,2.0,4.0,4.0,4.0,4.0,2.0,2.0,2.0,4.0,4.0,2.0,3.0,2.0,3.0,4.0,2.0,2.0,2.0,4.0,1.0,3,6,6,6,3,6,5,2,6,2,1,1,0,1,1,0,0,0,0,1,1,1,1,1,1,1,3,3,2,1,26,1,2,1,30,2,1,3
6525,1.0,1.0,5.0,5.0,1.0,5.0,3.0,1.0,5.0,5.0,3.0,1.0,1.0,4.0,4.0,4.0,5.0,1.0,4.0,4.0,2,2,7,5,7,7,7,4,7,2,1,1,0,1,1,0,1,0,0,1,0,0,1,1,1,1,4,2,2,1,39,1,1,1,60,1,2,2
6526,1.0,1.0,2.0,5.0,2.0,5.0,4.0,1.0,5.0,5.0,4.0,2.0,1.0,3.0,3.0,4.0,2.0,2.0,5.0,1.0,6,6,7,7,7,2,6,5,6,1,1,1,0,1,0,0,0,1,0,1,0,0,0,0,1,1,2,1,2,2,18,1,6,1,60,2,1,2
6527,2.0,1.0,2.0,3.0,2.0,4.0,5.0,4.0,4.0,4.0,1.0,4.0,3.0,1.0,2.0,5.0,2.0,5.0,4.0,4.0,5,5,7,2,6,6,4,5,4,1,1,1,1,1,1,0,0,0,1,1,0,0,1,1,1,1,2,2,1,1,21,2,1,1,60,2,1,5
6528,1.0,1.0,5.0,5.0,1.0,5.0,5.0,1.0,5.0,1.0,1.0,1.0,1.0,5.0,1.0,5.0,5.0,1.0,1.0,1.0,7,7,7,1,7,1,7,2,2,1,1,1,0,1,1,0,0,1,0,1,0,0,0,1,1,1,3,1,1,2,44,1,10,0,10,1,2,2
6529,5.0,1.0,1.0,3.0,4.0,3.0,3.0,3.0,3.0,3.0,2.0,5.0,2.0,1.0,3.0,1.0,1.0,4.0,5.0,1.0,2,5,5,1,5,3,3,1,7,2,1,1,0,1,1,0,0,0,0,1,1,0,1,1,1,1,4,2,1,2,31,1,1,5,10,1,1,1
6530,5.0,1.0,4.0,3.0,2.0,2.0,2.0,4.0,5.0,4.0,2.0,2.0,2.0,4.0,3.0,4.0,3.0,2.0,5.0,1.0,5,3,6,5,7,5,3,3,6,1,1,1,1,1,1,0,1,0,0,1,0,0,1,1,1,1,3,2,2,1,29,1,1,2,60,1,1,2
6531,5.0,3.0,1.0,1.0,4.0,1.0,1.0,5.0,4.0,2.0,1.0,5.0,5.0,1.0,4.0,1.0,1.0,5.0,5.0,3.0,2,6,4,2,3,5,3,6,6,4,1,1,1,1,1,1,1,1,1,1,0,0,1,1,1,1,2,1,1,1,19,1,1,1,70,1,1,2
6532,3.0,5.0,4.0,4.0,4.0,5.0,2.0,5.0,5.0,5.0,1.0,5.0,1.0,3.0,2.0,1.0,5.0,5.0,5.0,4.0,6,4,6,7,2,6,6,5,6,1,1,1,1,1,0,0,0,1,0,1,0,0,0,1,1,1,3,2,1,2,37,1,1,1,60,1,2,0
6533,4.0,3.0,2.0,3.0,5.0,2.0,1.0,5.0,4.0,3.0,2.0,5.0,2.0,1.0,4.0,4.0,2.0,4.0,3.0,1.0,4,6,7,6,6,7,3,3,2,1,1,1,1,1,1,0,1,1,0,1,1,0,1,1,1,1,3,2,2,1,23,1,4,4,60,2,1,3
6534,4.0,3.0,2.0,2.0,4.0,2.0,2.0,4.0,4.0,2.0,2.0,4.0,2.0,2.0,3.0,4.0,2.0,2.0,5.0,4.0,2,5,5,5,6,7,5,2,5,1,1,1,1,1,1,0,1,1,0,1,1,0,1,1,1,1,3,2,1,1,27,2,2,2,60,1,1,3
6535,4.0,2.0,2.0,2.0,5.0,3.0,1.0,5.0,5.0,2.0,1.0,5.0,4.0,1.0,1.0,1.0,3.0,5.0,5.0,1.0,1,1,5,2,3,7,6,2,7,2,1,1,1,1,1,0,1,0,0,1,0,0,1,1,1,1,3,2,3,1,31,1,7,5,10,2,1,3
6536,2.0,2.0,2.0,1.0,4.0,2.0,1.0,4.0,3.0,5.0,1.0,3.0,4.0,2.0,3.0,1.0,2.0,4.0,3.0,1.0,2,7,6,5,5,5,5,5,4,2,1,1,1,1,1,0,0,1,0,1,1,0,1,1,1,1,2,3,1,2,18,1,2,1,60,2,1,1
6537,1.0,1.0,4.0,3.0,2.0,5.0,4.0,2.0,5.0,5.0,2.0,3.0,1.0,3.0,4.0,3.0,5.0,3.0,3.0,1.0,5,6,6,2,5,6,6,2,6,4,1,0,0,1,1,0,0,0,1,1,0,0,0,1,1,1,2,3,1,2,37,1,7,1,60,2,3,2
6538,4.0,4.0,4.0,4.0,4.0,4.0,2.0,2.0,5.0,4.0,2.0,4.0,2.0,2.0,3.0,2.0,4.0,4.0,4.0,4.0,2,2,3,2,5,5,5,5,5,3,1,1,0,1,1,0,0,0,0,1,0,0,1,1,1,1,2,3,1,2,19,1,1,1,10,2,1,2
6539,1.0,3.0,4.0,4.0,4.0,4.0,2.0,2.0,5.0,5.0,2.0,1.0,1.0,1.0,4.0,1.0,3.0,4.0,5.0,1.0,5,6,6,5,7,5,5,2,5,1,1,1,0,1,1,0,1,1,0,1,0,0,1,1,1,1,3,1,2,2,26,1,12,1,60,1,1,2
6540,2.0,2.0,4.0,3.0,3.0,3.0,4.0,1.0,4.0,5.0,3.0,4.0,1.0,3.0,1.0,3.0,5.0,1.0,5.0,1.0,4,2,6,5,5,7,7,1,7,4,1,1,0,1,1,0,0,0,0,1,1,0,0,1,1,1,4,1,2,2,25,1,12,1,60,2,1,6
6541,5.0,4.0,4.0,4.0,1.0,4.0,2.0,2.0,5.0,2.0,4.0,2.0,1.0,2.0,3.0,1.0,2.0,2.0,4.0,1.0,5,3,7,3,7,6,5,1,5,2,1,1,0,1,1,0,0,0,0,1,0,0,1,1,1,1,3,2,2,1,19,2,6,1,60,2,1,2
6542,4.0,4.0,2.0,3.0,4.0,3.0,2.0,4.0,4.0,3.0,3.0,4.0,2.0,3.0,1.0,1.0,1.0,1.0,5.0,4.0,6,2,3,3,4,2,7,3,6,2,1,1,1,1,1,1,1,1,1,1,1,1,1,1,1,1,4,3,2,2,34,1,1,1,60,2,1,2
6543,1.0,5.0,2.0,3.0,2.0,5.0,1.0,2.0,5.0,2.0,1.0,3.0,1.0,1.0,5.0,1.0,1.0,5.0,5.0,1.0,3,5,2,3,6,4,3,5,5,6,1,1,0,1,1,0,0,0,0,1,0,0,1,1,1,1,3,3,2,1,21,2,1,1,60,2,1,1
6544,4.0,3.0,2.0,2.0,3.0,2.0,1.0,4.0,3.0,2.0,2.0,4.0,4.0,2.0,5.0,1.0,3.0,4.0,4.0,4.0,4,5,6,5,7,5,6,4,3,4,1,1,0,1,1,0,0,0,0,1,0,0,1,1,1,1,2,2,1,1,18,2,2,1,60,2,1,4
6545,5.0,5.0,1.0,1.0,1.0,3.0,1.0,5.0,3.0,1.0,1.0,5.0,5.0,1.0,5.0,3.0,1.0,5.0,5.0,1.0,6,7,7,1,7,7,7,1,7,1,1,1,0,1,0,0,1,1,1,1,0,1,0,1,1,1,3,2,1,2,29,2,7,1,60,1,1,1
6546,1.0,2.0,4.0,5.0,2.0,4.0,4.0,1.0,4.0,4.0,2.0,1.0,1.0,3.0,2.0,1.0,5.0,3.0,5.0,1.0,6,5,5,6,7,3,7,6,3,1,1,1,1,1,1,0,0,1,0,1,0,0,1,1,1,1,4,1,2,2,29,1,1,1,60,1,1,1
6547,2.0,2.0,2.0,5.0,2.0,2.0,1.0,2.0,5.0,4.0,2.0,1.0,1.0,3.0,3.0,2.0,1.0,1.0,4.0,1.0,2,4,6,6,7,7,7,2,2,5,1,1,0,1,1,0,0,0,0,1,0,0,1,1,1,1,2,2,1,1,29,1,1,2,60,1,1,2
6548,4.0,5.0,2.0,2.0,3.0,1.0,2.0,2.0,2.0,5.0,1.0,1.0,5.0,2.0,4.0,4.0,2.0,4.0,5.0,4.0,5,1,6,2,5,7,5,6,6,4,1,1,0,1,1,0,0,0,0,1,0,0,1,1,1,1,2,2,1,1,21,1,6,1,60,1,1,2
6549,4.0,4.0,4.0,4.0,2.0,1.0,1.0,4.0,5.0,2.0,2.0,4.0,3.0,2.0,4.0,1.0,2.0,4.0,5.0,1.0,7,2,7,1,6,5,7,3,6,2,1,1,1,1,1,0,1,1,0,1,0,1,1,0,1,1,4,2,2,1,68,1,12,1,60,1,2,4
6550,5.0,4.0,4.0,3.0,3.0,2.0,1.0,4.0,3.0,3.0,1.0,4.0,2.0,3.0,2.0,3.0,3.0,4.0,4.0,4.0,2,5,6,7,5,7,6,6,3,2,1,1,0,1,1,0,1,1,0,1,0,0,1,1,1,1,4,3,2,2,23,1,1,2,70,2,1,2
6551,5.0,5.0,1.0,1.0,5.0,1.0,1.0,5.0,1.0,1.0,1.0,5.0,5.0,1.0,4.0,1.0,1.0,5.0,5.0,1.0,7,7,7,1,7,3,2,1,3,1,1,1,0,1,1,0,0,1,0,1,0,0,0,1,1,1,2,2,1,2,21,1,1,1,60,2,1,2
6552,5.0,4.0,1.0,2.0,5.0,2.0,1.0,4.0,2.0,2.0,1.0,4.0,3.0,3.0,5.0,1.0,1.0,5.0,5.0,1.0,2,5,3,2,6,6,3,4,6,2,1,1,1,1,1,0,0,1,0,1,0,0,1,1,1,1,3,2,2,1,26,1,2,1,60,1,3,0
6553,3.0,3.0,4.0,4.0,4.0,5.0,2.0,2.0,4.0,4.0,2.0,4.0,3.0,2.0,4.0,5.0,4.0,3.0,5.0,2.0,6,3,7,4,7,6,6,5,5,3,1,1,0,1,1,0,0,0,0,1,0,1,0,1,1,1,2,3,2,1,19,2,7,2,70,1,1,3
6554,4.0,5.0,2.0,2.0,4.0,1.0,1.0,5.0,2.0,2.0,1.0,5.0,3.0,2.0,4.0,2.0,5.0,5.0,5.0,4.0,2,3,6,5,5,5,2,4,4,4,1,0,0,1,0,0,0,0,0,1,0,0,0,0,0,1,4,3,1,2,27,1,2,1,60,1,1,2
6555,5.0,5.0,1.0,2.0,5.0,1.0,1.0,5.0,2.0,1.0,2.0,5.0,4.0,1.0,5.0,4.0,1.0,4.0,5.0,5.0,1,6,7,1,6,7,6,5,7,1,1,1,1,1,1,0,1,1,0,1,1,0,1,1,1,1,4,1,2,1,54,3,6,3,60,1,2,2
6556,5.0,4.0,4.0,2.0,4.0,1.0,1.0,4.0,5.0,2.0,1.0,5.0,4.0,1.0,2.0,2.0,1.0,4.0,5.0,4.0,2,5,6,2,5,6,5,1,7,5,1,1,0,1,1,0,0,0,0,1,0,0,1,1,1,1,4,3,1,1,49,1,6,1,60,2,2,2
6557,4.0,5.0,4.0,4.0,4.0,2.0,2.0,4.0,4.0,4.0,1.0,2.0,2.0,1.0,4.0,5.0,1.0,4.0,5.0,1.0,6,6,6,2,6,2,6,1,6,1,1,1,0,1,1,0,0,1,0,1,0,0,0,1,1,1,4,3,1,2,30,1,2,1,60,1,1,2
6558,2.0,4.0,4.0,4.0,2.0,4.0,4.0,3.0,5.0,5.0,2.0,2.0,3.0,2.0,4.0,2.0,1.0,1.0,5.0,2.0,5,5,3,6,7,5,6,5,3,3,1,1,1,1,1,1,0,1,0,1,0,0,1,1,1,1,3,3,2,2,41,1,12,0,0,2,1,5
6559,1.0,1.0,4.0,5.0,1.0,3.0,4.0,1.0,5.0,5.0,1.0,1.0,1.0,3.0,1.0,2.0,5.0,4.0,3.0,3.0,2,6,4,2,7,7,6,5,6,2,0,1,0,1,1,0,0,0,0,1,0,0,0,1,1,1,3,1,1,2,37,1,2,1,60,1,1,3
6560,4.0,2.0,4.0,4.0,2.0,5.0,3.0,4.0,5.0,5.0,3.0,5.0,2.0,3.0,4.0,3.0,4.0,4.0,3.0,1.0,5,5,5,4,7,5,6,2,7,1,1,1,0,1,1,0,0,0,0,1,0,0,1,1,1,1,3,1,1,2,33,1,1,1,60,1,2,1
6561,4.0,4.0,5.0,3.0,4.0,5.0,2.0,2.0,5.0,5.0,3.0,5.0,1.0,4.0,1.0,5.0,4.0,2.0,2.0,1.0,3,5,7,4,4,6,5,1,5,4,1,1,1,1,1,0,0,1,0,1,0,0,0,1,1,1,2,3,2,2,22,1,4,1,60,2,1,2
6562,2.0,4.0,2.0,2.0,2.0,1.0,1.0,4.0,5.0,1.0,1.0,5.0,2.0,4.0,4.0,5.0,2.0,4.0,5.0,1.0,2,1,5,5,2,6,7,4,5,3,1,1,1,1,1,0,1,1,0,1,1,1,1,1,1,1,3,3,2,1,32,1,2,2,70,1,1,2
6563,3.0,4.0,2.0,5.0,1.0,1.0,1.0,1.0,4.0,2.0,2.0,4.0,4.0,5.0,4.0,2.0,2.0,4.0,5.0,1.0,2,5,6,2,6,7,6,1,6,3,1,1,1,1,1,0,1,1,0,1,1,0,1,1,1,1,4,3,2,1,25,2,1,2,60,1,1,3
6564,1.0,1.0,4.0,4.0,3.0,4.0,2.0,1.0,5.0,4.0,2.0,1.0,1.0,3.0,3.0,2.0,1.0,1.0,3.0,1.0,3,1,6,6,4,7,7,1,2,3,1,1,1,1,1,0,1,1,0,1,0,0,1,1,1,1,3,2,2,1,58,2,7,1,60,2,2,8
6565,2.0,5.0,4.0,3.0,5.0,2.0,2.0,5.0,5.0,2.0,2.0,4.0,4.0,1.0,4.0,2.0,3.0,4.0,5.0,1.0,6,2,7,7,7,3,6,5,3,1,1,1,1,1,1,0,1,1,0,1,0,0,1,1,1,1,3,2,2,1,21,1,6,1,60,1,1,2
6566,2.0,4.0,4.0,3.0,4.0,3.0,2.0,2.0,3.0,4.0,3.0,3.0,4.0,1.0,5.0,3.0,2.0,3.0,4.0,2.0,4,2,7,5,5,6,5,7,5,3,0,0,1,0,0,1,1,0,0,0,1,1,0,0,0,0,4,3,1,1,24,1,1,1,60,1,1,4
6567,2.0,4.0,5.0,4.0,1.0,2.0,1.0,3.0,5.0,2.0,1.0,4.0,2.0,2.0,4.0,1.0,5.0,5.0,5.0,2.0,1,5,2,7,6,7,6,7,2,3,1,1,1,1,1,0,1,0,0,1,1,0,1,1,1,1,4,2,1,1,36,1,1,3,60,1,1,2
6568,5.0,5.0,2.0,3.0,5.0,3.0,1.0,4.0,2.0,1.0,3.0,5.0,5.0,3.0,5.0,2.0,1.0,5.0,5.0,1.0,3,7,6,2,5,4,4,2,7,1,1,1,0,1,1,0,0,1,0,1,1,0,1,1,1,1,3,2,1,2,34,1,2,1,60,2,1,4
6569,2.0,4.0,2.0,4.0,5.0,2.0,1.0,4.0,3.0,4.0,1.0,5.0,2.0,1.0,4.0,1.0,1.0,4.0,4.0,4.0,6,5,7,1,6,4,5,3,7,5,1,1,0,1,1,0,0,0,0,1,0,0,1,1,1,1,3,2,1,1,47,1,6,1,60,1,1,2
6570,5.0,1.0,5.0,2.0,4.0,5.0,5.0,3.0,5.0,5.0,1.0,1.0,1.0,1.0,3.0,4.0,3.0,2.0,5.0,2.0,3,5,6,7,6,6,7,5,4,2,1,1,1,1,1,0,0,0,0,1,0,0,0,1,1,1,3,2,2,1,44,1,7,1,70,2,2,5
6571,1.0,1.0,2.0,4.0,1.0,1.0,1.0,1.0,5.0,5.0,2.0,1.0,1.0,2.0,1.0,1.0,4.0,1.0,5.0,2.0,6,2,5,1,7,1,6,5,7,1,1,1,1,1,1,0,1,1,0,1,0,1,1,1,1,1,4,3,1,1,60,2,1,1,60,1,3,4
6572,1.0,1.0,2.0,4.0,2.0,5.0,4.0,1.0,5.0,5.0,2.0,2.0,1.0,3.0,1.0,4.0,2.0,3.0,5.0,1.0,7,7,4,5,6,5,7,5,6,1,1,1,1,1,1,0,0,1,0,1,1,0,1,1,1,1,3,3,2,2,42,1,1,1,70,2,2,1
6573,4.0,4.0,4.0,3.0,4.0,3.0,3.0,4.0,4.0,4.0,3.0,5.0,3.0,4.0,4.0,4.0,3.0,4.0,3.0,4.0,5,5,6,5,5,5,6,5,6,4,1,0,0,1,1,0,0,0,0,1,0,0,1,0,1,1,2,2,2,2,18,1,8,4,10,2,1,3
6574,2.0,2.0,4.0,2.0,4.0,5.0,4.0,4.0,5.0,4.0,1.0,4.0,4.0,2.0,4.0,4.0,3.0,2.0,4.0,1.0,2,6,4,6,5,5,6,2,2,6,0,1,0,1,1,0,0,0,0,0,0,0,0,1,1,1,3,3,2,2,27,1,0,1,60,1,1,2
6575,5.0,4.0,2.0,2.0,4.0,2.0,2.0,4.0,3.0,4.0,3.0,4.0,3.0,4.0,2.0,2.0,1.0,4.0,5.0,3.0,2,5,1,5,6,6,2,1,6,1,0,1,0,1,1,0,0,1,0,1,1,0,0,1,1,1,3,3,2,2,24,1,1,1,60,1,1,3
6576,5.0,4.0,3.0,1.0,5.0,1.0,1.0,5.0,4.0,1.0,1.0,5.0,4.0,2.0,4.0,1.0,1.0,5.0,5.0,3.0,2,4,2,4,6,7,4,5,3,5,1,1,0,1,1,0,0,1,0,1,0,0,1,1,1,1,2,2,2,1,25,1,1,1,70,1,1,2
6577,5.0,5.0,1.0,5.0,5.0,1.0,1.0,5.0,1.0,5.0,1.0,5.0,5.0,1.0,5.0,1.0,5.0,5.0,5.0,5.0,6,3,6,1,7,3,6,3,7,1,1,1,0,1,1,0,0,0,0,1,0,0,0,1,1,1,3,3,1,2,32,1,4,1,10,2,1,1
6578,4.0,4.0,2.0,2.0,4.0,3.0,1.0,2.0,5.0,2.0,1.0,1.0,2.0,1.0,4.0,5.0,3.0,5.0,5.0,2.0,2,3,6,1,6,6,5,6,7,1,1,1,1,1,1,0,0,0,0,1,0,0,1,1,1,1,3,1,1,2,24,1,2,1,60,2,1,3
6579,2.0,4.0,4.0,3.0,4.0,5.0,4.0,1.0,5.0,5.0,1.0,1.0,1.0,3.0,1.0,5.0,3.0,4.0,5.0,1.0,5,4,5,6,7,5,6,5,6,2,1,1,0,1,1,0,0,1,0,1,0,0,0,1,0,1,2,1,2,2,19,1,1,1,60,2,1,1
6580,5.0,5.0,5.0,1.0,2.0,1.0,5.0,5.0,1.0,1.0,1.0,5.0,1.0,1.0,5.0,1.0,3.0,1.0,5.0,5.0,3,6,1,7,4,5,5,7,7,1,1,1,0,1,0,0,0,0,0,1,0,0,0,0,1,1,2,3,2,1,15,1,3,2,10,2,1,2
6581,4.0,2.0,4.0,4.0,3.0,4.0,2.0,2.0,5.0,4.0,1.0,1.0,1.0,2.0,3.0,1.0,5.0,5.0,5.0,1.0,6,6,3,2,6,3,7,6,5,2,1,1,0,0,1,0,0,1,0,1,0,0,1,1,1,1,3,2,2,2,20,1,2,1,60,2,1,2
6582,1.0,1.0,5.0,5.0,3.0,5.0,2.0,1.0,5.0,5.0,1.0,1.0,1.0,3.0,3.0,5.0,3.0,3.0,3.0,3.0,4,4,6,5,5,6,6,3,4,4,1,1,1,1,1,0,0,0,0,1,0,0,1,1,1,1,4,3,2,1,39,1,2,1,60,1,2,2
6583,3.0,2.0,2.0,2.0,4.0,2.0,2.0,2.0,4.0,3.0,2.0,3.0,2.0,4.0,3.0,4.0,5.0,4.0,5.0,1.0,6,5,6,2,7,1,5,1,6,3,1,1,0,1,1,0,0,1,0,1,0,0,1,1,1,1,3,3,1,1,35,1,2,1,60,1,2,4
6584,2.0,2.0,2.0,5.0,2.0,2.0,5.0,2.0,4.0,5.0,3.0,1.0,1.0,4.0,3.0,2.0,5.0,3.0,3.0,1.0,3,5,6,2,7,2,6,1,6,2,1,1,0,1,1,0,1,1,0,1,0,0,1,0,1,1,4,3,1,1,51,1,4,1,60,2,2,4
6585,1.0,4.0,4.0,5.0,4.0,4.0,4.0,1.0,5.0,2.0,5.0,1.0,1.0,4.0,1.0,5.0,4.0,4.0,4.0,3.0,6,5,7,6,3,3,7,7,3,1,1,1,0,1,1,0,0,0,0,1,0,0,0,1,1,1,2,3,2,2,19,1,4,1,60,1,1,2
6586,2.0,3.0,4.0,2.0,5.0,3.0,1.0,4.0,4.0,3.0,4.0,5.0,2.0,1.0,3.0,5.0,1.0,5.0,5.0,3.0,6,4,7,7,6,4,6,1,2,1,1,1,0,1,1,0,0,0,0,1,0,0,0,1,1,1,2,3,2,2,18,1,7,1,60,1,1,1
6587,5.0,5.0,2.0,2.0,5.0,1.0,1.0,4.0,2.0,1.0,1.0,5.0,4.0,1.0,5.0,1.0,1.0,5.0,5.0,1.0,3,5,6,7,6,6,3,3,3,6,1,1,1,1,1,0,0,0,0,1,1,0,1,1,1,1,3,2,1,2,29,1,2,1,60,2,1,2
6588,5.0,5.0,1.0,1.0,5.0,1.0,1.0,4.0,1.0,1.0,1.0,5.0,5.0,1.0,5.0,1.0,1.0,5.0,5.0,5.0,1,7,3,6,5,7,1,1,6,2,1,1,1,1,1,0,1,1,0,1,0,0,1,1,1,1,3,2,2,2,20,1,1,2,60,2,1,1
6589,5.0,5.0,1.0,2.0,5.0,1.0,1.0,2.0,2.0,1.0,1.0,4.0,5.0,1.0,4.0,1.0,1.0,2.0,5.0,4.0,1,6,7,3,4,1,5,1,6,2,1,1,0,1,1,0,1,1,0,1,1,0,1,1,1,1,2,3,1,1,60,1,12,1,60,2,2,3
6590,3.0,4.0,2.0,4.0,3.0,4.0,2.0,3.0,4.0,1.0,2.0,5.0,4.0,2.0,4.0,2.0,4.0,3.0,4.0,4.0,7,4,5,1,5,1,4,6,7,7,1,1,0,1,1,0,0,0,0,1,0,0,0,1,1,1,2,3,1,2,21,1,1,1,70,2,1,3
6591,5.0,3.0,2.0,2.0,5.0,1.0,1.0,2.0,2.0,5.0,2.0,5.0,5.0,2.0,3.0,1.0,1.0,3.0,3.0,1.0,3,1,4,2,6,7,7,6,7,2,1,1,1,1,1,1,0,0,0,1,1,1,1,1,1,1,3,3,1,1,62,1,7,1,30,1,2,4
6592,5.0,5.0,1.0,4.0,5.0,1.0,1.0,1.0,5.0,5.0,1.0,5.0,5.0,1.0,5.0,1.0,3.0,5.0,4.0,5.0,7,1,6,1,7,4,5,2,7,1,1,0,0,1,1,0,0,0,0,1,0,0,0,1,1,1,3,1,1,1,27,1,7,1,30,1,1,4
6593,4.0,1.0,3.0,3.0,5.0,1.0,2.0,3.0,3.0,3.0,2.0,5.0,5.0,3.0,2.0,1.0,2.0,4.0,5.0,4.0,7,6,7,6,6,6,7,5,5,4,1,1,0,1,1,0,0,1,0,1,0,0,1,0,1,1,3,1,2,1,18,2,7,2,60,1,1,5
6594,2.0,2.0,4.0,4.0,3.0,1.0,5.0,3.0,5.0,3.0,2.0,4.0,2.0,1.0,4.0,4.0,1.0,4.0,5.0,1.0,6,5,5,1,6,2,6,2,5,1,1,1,0,1,1,0,0,0,0,1,0,0,1,1,1,1,4,3,1,1,55,1,7,1,30,1,3,2
6595,1.0,1.0,4.0,5.0,1.0,2.0,1.0,1.0,5.0,4.0,1.0,2.0,2.0,2.0,4.0,4.0,1.0,5.0,5.0,1.0,7,6,2,5,7,3,7,7,6,1,1,1,1,1,1,0,0,1,0,1,1,0,1,1,1,1,3,3,1,2,22,1,12,1,60,1,1,2
6596,4.0,4.0,2.0,2.0,5.0,2.0,1.0,5.0,3.0,1.0,1.0,5.0,4.0,1.0,4.0,2.0,1.0,4.0,5.0,3.0,6,6,2,4,6,1,5,3,3,4,1,1,1,1,1,1,1,0,0,1,1,0,1,1,1,1,3,2,1,1,43,1,6,1,60,1,2,3
6597,1.0,2.0,5.0,4.0,1.0,4.0,3.0,1.0,5.0,4.0,3.0,1.0,1.0,5.0,3.0,5.0,5.0,1.0,4.0,1.0,6,1,7,5,6,4,7,1,4,3,1,1,1,1,1,0,0,1,0,1,0,0,1,1,1,1,2,3,2,2,20,1,2,2,60,1,1,2
6598,1.0,4.0,4.0,3.0,1.0,5.0,5.0,1.0,5.0,5.0,2.0,1.0,1.0,3.0,4.0,5.0,2.0,1.0,1.0,1.0,6,5,7,5,7,2,7,1,7,3,1,1,1,1,1,0,0,1,0,1,0,0,1,1,1,1,3,3,2,1,28,2,6,1,60,1,2,2
6599,5.0,5.0,1.0,2.0,5.0,1.0,1.0,5.0,1.0,1.0,1.0,5.0,5.0,1.0,5.0,4.0,1.0,1.0,5.0,5.0,6,6,7,3,7,1,5,3,6,3,1,1,1,1,1,1,1,1,1,1,1,1,1,1,1,1,3,1,2,2,24,1,2,1,60,2,1,2
6600,3.0,4.0,4.0,5.0,2.0,2.0,2.0,1.0,4.0,4.0,2.0,2.0,4.0,3.0,4.0,4.0,4.0,4.0,4.0,1.0,3,5,6,5,6,5,6,1,6,2,1,1,0,1,1,0,0,0,0,1,0,0,1,1,1,1,3,3,1,1,64,2,6,1,60,1,2,3
6601,5.0,1.0,4.0,3.0,1.0,5.0,3.0,5.0,5.0,3.0,2.0,5.0,1.0,1.0,1.0,4.0,3.0,4.0,1.0,4.0,4,4,7,3,7,7,6,1,6,2,1,1,0,1,1,0,0,1,0,1,0,0,0,1,1,1,4,3,1,2,23,1,10,1,20,2,1,4
6602,5.0,5.0,2.0,1.0,4.0,1.0,2.0,5.0,1.0,2.0,1.0,5.0,4.0,1.0,5.0,5.0,4.0,3.0,4.0,4.0,5,7,6,4,2,5,3,4,2,3,0,0,0,1,1,0,0,0,0,1,0,0,1,0,1,1,4,3,2,2,22,1,8,1,10,2,1,2
6603,4.0,3.0,1.0,3.0,5.0,3.0,3.0,4.0,5.0,4.0,1.0,5.0,5.0,2.0,4.0,5.0,1.0,5.0,5.0,4.0,3,5,6,2,7,5,6,2,7,3,1,1,0,1,1,0,0,1,0,0,0,0,0,1,1,1,3,3,1,2,34,1,3,3,30,1,3,3
6604,3.0,1.0,2.0,4.0,5.0,2.0,5.0,2.0,5.0,3.0,2.0,1.0,4.0,4.0,3.0,5.0,2.0,3.0,5.0,5.0,6,2,5,2,7,1,2,1,6,1,1,1,1,1,1,0,0,0,0,1,0,0,1,1,1,1,3,3,1,2,22,1,7,1,60,2,1,2
6605,2.0,4.0,3.0,3.0,2.0,2.0,2.0,4.0,5.0,2.0,4.0,5.0,2.0,2.0,4.0,1.0,1.0,2.0,4.0,1.0,6,5,6,5,6,2,3,5,3,1,1,1,1,1,1,0,0,1,0,1,0,0,1,1,1,1,3,2,1,1,57,1,6,1,60,1,2,4
6606,1.0,1.0,5.0,4.0,2.0,5.0,4.0,3.0,5.0,5.0,1.0,4.0,1.0,4.0,1.0,5.0,2.0,1.0,2.0,1.0,3,1,7,2,6,5,5,1,6,3,1,1,0,1,1,0,0,0,0,1,0,0,1,1,1,1,2,3,2,1,55,1,7,1,30,1,3,5
6607,3.0,4.0,4.0,4.0,4.0,2.0,4.0,2.0,3.0,3.0,4.0,4.0,3.0,4.0,3.0,2.0,3.0,1.0,5.0,2.0,5,3,7,2,5,6,6,1,7,3,1,1,0,1,1,0,0,0,0,1,0,0,1,1,1,1,2,2,1,1,27,1,2,3,60,2,1,2
6608,4.0,3.0,3.0,2.0,4.0,2.0,2.0,4.0,3.0,2.0,2.0,5.0,4.0,3.0,2.0,2.0,1.0,4.0,4.0,2.0,2,6,7,1,6,6,3,5,7,2,1,1,1,1,1,0,0,1,0,1,0,0,1,1,1,1,3,2,1,1,22,1,6,4,60,1,1,3
6609,2.0,3.0,2.0,4.0,4.0,4.0,2.0,3.0,5.0,4.0,2.0,3.0,1.0,2.0,3.0,3.0,3.0,4.0,5.0,1.0,7,5,4,6,6,3,7,4,2,2,1,1,0,1,1,0,0,0,0,0,0,0,0,1,1,1,3,1,1,2,20,1,1,1,60,1,1,3
6610,5.0,4.0,2.0,4.0,4.0,2.0,2.0,5.0,2.0,1.0,2.0,5.0,4.0,2.0,3.0,4.0,1.0,4.0,4.0,1.0,2,5,7,1,6,7,2,3,7,2,1,1,1,1,1,0,0,1,0,1,0,0,1,1,1,1,3,2,1,1,22,1,6,4,60,1,1,3
6611,5.0,5.0,1.0,1.0,5.0,2.0,1.0,4.0,1.0,2.0,1.0,5.0,5.0,2.0,5.0,4.0,1.0,5.0,5.0,2.0,5,5,3,5,6,3,5,4,3,3,1,1,0,1,1,0,0,0,0,1,0,0,1,1,1,1,4,3,1,1,40,1,4,1,10,2,2,3
6612,1.0,3.0,3.0,2.0,4.0,3.0,2.0,5.0,4.0,2.0,1.0,4.0,3.0,3.0,5.0,2.0,1.0,4.0,1.0,1.0,6,6,3,2,6,3,5,5,6,1,1,1,0,1,1,1,0,0,0,1,1,0,1,1,1,1,2,1,1,1,20,1,7,1,60,1,1,3
6613,2.0,4.0,2.0,3.0,5.0,2.0,1.0,2.0,4.0,2.0,1.0,5.0,5.0,2.0,4.0,1.0,4.0,3.0,5.0,3.0,2,5,5,3,7,4,5,7,1,1,1,1,0,1,1,0,0,0,0,1,0,0,1,1,1,1,0,2,2,1,36,1,7,1,60,1,1,0
6614,1.0,1.0,4.0,4.0,1.0,2.0,2.0,2.0,5.0,5.0,4.0,2.0,1.0,1.0,4.0,1.0,3.0,2.0,1.0,1.0,6,2,6,1,3,1,7,1,6,5,1,1,0,1,0,0,0,1,0,1,0,0,0,1,1,1,3,2,2,2,46,1,2,1,60,2,1,0
6615,3.0,2.0,3.0,2.0,5.0,3.0,1.0,4.0,3.0,3.0,1.0,5.0,2.0,2.0,4.0,1.0,1.0,5.0,5.0,4.0,2,2,2,2,6,6,5,5,4,2,1,1,1,1,1,0,0,1,0,1,1,0,1,1,1,1,3,3,1,2,43,1,2,3,60,1,1,1
6616,2.0,4.0,1.0,4.0,4.0,2.0,2.0,4.0,5.0,2.0,1.0,4.0,4.0,2.0,4.0,1.0,2.0,5.0,5.0,1.0,5,2,7,5,7,3,7,5,6,2,1,0,0,1,0,0,0,1,0,1,1,0,0,1,1,1,3,3,2,2,22,1,12,1,60,2,1,3
6617,4.0,3.0,4.0,3.0,4.0,2.0,4.0,4.0,5.0,2.0,1.0,5.0,1.0,3.0,4.0,3.0,1.0,4.0,5.0,2.0,2,6,7,7,7,7,5,7,2,2,1,1,1,1,1,0,1,1,0,1,1,0,1,1,1,1,4,2,1,1,33,2,2,1,60,1,1,3
6618,5.0,5.0,1.0,1.0,5.0,3.0,1.0,5.0,2.0,2.0,2.0,5.0,3.0,1.0,1.0,3.0,1.0,3.0,5.0,4.0,1,6,4,5,4,3,3,5,2,4,0,1,0,1,0,0,0,0,0,0,0,0,0,0,0,1,3,3,1,2,21,1,2,1,20,2,1,3
6619,1.0,2.0,2.0,2.0,4.0,1.0,1.0,4.0,2.0,4.0,2.0,3.0,3.0,2.0,4.0,2.0,2.0,1.0,5.0,1.0,3,5,6,2,7,5,3,4,6,7,1,1,1,1,1,0,1,1,0,1,1,0,1,1,1,1,3,2,1,1,27,2,12,1,60,1,1,3
6620,4.0,4.0,4.0,3.0,2.0,1.0,2.0,2.0,4.0,2.0,2.0,4.0,3.0,2.0,4.0,2.0,3.0,4.0,5.0,2.0,4,3,6,6,4,5,4,2,2,3,1,1,1,1,1,0,1,0,0,1,1,0,1,1,1,1,2,3,1,1,23,1,2,1,10,2,1,2
6621,4.0,3.0,1.0,2.0,4.0,2.0,4.0,5.0,5.0,4.0,2.0,4.0,1.0,2.0,1.0,1.0,3.0,4.0,3.0,2.0,6,6,7,5,5,5,6,5,6,4,1,1,1,1,1,1,0,1,1,1,0,0,1,1,1,1,4,1,1,2,25,1,1,1,60,1,1,2
6622,4.0,5.0,3.0,2.0,5.0,2.0,1.0,2.0,2.0,2.0,1.0,5.0,5.0,1.0,4.0,1.0,1.0,5.0,5.0,4.0,2,4,1,5,5,6,1,7,1,3,1,1,1,1,1,0,0,1,0,1,0,1,1,1,1,1,4,2,1,1,24,1,2,1,60,2,1,3
6623,4.0,4.0,3.0,5.0,2.0,1.0,2.0,2.0,5.0,2.0,1.0,4.0,2.0,1.0,3.0,1.0,3.0,4.0,3.0,1.0,4,4,5,6,6,5,7,3,4,1,1,1,1,1,1,0,1,0,0,1,1,0,1,1,1,1,3,2,1,1,26,1,9,1,60,1,1,2
6624,4.0,5.0,1.0,2.0,4.0,5.0,1.0,4.0,4.0,3.0,1.0,5.0,4.0,1.0,2.0,1.0,1.0,4.0,5.0,3.0,1,2,7,1,4,7,2,1,7,1,1,1,1,1,1,1,1,1,1,1,1,0,1,1,1,1,4,1,1,1,26,1,6,1,60,1,1,3
6625,5.0,5.0,1.0,1.0,5.0,1.0,4.0,5.0,1.0,1.0,1.0,3.0,3.0,1.0,5.0,1.0,1.0,5.0,5.0,5.0,7,4,7,6,6,7,7,1,7,5,1,0,0,1,1,0,0,0,0,0,0,1,1,1,1,1,3,2,1,0,21,1,4,1,60,1,2,2
6626,2.0,4.0,4.0,4.0,2.0,2.0,2.0,3.0,5.0,3.0,2.0,2.0,1.0,3.0,5.0,2.0,2.0,5.0,5.0,3.0,7,1,7,4,7,1,7,1,7,2,1,1,1,1,1,0,1,1,0,1,1,0,1,1,1,1,3,2,2,1,73,1,2,1,60,2,3,1
6627,1.0,1.0,4.0,5.0,1.0,5.0,4.0,1.0,5.0,4.0,3.0,1.0,1.0,5.0,3.0,4.0,1.0,1.0,1.0,1.0,6,5,5,5,7,3,7,4,4,1,1,1,0,1,1,1,0,0,0,1,0,0,1,1,1,1,3,2,1,1,32,1,2,1,60,1,1,2
6628,5.0,5.0,4.0,4.0,5.0,4.0,5.0,5.0,4.0,4.0,4.0,5.0,5.0,5.0,5.0,5.0,1.0,5.0,5.0,1.0,7,5,2,3,7,1,1,7,5,5,1,0,0,1,0,0,0,1,0,1,0,0,1,0,1,1,3,2,2,2,22,1,4,1,10,2,1,2
6629,5.0,4.0,1.0,1.0,5.0,1.0,1.0,5.0,1.0,1.0,1.0,5.0,4.0,1.0,4.0,1.0,1.0,5.0,5.0,5.0,2,5,7,1,3,7,4,1,6,7,1,1,0,1,1,0,0,1,0,1,0,1,0,1,1,1,2,2,1,1,18,1,6,3,60,1,1,3
6630,4.0,2.0,2.0,2.0,4.0,2.0,1.0,4.0,4.0,2.0,4.0,5.0,3.0,1.0,4.0,4.0,1.0,2.0,4.0,5.0,5,1,3,3,6,4,5,5,5,3,1,1,1,1,1,0,1,1,0,1,1,0,1,1,1,1,3,3,1,1,60,1,4,1,60,2,2,1
6631,5.0,5.0,3.0,4.0,3.0,4.0,1.0,4.0,3.0,1.0,1.0,5.0,4.0,2.0,4.0,5.0,3.0,5.0,3.0,5.0,3,6,7,2,7,1,6,1,7,1,1,1,1,1,1,0,0,0,0,1,0,0,0,1,1,1,4,3,2,2,25,1,12,2,60,2,2,3
6632,2.0,5.0,2.0,2.0,4.0,1.0,1.0,5.0,4.0,2.0,1.0,5.0,2.0,1.0,3.0,1.0,1.0,5.0,5.0,1.0,3,5,3,5,5,6,2,5,5,5,1,1,0,1,1,0,0,0,0,1,0,0,1,1,1,1,2,2,1,1,18,1,1,1,60,2,1,3
6633,4.0,4.0,2.0,1.0,5.0,1.0,1.0,3.0,4.0,5.0,1.0,5.0,5.0,1.0,4.0,1.0,1.0,5.0,5.0,4.0,2,7,1,2,7,6,5,7,5,1,1,1,1,1,1,0,0,1,0,1,0,0,1,1,1,1,2,1,1,2,20,2,2,1,70,1,1,2
6634,4.0,5.0,1.0,4.0,5.0,4.0,2.0,2.0,5.0,4.0,1.0,1.0,1.0,3.0,5.0,5.0,5.0,3.0,1.0,1.0,6,2,3,5,7,6,6,5,6,1,0,0,0,0,1,0,0,0,0,0,1,0,0,1,0,1,3,2,1,2,18,2,4,3,10,2,1,2
6635,3.0,3.0,2.0,3.0,4.0,4.0,4.0,5.0,5.0,4.0,2.0,4.0,4.0,1.0,4.0,1.0,1.0,3.0,5.0,5.0,1,6,7,7,3,7,3,1,5,7,1,1,0,1,1,0,0,1,0,1,1,0,1,1,1,1,3,3,2,2,28,1,2,1,70,2,1,3
6636,2.0,2.0,3.0,5.0,1.0,2.0,2.0,1.0,5.0,3.0,2.0,1.0,2.0,4.0,3.0,2.0,1.0,1.0,2.0,1.0,3,2,5,1,7,3,7,3,7,3,1,1,0,1,1,0,1,0,0,1,0,0,1,1,1,1,3,2,2,1,34,1,6,1,70,2,2,2
6637,4.0,2.0,2.0,1.0,4.0,1.0,1.0,3.0,3.0,5.0,1.0,4.0,4.0,1.0,4.0,2.0,1.0,4.0,5.0,1.0,6,6,5,5,5,7,5,1,6,4,1,1,0,1,1,0,0,0,0,1,0,0,1,0,1,1,0,2,1,1,19,1,6,1,30,2,1,3
6638,5.0,3.0,4.0,3.0,2.0,4.0,5.0,4.0,5.0,3.0,2.0,4.0,3.0,1.0,2.0,2.0,1.0,4.0,1.0,1.0,4,3,6,5,6,6,7,1,7,4,1,1,0,1,1,0,1,1,0,1,0,0,1,1,1,1,3,2,2,1,34,1,10,1,70,2,2,3
6639,5.0,3.0,2.0,4.0,5.0,2.0,2.0,4.0,4.0,2.0,2.0,4.0,4.0,4.0,4.0,1.0,5.0,3.0,4.0,2.0,5,5,4,3,5,2,6,2,3,4,1,1,0,1,1,0,0,0,0,1,0,0,1,1,1,1,2,2,1,1,19,1,2,1,60,1,1,2
6640,4.0,4.0,2.0,3.0,5.0,3.0,2.0,3.0,1.0,4.0,1.0,5.0,2.0,1.0,2.0,2.0,1.0,4.0,2.0,4.0,2,5,5,1,5,4,3,3,1,4,1,1,0,1,1,0,0,1,0,1,0,0,0,1,1,1,3,3,1,2,40,1,2,1,60,2,2,1
6641,3.0,3.0,4.0,4.0,4.0,2.0,2.0,2.0,5.0,4.0,1.0,1.0,2.0,2.0,3.0,3.0,4.0,4.0,4.0,1.0,3,1,4,5,5,6,7,5,3,5,1,1,1,1,1,0,0,1,0,1,0,0,0,1,1,1,3,3,2,2,40,1,2,1,60,2,2,2
6642,4.0,1.0,3.0,1.0,4.0,5.0,5.0,5.0,5.0,4.0,1.0,1.0,4.0,1.0,3.0,2.0,1.0,4.0,5.0,1.0,2,7,6,6,6,6,5,3,3,2,1,1,0,1,1,0,0,0,0,1,0,0,1,1,1,1,2,1,2,1,28,1,2,5,60,1,2,3
6643,3.0,2.0,3.0,3.0,2.0,4.0,3.0,1.0,3.0,4.0,2.0,3.0,2.0,3.0,3.0,3.0,2.0,4.0,3.0,4.0,6,5,5,4,4,5,5,4,6,1,1,1,1,1,1,1,1,1,1,1,1,1,1,1,1,1,3,3,2,2,29,1,7,1,60,2,1,2
6644,4.0,4.0,3.0,1.0,4.0,1.0,2.0,5.0,2.0,1.0,1.0,4.0,5.0,1.0,3.0,1.0,1.0,4.0,4.0,4.0,7,6,5,7,7,1,5,5,1,1,1,1,1,1,1,0,0,0,0,1,0,0,0,0,1,1,3,3,1,2,27,1,2,1,60,1,2,3
6645,5.0,1.0,5.0,1.0,1.0,1.0,1.0,1.0,5.0,5.0,1.0,1.0,1.0,1.0,1.0,5.0,1.0,1.0,5.0,3.0,7,5,7,7,7,5,7,5,5,1,1,1,0,1,1,0,0,0,0,1,0,0,1,0,1,1,3,3,1,1,25,2,2,1,60,2,1,3
6646,5.0,5.0,1.0,1.0,5.0,1.0,1.0,5.0,5.0,1.0,1.0,5.0,5.0,1.0,5.0,1.0,1.0,5.0,5.0,1.0,1,7,7,5,5,7,1,5,3,3,1,1,0,1,1,0,0,0,0,1,0,0,1,1,1,1,3,3,1,1,23,1,7,1,30,2,1,1
6647,4.0,5.0,5.0,3.0,5.0,2.0,2.0,5.0,5.0,5.0,1.0,5.0,1.0,1.0,5.0,4.0,2.0,4.0,1.0,1.0,4,3,7,1,6,7,6,7,7,5,1,1,1,1,1,0,0,0,0,1,0,0,1,1,1,1,4,3,2,2,48,2,4,1,10,2,2,1
6648,4.0,5.0,1.0,1.0,2.0,1.0,2.0,5.0,5.0,2.0,2.0,5.0,1.0,2.0,1.0,2.0,2.0,2.0,2.0,4.0,3,7,6,3,7,5,7,1,5,2,0,0,0,0,1,0,0,1,1,0,0,0,0,1,0,1,3,1,1,2,22,1,10,1,10,2,1,1
6649,4.0,4.0,1.0,1.0,5.0,1.0,1.0,5.0,1.0,3.0,2.0,5.0,5.0,2.0,4.0,2.0,2.0,3.0,5.0,4.0,5,5,3,1,6,3,7,1,6,4,1,0,0,1,0,0,0,0,0,1,0,0,0,0,0,1,2,3,1,2,17,2,10,1,70,2,1,2
6650,4.0,4.0,2.0,2.0,5.0,2.0,2.0,4.0,2.0,1.0,3.0,5.0,3.0,3.0,3.0,2.0,5.0,3.0,5.0,1.0,2,4,5,5,4,2,6,6,4,1,1,1,1,1,1,0,1,1,1,1,1,1,1,1,1,1,3,3,1,1,27,1,7,1,30,1,1,0
6651,1.0,4.0,4.0,4.0,4.0,4.0,2.0,4.0,3.0,4.0,1.0,5.0,2.0,3.0,5.0,1.0,3.0,5.0,5.0,5.0,5,2,6,7,7,1,7,6,2,4,1,1,1,1,1,0,0,1,0,1,0,0,0,1,1,1,3,3,2,2,28,1,1,5,70,2,3,2
6652,5.0,4.0,2.0,1.0,5.0,5.0,2.0,4.0,4.0,4.0,2.0,4.0,4.0,2.0,3.0,2.0,3.0,2.0,5.0,1.0,1,5,7,6,5,7,2,5,2,2,1,1,0,1,1,0,0,0,0,1,0,0,0,1,1,1,2,3,2,2,19,2,2,1,60,2,1,2
6653,1.0,1.0,5.0,4.0,4.0,5.0,4.0,4.0,5.0,5.0,5.0,1.0,4.0,3.0,2.0,5.0,2.0,1.0,5.0,1.0,7,4,6,2,6,4,5,1,6,1,1,1,1,1,1,1,1,1,0,1,0,1,0,1,1,1,2,3,2,1,16,2,4,1,60,2,1,4
6654,3.0,4.0,5.0,3.0,5.0,3.0,1.0,2.0,5.0,2.0,2.0,3.0,2.0,2.0,4.0,3.0,2.0,2.0,4.0,1.0,5,3,7,3,7,5,3,3,7,2,1,1,1,1,1,0,1,1,0,1,1,0,1,1,1,1,4,2,1,1,32,1,1,1,60,1,1,2
6655,4.0,4.0,2.0,4.0,5.0,1.0,1.0,3.0,3.0,1.0,1.0,5.0,2.0,2.0,5.0,1.0,3.0,5.0,5.0,3.0,4,7,7,4,2,5,6,1,7,1,1,1,0,1,1,0,0,1,0,1,0,0,1,1,1,1,3,3,1,2,27,1,2,1,60,2,1,1
6656,1.0,1.0,3.0,5.0,2.0,2.0,2.0,1.0,5.0,4.0,2.0,1.0,2.0,3.0,2.0,5.0,5.0,1.0,4.0,1.0,2,4,7,5,6,6,5,1,3,1,1,1,1,1,1,0,0,0,0,1,1,0,1,1,1,1,3,1,2,1,26,1,12,2,60,1,1,3
6657,3.0,4.0,2.0,4.0,2.0,2.0,2.0,2.0,3.0,3.0,1.0,3.0,4.0,2.0,4.0,1.0,3.0,4.0,4.0,2.0,3,5,4,3,6,5,2,5,5,4,1,1,1,1,1,0,1,0,0,1,0,1,1,1,1,1,3,2,1,1,25,1,6,1,60,2,1,2
6658,4.0,3.0,2.0,2.0,5.0,2.0,1.0,4.0,3.0,2.0,1.0,4.0,4.0,2.0,3.0,2.0,4.0,3.0,5.0,1.0,3,6,6,7,5,5,5,2,1,2,1,1,1,1,1,0,0,1,0,1,0,1,1,1,1,1,3,3,2,2,24,1,2,1,60,2,1,1
6659,5.0,4.0,5.0,3.0,4.0,4.0,4.0,4.0,5.0,4.0,2.0,4.0,4.0,2.0,5.0,3.0,5.0,4.0,4.0,1.0,6,6,5,4,7,4,5,6,4,3,1,1,0,1,1,0,0,1,0,1,0,1,1,1,1,1,3,2,1,2,25,1,2,2,10,2,1,2
6660,5.0,5.0,3.0,1.0,2.0,2.0,2.0,4.0,3.0,3.0,1.0,4.0,1.0,3.0,3.0,2.0,1.0,5.0,5.0,1.0,3,5,2,2,5,6,1,6,2,2,1,1,0,1,1,0,0,0,0,1,0,0,1,1,1,1,2,2,1,1,18,1,2,1,60,2,1,3
6661,5.0,3.0,2.0,1.0,5.0,2.0,1.0,4.0,1.0,4.0,1.0,5.0,4.0,2.0,5.0,2.0,5.0,5.0,5.0,5.0,6,6,5,5,4,2,4,6,3,4,1,1,0,1,1,0,0,0,0,1,0,0,0,1,1,1,2,2,2,2,20,2,10,1,60,1,1,2
6662,2.0,5.0,2.0,5.0,3.0,2.0,1.0,2.0,4.0,2.0,2.0,4.0,4.0,3.0,4.0,4.0,5.0,4.0,5.0,2.0,6,2,7,1,7,4,6,3,6,4,1,1,0,1,1,0,0,0,0,1,0,0,1,1,1,1,3,3,2,1,37,1,6,1,10,2,2,3
6663,4.0,4.0,2.0,3.0,5.0,2.0,2.0,4.0,2.0,2.0,1.0,5.0,4.0,2.0,4.0,1.0,1.0,4.0,3.0,4.0,2,5,7,5,5,5,5,3,5,1,1,1,1,1,1,0,1,1,0,1,1,0,1,1,1,1,4,2,2,1,35,1,4,1,70,1,1,3
6664,5.0,5.0,4.0,1.0,1.0,1.0,1.0,4.0,5.0,1.0,3.0,1.0,1.0,1.0,1.0,4.0,1.0,4.0,5.0,3.0,5,5,3,3,7,6,4,4,3,1,1,1,0,1,1,0,0,0,0,1,0,0,1,1,1,1,3,3,1,2,25,2,1,1,60,2,1,2
6665,4.0,4.0,2.0,1.0,2.0,4.0,1.0,1.0,4.0,2.0,2.0,2.0,2.0,1.0,5.0,5.0,2.0,4.0,4.0,1.0,2,6,5,5,7,7,5,3,3,5,1,1,0,1,1,0,0,0,0,1,0,0,0,1,1,1,2,2,2,1,18,2,7,1,60,2,1,3
6666,5.0,3.0,2.0,4.0,4.0,5.0,5.0,2.0,5.0,5.0,2.0,4.0,3.0,1.0,4.0,4.0,1.0,4.0,5.0,4.0,2,5,7,4,6,6,4,1,6,2,1,1,0,1,1,0,0,0,0,1,0,0,1,1,1,1,4,2,2,1,48,1,6,1,60,1,2,8
6667,4.0,1.0,4.0,4.0,4.0,2.0,2.0,4.0,5.0,2.0,2.0,4.0,1.0,2.0,2.0,4.0,2.0,2.0,1.0,1.0,2,4,3,5,6,7,6,3,6,3,1,1,1,1,1,0,1,1,0,1,1,1,1,1,1,1,4,2,1,1,27,1,6,1,60,1,2,2
6668,1.0,3.0,1.0,2.0,1.0,1.0,1.0,1.0,1.0,2.0,1.0,5.0,2.0,4.0,1.0,1.0,3.0,2.0,5.0,3.0,2,6,3,2,6,7,5,4,6,3,1,1,0,1,1,0,0,0,0,1,0,0,1,1,1,1,3,3,1,2,25,1,0,1,60,2,1,1
6669,5.0,5.0,2.0,2.0,4.0,1.0,2.0,4.0,1.0,1.0,1.0,5.0,5.0,2.0,4.0,2.0,1.0,4.0,1.0,5.0,6,7,7,3,3,5,5,6,7,5,1,1,0,1,1,1,0,1,0,1,0,1,1,1,1,1,3,2,1,1,25,1,4,1,60,1,1,2
6670,1.0,1.0,4.0,4.0,2.0,2.0,2.0,3.0,5.0,5.0,1.0,1.0,1.0,3.0,3.0,5.0,2.0,4.0,5.0,1.0,2,5,2,5,5,5,5,7,1,5,1,1,0,1,1,0,0,0,0,1,0,0,1,1,1,1,2,1,2,1,20,1,2,2,60,2,1,2
6671,5.0,5.0,1.0,2.0,5.0,1.0,1.0,5.0,2.0,4.0,1.0,5.0,4.0,1.0,5.0,1.0,1.0,5.0,5.0,2.0,6,6,5,4,7,2,2,6,5,2,1,1,0,1,1,0,1,0,0,1,0,0,1,1,1,1,4,2,1,2,24,1,2,1,20,2,1,2
6672,2.0,2.0,5.0,4.0,2.0,5.0,5.0,2.0,5.0,5.0,4.0,1.0,2.0,2.0,1.0,4.0,4.0,1.0,1.0,1.0,6,2,7,2,5,5,6,2,6,3,1,1,0,1,1,1,0,0,0,1,0,0,1,1,1,1,3,1,1,1,57,2,6,1,60,1,2,4
6673,4.0,1.0,5.0,3.0,2.0,4.0,3.0,2.0,5.0,4.0,1.0,4.0,1.0,2.0,4.0,4.0,2.0,2.0,3.0,2.0,5,3,6,4,5,2,6,3,6,6,1,1,0,1,1,0,0,0,0,1,0,0,1,1,1,1,4,2,1,1,39,1,4,1,60,1,2,2
6674,4.0,1.0,1.0,1.0,5.0,2.0,1.0,5.0,4.0,4.0,1.0,4.0,2.0,2.0,3.0,1.0,1.0,5.0,5.0,3.0,5,7,5,3,5,6,2,4,5,4,1,1,0,1,0,0,0,0,0,1,0,0,0,0,1,1,2,3,1,2,21,1,1,1,60,1,1,1
6675,5.0,5.0,1.0,1.0,5.0,1.0,1.0,5.0,1.0,1.0,1.0,5.0,5.0,1.0,5.0,1.0,1.0,5.0,5.0,3.0,5,7,7,1,7,5,6,1,5,1,0,1,0,1,0,0,0,0,0,1,0,0,0,0,1,1,4,3,1,2,22,1,1,1,60,1,1,1
6676,1.0,1.0,5.0,5.0,2.0,5.0,5.0,1.0,5.0,5.0,4.0,1.0,1.0,3.0,2.0,2.0,5.0,2.0,4.0,1.0,4,2,7,5,6,3,6,2,5,4,1,1,0,1,1,0,0,0,0,1,0,0,1,1,1,1,2,3,2,1,33,2,7,1,60,2,3,2
6677,1.0,4.0,2.0,5.0,2.0,5.0,4.0,1.0,5.0,5.0,2.0,2.0,1.0,4.0,4.0,5.0,2.0,1.0,3.0,1.0,7,5,7,5,7,2,7,1,6,5,0,0,0,0,1,0,0,0,0,0,0,0,0,0,0,1,3,3,2,1,22,1,6,1,60,1,1,2
6678,5.0,5.0,2.0,3.0,4.0,1.0,1.0,5.0,4.0,1.0,1.0,4.0,2.0,1.0,4.0,1.0,2.0,3.0,5.0,2.0,5,6,7,5,3,4,3,1,6,2,1,1,0,1,1,0,0,0,0,1,0,0,1,1,1,1,2,3,2,2,23,1,10,1,60,2,1,1
6679,5.0,3.0,4.0,4.0,4.0,4.0,2.0,2.0,3.0,3.0,1.0,4.0,4.0,1.0,4.0,4.0,5.0,5.0,1.0,1.0,6,5,4,2,6,2,6,5,6,1,0,1,0,1,1,0,0,0,0,1,0,0,1,1,1,1,3,2,1,2,46,2,2,1,60,1,3,2
6680,1.0,1.0,4.0,4.0,1.0,2.0,2.0,1.0,5.0,5.0,1.0,1.0,1.0,3.0,2.0,1.0,4.0,4.0,5.0,1.0,7,6,7,3,7,1,5,1,5,2,1,1,1,1,1,0,1,0,0,1,0,0,0,0,1,1,2,2,2,1,21,1,7,1,0,1,1,2
6681,4.0,3.0,2.0,1.0,5.0,1.0,3.0,5.0,3.0,1.0,1.0,4.0,5.0,1.0,5.0,1.0,2.0,4.0,5.0,4.0,5,6,7,1,6,4,3,2,6,1,1,1,0,1,1,1,0,0,0,1,1,0,0,1,1,1,3,3,1,2,19,1,4,1,70,1,1,3
6682,4.0,5.0,1.0,1.0,5.0,1.0,1.0,2.0,1.0,1.0,1.0,5.0,4.0,1.0,5.0,1.0,1.0,5.0,5.0,1.0,4,7,3,2,6,5,3,2,6,2,1,1,0,1,1,0,0,1,0,1,0,0,1,1,1,1,3,2,1,1,37,1,12,1,60,1,1,2
6683,5.0,5.0,1.0,1.0,5.0,2.0,1.0,5.0,1.0,5.0,1.0,5.0,5.0,1.0,4.0,1.0,1.0,5.0,5.0,5.0,1,7,6,4,7,7,6,5,4,7,1,1,1,1,1,0,0,1,0,1,0,0,1,1,1,1,3,3,1,2,23,1,12,3,70,2,1,2
6684,3.0,2.0,3.0,3.0,4.0,3.0,1.0,4.0,3.0,2.0,3.0,1.0,1.0,5.0,5.0,1.0,5.0,3.0,4.0,1.0,6,4,6,4,7,3,6,1,6,1,1,1,0,1,1,0,0,0,1,1,0,0,0,1,1,1,4,3,2,2,28,1,4,1,10,2,1,2
6685,5.0,4.0,2.0,4.0,3.0,1.0,1.0,5.0,5.0,1.0,1.0,5.0,1.0,1.0,1.0,2.0,1.0,5.0,5.0,3.0,1,1,7,5,6,6,5,2,5,4,1,1,0,1,1,0,0,0,0,1,0,0,1,1,1,1,3,2,2,1,35,1,1,1,60,2,3,3
6686,4.0,4.0,3.0,2.0,4.0,3.0,1.0,3.0,3.0,3.0,1.0,3.0,3.0,1.0,5.0,1.0,1.0,4.0,5.0,2.0,5,5,4,2,5,2,4,5,5,3,1,1,0,1,1,0,0,0,0,1,0,0,1,1,1,1,3,1,1,1,25,1,4,1,60,1,1,2
6687,1.0,1.0,5.0,3.0,5.0,5.0,2.0,3.0,5.0,5.0,1.0,5.0,5.0,2.0,3.0,5.0,1.0,3.0,1.0,4.0,1,2,7,6,2,7,7,1,6,7,1,1,1,1,1,1,1,1,0,1,1,0,1,1,1,1,4,2,2,1,47,2,6,1,60,2,2,1
6688,2.0,1.0,5.0,3.0,4.0,5.0,5.0,2.0,5.0,5.0,1.0,1.0,1.0,1.0,1.0,5.0,5.0,5.0,5.0,4.0,6,2,5,4,7,4,7,6,4,4,1,1,1,1,1,0,0,1,0,1,0,0,0,1,1,1,3,3,2,2,53,1,2,1,60,2,1,3
6689,5.0,5.0,1.0,3.0,4.0,3.0,1.0,5.0,5.0,5.0,2.0,5.0,4.0,1.0,4.0,2.0,1.0,4.0,5.0,5.0,4,6,6,1,6,3,5,3,4,1,0,1,1,1,1,0,0,0,0,1,1,0,0,1,1,1,3,3,1,2,29,1,2,1,60,1,1,1
6690,5.0,4.0,1.0,1.0,5.0,1.0,1.0,5.0,2.0,1.0,1.0,5.0,5.0,2.0,4.0,1.0,1.0,5.0,4.0,5.0,6,6,7,1,7,6,5,1,7,3,1,1,1,1,1,0,1,0,0,1,0,0,1,1,1,1,3,2,1,1,40,1,12,1,60,1,2,1
6691,4.0,5.0,2.0,2.0,5.0,2.0,1.0,3.0,1.0,2.0,2.0,5.0,4.0,3.0,3.0,1.0,3.0,5.0,4.0,4.0,6,6,4,2,5,6,2,4,6,6,0,0,0,1,0,0,0,1,0,1,0,0,0,0,1,1,3,3,1,2,18,1,10,1,20,2,1,4
6692,1.0,5.0,1.0,4.0,5.0,5.0,4.0,5.0,5.0,5.0,1.0,5.0,1.0,1.0,1.0,5.0,1.0,5.0,5.0,1.0,1,7,6,7,7,7,7,7,4,7,1,1,0,1,1,0,0,0,0,1,1,1,1,1,1,1,4,2,1,1,26,1,2,2,60,1,1,2
6693,1.0,2.0,4.0,2.0,2.0,4.0,4.0,1.0,4.0,4.0,1.0,4.0,2.0,4.0,1.0,2.0,3.0,2.0,3.0,1.0,5,1,6,5,5,4,5,5,6,2,1,1,0,1,0,0,0,0,0,1,0,0,0,0,1,1,2,1,2,1,33,1,12,1,60,1,3,2
6694,4.0,4.0,1.0,2.0,4.0,1.0,1.0,2.0,2.0,2.0,1.0,5.0,4.0,1.0,5.0,1.0,1.0,5.0,5.0,5.0,2,4,6,1,6,6,5,5,7,5,1,1,0,1,1,1,0,1,0,1,0,0,1,1,1,1,3,1,1,2,35,1,2,1,60,1,2,2
6695,4.0,1.0,2.0,1.0,1.0,2.0,1.0,4.0,1.0,1.0,5.0,2.0,1.0,1.0,5.0,3.0,3.0,1.0,5.0,1.0,3,6,7,2,7,6,2,3,3,1,1,1,1,1,1,0,0,1,0,1,0,0,0,1,1,1,2,3,1,2,19,1,2,1,20,2,1,2
6696,5.0,5.0,3.0,3.0,4.0,1.0,2.0,5.0,2.0,3.0,1.0,5.0,4.0,2.0,2.0,2.0,4.0,4.0,5.0,3.0,6,2,6,5,7,7,7,1,6,4,0,0,0,0,0,0,0,1,0,0,0,0,0,0,0,0,3,3,1,2,23,1,8,1,10,1,1,2
6697,4.0,4.0,2.0,3.0,5.0,2.0,1.0,4.0,4.0,5.0,2.0,5.0,5.0,1.0,3.0,2.0,2.0,4.0,5.0,2.0,5,5,6,4,6,5,4,7,4,2,1,1,1,1,1,0,0,0,0,1,0,0,1,1,1,1,3,1,1,2,19,1,4,1,60,2,1,2
6698,5.0,1.0,5.0,1.0,1.0,5.0,5.0,1.0,5.0,1.0,1.0,5.0,1.0,1.0,1.0,1.0,1.0,5.0,5.0,1.0,6,5,2,5,7,7,5,3,3,2,1,0,0,1,1,0,0,0,0,1,0,0,0,0,1,1,3,1,1,2,41,1,12,1,60,1,1,3
6699,5.0,5.0,2.0,1.0,5.0,1.0,1.0,5.0,4.0,2.0,1.0,5.0,4.0,1.0,5.0,1.0,1.0,5.0,5.0,5.0,2,1,7,2,6,7,7,5,7,2,1,1,0,1,1,0,0,0,0,1,0,0,0,0,0,1,4,2,1,2,36,1,1,1,30,2,1,6
6700,3.0,1.0,2.0,4.0,2.0,2.0,3.0,2.0,3.0,5.0,3.0,2.0,1.0,4.0,5.0,2.0,3.0,3.0,4.0,2.0,4,1,5,5,4,7,4,3,5,2,1,1,1,1,1,0,0,0,0,1,0,0,0,1,1,1,2,2,1,2,22,1,1,1,60,1,1,1
6701,5.0,4.0,5.0,3.0,5.0,2.0,1.0,4.0,5.0,2.0,1.0,1.0,3.0,1.0,5.0,2.0,5.0,5.0,5.0,3.0,6,2,7,5,7,7,7,1,7,6,1,1,0,1,1,0,0,0,0,1,0,0,1,1,1,1,4,2,2,2,27,1,9,2,60,1,1,1
6702,3.0,2.0,2.0,4.0,4.0,4.0,3.0,4.0,4.0,4.0,2.0,2.0,2.0,4.0,2.0,2.0,2.0,4.0,5.0,3.0,6,3,5,5,3,3,6,3,5,3,0,0,0,1,0,0,0,0,0,0,0,0,0,0,0,0,3,3,1,2,30,1,8,1,10,2,1,2
6703,1.0,2.0,5.0,5.0,2.0,4.0,3.0,1.0,5.0,5.0,3.0,2.0,1.0,4.0,2.0,4.0,5.0,2.0,5.0,1.0,7,1,6,5,6,1,7,5,6,4,1,1,0,1,1,0,0,0,0,1,0,0,1,1,1,1,3,2,2,1,33,1,4,1,60,1,2,1
6704,5.0,4.0,4.0,4.0,3.0,2.0,2.0,3.0,2.0,2.0,3.0,2.0,5.0,4.0,4.0,3.0,5.0,4.0,1.0,2.0,6,5,2,4,5,3,6,2,6,3,1,0,0,1,0,0,0,0,0,1,0,0,0,0,1,1,2,3,2,2,18,1,10,3,10,2,1,3
6705,4.0,5.0,2.0,2.0,3.0,4.0,3.0,4.0,5.0,5.0,1.0,5.0,3.0,1.0,5.0,4.0,3.0,4.0,5.0,1.0,6,7,1,5,7,2,6,7,4,1,1,1,0,1,1,1,0,0,0,1,0,0,1,1,1,1,3,2,2,1,30,1,7,1,60,2,1,4
6706,5.0,4.0,1.0,4.0,5.0,1.0,1.0,1.0,5.0,1.0,1.0,2.0,4.0,1.0,2.0,1.0,1.0,3.0,3.0,3.0,4,4,6,5,6,7,5,2,7,2,1,1,1,1,1,0,0,0,0,1,0,0,1,1,1,1,2,2,2,1,56,1,1,1,70,2,2,3
6707,1.0,2.0,2.0,4.0,4.0,2.0,2.0,2.0,4.0,4.0,2.0,2.0,2.0,2.0,2.0,1.0,5.0,3.0,5.0,2.0,2,2,5,6,5,6,6,5,3,2,1,1,1,1,1,0,0,0,0,1,0,0,1,1,1,1,3,3,2,1,34,1,12,2,60,1,3,3
6708,2.0,2.0,5.0,5.0,2.0,2.0,2.0,1.0,5.0,5.0,1.0,4.0,1.0,2.0,3.0,4.0,5.0,4.0,1.0,1.0,3,6,7,4,5,5,7,1,6,5,1,1,0,1,1,0,0,0,0,1,0,0,0,0,1,1,4,3,2,2,35,1,10,1,60,2,3,3
6709,2.0,4.0,1.0,1.0,4.0,1.0,1.0,2.0,2.0,4.0,1.0,5.0,2.0,1.0,4.0,3.0,3.0,4.0,5.0,1.0,5,5,4,4,6,6,5,4,5,6,1,0,0,1,0,0,0,0,0,1,0,0,0,1,1,1,1,3,1,2,14,1,1,1,60,2,1,1
6710,5.0,5.0,3.0,2.0,4.0,1.0,1.0,1.0,2.0,3.0,2.0,4.0,2.0,2.0,3.0,1.0,4.0,5.0,5.0,2.0,3,6,4,5,4,4,6,5,3,2,1,0,0,0,0,0,0,0,0,0,0,0,0,1,0,1,3,2,1,2,23,1,1,1,60,1,1,4
6711,2.0,3.0,2.0,4.0,5.0,2.0,1.0,4.0,1.0,1.0,1.0,5.0,5.0,4.0,5.0,1.0,2.0,5.0,4.0,2.0,6,5,6,3,6,1,6,2,6,2,1,1,0,1,1,0,0,1,0,1,1,0,1,1,1,1,3,2,1,2,34,1,2,1,60,2,1,3
6712,4.0,2.0,4.0,4.0,4.0,2.0,1.0,5.0,5.0,3.0,1.0,5.0,4.0,1.0,4.0,2.0,5.0,2.0,5.0,2.0,3,5,6,5,5,4,5,3,3,2,1,1,1,1,1,0,0,1,0,1,0,0,1,1,1,1,3,3,1,1,36,2,2,3,60,2,1,3
6713,4.0,5.0,4.0,1.0,5.0,1.0,2.0,4.0,4.0,1.0,1.0,5.0,4.0,1.0,5.0,1.0,3.0,4.0,5.0,3.0,4,7,3,1,7,4,4,6,7,1,1,1,1,1,1,0,0,1,0,1,0,0,1,1,1,1,2,3,1,2,23,1,1,2,60,2,1,2
6714,4.0,4.0,1.0,4.0,4.0,1.0,1.0,1.0,2.0,5.0,1.0,3.0,1.0,2.0,5.0,1.0,1.0,4.0,5.0,1.0,1,7,7,5,7,7,6,6,3,2,1,1,0,1,1,0,1,1,0,1,0,0,1,1,1,1,1,2,1,1,15,1,2,1,60,2,1,2
6715,4.0,4.0,4.0,1.0,4.0,2.0,1.0,5.0,5.0,3.0,1.0,4.0,5.0,2.0,4.0,4.0,1.0,5.0,5.0,5.0,2,6,6,3,5,6,3,1,7,1,1,1,0,1,1,0,0,0,0,1,0,0,0,1,1,1,2,3,1,1,18,1,2,1,60,2,1,4
6716,1.0,2.0,5.0,4.0,2.0,4.0,4.0,2.0,5.0,4.0,4.0,2.0,2.0,2.0,5.0,5.0,1.0,4.0,2.0,1.0,3,2,6,3,5,7,6,3,7,5,1,1,1,1,1,1,1,1,0,1,0,1,1,1,1,1,4,3,2,1,33,1,6,1,60,1,3,4
6717,5.0,5.0,2.0,1.0,4.0,1.0,1.0,4.0,1.0,2.0,1.0,5.0,4.0,1.0,5.0,1.0,1.0,5.0,5.0,3.0,2,7,7,6,4,7,1,1,4,2,1,1,0,1,1,0,0,1,0,1,0,0,1,1,1,1,3,2,1,1,21,1,1,1,60,1,1,2
6718,1.0,2.0,5.0,3.0,2.0,4.0,4.0,1.0,5.0,5.0,1.0,1.0,1.0,2.0,3.0,5.0,2.0,2.0,4.0,1.0,6,1,7,2,7,2,7,1,6,3,1,1,0,1,1,0,0,1,0,1,0,0,1,1,1,1,4,2,2,1,27,1,1,1,60,1,1,2
6719,2.0,3.0,1.0,4.0,2.0,1.0,1.0,1.0,5.0,3.0,3.0,4.0,2.0,2.0,2.0,2.0,1.0,4.0,5.0,4.0,1,2,4,3,6,7,4,5,5,3,1,1,1,1,1,0,1,1,0,1,1,0,1,1,1,1,3,1,2,1,52,1,2,1,60,1,3,1
6720,5.0,5.0,5.0,1.0,5.0,2.0,1.0,1.0,4.0,4.0,1.0,2.0,4.0,2.0,4.0,3.0,5.0,4.0,5.0,1.0,2,6,2,7,2,2,6,7,2,6,1,1,0,1,1,0,0,1,0,1,1,0,0,1,1,1,3,1,2,1,36,1,7,1,60,2,2,3
6721,1.0,5.0,2.0,2.0,5.0,1.0,1.0,5.0,3.0,1.0,1.0,4.0,1.0,1.0,5.0,1.0,1.0,4.0,5.0,5.0,7,6,6,3,7,2,6,3,3,1,1,1,1,1,1,1,1,1,1,1,1,1,1,1,1,1,4,2,2,1,33,1,2,2,60,2,1,2
6722,2.0,5.0,4.0,1.0,5.0,5.0,5.0,2.0,5.0,5.0,1.0,3.0,4.0,1.0,3.0,2.0,1.0,3.0,5.0,1.0,5,7,5,6,6,4,5,6,3,1,1,1,1,1,1,0,0,1,0,1,0,0,1,1,1,1,2,1,2,2,24,1,1,2,70,1,1,2
6723,4.0,5.0,2.0,3.0,3.0,2.0,2.0,4.0,3.0,2.0,2.0,4.0,3.0,2.0,5.0,3.0,3.0,4.0,5.0,4.0,5,5,6,5,6,3,5,1,6,1,1,1,1,1,1,0,0,0,1,1,1,0,1,1,1,1,4,3,2,1,33,1,4,1,60,1,1,3
6724,1.0,1.0,2.0,2.0,2.0,4.0,2.0,2.0,5.0,5.0,1.0,4.0,1.0,1.0,1.0,4.0,1.0,2.0,5.0,1.0,5,3,6,2,2,6,7,1,6,2,1,1,1,1,1,0,0,1,0,1,0,0,1,1,1,1,2,2,2,1,28,1,12,1,60,0,1,1
6725,3.0,2.0,4.0,5.0,5.0,2.0,1.0,1.0,5.0,3.0,2.0,5.0,4.0,4.0,3.0,2.0,1.0,3.0,5.0,1.0,5,5,7,6,6,7,5,2,2,1,1,1,1,1,1,0,0,1,0,1,0,0,1,1,1,1,3,2,1,1,45,1,6,1,60,1,2,2
6726,3.0,3.0,4.0,4.0,4.0,2.0,1.0,1.0,5.0,5.0,1.0,3.0,1.0,4.0,5.0,4.0,5.0,4.0,5.0,1.0,5,2,1,6,6,4,7,7,5,5,1,1,1,1,1,0,1,1,0,1,1,0,1,1,1,1,3,3,1,1,24,1,4,1,10,1,1,1
6727,2.0,2.0,5.0,4.0,2.0,4.0,3.0,4.0,4.0,4.0,3.0,2.0,2.0,3.0,2.0,4.0,4.0,2.0,2.0,4.0,6,2,5,2,5,2,5,5,5,4,0,0,0,1,1,0,0,0,0,1,0,0,1,0,1,1,3,3,1,2,29,1,8,1,10,1,2,2
6728,5.0,1.0,1.0,2.0,4.0,4.0,1.0,5.0,4.0,5.0,1.0,5.0,5.0,1.0,5.0,2.0,5.0,1.0,5.0,3.0,6,7,6,1,7,6,7,2,7,5,1,1,1,1,1,0,1,1,0,1,1,1,1,1,1,1,3,3,1,1,53,1,1,1,30,1,3,3
6729,4.0,5.0,2.0,1.0,5.0,3.0,2.0,4.0,2.0,4.0,3.0,4.0,4.0,2.0,4.0,2.0,3.0,4.0,4.0,4.0,5,6,6,5,5,3,6,1,3,4,1,0,1,1,1,0,0,0,0,1,0,0,0,1,1,1,4,3,1,2,32,1,7,1,60,2,1,3
6730,2.0,2.0,4.0,5.0,4.0,4.0,4.0,4.0,4.0,5.0,3.0,4.0,1.0,4.0,2.0,4.0,4.0,3.0,5.0,1.0,4,6,6,6,6,3,5,3,4,3,1,1,0,1,1,0,0,1,0,1,0,0,1,1,1,1,4,3,2,1,35,1,12,1,60,2,1,4
6731,5.0,5.0,4.0,1.0,3.0,5.0,2.0,2.0,4.0,1.0,3.0,4.0,4.0,1.0,5.0,2.0,4.0,4.0,5.0,4.0,5,5,6,2,6,7,4,4,5,2,1,1,1,1,1,0,0,0,0,1,0,0,1,0,1,1,2,3,1,2,23,1,4,1,70,2,1,4
6732,3.0,2.0,2.0,3.0,4.0,4.0,4.0,2.0,5.0,4.0,2.0,4.0,2.0,2.0,2.0,4.0,2.0,4.0,4.0,4.0,3,3,6,3,7,6,5,1,5,4,1,1,0,1,1,0,0,0,0,1,0,0,1,1,1,1,4,3,1,2,31,1,6,1,70,2,3,2
6733,5.0,5.0,2.0,3.0,5.0,1.0,1.0,5.0,4.0,1.0,1.0,5.0,5.0,1.0,4.0,1.0,3.0,5.0,5.0,1.0,1,7,7,2,5,6,1,4,7,3,1,1,0,1,1,0,0,1,0,1,0,0,1,0,1,1,4,3,1,2,32,2,1,1,60,2,3,1
6734,5.0,4.0,1.0,1.0,5.0,1.0,1.0,4.0,1.0,2.0,1.0,5.0,5.0,1.0,3.0,2.0,1.0,5.0,5.0,4.0,4,5,5,3,6,4,4,2,2,1,1,1,1,1,1,0,0,1,0,1,1,1,1,1,1,1,3,1,1,1,42,1,2,5,60,2,3,2
6735,4.0,2.0,2.0,2.0,2.0,2.0,2.0,4.0,4.0,2.0,1.0,5.0,4.0,2.0,4.0,1.0,2.0,3.0,2.0,4.0,5,1,4,5,5,5,6,4,6,4,1,0,0,1,1,0,0,0,0,1,0,0,1,1,1,1,4,3,1,2,37,1,8,1,10,1,2,4
6736,3.0,5.0,3.0,1.0,5.0,3.0,1.0,4.0,1.0,2.0,1.0,2.0,5.0,1.0,5.0,1.0,1.0,5.0,5.0,5.0,1,7,2,7,6,6,5,5,4,1,1,0,0,1,1,0,0,0,0,1,0,0,0,1,1,1,1,2,2,1,17,1,2,1,60,2,1,3
6737,3.0,3.0,2.0,1.0,4.0,2.0,1.0,4.0,4.0,2.0,2.0,5.0,4.0,1.0,5.0,1.0,1.0,4.0,5.0,4.0,2,5,3,5,7,6,6,5,4,1,1,1,1,1,1,0,0,0,0,1,0,1,1,1,1,1,2,3,1,1,24,1,1,1,60,2,1,4
6738,1.0,2.0,5.0,4.0,5.0,3.0,3.0,1.0,5.0,2.0,1.0,2.0,1.0,1.0,1.0,4.0,1.0,1.0,3.0,1.0,6,5,3,1,6,1,7,6,7,3,1,1,0,1,1,0,0,0,0,1,0,0,1,1,1,1,4,3,1,2,31,1,8,1,10,1,2,2
6739,5.0,3.0,5.0,3.0,5.0,5.0,5.0,4.0,5.0,3.0,2.0,3.0,5.0,5.0,3.0,4.0,2.0,5.0,5.0,1.0,5,1,7,5,7,6,7,3,6,1,1,1,1,1,1,1,1,0,1,1,1,1,1,1,1,1,2,2,1,1,19,1,4,1,60,2,1,3
6740,5.0,5.0,3.0,3.0,4.0,2.0,1.0,3.0,2.0,2.0,1.0,5.0,5.0,1.0,5.0,2.0,1.0,5.0,5.0,4.0,0,0,0,0,0,0,0,0,0,0,0,0,0,0,0,0,0,0,0,0,0,0,0,0,0,0,3,3,1,1,28,2,12,1,70,2,1,3
6741,1.0,2.0,4.0,4.0,5.0,4.0,1.0,1.0,5.0,4.0,2.0,2.0,1.0,1.0,3.0,4.0,3.0,4.0,5.0,1.0,5,5,6,5,7,2,6,1,4,1,1,1,0,1,1,0,0,0,0,1,1,0,1,1,1,1,4,3,1,1,29,1,1,1,60,1,1,1
6742,5.0,5.0,4.0,4.0,3.0,4.0,1.0,5.0,2.0,1.0,2.0,3.0,4.0,1.0,5.0,1.0,2.0,5.0,5.0,1.0,2,1,6,6,6,6,6,5,3,3,1,1,1,1,1,0,1,1,0,1,1,0,1,1,1,1,3,2,2,1,24,1,12,1,60,1,1,2
6743,4.0,5.0,5.0,4.0,5.0,2.0,2.0,2.0,3.0,4.0,2.0,5.0,3.0,3.0,5.0,2.0,2.0,2.0,4.0,1.0,7,1,3,2,7,3,4,5,7,1,1,1,1,1,1,0,0,0,0,1,0,0,0,1,1,1,4,1,2,1,22,1,8,1,10,1,1,2
6744,4.0,5.0,3.0,1.0,4.0,2.0,1.0,3.0,4.0,3.0,2.0,4.0,4.0,2.0,2.0,3.0,5.0,4.0,5.0,4.0,3,4,2,2,5,5,3,6,6,4,1,0,0,1,1,0,0,1,0,1,0,0,0,1,0,1,3,3,1,2,23,1,10,1,70,1,1,2
6745,5.0,3.0,1.0,2.0,4.0,1.0,1.0,5.0,3.0,1.0,3.0,5.0,5.0,3.0,5.0,1.0,1.0,5.0,5.0,1.0,5,7,7,1,7,3,1,2,7,3,1,0,0,1,1,0,0,0,0,1,0,0,0,0,1,1,2,2,1,1,16,1,2,1,60,2,1,4
6746,3.0,5.0,4.0,5.0,5.0,5.0,1.0,3.0,4.0,5.0,3.0,2.0,1.0,5.0,3.0,1.0,3.0,5.0,3.0,1.0,5,6,1,7,5,4,7,1,1,2,1,1,0,1,1,0,0,1,0,1,0,0,0,1,0,1,2,3,2,2,17,1,6,1,10,2,1,2
6747,4.0,5.0,5.0,1.0,5.0,5.0,4.0,1.0,5.0,4.0,5.0,5.0,5.0,5.0,1.0,2.0,1.0,4.0,5.0,5.0,6,7,7,2,6,6,6,5,5,3,1,0,0,1,0,0,0,0,1,0,0,0,0,0,0,1,4,2,1,2,21,1,10,2,10,2,1,8
6748,3.0,2.0,2.0,1.0,5.0,1.0,1.0,5.0,4.0,2.0,1.0,5.0,2.0,1.0,1.0,1.0,1.0,2.0,5.0,3.0,1,4,4,1,6,7,3,4,7,3,0,0,0,0,0,0,0,0,0,0,0,0,0,0,0,0,3,3,1,2,38,1,2,1,60,1,1,3
6749,5.0,1.0,1.0,2.0,5.0,5.0,2.0,5.0,5.0,5.0,1.0,5.0,1.0,1.0,5.0,5.0,1.0,1.0,1.0,1.0,7,1,3,5,7,7,7,5,6,1,1,1,0,1,1,0,0,0,0,1,0,0,0,1,1,1,3,2,2,2,24,1,12,2,30,1,1,2
6750,1.0,1.0,1.0,3.0,2.0,1.0,2.0,1.0,5.0,2.0,2.0,1.0,1.0,1.0,1.0,1.0,1.0,4.0,2.0,1.0,5,5,6,3,6,1,7,6,5,5,1,1,1,1,1,0,0,0,0,1,0,0,1,1,1,1,3,1,1,1,52,1,6,1,30,1,2,2
6751,2.0,4.0,5.0,2.0,4.0,4.0,4.0,4.0,4.0,5.0,2.0,4.0,1.0,2.0,4.0,2.0,3.0,4.0,4.0,4.0,6,6,7,6,6,5,5,5,3,5,1,1,1,1,1,0,1,0,1,1,0,0,1,1,1,1,3,1,2,2,53,1,4,1,60,1,1,4
6752,5.0,5.0,1.0,1.0,5.0,1.0,1.0,5.0,1.0,1.0,1.0,5.0,5.0,1.0,5.0,1.0,1.0,5.0,5.0,5.0,4,6,3,1,5,1,1,5,3,1,1,1,1,1,1,1,1,1,1,1,1,1,1,1,1,1,3,1,1,1,27,2,2,1,60,1,2,4
6753,2.0,1.0,2.0,4.0,1.0,1.0,1.0,1.0,5.0,4.0,2.0,1.0,1.0,2.0,4.0,1.0,5.0,4.0,5.0,1.0,5,5,6,6,7,3,5,6,3,1,1,1,1,1,1,0,1,1,0,1,1,0,1,1,1,1,0,3,1,1,33,1,1,3,30,2,1,2
6754,3.0,2.0,5.0,1.0,4.0,5.0,5.0,2.0,5.0,2.0,1.0,5.0,1.0,4.0,4.0,2.0,1.0,4.0,5.0,5.0,2,5,4,4,5,7,2,2,5,1,1,0,0,1,1,0,0,0,0,1,0,0,0,1,1,1,4,3,2,2,22,2,8,1,10,2,1,1
6755,1.0,2.0,5.0,5.0,4.0,5.0,5.0,1.0,5.0,4.0,5.0,4.0,1.0,4.0,3.0,5.0,3.0,4.0,3.0,1.0,6,1,7,2,7,5,7,2,7,2,1,1,0,1,1,0,0,0,0,1,0,0,0,1,1,1,2,1,1,1,58,1,4,1,60,1,2,5
6756,5.0,4.0,1.0,4.0,4.0,1.0,1.0,4.0,4.0,2.0,1.0,5.0,4.0,1.0,5.0,2.0,3.0,3.0,4.0,2.0,6,2,6,4,6,5,6,2,2,1,1,1,0,1,1,1,0,1,0,1,0,0,0,0,1,1,3,3,1,2,27,1,2,1,60,1,1,1
6757,1.0,2.0,5.0,4.0,2.0,2.0,2.0,1.0,5.0,4.0,1.0,4.0,2.0,3.0,3.0,3.0,3.0,2.0,5.0,1.0,4,5,6,5,6,5,7,6,5,5,1,1,0,1,1,0,0,0,0,1,0,0,1,1,1,1,2,2,1,2,22,1,2,1,60,1,1,2
6758,1.0,1.0,3.0,5.0,1.0,4.0,2.0,1.0,5.0,5.0,3.0,3.0,1.0,3.0,1.0,4.0,1.0,2.0,2.0,1.0,2,1,6,1,5,5,5,2,7,5,1,0,0,1,0,0,0,0,0,1,0,0,0,0,1,1,3,2,2,2,60,1,6,1,60,1,3,2
6759,2.0,3.0,4.0,4.0,2.0,4.0,2.0,1.0,5.0,5.0,2.0,4.0,2.0,3.0,4.0,2.0,1.0,2.0,3.0,1.0,6,2,5,4,6,1,5,1,4,3,0,0,0,0,0,0,0,0,0,1,0,0,0,0,1,1,4,2,2,2,29,2,2,1,60,0,2,3
6760,3.0,1.0,4.0,2.0,3.0,2.0,2.0,3.0,4.0,3.0,2.0,4.0,3.0,4.0,2.0,3.0,3.0,3.0,3.0,3.0,2,4,6,6,3,7,7,2,2,3,1,1,0,1,1,0,0,0,0,0,0,0,0,1,1,1,1,2,2,1,14,1,2,5,70,2,1,4
6761,5.0,1.0,4.0,1.0,3.0,1.0,5.0,2.0,3.0,1.0,1.0,5.0,5.0,1.0,1.0,1.0,1.0,5.0,5.0,5.0,2,7,7,2,7,5,4,5,4,1,0,1,0,1,1,1,1,1,0,1,1,0,0,1,1,1,2,3,2,2,16,1,0,1,30,2,1,1
6762,4.0,3.0,3.0,3.0,3.0,3.0,3.0,4.0,3.0,4.0,1.0,4.0,4.0,3.0,2.0,2.0,4.0,3.0,4.0,4.0,6,5,6,3,5,5,6,3,6,3,1,1,1,1,1,1,1,1,0,1,1,0,1,1,1,1,3,3,2,2,34,1,1,1,60,2,2,2
6763,1.0,4.0,2.0,4.0,2.0,1.0,1.0,3.0,4.0,2.0,1.0,1.0,1.0,1.0,3.0,2.0,1.0,3.0,5.0,1.0,5,6,3,5,7,5,5,5,3,2,1,1,1,1,1,0,0,1,0,1,1,0,1,1,1,1,4,2,1,1,26,1,2,1,60,1,1,1
6764,1.0,1.0,4.0,1.0,2.0,5.0,5.0,1.0,5.0,4.0,1.0,1.0,1.0,3.0,3.0,4.0,3.0,1.0,5.0,1.0,7,1,5,5,6,3,7,5,5,2,0,1,0,1,1,0,0,0,0,1,0,0,0,1,1,1,2,3,2,1,23,1,7,1,60,2,1,2
6765,1.0,1.0,5.0,4.0,3.0,4.0,4.0,3.0,5.0,5.0,3.0,4.0,1.0,3.0,2.0,5.0,5.0,3.0,4.0,1.0,7,1,6,5,5,5,5,5,3,2,1,1,1,1,1,0,0,1,0,1,0,0,1,1,1,1,2,3,2,1,44,0,7,1,70,1,3,3
6766,3.0,4.0,2.0,3.0,5.0,3.0,1.0,5.0,2.0,4.0,2.0,5.0,4.0,2.0,5.0,1.0,1.0,5.0,5.0,3.0,6,5,6,4,7,4,6,1,6,1,1,1,1,1,1,1,1,1,0,1,1,0,1,1,1,0,4,1,1,1,55,1,2,3,60,1,3,4
6767,4.0,5.0,2.0,4.0,5.0,2.0,1.0,4.0,4.0,2.0,1.0,1.0,5.0,2.0,5.0,2.0,1.0,5.0,5.0,4.0,2,6,3,7,7,3,7,6,1,2,1,1,0,1,1,0,1,0,0,1,0,1,1,1,1,1,2,3,2,1,18,2,12,2,60,2,1,3
6768,1.0,2.0,2.0,3.0,2.0,4.0,4.0,1.0,5.0,5.0,3.0,3.0,1.0,4.0,3.0,3.0,2.0,2.0,5.0,1.0,2,5,6,7,4,6,6,3,4,1,1,1,1,1,1,0,0,0,0,1,1,0,1,1,1,1,2,3,2,1,19,1,7,1,60,1,1,3
6769,1.0,2.0,1.0,2.0,4.0,1.0,1.0,2.0,5.0,5.0,1.0,4.0,1.0,1.0,2.0,1.0,1.0,4.0,5.0,2.0,7,3,7,1,7,1,6,2,7,2,1,1,0,1,1,0,0,1,0,1,0,1,1,1,1,1,3,3,2,1,32,1,7,1,30,1,1,2
6770,1.0,1.0,4.0,5.0,2.0,4.0,5.0,1.0,5.0,5.0,2.0,1.0,2.0,2.0,1.0,2.0,2.0,4.0,5.0,1.0,6,3,6,6,7,6,7,6,3,1,1,1,0,1,1,0,0,0,0,1,0,0,1,1,1,1,3,1,2,1,24,2,2,2,60,1,1,3
6771,2.0,2.0,2.0,3.0,1.0,1.0,2.0,2.0,5.0,3.0,1.0,4.0,2.0,3.0,3.0,1.0,5.0,4.0,3.0,1.0,1,1,1,5,4,7,5,7,1,2,1,1,1,1,1,0,0,0,0,1,0,0,1,1,1,1,3,2,2,1,22,1,12,4,60,1,1,2
6772,1.0,1.0,2.0,1.0,2.0,2.0,1.0,3.0,5.0,2.0,1.0,4.0,1.0,1.0,4.0,1.0,2.0,2.0,5.0,2.0,2,5,3,1,6,5,4,5,6,5,1,1,1,1,1,0,1,0,0,1,0,0,1,1,1,1,4,1,1,1,29,1,2,3,60,1,1,2
6773,4.0,5.0,1.0,2.0,5.0,1.0,4.0,3.0,4.0,4.0,2.0,5.0,2.0,1.0,4.0,1.0,1.0,2.0,1.0,4.0,4,7,5,1,7,6,3,6,7,1,1,1,0,1,1,0,1,0,0,1,0,0,1,1,1,1,4,3,1,2,33,1,4,1,70,1,1,4
6774,5.0,5.0,2.0,1.0,5.0,4.0,1.0,5.0,4.0,1.0,1.0,5.0,2.0,1.0,4.0,2.0,5.0,4.0,5.0,2.0,2,7,6,6,6,7,6,6,6,1,0,1,0,1,1,0,0,1,0,1,0,0,1,1,1,1,4,3,2,2,33,1,2,1,70,1,2,3
6775,4.0,4.0,2.0,1.0,2.0,3.0,1.0,3.0,4.0,2.0,1.0,4.0,4.0,1.0,3.0,1.0,2.0,4.0,4.0,1.0,2,6,5,5,6,7,5,5,3,4,0,1,1,0,1,0,0,1,0,0,1,0,1,1,0,0,3,2,1,1,21,1,1,1,10,1,1,2
6776,2.0,4.0,1.0,1.0,5.0,1.0,1.0,4.0,1.0,1.0,1.0,5.0,1.0,5.0,5.0,1.0,1.0,4.0,5.0,1.0,7,6,1,6,7,1,2,6,1,1,1,1,0,1,1,1,0,0,0,1,0,0,1,1,1,1,1,3,2,1,15,1,12,1,70,2,1,3
6777,4.0,4.0,3.0,3.0,4.0,2.0,1.0,2.0,4.0,2.0,1.0,5.0,5.0,3.0,5.0,1.0,1.0,4.0,5.0,1.0,7,5,7,5,7,2,6,1,6,1,1,1,1,1,1,0,0,1,0,1,0,0,1,1,1,1,4,3,2,2,28,1,6,1,10,2,1,3
6778,5.0,5.0,2.0,1.0,4.0,2.0,1.0,4.0,3.0,2.0,1.0,4.0,4.0,1.0,4.0,2.0,1.0,5.0,5.0,1.0,3,6,3,7,4,7,5,6,1,4,0,0,0,0,1,0,0,0,0,0,0,0,1,0,1,0,3,2,1,1,30,1,4,1,60,1,1,2
6779,4.0,2.0,4.0,4.0,4.0,5.0,2.0,4.0,5.0,5.0,5.0,4.0,2.0,3.0,3.0,4.0,5.0,4.0,5.0,4.0,2,5,5,5,5,4,6,5,3,4,1,1,1,1,1,0,1,1,0,1,1,0,0,1,1,1,3,2,1,1,37,1,6,1,0,1,1,3
6780,5.0,5.0,5.0,1.0,5.0,1.0,1.0,4.0,2.0,1.0,1.0,5.0,1.0,1.0,5.0,4.0,1.0,5.0,5.0,5.0,2,2,6,2,6,7,4,2,4,3,1,1,1,1,1,0,1,1,0,1,1,0,1,1,1,1,3,2,1,1,35,2,1,2,60,1,1,2
6781,5.0,5.0,3.0,2.0,1.0,3.0,1.0,5.0,5.0,4.0,2.0,4.0,4.0,2.0,4.0,1.0,2.0,4.0,5.0,3.0,4,7,5,3,6,3,6,2,2,2,1,1,1,1,1,0,1,1,0,1,0,1,1,1,1,1,2,2,1,2,20,1,2,1,60,1,1,3
6782,5.0,1.0,5.0,1.0,5.0,5.0,1.0,5.0,5.0,1.0,1.0,5.0,5.0,1.0,5.0,1.0,1.0,5.0,5.0,1.0,1,1,7,3,4,7,1,2,7,5,1,1,0,1,1,0,0,0,0,1,0,0,1,1,1,1,1,2,1,1,15,1,1,1,0,2,1,3
6783,2.0,2.0,2.0,4.0,4.0,4.0,3.0,2.0,4.0,2.0,3.0,2.0,2.0,4.0,5.0,4.0,4.0,4.0,5.0,4.0,6,3,5,5,6,3,7,2,5,3,1,1,0,1,1,0,1,0,0,1,0,0,1,1,1,1,2,2,2,1,18,2,2,2,10,2,1,2
6784,2.0,4.0,1.0,2.0,4.0,2.0,1.0,4.0,2.0,2.0,1.0,4.0,3.0,1.0,5.0,1.0,1.0,4.0,4.0,5.0,2,6,6,1,7,7,3,3,7,1,1,1,1,1,1,0,1,1,0,1,1,1,1,1,1,1,3,3,1,1,35,1,1,2,60,1,1,2
6785,1.0,2.0,5.0,5.0,1.0,4.0,4.0,2.0,5.0,5.0,2.0,2.0,2.0,3.0,3.0,2.0,4.0,2.0,3.0,1.0,6,1,6,1,6,2,7,2,7,2,1,1,0,1,1,1,1,1,0,1,0,0,1,1,1,1,2,2,2,1,19,1,12,2,60,1,1,5
6786,2.0,4.0,4.0,4.0,4.0,2.0,1.0,5.0,2.0,3.0,2.0,1.0,1.0,1.0,5.0,3.0,1.0,5.0,5.0,1.0,2,7,5,3,5,5,5,2,6,2,1,1,0,1,1,0,0,0,0,1,0,0,1,1,1,1,2,2,1,1,18,1,12,1,60,2,1,1
6787,2.0,1.0,2.0,2.0,2.0,2.0,3.0,2.0,4.0,3.0,1.0,2.0,2.0,2.0,3.0,3.0,1.0,4.0,4.0,2.0,1,6,2,7,3,7,5,2,1,3,1,1,0,1,1,0,0,0,0,1,0,0,1,1,1,1,2,2,2,1,17,1,1,1,60,2,1,3
6788,4.0,4.0,4.0,4.0,3.0,2.0,2.0,4.0,2.0,5.0,2.0,5.0,1.0,1.0,3.0,1.0,4.0,4.0,5.0,1.0,3,5,6,5,6,6,6,2,5,3,1,1,1,1,1,0,1,1,0,1,0,0,1,1,1,1,4,3,1,2,29,1,8,1,10,2,2,3
6789,4.0,4.0,1.0,4.0,5.0,1.0,1.0,5.0,2.0,3.0,1.0,4.0,4.0,2.0,3.0,2.0,1.0,5.0,5.0,4.0,3,2,5,7,5,2,6,2,2,3,1,1,1,1,1,0,0,0,0,1,0,0,1,1,1,1,4,3,2,2,25,1,8,1,70,2,1,1
6790,1.0,1.0,5.0,1.0,5.0,1.0,1.0,4.0,4.0,1.0,1.0,5.0,5.0,2.0,5.0,2.0,5.0,4.0,5.0,1.0,5,6,5,6,6,2,6,5,3,5,1,1,0,1,1,0,0,1,0,1,0,0,1,1,1,1,3,1,2,1,35,1,1,1,60,2,3,2
6791,3.0,2.0,4.0,3.0,2.0,2.0,2.0,3.0,5.0,2.0,1.0,4.0,1.0,1.0,3.0,2.0,2.0,2.0,5.0,3.0,6,4,3,5,6,3,7,4,6,4,1,1,0,1,1,0,0,0,0,1,0,0,1,1,1,1,3,2,2,1,23,1,7,1,60,1,1,2
6792,2.0,1.0,1.0,4.0,4.0,1.0,1.0,2.0,4.0,2.0,1.0,2.0,1.0,3.0,4.0,2.0,1.0,2.0,5.0,1.0,3,6,6,1,6,7,2,2,6,1,1,1,1,1,1,0,0,0,0,1,1,0,1,1,1,1,3,3,1,1,20,1,2,1,60,1,1,4
6793,5.0,2.0,1.0,3.0,4.0,1.0,1.0,1.0,4.0,2.0,2.0,4.0,5.0,1.0,2.0,2.0,1.0,4.0,5.0,5.0,6,2,2,1,7,5,6,1,7,1,1,1,1,1,1,0,1,1,0,1,1,0,1,1,1,1,3,1,2,1,25,3,2,1,60,1,1,1
6794,5.0,5.0,1.0,1.0,4.0,1.0,1.0,5.0,1.0,1.0,1.0,5.0,5.0,1.0,4.0,1.0,1.0,5.0,5.0,4.0,4,4,7,2,6,3,5,1,7,5,0,1,0,1,0,0,0,1,0,1,0,0,1,1,1,1,4,3,1,2,30,1,7,1,60,2,1,2
6795,1.0,1.0,5.0,4.0,4.0,5.0,5.0,1.0,5.0,4.0,1.0,1.0,1.0,2.0,2.0,3.0,2.0,4.0,3.0,1.0,7,2,7,5,6,2,6,1,6,5,1,1,0,1,1,0,0,0,0,1,0,0,0,1,1,1,3,1,2,1,35,1,6,1,60,1,2,2
6796,4.0,5.0,4.0,2.0,2.0,2.0,1.0,5.0,3.0,4.0,1.0,4.0,4.0,1.0,4.0,1.0,2.0,5.0,5.0,3.0,1,7,6,5,7,6,1,7,6,3,0,1,0,0,0,0,0,0,0,1,0,1,0,1,0,1,2,2,2,1,17,1,2,3,60,2,1,4
6797,4.0,5.0,3.0,1.0,5.0,1.0,2.0,4.0,1.0,2.0,1.0,5.0,4.0,1.0,4.0,3.0,2.0,4.0,5.0,3.0,6,5,5,4,5,2,5,4,5,2,1,1,1,1,1,0,1,1,0,1,1,1,1,1,1,1,4,2,1,2,37,1,1,1,60,2,1,2
6798,4.0,5.0,3.0,2.0,5.0,2.0,2.0,2.0,5.0,4.0,2.0,4.0,4.0,2.0,5.0,2.0,3.0,1.0,5.0,3.0,2,5,6,6,4,5,3,5,2,5,1,1,0,0,1,0,0,0,0,1,0,0,0,1,1,1,2,3,2,2,20,1,4,1,10,2,1,2
6799,1.0,1.0,5.0,2.0,2.0,5.0,4.0,4.0,5.0,5.0,1.0,5.0,1.0,1.0,1.0,5.0,5.0,4.0,5.0,5.0,6,6,6,7,6,5,7,4,2,1,1,1,1,1,1,0,1,1,0,1,0,0,1,1,1,1,4,1,1,2,45,1,8,1,70,1,2,4
6800,5.0,5.0,1.0,3.0,5.0,2.0,1.0,4.0,1.0,2.0,1.0,5.0,5.0,1.0,3.0,1.0,2.0,5.0,5.0,3.0,6,6,7,5,7,7,7,1,7,1,1,0,0,0,0,0,0,1,0,1,0,0,0,0,1,0,2,1,1,2,19,3,2,1,60,1,1,1
6801,5.0,5.0,1.0,3.0,3.0,1.0,1.0,5.0,1.0,2.0,2.0,4.0,5.0,1.0,5.0,4.0,1.0,4.0,5.0,1.0,4,5,5,4,6,5,1,2,2,2,1,1,0,1,0,0,0,1,0,1,1,1,0,0,1,1,2,3,2,2,20,2,1,1,60,2,1,2
6802,5.0,1.0,1.0,2.0,5.0,2.0,2.0,1.0,4.0,5.0,1.0,4.0,3.0,2.0,1.0,2.0,2.0,1.0,1.0,3.0,1,4,7,1,6,5,2,1,4,6,1,1,1,1,1,0,0,1,0,1,0,0,1,1,1,1,0,3,2,2,43,1,4,2,30,1,2,4
6803,5.0,5.0,3.0,2.0,4.0,1.0,1.0,5.0,3.0,1.0,1.0,5.0,4.0,3.0,5.0,3.0,1.0,4.0,5.0,3.0,2,5,6,4,7,5,4,7,5,2,1,1,0,1,1,0,0,1,0,1,1,1,1,1,1,1,2,3,2,1,22,1,2,5,10,1,1,2
6804,1.0,2.0,3.0,4.0,4.0,5.0,2.0,1.0,5.0,3.0,2.0,4.0,3.0,3.0,4.0,3.0,4.0,2.0,1.0,2.0,6,3,7,5,5,2,7,5,7,2,1,1,0,1,1,0,0,0,0,1,0,0,0,0,1,1,3,1,1,1,48,2,6,1,60,1,2,0
6805,3.0,1.0,3.0,1.0,3.0,5.0,4.0,1.0,5.0,5.0,2.0,4.0,2.0,1.0,2.0,5.0,4.0,1.0,4.0,2.0,3,5,5,5,4,7,6,4,5,4,1,1,0,1,1,0,0,1,0,1,0,0,1,1,1,1,3,3,1,1,23,1,4,0,60,2,1,2
6806,4.0,4.0,5.0,3.0,2.0,1.0,1.0,4.0,5.0,2.0,1.0,4.0,1.0,2.0,3.0,1.0,4.0,5.0,4.0,1.0,2,1,2,6,7,5,6,5,4,1,1,1,0,1,1,0,0,1,0,1,0,1,1,1,1,1,3,2,1,1,23,1,6,1,60,1,1,4
6807,5.0,4.0,5.0,1.0,4.0,3.0,3.0,4.0,5.0,5.0,3.0,5.0,3.0,1.0,5.0,4.0,4.0,4.0,5.0,1.0,6,7,4,5,6,5,6,2,6,1,1,1,1,1,1,0,0,0,0,1,0,0,0,1,1,1,1,2,1,1,51,1,12,1,60,2,2,1
6808,3.0,1.0,1.0,1.0,5.0,2.0,2.0,5.0,3.0,4.0,1.0,4.0,3.0,1.0,3.0,2.0,2.0,4.0,5.0,1.0,3,6,7,3,7,6,3,1,5,1,1,1,1,1,1,0,0,1,0,1,1,0,1,1,1,1,3,1,1,1,52,1,2,1,60,1,2,2
6809,5.0,5.0,2.0,3.0,1.0,1.0,2.0,4.0,2.0,3.0,1.0,5.0,1.0,2.0,5.0,3.0,3.0,5.0,3.0,2.0,4,2,3,6,3,4,6,7,3,2,1,1,0,1,1,0,1,1,0,1,0,0,1,1,1,1,3,2,1,2,24,2,2,1,10,1,1,3
6810,1.0,1.0,5.0,4.0,1.0,5.0,4.0,1.0,5.0,5.0,4.0,1.0,1.0,4.0,2.0,4.0,3.0,1.0,4.0,1.0,6,4,5,1,6,4,5,2,7,4,1,1,0,1,1,1,0,0,0,1,0,0,0,1,1,1,3,2,1,1,22,1,4,1,60,1,1,1
6811,5.0,5.0,1.0,1.0,5.0,1.0,1.0,5.0,4.0,5.0,3.0,5.0,1.0,1.0,3.0,1.0,5.0,5.0,3.0,5.0,1,5,3,7,7,7,5,1,3,7,1,1,1,1,1,0,0,0,0,1,0,0,0,1,1,1,3,3,1,2,45,1,12,1,60,1,2,2
6812,1.0,1.0,2.0,4.0,1.0,4.0,4.0,1.0,5.0,5.0,2.0,3.0,1.0,2.0,4.0,5.0,4.0,1.0,4.0,1.0,2,5,5,5,6,6,6,5,3,2,1,1,0,1,1,0,1,0,0,1,0,0,1,1,1,1,2,2,1,1,22,1,1,1,60,2,1,4
6813,5.0,5.0,2.0,2.0,5.0,2.0,1.0,4.0,4.0,1.0,1.0,4.0,4.0,4.0,4.0,5.0,1.0,5.0,3.0,2.0,7,6,5,6,7,2,6,4,3,1,1,1,1,1,1,0,0,1,0,1,0,0,0,1,1,1,3,1,1,1,28,1,11,1,70,1,1,1
6814,4.0,1.0,2.0,2.0,5.0,2.0,1.0,2.0,4.0,4.0,1.0,5.0,4.0,1.0,4.0,2.0,2.0,3.0,5.0,3.0,5,6,6,4,5,4,7,6,4,1,1,1,0,1,1,0,0,1,0,1,1,0,1,1,1,1,3,2,2,2,27,1,2,2,60,1,1,2
6815,2.0,1.0,2.0,1.0,4.0,5.0,5.0,5.0,3.0,5.0,1.0,5.0,5.0,1.0,4.0,1.0,1.0,5.0,5.0,2.0,6,7,6,2,7,1,4,5,2,1,1,0,0,1,0,0,0,0,0,1,0,0,0,0,1,1,3,3,2,2,22,1,10,0,70,2,1,4
6816,4.0,5.0,2.0,4.0,4.0,1.0,1.0,2.0,4.0,2.0,1.0,5.0,5.0,3.0,4.0,5.0,3.0,4.0,5.0,1.0,2,6,6,6,6,6,1,6,6,3,1,1,0,1,1,0,0,0,0,1,0,0,1,1,1,1,3,3,1,1,22,1,1,1,60,1,1,2
6817,4.0,4.0,3.0,5.0,5.0,4.0,2.0,1.0,2.0,4.0,1.0,5.0,5.0,2.0,1.0,1.0,2.0,4.0,3.0,4.0,3,6,5,5,5,3,0,3,5,3,1,0,0,1,1,0,0,0,0,1,0,0,0,1,1,1,3,3,2,2,22,1,10,1,20,2,1,3
6818,4.0,4.0,4.0,2.0,5.0,2.0,1.0,4.0,4.0,4.0,1.0,5.0,1.0,1.0,4.0,4.0,2.0,2.0,5.0,3.0,2,6,6,5,3,2,6,5,3,6,1,1,1,1,1,0,0,1,0,1,0,0,1,1,1,1,4,3,2,1,22,1,2,1,60,1,1,2
6819,4.0,5.0,4.0,2.0,2.0,1.0,3.0,1.0,5.0,4.0,2.0,5.0,2.0,1.0,4.0,3.0,2.0,4.0,4.0,1.0,6,5,7,6,2,4,7,1,1,2,1,1,0,1,1,0,0,0,0,1,0,0,0,1,1,1,2,3,2,2,21,1,7,1,60,1,1,2
6820,5.0,5.0,2.0,4.0,5.0,2.0,3.0,5.0,4.0,3.0,2.0,4.0,4.0,5.0,4.0,2.0,4.0,4.0,5.0,3.0,7,6,6,6,7,1,6,1,6,1,1,0,0,1,1,0,0,0,0,1,0,0,0,0,1,1,3,3,2,2,33,1,8,1,10,1,2,2
6821,1.0,3.0,1.0,1.0,4.0,1.0,1.0,1.0,3.0,3.0,3.0,5.0,1.0,3.0,4.0,1.0,1.0,5.0,5.0,2.0,1,7,5,4,4,7,1,5,4,6,0,0,0,0,0,0,0,0,0,0,0,0,0,0,0,0,3,2,1,2,23,1,12,1,60,2,1,3
6822,5.0,5.0,1.0,1.0,5.0,1.0,1.0,2.0,1.0,2.0,1.0,5.0,3.0,1.0,5.0,2.0,1.0,5.0,3.0,3.0,5,6,7,2,2,5,1,6,6,5,1,1,0,1,1,0,0,1,0,1,0,0,1,1,1,1,3,2,1,2,28,1,12,1,60,2,2,1
6823,4.0,3.0,2.0,3.0,2.0,4.0,2.0,4.0,5.0,5.0,1.0,4.0,2.0,2.0,3.0,3.0,2.0,4.0,5.0,1.0,4,5,6,3,6,6,5,6,7,7,1,1,0,1,1,0,0,0,0,1,0,0,1,1,1,1,3,2,2,1,35,1,12,1,60,1,2,2
6824,1.0,1.0,5.0,4.0,4.0,4.0,2.0,4.0,5.0,5.0,1.0,4.0,4.0,4.0,5.0,1.0,3.0,4.0,4.0,2.0,5,2,3,7,7,5,6,3,2,1,1,1,0,1,1,0,0,1,0,1,0,0,0,1,1,1,2,2,2,1,22,1,1,2,60,1,1,5
6825,5.0,1.0,5.0,2.0,4.0,5.0,4.0,5.0,5.0,4.0,1.0,5.0,5.0,1.0,1.0,2.0,1.0,4.0,5.0,1.0,6,5,7,7,5,7,7,2,4,4,1,1,0,1,1,0,0,0,0,1,0,0,0,1,1,1,2,1,1,2,40,1,12,1,60,2,1,0
6826,4.0,4.0,3.0,3.0,5.0,3.0,1.0,4.0,1.0,1.0,1.0,4.0,5.0,3.0,5.0,1.0,1.0,5.0,5.0,1.0,6,5,5,2,7,2,2,4,4,2,1,1,0,1,1,0,1,0,1,1,0,0,1,1,1,1,4,3,1,1,33,1,2,1,60,1,3,3
6827,5.0,4.0,1.0,1.0,5.0,1.0,1.0,4.0,2.0,2.0,1.0,5.0,5.0,1.0,5.0,1.0,1.0,5.0,5.0,1.0,2,6,5,5,6,6,5,3,7,2,1,1,1,1,1,0,0,0,0,1,0,0,1,1,1,1,0,3,1,2,28,1,2,1,60,2,2,2
6828,4.0,4.0,2.0,2.0,4.0,4.0,1.0,2.0,4.0,3.0,2.0,1.0,2.0,1.0,4.0,5.0,2.0,4.0,3.0,1.0,3,1,6,2,7,3,6,7,7,1,1,1,0,1,1,0,0,0,0,1,0,1,1,1,1,1,3,3,1,2,27,1,2,1,60,1,1,2
6829,2.0,1.0,4.0,1.0,5.0,1.0,1.0,5.0,4.0,4.0,1.0,5.0,2.0,1.0,4.0,1.0,1.0,4.0,5.0,4.0,7,7,6,7,7,7,5,3,3,1,1,1,1,1,1,0,0,1,0,1,0,0,1,1,1,1,3,2,1,2,42,1,1,1,60,2,1,3
6830,5.0,4.0,1.0,3.0,4.0,3.0,2.0,5.0,5.0,2.0,1.0,5.0,3.0,2.0,4.0,2.0,2.0,5.0,5.0,4.0,3,4,7,3,5,7,5,5,4,1,1,1,1,1,1,0,1,1,1,1,1,1,1,1,1,1,2,2,1,1,19,1,2,1,60,2,1,4
6831,3.0,1.0,5.0,1.0,4.0,5.0,4.0,5.0,5.0,5.0,5.0,3.0,1.0,1.0,1.0,4.0,1.0,1.0,3.0,1.0,4,5,4,5,7,5,5,4,4,2,1,1,0,1,1,0,0,0,0,1,0,0,1,1,1,1,2,3,1,2,27,1,6,1,10,1,1,5
6832,2.0,1.0,5.0,2.0,2.0,4.0,2.0,4.0,5.0,4.0,2.0,1.0,4.0,2.0,3.0,5.0,1.0,3.0,5.0,1.0,2,5,6,3,4,7,6,3,6,2,1,0,0,1,1,0,0,0,0,1,0,0,0,0,1,1,1,2,1,1,14,2,4,1,60,2,1,2
6833,2.0,2.0,4.0,3.0,1.0,2.0,3.0,1.0,5.0,3.0,2.0,4.0,3.0,3.0,2.0,1.0,2.0,4.0,4.0,2.0,2,5,5,5,6,6,6,4,5,3,1,1,1,1,1,0,1,1,0,1,1,0,1,1,1,1,4,2,2,1,62,1,6,1,60,1,2,2
6834,5.0,1.0,5.0,4.0,5.0,5.0,2.0,1.0,5.0,5.0,2.0,2.0,4.0,4.0,3.0,4.0,2.0,4.0,5.0,3.0,7,5,6,7,7,3,2,1,4,7,1,1,0,1,1,0,0,0,0,1,0,0,0,1,1,1,3,3,2,1,22,1,7,1,30,1,1,0
6835,5.0,5.0,3.0,1.0,4.0,3.0,2.0,3.0,2.0,2.0,1.0,5.0,5.0,1.0,4.0,2.0,2.0,5.0,5.0,3.0,4,4,6,2,6,7,1,4,5,7,1,0,0,1,1,0,0,0,0,1,0,0,1,0,1,1,2,2,1,1,18,1,4,1,60,2,1,4
6836,2.0,1.0,4.0,4.0,2.0,4.0,2.0,1.0,5.0,5.0,3.0,4.0,1.0,1.0,4.0,5.0,1.0,2.0,5.0,1.0,3,6,7,1,6,2,5,1,5,3,1,1,0,1,1,0,0,0,0,1,0,0,1,1,1,1,4,2,2,1,45,1,1,1,60,1,2,2
6837,5.0,3.0,1.0,3.0,5.0,4.0,2.0,2.0,2.0,1.0,1.0,2.0,5.0,2.0,4.0,2.0,1.0,4.0,5.0,1.0,5,3,3,3,5,3,4,5,2,1,1,1,0,1,1,0,0,0,0,1,0,0,0,1,1,1,2,2,2,1,18,2,1,2,70,2,1,2
6838,5.0,1.0,3.0,5.0,5.0,5.0,3.0,4.0,5.0,1.0,1.0,1.0,1.0,3.0,3.0,5.0,5.0,4.0,5.0,1.0,6,1,1,6,5,5,6,2,5,1,1,1,0,1,1,0,1,0,0,1,0,1,1,1,1,1,4,3,2,2,23,1,4,4,30,2,1,6
6839,5.0,5.0,2.0,2.0,4.0,1.0,2.0,5.0,2.0,2.0,2.0,5.0,4.0,2.0,4.0,2.0,4.0,2.0,2.0,4.0,6,5,6,5,5,4,4,3,5,3,1,0,0,1,1,0,0,0,0,1,0,0,0,1,1,1,3,3,1,2,22,1,3,1,10,1,1,2
6840,4.0,5.0,3.0,2.0,5.0,2.0,3.0,3.0,5.0,3.0,1.0,5.0,5.0,3.0,4.0,3.0,3.0,4.0,5.0,1.0,6,5,3,6,4,3,7,7,6,3,1,1,0,1,0,0,1,0,0,1,0,0,0,1,1,1,2,2,2,1,18,1,7,5,70,2,1,3
6841,3.0,1.0,5.0,1.0,2.0,3.0,3.0,4.0,5.0,5.0,1.0,5.0,2.0,1.0,3.0,3.0,1.0,1.0,5.0,1.0,4,1,7,4,7,5,7,1,6,1,1,1,1,1,1,0,1,1,0,1,1,0,1,1,1,1,3,3,2,2,37,1,4,1,60,2,2,2
6842,5.0,4.0,1.0,4.0,5.0,2.0,1.0,5.0,2.0,3.0,1.0,4.0,5.0,3.0,4.0,3.0,2.0,5.0,4.0,4.0,3,5,7,5,6,7,1,1,6,4,1,1,0,1,1,0,0,0,0,1,0,0,1,1,1,1,3,2,1,1,22,3,12,1,10,2,1,3
6843,2.0,1.0,4.0,4.0,2.0,5.0,5.0,5.0,5.0,5.0,4.0,1.0,2.0,3.0,1.0,5.0,5.0,2.0,4.0,1.0,3,4,7,5,7,5,7,2,6,2,1,1,0,1,0,0,0,0,0,1,0,0,0,1,1,1,2,3,2,1,21,1,1,1,60,1,1,0
6844,5.0,5.0,1.0,1.0,5.0,1.0,1.0,5.0,3.0,1.0,1.0,5.0,5.0,1.0,5.0,1.0,1.0,5.0,3.0,5.0,6,1,7,2,7,2,7,1,7,1,1,1,0,1,1,0,0,0,0,0,0,0,0,1,1,1,3,2,1,1,46,3,7,1,40,2,3,5
6845,2.0,1.0,1.0,1.0,2.0,2.0,2.0,2.0,5.0,4.0,2.0,5.0,1.0,2.0,5.0,1.0,2.0,5.0,5.0,2.0,1,5,5,5,3,6,1,1,7,1,1,1,1,1,1,0,0,1,0,1,1,1,1,1,1,1,3,3,1,2,36,2,2,1,60,1,3,2
6846,3.0,5.0,2.0,3.0,4.0,1.0,1.0,3.0,5.0,3.0,1.0,4.0,1.0,1.0,4.0,1.0,3.0,3.0,5.0,1.0,6,2,6,1,7,2,7,6,5,1,1,1,1,1,1,0,1,0,0,1,1,0,1,1,1,1,3,2,1,1,54,1,1,1,60,1,2,2
6847,5.0,5.0,3.0,3.0,4.0,1.0,2.0,5.0,5.0,2.0,1.0,5.0,1.0,1.0,2.0,4.0,1.0,5.0,1.0,2.0,7,5,7,5,6,4,4,2,4,3,1,1,0,1,1,0,1,0,0,1,0,0,0,0,0,1,3,3,1,2,29,1,10,1,20,1,2,4
6848,5.0,4.0,2.0,3.0,5.0,3.0,1.0,5.0,5.0,5.0,3.0,5.0,5.0,1.0,5.0,5.0,1.0,4.0,5.0,1.0,4,5,7,1,6,5,5,4,7,1,0,0,0,0,0,0,0,0,0,1,0,1,0,1,0,1,2,1,1,1,22,3,12,1,30,1,1,1
6849,4.0,2.0,4.0,5.0,4.0,5.0,5.0,2.0,5.0,5.0,4.0,2.0,2.0,4.0,1.0,5.0,3.0,2.0,4.0,1.0,7,3,7,1,6,5,6,1,6,1,1,1,1,1,1,0,1,0,0,1,0,1,1,1,1,1,3,2,2,1,46,1,6,1,60,2,3,3
6850,4.0,5.0,3.0,2.0,5.0,1.0,1.0,2.0,3.0,4.0,1.0,5.0,5.0,1.0,5.0,2.0,1.0,5.0,5.0,5.0,6,7,6,6,5,6,5,5,6,2,1,1,0,1,1,0,0,0,0,1,0,1,1,1,1,1,2,3,1,1,43,1,7,1,60,2,1,2
6851,5.0,4.0,2.0,4.0,4.0,3.0,2.0,2.0,4.0,2.0,2.0,5.0,4.0,1.0,4.0,1.0,4.0,4.0,5.0,3.0,5,5,5,6,7,5,7,6,3,1,1,1,0,1,1,0,0,0,0,0,0,0,1,1,1,1,4,3,1,1,36,1,4,1,60,1,2,2
6852,4.0,2.0,5.0,2.0,4.0,2.0,2.0,2.0,5.0,2.0,1.0,2.0,4.0,2.0,4.0,4.0,2.0,2.0,5.0,1.0,5,3,3,6,6,6,5,4,6,1,1,1,1,1,1,0,0,0,0,1,1,0,1,1,1,1,3,1,1,1,21,1,2,1,60,1,1,2
6853,5.0,5.0,2.0,1.0,4.0,2.0,2.0,5.0,1.0,3.0,1.0,4.0,5.0,1.0,5.0,1.0,3.0,5.0,5.0,1.0,7,2,6,1,6,3,7,3,7,4,0,0,0,0,0,0,0,0,0,0,0,0,0,0,0,0,2,2,1,2,18,1,4,1,60,1,1,2
6854,4.0,1.0,2.0,4.0,4.0,2.0,2.0,1.0,4.0,4.0,1.0,2.0,4.0,2.0,2.0,4.0,3.0,4.0,4.0,4.0,4,3,5,5,7,5,7,3,5,1,0,0,0,0,1,0,0,1,0,1,0,0,0,1,0,1,2,3,1,1,20,1,1,3,10,2,1,0
6855,1.0,2.0,2.0,5.0,1.0,4.0,3.0,2.0,5.0,4.0,2.0,1.0,1.0,4.0,2.0,1.0,3.0,1.0,4.0,1.0,2,2,6,6,6,6,6,5,5,4,1,1,0,1,1,0,1,0,0,1,0,0,1,1,1,1,3,2,1,1,30,1,12,2,60,2,1,2
6856,5.0,1.0,5.0,3.0,3.0,1.0,1.0,5.0,5.0,3.0,3.0,1.0,1.0,3.0,3.0,4.0,3.0,5.0,5.0,3.0,6,4,7,5,7,5,5,1,7,1,1,1,0,1,1,0,1,0,0,1,0,0,0,0,1,1,2,2,1,1,21,1,5,1,30,1,1,5
6857,2.0,2.0,5.0,2.0,3.0,4.0,2.0,3.0,5.0,4.0,4.0,4.0,1.0,2.0,1.0,4.0,2.0,1.0,4.0,5.0,7,2,5,5,7,1,7,1,5,1,1,1,1,1,1,0,1,1,0,1,1,0,1,1,1,1,4,3,2,2,36,1,4,1,60,2,2,1
6858,5.0,4.0,2.0,3.0,4.0,2.0,1.0,4.0,4.0,2.0,1.0,5.0,4.0,2.0,2.0,1.0,5.0,3.0,5.0,5.0,2,5,4,4,5,6,2,3,4,1,0,0,0,0,0,0,0,0,0,0,0,0,0,0,0,0,3,1,1,2,30,3,1,1,60,2,1,5
6859,5.0,5.0,5.0,1.0,5.0,5.0,5.0,5.0,5.0,5.0,1.0,5.0,1.0,5.0,1.0,5.0,5.0,1.0,5.0,1.0,1,7,6,5,7,7,4,4,1,1,1,1,1,1,1,0,1,1,0,1,0,1,0,1,1,1,3,3,2,1,20,1,12,2,60,1,1,4
6860,4.0,4.0,2.0,2.0,4.0,2.0,1.0,5.0,2.0,1.0,1.0,4.0,5.0,1.0,4.0,1.0,2.0,5.0,5.0,2.0,2,7,6,5,7,7,3,6,3,6,1,1,0,1,1,0,0,0,0,1,1,0,1,1,1,1,3,2,1,1,34,2,4,1,60,1,1,1
6861,5.0,4.0,4.0,1.0,3.0,5.0,5.0,2.0,2.0,5.0,4.0,4.0,2.0,1.0,1.0,3.0,5.0,5.0,5.0,4.0,1,7,7,7,4,7,1,1,3,2,0,0,0,0,0,0,0,0,0,0,0,0,0,0,0,0,2,3,2,2,21,3,1,1,10,2,1,2
6862,4.0,4.0,1.0,1.0,5.0,2.0,1.0,5.0,1.0,1.0,1.0,5.0,2.0,1.0,4.0,1.0,2.0,5.0,3.0,5.0,2,3,7,2,6,6,2,2,7,1,1,1,0,1,1,0,0,0,0,1,0,0,1,1,1,1,3,3,1,2,27,1,4,1,60,2,1,3
6863,4.0,1.0,4.0,3.0,2.0,4.0,2.0,4.0,5.0,4.0,2.0,1.0,1.0,2.0,5.0,3.0,4.0,4.0,5.0,1.0,7,4,6,1,7,5,7,3,7,3,1,1,0,1,1,0,0,1,0,1,0,1,0,1,1,1,2,1,2,1,20,1,4,5,60,2,1,2
6864,2.0,3.0,5.0,1.0,5.0,4.0,2.0,2.0,4.0,4.0,2.0,1.0,1.0,2.0,5.0,5.0,3.0,4.0,3.0,1.0,7,3,6,4,7,2,6,5,5,4,1,1,1,1,1,0,0,0,0,1,0,0,0,1,1,1,1,2,2,1,14,1,4,1,60,2,1,2
6865,5.0,5.0,2.0,1.0,5.0,1.0,1.0,5.0,3.0,1.0,1.0,5.0,5.0,1.0,5.0,3.0,1.0,5.0,4.0,1.0,4,1,7,3,7,7,6,4,7,1,1,1,0,1,1,0,1,0,1,1,0,1,1,1,1,1,3,3,2,2,30,1,7,2,30,2,2,5
6866,1.0,1.0,5.0,5.0,1.0,5.0,5.0,1.0,5.0,5.0,4.0,1.0,1.0,4.0,1.0,5.0,1.0,1.0,1.0,1.0,0,0,6,0,6,7,7,0,6,1,1,1,1,1,1,0,0,0,0,1,0,0,0,1,1,1,4,2,2,1,69,1,0,0,0,1,2,5
6867,1.0,2.0,2.0,3.0,4.0,3.0,1.0,3.0,3.0,2.0,1.0,4.0,2.0,3.0,2.0,4.0,4.0,3.0,5.0,1.0,2,2,5,4,6,6,3,4,4,3,1,1,1,1,1,0,0,1,0,1,1,0,1,1,1,1,3,1,1,1,45,1,1,1,60,2,1,3
6868,1.0,1.0,2.0,2.0,1.0,4.0,2.0,2.0,5.0,5.0,3.0,1.0,1.0,2.0,1.0,1.0,2.0,2.0,5.0,1.0,1,6,2,6,6,4,7,6,5,1,1,1,0,1,1,0,0,0,0,1,0,0,1,1,1,1,3,2,1,1,30,1,2,2,60,1,1,4
6869,5.0,4.0,1.0,1.0,5.0,1.0,1.0,5.0,1.0,2.0,1.0,5.0,4.0,1.0,5.0,1.0,1.0,5.0,5.0,3.0,7,7,7,2,7,1,7,1,7,1,1,1,0,1,1,0,0,0,0,1,0,0,0,1,1,1,2,2,1,2,18,1,2,1,60,1,1,4
6870,5.0,1.0,1.0,5.0,5.0,5.0,5.0,4.0,5.0,5.0,2.0,5.0,5.0,2.0,1.0,3.0,5.0,1.0,5.0,1.0,5,7,5,7,5,5,6,1,5,3,1,1,0,1,1,0,0,0,0,0,0,0,0,1,1,1,4,3,2,2,30,1,4,1,10,2,2,3
6871,2.0,4.0,5.0,3.0,4.0,4.0,3.0,4.0,5.0,4.0,1.0,2.0,3.0,2.0,5.0,5.0,1.0,4.0,3.0,1.0,6,3,7,2,6,7,7,1,3,5,0,0,0,0,1,0,0,0,0,1,0,0,0,1,1,1,2,3,2,1,23,2,7,1,70,2,2,4
6872,2.0,3.0,5.0,1.0,5.0,4.0,5.0,4.0,4.0,3.0,3.0,5.0,4.0,2.0,3.0,4.0,2.0,4.0,4.0,3.0,6,5,5,2,7,3,6,2,4,2,1,1,1,1,1,0,1,1,0,1,1,1,1,1,1,1,2,3,2,2,20,1,1,2,60,2,1,0
6873,2.0,1.0,2.0,1.0,5.0,2.0,4.0,5.0,5.0,3.0,1.0,2.0,5.0,1.0,5.0,2.0,1.0,5.0,5.0,1.0,7,4,7,2,5,7,7,1,3,3,1,1,1,0,1,0,0,0,0,1,1,1,0,1,1,1,2,3,2,1,23,2,7,1,70,2,2,4
6874,4.0,4.0,2.0,1.0,4.0,1.0,1.0,5.0,1.0,1.0,2.0,5.0,4.0,1.0,4.0,4.0,2.0,4.0,4.0,1.0,3,6,7,5,6,1,6,1,7,2,1,1,0,1,1,0,0,1,0,1,0,1,1,1,1,1,3,1,1,2,21,1,2,1,60,1,1,1
6875,4.0,5.0,2.0,2.0,4.0,1.0,1.0,4.0,1.0,1.0,1.0,5.0,4.0,2.0,5.0,1.0,3.0,5.0,5.0,3.0,4,5,6,1,6,5,5,5,7,2,1,1,0,1,1,1,0,1,0,1,0,0,1,1,1,1,4,3,1,2,28,1,1,1,60,1,2,3
6876,2.0,2.0,4.0,3.0,5.0,2.0,2.0,4.0,4.0,2.0,1.0,4.0,2.0,1.0,4.0,4.0,1.0,5.0,4.0,1.0,5,1,6,1,5,2,6,3,6,1,1,1,1,1,1,0,0,0,0,1,1,0,1,1,1,1,3,3,1,2,29,1,6,1,60,2,1,2
6877,5.0,2.0,1.0,4.0,3.0,1.0,1.0,1.0,4.0,2.0,1.0,2.0,4.0,1.0,4.0,2.0,2.0,5.0,5.0,5.0,3,1,6,5,6,7,5,4,7,2,1,1,1,1,1,0,1,1,0,1,0,1,1,1,1,1,3,3,1,1,23,3,12,1,60,1,1,1
6878,3.0,4.0,1.0,4.0,5.0,4.0,1.0,5.0,3.0,2.0,1.0,5.0,4.0,1.0,5.0,1.0,2.0,5.0,5.0,4.0,4,6,7,6,7,6,6,1,6,1,1,1,0,1,1,0,0,0,0,1,0,0,0,0,1,1,3,1,1,2,35,1,4,1,60,1,1,4
6879,4.0,5.0,3.0,2.0,4.0,3.0,4.0,5.0,3.0,2.0,2.0,5.0,4.0,1.0,3.0,3.0,1.0,4.0,3.0,2.0,6,5,5,1,7,5,3,3,7,3,0,0,1,0,0,0,0,1,0,1,0,0,0,0,0,1,3,3,1,2,21,1,7,1,60,2,1,1
6880,5.0,4.0,1.0,2.0,5.0,1.0,1.0,4.0,2.0,5.0,1.0,5.0,4.0,2.0,3.0,1.0,5.0,3.0,4.0,4.0,2,6,7,7,7,6,2,1,6,3,1,0,0,1,0,0,0,0,0,1,0,0,1,1,1,1,3,2,1,2,24,3,7,1,70,2,1,1
6881,4.0,4.0,4.0,4.0,3.0,2.0,3.0,5.0,3.0,2.0,3.0,4.0,4.0,2.0,4.0,2.0,1.0,5.0,1.0,2.0,1,7,5,6,3,7,6,5,6,2,1,1,0,1,1,0,0,0,0,1,0,0,1,1,1,1,4,2,1,1,25,2,6,1,60,1,1,4
6882,2.0,2.0,2.0,4.0,1.0,2.0,2.0,3.0,3.0,4.0,1.0,2.0,1.0,4.0,2.0,3.0,1.0,4.0,5.0,2.0,3,2,5,5,5,5,6,5,7,2,1,1,0,1,1,0,0,1,0,1,0,0,1,1,1,1,3,2,1,1,21,1,1,1,60,2,1,2
6883,4.0,4.0,1.0,1.0,4.0,1.0,1.0,5.0,4.0,1.0,1.0,5.0,2.0,1.0,5.0,1.0,1.0,2.0,5.0,1.0,1,4,5,3,2,7,1,1,6,4,1,1,0,1,1,0,0,0,0,1,0,0,1,1,1,1,3,3,1,1,21,1,2,1,60,1,1,2
6884,1.0,4.0,3.0,5.0,3.0,2.0,4.0,2.0,5.0,5.0,2.0,4.0,4.0,1.0,1.0,4.0,1.0,4.0,5.0,3.0,6,5,4,5,7,3,7,5,5,4,1,1,0,1,1,0,0,0,0,1,0,0,1,0,1,1,3,1,1,2,32,1,4,1,10,1,1,4
6885,5.0,2.0,2.0,3.0,5.0,1.0,1.0,2.0,2.0,2.0,1.0,5.0,2.0,1.0,4.0,1.0,1.0,5.0,5.0,1.0,2,6,6,5,6,7,6,5,7,3,1,1,0,1,1,1,0,0,0,1,0,1,0,0,1,1,4,3,1,2,26,1,10,1,20,2,1,4
6886,5.0,5.0,2.0,3.0,4.0,3.0,3.0,5.0,4.0,2.0,1.0,4.0,5.0,1.0,3.0,1.0,5.0,3.0,5.0,4.0,1,6,6,7,7,7,7,5,3,3,0,0,0,0,1,0,1,1,0,1,0,0,0,0,0,1,4,3,1,1,21,2,10,1,10,2,1,6
6887,4.0,2.0,4.0,4.0,2.0,3.0,2.0,2.0,5.0,4.0,2.0,4.0,4.0,4.0,2.0,4.0,2.0,2.0,5.0,1.0,5,3,5,2,6,3,5,3,6,3,1,1,1,1,1,0,0,1,0,1,0,0,1,1,1,1,4,2,2,1,42,1,6,3,10,1,2,2
6888,1.0,2.0,5.0,3.0,3.0,3.0,2.0,2.0,5.0,5.0,3.0,4.0,1.0,2.0,4.0,4.0,4.0,3.0,2.0,1.0,1,5,3,6,4,5,4,6,3,5,1,1,1,1,1,0,0,0,0,1,0,0,1,1,1,1,2,2,2,1,32,1,6,1,60,1,2,4
6889,2.0,1.0,1.0,3.0,5.0,4.0,2.0,1.0,5.0,4.0,1.0,1.0,4.0,1.0,3.0,5.0,4.0,5.0,4.0,1.0,7,7,7,2,7,2,7,1,7,1,1,1,0,1,1,0,0,0,0,1,0,0,0,1,1,1,4,3,2,2,34,3,7,1,30,2,2,8
6890,4.0,5.0,3.0,2.0,3.0,2.0,1.0,4.0,2.0,1.0,1.0,4.0,2.0,1.0,4.0,2.0,1.0,4.0,5.0,2.0,3,5,3,4,4,5,4,5,5,4,1,1,1,1,1,0,1,0,0,1,0,0,1,1,1,1,2,2,2,1,18,1,2,2,60,2,1,2
6891,3.0,4.0,1.0,4.0,5.0,1.0,1.0,4.0,2.0,2.0,2.0,5.0,2.0,1.0,3.0,2.0,1.0,5.0,5.0,2.0,5,7,6,1,6,2,5,1,7,1,1,1,0,1,1,0,0,0,0,1,0,0,1,1,1,1,3,1,1,1,39,1,1,1,60,1,2,2
6892,5.0,5.0,1.0,4.0,5.0,1.0,1.0,5.0,1.0,1.0,3.0,4.0,5.0,2.0,5.0,2.0,1.0,5.0,5.0,2.0,6,5,6,2,5,7,3,5,5,6,1,1,0,1,1,0,0,0,0,1,0,0,1,1,1,1,2,3,1,2,20,1,8,1,70,2,1,2
6893,4.0,4.0,2.0,1.0,4.0,2.0,2.0,3.0,5.0,5.0,1.0,5.0,1.0,1.0,3.0,5.0,3.0,4.0,4.0,4.0,1,1,3,5,6,6,7,6,2,4,1,1,0,1,1,0,0,1,0,1,1,0,1,1,1,1,3,2,1,1,20,2,4,1,70,1,1,2
6894,2.0,4.0,4.0,3.0,4.0,3.0,4.0,4.0,4.0,3.0,4.0,4.0,4.0,3.0,2.0,5.0,4.0,4.0,4.0,4.0,5,3,5,3,6,1,5,5,3,6,1,0,0,1,1,0,0,0,0,1,0,0,0,1,1,1,3,3,2,2,33,1,4,1,0,2,1,3
6895,3.0,4.0,2.0,2.0,4.0,1.0,1.0,2.0,4.0,2.0,1.0,4.0,4.0,2.0,3.0,1.0,3.0,5.0,5.0,2.0,6,2,3,1,6,4,5,4,6,2,1,1,0,1,1,0,0,1,0,1,0,1,1,1,1,1,3,1,2,2,21,1,1,1,60,1,1,3
6896,5.0,2.0,1.0,4.0,5.0,2.0,3.0,2.0,5.0,4.0,1.0,5.0,1.0,2.0,2.0,2.0,3.0,4.0,4.0,2.0,6,2,6,5,6,5,5,1,6,5,1,1,1,1,1,0,0,0,0,1,0,0,1,1,1,1,3,3,2,2,31,1,1,1,10,1,1,2
6897,4.0,5.0,5.0,3.0,5.0,4.0,1.0,2.0,5.0,4.0,1.0,4.0,4.0,1.0,4.0,5.0,1.0,2.0,4.0,3.0,7,2,7,6,7,4,7,5,7,1,1,1,1,1,1,0,0,0,0,1,0,0,1,1,1,1,2,3,2,1,29,1,2,2,60,1,1,2
6898,4.0,5.0,2.0,2.0,2.0,1.0,3.0,2.0,3.0,3.0,3.0,5.0,3.0,1.0,3.0,5.0,3.0,3.0,5.0,3.0,1,2,6,7,7,7,5,5,4,2,1,0,0,1,1,0,0,0,0,1,1,0,1,0,1,1,4,2,1,2,31,1,1,1,60,2,1,3
6899,5.0,2.0,2.0,1.0,4.0,2.0,1.0,5.0,2.0,2.0,1.0,4.0,4.0,1.0,4.0,2.0,1.0,5.0,5.0,4.0,4,7,7,3,4,4,6,1,5,3,1,1,1,1,1,1,1,1,1,1,0,0,1,1,1,1,2,2,1,1,17,1,1,1,60,2,1,3
6900,3.0,5.0,5.0,3.0,5.0,5.0,4.0,3.0,5.0,5.0,1.0,5.0,5.0,1.0,5.0,5.0,1.0,1.0,5.0,4.0,2,5,6,5,6,4,6,4,6,4,1,1,1,1,1,0,1,1,0,1,1,0,1,1,1,1,4,1,2,1,51,1,1,1,60,1,2,7
6901,2.0,3.0,2.0,4.0,2.0,4.0,5.0,2.0,4.0,4.0,2.0,4.0,1.0,2.0,3.0,5.0,4.0,3.0,5.0,2.0,2,6,7,4,3,5,4,4,6,6,1,1,0,1,1,0,0,1,0,1,0,0,1,1,1,1,2,3,1,1,19,1,1,2,60,1,1,2
6902,4.0,5.0,4.0,1.0,5.0,1.0,1.0,5.0,2.0,1.0,1.0,5.0,4.0,1.0,4.0,5.0,1.0,4.0,5.0,2.0,1,6,1,7,7,7,6,3,1,1,1,1,0,1,1,0,0,0,0,1,1,0,1,1,1,1,2,2,2,1,23,1,3,2,30,2,1,3
6903,3.0,3.0,4.0,1.0,5.0,4.0,1.0,5.0,4.0,2.0,1.0,5.0,1.0,1.0,4.0,2.0,1.0,5.0,5.0,4.0,1,5,5,1,7,5,3,5,6,3,1,1,0,1,1,0,0,1,0,1,0,0,0,1,1,1,3,3,2,2,30,1,1,1,60,1,1,2
6904,2.0,4.0,2.0,3.0,4.0,1.0,1.0,1.0,3.0,3.0,2.0,3.0,4.0,2.0,4.0,4.0,1.0,4.0,2.0,2.0,2,4,6,3,6,7,5,3,6,3,1,1,0,1,1,0,0,0,0,1,0,0,1,1,1,1,3,2,1,2,31,1,1,1,60,1,2,4
6905,2.0,4.0,2.0,5.0,1.0,4.0,3.0,1.0,5.0,4.0,2.0,2.0,1.0,5.0,4.0,5.0,3.0,3.0,5.0,4.0,6,3,7,5,6,2,6,1,5,7,1,1,1,1,1,0,0,1,0,1,0,1,1,1,1,1,2,2,2,1,16,1,5,1,60,2,1,5
6906,1.0,1.0,5.0,4.0,1.0,5.0,5.0,3.0,5.0,5.0,1.0,4.0,1.0,1.0,2.0,5.0,4.0,3.0,1.0,2.0,7,5,7,2,6,3,6,1,6,2,1,1,1,1,1,0,0,1,0,1,0,0,0,1,1,1,3,2,2,1,64,1,6,1,60,1,2,3
6907,4.0,2.0,3.0,4.0,5.0,4.0,4.0,2.0,5.0,2.0,2.0,5.0,2.0,4.0,4.0,3.0,5.0,2.0,4.0,1.0,6,7,5,7,7,4,5,7,3,1,1,1,0,1,1,0,0,0,0,1,0,0,0,1,1,1,3,1,2,2,26,1,4,1,10,1,1,2
6908,5.0,3.0,2.0,2.0,4.0,1.0,1.0,4.0,1.0,1.0,1.0,5.0,4.0,2.0,5.0,1.0,1.0,4.0,5.0,4.0,4,4,7,5,7,6,4,3,3,7,1,1,1,1,1,1,1,1,0,1,0,1,1,1,1,1,3,2,1,1,26,1,2,1,60,2,1,1
6909,1.0,1.0,2.0,4.0,3.0,3.0,1.0,1.0,5.0,4.0,1.0,1.0,1.0,4.0,5.0,1.0,1.0,2.0,5.0,2.0,6,7,5,6,6,5,6,3,5,2,1,1,1,1,1,0,1,1,0,1,0,0,1,1,1,1,3,2,2,1,23,1,1,5,60,1,1,2
6910,4.0,4.0,3.0,4.0,2.0,4.0,2.0,2.0,4.0,4.0,1.0,2.0,3.0,1.0,3.0,5.0,2.0,4.0,5.0,1.0,1,2,5,7,5,7,7,4,5,3,1,1,0,1,1,0,0,1,0,1,0,0,1,1,1,1,3,2,2,2,23,1,1,4,70,2,1,3
6911,5.0,5.0,5.0,1.0,5.0,1.0,1.0,5.0,1.0,1.0,1.0,5.0,5.0,1.0,5.0,1.0,1.0,5.0,5.0,1.0,7,7,7,7,7,1,7,4,2,1,1,1,1,1,1,1,1,1,1,1,0,1,1,1,1,1,2,2,1,1,45,3,12,1,60,1,1,3
6912,2.0,2.0,3.0,3.0,3.0,3.0,1.0,1.0,5.0,4.0,1.0,3.0,1.0,4.0,1.0,2.0,3.0,2.0,4.0,2.0,4,6,6,4,3,6,6,2,6,2,1,1,0,1,0,0,0,0,0,1,0,0,1,1,1,1,3,3,1,2,26,1,9,1,70,2,1,3
6913,5.0,3.0,5.0,3.0,4.0,1.0,1.0,5.0,3.0,2.0,1.0,5.0,5.0,1.0,5.0,2.0,1.0,4.0,5.0,4.0,7,7,7,4,7,2,6,1,5,2,1,1,0,1,1,0,0,0,0,1,0,0,1,1,1,1,3,3,2,2,42,1,1,1,20,1,2,2
6914,5.0,4.0,1.0,1.0,5.0,1.0,1.0,5.0,1.0,2.0,1.0,5.0,4.0,1.0,5.0,1.0,1.0,5.0,5.0,5.0,7,4,5,1,7,3,3,5,7,1,1,1,0,1,1,0,0,0,0,1,0,0,1,1,1,1,2,2,1,1,43,3,12,1,60,2,1,3
6915,3.0,2.0,4.0,4.0,4.0,4.0,4.0,1.0,5.0,2.0,4.0,4.0,5.0,5.0,2.0,1.0,5.0,3.0,5.0,1.0,3,6,6,1,5,2,4,5,5,7,1,1,1,1,1,0,0,1,0,1,0,0,1,1,1,1,3,2,1,1,24,2,2,1,60,1,1,3
6916,3.0,2.0,2.0,2.0,3.0,1.0,2.0,4.0,2.0,3.0,1.0,5.0,4.0,1.0,2.0,2.0,1.0,4.0,5.0,2.0,2,5,4,7,6,6,4,5,3,1,1,1,1,1,1,0,0,0,0,1,0,0,1,1,1,1,3,2,2,1,22,1,2,2,60,1,1,2
6917,3.0,4.0,1.0,2.0,3.0,3.0,3.0,3.0,2.0,2.0,3.0,3.0,1.0,3.0,3.0,1.0,5.0,2.0,4.0,4.0,5,6,7,6,7,6,6,5,6,5,1,1,1,1,1,0,0,0,0,1,0,0,0,1,1,1,3,3,1,2,39,1,7,1,60,1,2,2
6918,5.0,5.0,3.0,2.0,4.0,1.0,1.0,3.0,3.0,1.0,1.0,5.0,5.0,1.0,4.0,1.0,1.0,5.0,5.0,1.0,5,6,5,1,7,4,4,3,7,5,1,1,1,1,1,0,1,1,0,1,0,1,1,1,1,1,3,2,1,1,28,1,1,1,60,1,1,3
6919,5.0,4.0,2.0,4.0,5.0,2.0,1.0,5.0,3.0,2.0,1.0,4.0,5.0,1.0,5.0,2.0,4.0,4.0,5.0,1.0,7,5,6,1,7,3,1,2,7,1,1,1,0,1,1,0,0,0,0,1,0,0,1,1,1,1,3,2,1,1,22,2,7,1,60,1,1,4
6920,1.0,4.0,2.0,2.0,4.0,2.0,2.0,4.0,5.0,4.0,2.0,5.0,1.0,2.0,4.0,2.0,1.0,1.0,4.0,1.0,2,2,5,2,5,6,7,2,6,5,1,1,0,1,1,0,0,0,0,1,0,0,0,0,0,1,3,3,2,2,45,1,4,1,70,2,3,3
6921,2.0,5.0,2.0,1.0,5.0,4.0,5.0,5.0,5.0,5.0,1.0,5.0,1.0,1.0,2.0,3.0,1.0,5.0,3.0,1.0,1,6,5,7,5,3,7,5,3,4,1,1,0,1,1,0,0,0,0,1,0,0,1,1,1,1,3,3,2,2,35,1,7,1,60,2,1,1
6922,4.0,2.0,2.0,4.0,3.0,1.0,1.0,2.0,3.0,2.0,1.0,4.0,3.0,2.0,5.0,4.0,3.0,4.0,4.0,4.0,5,4,6,2,6,5,5,2,7,3,1,1,1,1,1,0,0,1,0,1,0,0,1,1,1,1,3,2,1,1,26,1,6,1,60,1,1,3
6923,4.0,1.0,5.0,2.0,5.0,5.0,4.0,1.0,5.0,4.0,2.0,4.0,4.0,1.0,5.0,3.0,2.0,4.0,5.0,1.0,5,5,3,6,7,7,3,7,4,5,1,0,0,1,1,0,0,0,0,1,0,0,1,1,1,1,2,2,1,1,21,2,9,1,60,1,1,4
6924,4.0,4.0,3.0,4.0,4.0,4.0,1.0,1.0,4.0,4.0,2.0,4.0,2.0,3.0,3.0,1.0,3.0,4.0,5.0,2.0,2,6,7,3,5,6,2,2,6,4,1,1,0,1,1,0,0,0,0,1,0,1,1,1,1,1,4,1,1,1,22,1,1,1,60,1,1,4
6925,4.0,5.0,1.0,2.0,5.0,2.0,1.0,2.0,4.0,2.0,1.0,5.0,4.0,3.0,3.0,1.0,2.0,5.0,5.0,1.0,2,5,3,4,2,7,4,4,5,1,1,1,0,1,1,0,0,0,0,1,0,0,1,1,1,1,3,3,1,2,28,1,2,1,60,2,1,1
6926,4.0,5.0,5.0,2.0,5.0,1.0,1.0,4.0,3.0,2.0,1.0,5.0,4.0,1.0,4.0,2.0,2.0,4.0,5.0,2.0,5,5,6,5,7,5,5,4,3,1,1,1,1,1,1,0,0,1,0,1,1,1,1,1,1,1,2,3,2,2,21,1,12,2,60,2,1,1
6927,5.0,4.0,2.0,4.0,4.0,4.0,3.0,4.0,3.0,5.0,2.0,5.0,4.0,2.0,2.0,2.0,3.0,4.0,5.0,2.0,5,7,3,3,6,4,5,6,5,3,1,1,0,1,1,0,0,1,1,1,0,1,0,1,1,1,2,2,1,2,21,1,2,1,60,2,1,2
6928,5.0,4.0,3.0,1.0,3.0,1.0,1.0,4.0,2.0,1.0,1.0,5.0,4.0,1.0,4.0,1.0,2.0,5.0,4.0,2.0,6,5,5,2,7,1,4,3,7,2,1,1,0,1,1,1,0,1,1,1,1,1,1,1,1,1,2,2,1,1,20,1,7,3,60,1,1,1
6929,4.0,4.0,2.0,3.0,5.0,2.0,1.0,2.0,4.0,2.0,2.0,5.0,2.0,2.0,3.0,1.0,4.0,4.0,5.0,1.0,4,5,5,7,4,6,7,3,3,5,1,1,0,1,1,0,0,1,0,1,0,1,1,1,1,1,3,3,2,1,22,1,4,5,70,1,1,3
6930,5.0,5.0,3.0,1.0,5.0,5.0,2.0,2.0,5.0,4.0,1.0,4.0,4.0,1.0,5.0,4.0,2.0,4.0,5.0,1.0,2,5,6,5,5,6,5,2,7,5,0,1,0,0,0,0,0,1,0,1,0,0,0,0,0,1,2,2,1,1,20,1,1,1,30,2,1,4
6931,1.0,1.0,3.0,3.0,3.0,3.0,5.0,1.0,1.0,5.0,1.0,5.0,1.0,3.0,1.0,3.0,1.0,5.0,5.0,3.0,1,5,5,2,4,7,5,2,6,1,1,1,0,1,1,0,0,0,0,1,0,0,1,1,1,1,3,3,1,2,50,1,1,1,0,1,3,4
6932,4.0,5.0,1.0,1.0,4.0,1.0,1.0,4.0,1.0,2.0,1.0,5.0,4.0,2.0,2.0,1.0,2.0,2.0,5.0,5.0,1,6,2,4,2,7,1,2,7,1,1,1,1,1,1,0,0,1,0,1,0,0,1,1,1,1,1,2,1,2,15,1,2,1,60,2,1,0
6933,2.0,1.0,3.0,3.0,5.0,1.0,1.0,4.0,4.0,2.0,1.0,4.0,1.0,4.0,4.0,2.0,1.0,5.0,5.0,1.0,6,5,6,5,7,2,6,6,1,1,1,1,0,1,1,0,0,0,0,1,0,0,0,1,1,1,3,1,2,1,20,1,1,1,60,1,1,2
6934,5.0,5.0,1.0,1.0,5.0,1.0,1.0,5.0,1.0,4.0,1.0,5.0,5.0,1.0,2.0,1.0,2.0,1.0,3.0,1.0,0,0,0,0,0,0,0,0,0,0,1,1,1,1,1,1,0,1,0,1,1,1,1,1,1,1,2,3,1,1,45,1,6,0,30,0,2,2
6935,4.0,2.0,2.0,2.0,2.0,4.0,2.0,2.0,4.0,2.0,2.0,4.0,1.0,4.0,4.0,4.0,3.0,4.0,1.0,2.0,5,6,6,3,6,3,6,2,5,2,1,1,1,1,1,0,1,1,0,1,0,0,1,1,1,1,4,2,2,2,32,1,12,1,70,1,1,2
6936,5.0,5.0,2.0,4.0,2.0,1.0,1.0,5.0,2.0,1.0,1.0,5.0,4.0,2.0,5.0,1.0,2.0,4.0,5.0,3.0,3,3,5,2,7,7,1,1,7,5,1,1,1,1,1,1,0,0,0,1,0,0,1,1,1,1,2,3,2,1,18,2,4,1,60,2,1,3
6937,5.0,3.0,3.0,1.0,3.0,1.0,1.0,4.0,1.0,1.0,1.0,4.0,4.0,1.0,5.0,1.0,2.0,5.0,5.0,5.0,7,3,3,2,7,1,1,6,3,1,1,1,1,1,1,0,0,0,1,1,0,0,1,1,1,1,3,2,1,1,22,1,1,1,10,1,1,3
6938,2.0,5.0,1.0,2.0,2.0,1.0,1.0,3.0,3.0,1.0,1.0,5.0,5.0,1.0,3.0,1.0,1.0,4.0,5.0,5.0,3,7,4,3,6,2,5,6,2,1,1,1,0,1,1,0,0,1,0,1,0,0,1,1,1,1,3,3,1,2,28,1,2,1,70,1,1,1
6939,1.0,5.0,5.0,4.0,5.0,2.0,1.0,2.0,5.0,3.0,1.0,5.0,1.0,1.0,3.0,4.0,1.0,4.0,5.0,4.0,3,6,1,6,7,4,7,6,2,1,1,1,0,1,1,0,0,1,0,1,1,0,1,1,1,1,3,2,1,2,25,2,12,1,70,2,1,3
6940,1.0,4.0,2.0,3.0,3.0,2.0,1.0,4.0,2.0,2.0,3.0,2.0,4.0,2.0,4.0,2.0,2.0,4.0,5.0,1.0,6,3,5,5,7,1,5,3,5,7,1,1,1,1,1,0,1,1,0,1,1,0,1,1,1,1,3,2,3,1,29,1,3,2,60,1,1,1
6941,4.0,2.0,2.0,1.0,2.0,4.0,1.0,5.0,2.0,3.0,1.0,4.0,4.0,2.0,2.0,2.0,2.0,5.0,5.0,2.0,2,6,6,7,2,7,6,2,5,5,1,1,1,1,1,0,0,0,0,1,0,0,1,1,1,1,3,3,2,2,40,1,4,1,70,1,2,3
6942,2.0,1.0,1.0,5.0,1.0,2.0,2.0,2.0,5.0,4.0,2.0,2.0,1.0,5.0,3.0,4.0,2.0,2.0,4.0,1.0,6,2,6,1,7,1,6,5,6,2,1,1,1,1,1,1,0,1,0,1,1,1,1,1,1,1,3,1,2,1,41,1,2,1,60,1,2,3
6943,4.0,5.0,5.0,2.0,1.0,1.0,1.0,1.0,5.0,1.0,4.0,4.0,1.0,1.0,1.0,4.0,5.0,1.0,1.0,1.0,7,1,2,2,7,3,1,1,1,1,1,1,1,1,1,0,1,1,0,1,0,0,1,1,1,1,2,1,1,1,25,2,6,1,60,2,1,4
6944,1.0,1.0,5.0,4.0,5.0,5.0,4.0,5.0,5.0,5.0,2.0,2.0,3.0,1.0,1.0,5.0,2.0,4.0,5.0,4.0,6,5,7,1,7,1,7,1,6,1,1,1,0,1,0,0,0,0,0,1,0,0,1,1,1,1,3,3,2,1,33,1,2,1,60,1,3,1
6945,4.0,5.0,5.0,4.0,4.0,1.0,2.0,4.0,5.0,2.0,1.0,2.0,4.0,1.0,4.0,1.0,1.0,5.0,4.0,3.0,5,5,6,2,5,6,5,2,3,2,1,1,1,1,1,0,0,0,0,1,0,0,1,1,1,1,2,1,1,1,46,2,4,1,60,1,1,2
6946,1.0,3.0,4.0,5.0,3.0,1.0,3.0,1.0,5.0,3.0,1.0,1.0,3.0,3.0,5.0,4.0,2.0,1.0,5.0,1.0,5,5,2,5,7,5,7,6,3,1,1,1,0,1,1,1,0,0,0,1,0,0,0,1,1,1,3,2,2,1,50,1,1,1,60,2,3,1
6947,5.0,5.0,1.0,3.0,4.0,1.0,1.0,4.0,2.0,2.0,2.0,5.0,5.0,2.0,5.0,1.0,1.0,4.0,5.0,1.0,3,5,6,3,6,4,1,3,7,3,1,1,0,1,1,0,0,1,0,1,0,0,1,1,1,1,2,3,1,2,19,1,1,2,10,1,1,4
6948,3.0,4.0,3.0,4.0,2.0,2.0,2.0,2.0,5.0,3.0,1.0,4.0,4.0,1.0,4.0,4.0,3.0,4.0,4.0,4.0,5,6,6,3,5,3,4,1,5,3,1,1,0,1,1,0,1,1,0,1,0,0,1,1,1,1,4,3,1,1,45,1,2,1,10,1,2,1
6949,2.0,4.0,5.0,4.0,3.0,5.0,4.0,2.0,5.0,2.0,2.0,5.0,4.0,1.0,4.0,2.0,1.0,4.0,2.0,4.0,4,2,6,2,5,6,6,6,5,2,1,1,1,1,1,0,1,1,0,1,1,0,1,1,1,1,3,3,2,1,66,1,7,2,50,1,1,4
6950,5.0,4.0,2.0,2.0,5.0,2.0,2.0,5.0,4.0,3.0,1.0,5.0,5.0,2.0,2.0,4.0,3.0,3.0,4.0,3.0,2,3,5,5,4,5,4,5,5,2,1,1,0,1,1,1,0,1,0,1,1,0,1,1,1,1,3,2,2,2,29,1,10,3,10,2,1,5
6951,3.0,3.0,4.0,4.0,5.0,5.0,3.0,2.0,5.0,4.0,3.0,4.0,4.0,2.0,1.0,4.0,3.0,4.0,4.0,2.0,5,6,6,1,7,2,5,1,5,3,1,1,0,1,1,0,0,0,0,1,0,0,1,1,1,1,3,3,1,2,27,1,12,1,60,2,1,1
6952,4.0,4.0,2.0,3.0,3.0,5.0,2.0,5.0,2.0,3.0,2.0,4.0,4.0,4.0,5.0,4.0,2.0,5.0,5.0,1.0,7,6,2,5,6,2,4,3,5,3,1,1,0,1,1,1,0,0,0,1,0,0,1,1,1,1,3,2,0,1,23,1,6,1,60,2,1,2
6953,3.0,5.0,3.0,4.0,5.0,4.0,4.0,5.0,4.0,4.0,5.0,3.0,4.0,1.0,4.0,4.0,2.0,4.0,3.0,4.0,7,6,6,6,5,6,6,4,4,5,0,0,0,0,0,0,0,1,0,1,0,0,0,0,0,1,4,3,1,2,33,1,10,1,10,2,1,3
6954,5.0,4.0,4.0,2.0,5.0,2.0,2.0,2.0,2.0,1.0,1.0,5.0,4.0,2.0,2.0,2.0,2.0,5.0,4.0,2.0,3,6,6,7,3,6,5,5,3,5,0,1,0,1,1,0,0,1,0,1,0,0,1,1,1,1,3,2,2,1,21,1,4,1,10,1,1,2
6955,5.0,5.0,2.0,1.0,5.0,1.0,2.0,5.0,3.0,1.0,1.0,4.0,5.0,2.0,5.0,2.0,1.0,5.0,5.0,3.0,6,7,7,7,5,6,5,2,1,7,1,1,1,1,1,1,1,1,1,1,1,1,1,1,1,1,4,3,1,2,47,1,8,1,10,2,2,2
6956,5.0,5.0,3.0,2.0,4.0,4.0,1.0,3.0,5.0,3.0,1.0,4.0,2.0,2.0,2.0,2.0,2.0,4.0,5.0,5.0,1,7,5,6,5,6,2,3,2,7,1,0,0,1,1,0,0,0,0,1,0,0,0,0,1,1,3,1,1,2,26,1,3,1,10,1,1,2
6957,5.0,5.0,3.0,1.0,5.0,5.0,2.0,1.0,3.0,1.0,3.0,5.0,1.0,4.0,3.0,5.0,1.0,2.0,1.0,1.0,7,5,7,1,6,4,4,1,6,1,1,1,1,1,1,1,1,1,0,1,1,1,1,1,1,1,4,1,2,2,41,1,4,1,60,1,2,2
6958,4.0,5.0,2.0,4.0,5.0,2.0,1.0,3.0,5.0,2.0,2.0,5.0,2.0,2.0,1.0,3.0,2.0,1.0,4.0,1.0,7,1,5,1,7,6,7,2,3,1,1,1,0,1,1,0,0,1,0,1,1,0,0,1,1,1,4,3,2,2,36,1,1,2,60,2,2,2
6959,5.0,5.0,2.0,3.0,3.0,1.0,2.0,5.0,2.0,2.0,2.0,5.0,4.0,1.0,4.0,2.0,2.0,5.0,5.0,4.0,3,5,5,6,4,5,4,3,2,4,1,1,0,1,1,0,0,0,0,1,1,0,1,1,1,1,2,3,1,2,20,1,1,1,60,1,1,1
6960,5.0,5.0,5.0,4.0,1.0,5.0,2.0,3.0,2.0,2.0,2.0,2.0,1.0,2.0,1.0,2.0,2.0,4.0,1.0,1.0,7,6,6,1,5,7,7,1,6,1,1,1,0,1,1,0,0,0,0,1,1,0,0,1,1,1,3,1,1,2,40,1,7,5,30,2,2,8
6961,4.0,4.0,4.0,4.0,4.0,2.0,1.0,5.0,3.0,2.0,1.0,2.0,2.0,1.0,4.0,1.0,2.0,5.0,5.0,1.0,5,7,6,6,7,6,4,6,4,3,1,1,1,1,1,0,0,1,0,1,1,0,1,1,1,1,4,2,1,2,26,1,1,1,60,1,1,3
6962,3.0,3.0,3.0,2.0,5.0,3.0,3.0,4.0,4.0,4.0,2.0,5.0,2.0,2.0,2.0,4.0,3.0,3.0,4.0,3.0,4,5,3,1,7,5,4,5,3,4,1,0,0,1,0,0,0,0,0,1,0,0,0,0,0,1,3,3,1,2,26,1,2,1,10,1,1,3
6963,5.0,3.0,4.0,5.0,5.0,1.0,2.0,5.0,5.0,4.0,1.0,5.0,5.0,1.0,1.0,4.0,3.0,3.0,5.0,5.0,7,4,5,1,6,4,5,3,4,1,1,0,0,1,1,0,0,0,0,1,0,0,0,1,1,1,3,1,1,1,21,1,1,1,70,1,1,2
6964,4.0,2.0,3.0,3.0,3.0,3.0,4.0,4.0,5.0,5.0,3.0,4.0,2.0,2.0,4.0,3.0,3.0,2.0,1.0,1.0,3,6,5,4,6,5,4,3,7,2,1,1,0,1,1,0,0,0,0,1,0,1,1,1,1,1,4,3,1,2,32,1,6,1,10,2,1,2
6965,4.0,5.0,4.0,3.0,5.0,2.0,3.0,5.0,2.0,2.0,4.0,5.0,4.0,1.0,4.0,2.0,2.0,5.0,5.0,5.0,7,2,4,5,6,1,5,7,6,1,1,1,0,1,1,0,0,0,0,1,0,0,0,1,1,1,2,3,2,2,17,1,8,1,10,2,1,1
6966,3.0,3.0,3.0,5.0,2.0,5.0,2.0,1.0,5.0,5.0,2.0,1.0,1.0,3.0,4.0,4.0,3.0,3.0,4.0,1.0,5,2,6,2,6,5,5,3,4,1,1,1,0,1,1,0,0,0,0,1,0,0,1,1,1,1,3,1,1,1,44,1,5,1,60,2,2,8
6967,1.0,1.0,5.0,4.0,2.0,5.0,4.0,4.0,5.0,5.0,2.0,3.0,2.0,2.0,3.0,4.0,1.0,2.0,1.0,1.0,5,4,7,5,5,5,5,4,3,3,1,1,1,1,1,0,1,1,0,1,1,1,1,1,1,1,3,2,2,1,35,1,6,1,60,1,2,3
6968,2.0,3.0,3.0,3.0,5.0,2.0,2.0,1.0,1.0,1.0,1.0,5.0,4.0,1.0,4.0,1.0,4.0,5.0,5.0,1.0,5,2,6,2,6,4,6,2,7,4,1,1,0,1,1,0,1,0,0,1,0,0,1,1,1,1,3,3,1,1,33,1,1,1,10,1,2,3
6969,5.0,4.0,3.0,1.0,4.0,4.0,4.0,5.0,4.0,3.0,2.0,5.0,2.0,1.0,4.0,2.0,1.0,2.0,2.0,2.0,5,5,7,5,6,3,5,1,5,4,1,1,0,1,1,0,0,0,0,1,0,0,1,0,1,1,3,1,2,1,63,1,4,1,60,1,2,7
6970,4.0,3.0,3.0,1.0,5.0,1.0,1.0,5.0,3.0,5.0,1.0,5.0,5.0,1.0,1.0,1.0,5.0,3.0,5.0,5.0,1,2,6,5,7,7,4,1,1,1,1,1,0,1,1,0,1,1,0,1,0,0,0,0,1,1,4,3,2,2,21,1,10,1,10,2,1,7
6971,5.0,4.0,3.0,5.0,4.0,1.0,5.0,5.0,5.0,5.0,5.0,5.0,5.0,1.0,5.0,5.0,1.0,2.0,1.0,5.0,5,1,5,3,5,1,7,5,5,4,1,1,1,1,1,1,1,1,1,1,1,1,1,1,1,1,3,3,1,1,27,1,9,1,70,1,1,1
6972,5.0,5.0,1.0,2.0,5.0,2.0,1.0,5.0,2.0,1.0,1.0,5.0,5.0,2.0,5.0,1.0,5.0,5.0,5.0,4.0,6,5,6,2,7,1,5,7,4,1,1,1,0,1,1,0,0,0,0,1,0,0,1,1,1,1,2,3,2,2,18,1,8,1,10,2,1,2
6973,5.0,5.0,3.0,2.0,4.0,1.0,1.0,3.0,2.0,1.0,1.0,5.0,5.0,1.0,3.0,1.0,1.0,4.0,5.0,1.0,4,6,2,1,7,1,4,4,4,1,1,1,1,1,1,1,1,1,0,1,1,1,1,1,1,1,4,3,1,2,31,1,1,1,60,1,2,1
6974,4.0,4.0,1.0,3.0,5.0,1.0,1.0,2.0,2.0,3.0,1.0,4.0,3.0,1.0,5.0,5.0,1.0,5.0,5.0,3.0,5,6,7,5,6,6,5,1,5,4,1,1,0,1,1,0,0,0,0,1,0,0,0,0,1,1,4,3,1,2,29,1,2,1,10,1,1,2
6975,2.0,2.0,4.0,5.0,2.0,2.0,2.0,1.0,5.0,2.0,2.0,4.0,1.0,1.0,2.0,5.0,3.0,2.0,1.0,1.0,2,4,5,1,6,5,4,2,6,2,1,1,1,1,1,0,1,1,0,1,0,0,1,1,1,1,4,3,1,1,45,3,4,1,60,1,1,3
6976,1.0,1.0,5.0,4.0,4.0,2.0,2.0,5.0,5.0,2.0,3.0,3.0,1.0,2.0,3.0,5.0,1.0,1.0,5.0,5.0,3,6,5,6,7,4,7,3,3,1,1,1,0,1,1,0,0,0,0,1,0,0,0,1,1,1,2,3,1,2,19,1,1,1,70,2,1,6
6977,1.0,1.0,5.0,4.0,2.0,5.0,4.0,4.0,5.0,4.0,2.0,2.0,2.0,5.0,1.0,5.0,2.0,1.0,3.0,3.0,5,5,5,6,7,6,7,6,3,1,1,1,0,1,1,0,0,1,0,1,0,0,0,1,1,1,2,3,1,2,19,1,1,1,70,2,1,6
6978,2.0,1.0,3.0,2.0,5.0,2.0,2.0,1.0,2.0,1.0,4.0,5.0,1.0,2.0,2.0,5.0,4.0,3.0,5.0,3.0,1,2,6,1,7,6,5,1,7,3,1,1,0,1,1,0,0,1,0,1,0,0,0,1,1,1,3,3,2,2,45,1,2,1,10,2,2,1
6979,5.0,4.0,1.0,4.0,3.0,2.0,4.0,4.0,2.0,1.0,1.0,4.0,3.0,2.0,1.0,1.0,1.0,4.0,2.0,1.0,3,3,3,6,6,6,2,5,6,2,1,1,1,1,1,0,1,0,0,1,1,1,1,1,1,1,4,2,2,1,65,1,4,0,60,2,1,5
6980,5.0,3.0,1.0,1.0,5.0,1.0,1.0,5.0,1.0,1.0,1.0,4.0,5.0,2.0,5.0,2.0,1.0,5.0,5.0,4.0,5,7,5,2,7,6,3,5,4,6,1,1,0,1,1,0,0,1,0,1,0,0,0,1,1,1,2,3,1,1,19,1,2,1,60,2,1,0
6981,4.0,5.0,4.0,2.0,5.0,2.0,2.0,5.0,4.0,5.0,4.0,5.0,2.0,2.0,4.0,2.0,2.0,5.0,5.0,1.0,1,1,7,2,6,7,7,5,7,4,1,1,0,1,1,0,0,1,0,1,0,0,1,1,1,1,3,1,1,2,38,1,2,1,60,1,2,2
6982,4.0,1.0,1.0,2.0,5.0,2.0,1.0,4.0,1.0,3.0,2.0,1.0,2.0,2.0,4.0,2.0,1.0,4.0,2.0,1.0,7,5,7,5,3,1,5,2,3,1,1,1,0,1,1,0,0,1,0,1,0,0,1,1,1,1,4,3,2,1,38,1,4,1,60,1,2,1
6983,4.0,5.0,5.0,4.0,4.0,4.0,3.0,1.0,5.0,5.0,1.0,4.0,1.0,1.0,4.0,4.0,1.0,4.0,3.0,1.0,6,2,1,7,6,1,7,7,3,2,1,1,1,1,1,0,0,0,0,1,1,0,1,1,1,1,2,2,3,1,22,1,1,2,60,1,1,4
6984,1.0,1.0,4.0,5.0,1.0,4.0,2.0,1.0,5.0,5.0,3.0,1.0,1.0,3.0,1.0,4.0,3.0,1.0,4.0,1.0,5,3,7,1,4,5,6,1,6,2,1,1,1,1,1,0,1,0,0,1,0,0,1,1,1,1,4,1,2,1,29,1,6,1,60,2,1,3
6985,4.0,1.0,1.0,5.0,1.0,1.0,1.0,1.0,5.0,5.0,1.0,3.0,1.0,1.0,5.0,3.0,3.0,5.0,5.0,1.0,6,2,7,1,7,6,7,1,7,1,1,1,0,1,1,0,0,0,1,1,0,0,0,1,1,1,4,3,1,1,48,1,4,1,30,1,2,5
6986,4.0,3.0,2.0,4.0,4.0,2.0,2.0,1.0,1.0,5.0,2.0,4.0,3.0,3.0,4.0,2.0,2.0,3.0,5.0,1.0,6,5,7,7,7,1,7,4,6,1,1,1,0,1,1,1,1,0,0,1,1,1,1,1,1,1,1,2,2,1,16,1,1,1,0,2,1,2
6987,5.0,5.0,5.0,1.0,5.0,1.0,3.0,5.0,5.0,5.0,1.0,5.0,4.0,5.0,1.0,1.0,1.0,5.0,5.0,4.0,5,1,6,7,5,6,7,6,7,2,0,0,1,0,0,0,0,0,0,1,0,1,0,1,0,1,3,2,1,2,19,1,10,1,60,1,1,2
6988,4.0,5.0,4.0,2.0,3.0,2.0,1.0,4.0,4.0,4.0,1.0,5.0,1.0,2.0,4.0,2.0,1.0,4.0,4.0,1.0,6,6,3,3,6,5,6,6,5,1,1,1,1,1,1,0,1,1,0,1,1,0,1,1,1,1,3,2,1,1,48,1,6,1,60,1,1,1
6989,1.0,5.0,5.0,4.0,4.0,1.0,3.0,2.0,5.0,5.0,1.0,1.0,1.0,1.0,4.0,1.0,5.0,1.0,5.0,1.0,6,2,6,1,7,2,7,3,7,1,1,1,1,1,1,0,1,0,0,1,1,1,1,1,1,1,3,2,1,1,53,1,6,1,60,1,2,2
6990,4.0,3.0,4.0,5.0,4.0,1.0,1.0,5.0,5.0,4.0,1.0,1.0,1.0,2.0,4.0,1.0,3.0,4.0,5.0,1.0,5,2,5,5,2,4,6,3,2,4,1,1,0,1,1,0,0,0,0,1,0,0,0,0,1,1,4,3,2,2,29,1,1,1,60,2,2,0
6991,1.0,1.0,4.0,5.0,1.0,4.0,2.0,1.0,5.0,5.0,4.0,1.0,1.0,4.0,2.0,5.0,5.0,1.0,2.0,1.0,6,3,3,3,6,1,5,5,5,3,1,1,0,1,0,0,0,1,0,1,0,0,0,1,1,1,2,1,2,2,24,1,1,2,60,1,1,3
6992,5.0,5.0,1.0,2.0,4.0,1.0,1.0,5.0,2.0,1.0,1.0,5.0,4.0,1.0,4.0,5.0,5.0,5.0,5.0,1.0,1,7,4,6,6,7,1,4,4,1,1,1,0,1,1,0,0,1,0,1,1,0,1,1,1,1,4,3,1,2,24,1,2,1,70,2,1,2
6993,3.0,4.0,2.0,4.0,2.0,4.0,1.0,4.0,4.0,2.0,1.0,5.0,1.0,1.0,5.0,1.0,4.0,4.0,1.0,1.0,2,4,6,5,7,7,7,3,4,3,1,1,0,1,0,0,0,0,0,1,0,0,0,0,1,1,3,3,2,2,37,1,4,1,60,1,1,1
6994,2.0,5.0,2.0,3.0,4.0,2.0,1.0,2.0,4.0,4.0,3.0,5.0,1.0,3.0,4.0,2.0,3.0,2.0,5.0,4.0,4,6,6,3,5,4,5,2,6,2,1,0,0,1,1,0,0,0,0,1,0,0,0,0,1,1,2,2,1,2,21,1,12,1,60,1,1,1
6995,5.0,5.0,1.0,1.0,5.0,1.0,2.0,4.0,4.0,1.0,1.0,5.0,5.0,1.0,4.0,3.0,1.0,5.0,4.0,3.0,5,6,7,2,6,5,5,6,4,1,0,1,1,1,1,0,0,1,0,1,0,0,1,1,1,1,3,3,1,2,32,1,2,1,60,2,2,1
6996,1.0,2.0,3.0,4.0,4.0,3.0,1.0,1.0,5.0,4.0,1.0,1.0,1.0,2.0,3.0,2.0,1.0,1.0,5.0,1.0,2,1,7,1,6,7,7,5,7,5,1,1,1,1,1,0,1,1,0,1,0,0,1,1,1,1,4,2,1,1,43,1,2,1,60,1,2,3
6997,5.0,2.0,1.0,1.0,5.0,2.0,1.0,5.0,1.0,2.0,1.0,5.0,4.0,1.0,4.0,1.0,1.0,2.0,5.0,4.0,6,5,5,1,7,1,3,2,7,2,0,1,0,0,0,0,0,0,0,1,0,0,0,0,1,1,3,2,1,1,19,1,2,1,60,1,1,3
6998,1.0,1.0,5.0,4.0,3.0,5.0,4.0,4.0,5.0,5.0,2.0,2.0,1.0,4.0,1.0,4.0,2.0,3.0,2.0,1.0,5,5,7,2,6,3,5,5,6,2,1,1,1,1,1,0,0,0,0,1,0,0,1,1,1,1,3,3,2,1,50,1,6,1,60,1,3,2
6999,5.0,5.0,2.0,1.0,5.0,2.0,2.0,5.0,4.0,5.0,1.0,5.0,4.0,1.0,5.0,2.0,3.0,5.0,2.0,3.0,6,2,2,6,7,7,6,7,3,6,1,1,0,1,1,0,0,1,0,1,0,0,0,1,1,1,4,3,1,2,38,1,1,1,20,2,2,3
7000,1.0,2.0,5.0,3.0,2.0,5.0,5.0,2.0,5.0,5.0,1.0,1.0,1.0,3.0,1.0,5.0,5.0,1.0,5.0,1.0,1,4,4,6,7,7,6,4,2,1,1,1,0,1,1,0,0,1,0,1,0,0,0,1,1,1,2,3,1,1,30,2,2,4,60,1,1,3
7001,5.0,5.0,3.0,2.0,5.0,1.0,1.0,5.0,2.0,5.0,3.0,5.0,5.0,1.0,5.0,2.0,3.0,4.0,2.0,3.0,7,2,7,6,7,6,5,1,1,1,0,1,0,1,0,0,0,0,0,1,0,0,0,0,1,1,3,3,2,2,20,1,10,2,20,2,1,4
7002,5.0,5.0,5.0,1.0,5.0,1.0,5.0,5.0,5.0,2.0,5.0,5.0,5.0,1.0,4.0,5.0,5.0,2.0,5.0,5.0,7,7,1,7,7,1,7,5,3,1,1,0,0,1,0,0,0,0,0,1,0,0,0,0,1,1,2,3,1,2,22,1,10,1,70,2,1,3
7003,4.0,1.0,5.0,2.0,4.0,2.0,2.0,1.0,5.0,5.0,2.0,2.0,2.0,5.0,1.0,1.0,5.0,4.0,5.0,4.0,1,2,7,5,5,7,6,1,5,2,1,1,1,1,1,0,1,1,0,1,0,0,1,1,1,1,4,1,2,1,32,2,2,1,60,1,2,2
7004,5.0,5.0,5.0,1.0,5.0,1.0,1.0,5.0,5.0,1.0,1.0,5.0,5.0,1.0,5.0,5.0,5.0,5.0,5.0,2.0,5,7,5,5,7,3,7,3,3,2,0,1,0,1,1,1,0,0,0,1,0,0,1,1,1,1,3,3,2,2,36,1,4,1,70,2,1,1
7005,3.0,4.0,3.0,2.0,4.0,2.0,1.0,2.0,3.0,3.0,1.0,3.0,4.0,4.0,3.0,2.0,3.0,4.0,5.0,4.0,3,5,0,7,5,6,4,5,5,2,1,1,0,1,1,0,0,0,0,1,0,0,0,1,1,1,1,3,2,1,17,1,1,2,30,2,1,4
7006,5.0,5.0,1.0,1.0,5.0,1.0,1.0,3.0,1.0,1.0,1.0,5.0,5.0,1.0,3.0,1.0,1.0,5.0,5.0,3.0,7,7,6,1,7,3,2,2,7,3,1,1,0,1,1,0,1,1,0,1,0,0,1,1,1,1,3,3,1,2,23,1,2,1,70,2,1,4
7007,5.0,5.0,2.0,2.0,4.0,1.0,1.0,4.0,4.0,1.0,1.0,5.0,1.0,2.0,5.0,1.0,2.0,4.0,3.0,1.0,5,5,3,6,3,5,4,5,4,6,1,1,0,1,1,0,0,0,0,1,0,0,1,1,1,1,3,3,2,1,23,2,6,1,10,2,2,2
7008,2.0,5.0,4.0,2.0,1.0,2.0,1.0,2.0,2.0,2.0,1.0,2.0,3.0,1.0,4.0,5.0,1.0,1.0,5.0,3.0,6,1,6,1,5,3,6,2,7,3,1,1,0,1,1,0,0,1,0,1,0,0,1,1,1,1,4,2,1,1,23,1,4,1,60,1,1,3
7009,4.0,5.0,4.0,3.0,5.0,1.0,1.0,3.0,1.0,2.0,1.0,5.0,3.0,1.0,4.0,1.0,1.0,4.0,5.0,1.0,1,7,6,2,5,5,4,1,6,2,1,1,1,1,1,0,0,1,1,1,0,1,1,1,1,1,3,3,1,1,26,1,2,1,60,1,1,2
7010,2.0,5.0,4.0,4.0,5.0,2.0,1.0,5.0,5.0,5.0,1.0,5.0,1.0,1.0,4.0,2.0,2.0,4.0,4.0,1.0,3,1,6,4,3,2,6,3,6,2,1,1,0,1,1,0,0,0,0,1,0,1,1,1,1,1,3,3,1,2,26,1,6,1,10,1,1,2
7011,1.0,1.0,5.0,1.0,1.0,5.0,5.0,2.0,5.0,2.0,1.0,1.0,1.0,2.0,3.0,4.0,2.0,3.0,1.0,3.0,7,7,7,2,5,1,5,2,4,2,1,1,0,1,1,0,0,0,0,1,0,0,1,1,1,1,4,1,1,1,27,1,7,1,60,1,2,4
7012,2.0,2.0,4.0,4.0,1.0,4.0,5.0,2.0,5.0,3.0,5.0,2.0,2.0,3.0,3.0,4.0,4.0,1.0,4.0,1.0,5,2,7,5,5,6,6,2,5,3,1,1,0,1,1,0,0,0,0,1,0,0,0,1,1,1,3,1,2,1,24,1,4,1,60,2,1,3
7013,1.0,1.0,5.0,5.0,1.0,5.0,5.0,1.0,5.0,5.0,5.0,1.0,1.0,3.0,1.0,5.0,1.0,1.0,5.0,1.0,2,6,6,6,6,6,6,2,2,2,1,1,0,1,1,0,0,1,0,1,0,0,0,1,1,1,2,2,1,2,30,1,2,1,70,1,2,3
7014,1.0,1.0,5.0,5.0,1.0,5.0,5.0,1.0,5.0,5.0,5.0,1.0,5.0,3.0,1.0,5.0,2.0,1.0,3.0,1.0,7,1,1,7,4,5,0,7,7,3,1,1,1,1,1,0,1,1,0,1,0,0,1,1,1,1,3,2,2,1,63,1,4,1,60,1,3,3
7015,4.0,1.0,4.0,4.0,1.0,2.0,2.0,1.0,4.0,5.0,1.0,5.0,1.0,2.0,1.0,1.0,4.0,2.0,5.0,1.0,2,1,7,3,5,7,7,3,7,2,1,1,1,1,1,0,0,0,0,1,0,0,1,1,1,1,3,2,2,1,30,1,2,1,60,2,2,2
7016,4.0,5.0,1.0,4.0,4.0,3.0,1.0,1.0,3.0,4.0,1.0,4.0,1.0,4.0,4.0,1.0,3.0,5.0,5.0,2.0,5,1,6,3,5,5,6,2,7,5,1,1,0,1,1,0,0,0,0,1,0,0,0,0,1,1,4,3,1,2,36,1,12,1,10,1,1,3
7017,5.0,5.0,2.0,4.0,5.0,1.0,1.0,4.0,2.0,5.0,1.0,5.0,4.0,1.0,2.0,1.0,5.0,5.0,5.0,1.0,3,6,6,2,6,1,3,2,6,2,1,1,1,1,1,0,1,0,0,1,0,0,1,1,1,1,3,3,2,2,32,3,1,2,10,1,1,3
7018,3.0,1.0,1.0,4.0,2.0,1.0,1.0,2.0,4.0,3.0,1.0,2.0,1.0,1.0,4.0,1.0,2.0,4.0,3.0,2.0,2,6,2,1,6,7,4,6,7,5,1,1,1,1,1,0,1,1,0,1,1,1,1,1,1,1,2,1,1,1,21,1,6,1,60,1,1,3
7019,4.0,5.0,3.0,3.0,5.0,1.0,1.0,1.0,4.0,2.0,1.0,5.0,3.0,1.0,3.0,3.0,3.0,4.0,5.0,1.0,6,7,3,5,6,1,6,7,5,1,1,1,0,1,1,0,0,0,0,1,0,0,0,0,1,1,3,3,2,2,27,1,3,1,10,1,1,2
7020,5.0,5.0,1.0,2.0,4.0,2.0,2.0,2.0,4.0,5.0,1.0,5.0,1.0,1.0,4.0,4.0,2.0,3.0,5.0,5.0,5,5,6,6,5,7,5,6,5,5,1,0,0,1,0,0,0,0,0,1,0,0,1,0,0,1,3,3,1,2,38,1,12,1,10,1,1,3
7021,5.0,5.0,4.0,2.0,4.0,1.0,1.0,3.0,3.0,2.0,4.0,5.0,3.0,1.0,5.0,1.0,1.0,4.0,3.0,2.0,4,5,4,5,3,5,4,2,4,5,1,1,0,1,1,0,1,1,0,1,0,0,1,1,1,1,4,3,1,2,40,1,3,1,10,2,1,3
7022,2.0,1.0,5.0,5.0,2.0,5.0,5.0,1.0,5.0,3.0,2.0,1.0,1.0,2.0,4.0,2.0,5.0,1.0,3.0,5.0,0,0,7,0,0,0,0,0,0,0,0,0,0,0,0,0,0,0,0,0,0,0,0,0,0,1,3,0,1,1,37,1,7,5,10,1,1,2
7023,3.0,2.0,1.0,2.0,5.0,2.0,1.0,1.0,4.0,4.0,2.0,5.0,4.0,1.0,4.0,2.0,3.0,4.0,5.0,3.0,5,7,7,1,7,6,3,1,5,3,0,0,0,0,0,0,0,0,0,0,0,0,0,0,0,0,3,3,1,1,21,3,1,2,60,1,1,0
7024,1.0,2.0,2.0,4.0,4.0,5.0,2.0,1.0,5.0,4.0,2.0,4.0,2.0,4.0,1.0,2.0,1.0,1.0,5.0,1.0,3,2,5,5,6,6,6,2,5,1,1,1,0,1,1,1,0,0,1,1,1,1,1,1,1,1,4,1,2,1,37,1,1,1,60,1,1,5
7025,4.0,2.0,1.0,4.0,5.0,4.0,4.0,4.0,5.0,5.0,3.0,5.0,5.0,2.0,1.0,4.0,1.0,2.0,4.0,3.0,3,6,5,7,5,2,6,3,1,7,1,1,0,1,1,0,0,0,0,1,1,0,1,1,1,1,2,1,2,2,21,2,7,1,60,1,1,2
7026,2.0,4.0,3.0,4.0,3.0,2.0,1.0,2.0,4.0,2.0,3.0,5.0,1.0,2.0,3.0,4.0,1.0,3.0,5.0,1.0,6,1,5,3,6,2,4,5,5,2,1,1,1,1,1,0,1,0,0,1,0,0,1,1,1,1,4,3,2,2,29,1,0,2,10,1,1,2
7027,3.0,3.0,1.0,3.0,5.0,1.0,1.0,2.0,1.0,1.0,1.0,4.0,4.0,1.0,4.0,1.0,1.0,4.0,5.0,3.0,5,6,6,2,7,4,6,5,3,2,1,1,1,1,1,0,0,1,0,1,1,0,1,1,1,1,4,1,1,1,32,1,2,1,60,1,1,2
7028,4.0,4.0,2.0,3.0,4.0,1.0,2.0,2.0,5.0,3.0,2.0,2.0,2.0,2.0,4.0,1.0,3.0,4.0,5.0,1.0,2,2,5,7,6,6,5,5,2,4,1,1,1,1,1,0,0,0,0,1,0,0,1,1,1,1,3,2,2,1,35,1,1,1,60,2,2,4
7029,3.0,4.0,2.0,4.0,5.0,4.0,1.0,4.0,5.0,4.0,1.0,5.0,1.0,1.0,5.0,1.0,5.0,4.0,5.0,2.0,5,7,4,6,7,6,7,5,4,4,1,1,0,1,1,0,0,0,0,1,0,0,0,1,1,1,3,3,1,2,33,1,2,1,60,1,1,1
7030,2.0,3.0,2.0,5.0,3.0,5.0,1.0,1.0,5.0,5.0,4.0,1.0,1.0,4.0,4.0,4.0,1.0,2.0,5.0,2.0,3,5,4,3,4,6,4,4,5,4,1,1,0,1,1,0,0,0,0,1,0,0,1,0,1,1,3,3,1,2,24,1,4,1,10,2,1,2
7031,5.0,2.0,1.0,1.0,5.0,4.0,1.0,4.0,1.0,1.0,1.0,5.0,4.0,1.0,5.0,1.0,3.0,5.0,5.0,2.0,1,7,5,4,5,7,3,3,7,1,1,1,0,1,0,0,0,0,0,1,0,0,0,1,1,1,3,3,1,2,29,1,10,2,20,2,1,5
7032,4.0,5.0,1.0,1.0,5.0,1.0,1.0,5.0,2.0,2.0,1.0,5.0,3.0,1.0,2.0,1.0,2.0,2.0,5.0,5.0,2,5,6,1,6,6,5,6,7,2,1,0,0,1,0,0,0,0,0,1,0,1,0,0,1,1,3,3,1,2,29,1,1,1,10,1,1,3
7033,1.0,1.0,5.0,2.0,5.0,2.0,5.0,1.0,5.0,5.0,1.0,1.0,1.0,2.0,1.0,2.0,2.0,1.0,3.0,3.0,1,1,7,6,6,7,6,3,6,5,1,1,1,1,1,1,0,0,0,1,0,0,0,1,1,1,3,2,2,2,40,1,7,1,60,1,1,2
7034,5.0,5.0,4.0,5.0,5.0,4.0,1.0,4.0,4.0,1.0,3.0,2.0,1.0,5.0,5.0,3.0,1.0,5.0,5.0,1.0,7,5,5,5,7,2,7,2,6,2,1,1,1,1,1,0,0,0,0,1,0,0,1,1,1,1,3,2,2,1,21,1,12,1,60,1,1,3
7035,4.0,4.0,3.0,2.0,5.0,1.0,1.0,4.0,4.0,1.0,1.0,5.0,3.0,2.0,5.0,1.0,1.0,5.0,5.0,1.0,5,7,5,5,4,2,5,3,4,3,1,1,1,1,1,0,1,1,0,1,1,0,1,1,1,1,3,2,2,1,38,1,1,1,60,1,1,2
7036,5.0,4.0,1.0,4.0,2.0,2.0,1.0,5.0,1.0,1.0,1.0,5.0,5.0,2.0,5.0,3.0,1.0,5.0,5.0,4.0,5,6,6,3,7,6,7,5,7,7,1,1,0,1,1,0,0,0,0,1,0,0,1,1,1,1,1,2,1,2,16,2,1,2,60,2,1,1
7037,5.0,5.0,3.0,2.0,5.0,4.0,3.0,5.0,5.0,5.0,1.0,5.0,5.0,2.0,3.0,5.0,1.0,4.0,5.0,5.0,1,2,4,7,4,7,3,6,4,5,1,1,0,1,1,0,0,0,0,1,0,1,0,1,1,1,3,1,2,2,21,1,10,1,10,2,1,6
7038,5.0,4.0,2.0,2.0,2.0,1.0,2.0,4.0,4.0,3.0,2.0,4.0,2.0,1.0,5.0,2.0,3.0,5.0,4.0,3.0,4,6,5,5,5,4,6,2,4,1,1,1,0,1,1,0,0,1,0,1,0,0,1,1,1,1,4,2,2,1,24,1,4,1,60,2,1,1
7039,1.0,3.0,4.0,3.0,5.0,5.0,5.0,4.0,5.0,3.0,1.0,5.0,2.0,1.0,1.0,5.0,3.0,2.0,1.0,1.0,7,3,7,5,7,2,6,5,7,3,1,1,0,1,1,0,0,0,0,1,0,1,1,0,1,1,2,3,1,2,17,1,8,1,10,2,1,1
7040,4.0,4.0,2.0,2.0,4.0,1.0,1.0,2.0,2.0,2.0,2.0,5.0,5.0,1.0,4.0,1.0,1.0,4.0,5.0,4.0,7,6,5,7,6,2,1,3,2,1,1,1,0,1,1,0,0,0,0,1,1,0,1,1,1,1,1,3,1,1,16,2,1,5,60,2,1,3
7041,2.0,1.0,2.0,2.0,2.0,2.0,2.0,1.0,5.0,4.0,1.0,2.0,2.0,2.0,2.0,2.0,4.0,2.0,4.0,1.0,2,7,7,5,6,7,6,1,6,2,1,1,0,1,1,0,0,0,0,1,0,0,0,1,1,1,2,3,2,2,19,1,7,1,60,1,1,2
7042,1.0,1.0,4.0,1.0,4.0,5.0,5.0,1.0,5.0,1.0,1.0,4.0,2.0,2.0,3.0,4.0,4.0,1.0,1.0,1.0,1,1,6,5,3,7,6,1,6,1,1,1,1,1,1,0,1,1,0,1,1,1,1,1,1,1,4,3,1,1,70,2,6,1,60,1,2,3
7043,5.0,4.0,5.0,4.0,2.0,4.0,2.0,4.0,3.0,5.0,4.0,4.0,4.0,5.0,5.0,5.0,2.0,4.0,5.0,3.0,7,6,6,2,6,2,4,4,5,2,1,1,0,1,1,0,0,0,0,1,0,0,0,1,1,1,1,3,1,1,16,2,4,1,60,2,1,4
7044,5.0,4.0,2.0,4.0,4.0,2.0,2.0,5.0,5.0,3.0,1.0,5.0,1.0,1.0,5.0,1.0,1.0,3.0,2.0,2.0,6,1,7,5,6,1,5,1,6,4,1,1,1,1,1,0,1,1,0,1,0,0,1,1,1,1,4,3,1,1,48,1,0,0,60,1,2,3
7045,2.0,4.0,3.0,4.0,5.0,4.0,2.0,2.0,4.0,5.0,2.0,4.0,2.0,5.0,1.0,2.0,1.0,4.0,5.0,1.0,7,3,6,5,6,1,6,3,6,5,1,1,0,1,1,0,0,0,0,1,1,0,1,0,1,1,2,3,2,1,19,1,5,1,60,1,1,3
7046,5.0,2.0,5.0,2.0,2.0,2.0,3.0,2.0,5.0,1.0,1.0,2.0,1.0,2.0,1.0,4.0,2.0,1.0,5.0,1.0,2,5,3,1,7,5,5,2,6,1,1,1,1,1,1,0,1,0,0,1,0,0,1,1,1,1,3,2,2,1,33,1,3,1,10,2,1,4
7047,4.0,5.0,4.0,4.0,2.0,5.0,5.0,4.0,5.0,4.0,1.0,5.0,5.0,1.0,5.0,4.0,2.0,1.0,4.0,4.0,6,3,6,3,7,1,6,3,7,2,1,1,0,1,1,0,0,0,0,1,0,0,0,1,1,1,2,2,1,1,24,2,7,1,60,2,2,2
7048,5.0,4.0,2.0,3.0,4.0,2.0,1.0,1.0,2.0,2.0,1.0,4.0,5.0,2.0,5.0,2.0,1.0,5.0,5.0,4.0,7,6,7,2,6,3,2,6,6,1,1,1,1,1,1,0,0,1,1,1,1,1,1,1,1,1,3,3,1,1,34,2,12,1,60,1,1,2
7049,2.0,5.0,5.0,5.0,4.0,5.0,4.0,2.0,4.0,4.0,4.0,4.0,2.0,4.0,3.0,4.0,3.0,2.0,4.0,2.0,5,5,6,3,6,3,5,3,3,4,1,1,0,1,1,0,0,1,0,1,1,0,0,1,0,1,4,1,2,2,60,3,4,1,60,1,2,2
7050,3.0,4.0,4.0,3.0,4.0,2.0,2.0,4.0,3.0,2.0,2.0,4.0,1.0,4.0,4.0,2.0,2.0,4.0,3.0,1.0,3,4,5,7,6,7,5,4,4,3,1,1,0,1,1,0,0,1,0,1,0,0,0,1,1,1,2,3,2,2,19,1,12,2,70,2,1,3
7051,5.0,5.0,1.0,1.0,5.0,1.0,1.0,5.0,2.0,1.0,1.0,5.0,5.0,1.0,5.0,5.0,1.0,5.0,5.0,5.0,7,1,2,1,7,2,1,6,2,1,1,1,1,1,1,0,1,1,0,1,1,0,1,1,1,1,4,2,2,2,27,1,4,2,10,1,1,3
7052,1.0,4.0,2.0,2.0,2.0,1.0,1.0,2.0,2.0,2.0,3.0,1.0,1.0,3.0,4.0,5.0,2.0,4.0,4.0,1.0,6,3,5,1,6,3,6,6,7,2,1,1,1,1,1,0,1,1,0,1,1,0,1,1,1,1,4,3,1,1,23,1,1,1,60,1,1,2
7053,4.0,2.0,1.0,2.0,5.0,1.0,1.0,5.0,1.0,1.0,1.0,2.0,2.0,1.0,4.0,1.0,3.0,4.0,4.0,5.0,6,2,3,5,7,7,6,5,6,2,1,1,0,1,1,0,0,0,0,1,0,0,0,1,1,1,3,1,1,2,37,1,8,1,10,2,1,3
7054,1.0,2.0,3.0,4.0,3.0,4.0,3.0,1.0,5.0,4.0,1.0,2.0,4.0,2.0,4.0,1.0,1.0,4.0,5.0,2.0,6,5,6,1,7,2,3,2,4,6,1,1,0,1,1,0,0,0,0,1,1,0,0,1,1,1,4,1,2,1,40,1,6,1,60,2,1,4
7055,1.0,1.0,3.0,4.0,2.0,4.0,2.0,2.0,5.0,4.0,2.0,2.0,3.0,3.0,3.0,2.0,2.0,1.0,4.0,1.0,1,3,7,5,4,7,2,1,4,5,1,1,1,1,1,0,1,1,0,1,1,0,1,1,1,1,4,2,2,1,51,1,6,1,60,1,2,3
7056,5.0,4.0,4.0,4.0,5.0,1.0,2.0,5.0,4.0,2.0,1.0,5.0,4.0,1.0,4.0,1.0,1.0,5.0,5.0,2.0,1,5,7,6,6,7,2,7,6,2,1,1,0,1,1,0,0,0,0,1,0,1,1,1,1,1,3,1,1,1,18,1,2,2,70,2,1,1
7057,5.0,5.0,1.0,4.0,4.0,1.0,2.0,4.0,2.0,2.0,1.0,5.0,3.0,1.0,4.0,1.0,1.0,4.0,5.0,4.0,7,6,3,6,6,2,1,2,2,2,1,1,0,1,1,0,0,1,0,1,0,0,0,1,1,1,3,3,1,2,22,1,12,1,30,2,1,6
7058,4.0,3.0,4.0,4.0,3.0,4.0,4.0,3.0,5.0,2.0,2.0,5.0,2.0,3.0,1.0,5.0,1.0,3.0,5.0,4.0,1,4,5,1,6,7,4,4,7,4,1,1,1,1,1,0,0,0,0,1,0,1,1,1,1,1,3,3,2,1,52,1,1,1,70,1,2,5
7059,4.0,4.0,3.0,3.0,4.0,3.0,2.0,2.0,4.0,4.0,3.0,4.0,3.0,3.0,2.0,4.0,1.0,3.0,3.0,3.0,3,2,5,3,5,6,5,3,5,3,1,1,1,1,1,0,1,0,0,1,1,0,1,1,1,1,4,3,3,2,33,1,3,4,10,1,1,2
7060,5.0,5.0,2.0,2.0,4.0,1.0,1.0,4.0,2.0,1.0,1.0,5.0,5.0,2.0,5.0,4.0,3.0,5.0,5.0,5.0,6,5,4,2,6,3,6,3,7,1,1,1,0,1,1,0,0,1,0,1,0,0,1,1,1,1,2,3,1,2,18,1,10,1,20,2,1,2
7061,2.0,2.0,3.0,4.0,4.0,1.0,4.0,2.0,5.0,2.0,1.0,5.0,4.0,1.0,4.0,1.0,2.0,2.0,2.0,3.0,7,3,3,5,6,2,6,6,6,5,1,1,0,1,1,0,0,1,0,1,0,0,0,1,0,1,0,3,2,2,21,2,10,1,20,2,1,5
7062,1.0,2.0,2.0,5.0,5.0,2.0,1.0,2.0,5.0,4.0,1.0,5.0,1.0,1.0,5.0,1.0,1.0,5.0,5.0,1.0,6,5,5,5,6,3,6,5,7,3,1,1,0,1,1,0,1,1,0,1,0,0,0,1,1,1,4,1,2,2,35,1,2,1,60,1,2,3
7063,4.0,1.0,3.0,2.0,4.0,1.0,2.0,4.0,2.0,4.0,1.0,2.0,4.0,3.0,2.0,1.0,1.0,5.0,5.0,2.0,4,6,7,3,6,5,1,1,4,1,1,1,0,1,1,0,1,0,0,1,0,0,0,1,1,1,3,3,1,2,23,1,1,2,10,2,1,4
7064,5.0,5.0,4.0,1.0,5.0,1.0,1.0,4.0,2.0,3.0,1.0,5.0,4.0,2.0,4.0,5.0,1.0,5.0,5.0,3.0,6,6,7,3,7,5,5,1,7,4,1,1,0,1,1,1,0,0,0,1,0,1,1,1,1,1,3,1,2,1,25,1,4,1,60,2,1,4
7065,5.0,1.0,2.0,1.0,3.0,5.0,5.0,5.0,4.0,5.0,4.0,1.0,5.0,5.0,3.0,3.0,3.0,3.0,3.0,1.0,6,4,1,7,7,5,3,2,1,2,1,1,0,1,1,0,0,0,1,1,0,0,0,0,1,1,2,3,2,2,21,1,10,1,20,2,1,5
7066,5.0,5.0,1.0,1.0,1.0,1.0,1.0,4.0,1.0,1.0,1.0,5.0,5.0,1.0,5.0,4.0,1.0,5.0,5.0,5.0,6,4,7,7,5,6,1,2,4,1,1,1,1,1,1,1,1,0,0,1,0,0,1,1,1,1,2,2,1,2,20,3,12,1,60,2,1,1
7067,5.0,5.0,1.0,4.0,5.0,2.0,2.0,5.0,5.0,4.0,1.0,5.0,5.0,1.0,5.0,1.0,1.0,5.0,5.0,5.0,5,6,7,1,7,6,5,4,6,4,1,0,0,1,0,0,0,0,0,1,0,0,0,0,1,1,2,1,1,2,21,1,1,1,60,1,1,3
7068,4.0,2.0,3.0,2.0,2.0,3.0,1.0,2.0,5.0,3.0,1.0,4.0,1.0,1.0,4.0,1.0,2.0,4.0,3.0,1.0,7,1,6,3,7,2,7,5,4,1,1,1,1,1,1,0,0,0,0,1,0,0,1,1,1,1,3,2,2,1,26,1,1,1,60,1,1,3
7069,5.0,3.0,1.0,1.0,4.0,1.0,1.0,5.0,1.0,1.0,1.0,4.0,4.0,2.0,4.0,1.0,1.0,4.0,3.0,2.0,1,6,2,7,1,7,1,4,3,3,1,1,0,1,1,1,1,0,0,1,0,0,1,1,1,1,3,2,1,1,27,1,4,1,60,1,1,2
7070,4.0,1.0,1.0,5.0,5.0,1.0,1.0,5.0,4.0,3.0,1.0,5.0,2.0,1.0,5.0,1.0,1.0,5.0,5.0,1.0,5,7,7,7,2,1,2,7,1,1,1,1,0,1,1,1,0,0,0,1,0,0,0,1,1,1,1,2,1,1,15,1,1,2,60,2,1,1
7071,1.0,4.0,4.0,3.0,3.0,5.0,3.0,4.0,5.0,4.0,4.0,5.0,2.0,3.0,4.0,4.0,1.0,3.0,4.0,1.0,1,3,2,5,6,4,7,5,6,4,1,1,0,1,1,1,1,1,0,1,0,0,0,1,1,1,3,3,2,1,49,1,12,1,60,1,1,4
7072,5.0,1.0,5.0,4.0,5.0,5.0,5.0,1.0,5.0,2.0,5.0,3.0,1.0,5.0,5.0,5.0,2.0,1.0,5.0,1.0,1,7,7,3,5,7,5,1,7,1,1,1,0,1,1,1,1,1,1,1,0,1,1,1,1,1,3,3,1,1,24,1,12,1,30,1,1,2
7073,5.0,5.0,1.0,1.0,5.0,5.0,1.0,5.0,5.0,5.0,1.0,5.0,5.0,1.0,3.0,1.0,5.0,5.0,5.0,4.0,6,7,7,6,6,1,7,2,6,2,1,1,1,1,1,0,0,0,0,1,0,0,0,1,1,1,3,3,1,2,27,1,2,1,60,1,1,1
7074,4.0,5.0,5.0,4.0,2.0,5.0,2.0,2.0,5.0,4.0,2.0,2.0,1.0,2.0,4.0,2.0,3.0,2.0,2.0,1.0,6,2,6,5,6,5,7,6,3,5,1,1,1,1,1,0,1,0,0,1,1,0,1,1,1,1,3,3,2,1,45,1,4,1,60,1,2,1
7075,5.0,5.0,4.0,3.0,3.0,2.0,3.0,5.0,5.0,4.0,2.0,5.0,4.0,1.0,4.0,4.0,1.0,4.0,5.0,4.0,5,4,6,3,3,5,5,6,5,5,1,1,0,1,1,0,0,0,0,1,0,0,0,1,1,1,3,2,1,1,20,1,1,1,70,2,1,3
7076,4.0,3.0,1.0,1.0,5.0,1.0,1.0,4.0,1.0,3.0,1.0,5.0,5.0,1.0,3.0,1.0,1.0,5.0,5.0,4.0,5,7,4,7,6,1,1,3,1,1,1,1,1,1,1,1,1,1,1,1,0,0,1,1,1,1,3,2,2,1,38,1,12,2,60,2,2,2
7077,2.0,3.0,2.0,5.0,4.0,1.0,1.0,4.0,4.0,4.0,1.0,5.0,1.0,1.0,5.0,3.0,5.0,5.0,2.0,3.0,5,5,7,6,6,4,6,1,3,2,1,0,0,0,1,0,0,0,0,1,0,0,0,0,1,1,2,3,2,2,21,2,10,1,20,2,1,6
7078,1.0,1.0,1.0,4.0,1.0,5.0,5.0,1.0,5.0,5.0,1.0,2.0,5.0,1.0,1.0,5.0,1.0,3.0,5.0,1.0,3,2,7,5,2,5,6,1,5,2,1,1,1,1,1,0,1,1,0,1,1,1,1,1,1,1,3,3,2,1,32,1,4,1,60,1,3,4
7079,4.0,4.0,1.0,1.0,4.0,1.0,1.0,4.0,3.0,2.0,1.0,5.0,5.0,1.0,3.0,1.0,3.0,5.0,5.0,4.0,1,7,3,1,5,6,1,4,6,5,1,1,0,1,1,1,0,1,0,1,0,0,1,1,1,1,2,2,1,1,19,1,2,1,60,2,1,2
7080,5.0,4.0,1.0,1.0,5.0,4.0,1.0,5.0,5.0,1.0,1.0,5.0,1.0,1.0,2.0,1.0,1.0,1.0,5.0,5.0,5,6,6,1,2,7,1,6,6,7,1,0,0,1,1,0,0,0,0,1,0,0,0,0,0,1,3,3,1,2,39,1,3,1,10,1,1,3
7081,5.0,4.0,1.0,4.0,4.0,1.0,1.0,3.0,2.0,1.0,2.0,4.0,4.0,1.0,3.0,2.0,1.0,4.0,5.0,1.0,5,5,7,2,7,3,6,2,7,2,1,1,0,1,1,0,0,1,0,1,0,0,1,1,1,1,4,1,1,1,37,2,1,1,60,2,1,3
7082,5.0,5.0,4.0,5.0,4.0,4.0,1.0,5.0,4.0,2.0,2.0,4.0,5.0,1.0,4.0,5.0,5.0,1.0,5.0,3.0,6,6,5,7,7,1,6,7,1,2,1,0,0,1,0,0,0,0,0,1,0,0,0,0,1,1,1,3,1,2,17,1,12,1,10,2,1,2
7083,5.0,5.0,5.0,1.0,5.0,1.0,1.0,5.0,3.0,1.0,1.0,5.0,5.0,1.0,5.0,3.0,1.0,5.0,5.0,5.0,7,5,7,2,7,2,7,1,7,1,1,1,1,1,1,0,0,1,0,1,1,0,1,1,1,1,3,2,2,1,35,1,2,4,60,1,2,2
7084,2.0,2.0,4.0,4.0,1.0,2.0,4.0,2.0,3.0,4.0,2.0,2.0,1.0,1.0,1.0,5.0,5.0,1.0,4.0,1.0,6,5,5,3,6,2,5,3,5,2,1,1,1,1,1,0,0,1,0,1,0,1,1,1,1,1,3,2,1,1,42,1,1,1,60,1,3,2
7085,5.0,5.0,1.0,2.0,5.0,1.0,1.0,5.0,1.0,1.0,1.0,5.0,5.0,1.0,3.0,1.0,1.0,5.0,5.0,5.0,7,5,2,1,7,1,2,6,4,6,1,1,1,1,1,0,0,1,0,1,1,1,1,1,1,1,3,2,2,1,24,1,6,3,30,1,1,3
7086,1.0,2.0,2.0,4.0,4.0,3.0,2.0,3.0,4.0,4.0,2.0,1.0,2.0,3.0,3.0,4.0,2.0,2.0,5.0,2.0,6,2,6,1,6,5,5,3,7,4,1,1,0,0,1,0,0,1,0,1,0,0,1,1,1,1,3,2,1,1,21,1,2,1,60,2,1,2
7087,5.0,5.0,5.0,1.0,5.0,1.0,5.0,1.0,1.0,5.0,1.0,5.0,5.0,1.0,5.0,1.0,5.0,5.0,5.0,5.0,4,1,0,1,7,7,1,1,7,1,0,0,0,0,0,0,0,0,0,1,0,0,1,1,1,0,3,3,1,2,33,3,4,1,10,1,1,6
7088,1.0,1.0,2.0,4.0,5.0,1.0,1.0,2.0,5.0,1.0,5.0,2.0,1.0,1.0,1.0,1.0,1.0,1.0,5.0,1.0,2,7,5,1,7,6,6,5,7,4,1,1,0,1,1,0,0,0,0,1,0,0,1,1,1,1,3,1,1,1,35,1,1,1,60,1,2,2
7089,4.0,4.0,1.0,1.0,4.0,1.0,1.0,2.0,4.0,2.0,1.0,5.0,3.0,1.0,3.0,1.0,2.0,5.0,5.0,1.0,1,6,5,1,6,4,4,5,4,2,1,1,1,1,1,0,0,0,0,1,0,0,1,1,1,1,3,2,2,1,23,1,2,5,60,2,1,3
7090,5.0,5.0,2.0,2.0,4.0,2.0,2.0,5.0,4.0,1.0,2.0,5.0,4.0,1.0,5.0,2.0,1.0,4.0,5.0,4.0,1,5,4,1,7,7,1,2,7,2,1,1,1,1,1,0,1,1,0,1,1,0,1,1,1,1,3,1,2,1,40,1,2,1,60,1,3,4
7091,4.0,5.0,1.0,1.0,5.0,3.0,1.0,5.0,1.0,4.0,1.0,5.0,1.0,2.0,2.0,1.0,1.0,5.0,5.0,2.0,4,1,6,2,6,4,6,5,7,2,1,0,0,1,0,0,0,0,0,1,1,0,0,1,1,1,3,3,1,2,25,1,4,1,60,1,1,1
7092,4.0,3.0,2.0,2.0,3.0,3.0,2.0,4.0,3.0,3.0,1.0,4.0,4.0,2.0,4.0,2.0,4.0,4.0,3.0,4.0,3,5,5,6,5,6,2,5,4,4,1,1,0,0,1,0,0,0,0,1,0,0,0,1,1,1,1,0,1,1,15,0,0,0,0,0,0,3
7093,5.0,5.0,1.0,1.0,5.0,1.0,1.0,5.0,1.0,1.0,1.0,5.0,5.0,1.0,5.0,1.0,1.0,5.0,2.0,5.0,5,7,5,2,5,4,3,5,4,5,1,1,0,1,1,0,1,0,0,1,0,0,1,1,1,1,3,2,1,2,24,1,8,1,10,2,1,0
7094,5.0,5.0,2.0,3.0,4.0,4.0,5.0,1.0,3.0,2.0,2.0,5.0,1.0,3.0,2.0,1.0,5.0,3.0,5.0,4.0,6,6,7,6,7,5,6,5,5,1,1,0,0,1,1,0,0,1,1,1,1,1,1,1,1,1,2,3,2,2,18,3,1,1,60,2,1,2
7095,5.0,5.0,4.0,3.0,5.0,5.0,3.0,5.0,3.0,4.0,1.0,4.0,5.0,3.0,5.0,3.0,5.0,3.0,5.0,3.0,5,5,5,5,6,5,5,5,5,5,0,0,0,0,0,0,0,0,0,0,0,0,0,0,0,1,3,3,1,2,31,1,4,1,10,2,1,3
7096,5.0,4.0,2.0,2.0,5.0,1.0,1.0,4.0,3.0,1.0,2.0,2.0,2.0,3.0,5.0,1.0,1.0,5.0,5.0,4.0,6,6,6,1,7,6,3,2,7,3,1,1,0,1,1,0,1,0,0,1,0,0,1,1,1,1,3,3,1,1,44,1,2,1,30,2,3,0
7097,3.0,5.0,3.0,1.0,4.0,1.0,1.0,2.0,3.0,2.0,2.0,3.0,2.0,2.0,4.0,3.0,3.0,4.0,4.0,1.0,1,3,5,2,5,6,5,5,3,1,1,1,1,1,1,0,0,1,0,1,0,1,1,1,1,1,3,3,1,2,23,1,4,1,50,1,1,3
7098,4.0,5.0,1.0,1.0,5.0,1.0,1.0,2.0,1.0,2.0,1.0,5.0,4.0,3.0,5.0,1.0,1.0,2.0,3.0,2.0,2,6,5,6,5,2,4,7,2,3,1,1,0,1,1,0,0,1,0,1,0,1,1,1,1,1,3,2,1,1,18,1,4,1,60,1,1,2
7099,5.0,5.0,5.0,1.0,5.0,2.0,1.0,4.0,5.0,3.0,1.0,5.0,4.0,2.0,5.0,4.0,1.0,4.0,5.0,3.0,6,7,6,3,6,1,5,5,3,1,1,1,0,1,1,0,0,0,0,1,0,0,1,1,1,1,3,1,1,1,22,1,12,1,60,1,1,3
7100,1.0,4.0,4.0,4.0,4.0,4.0,3.0,4.0,4.0,2.0,1.0,4.0,1.0,1.0,4.0,2.0,5.0,4.0,5.0,1.0,6,6,3,5,6,1,7,6,3,1,1,1,1,1,1,0,0,0,0,1,1,0,1,1,1,1,3,2,1,2,39,1,4,1,60,1,1,3
7101,5.0,1.0,5.0,5.0,1.0,5.0,5.0,1.0,5.0,5.0,1.0,1.0,1.0,5.0,5.0,5.0,1.0,5.0,1.0,1.0,5,3,5,5,5,4,5,2,3,5,1,1,0,1,1,0,0,1,0,1,0,0,0,1,1,1,4,1,1,2,47,1,1,3,10,2,1,5
7102,5.0,2.0,5.0,3.0,4.0,3.0,2.0,5.0,5.0,2.0,1.0,5.0,5.0,1.0,1.0,2.0,5.0,5.0,5.0,5.0,4,6,7,5,6,6,2,2,7,5,1,1,1,1,1,0,1,1,0,1,0,0,1,1,1,1,4,3,2,2,50,1,1,1,10,1,2,1
7103,3.0,2.0,4.0,2.0,4.0,4.0,4.0,4.0,5.0,5.0,1.0,2.0,1.0,2.0,3.0,1.0,5.0,3.0,1.0,2.0,1,6,6,5,5,6,4,4,6,3,1,1,0,1,1,0,0,1,0,1,0,0,0,1,1,1,4,3,2,2,27,1,6,1,60,2,1,3
7104,3.0,5.0,1.0,3.0,4.0,2.0,1.0,2.0,3.0,2.0,1.0,4.0,1.0,1.0,4.0,1.0,1.0,2.0,5.0,1.0,5,4,2,6,7,1,2,6,1,1,1,1,1,1,1,0,1,0,0,1,1,1,1,1,1,1,3,3,1,1,44,1,2,2,60,1,2,3
7105,2.0,3.0,1.0,1.0,4.0,3.0,2.0,4.0,4.0,4.0,1.0,5.0,4.0,3.0,1.0,2.0,1.0,4.0,5.0,5.0,6,7,7,4,2,5,3,2,5,1,1,1,1,1,1,0,1,1,0,1,1,0,1,1,1,1,3,2,2,1,57,1,6,0,60,1,1,2
7106,2.0,2.0,2.0,4.0,2.0,4.0,4.0,3.0,5.0,3.0,2.0,3.0,1.0,2.0,3.0,3.0,4.0,2.0,3.0,1.0,2,1,6,4,7,6,6,3,3,3,1,1,1,1,1,0,0,1,0,1,0,0,1,1,1,1,3,2,2,1,24,1,6,1,60,1,1,2
7107,5.0,2.0,1.0,1.0,5.0,1.0,1.0,2.0,2.0,1.0,1.0,5.0,5.0,1.0,1.0,4.0,1.0,1.0,5.0,5.0,3,5,7,5,7,7,1,7,4,1,1,1,1,1,1,1,1,1,0,1,0,1,1,1,1,1,2,3,2,1,31,3,1,2,60,2,2,2
7108,4.0,5.0,2.0,4.0,5.0,2.0,1.0,5.0,5.0,3.0,1.0,5.0,4.0,3.0,4.0,1.0,3.0,4.0,5.0,1.0,1,1,6,7,7,7,4,5,2,3,1,1,0,1,1,0,0,0,0,1,0,0,0,1,1,1,3,2,2,1,22,1,2,4,70,2,1,3
7109,5.0,5.0,1.0,1.0,5.0,1.0,1.0,5.0,3.0,4.0,1.0,4.0,5.0,1.0,1.0,1.0,5.0,5.0,1.0,4.0,7,2,7,1,7,4,7,2,4,1,1,1,0,1,1,0,0,1,0,1,0,0,0,1,1,1,2,3,1,2,20,1,7,1,30,2,1,1
7110,5.0,5.0,3.0,1.0,3.0,1.0,1.0,4.0,3.0,1.0,1.0,5.0,5.0,1.0,5.0,1.0,1.0,5.0,5.0,3.0,4,6,6,5,6,6,2,7,4,3,1,1,0,1,1,0,0,0,0,1,0,0,1,1,1,1,2,2,3,1,19,1,1,2,70,1,1,3
7111,5.0,4.0,2.0,4.0,2.0,1.0,1.0,5.0,2.0,1.0,1.0,4.0,4.0,2.0,4.0,1.0,3.0,2.0,3.0,4.0,3,5,6,3,3,6,4,3,6,1,0,1,0,1,1,0,0,0,0,1,0,0,1,0,1,1,3,3,1,2,24,1,10,1,70,1,1,4
7112,5.0,4.0,2.0,4.0,4.0,2.0,4.0,1.0,5.0,4.0,1.0,5.0,2.0,2.0,2.0,4.0,4.0,4.0,2.0,2.0,2,5,6,5,6,7,6,5,6,1,1,0,0,1,1,0,0,1,0,1,0,0,0,1,1,1,4,3,2,2,22,2,10,1,10,2,1,2
7113,4.0,2.0,2.0,2.0,4.0,2.0,2.0,4.0,4.0,2.0,2.0,5.0,4.0,2.0,3.0,1.0,1.0,4.0,5.0,4.0,2,5,6,5,7,6,5,3,2,2,1,1,1,1,1,0,1,1,0,1,1,1,1,1,1,1,3,2,2,1,23,1,12,2,60,2,1,2
7114,5.0,5.0,1.0,1.0,5.0,1.0,1.0,5.0,1.0,1.0,1.0,5.0,5.0,1.0,5.0,1.0,1.0,5.0,5.0,5.0,7,1,7,1,7,1,7,1,7,1,1,1,1,1,1,0,1,1,0,1,0,0,1,1,1,1,3,3,1,1,60,1,1,1,60,1,3,3
7115,5.0,3.0,5.0,4.0,4.0,3.0,5.0,5.0,3.0,5.0,1.0,2.0,4.0,2.0,5.0,3.0,2.0,4.0,3.0,1.0,1,4,7,5,7,7,7,2,6,4,1,1,1,1,1,0,0,0,0,1,0,1,0,1,1,1,3,2,2,1,28,1,7,1,60,1,2,2
7116,5.0,5.0,1.0,1.0,5.0,1.0,1.0,5.0,1.0,1.0,1.0,5.0,5.0,1.0,5.0,1.0,1.0,5.0,5.0,5.0,6,6,7,4,7,5,2,2,7,1,1,1,1,1,1,1,1,1,1,1,1,1,1,1,1,1,2,3,1,2,17,3,7,2,10,2,1,3
7117,5.0,2.0,5.0,5.0,5.0,2.0,2.0,5.0,5.0,4.0,1.0,5.0,4.0,4.0,3.0,1.0,3.0,4.0,5.0,4.0,3,6,6,5,4,5,3,2,4,3,1,1,0,1,1,0,0,0,0,1,1,0,1,1,1,1,1,2,1,2,16,1,2,1,60,0,1,2
7118,1.0,3.0,3.0,1.0,2.0,5.0,2.0,4.0,5.0,5.0,1.0,4.0,1.0,2.0,1.0,2.0,1.0,5.0,5.0,2.0,5,1,6,1,7,6,5,1,3,1,1,1,1,1,1,0,0,1,0,1,1,0,1,1,1,1,4,3,1,2,40,1,2,1,60,2,1,2
7119,5.0,5.0,1.0,3.0,5.0,1.0,1.0,2.0,1.0,1.0,2.0,4.0,3.0,2.0,5.0,1.0,1.0,3.0,5.0,5.0,6,7,7,5,7,2,2,1,7,1,1,1,0,1,1,0,0,0,0,1,0,0,1,1,0,1,3,2,1,1,40,1,4,1,60,1,2,2
7120,4.0,4.0,2.0,4.0,4.0,1.0,1.0,4.0,3.0,2.0,2.0,4.0,1.0,2.0,3.0,1.0,3.0,4.0,4.0,2.0,3,5,6,5,4,5,5,2,6,4,1,1,1,1,1,1,0,1,0,1,1,0,1,1,1,1,4,2,1,1,29,1,7,2,60,1,1,2
7121,2.0,5.0,2.0,1.0,5.0,1.0,2.0,5.0,2.0,1.0,1.0,2.0,1.0,2.0,5.0,1.0,2.0,5.0,5.0,1.0,7,7,3,1,7,1,2,6,1,1,1,1,1,1,1,0,0,1,0,1,1,0,1,1,1,1,2,3,2,1,17,2,1,2,60,2,1,2
7122,3.0,4.0,3.0,1.0,5.0,2.0,1.0,5.0,3.0,2.0,1.0,5.0,2.0,2.0,5.0,2.0,4.0,4.0,5.0,3.0,4,4,3,1,5,3,4,2,4,2,1,1,1,1,1,0,0,0,0,1,1,0,0,1,1,1,4,1,2,2,25,1,2,1,60,1,1,2
7123,5.0,4.0,2.0,4.0,4.0,2.0,1.0,4.0,2.0,2.0,2.0,4.0,5.0,1.0,4.0,1.0,2.0,4.0,5.0,2.0,1,3,6,2,7,7,3,5,6,5,1,1,0,1,1,0,0,0,0,1,0,0,1,1,1,1,3,2,1,1,24,1,2,1,60,2,1,1
7124,5.0,5.0,5.0,4.0,4.0,3.0,3.0,5.0,3.0,2.0,2.0,4.0,5.0,3.0,5.0,3.0,2.0,4.0,4.0,5.0,5,5,5,4,5,7,7,3,6,3,1,1,1,1,1,1,1,1,1,1,1,1,1,1,1,1,3,2,2,2,22,2,4,5,10,1,1,3
7125,4.0,5.0,3.0,1.0,3.0,1.0,3.0,5.0,3.0,2.0,1.0,5.0,3.0,1.0,3.0,1.0,1.0,3.0,5.0,5.0,2,3,6,4,7,6,6,4,4,4,1,1,1,1,1,0,1,0,0,1,1,0,0,1,1,1,3,3,1,2,30,1,1,4,70,2,1,4
7126,2.0,5.0,4.0,5.0,2.0,3.0,4.0,5.0,5.0,5.0,4.0,4.0,1.0,1.0,1.0,1.0,5.0,4.0,5.0,1.0,2,5,5,3,6,5,3,6,5,1,1,1,1,1,1,0,1,0,0,1,0,0,1,1,1,1,4,1,1,1,91,1,2,1,60,1,3,4
7127,4.0,4.0,4.0,2.0,4.0,4.0,2.0,4.0,4.0,2.0,2.0,4.0,1.0,2.0,4.0,1.0,2.0,4.0,5.0,1.0,6,5,7,7,6,7,7,6,1,5,0,1,1,1,1,0,0,0,0,1,0,0,1,1,0,1,4,3,2,2,27,1,4,1,60,2,1,2
7128,5.0,2.0,1.0,3.0,5.0,2.0,1.0,1.0,2.0,1.0,1.0,4.0,1.0,4.0,5.0,1.0,3.0,4.0,5.0,2.0,1,7,4,2,4,7,5,6,5,3,1,1,1,1,1,0,0,0,0,1,1,0,1,1,1,1,2,3,2,1,18,1,2,4,60,2,1,2
7129,4.0,3.0,2.0,3.0,4.0,2.0,1.0,5.0,3.0,2.0,1.0,4.0,5.0,1.0,5.0,1.0,1.0,4.0,5.0,2.0,7,3,5,5,7,3,6,7,2,1,1,1,1,1,1,0,0,1,0,1,1,0,1,1,1,1,3,2,1,2,28,1,8,1,10,2,1,3
7130,2.0,2.0,3.0,4.0,2.0,1.0,1.0,2.0,5.0,2.0,3.0,2.0,2.0,2.0,2.0,1.0,2.0,5.0,5.0,1.0,2,3,6,5,7,6,5,5,5,3,1,1,0,1,1,0,1,1,0,1,1,0,1,1,1,1,4,3,1,2,42,1,2,1,60,2,1,1
7131,2.0,2.0,3.0,2.0,4.0,4.0,4.0,2.0,4.0,4.0,2.0,4.0,3.0,2.0,4.0,2.0,2.0,4.0,5.0,2.0,6,5,6,6,4,2,3,1,3,3,1,1,0,1,1,0,0,1,0,1,0,0,1,1,1,1,3,2,1,1,40,1,6,1,60,1,2,2
7132,1.0,1.0,4.0,4.0,1.0,4.0,2.0,3.0,5.0,5.0,1.0,4.0,1.0,3.0,3.0,2.0,4.0,1.0,3.0,1.0,6,5,6,4,7,1,7,5,3,2,1,1,1,1,1,0,0,0,0,1,0,0,1,1,1,1,3,2,1,1,54,1,6,1,60,2,1,3
7133,4.0,4.0,5.0,2.0,4.0,4.0,3.0,4.0,4.0,2.0,1.0,5.0,5.0,2.0,4.0,3.0,3.0,3.0,5.0,3.0,6,1,7,2,7,2,7,4,7,4,0,1,0,1,1,0,0,0,0,1,0,0,1,1,1,1,4,3,2,2,32,1,1,1,60,1,1,3
7134,5.0,5.0,1.0,1.0,4.0,1.0,1.0,4.0,2.0,1.0,1.0,5.0,4.0,1.0,5.0,2.0,1.0,5.0,5.0,4.0,6,6,5,3,7,4,6,3,2,1,1,1,1,1,1,0,1,1,0,1,1,0,1,1,1,1,4,2,1,2,27,1,2,1,60,2,1,3
7135,4.0,3.0,2.0,1.0,4.0,1.0,1.0,5.0,3.0,1.0,1.0,5.0,4.0,1.0,5.0,2.0,1.0,4.0,5.0,4.0,6,5,7,3,7,3,3,3,6,1,1,1,1,1,1,1,0,0,0,1,0,1,1,1,1,1,2,0,2,1,18,1,4,2,60,2,1,4
7136,5.0,5.0,3.0,3.0,5.0,1.0,1.0,2.0,3.0,1.0,2.0,5.0,5.0,2.0,5.0,1.0,1.0,5.0,5.0,1.0,5,7,7,6,5,7,7,3,2,1,1,1,1,1,1,1,1,1,1,1,1,1,1,1,1,1,4,1,2,1,22,1,2,2,60,1,1,3
7137,5.0,4.0,2.0,2.0,1.0,2.0,2.0,5.0,5.0,1.0,1.0,5.0,1.0,1.0,4.0,1.0,2.0,1.0,5.0,5.0,6,6,6,6,7,4,5,1,3,1,0,1,0,1,1,0,0,0,0,0,0,0,0,0,0,1,4,3,1,2,49,1,10,1,60,2,2,9
7138,5.0,5.0,4.0,4.0,5.0,1.0,1.0,3.0,5.0,2.0,2.0,5.0,4.0,2.0,5.0,1.0,3.0,5.0,5.0,2.0,1,5,2,5,4,7,5,5,5,3,1,1,1,1,1,0,1,1,0,1,0,1,1,1,1,1,0,3,1,1,47,1,2,1,60,2,1,4
7139,1.0,1.0,3.0,5.0,3.0,3.0,3.0,1.0,5.0,4.0,3.0,4.0,1.0,1.0,3.0,1.0,3.0,4.0,5.0,1.0,5,6,3,3,4,1,4,5,1,1,1,1,0,1,1,0,0,1,0,1,0,0,1,1,1,1,4,3,1,2,42,1,1,1,60,2,2,2
7140,1.0,1.0,3.0,5.0,1.0,5.0,4.0,2.0,5.0,5.0,2.0,1.0,1.0,2.0,1.0,5.0,4.0,3.0,5.0,1.0,3,7,7,7,1,6,5,2,4,6,1,0,0,1,1,0,0,0,0,1,0,0,0,1,1,1,3,2,2,2,22,2,10,1,20,2,1,7
7141,4.0,4.0,2.0,2.0,3.0,5.0,3.0,1.0,5.0,2.0,1.0,5.0,2.0,1.0,4.0,2.0,1.0,3.0,4.0,1.0,6,3,4,5,6,3,3,5,2,2,1,1,0,1,1,0,0,0,0,1,1,0,0,1,1,1,2,2,1,1,51,1,7,1,0,1,2,5
7142,1.0,1.0,4.0,5.0,1.0,4.0,4.0,1.0,5.0,5.0,5.0,1.0,1.0,3.0,1.0,1.0,5.0,1.0,3.0,1.0,7,3,5,2,6,7,6,5,7,4,1,1,0,1,1,0,0,0,0,1,0,0,1,1,1,1,3,2,1,1,35,2,12,1,70,2,1,1
7143,3.0,4.0,2.0,4.0,4.0,2.0,1.0,2.0,2.0,2.0,1.0,3.0,3.0,2.0,4.0,2.0,2.0,5.0,5.0,4.0,2,6,2,5,7,6,2,1,2,3,1,1,0,1,1,0,0,0,0,1,1,0,1,1,1,1,3,2,2,1,32,1,2,1,60,2,1,1
7144,3.0,2.0,2.0,5.0,4.0,4.0,5.0,2.0,5.0,3.0,2.0,3.0,2.0,4.0,3.0,4.0,1.0,2.0,1.0,3.0,7,6,7,2,7,3,4,1,5,3,1,0,0,0,1,0,0,0,0,1,0,1,0,1,1,1,4,3,1,2,30,1,7,1,60,1,1,3
7145,5.0,5.0,2.0,1.0,5.0,2.0,5.0,5.0,2.0,2.0,1.0,5.0,5.0,1.0,4.0,5.0,5.0,5.0,5.0,5.0,6,6,6,2,7,7,1,1,3,1,1,1,1,1,1,0,1,1,0,1,0,1,1,1,1,1,3,3,1,2,22,3,6,1,30,2,1,1
7146,5.0,5.0,1.0,1.0,5.0,1.0,1.0,5.0,1.0,1.0,1.0,5.0,5.0,1.0,5.0,1.0,1.0,5.0,5.0,5.0,7,7,4,1,7,1,1,6,7,1,1,1,1,0,1,1,0,0,1,1,0,0,1,1,1,0,2,1,1,1,29,1,2,1,60,1,1,0
7147,3.0,1.0,5.0,2.0,4.0,4.0,3.0,5.0,5.0,5.0,1.0,4.0,1.0,2.0,5.0,1.0,1.0,3.0,5.0,4.0,7,7,6,7,7,2,7,5,4,3,1,1,1,1,1,1,1,1,1,1,1,1,1,1,1,1,2,2,1,1,19,1,2,4,60,1,1,1
7148,2.0,1.0,3.0,1.0,5.0,1.0,1.0,2.0,4.0,3.0,2.0,5.0,5.0,2.0,1.0,2.0,1.0,2.0,5.0,4.0,3,7,3,5,3,1,1,5,7,3,1,1,0,1,1,1,0,1,0,1,0,0,1,1,1,1,3,3,1,1,21,1,2,1,60,1,1,3
7149,3.0,2.0,2.0,2.0,4.0,2.0,2.0,4.0,4.0,3.0,1.0,4.0,4.0,1.0,5.0,1.0,2.0,4.0,5.0,1.0,6,2,7,2,6,2,6,1,7,2,1,1,0,1,1,0,0,0,0,1,0,0,0,1,1,1,3,3,1,1,45,1,4,1,60,1,2,2
7150,2.0,5.0,2.0,3.0,5.0,2.0,2.0,1.0,2.0,4.0,2.0,4.0,1.0,4.0,5.0,5.0,2.0,5.0,5.0,3.0,6,1,7,4,7,3,7,3,5,1,1,1,1,1,1,0,1,1,0,1,1,0,1,1,1,1,3,3,2,1,35,1,2,1,60,1,1,2
7151,5.0,1.0,2.0,1.0,5.0,1.0,2.0,5.0,2.0,4.0,1.0,5.0,1.0,1.0,5.0,1.0,5.0,5.0,5.0,5.0,7,7,7,2,6,4,5,1,7,5,1,0,0,1,1,0,0,0,0,1,0,1,0,0,1,1,3,2,1,2,43,1,2,1,10,1,2,2
7152,3.0,1.0,4.0,2.0,5.0,4.0,4.0,5.0,4.0,1.0,1.0,5.0,1.0,1.0,4.0,5.0,3.0,5.0,4.0,4.0,3,5,6,6,6,6,4,5,4,5,1,1,0,1,1,0,0,0,0,1,0,0,0,1,1,1,3,3,2,2,22,1,0,1,20,2,1,6
7153,4.0,5.0,5.0,3.0,4.0,3.0,2.0,4.0,5.0,2.0,2.0,4.0,4.0,3.0,4.0,2.0,2.0,2.0,5.0,4.0,2,5,6,4,7,6,3,3,6,1,1,1,1,1,1,0,0,0,0,1,0,0,1,1,1,1,2,1,2,1,19,2,12,1,60,1,1,3
7154,2.0,5.0,5.0,5.0,1.0,5.0,5.0,2.0,5.0,4.0,5.0,4.0,4.0,1.0,4.0,5.0,3.0,4.0,3.0,4.0,7,5,5,2,6,5,7,5,2,2,1,0,0,1,1,0,0,0,0,1,0,0,0,0,1,1,2,3,1,2,23,1,10,1,20,2,1,4
7155,5.0,3.0,3.0,3.0,5.0,3.0,4.0,4.0,5.0,4.0,4.0,2.0,4.0,3.0,3.0,4.0,2.0,3.0,4.0,2.0,5,2,7,3,5,6,7,2,5,4,1,1,0,1,1,0,0,0,0,1,0,0,0,1,1,1,4,3,2,2,22,1,8,0,10,1,1,1
7156,5.0,4.0,3.0,4.0,5.0,3.0,3.0,3.0,5.0,4.0,3.0,2.0,4.0,3.0,3.0,4.0,3.0,4.0,3.0,2.0,2,2,7,4,6,6,7,1,4,2,0,1,0,1,1,0,0,0,0,1,0,0,0,1,1,1,4,3,2,2,22,1,8,1,10,1,1,1
7157,3.0,3.0,4.0,4.0,5.0,4.0,3.0,4.0,4.0,4.0,2.0,5.0,2.0,3.0,4.0,2.0,3.0,4.0,4.0,4.0,3,1,4,6,5,6,5,3,3,5,1,0,0,1,1,0,0,0,0,1,0,0,0,1,1,1,4,2,1,2,24,1,8,1,10,1,1,3
7158,5.0,5.0,5.0,2.0,2.0,1.0,4.0,1.0,1.0,4.0,1.0,3.0,1.0,1.0,5.0,1.0,1.0,5.0,3.0,5.0,2,0,0,6,5,7,7,5,2,5,1,0,0,1,0,0,0,0,0,1,0,0,0,0,1,1,2,3,1,2,23,1,10,0,20,2,1,7
7159,5.0,5.0,1.0,1.0,5.0,2.0,2.0,2.0,3.0,1.0,1.0,5.0,4.0,1.0,5.0,1.0,5.0,5.0,5.0,3.0,2,7,6,4,7,5,6,2,3,1,1,1,1,1,1,0,0,0,0,1,1,0,1,1,1,1,3,1,2,2,29,1,2,2,60,1,1,2
7160,5.0,5.0,5.0,4.0,5.0,2.0,1.0,4.0,5.0,2.0,1.0,5.0,2.0,1.0,4.0,1.0,1.0,4.0,4.0,4.0,6,6,6,4,7,6,7,6,7,1,1,1,0,1,1,0,1,0,0,1,1,0,0,1,1,1,3,3,1,2,30,1,12,4,10,1,1,1
7161,5.0,5.0,3.0,2.0,5.0,1.0,1.0,5.0,2.0,2.0,2.0,4.0,4.0,3.0,4.0,3.0,4.0,5.0,3.0,3.0,2,5,4,5,6,5,5,7,3,1,1,0,0,1,1,0,0,0,0,1,0,1,1,0,1,1,1,3,2,2,15,1,8,1,0,2,1,2
7162,5.0,5.0,1.0,4.0,5.0,1.0,1.0,4.0,5.0,1.0,2.0,5.0,5.0,2.0,4.0,1.0,4.0,5.0,5.0,1.0,3,3,2,5,6,6,6,5,5,2,1,1,0,1,1,0,1,0,0,1,0,0,1,1,1,1,3,3,1,2,28,1,8,1,10,1,1,2
7163,5.0,5.0,1.0,1.0,5.0,4.0,2.0,4.0,1.0,4.0,1.0,5.0,5.0,1.0,5.0,1.0,1.0,5.0,5.0,1.0,5,6,3,7,6,3,5,2,2,1,1,1,1,1,1,0,0,1,0,1,1,0,1,1,1,1,3,3,2,2,23,1,2,5,60,1,1,1
7164,4.0,4.0,1.0,4.0,5.0,2.0,1.0,1.0,2.0,3.0,1.0,4.0,4.0,1.0,2.0,1.0,1.0,3.0,5.0,1.0,5,5,2,5,6,6,1,3,5,6,1,1,0,1,1,0,0,1,0,1,0,0,1,1,1,1,4,2,1,2,37,1,2,1,60,1,1,1
7165,3.0,4.0,2.0,3.0,3.0,2.0,2.0,5.0,5.0,2.0,2.0,3.0,4.0,4.0,5.0,2.0,4.0,4.0,3.0,2.0,7,3,1,3,7,3,6,7,6,1,1,0,0,0,1,1,0,1,1,0,1,1,0,1,0,1,2,1,1,1,22,1,2,1,60,2,1,2
7166,4.0,3.0,2.0,3.0,3.0,1.0,1.0,4.0,5.0,4.0,4.0,4.0,3.0,3.0,4.0,4.0,3.0,2.0,1.0,3.0,5,1,6,1,7,6,4,1,7,2,1,1,1,1,1,0,1,1,0,1,1,0,1,1,1,1,4,2,2,1,64,1,6,1,30,1,3,2
7167,2.0,5.0,1.0,2.0,4.0,2.0,1.0,5.0,1.0,2.0,1.0,5.0,2.0,5.0,5.0,2.0,5.0,5.0,5.0,1.0,6,5,6,2,7,2,7,6,7,2,1,1,0,1,1,0,1,0,0,1,0,0,1,1,1,1,3,3,1,2,21,1,8,1,10,2,1,2
7168,1.0,1.0,2.0,4.0,5.0,5.0,4.0,1.0,5.0,1.0,1.0,1.0,1.0,1.0,5.0,2.0,5.0,1.0,5.0,3.0,2,6,7,2,6,6,1,7,5,5,1,1,1,1,1,0,1,0,0,1,0,1,1,1,1,1,4,3,2,1,23,1,6,1,10,2,1,1
7169,4.0,5.0,1.0,1.0,5.0,1.0,2.0,5.0,1.0,5.0,1.0,5.0,5.0,1.0,5.0,1.0,1.0,5.0,5.0,4.0,7,3,5,1,7,2,4,3,6,1,1,1,0,1,0,0,0,0,0,1,0,0,0,1,1,1,3,1,1,2,34,1,2,1,60,2,1,2
7170,4.0,4.0,1.0,2.0,5.0,1.0,1.0,2.0,1.0,2.0,1.0,5.0,4.0,3.0,4.0,1.0,1.0,5.0,5.0,2.0,6,6,5,4,5,3,0,1,5,2,1,1,1,1,1,1,0,0,0,1,1,0,1,1,1,1,2,2,1,1,34,1,12,1,70,2,3,3
7171,1.0,5.0,2.0,1.0,4.0,2.0,1.0,4.0,2.0,4.0,2.0,2.0,4.0,3.0,4.0,1.0,4.0,1.0,5.0,4.0,3,5,7,6,5,2,1,3,2,5,0,1,0,1,1,1,1,0,0,0,0,0,1,1,0,1,2,3,1,1,19,3,4,2,60,1,1,4
7172,5.0,3.0,2.0,2.0,4.0,2.0,3.0,5.0,5.0,1.0,1.0,1.0,4.0,1.0,5.0,2.0,1.0,3.0,5.0,3.0,1,1,7,2,6,7,7,1,6,6,0,0,0,1,1,0,0,0,0,1,0,0,0,0,1,1,2,2,1,1,20,2,6,1,60,2,1,2
7173,5.0,4.0,1.0,1.0,5.0,4.0,4.0,5.0,2.0,2.0,1.0,5.0,3.0,1.0,4.0,1.0,1.0,4.0,5.0,4.0,1,4,6,6,7,6,6,2,4,5,1,1,1,1,1,0,1,0,0,1,1,1,1,1,1,1,0,2,1,1,40,1,1,1,60,2,3,3
7174,5.0,2.0,4.0,3.0,5.0,4.0,2.0,2.0,5.0,2.0,2.0,4.0,4.0,4.0,5.0,3.0,2.0,4.0,5.0,1.0,2,2,7,5,5,6,7,4,6,1,1,1,0,1,1,0,0,1,0,1,0,0,1,1,1,1,3,2,2,1,22,1,12,2,20,1,1,1
7175,4.0,5.0,1.0,2.0,5.0,1.0,1.0,3.0,2.0,2.0,1.0,5.0,4.0,1.0,5.0,1.0,1.0,3.0,5.0,5.0,4,6,4,2,7,5,5,4,6,3,0,1,0,1,0,0,0,1,0,1,0,0,0,1,1,1,3,3,1,2,28,1,1,1,60,1,1,3
7176,3.0,5.0,5.0,4.0,5.0,5.0,4.0,4.0,5.0,3.0,2.0,5.0,5.0,4.0,3.0,5.0,2.0,3.0,5.0,2.0,1,6,5,6,7,7,7,5,7,3,1,1,0,1,1,0,0,0,0,1,0,0,1,1,1,1,3,2,1,1,20,1,4,1,30,1,1,2
7177,5.0,5.0,5.0,1.0,5.0,1.0,2.0,4.0,2.0,1.0,1.0,5.0,5.0,1.0,5.0,1.0,1.0,5.0,5.0,2.0,5,5,3,3,6,6,5,5,6,3,0,0,0,1,0,0,0,0,0,1,0,0,0,0,1,1,2,3,1,2,20,1,2,1,60,1,1,1
7178,5.0,5.0,1.0,1.0,5.0,1.0,1.0,5.0,1.0,1.0,1.0,5.0,5.0,3.0,5.0,1.0,2.0,4.0,5.0,5.0,6,5,7,4,4,6,2,1,7,1,1,1,0,1,1,0,0,0,1,1,1,0,1,1,1,1,3,3,1,1,19,2,10,5,30,2,1,4
7179,1.0,1.0,1.0,5.0,1.0,5.0,5.0,1.0,5.0,5.0,5.0,1.0,1.0,5.0,1.0,5.0,5.0,1.0,1.0,1.0,7,2,6,3,7,2,7,6,7,7,1,1,1,1,1,0,0,1,0,1,0,1,1,1,1,1,3,3,1,1,20,1,4,1,60,1,1,2
7180,4.0,5.0,3.0,2.0,3.0,2.0,3.0,3.0,4.0,4.0,1.0,4.0,1.0,4.0,3.0,3.0,4.0,2.0,2.0,1.0,3,1,4,6,4,1,2,5,5,6,1,1,1,1,1,0,0,1,0,1,0,0,1,1,1,1,2,1,2,1,20,1,5,2,60,2,1,1
7181,5.0,1.0,4.0,1.0,4.0,2.0,2.0,4.0,5.0,5.0,1.0,5.0,1.0,1.0,1.0,1.0,1.0,2.0,5.0,1.0,2,6,6,6,6,2,3,1,3,1,1,1,0,1,1,0,1,1,0,1,1,0,1,1,1,1,2,3,1,1,39,1,2,1,30,1,1,4
7182,2.0,4.0,4.0,4.0,2.0,4.0,4.0,2.0,4.0,5.0,3.0,2.0,1.0,2.0,4.0,2.0,2.0,3.0,5.0,1.0,5,5,4,7,6,3,5,7,3,2,1,1,0,1,1,0,0,0,0,1,0,0,0,0,1,1,2,2,2,1,21,1,4,1,60,1,1,1
7183,5.0,5.0,2.0,1.0,4.0,2.0,2.0,4.0,2.0,3.0,2.0,5.0,5.0,1.0,5.0,1.0,1.0,3.0,5.0,2.0,4,5,5,1,5,5,5,5,6,2,1,1,1,1,1,1,0,1,1,1,0,1,1,1,1,1,3,1,1,1,22,1,4,1,60,2,1,2
7184,2.0,5.0,2.0,2.0,4.0,1.0,1.0,2.0,5.0,5.0,1.0,4.0,1.0,2.0,1.0,1.0,2.0,4.0,5.0,2.0,2,5,6,5,6,7,5,5,7,2,1,1,1,1,1,0,0,1,0,1,1,1,1,1,1,1,2,2,1,1,20,1,1,1,60,1,1,4
7185,5.0,5.0,1.0,4.0,5.0,3.0,1.0,4.0,5.0,1.0,1.0,5.0,1.0,2.0,5.0,5.0,3.0,3.0,1.0,5.0,4,2,7,4,3,7,5,1,6,5,0,0,0,0,0,0,0,0,0,0,0,0,0,0,0,0,3,3,1,2,18,1,10,1,60,2,1,4
7186,5.0,5.0,1.0,1.0,4.0,2.0,1.0,2.0,4.0,2.0,1.0,4.0,4.0,1.0,3.0,1.0,2.0,5.0,3.0,4.0,4,6,3,3,6,7,5,6,2,2,1,1,0,1,1,0,0,1,0,1,1,0,1,1,1,1,2,2,1,2,22,1,2,1,60,1,1,3
7187,1.0,2.0,1.0,1.0,4.0,1.0,1.0,2.0,4.0,5.0,1.0,1.0,1.0,1.0,1.0,1.0,1.0,5.0,5.0,3.0,3,3,6,1,7,1,7,5,2,1,0,1,0,1,1,0,0,0,0,1,0,0,1,1,1,1,2,3,1,2,23,1,4,1,50,1,1,6
7188,5.0,1.0,1.0,5.0,5.0,1.0,1.0,1.0,1.0,5.0,1.0,1.0,5.0,1.0,5.0,5.0,1.0,5.0,1.0,5.0,7,1,7,1,7,1,7,7,7,1,1,1,0,1,1,0,0,0,0,1,0,0,0,1,1,1,3,3,1,2,29,1,8,1,70,1,1,2
7189,2.0,2.0,5.0,2.0,4.0,4.0,2.0,1.0,5.0,3.0,2.0,3.0,1.0,1.0,1.0,4.0,2.0,1.0,5.0,1.0,3,3,6,5,6,6,7,5,5,1,1,1,1,1,1,0,0,0,0,1,1,0,1,1,1,1,1,1,2,1,35,1,12,5,60,1,3,2
7190,4.0,4.0,1.0,5.0,5.0,4.0,2.0,4.0,3.0,2.0,4.0,4.0,1.0,2.0,4.0,1.0,1.0,5.0,5.0,2.0,5,5,4,5,5,1,7,3,4,1,1,1,0,1,1,0,1,0,0,1,0,0,1,1,1,1,3,2,2,2,27,1,8,1,10,2,2,2
7191,1.0,1.0,3.0,4.0,4.0,5.0,1.0,3.0,5.0,5.0,5.0,1.0,1.0,3.0,1.0,2.0,3.0,2.0,1.0,1.0,3,2,7,5,5,5,7,5,6,4,1,1,0,1,1,0,0,0,0,1,0,0,0,1,1,1,4,1,2,2,30,1,3,1,10,1,1,5
7192,2.0,2.0,2.0,4.0,2.0,2.0,2.0,4.0,4.0,2.0,2.0,4.0,4.0,3.0,2.0,2.0,2.0,4.0,5.0,2.0,3,3,5,2,6,5,3,3,5,5,1,1,0,1,1,0,0,0,0,1,0,0,1,1,1,1,2,3,1,1,32,1,2,1,10,2,1,6
7193,2.0,1.0,3.0,3.0,5.0,4.0,4.0,4.0,4.0,5.0,1.0,2.0,4.0,2.0,1.0,4.0,5.0,4.0,5.0,5.0,3,7,4,2,6,7,6,5,7,1,1,1,0,1,1,0,0,1,0,0,0,0,1,1,1,1,2,3,1,1,20,1,1,1,10,2,1,4
7194,4.0,4.0,3.0,4.0,5.0,4.0,1.0,4.0,4.0,3.0,4.0,5.0,3.0,3.0,3.0,1.0,1.0,4.0,5.0,1.0,4,5,6,7,5,6,2,1,1,3,1,1,0,1,1,0,0,0,0,1,0,0,1,1,1,1,3,2,1,1,45,1,7,2,60,1,3,2
7195,3.0,5.0,2.0,2.0,5.0,4.0,1.0,5.0,5.0,4.0,4.0,5.0,1.0,1.0,1.0,4.0,3.0,5.0,5.0,2.0,6,6,7,2,6,4,6,2,7,2,1,0,0,1,1,0,0,0,0,1,0,0,0,0,1,1,3,3,1,2,30,1,7,1,60,2,2,2
7196,1.0,1.0,5.0,5.0,1.0,2.0,5.0,1.0,5.0,5.0,5.0,1.0,1.0,5.0,1.0,5.0,5.0,1.0,1.0,1.0,7,1,7,2,7,1,6,1,7,1,1,1,1,1,1,0,0,1,0,1,0,0,1,1,1,1,4,3,2,1,55,3,9,1,70,1,2,5
7197,5.0,2.0,1.0,1.0,5.0,1.0,1.0,1.0,4.0,2.0,1.0,5.0,4.0,1.0,3.0,1.0,1.0,5.0,5.0,4.0,7,7,7,5,7,1,6,3,3,1,1,1,0,1,1,0,0,0,0,1,0,0,1,1,1,1,4,3,1,1,28,1,1,1,10,2,1,1
7198,5.0,1.0,5.0,5.0,5.0,5.0,5.0,5.0,5.0,5.0,1.0,5.0,4.0,1.0,5.0,4.0,1.0,5.0,5.0,1.0,6,3,7,1,7,5,5,1,7,1,1,1,0,1,1,0,1,0,0,1,0,0,1,1,1,1,3,3,1,2,20,1,8,2,10,2,1,1
7199,4.0,5.0,1.0,5.0,2.0,1.0,1.0,1.0,5.0,2.0,1.0,4.0,2.0,3.0,1.0,1.0,1.0,4.0,5.0,1.0,6,2,6,1,7,3,6,5,6,1,1,1,0,1,1,0,0,0,0,1,0,0,0,1,1,1,3,3,1,2,44,1,1,1,60,1,1,2
7200,5.0,5.0,5.0,1.0,5.0,1.0,1.0,5.0,1.0,1.0,1.0,5.0,5.0,1.0,5.0,1.0,1.0,5.0,5.0,3.0,1,7,7,1,1,7,1,1,7,4,1,1,1,1,1,0,1,1,0,1,1,0,1,1,1,1,3,3,1,1,25,1,12,1,60,1,1,3
7201,2.0,4.0,5.0,3.0,3.0,4.0,5.0,5.0,5.0,5.0,3.0,4.0,1.0,2.0,2.0,2.0,2.0,2.0,2.0,2.0,1,6,6,6,2,5,3,6,2,6,1,1,0,1,1,0,0,0,0,1,0,0,0,1,1,1,2,3,1,1,57,1,6,1,60,1,2,6
7202,2.0,4.0,3.0,3.0,5.0,4.0,3.0,4.0,5.0,3.0,4.0,5.0,5.0,2.0,5.0,5.0,3.0,5.0,4.0,1.0,2,6,5,4,3,6,4,3,4,1,1,1,0,1,1,0,0,0,0,1,0,0,0,1,1,1,3,1,2,2,20,1,4,1,10,1,1,3
7203,5.0,5.0,1.0,1.0,4.0,1.0,1.0,5.0,4.0,1.0,1.0,5.0,5.0,1.0,5.0,1.0,1.0,5.0,5.0,4.0,1,7,5,5,7,7,1,1,5,1,1,1,0,1,1,0,0,1,0,1,0,0,0,1,1,1,2,0,1,1,20,1,6,1,60,1,1,1
7204,1.0,2.0,5.0,5.0,1.0,2.0,1.0,2.0,5.0,5.0,1.0,2.0,1.0,4.0,3.0,5.0,4.0,2.0,5.0,1.0,6,6,2,5,7,2,6,2,3,1,0,1,1,1,1,0,1,0,0,1,0,0,1,1,1,1,4,1,2,1,38,1,1,1,60,1,2,5
7205,5.0,5.0,1.0,1.0,5.0,1.0,1.0,5.0,1.0,1.0,1.0,5.0,5.0,1.0,5.0,1.0,4.0,5.0,5.0,5.0,5,3,5,1,7,2,3,2,7,3,1,1,0,1,0,0,0,0,0,1,0,0,0,1,1,1,3,2,2,2,21,1,3,1,10,1,1,2
7206,5.0,5.0,5.0,5.0,5.0,1.0,5.0,5.0,5.0,5.0,1.0,5.0,5.0,5.0,5.0,5.0,5.0,5.0,5.0,5.0,7,7,7,1,7,1,7,1,6,1,0,0,0,0,1,0,1,1,0,1,0,0,0,0,0,1,3,3,1,1,25,1,8,1,30,0,3,1
7207,3.0,4.0,3.0,3.0,1.0,2.0,2.0,1.0,5.0,3.0,1.0,1.0,1.0,1.0,1.0,1.0,3.0,2.0,4.0,1.0,5,3,2,2,4,6,5,4,6,3,0,1,0,1,1,0,0,0,0,0,0,0,1,0,1,1,3,3,1,2,23,1,10,1,20,2,1,6
7208,1.0,2.0,2.0,5.0,4.0,3.0,2.0,1.0,5.0,4.0,1.0,2.0,1.0,5.0,1.0,5.0,3.0,1.0,5.0,1.0,3,3,6,5,7,6,6,4,4,5,1,1,1,1,1,0,0,0,0,1,0,0,0,1,1,1,3,3,2,2,25,1,12,3,60,1,1,1
7209,4.0,2.0,4.0,3.0,5.0,2.0,1.0,2.0,2.0,4.0,1.0,5.0,1.0,2.0,5.0,5.0,1.0,5.0,5.0,2.0,6,7,7,5,7,6,2,2,2,2,0,0,0,0,0,1,0,1,1,0,0,1,1,1,1,0,2,3,2,1,19,1,12,2,10,2,1,2
7210,5.0,5.0,2.0,1.0,4.0,2.0,1.0,5.0,1.0,1.0,1.0,5.0,2.0,1.0,5.0,2.0,2.0,5.0,5.0,3.0,2,7,5,7,3,7,7,5,5,2,1,1,0,1,1,0,0,1,0,1,1,0,0,1,1,1,3,1,2,2,30,1,1,2,70,1,2,3
7211,5.0,4.0,1.0,2.0,3.0,1.0,1.0,5.0,3.0,1.0,1.0,4.0,1.0,2.0,4.0,1.0,1.0,5.0,5.0,2.0,5,4,2,1,7,4,2,5,7,5,1,1,0,1,1,0,0,0,0,1,0,0,1,1,1,1,3,3,1,1,24,1,2,2,60,1,1,2
7212,5.0,5.0,2.0,1.0,4.0,1.0,1.0,4.0,1.0,3.0,1.0,5.0,5.0,2.0,1.0,1.0,5.0,1.0,5.0,4.0,6,6,7,1,7,4,6,1,7,1,1,0,0,1,1,0,0,1,0,1,0,0,1,0,1,1,3,3,1,2,42,1,7,1,60,1,2,2
7213,4.0,4.0,3.0,5.0,1.0,2.0,1.0,1.0,5.0,1.0,1.0,1.0,2.0,1.0,3.0,5.0,1.0,5.0,5.0,2.0,1,1,6,4,7,5,5,7,6,1,1,1,0,1,1,0,0,0,0,1,0,0,1,1,1,1,3,3,2,2,33,1,9,1,60,1,2,3
7214,3.0,4.0,2.0,3.0,4.0,2.0,2.0,3.0,3.0,5.0,1.0,4.0,4.0,2.0,5.0,1.0,1.0,5.0,5.0,3.0,0,0,0,0,0,0,0,0,0,0,1,1,0,1,1,0,1,0,0,1,0,0,1,1,1,1,2,2,1,1,18,1,4,1,30,2,1,4
7215,1.0,1.0,4.0,5.0,3.0,4.0,4.0,2.0,5.0,5.0,2.0,4.0,1.0,2.0,1.0,2.0,5.0,3.0,5.0,1.0,7,6,7,2,7,1,7,1,6,5,1,1,0,1,1,0,0,1,0,1,0,0,0,1,1,1,3,1,2,2,23,1,2,1,60,2,1,2
7216,5.0,2.0,4.0,5.0,4.0,3.0,4.0,5.0,4.0,5.0,4.0,5.0,1.0,5.0,4.0,4.0,5.0,2.0,4.0,1.0,6,5,7,6,5,4,7,2,3,1,1,1,0,1,1,0,1,0,0,1,0,0,1,1,1,1,2,1,1,2,24,1,12,1,60,2,1,2
7217,3.0,4.0,1.0,2.0,4.0,2.0,2.0,5.0,3.0,3.0,1.0,4.0,4.0,2.0,4.0,1.0,1.0,4.0,5.0,4.0,1,5,6,1,5,6,1,2,7,6,1,1,1,1,0,0,0,1,0,1,0,0,1,1,1,1,3,1,1,1,37,1,2,1,60,2,3,2
7218,3.0,2.0,2.0,2.0,4.0,2.0,2.0,2.0,4.0,4.0,2.0,4.0,1.0,1.0,4.0,3.0,3.0,2.0,3.0,3.0,3,5,5,6,5,5,4,5,2,3,1,1,0,1,1,0,0,0,0,1,0,0,1,1,1,1,2,2,1,1,21,1,1,1,60,2,1,4
7219,2.0,4.0,4.0,5.0,2.0,4.0,2.0,1.0,4.0,3.0,2.0,1.0,2.0,2.0,3.0,1.0,4.0,2.0,5.0,1.0,5,5,3,5,7,6,7,6,6,3,1,1,0,1,1,0,0,0,0,1,0,0,0,1,1,1,2,2,2,2,24,1,6,1,60,2,1,1
7220,5.0,5.0,5.0,5.0,5.0,5.0,3.0,5.0,5.0,5.0,3.0,3.0,5.0,2.0,5.0,5.0,3.0,4.0,5.0,1.0,7,7,2,6,7,3,7,7,1,4,1,1,1,0,1,0,0,1,0,1,0,0,0,1,1,1,2,3,2,2,19,2,7,4,60,1,1,1
7221,1.0,2.0,4.0,3.0,3.0,4.0,2.0,1.0,5.0,5.0,1.0,4.0,1.0,2.0,3.0,4.0,4.0,1.0,2.0,2.0,5,5,7,5,6,5,7,1,5,1,1,1,0,1,1,1,0,0,0,1,0,0,1,1,1,1,3,2,2,1,61,1,4,1,60,1,2,3
7222,2.0,4.0,4.0,4.0,3.0,3.0,2.0,5.0,4.0,4.0,2.0,2.0,5.0,1.0,4.0,4.0,4.0,2.0,1.0,5.0,2,5,5,6,6,3,7,2,3,3,1,1,0,1,1,0,0,0,0,1,0,0,1,1,0,1,3,3,1,2,25,1,2,1,60,2,1,2
7223,4.0,5.0,3.0,1.0,5.0,3.0,2.0,5.0,4.0,1.0,1.0,5.0,5.0,1.0,5.0,1.0,1.0,5.0,5.0,5.0,2,6,3,6,6,3,6,6,3,1,1,1,1,1,1,0,0,0,0,1,0,0,1,1,1,1,2,2,2,1,19,1,1,1,60,2,1,4
7224,1.0,3.0,1.0,4.0,2.0,2.0,2.0,2.0,5.0,5.0,3.0,2.0,4.0,3.0,2.0,1.0,1.0,2.0,5.0,1.0,3,3,6,4,5,5,5,2,6,3,1,1,1,1,1,0,1,1,0,1,1,0,1,1,1,1,4,2,2,1,59,1,12,1,60,2,2,3
7225,2.0,4.0,2.0,1.0,4.0,1.0,1.0,1.0,5.0,4.0,4.0,5.0,5.0,1.0,5.0,1.0,1.0,4.0,5.0,1.0,7,7,2,6,7,3,2,6,2,2,1,1,0,1,0,0,0,0,0,1,0,0,1,1,1,1,3,2,1,2,23,1,2,1,60,2,1,3
7226,2.0,1.0,5.0,4.0,1.0,4.0,3.0,1.0,5.0,4.0,2.0,1.0,1.0,3.0,3.0,3.0,5.0,2.0,1.0,3.0,6,5,6,4,6,1,5,1,6,1,1,1,0,1,1,0,0,0,0,1,0,0,0,0,1,1,2,2,2,1,20,1,0,1,60,1,1,2
7227,1.0,4.0,1.0,5.0,4.0,1.0,1.0,1.0,4.0,4.0,3.0,2.0,1.0,4.0,2.0,4.0,2.0,2.0,3.0,1.0,7,3,4,1,5,2,6,6,5,1,1,1,0,1,1,1,0,1,0,1,0,0,1,1,1,1,3,3,2,1,51,1,1,1,60,2,3,2
7228,4.0,5.0,1.0,2.0,4.0,2.0,1.0,4.0,2.0,2.0,1.0,4.0,3.0,1.0,5.0,2.0,1.0,5.0,5.0,2.0,5,5,4,2,6,5,3,4,7,2,1,1,1,1,1,0,1,1,0,1,0,0,1,1,1,1,3,2,2,1,22,1,11,1,40,1,1,6
7229,3.0,3.0,4.0,3.0,4.0,3.0,3.0,5.0,5.0,5.0,2.0,5.0,1.0,3.0,1.0,2.0,3.0,2.0,4.0,3.0,4,4,4,4,6,4,5,3,4,3,1,0,0,1,0,0,0,0,0,1,0,0,0,0,1,1,3,2,1,2,24,1,4,1,10,1,1,4
7230,1.0,1.0,2.0,4.0,5.0,3.0,1.0,1.0,4.0,5.0,1.0,4.0,3.0,1.0,4.0,1.0,3.0,4.0,5.0,2.0,3,6,5,7,6,7,7,7,2,1,1,1,1,1,1,0,0,1,0,1,0,0,1,1,1,1,2,3,1,2,20,1,1,1,60,1,1,3
7231,5.0,5.0,1.0,2.0,5.0,3.0,5.0,2.0,1.0,1.0,1.0,5.0,4.0,1.0,5.0,4.0,2.0,2.0,5.0,4.0,2,6,7,2,6,2,2,1,7,4,1,1,0,1,1,0,0,1,0,1,1,0,1,1,1,1,4,2,1,2,24,2,2,1,60,1,1,1
7232,5.0,5.0,1.0,1.0,5.0,3.0,1.0,5.0,3.0,1.0,1.0,5.0,5.0,1.0,4.0,5.0,1.0,4.0,3.0,5.0,6,5,6,2,6,2,5,4,6,2,1,1,1,1,1,1,1,1,1,1,1,1,1,1,1,1,1,2,1,1,15,1,5,1,70,2,1,4
7233,1.0,5.0,3.0,2.0,5.0,3.0,1.0,4.0,5.0,5.0,2.0,5.0,2.0,2.0,3.0,5.0,2.0,3.0,5.0,3.0,1,5,5,7,7,7,6,2,4,1,1,1,1,1,1,1,0,0,0,1,0,0,0,1,1,1,2,2,2,2,18,1,2,2,60,2,1,4
7234,3.0,3.0,2.0,1.0,4.0,3.0,1.0,4.0,3.0,3.0,3.0,4.0,1.0,1.0,1.0,2.0,5.0,3.0,1.0,3.0,4,5,5,2,6,4,5,5,4,2,1,1,0,1,1,0,0,1,0,1,1,0,1,1,1,1,3,3,2,2,36,2,1,1,0,2,2,1
7235,4.0,4.0,1.0,4.0,4.0,2.0,2.0,5.0,3.0,2.0,1.0,5.0,3.0,1.0,5.0,2.0,1.0,4.0,4.0,2.0,5,6,6,4,6,2,5,2,6,3,1,1,0,1,1,1,1,1,0,1,0,0,1,1,1,1,4,2,1,2,30,1,1,1,60,1,1,2
7236,4.0,4.0,3.0,3.0,4.0,1.0,3.0,5.0,3.0,2.0,2.0,4.0,4.0,2.0,4.0,2.0,1.0,4.0,5.0,4.0,3,7,6,5,6,7,3,1,4,1,1,1,1,1,1,0,1,1,0,1,1,0,1,1,1,1,3,3,1,1,25,1,2,2,60,1,1,3
7237,1.0,3.0,3.0,5.0,2.0,2.0,2.0,1.0,5.0,4.0,1.0,1.0,1.0,4.0,1.0,2.0,1.0,2.0,5.0,3.0,3,2,2,2,2,5,6,6,7,4,1,1,1,1,1,1,1,0,0,1,1,0,1,1,1,1,3,1,1,1,33,1,1,1,60,1,2,3
7238,1.0,3.0,4.0,5.0,2.0,4.0,2.0,1.0,5.0,4.0,2.0,1.0,1.0,4.0,3.0,4.0,3.0,4.0,2.0,1.0,4,5,6,6,3,7,7,2,6,3,1,1,0,1,1,0,0,1,0,1,0,0,1,1,1,1,4,2,1,1,28,1,4,1,60,2,2,6
7239,4.0,4.0,4.0,2.0,4.0,2.0,2.0,1.0,4.0,1.0,3.0,3.0,2.0,3.0,5.0,5.0,1.0,3.0,4.0,1.0,3,6,4,2,7,3,3,4,6,3,0,0,1,0,0,1,1,1,1,0,1,1,0,0,0,0,2,1,1,1,19,1,6,1,60,1,1,2
7240,5.0,5.0,1.0,2.0,5.0,1.0,1.0,5.0,2.0,1.0,1.0,5.0,5.0,2.0,5.0,2.0,1.0,5.0,5.0,5.0,5,7,6,7,7,3,7,7,2,6,1,1,1,1,1,0,0,0,0,1,0,1,1,1,1,1,1,1,1,1,16,3,1,1,60,2,1,4
7241,1.0,1.0,5.0,5.0,2.0,4.0,4.0,1.0,5.0,5.0,5.0,1.0,1.0,4.0,3.0,4.0,4.0,3.0,3.0,1.0,6,5,7,6,7,6,7,2,5,3,1,1,0,1,1,0,0,0,0,1,0,0,1,1,1,1,0,2,2,1,22,1,12,1,60,2,1,2
7242,4.0,1.0,1.0,5.0,5.0,1.0,1.0,1.0,3.0,1.0,1.0,1.0,3.0,4.0,5.0,1.0,2.0,4.0,3.0,3.0,5,3,5,1,7,5,7,5,7,1,1,1,0,1,1,0,0,1,0,1,0,0,1,1,1,1,4,2,1,1,24,2,3,1,60,1,1,3
7243,5.0,5.0,1.0,3.0,4.0,1.0,1.0,3.0,2.0,3.0,1.0,5.0,5.0,2.0,5.0,3.0,1.0,5.0,4.0,4.0,3,5,7,2,6,7,4,1,7,1,1,1,0,1,1,0,0,0,0,1,0,0,1,0,1,1,2,2,1,1,20,2,10,1,60,2,1,3
7244,2.0,3.0,4.0,4.0,2.0,4.0,4.0,3.0,5.0,3.0,1.0,3.0,1.0,4.0,3.0,3.0,4.0,2.0,1.0,1.0,5,2,7,7,7,5,4,4,2,7,1,1,1,1,1,0,1,1,0,1,1,0,1,1,1,1,4,3,2,1,30,1,4,1,60,1,1,1
7245,4.0,2.0,4.0,4.0,5.0,2.0,1.0,4.0,5.0,3.0,1.0,4.0,2.0,3.0,2.0,2.0,2.0,4.0,5.0,2.0,3,5,3,5,7,2,6,6,5,1,1,1,1,1,1,0,0,0,0,1,0,0,0,1,1,1,1,1,2,1,17,1,1,2,60,2,1,2
7246,5.0,4.0,1.0,1.0,4.0,2.0,1.0,4.0,4.0,3.0,1.0,5.0,2.0,3.0,5.0,2.0,2.0,5.0,5.0,1.0,3,3,2,2,6,7,2,5,3,1,1,1,0,1,1,0,0,0,0,1,0,0,1,1,1,1,2,2,1,1,18,1,2,1,60,2,1,3
7247,4.0,4.0,1.0,2.0,5.0,1.0,1.0,2.0,2.0,1.0,3.0,5.0,4.0,3.0,5.0,1.0,1.0,5.0,3.0,5.0,2,5,6,5,5,3,4,1,6,1,1,1,1,1,1,1,1,1,0,1,1,1,1,1,1,1,4,0,1,1,45,2,6,1,60,1,2,2
7248,4.0,2.0,2.0,3.0,3.0,2.0,2.0,3.0,3.0,2.0,2.0,4.0,2.0,3.0,4.0,2.0,2.0,4.0,4.0,3.0,5,3,4,2,6,4,5,3,5,2,1,1,1,1,1,0,1,0,0,1,1,0,1,1,1,1,4,1,1,1,40,1,2,1,60,1,2,4
7249,5.0,4.0,1.0,2.0,5.0,1.0,2.0,3.0,1.0,2.0,1.0,5.0,2.0,1.0,4.0,1.0,1.0,5.0,5.0,3.0,6,6,2,1,7,4,4,7,5,1,1,1,1,1,1,0,0,1,0,1,0,0,1,1,1,1,4,3,1,2,28,1,2,1,30,2,1,2
7250,4.0,4.0,3.0,1.0,5.0,1.0,1.0,5.0,2.0,1.0,1.0,5.0,5.0,1.0,5.0,1.0,1.0,4.0,3.0,5.0,1,5,5,4,3,5,1,2,4,4,1,1,0,1,1,0,0,0,0,1,0,0,1,1,1,1,1,1,1,1,15,1,5,1,60,2,1,3
7251,1.0,2.0,1.0,3.0,4.0,1.0,1.0,4.0,2.0,1.0,1.0,2.0,5.0,1.0,4.0,2.0,3.0,5.0,5.0,2.0,6,7,5,1,7,3,5,2,6,1,1,1,1,1,1,0,0,1,0,1,0,1,1,1,1,1,3,3,1,2,23,1,3,1,60,2,1,3
7252,3.0,4.0,3.0,3.0,4.0,2.0,2.0,4.0,4.0,1.0,1.0,5.0,3.0,1.0,4.0,2.0,5.0,3.0,5.0,3.0,2,5,7,1,7,4,2,1,7,4,1,1,1,1,1,0,0,0,0,1,0,1,1,1,1,1,4,0,2,2,43,1,4,1,60,2,2,2
7253,5.0,5.0,1.0,3.0,5.0,1.0,1.0,5.0,1.0,1.0,1.0,5.0,5.0,1.0,5.0,1.0,1.0,5.0,5.0,5.0,7,2,6,1,7,2,1,6,7,2,1,1,1,1,1,0,1,1,1,1,1,0,1,1,1,1,2,2,1,1,42,1,4,1,10,1,2,3
7254,5.0,5.0,3.0,1.0,4.0,1.0,2.0,3.0,2.0,3.0,1.0,5.0,3.0,3.0,3.0,1.0,2.0,5.0,5.0,3.0,2,5,4,5,6,7,4,2,7,7,1,1,0,1,1,0,0,1,0,1,0,0,1,1,1,1,3,2,1,1,27,1,12,1,60,1,1,2
7255,5.0,5.0,5.0,1.0,5.0,1.0,1.0,5.0,1.0,1.0,1.0,5.0,5.0,1.0,5.0,1.0,1.0,5.0,5.0,5.0,6,6,4,2,6,4,6,5,4,1,1,1,0,1,1,0,1,0,0,1,0,0,1,1,1,1,3,3,1,1,33,1,4,1,70,2,2,2
7256,5.0,5.0,2.0,1.0,5.0,2.0,1.0,5.0,1.0,1.0,1.0,5.0,5.0,2.0,5.0,1.0,1.0,5.0,5.0,4.0,7,5,7,1,7,1,2,5,7,2,1,1,1,1,1,1,1,1,0,1,0,1,1,1,1,1,3,2,1,1,20,1,7,1,60,1,1,2
7257,5.0,5.0,1.0,1.0,5.0,1.0,1.0,5.0,1.0,5.0,1.0,5.0,5.0,3.0,5.0,1.0,1.0,5.0,5.0,5.0,1,7,7,4,7,7,1,1,7,7,1,1,0,1,1,0,1,1,0,1,1,0,1,1,1,1,3,2,2,2,20,1,4,1,10,2,1,6
7258,5.0,5.0,1.0,1.0,4.0,1.0,1.0,3.0,1.0,2.0,1.0,5.0,5.0,1.0,5.0,1.0,1.0,5.0,5.0,1.0,5,7,1,2,4,5,3,6,7,3,1,1,0,1,1,0,1,1,0,1,0,0,1,1,1,1,3,2,1,1,29,2,2,1,60,1,2,1
7259,2.0,3.0,3.0,3.0,4.0,5.0,4.0,3.0,5.0,5.0,2.0,5.0,4.0,4.0,3.0,5.0,2.0,4.0,1.0,4.0,6,2,7,7,6,7,7,1,6,1,1,0,0,1,1,0,0,0,0,1,0,0,0,0,1,1,4,3,2,1,21,1,8,1,10,1,1,2
7260,2.0,5.0,5.0,2.0,2.0,3.0,5.0,5.0,5.0,5.0,5.0,5.0,4.0,2.0,4.0,2.0,2.0,1.0,4.0,1.0,5,6,7,7,6,2,7,5,5,1,0,0,0,0,1,0,0,0,0,0,0,0,0,0,0,1,4,2,2,2,21,1,8,1,10,1,1,3
7261,1.0,3.0,3.0,2.0,4.0,2.0,2.0,1.0,5.0,3.0,1.0,5.0,1.0,1.0,1.0,1.0,3.0,2.0,3.0,1.0,7,6,7,4,6,2,6,1,4,1,1,1,1,1,1,0,1,1,0,1,0,0,1,1,1,1,4,3,2,2,60,1,6,1,10,1,2,2
7262,2.0,5.0,2.0,1.0,4.0,1.0,1.0,5.0,4.0,2.0,1.0,4.0,4.0,1.0,5.0,3.0,1.0,5.0,5.0,1.0,2,5,6,1,5,5,5,2,7,2,1,1,1,1,1,0,1,0,0,1,0,0,1,1,1,1,3,2,1,1,37,1,1,1,60,2,2,3
7263,5.0,5.0,1.0,2.0,5.0,2.0,1.0,1.0,5.0,2.0,1.0,5.0,2.0,2.0,1.0,1.0,1.0,5.0,5.0,5.0,1,1,7,5,3,7,2,6,7,1,1,1,1,1,1,1,0,0,0,1,0,1,1,1,1,1,2,2,1,1,20,1,1,1,60,1,1,5
7264,1.0,1.0,5.0,5.0,5.0,5.0,5.0,5.0,5.0,5.0,3.0,3.0,1.0,3.0,1.0,5.0,5.0,1.0,5.0,1.0,3,5,7,7,7,7,7,1,4,1,1,1,0,1,1,0,0,1,0,1,0,0,0,1,1,1,4,2,2,1,26,1,12,1,70,1,1,1
7265,2.0,4.0,3.0,4.0,2.0,2.0,1.0,2.0,4.0,3.0,1.0,2.0,3.0,3.0,5.0,2.0,2.0,4.0,4.0,1.0,3,4,6,3,5,3,6,1,5,4,1,1,1,1,1,0,0,1,0,1,1,0,1,1,1,1,3,3,2,1,40,1,2,1,60,1,2,1
7266,3.0,4.0,5.0,2.0,3.0,4.0,5.0,1.0,1.0,5.0,1.0,5.0,5.0,1.0,5.0,3.0,5.0,5.0,5.0,1.0,7,1,7,1,1,1,7,1,7,1,0,0,0,1,1,0,0,0,0,1,0,0,0,1,0,1,4,2,1,2,21,1,8,1,10,2,1,3
7267,1.0,4.0,5.0,3.0,4.0,4.0,5.0,1.0,5.0,5.0,3.0,1.0,4.0,2.0,1.0,2.0,3.0,4.0,5.0,4.0,1,5,5,6,6,6,6,1,3,3,1,1,0,1,1,0,1,0,0,1,0,0,1,0,1,1,4,3,1,1,35,1,1,1,60,1,2,3
7268,5.0,5.0,1.0,1.0,5.0,1.0,1.0,5.0,1.0,1.0,1.0,5.0,5.0,1.0,5.0,1.0,1.0,5.0,5.0,1.0,7,7,1,7,7,1,7,7,1,1,1,1,1,1,1,0,0,0,0,1,0,0,1,1,1,1,0,3,2,1,37,1,6,1,60,2,3,4
7269,5.0,5.0,3.0,1.0,5.0,2.0,1.0,4.0,5.0,2.0,1.0,5.0,4.0,2.0,5.0,1.0,2.0,5.0,5.0,4.0,1,7,6,6,2,7,5,2,4,5,1,1,1,1,1,0,0,0,0,1,0,0,1,1,1,1,4,2,1,2,45,2,4,1,60,1,3,3
7270,4.0,2.0,2.0,3.0,2.0,2.0,2.0,2.0,4.0,2.0,2.0,2.0,2.0,4.0,4.0,2.0,3.0,4.0,4.0,1.0,7,6,6,4,6,2,6,3,5,2,1,1,1,1,1,0,1,0,0,1,0,0,1,1,1,1,4,3,2,1,38,1,8,1,10,2,3,2
7271,4.0,4.0,1.0,3.0,4.0,3.0,1.0,3.0,1.0,3.0,2.0,5.0,4.0,3.0,2.0,1.0,5.0,4.0,5.0,3.0,6,6,4,5,7,3,5,4,4,2,1,1,0,1,1,0,0,1,1,1,0,0,1,1,1,1,2,0,3,2,19,3,2,2,60,2,1,0
7272,3.0,3.0,3.0,1.0,4.0,3.0,3.0,2.0,5.0,3.0,1.0,5.0,3.0,1.0,3.0,4.0,1.0,4.0,5.0,4.0,2,5,4,2,5,6,4,2,6,6,1,1,1,1,1,0,0,0,0,1,0,0,1,1,1,1,4,2,2,1,66,2,6,1,60,1,2,4
7273,4.0,1.0,4.0,3.0,4.0,1.0,1.0,5.0,4.0,2.0,1.0,2.0,2.0,1.0,5.0,1.0,3.0,4.0,5.0,2.0,5,7,3,2,3,6,5,7,6,2,1,1,0,1,1,0,0,0,0,1,0,0,1,1,1,1,0,3,1,1,19,1,2,1,60,1,1,2
7274,5.0,5.0,1.0,4.0,5.0,1.0,1.0,4.0,4.0,5.0,1.0,4.0,4.0,1.0,5.0,1.0,5.0,5.0,5.0,4.0,6,5,7,5,7,6,6,5,6,2,1,1,0,1,0,0,0,0,0,1,0,0,1,0,1,1,4,3,1,2,65,1,6,1,60,1,2,2
7275,4.0,3.0,4.0,4.0,2.0,4.0,2.0,2.0,4.0,4.0,3.0,3.0,1.0,3.0,4.0,4.0,1.0,4.0,3.0,3.0,4,2,5,2,6,6,5,2,6,5,1,0,1,1,0,1,1,0,1,1,1,0,1,1,1,1,4,3,1,2,22,1,3,1,10,2,1,1
7276,5.0,3.0,2.0,1.0,1.0,2.0,2.0,3.0,1.0,2.0,3.0,5.0,5.0,1.0,4.0,2.0,1.0,4.0,5.0,2.0,4,6,6,2,6,6,3,2,6,2,1,1,1,1,1,0,1,1,0,1,1,0,1,1,1,1,4,3,1,2,21,3,1,4,60,1,1,3
7277,4.0,1.0,2.0,3.0,5.0,5.0,2.0,4.0,5.0,2.0,4.0,4.0,1.0,1.0,4.0,1.0,1.0,1.0,4.0,1.0,2,6,5,7,3,6,7,5,3,1,1,1,0,1,1,0,0,1,0,1,0,0,1,1,1,1,3,2,2,1,32,1,12,2,30,2,1,3
7278,5.0,4.0,4.0,2.0,5.0,2.0,2.0,2.0,4.0,5.0,1.0,5.0,2.0,2.0,4.0,2.0,2.0,4.0,5.0,2.0,2,1,6,6,7,5,6,2,7,3,1,1,0,1,1,0,0,0,0,1,0,0,0,0,1,1,3,3,2,2,20,1,1,2,60,2,1,3
7279,2.0,4.0,1.0,2.0,2.0,1.0,1.0,5.0,1.0,2.0,1.0,5.0,5.0,1.0,5.0,1.0,1.0,5.0,5.0,3.0,5,6,6,2,1,5,5,2,6,2,1,1,1,1,1,0,1,0,1,1,0,0,1,1,1,1,4,2,2,2,27,1,2,1,60,2,1,2
7280,4.0,1.0,2.0,4.0,4.0,4.0,2.0,4.0,4.0,2.0,1.0,4.0,5.0,1.0,3.0,4.0,4.0,4.0,5.0,1.0,6,1,6,1,6,2,5,3,7,2,1,1,0,1,1,0,0,1,0,1,0,0,1,1,1,1,4,3,1,2,52,1,1,1,60,1,3,3
7281,2.0,1.0,3.0,5.0,1.0,1.0,3.0,1.0,3.0,5.0,1.0,5.0,1.0,4.0,3.0,4.0,3.0,2.0,5.0,1.0,7,2,6,2,6,1,4,2,4,1,1,1,1,1,1,1,1,0,0,1,1,1,1,1,1,1,4,2,1,1,54,2,4,2,60,1,2,4
7282,4.0,4.0,2.0,2.0,5.0,2.0,1.0,5.0,5.0,2.0,2.0,4.0,5.0,1.0,5.0,2.0,2.0,2.0,5.0,4.0,4,3,6,4,6,5,4,1,6,1,1,1,1,1,1,1,0,1,1,1,0,1,1,1,1,1,4,3,2,2,24,3,7,1,60,1,1,0
7283,2.0,4.0,4.0,2.0,3.0,4.0,5.0,4.0,5.0,2.0,2.0,5.0,1.0,1.0,3.0,5.0,3.0,4.0,2.0,2.0,2,3,5,1,5,7,5,2,7,4,1,1,1,1,1,0,1,1,0,1,1,0,1,1,1,1,3,3,1,1,30,1,6,1,60,2,2,2
7284,2.0,2.0,4.0,5.0,1.0,2.0,2.0,2.0,5.0,5.0,3.0,2.0,2.0,2.0,3.0,2.0,5.0,3.0,5.0,5.0,2,5,5,2,7,4,4,4,4,1,1,1,0,1,1,0,1,1,0,1,0,0,1,1,1,1,4,3,1,1,54,1,1,1,30,1,3,2
7285,4.0,3.0,3.0,3.0,2.0,2.0,2.0,1.0,5.0,3.0,1.0,2.0,1.0,3.0,2.0,2.0,3.0,4.0,4.0,1.0,5,3,4,5,6,5,6,2,4,2,0,1,0,1,1,1,0,0,0,1,1,0,1,1,1,1,2,2,2,1,18,1,2,1,60,1,1,2
7286,5.0,2.0,1.0,4.0,4.0,3.0,2.0,4.0,3.0,4.0,1.0,5.0,2.0,1.0,3.0,3.0,3.0,5.0,5.0,3.0,6,6,2,1,7,1,7,4,5,2,1,1,1,1,1,0,1,1,0,1,0,0,1,1,1,1,4,3,2,2,38,1,2,1,60,1,3,2
7287,4.0,4.0,5.0,4.0,4.0,4.0,4.0,1.0,5.0,2.0,2.0,4.0,4.0,3.0,4.0,1.0,4.0,2.0,5.0,4.0,6,4,5,2,7,2,5,2,6,3,1,1,0,1,1,1,0,0,0,1,0,0,1,1,1,1,4,2,1,1,31,1,7,1,10,1,2,3
7288,4.0,4.0,3.0,3.0,4.0,3.0,5.0,1.0,4.0,5.0,1.0,4.0,1.0,2.0,3.0,2.0,1.0,5.0,4.0,1.0,6,0,6,0,5,4,6,1,0,1,1,1,1,1,1,0,0,1,0,1,0,0,1,1,1,1,3,3,2,1,42,1,12,1,30,1,3,5
7289,4.0,5.0,1.0,2.0,4.0,1.0,1.0,5.0,2.0,4.0,1.0,4.0,2.0,2.0,5.0,2.0,2.0,4.0,5.0,2.0,1,5,3,7,5,7,5,2,1,7,1,1,0,1,1,0,0,0,1,1,0,0,0,1,1,1,3,2,1,1,18,2,1,1,50,2,1,5
7290,5.0,1.0,1.0,1.0,5.0,1.0,1.0,5.0,2.0,1.0,1.0,5.0,5.0,1.0,1.0,1.0,1.0,4.0,5.0,5.0,1,7,7,7,1,7,1,7,1,1,1,1,0,1,1,0,0,1,0,1,0,0,1,0,1,1,3,2,1,1,19,1,4,1,60,2,1,2
7291,5.0,2.0,4.0,1.0,5.0,2.0,2.0,3.0,3.0,5.0,1.0,5.0,4.0,2.0,3.0,3.0,2.0,2.0,5.0,5.0,1,3,6,1,6,4,4,5,7,4,1,1,1,1,1,0,0,1,0,1,0,1,1,1,1,1,3,1,1,2,46,1,2,1,70,1,2,4
7292,5.0,5.0,1.0,4.0,4.0,2.0,1.0,2.0,2.0,1.0,1.0,5.0,1.0,2.0,5.0,1.0,1.0,4.0,5.0,5.0,1,2,6,2,4,6,3,2,6,6,1,1,1,1,1,0,1,1,0,1,0,0,1,1,1,1,4,1,1,1,55,1,5,1,60,1,2,6
7293,5.0,5.0,1.0,1.0,5.0,1.0,1.0,4.0,1.0,1.0,1.0,5.0,1.0,1.0,5.0,1.0,5.0,5.0,5.0,3.0,1,7,7,2,7,7,2,2,7,1,1,1,1,1,1,0,1,1,0,1,1,0,1,1,1,1,4,3,1,2,29,1,2,1,60,2,1,2
7294,4.0,2.0,4.0,3.0,4.0,4.0,2.0,4.0,4.0,4.0,2.0,2.0,4.0,2.0,2.0,2.0,3.0,2.0,2.0,4.0,4,6,6,5,5,7,7,5,4,4,0,1,0,0,0,0,0,0,0,1,0,0,0,1,1,1,3,3,1,2,25,1,1,1,10,2,1,2
7295,4.0,1.0,5.0,4.0,4.0,4.0,2.0,1.0,5.0,5.0,3.0,4.0,1.0,1.0,1.0,2.0,1.0,4.0,5.0,1.0,6,2,3,5,7,2,7,3,5,2,1,1,0,1,1,1,0,0,0,1,1,0,1,1,1,1,3,3,2,1,30,1,1,1,60,2,1,4
7296,2.0,2.0,2.0,1.0,5.0,2.0,1.0,1.0,3.0,3.0,1.0,5.0,1.0,1.0,3.0,5.0,2.0,4.0,5.0,1.0,3,7,7,1,6,2,3,3,6,4,1,1,0,1,1,0,0,0,0,1,0,0,0,1,0,1,3,2,1,1,19,1,6,1,60,2,1,2
7297,2.0,4.0,2.0,2.0,2.0,2.0,2.0,2.0,4.0,2.0,1.0,4.0,1.0,1.0,2.0,1.0,4.0,2.0,5.0,3.0,6,7,2,3,7,1,6,5,3,1,1,1,0,1,1,1,0,0,0,1,0,0,1,1,1,1,2,2,1,1,18,1,12,1,10,1,1,1
7298,5.0,4.0,4.0,3.0,3.0,1.0,1.0,4.0,4.0,2.0,2.0,5.0,4.0,2.0,4.0,1.0,1.0,3.0,5.0,3.0,4,4,5,5,7,1,6,2,5,1,1,1,1,1,1,0,1,1,0,1,1,0,1,0,1,1,3,2,1,1,29,1,2,1,70,2,1,7
7299,3.0,4.0,1.0,2.0,3.0,1.0,2.0,4.0,5.0,3.0,3.0,5.0,3.0,2.0,4.0,1.0,2.0,5.0,5.0,3.0,6,3,3,4,3,5,5,4,5,3,1,1,1,1,1,0,0,0,0,1,0,0,1,1,1,1,3,2,1,1,45,2,12,1,60,0,1,2
7300,5.0,5.0,1.0,3.0,4.0,1.0,2.0,2.0,2.0,2.0,1.0,3.0,4.0,3.0,4.0,2.0,4.0,5.0,5.0,2.0,7,5,2,6,5,3,5,6,4,4,1,1,0,1,1,0,0,0,0,1,0,0,0,1,1,1,2,3,2,1,19,1,4,1,50,1,1,1
7301,1.0,3.0,5.0,4.0,2.0,5.0,5.0,5.0,5.0,5.0,2.0,2.0,1.0,3.0,5.0,5.0,2.0,1.0,5.0,1.0,4,2,7,2,5,7,7,1,7,2,1,1,0,1,1,0,0,0,0,1,0,0,0,1,1,1,2,3,2,1,21,1,4,1,10,1,1,3
7302,5.0,2.0,5.0,1.0,5.0,1.0,1.0,5.0,2.0,2.0,1.0,5.0,4.0,1.0,5.0,2.0,2.0,4.0,5.0,3.0,2,3,7,7,7,7,7,2,2,1,1,1,0,1,1,1,1,1,0,1,0,1,1,1,1,1,4,3,2,1,23,2,4,1,60,2,1,3
7303,5.0,1.0,1.0,3.0,4.0,2.0,1.0,5.0,2.0,1.0,4.0,5.0,4.0,3.0,4.0,2.0,5.0,5.0,5.0,1.0,4,2,7,2,6,7,5,5,5,1,1,1,0,1,1,0,0,1,0,1,0,0,1,1,1,1,4,3,1,2,28,1,8,1,10,2,1,1
7304,2.0,3.0,2.0,3.0,4.0,2.0,3.0,3.0,3.0,3.0,1.0,4.0,3.0,2.0,5.0,2.0,2.0,4.0,5.0,1.0,4,6,7,5,7,3,7,1,4,2,1,1,1,1,1,0,1,1,0,1,0,0,1,0,1,1,4,2,2,1,55,1,6,1,60,1,3,3
7305,5.0,5.0,2.0,1.0,4.0,1.0,1.0,3.0,2.0,1.0,1.0,5.0,5.0,1.0,5.0,2.0,5.0,5.0,5.0,5.0,6,7,6,3,1,1,1,3,4,4,1,1,0,1,1,0,0,0,0,1,0,0,1,1,1,1,3,3,1,1,51,1,4,1,60,1,3,7
7306,5.0,5.0,1.0,2.0,5.0,1.0,1.0,5.0,2.0,1.0,1.0,4.0,5.0,1.0,3.0,1.0,1.0,5.0,5.0,3.0,6,4,4,5,6,2,1,5,2,5,1,1,0,1,1,0,0,0,0,1,1,1,1,1,1,1,2,2,1,1,44,1,6,1,60,2,2,3
7307,4.0,5.0,1.0,2.0,4.0,1.0,1.0,5.0,2.0,1.0,1.0,5.0,3.0,1.0,5.0,1.0,2.0,5.0,5.0,1.0,3,6,3,7,2,2,3,3,1,5,1,1,1,1,1,0,0,0,0,1,0,0,1,1,1,1,4,2,2,1,27,1,2,2,60,2,1,3
7308,1.0,4.0,2.0,4.0,2.0,2.0,1.0,2.0,4.0,5.0,2.0,2.0,2.0,2.0,3.0,2.0,1.0,3.0,5.0,1.0,7,2,6,1,7,1,5,1,6,2,1,1,0,1,1,0,0,0,0,1,0,0,1,1,1,1,3,1,2,1,36,1,1,1,60,1,2,2
7309,1.0,1.0,2.0,2.0,1.0,4.0,5.0,1.0,4.0,5.0,2.0,5.0,4.0,2.0,2.0,2.0,1.0,1.0,1.0,1.0,1,2,6,5,6,7,6,2,6,2,1,1,1,1,1,0,0,1,0,1,1,0,1,1,1,1,4,3,1,1,58,1,6,1,60,1,2,4
7310,5.0,4.0,5.0,4.0,2.0,2.0,2.0,4.0,5.0,1.0,1.0,4.0,5.0,2.0,4.0,2.0,3.0,2.0,5.0,4.0,5,2,4,7,7,7,7,7,7,1,0,0,0,0,0,0,0,0,0,0,0,0,0,0,0,1,1,3,1,1,39,1,4,1,70,2,1,4
7311,4.0,4.0,2.0,2.0,4.0,1.0,1.0,5.0,4.0,2.0,1.0,2.0,2.0,2.0,3.0,2.0,1.0,5.0,5.0,4.0,2,2,6,2,3,5,3,2,7,2,1,1,1,1,1,0,1,1,0,1,1,1,1,1,1,1,3,1,2,1,34,1,1,1,60,2,2,1
7312,2.0,4.0,2.0,2.0,4.0,1.0,2.0,4.0,4.0,2.0,1.0,5.0,4.0,1.0,5.0,2.0,1.0,4.0,5.0,1.0,3,5,7,6,3,7,6,1,5,6,1,1,1,1,1,0,1,0,0,1,0,1,1,1,1,1,3,2,1,1,25,1,1,1,60,1,1,2
7313,1.0,5.0,4.0,4.0,2.0,1.0,1.0,5.0,5.0,5.0,4.0,5.0,4.0,1.0,5.0,1.0,1.0,2.0,5.0,1.0,7,5,6,5,7,1,6,2,3,1,1,1,0,1,1,0,1,0,0,1,0,0,1,1,1,1,4,1,2,1,49,1,6,1,30,2,2,2
7314,4.0,4.0,1.0,5.0,2.0,1.0,1.0,1.0,3.0,2.0,5.0,4.0,1.0,4.0,4.0,2.0,1.0,4.0,3.0,1.0,2,5,6,1,7,6,5,1,7,1,1,1,1,1,1,1,1,1,0,1,0,0,1,1,1,1,4,2,1,1,54,3,7,1,60,1,2,3
7315,2.0,1.0,2.0,2.0,5.0,2.0,1.0,4.0,2.0,2.0,2.0,5.0,5.0,2.0,4.0,1.0,1.0,4.0,5.0,4.0,4,3,7,1,6,3,2,1,7,2,1,1,1,1,1,1,0,0,0,1,0,0,1,1,1,1,4,2,2,2,35,1,2,1,60,1,1,3
7316,1.0,1.0,5.0,4.0,1.0,5.0,5.0,1.0,5.0,5.0,5.0,1.0,1.0,3.0,1.0,1.0,4.0,1.0,1.0,1.0,6,1,7,1,6,6,6,1,7,2,1,1,0,1,1,0,0,1,0,1,0,0,1,1,1,1,4,1,1,1,62,1,6,4,60,1,2,3
7317,2.0,1.0,2.0,4.0,4.0,1.0,2.0,4.0,5.0,1.0,1.0,4.0,2.0,4.0,2.0,1.0,2.0,2.0,2.0,1.0,1,2,6,5,6,7,5,5,5,3,1,1,1,1,1,0,1,0,0,1,1,0,1,1,1,1,3,1,2,1,38,1,4,1,60,1,3,4
7318,2.0,4.0,3.0,2.0,3.0,1.0,1.0,2.0,5.0,2.0,1.0,2.0,1.0,2.0,3.0,2.0,2.0,4.0,4.0,1.0,6,5,5,4,5,1,3,3,3,1,1,1,1,1,1,0,1,0,0,1,1,0,1,1,1,1,4,2,2,1,49,1,1,1,60,1,2,3
7319,5.0,4.0,2.0,2.0,4.0,2.0,1.0,3.0,3.0,4.0,1.0,5.0,4.0,2.0,5.0,2.0,2.0,4.0,5.0,1.0,6,2,6,4,7,1,5,1,6,2,1,1,1,1,1,0,0,0,1,1,1,1,1,1,1,1,0,2,2,1,50,1,2,1,60,1,2,4
7320,3.0,1.0,5.0,4.0,4.0,5.0,5.0,1.0,5.0,5.0,3.0,1.0,1.0,2.0,4.0,5.0,1.0,1.0,5.0,1.0,4,5,4,1,5,5,6,2,6,4,1,1,0,1,1,0,0,1,0,1,0,0,1,1,1,1,3,2,1,1,53,1,7,1,60,1,3,4
7321,4.0,1.0,4.0,5.0,5.0,4.0,2.0,1.0,5.0,1.0,1.0,3.0,1.0,5.0,1.0,5.0,4.0,1.0,1.0,1.0,4,4,5,4,5,4,6,5,5,5,1,1,0,1,1,0,0,1,0,1,0,0,0,1,1,1,2,2,2,1,46,1,7,1,30,1,1,3
7322,2.0,2.0,4.0,3.0,4.0,3.0,3.0,4.0,5.0,5.0,3.0,4.0,1.0,2.0,2.0,2.0,4.0,4.0,5.0,1.0,1,2,7,1,6,7,4,1,7,3,1,1,0,1,1,0,0,0,0,1,0,0,1,1,1,1,3,3,1,1,40,1,6,1,60,1,2,4
7323,1.0,1.0,3.0,3.0,1.0,1.0,1.0,1.0,5.0,5.0,1.0,1.0,1.0,5.0,1.0,5.0,5.0,1.0,5.0,1.0,2,1,7,3,6,5,6,2,6,2,1,1,1,1,1,0,0,1,0,1,0,0,1,1,1,1,4,3,2,1,55,1,7,1,30,1,1,2
7324,5.0,5.0,3.0,2.0,4.0,1.0,1.0,4.0,3.0,1.0,1.0,4.0,4.0,2.0,5.0,1.0,1.0,5.0,5.0,4.0,1,2,6,7,7,5,7,2,5,2,1,1,0,1,1,1,0,1,0,1,1,1,1,1,1,1,3,3,2,1,21,1,12,2,60,1,2,3
7325,4.0,3.0,2.0,3.0,5.0,2.0,2.0,3.0,4.0,3.0,2.0,4.0,4.0,2.0,4.0,3.0,2.0,2.0,5.0,3.0,2,4,6,2,6,4,4,2,6,2,1,1,1,1,1,0,1,1,0,1,1,0,1,1,1,1,4,3,2,1,52,1,4,1,60,1,3,2
7326,2.0,4.0,4.0,4.0,4.0,2.0,2.0,4.0,5.0,3.0,3.0,2.0,2.0,4.0,3.0,4.0,2.0,4.0,5.0,1.0,2,3,5,6,6,7,5,5,4,3,1,1,1,1,1,0,0,0,0,1,0,0,1,1,1,1,3,2,2,1,30,1,7,4,60,1,1,1
7327,2.0,2.0,4.0,4.0,2.0,2.0,4.0,4.0,5.0,4.0,4.0,2.0,4.0,4.0,2.0,4.0,4.0,2.0,4.0,2.0,6,3,5,2,6,2,6,2,6,2,1,1,0,1,1,1,0,0,0,1,0,0,1,1,1,1,4,2,1,1,51,1,12,1,60,2,2,2
7328,1.0,1.0,1.0,1.0,2.0,5.0,2.0,2.0,5.0,4.0,1.0,1.0,1.0,5.0,2.0,2.0,1.0,1.0,3.0,2.0,2,5,6,5,6,6,5,1,6,7,1,1,0,1,1,0,0,0,0,1,0,0,1,1,1,1,4,3,2,1,48,1,12,1,60,2,1,2
7329,4.0,5.0,2.0,4.0,4.0,1.0,1.0,4.0,4.0,2.0,1.0,5.0,4.0,2.0,4.0,2.0,2.0,2.0,1.0,4.0,5,2,7,4,6,4,7,2,6,2,1,1,0,1,1,0,1,1,0,1,0,0,1,1,1,1,4,1,2,1,57,1,0,0,0,1,0,0
7330,1.0,1.0,1.0,5.0,1.0,1.0,1.0,2.0,5.0,2.0,1.0,1.0,1.0,1.0,5.0,1.0,2.0,4.0,5.0,1.0,7,2,6,5,7,1,7,2,6,1,1,1,0,1,1,1,1,1,0,1,0,0,1,1,1,1,4,2,2,1,42,1,2,1,60,2,1,2
7331,2.0,1.0,4.0,3.0,5.0,4.0,5.0,1.0,5.0,5.0,2.0,4.0,5.0,3.0,1.0,4.0,2.0,1.0,5.0,4.0,5,3,7,6,2,1,4,5,2,1,1,1,1,1,1,0,1,1,0,1,0,0,1,1,1,1,4,2,2,1,45,1,1,1,30,1,2,3
7332,1.0,1.0,1.0,4.0,5.0,5.0,5.0,2.0,5.0,5.0,1.0,5.0,3.0,3.0,1.0,5.0,1.0,1.0,5.0,1.0,1,6,7,6,2,3,6,1,5,7,1,1,1,1,1,0,0,1,1,1,0,1,0,1,1,1,3,3,2,1,53,1,6,1,60,1,2,3
7333,4.0,4.0,2.0,2.0,4.0,2.0,2.0,4.0,4.0,1.0,1.0,4.0,4.0,2.0,5.0,1.0,1.0,4.0,5.0,4.0,2,6,5,1,6,6,5,5,7,5,1,1,0,1,1,0,0,0,0,1,0,0,1,1,1,1,2,2,1,1,22,1,1,1,60,1,2,2
7334,1.0,4.0,4.0,5.0,1.0,4.0,5.0,1.0,5.0,5.0,4.0,1.0,1.0,5.0,1.0,4.0,2.0,1.0,4.0,1.0,7,1,7,4,4,5,7,1,6,5,0,0,0,0,0,0,0,0,0,0,0,0,0,0,0,0,3,2,2,1,43,1,6,1,60,1,2,3
7335,4.0,1.0,1.0,4.0,1.0,1.0,1.0,5.0,4.0,5.0,1.0,1.0,4.0,1.0,5.0,1.0,1.0,5.0,5.0,1.0,6,5,7,5,7,1,6,1,5,1,0,0,1,0,0,1,1,1,1,0,1,1,0,0,0,0,0,1,1,1,29,1,6,2,60,1,1,1
7336,5.0,4.0,2.0,3.0,5.0,1.0,2.0,5.0,4.0,2.0,1.0,5.0,5.0,3.0,5.0,2.0,1.0,4.0,3.0,4.0,1,6,4,2,5,6,5,6,6,4,1,1,0,1,1,0,0,0,0,1,0,0,1,0,1,1,2,1,1,1,17,2,12,1,60,2,1,2
7337,2.0,4.0,2.0,4.0,4.0,2.0,2.0,2.0,5.0,4.0,1.0,5.0,1.0,2.0,4.0,2.0,1.0,4.0,5.0,1.0,2,5,7,5,3,6,4,2,5,6,1,1,1,1,1,0,1,0,0,1,1,0,1,1,1,1,3,3,1,1,53,1,1,1,60,2,2,2
7338,4.0,2.0,2.0,2.0,2.0,1.0,1.0,4.0,4.0,4.0,4.0,5.0,4.0,2.0,5.0,1.0,1.0,4.0,4.0,1.0,2,3,6,2,5,7,6,6,4,1,1,1,1,1,1,0,1,1,0,1,1,0,1,1,1,1,4,1,1,1,55,2,6,1,60,1,2,4
7339,5.0,4.0,3.0,1.0,5.0,1.0,1.0,2.0,4.0,1.0,1.0,5.0,1.0,1.0,3.0,1.0,1.0,4.0,5.0,1.0,1,6,2,5,4,3,3,3,2,2,1,1,1,1,1,0,0,0,0,1,1,0,1,1,1,1,3,1,2,1,27,1,12,1,60,1,1,2
7340,5.0,4.0,1.0,4.0,5.0,1.0,1.0,2.0,5.0,4.0,1.0,2.0,5.0,2.0,3.0,5.0,2.0,4.0,1.0,5.0,6,5,7,3,4,2,6,2,6,2,1,1,1,1,1,1,0,0,0,1,0,0,1,1,1,1,3,1,2,1,37,1,7,1,60,1,1,2
7341,1.0,1.0,5.0,5.0,1.0,5.0,5.0,1.0,5.0,5.0,2.0,4.0,1.0,2.0,1.0,2.0,2.0,1.0,5.0,2.0,3,2,7,1,6,7,6,1,6,2,1,1,1,1,1,0,1,1,0,1,1,0,1,1,1,1,4,2,2,1,67,1,1,1,60,1,2,2
7342,1.0,1.0,2.0,1.0,2.0,5.0,5.0,1.0,5.0,4.0,1.0,4.0,1.0,1.0,4.0,5.0,3.0,1.0,4.0,1.0,5,5,7,5,5,5,5,2,3,2,1,1,0,1,1,0,0,0,0,1,0,0,1,1,1,1,3,1,2,1,29,1,7,1,60,1,1,3
7343,3.0,3.0,3.0,3.0,3.0,4.0,1.0,2.0,3.0,2.0,2.0,3.0,4.0,3.0,3.0,4.0,5.0,2.0,4.0,1.0,5,3,6,5,6,3,6,2,6,2,1,1,1,1,1,0,1,1,0,1,1,0,1,1,1,1,4,2,2,1,57,2,4,1,60,1,2,4
7344,1.0,3.0,2.0,4.0,5.0,1.0,2.0,1.0,5.0,4.0,4.0,4.0,2.0,2.0,2.0,5.0,1.0,1.0,5.0,1.0,4,2,7,1,6,5,5,1,4,5,1,1,1,1,1,0,0,0,0,1,0,0,1,1,1,1,3,1,2,2,41,2,4,1,60,2,1,4
7345,4.0,4.0,3.0,2.0,4.0,1.0,1.0,4.0,4.0,3.0,1.0,4.0,4.0,2.0,2.0,1.0,1.0,4.0,5.0,2.0,6,5,5,2,6,1,4,5,4,1,1,1,1,1,1,1,1,0,0,1,0,0,1,1,1,1,4,2,1,1,36,1,4,1,60,1,2,2
7346,1.0,1.0,2.0,5.0,1.0,4.0,1.0,1.0,5.0,5.0,1.0,1.0,1.0,2.0,1.0,5.0,1.0,1.0,5.0,1.0,7,1,7,2,7,1,7,1,6,1,1,1,1,1,1,0,0,1,0,1,0,1,1,1,1,1,3,2,2,1,59,1,12,1,60,1,2,2
7347,3.0,1.0,5.0,4.0,1.0,5.0,5.0,1.0,5.0,5.0,2.0,1.0,1.0,3.0,1.0,1.0,3.0,1.0,1.0,1.0,1,2,7,4,1,7,5,1,7,7,1,1,0,1,1,0,0,0,0,1,0,0,1,1,1,1,0,2,2,1,27,1,6,1,60,1,2,3
7348,2.0,2.0,4.0,2.0,2.0,4.0,3.0,2.0,5.0,5.0,2.0,4.0,1.0,2.0,2.0,1.0,5.0,1.0,4.0,1.0,6,5,4,3,5,2,6,4,5,3,1,1,0,1,1,0,0,1,0,1,0,0,1,1,1,1,4,3,2,1,29,1,6,1,10,2,2,1
7349,4.0,2.0,2.0,2.0,4.0,1.0,1.0,5.0,2.0,2.0,1.0,4.0,2.0,2.0,4.0,1.0,1.0,5.0,5.0,3.0,7,5,6,3,6,1,6,1,5,2,1,1,1,1,1,0,0,0,0,1,0,0,1,1,1,1,4,1,2,1,45,1,2,1,60,1,2,2
7350,1.0,1.0,5.0,5.0,1.0,2.0,1.0,1.0,5.0,5.0,4.0,5.0,1.0,5.0,1.0,1.0,5.0,1.0,5.0,1.0,1,1,7,3,3,7,7,3,7,1,1,1,0,1,1,1,0,0,0,1,0,0,1,1,1,1,4,2,2,1,48,1,4,1,60,2,1,3
7351,3.0,2.0,4.0,1.0,4.0,2.0,1.0,3.0,4.0,2.0,2.0,5.0,5.0,2.0,4.0,4.0,2.0,5.0,4.0,2.0,5,7,3,2,7,7,6,1,2,3,1,1,0,1,1,0,0,0,0,1,0,0,1,1,1,1,2,3,1,1,20,1,1,1,60,1,1,3
7352,4.0,3.0,3.0,4.0,2.0,4.0,4.0,4.0,4.0,3.0,2.0,5.0,4.0,2.0,4.0,4.0,3.0,3.0,5.0,1.0,7,3,6,4,5,2,7,5,5,1,1,1,0,1,1,0,0,0,0,1,0,0,1,1,1,1,3,2,2,1,41,1,7,2,60,1,3,2
7353,5.0,5.0,1.0,1.0,4.0,1.0,1.0,2.0,2.0,1.0,1.0,5.0,4.0,1.0,4.0,1.0,1.0,5.0,5.0,5.0,5,6,7,5,7,1,2,2,3,1,1,1,1,1,1,0,0,0,0,1,0,1,0,1,1,1,0,1,1,1,56,1,6,1,60,1,2,3
7354,4.0,4.0,1.0,2.0,2.0,2.0,2.0,2.0,4.0,2.0,2.0,4.0,3.0,3.0,4.0,1.0,3.0,1.0,2.0,2.0,2,3,5,4,3,5,2,4,3,3,1,1,0,1,1,1,0,1,0,1,0,0,1,1,1,1,2,3,2,1,19,1,7,4,60,2,1,5
7355,1.0,2.0,4.0,3.0,3.0,5.0,4.0,2.0,5.0,4.0,2.0,4.0,1.0,1.0,4.0,2.0,4.0,3.0,5.0,2.0,5,5,6,4,6,5,6,6,6,4,1,1,0,1,1,0,0,0,0,1,0,0,1,1,1,1,3,1,2,1,25,2,4,1,60,1,1,1
7356,1.0,2.0,1.0,2.0,4.0,2.0,2.0,4.0,5.0,4.0,1.0,5.0,2.0,2.0,4.0,2.0,2.0,2.0,5.0,1.0,7,2,6,5,7,4,7,2,6,2,1,1,0,1,1,0,0,0,0,1,0,0,1,1,1,1,3,2,2,1,47,1,7,1,60,1,1,2
7357,4.0,4.0,5.0,2.0,2.0,2.0,3.0,4.0,5.0,5.0,1.0,4.0,1.0,4.0,1.0,4.0,1.0,5.0,4.0,1.0,5,2,5,3,5,3,6,5,4,2,1,1,1,1,1,0,0,0,0,1,0,0,1,1,1,1,3,1,2,1,24,1,6,1,60,1,1,3
7358,2.0,5.0,1.0,4.0,4.0,1.0,1.0,5.0,5.0,4.0,2.0,5.0,4.0,1.0,4.0,1.0,1.0,5.0,5.0,1.0,1,6,6,5,5,7,6,5,6,2,1,1,1,1,1,0,1,0,0,1,1,0,1,1,1,1,3,1,2,1,44,2,1,1,60,2,1,3
7359,4.0,2.0,2.0,2.0,2.0,2.0,2.0,4.0,5.0,2.0,2.0,4.0,4.0,2.0,4.0,4.0,2.0,4.0,2.0,1.0,1,5,7,6,5,7,5,1,3,6,1,1,0,1,1,0,0,0,0,1,0,0,1,1,1,1,3,2,2,1,20,2,7,1,60,1,1,2
7360,1.0,3.0,1.0,4.0,2.0,1.0,1.0,2.0,3.0,3.0,3.0,4.0,1.0,3.0,2.0,1.0,5.0,4.0,5.0,4.0,5,4,6,1,6,3,6,2,7,3,1,1,1,1,1,0,1,0,0,1,0,0,1,1,1,1,4,2,2,1,47,1,1,1,60,1,2,2
7361,3.0,2.0,2.0,4.0,2.0,2.0,1.0,2.0,5.0,4.0,2.0,4.0,2.0,3.0,3.0,4.0,1.0,2.0,4.0,1.0,4,1,5,5,6,2,6,2,5,2,1,1,1,1,1,0,1,1,0,1,0,0,1,1,1,1,4,1,2,1,44,1,7,1,60,1,2,2
7362,5.0,5.0,1.0,5.0,4.0,3.0,3.0,5.0,3.0,3.0,1.0,5.0,5.0,1.0,1.0,1.0,2.0,5.0,5.0,4.0,1,1,6,5,6,4,6,1,6,1,1,1,1,1,0,0,1,0,0,1,0,0,1,1,1,1,3,3,2,1,29,1,7,1,60,1,3,2
7363,5.0,1.0,1.0,4.0,5.0,1.0,1.0,5.0,4.0,1.0,1.0,5.0,5.0,3.0,3.0,1.0,2.0,5.0,1.0,1.0,5,3,4,6,7,4,6,1,5,4,0,1,0,0,0,0,0,1,0,1,0,0,0,1,0,0,2,3,2,2,28,1,7,1,30,1,2,2
7364,3.0,3.0,4.0,5.0,4.0,4.0,2.0,3.0,5.0,4.0,4.0,4.0,1.0,4.0,3.0,3.0,3.0,4.0,4.0,4.0,4,4,6,2,6,6,5,1,7,5,1,1,0,1,1,0,1,1,0,1,0,0,1,1,1,1,4,3,1,1,32,1,1,1,10,1,2,2
7365,5.0,4.0,3.0,3.0,3.0,2.0,2.0,4.0,5.0,5.0,2.0,5.0,5.0,2.0,4.0,2.0,4.0,4.0,3.0,2.0,2,4,7,5,3,7,7,1,6,5,1,1,0,1,1,0,0,0,0,1,0,0,1,1,1,1,3,2,1,1,40,1,4,1,60,1,2,3
7366,1.0,2.0,2.0,4.0,1.0,2.0,2.0,2.0,4.0,4.0,1.0,2.0,1.0,3.0,5.0,2.0,3.0,4.0,5.0,1.0,1,6,6,5,6,3,3,2,4,5,1,1,1,1,1,0,1,1,0,1,1,0,1,1,1,1,4,2,2,1,35,1,2,1,60,2,1,3
7367,3.0,2.0,2.0,4.0,2.0,1.0,1.0,1.0,4.0,4.0,2.0,2.0,4.0,1.0,4.0,1.0,2.0,1.0,5.0,1.0,3,1,5,1,5,5,5,3,7,6,1,1,0,1,1,0,0,1,0,1,0,0,1,1,1,1,4,1,1,1,54,1,12,1,50,1,2,4
7368,5.0,4.0,4.0,5.0,5.0,2.0,1.0,5.0,3.0,2.0,2.0,4.0,5.0,2.0,3.0,2.0,1.0,5.0,3.0,5.0,5,6,6,7,5,6,5,6,4,1,1,1,0,1,1,0,0,0,0,1,0,0,1,1,1,1,2,2,1,1,24,2,4,1,60,1,1,2
7369,3.0,4.0,3.0,4.0,4.0,3.0,2.0,5.0,4.0,1.0,1.0,4.0,4.0,4.0,4.0,1.0,2.0,4.0,4.0,1.0,2,3,6,6,5,6,6,5,2,6,1,1,0,1,1,0,0,0,0,1,0,0,1,1,1,1,4,2,2,1,34,1,6,1,60,2,1,3
7370,1.0,1.0,5.0,5.0,1.0,2.0,1.0,1.0,5.0,3.0,2.0,1.0,1.0,5.0,3.0,1.0,2.0,4.0,5.0,1.0,2,2,6,5,7,5,7,2,6,1,1,1,1,1,1,0,0,0,0,1,0,0,1,1,1,1,2,1,2,1,70,1,6,1,60,1,2,8
7371,1.0,4.0,2.0,1.0,4.0,5.0,4.0,4.0,5.0,2.0,1.0,2.0,1.0,2.0,5.0,5.0,1.0,4.0,4.0,1.0,3,7,3,5,5,6,5,2,3,6,1,1,0,1,1,0,0,0,0,1,0,0,1,1,1,1,3,2,1,1,37,1,6,1,60,1,1,1
7372,4.0,4.0,2.0,4.0,4.0,1.0,1.0,4.0,3.0,3.0,1.0,4.0,5.0,1.0,4.0,5.0,1.0,5.0,5.0,2.0,5,7,6,6,3,1,1,5,6,4,1,1,0,1,1,1,0,0,1,1,1,1,0,1,1,1,3,1,2,1,19,1,4,1,60,1,1,3
7373,4.0,4.0,4.0,1.0,5.0,2.0,1.0,5.0,5.0,2.0,1.0,4.0,2.0,1.0,2.0,2.0,1.0,2.0,5.0,4.0,2,5,7,7,6,5,7,2,1,1,1,1,0,1,1,0,0,0,0,1,0,0,1,1,1,1,2,2,2,1,19,1,6,3,30,1,1,1
7374,3.0,4.0,4.0,4.0,4.0,1.0,1.0,4.0,5.0,3.0,2.0,5.0,2.0,4.0,2.0,2.0,2.0,4.0,5.0,1.0,1,4,5,3,3,5,3,1,5,1,1,1,0,1,1,0,0,0,0,1,0,0,1,1,1,1,4,2,2,1,40,1,6,1,60,1,1,2
7375,4.0,2.0,5.0,4.0,1.0,2.0,4.0,1.0,5.0,4.0,2.0,5.0,1.0,4.0,5.0,4.0,4.0,1.0,2.0,1.0,5,6,6,5,5,5,5,4,3,3,1,1,0,1,1,0,0,0,0,1,0,0,1,0,1,1,3,3,1,1,44,1,7,1,60,1,2,9
7376,5.0,5.0,2.0,2.0,5.0,1.0,1.0,2.0,3.0,1.0,4.0,5.0,5.0,2.0,4.0,1.0,1.0,4.0,5.0,2.0,2,7,7,5,5,6,6,2,4,1,1,1,1,1,1,0,0,0,0,1,1,1,1,1,0,1,4,1,2,1,45,1,7,1,60,2,3,4
7377,4.0,2.0,1.0,2.0,3.0,1.0,1.0,4.0,3.0,2.0,1.0,4.0,2.0,3.0,4.0,2.0,4.0,3.0,5.0,5.0,5,6,3,5,4,4,6,5,6,3,1,1,0,1,1,0,0,0,0,0,0,0,1,1,1,1,2,3,1,1,16,1,6,1,60,1,1,1
7378,1.0,1.0,3.0,5.0,2.0,4.0,4.0,2.0,5.0,5.0,4.0,2.0,1.0,4.0,2.0,2.0,2.0,2.0,4.0,1.0,3,1,7,1,6,5,7,1,6,3,1,1,1,1,1,0,1,0,0,1,0,0,1,1,1,1,4,2,1,1,54,1,4,1,60,1,2,3
7379,5.0,4.0,1.0,4.0,5.0,1.0,1.0,5.0,4.0,4.0,2.0,5.0,5.0,4.0,4.0,1.0,2.0,5.0,5.0,2.0,6,5,7,2,6,2,6,5,6,2,1,1,0,1,1,0,0,1,0,0,0,0,0,1,1,1,3,1,1,1,19,1,6,1,60,1,1,1
7380,4.0,3.0,5.0,1.0,5.0,2.0,1.0,2.0,4.0,4.0,1.0,5.0,4.0,1.0,4.0,1.0,1.0,5.0,4.0,5.0,4,2,6,1,6,5,5,2,7,6,1,1,0,1,1,0,0,0,0,1,0,0,1,1,1,1,3,2,1,1,39,1,7,1,30,1,2,3
7381,5.0,1.0,5.0,4.0,1.0,1.0,3.0,1.0,5.0,5.0,1.0,5.0,5.0,1.0,1.0,5.0,5.0,2.0,1.0,1.0,6,5,6,3,6,5,7,2,5,3,1,1,1,1,1,0,0,0,1,1,0,0,1,1,1,1,2,2,2,1,20,1,7,1,70,1,1,1
7382,3.0,5.0,4.0,4.0,2.0,2.0,2.0,4.0,5.0,5.0,2.0,4.0,4.0,4.0,3.0,5.0,1.0,5.0,5.0,3.0,5,5,7,2,6,2,4,1,6,2,1,1,1,0,1,1,0,1,0,1,0,1,1,0,1,1,3,2,1,1,47,1,4,1,60,1,2,3
7383,2.0,4.0,1.0,3.0,4.0,1.0,2.0,4.0,5.0,2.0,1.0,2.0,2.0,2.0,4.0,2.0,1.0,4.0,5.0,1.0,1,2,5,6,6,5,6,2,5,2,1,1,1,1,1,0,0,0,0,1,0,0,1,1,1,1,3,2,2,1,36,1,1,1,60,1,1,3
7384,2.0,5.0,3.0,3.0,4.0,2.0,2.0,5.0,5.0,2.0,2.0,2.0,2.0,2.0,5.0,1.0,2.0,2.0,4.0,4.0,6,5,5,6,7,1,7,1,5,3,1,1,1,1,1,0,1,1,1,1,0,0,1,1,1,1,4,2,2,1,27,1,6,1,60,1,1,1
7385,5.0,5.0,1.0,1.0,5.0,1.0,1.0,5.0,2.0,1.0,2.0,5.0,4.0,1.0,5.0,1.0,1.0,4.0,5.0,1.0,2,7,7,1,7,4,1,1,6,6,1,1,1,1,1,0,0,1,0,1,0,0,1,1,1,1,4,2,1,1,44,1,7,1,60,1,2,3
7386,1.0,1.0,5.0,1.0,4.0,2.0,1.0,1.0,5.0,5.0,1.0,2.0,2.0,1.0,1.0,5.0,5.0,4.0,4.0,2.0,2,1,7,5,5,2,7,1,6,6,1,1,1,1,1,0,0,0,0,1,0,0,1,1,1,1,2,3,2,1,46,1,7,1,30,1,1,5
7387,2.0,4.0,4.0,5.0,5.0,2.0,3.0,4.0,5.0,5.0,1.0,1.0,2.0,3.0,4.0,1.0,3.0,4.0,4.0,2.0,3,5,4,1,4,6,7,5,5,6,1,1,0,1,1,0,0,0,0,1,0,0,1,1,1,1,3,1,2,1,38,1,7,1,60,1,2,2
7388,3.0,4.0,2.0,2.0,4.0,3.0,2.0,4.0,4.0,2.0,1.0,4.0,3.0,2.0,2.0,1.0,5.0,4.0,5.0,1.0,2,5,6,7,6,3,3,1,5,3,1,1,1,1,1,0,0,0,1,1,0,1,1,1,1,1,3,2,2,1,32,2,6,1,60,1,2,1
7389,4.0,3.0,4.0,4.0,2.0,3.0,5.0,4.0,4.0,2.0,2.0,3.0,5.0,4.0,1.0,2.0,1.0,3.0,3.0,1.0,4,5,6,4,6,4,5,4,4,4,1,1,1,1,1,0,0,0,0,1,0,0,0,1,1,1,2,3,1,1,73,2,4,1,70,1,2,3
7390,1.0,1.0,4.0,4.0,1.0,4.0,2.0,2.0,5.0,5.0,1.0,4.0,1.0,4.0,5.0,5.0,1.0,1.0,2.0,1.0,1,1,6,1,7,7,7,3,7,3,1,1,1,1,1,0,0,0,0,1,0,0,1,1,1,1,3,2,1,1,50,1,12,1,70,1,3,2
7391,1.0,1.0,2.0,5.0,1.0,1.0,1.0,4.0,5.0,2.0,5.0,1.0,2.0,4.0,3.0,2.0,1.0,1.0,5.0,1.0,6,2,6,1,7,2,7,3,6,2,1,1,1,1,1,0,0,0,0,1,1,0,1,1,1,1,3,3,1,1,36,1,12,1,70,1,1,3
7392,2.0,4.0,5.0,2.0,4.0,1.0,2.0,1.0,5.0,1.0,1.0,1.0,1.0,2.0,3.0,1.0,5.0,1.0,1.0,1.0,6,2,6,2,6,5,7,1,7,2,1,1,0,1,1,0,0,0,0,1,0,0,0,1,1,1,3,1,2,1,52,1,6,1,60,1,2,13
7393,3.0,4.0,2.0,4.0,2.0,2.0,1.0,2.0,4.0,2.0,2.0,5.0,4.0,2.0,4.0,5.0,2.0,3.0,5.0,4.0,6,5,3,2,6,2,5,5,6,2,1,1,0,1,1,0,0,1,0,1,0,0,1,1,1,1,3,2,2,1,26,1,1,1,60,1,1,2
7394,5.0,2.0,1.0,4.0,3.0,4.0,4.0,4.0,5.0,4.0,4.0,4.0,3.0,4.0,4.0,4.0,4.0,4.0,5.0,2.0,6,2,7,1,6,6,6,1,6,2,1,1,1,1,1,0,1,1,1,1,0,0,1,1,1,1,3,3,2,1,54,1,4,1,60,1,2,3
7395,4.0,4.0,2.0,4.0,4.0,3.0,3.0,2.0,4.0,4.0,3.0,2.0,1.0,4.0,2.0,5.0,5.0,2.0,4.0,1.0,6,4,6,1,7,3,6,1,7,1,0,0,0,1,1,0,0,0,0,1,0,0,0,1,1,1,3,1,1,2,32,2,4,3,10,1,2,0
7396,1.0,4.0,4.0,4.0,1.0,4.0,1.0,1.0,4.0,4.0,2.0,1.0,1.0,4.0,2.0,2.0,4.0,2.0,5.0,2.0,5,5,6,5,6,4,5,1,6,2,1,1,1,1,1,0,0,0,0,1,0,0,0,1,1,1,4,3,2,1,38,3,12,1,60,1,1,2
7397,5.0,4.0,2.0,1.0,4.0,2.0,1.0,2.0,2.0,1.0,2.0,5.0,5.0,2.0,5.0,2.0,2.0,5.0,4.0,3.0,6,6,6,3,5,3,3,3,5,3,1,1,1,1,1,0,0,1,0,1,0,1,1,1,1,1,3,2,1,1,25,1,6,1,60,1,2,1
7398,3.0,1.0,3.0,3.0,1.0,5.0,2.0,5.0,5.0,4.0,1.0,2.0,1.0,1.0,4.0,1.0,2.0,4.0,4.0,1.0,2,5,6,5,3,7,7,1,5,3,1,1,0,1,1,0,0,0,0,1,1,0,1,1,1,1,3,3,2,2,35,1,2,1,60,1,2,2
7399,1.0,4.0,2.0,4.0,4.0,2.0,3.0,1.0,5.0,5.0,2.0,2.0,4.0,2.0,3.0,1.0,2.0,4.0,1.0,2.0,1,3,6,6,2,7,6,3,4,3,1,1,1,1,1,0,0,0,0,1,0,0,1,1,1,1,4,1,2,1,35,1,6,1,60,1,1,3
7400,1.0,2.0,1.0,3.0,2.0,1.0,1.0,1.0,4.0,4.0,1.0,2.0,1.0,1.0,2.0,2.0,4.0,2.0,5.0,1.0,3,2,6,5,7,1,5,3,2,4,1,1,1,1,1,0,0,1,0,1,0,1,1,1,1,1,3,1,2,1,35,3,4,1,60,1,3,2
7401,4.0,4.0,2.0,4.0,3.0,2.0,2.0,2.0,5.0,2.0,2.0,5.0,4.0,4.0,4.0,2.0,2.0,2.0,4.0,2.0,2,5,5,5,6,3,5,2,5,5,1,1,1,1,1,0,1,0,0,1,0,0,1,1,1,1,4,2,2,1,38,2,6,1,60,1,2,2
7402,3.0,4.0,3.0,1.0,4.0,1.0,1.0,4.0,3.0,4.0,1.0,5.0,2.0,2.0,4.0,2.0,1.0,1.0,5.0,1.0,1,6,6,5,3,7,6,4,2,4,1,1,0,1,1,1,0,0,0,1,0,0,1,1,1,1,2,2,2,1,17,1,2,1,60,2,1,1
7403,4.0,2.0,2.0,2.0,4.0,4.0,4.0,4.0,5.0,5.0,3.0,4.0,2.0,3.0,1.0,4.0,2.0,3.0,4.0,1.0,3,5,6,3,6,6,5,5,6,3,1,1,1,1,1,0,0,1,0,1,1,0,1,1,1,1,3,1,1,1,44,1,6,1,60,1,2,3
7404,4.0,2.0,5.0,4.0,2.0,2.0,4.0,4.0,5.0,5.0,2.0,4.0,4.0,4.0,5.0,2.0,3.0,5.0,5.0,1.0,1,6,6,4,5,6,3,1,4,5,1,1,1,1,1,0,0,0,0,1,0,0,1,1,1,1,4,1,2,1,44,1,7,1,60,1,2,3
7405,5.0,2.0,5.0,2.0,4.0,2.0,5.0,4.0,5.0,5.0,1.0,4.0,3.0,3.0,1.0,2.0,2.0,4.0,5.0,5.0,2,5,7,7,6,6,5,6,1,1,1,1,1,1,1,0,0,0,0,1,0,0,1,1,1,1,3,1,2,1,60,1,6,1,60,1,2,1
7406,2.0,1.0,2.0,2.0,1.0,1.0,1.0,1.0,5.0,4.0,1.0,1.0,1.0,2.0,1.0,2.0,4.0,1.0,4.0,1.0,2,1,6,5,2,5,7,5,6,1,1,1,0,1,1,1,0,1,0,1,0,1,1,1,1,1,3,1,2,1,44,2,7,1,60,1,2,2
7407,3.0,4.0,2.0,3.0,4.0,1.0,1.0,5.0,2.0,4.0,2.0,5.0,2.0,1.0,5.0,1.0,1.0,4.0,5.0,1.0,5,1,5,7,2,5,7,2,1,3,1,1,0,1,1,0,1,0,0,1,0,0,1,0,1,1,3,3,1,1,60,1,6,1,60,1,2,3
7408,5.0,3.0,3.0,4.0,5.0,1.0,2.0,5.0,2.0,2.0,1.0,4.0,5.0,1.0,3.0,2.0,1.0,4.0,5.0,1.0,7,2,1,1,7,1,2,7,2,1,1,1,0,1,1,0,0,1,0,1,0,0,0,1,1,1,3,2,2,1,36,1,2,1,60,2,1,2
7409,2.0,3.0,4.0,3.0,2.0,4.0,1.0,1.0,4.0,5.0,1.0,4.0,1.0,2.0,4.0,2.0,4.0,4.0,2.0,1.0,3,2,5,2,7,4,5,3,6,1,1,1,1,1,1,0,1,1,0,1,1,0,1,1,1,1,4,2,2,1,53,1,6,1,60,1,2,2
7410,2.0,4.0,2.0,3.0,2.0,1.0,1.0,3.0,2.0,3.0,1.0,5.0,2.0,2.0,3.0,4.0,4.0,4.0,5.0,2.0,2,5,6,7,4,6,5,4,2,2,1,1,0,1,1,0,0,0,0,1,0,0,1,1,1,1,3,1,2,1,33,1,12,2,60,1,1,1
7411,1.0,4.0,1.0,4.0,2.0,1.0,2.0,1.0,5.0,5.0,2.0,2.0,5.0,3.0,1.0,1.0,2.0,4.0,5.0,1.0,1,1,6,2,3,6,7,2,6,4,1,1,1,1,1,0,0,0,0,1,0,1,1,1,1,1,4,2,2,1,32,1,4,1,60,2,2,7
7412,4.0,5.0,2.0,1.0,4.0,1.0,1.0,4.0,4.0,2.0,1.0,5.0,2.0,1.0,5.0,4.0,1.0,2.0,5.0,5.0,5,5,7,2,5,5,3,1,6,2,1,1,1,1,1,1,1,0,0,1,0,1,1,1,1,1,3,2,2,1,31,1,1,1,70,2,1,1
7413,1.0,2.0,1.0,4.0,1.0,4.0,5.0,1.0,4.0,1.0,4.0,2.0,1.0,4.0,1.0,5.0,1.0,1.0,4.0,1.0,6,2,7,1,6,1,7,1,7,2,1,1,1,1,1,0,0,0,0,0,0,1,0,1,1,1,4,1,2,1,55,1,6,1,60,1,2,2
7414,2.0,3.0,2.0,4.0,2.0,3.0,2.0,2.0,5.0,3.0,3.0,4.0,1.0,2.0,1.0,1.0,2.0,2.0,4.0,2.0,2,1,6,4,7,5,6,2,4,2,1,1,1,1,1,1,0,1,0,1,0,0,1,1,1,1,4,2,1,1,67,1,7,1,60,1,3,4
7415,4.0,2.0,1.0,3.0,1.0,1.0,1.0,4.0,5.0,5.0,1.0,4.0,2.0,1.0,2.0,1.0,2.0,4.0,5.0,1.0,3,4,7,1,5,5,2,3,5,1,1,1,1,1,1,0,0,0,0,1,0,0,1,1,1,1,4,2,2,1,54,1,6,4,60,1,1,2
7416,4.0,2.0,2.0,4.0,3.0,2.0,4.0,1.0,5.0,4.0,2.0,4.0,2.0,4.0,2.0,2.0,2.0,2.0,5.0,1.0,3,5,7,6,6,6,5,1,6,2,1,1,0,1,1,0,0,0,0,1,0,0,1,1,1,1,4,3,2,1,47,1,5,1,60,1,2,2
7417,2.0,2.0,4.0,2.0,2.0,2.0,2.0,2.0,5.0,4.0,2.0,4.0,1.0,3.0,3.0,1.0,1.0,2.0,1.0,1.0,3,4,6,5,5,3,4,3,4,3,1,1,1,1,1,0,1,1,0,1,0,0,1,1,1,1,4,3,1,1,58,1,4,1,60,1,2,2
7418,5.0,4.0,3.0,3.0,4.0,1.0,1.0,5.0,4.0,2.0,1.0,3.0,4.0,2.0,4.0,4.0,1.0,5.0,5.0,4.0,5,4,6,7,7,3,5,5,3,1,1,1,0,1,1,0,0,0,0,1,0,0,1,1,1,1,2,1,2,1,18,1,1,2,70,2,1,4
7419,1.0,4.0,5.0,5.0,1.0,5.0,2.0,1.0,5.0,5.0,4.0,4.0,1.0,4.0,3.0,4.0,2.0,1.0,4.0,1.0,5,4,6,2,6,1,6,1,5,2,1,1,0,1,1,1,0,0,0,1,0,0,1,1,1,1,4,3,2,1,46,1,4,1,60,1,2,1
7420,2.0,4.0,5.0,5.0,4.0,5.0,2.0,2.0,5.0,5.0,2.0,4.0,3.0,2.0,3.0,4.0,1.0,4.0,4.0,3.0,5,5,7,5,5,5,4,1,5,3,1,1,0,1,1,0,0,0,0,1,0,0,1,1,1,1,3,2,1,1,53,1,7,1,60,1,2,3
7421,1.0,2.0,4.0,4.0,3.0,2.0,2.0,2.0,5.0,5.0,1.0,2.0,2.0,2.0,2.0,1.0,2.0,1.0,4.0,1.0,2,2,6,3,5,6,6,2,5,4,1,1,1,1,1,0,0,1,0,1,0,0,1,1,1,1,3,2,2,1,47,2,1,5,60,1,1,2
7422,5.0,5.0,2.0,2.0,4.0,1.0,1.0,5.0,1.0,2.0,1.0,5.0,2.0,2.0,5.0,1.0,1.0,4.0,5.0,1.0,1,6,6,4,3,6,5,1,7,2,1,1,1,1,1,0,1,1,0,1,1,0,1,1,1,1,4,2,1,1,45,2,1,5,60,1,2,2
7423,2.0,3.0,4.0,2.0,5.0,2.0,2.0,4.0,4.0,3.0,1.0,4.0,2.0,2.0,4.0,3.0,2.0,3.0,4.0,2.0,3,5,6,5,4,5,4,2,6,4,1,1,0,1,1,0,0,0,0,1,0,0,0,1,1,1,3,2,2,1,34,1,4,1,60,2,1,2
7424,5.0,2.0,1.0,4.0,5.0,1.0,1.0,1.0,5.0,2.0,2.0,5.0,4.0,1.0,1.0,1.0,5.0,2.0,5.0,4.0,5,5,7,6,2,6,2,1,7,7,1,1,0,1,1,0,0,0,0,1,0,0,0,1,1,1,3,2,1,1,52,1,2,1,60,1,2,3
7425,5.0,5.0,1.0,1.0,5.0,1.0,1.0,4.0,4.0,1.0,1.0,4.0,2.0,3.0,2.0,1.0,1.0,5.0,5.0,1.0,5,5,7,3,7,6,2,1,5,2,1,1,1,1,1,0,0,1,0,1,0,0,1,1,1,1,3,1,2,1,48,1,6,1,60,1,2,2
7426,3.0,4.0,2.0,5.0,4.0,2.0,2.0,3.0,5.0,2.0,1.0,4.0,2.0,1.0,4.0,1.0,1.0,3.0,5.0,3.0,1,6,5,5,3,7,7,2,2,1,1,1,1,1,1,0,1,1,0,0,0,0,1,0,0,1,3,2,2,1,52,1,12,1,60,1,3,4
7427,2.0,2.0,2.0,2.0,3.0,1.0,1.0,2.0,4.0,2.0,2.0,4.0,3.0,3.0,4.0,2.0,2.0,2.0,4.0,1.0,3,5,6,3,5,6,5,2,5,3,1,1,1,1,1,0,0,1,0,1,0,1,1,1,1,1,3,2,2,1,25,1,0,1,60,1,1,3
7428,1.0,4.0,2.0,2.0,5.0,1.0,1.0,5.0,4.0,2.0,1.0,5.0,4.0,2.0,5.0,1.0,2.0,4.0,5.0,5.0,3,6,6,7,5,1,5,1,3,7,1,1,0,1,1,0,0,0,0,1,0,0,1,0,1,1,3,2,1,1,40,1,2,1,60,1,2,1
7429,1.0,2.0,4.0,1.0,5.0,4.0,1.0,1.0,5.0,4.0,1.0,2.0,2.0,1.0,2.0,2.0,3.0,4.0,5.0,1.0,5,6,7,7,7,4,5,3,1,3,1,1,0,1,1,0,0,0,0,1,0,0,0,1,1,1,2,3,2,1,17,1,2,1,60,2,1,3
7430,4.0,3.0,3.0,3.0,3.0,4.0,3.0,4.0,5.0,4.0,2.0,4.0,2.0,1.0,2.0,2.0,3.0,2.0,4.0,1.0,6,5,7,3,7,2,4,1,6,1,1,1,0,1,1,0,0,0,0,1,1,0,1,1,1,1,3,1,2,1,43,1,1,1,60,1,2,1
7431,1.0,3.0,2.0,5.0,2.0,1.0,1.0,2.0,4.0,2.0,2.0,1.0,2.0,4.0,3.0,1.0,2.0,4.0,2.0,1.0,2,1,6,5,6,5,5,2,4,2,1,1,1,1,1,0,1,0,0,1,0,0,1,1,1,1,4,2,2,1,38,1,1,1,60,1,2,1
7432,2.0,4.0,2.0,2.0,4.0,2.0,1.0,4.0,5.0,2.0,1.0,4.0,2.0,2.0,4.0,1.0,1.0,4.0,5.0,2.0,1,5,6,6,3,6,3,5,5,3,1,1,0,1,1,0,0,0,0,1,0,0,1,1,1,1,3,2,2,1,28,1,7,4,60,1,1,2
7433,1.0,1.0,2.0,4.0,5.0,3.0,1.0,4.0,5.0,5.0,2.0,1.0,1.0,3.0,3.0,5.0,1.0,2.0,5.0,1.0,2,3,6,1,4,6,4,1,7,3,1,1,1,1,1,0,0,1,0,1,1,0,1,1,1,1,2,2,1,1,21,1,4,5,60,1,1,3
7434,1.0,1.0,5.0,5.0,1.0,5.0,5.0,1.0,5.0,5.0,5.0,1.0,1.0,5.0,1.0,5.0,5.0,1.0,3.0,1.0,2,3,6,2,4,6,6,4,7,5,1,1,1,1,1,0,1,1,0,1,1,0,1,1,1,1,4,2,2,1,42,3,4,1,60,1,1,2
7435,5.0,5.0,5.0,1.0,5.0,1.0,1.0,5.0,5.0,5.0,1.0,4.0,5.0,2.0,4.0,4.0,1.0,2.0,1.0,5.0,6,1,7,1,7,5,7,1,7,1,1,1,0,1,1,1,0,0,0,1,0,0,1,1,1,1,3,3,2,1,61,1,4,1,60,1,2,7
7436,2.0,4.0,4.0,2.0,2.0,1.0,1.0,1.0,4.0,2.0,2.0,2.0,1.0,3.0,4.0,1.0,2.0,1.0,5.0,1.0,7,6,6,3,7,1,7,1,7,1,1,1,1,1,1,1,0,1,0,1,0,0,1,1,1,1,3,2,2,1,47,1,6,1,60,1,2,2
7437,3.0,2.0,2.0,5.0,2.0,3.0,1.0,1.0,5.0,5.0,3.0,2.0,1.0,3.0,2.0,4.0,4.0,2.0,5.0,1.0,2,5,7,4,5,7,4,2,6,2,1,1,1,1,1,1,1,1,1,1,1,1,1,1,1,1,4,3,2,1,54,3,6,4,60,2,1,2
7438,2.0,5.0,1.0,1.0,4.0,2.0,2.0,5.0,5.0,4.0,1.0,4.0,4.0,2.0,2.0,1.0,5.0,4.0,5.0,2.0,2,2,7,4,6,7,6,1,4,3,1,1,0,1,1,1,0,0,0,1,0,0,1,1,1,1,3,2,2,1,44,1,5,3,60,2,2,5
7439,1.0,1.0,4.0,5.0,1.0,4.0,2.0,1.0,5.0,5.0,2.0,1.0,1.0,2.0,1.0,1.0,2.0,1.0,5.0,1.0,2,1,7,3,5,3,7,1,7,2,1,1,1,1,1,0,1,1,0,1,1,1,1,1,1,1,4,2,2,1,64,1,6,1,60,1,3,4
7440,1.0,4.0,2.0,2.0,5.0,2.0,1.0,2.0,5.0,2.0,2.0,4.0,4.0,2.0,2.0,2.0,2.0,1.0,5.0,2.0,2,5,7,3,3,5,5,1,4,3,1,1,1,1,1,0,1,1,0,1,1,0,1,1,1,1,0,3,2,1,64,1,6,1,60,1,2,2
7441,5.0,4.0,4.0,3.0,2.0,2.0,2.0,4.0,4.0,2.0,1.0,3.0,4.0,2.0,4.0,1.0,1.0,5.0,5.0,1.0,6,6,1,6,7,2,7,7,3,1,1,1,1,1,1,0,1,1,0,1,1,0,1,1,1,1,4,2,1,1,69,1,2,1,60,1,2,1
7442,5.0,1.0,1.0,1.0,5.0,4.0,1.0,1.0,5.0,1.0,1.0,5.0,5.0,1.0,1.0,2.0,1.0,5.0,5.0,5.0,3,5,7,1,3,5,2,2,6,7,1,1,0,1,1,0,0,0,0,1,0,0,1,1,1,1,4,1,1,1,47,1,6,1,60,1,2,3
7443,4.0,1.0,4.0,5.0,1.0,2.0,2.0,1.0,5.0,2.0,2.0,1.0,1.0,5.0,2.0,5.0,2.0,1.0,2.0,1.0,5,5,6,4,7,5,6,2,4,1,1,1,1,1,1,1,0,0,0,1,0,1,1,1,1,1,3,1,1,1,21,1,6,1,60,1,1,3
7444,2.0,2.0,1.0,3.0,2.0,2.0,2.0,1.0,5.0,5.0,2.0,4.0,1.0,1.0,2.0,4.0,2.0,1.0,2.0,3.0,1,3,7,6,7,7,6,3,5,3,1,1,0,1,1,0,0,0,0,1,1,0,1,1,1,1,4,2,1,1,27,1,7,1,60,1,1,2
7445,1.0,2.0,2.0,3.0,5.0,1.0,1.0,4.0,5.0,4.0,1.0,4.0,1.0,3.0,1.0,2.0,1.0,1.0,5.0,1.0,1,1,3,1,7,2,7,2,2,6,1,1,1,1,1,0,1,1,0,1,0,0,1,1,1,1,3,2,2,1,45,1,1,1,60,1,2,2
7446,3.0,4.0,4.0,4.0,5.0,2.0,2.0,4.0,5.0,2.0,1.0,5.0,4.0,2.0,4.0,2.0,2.0,4.0,5.0,4.0,6,3,4,5,7,2,2,3,3,1,1,1,0,1,1,0,0,0,0,1,0,0,1,1,1,1,2,1,2,1,22,1,2,1,60,1,1,3
7447,5.0,2.0,2.0,2.0,4.0,1.0,1.0,2.0,5.0,1.0,1.0,5.0,4.0,2.0,1.0,1.0,3.0,5.0,5.0,4.0,6,5,6,2,7,1,6,3,6,2,1,1,1,1,0,0,0,1,0,1,0,1,1,1,1,1,3,1,1,1,55,1,6,1,60,2,2,4
7448,1.0,2.0,1.0,4.0,2.0,2.0,1.0,4.0,5.0,4.0,1.0,3.0,3.0,4.0,4.0,4.0,2.0,4.0,3.0,1.0,5,3,6,5,7,5,6,5,5,2,1,1,1,1,1,0,1,1,0,1,1,0,1,1,1,1,4,3,2,1,42,1,9,1,60,2,2,2
7449,5.0,5.0,5.0,5.0,1.0,1.0,1.0,3.0,5.0,5.0,1.0,5.0,1.0,1.0,3.0,1.0,1.0,5.0,5.0,1.0,4,2,2,2,7,5,7,1,6,1,1,1,1,1,1,0,1,1,0,1,1,0,1,1,1,1,3,1,1,1,47,2,2,5,60,1,3,3
7450,2.0,4.0,2.0,5.0,4.0,2.0,2.0,4.0,5.0,5.0,2.0,5.0,5.0,2.0,2.0,1.0,1.0,2.0,5.0,1.0,6,5,7,2,7,3,6,3,7,2,1,1,1,1,1,0,0,0,0,1,0,0,1,1,1,1,4,2,1,1,45,1,7,1,60,1,2,2
7451,1.0,2.0,1.0,4.0,1.0,1.0,2.0,1.0,5.0,5.0,1.0,2.0,2.0,2.0,1.0,1.0,2.0,3.0,5.0,1.0,1,1,6,1,6,7,4,2,6,1,1,1,1,1,1,0,1,0,0,1,1,0,1,1,1,1,3,2,1,1,57,2,1,4,60,1,1,1
7452,5.0,5.0,3.0,1.0,4.0,2.0,1.0,5.0,4.0,4.0,1.0,5.0,4.0,1.0,4.0,2.0,2.0,3.0,5.0,4.0,1,3,6,6,4,5,1,4,2,2,1,1,0,1,1,0,0,1,0,1,0,0,1,1,1,1,4,2,2,1,30,1,2,2,60,1,1,0
7453,2.0,1.0,4.0,2.0,4.0,2.0,2.0,1.0,4.0,2.0,1.0,4.0,1.0,2.0,1.0,1.0,1.0,2.0,5.0,2.0,7,6,7,5,5,1,7,2,2,1,1,1,0,1,1,0,0,0,0,1,0,0,1,1,1,1,4,2,2,1,63,1,6,1,60,2,3,3
7454,4.0,1.0,4.0,4.0,1.0,1.0,1.0,4.0,3.0,3.0,2.0,5.0,1.0,1.0,4.0,1.0,1.0,1.0,5.0,1.0,6,1,6,1,7,2,7,1,7,2,1,1,1,1,1,0,1,1,0,1,1,0,1,1,1,1,4,2,1,1,55,1,4,1,60,1,3,1
7455,4.0,2.0,2.0,2.0,4.0,1.0,1.0,4.0,5.0,2.0,1.0,5.0,4.0,2.0,4.0,1.0,1.0,5.0,5.0,4.0,2,5,7,5,5,7,5,3,6,3,1,1,0,1,1,0,0,0,0,1,0,0,1,1,1,1,3,1,1,1,60,1,6,3,60,1,1,4
7456,2.0,5.0,2.0,1.0,5.0,2.0,3.0,2.0,2.0,2.0,2.0,5.0,5.0,1.0,4.0,1.0,1.0,2.0,5.0,2.0,6,4,7,4,7,5,6,1,7,1,1,1,0,1,1,0,0,1,0,1,1,0,1,1,1,1,3,2,1,1,20,1,12,1,60,1,1,2
7457,5.0,5.0,5.0,1.0,5.0,1.0,1.0,5.0,2.0,1.0,1.0,5.0,5.0,1.0,5.0,1.0,2.0,5.0,5.0,5.0,4,5,7,5,5,7,5,2,7,3,1,1,0,1,1,0,0,1,0,1,0,1,0,1,1,1,2,1,2,0,18,1,12,1,70,2,1,0
7458,5.0,4.0,4.0,2.0,4.0,1.0,2.0,1.0,5.0,2.0,2.0,4.0,1.0,2.0,4.0,2.0,2.0,2.0,4.0,2.0,6,3,7,2,2,5,6,1,6,2,1,1,0,1,1,0,0,0,0,1,0,0,0,1,1,1,4,3,2,1,38,1,6,1,60,1,2,2
7459,3.0,4.0,4.0,3.0,3.0,2.0,2.0,4.0,4.0,5.0,2.0,3.0,4.0,2.0,1.0,1.0,4.0,4.0,5.0,5.0,6,2,7,4,4,1,7,1,4,3,1,1,1,1,1,0,0,1,0,1,0,0,0,1,1,1,2,2,1,1,60,1,1,1,60,1,2,6
7460,4.0,4.0,2.0,4.0,4.0,4.0,2.0,4.0,5.0,4.0,2.0,4.0,4.0,2.0,5.0,2.0,1.0,2.0,4.0,4.0,2,6,6,5,3,6,3,3,3,6,1,1,1,1,1,0,0,0,0,1,0,0,1,1,1,1,3,3,1,1,47,1,6,1,60,1,2,2
7461,1.0,1.0,5.0,1.0,5.0,1.0,1.0,1.0,5.0,5.0,1.0,5.0,4.0,1.0,1.0,1.0,1.0,5.0,5.0,1.0,3,5,7,3,5,6,6,2,6,2,1,1,0,1,1,1,0,0,0,1,0,0,1,1,1,1,3,3,2,1,52,1,7,1,70,2,3,2
7462,1.0,1.0,1.0,4.0,4.0,2.0,1.0,1.0,5.0,5.0,2.0,2.0,2.0,3.0,1.0,2.0,2.0,4.0,5.0,1.0,5,2,6,5,5,3,6,5,3,1,1,1,1,1,1,0,1,0,0,1,0,0,1,1,1,1,4,1,2,1,46,1,1,1,60,1,3,2
7463,2.0,4.0,4.0,3.0,2.0,2.0,2.0,3.0,5.0,3.0,2.0,4.0,2.0,4.0,2.0,5.0,2.0,3.0,4.0,2.0,1,2,4,5,5,5,5,4,5,4,1,1,1,1,1,0,0,0,0,1,0,0,1,1,1,1,3,1,2,1,63,1,7,1,60,1,3,3
7464,4.0,2.0,1.0,4.0,1.0,1.0,2.0,2.0,5.0,4.0,1.0,1.0,1.0,3.0,1.0,4.0,1.0,4.0,4.0,1.0,7,0,0,0,0,0,0,0,0,0,1,1,1,1,1,0,0,0,1,1,0,0,0,1,1,1,3,2,2,1,47,1,4,1,60,1,3,3
7465,2.0,4.0,1.0,4.0,2.0,2.0,2.0,1.0,5.0,2.0,2.0,2.0,3.0,2.0,5.0,1.0,1.0,4.0,1.0,1.0,7,2,6,1,6,2,7,1,7,1,1,1,1,1,1,1,1,1,0,1,1,1,1,1,1,1,4,2,1,1,68,0,4,1,60,1,3,4
7466,5.0,1.0,1.0,1.0,5.0,2.0,2.0,1.0,5.0,2.0,2.0,4.0,5.0,1.0,1.0,5.0,4.0,1.0,5.0,5.0,7,5,7,5,5,5,7,5,7,7,1,1,0,1,1,0,0,0,0,1,0,0,1,1,1,1,2,3,1,1,65,1,6,1,30,1,2,6
7467,1.0,1.0,5.0,1.0,4.0,5.0,4.0,2.0,5.0,5.0,3.0,5.0,2.0,3.0,3.0,5.0,1.0,1.0,5.0,5.0,2,1,7,5,6,6,6,5,6,2,1,1,1,1,1,0,0,0,0,1,0,0,1,1,1,1,3,1,1,1,54,1,2,1,70,1,2,6
7468,1.0,2.0,2.0,5.0,3.0,1.0,1.0,4.0,5.0,3.0,3.0,5.0,1.0,2.0,4.0,1.0,1.0,5.0,5.0,3.0,7,4,7,2,7,4,6,1,6,1,1,1,1,1,1,0,1,1,0,1,0,0,1,1,1,1,4,2,1,1,79,1,2,1,60,1,2,3
7469,1.0,4.0,4.0,5.0,2.0,4.0,4.0,2.0,5.0,2.0,1.0,5.0,1.0,1.0,3.0,1.0,2.0,5.0,5.0,1.0,5,5,7,3,4,6,2,1,6,6,1,1,1,1,1,0,1,1,0,1,0,0,1,1,1,1,4,2,2,1,47,1,4,1,60,2,3,5
7470,2.0,2.0,2.0,4.0,2.0,2.0,1.0,4.0,1.0,5.0,5.0,5.0,5.0,2.0,3.0,1.0,5.0,2.0,5.0,1.0,7,6,1,5,2,1,5,1,3,3,1,1,1,1,1,0,0,0,0,1,0,0,1,1,1,1,3,3,2,1,58,1,4,1,60,1,3,2
7471,3.0,2.0,1.0,2.0,4.0,1.0,1.0,2.0,4.0,5.0,1.0,5.0,1.0,2.0,2.0,1.0,1.0,4.0,5.0,1.0,7,4,2,3,4,1,5,4,6,3,1,1,0,1,1,0,0,0,0,1,0,0,1,1,1,1,3,3,2,1,39,1,4,1,30,1,2,1
7472,2.0,3.0,4.0,3.0,4.0,2.0,1.0,2.0,4.0,2.0,1.0,5.0,2.0,4.0,4.0,2.0,2.0,5.0,4.0,1.0,3,6,6,7,4,2,2,1,2,2,1,1,1,1,1,0,1,0,0,1,0,0,1,1,1,1,3,3,2,1,47,1,1,1,60,2,2,2
7473,1.0,2.0,4.0,5.0,1.0,4.0,1.0,1.0,5.0,5.0,1.0,1.0,1.0,5.0,4.0,5.0,2.0,4.0,5.0,1.0,7,1,7,5,6,1,7,3,6,5,1,1,1,1,1,0,0,0,0,1,0,0,1,1,1,1,3,2,2,1,57,1,4,1,60,1,3,3
7474,4.0,5.0,2.0,2.0,4.0,1.0,1.0,4.0,3.0,2.0,1.0,5.0,1.0,1.0,5.0,1.0,1.0,4.0,5.0,1.0,2,7,7,1,5,5,5,1,7,1,1,1,0,1,1,0,0,1,0,1,0,0,1,1,1,1,2,3,1,1,19,1,2,1,60,2,1,2
7475,5.0,5.0,1.0,5.0,4.0,1.0,1.0,4.0,4.0,5.0,1.0,5.0,4.0,4.0,5.0,1.0,1.0,5.0,5.0,1.0,4,3,7,5,5,3,5,1,6,6,1,1,0,1,1,0,0,0,0,1,0,0,1,1,1,1,3,3,1,2,55,1,4,1,10,1,2,5
7476,3.0,2.0,3.0,3.0,4.0,2.0,1.0,2.0,3.0,3.0,2.0,4.0,4.0,2.0,4.0,2.0,3.0,3.0,5.0,1.0,2,2,6,5,5,6,5,6,5,3,1,1,1,1,1,0,0,0,0,1,0,0,1,1,1,1,3,3,2,1,27,1,1,2,10,1,1,3
7477,4.0,4.0,2.0,2.0,5.0,1.0,1.0,4.0,3.0,2.0,1.0,5.0,4.0,1.0,3.0,1.0,2.0,5.0,5.0,3.0,5,5,4,2,6,3,5,5,4,2,1,1,1,1,1,1,0,1,0,1,1,0,1,1,1,1,3,2,2,1,36,1,2,1,60,1,1,3
7478,1.0,1.0,5.0,5.0,1.0,5.0,4.0,1.0,5.0,1.0,1.0,4.0,1.0,5.0,3.0,2.0,4.0,1.0,5.0,1.0,6,2,5,1,7,3,6,2,6,3,1,1,1,1,1,0,0,0,0,1,0,0,1,1,1,1,3,1,2,1,58,1,4,1,60,2,2,5
7479,4.0,5.0,2.0,1.0,4.0,1.0,2.0,5.0,2.0,1.0,2.0,5.0,4.0,1.0,4.0,1.0,5.0,5.0,5.0,3.0,6,1,6,1,4,1,6,1,6,1,1,1,0,1,1,0,0,0,0,1,0,0,1,1,1,1,4,3,2,2,50,1,9,1,60,1,2,2
7480,1.0,4.0,3.0,4.0,2.0,1.0,2.0,1.0,5.0,3.0,2.0,5.0,1.0,2.0,4.0,4.0,2.0,3.0,2.0,1.0,7,5,3,5,7,1,6,5,3,1,1,1,0,1,1,0,0,0,0,1,0,0,1,1,1,1,3,2,2,1,20,1,6,1,60,2,1,3
7481,1.0,4.0,4.0,1.0,4.0,2.0,2.0,3.0,5.0,5.0,2.0,4.0,1.0,1.0,1.0,1.0,4.0,1.0,5.0,1.0,3,2,7,6,6,5,4,1,6,2,1,1,1,1,1,0,0,0,0,1,0,0,1,1,1,1,3,3,1,1,64,1,6,1,60,2,2,3
7482,2.0,2.0,3.0,4.0,2.0,4.0,2.0,4.0,5.0,4.0,3.0,4.0,3.0,3.0,3.0,2.0,2.0,1.0,4.0,1.0,1,5,7,3,5,7,5,3,5,3,1,1,1,1,1,0,0,1,0,1,1,0,1,1,1,1,4,2,2,1,35,1,12,1,60,1,1,2
7483,1.0,1.0,5.0,1.0,3.0,5.0,5.0,1.0,5.0,5.0,3.0,1.0,1.0,3.0,1.0,5.0,3.0,1.0,3.0,1.0,6,7,7,2,6,6,6,1,7,2,1,1,0,1,1,0,0,0,0,1,0,0,1,1,1,1,4,2,1,1,37,1,6,1,30,1,2,2
7484,2.0,2.0,3.0,5.0,1.0,1.0,2.0,1.0,4.0,3.0,2.0,1.0,1.0,4.0,3.0,4.0,4.0,2.0,3.0,1.0,7,4,6,5,6,2,6,1,3,1,1,1,1,1,1,0,0,0,0,1,0,0,1,1,1,1,4,2,2,1,47,1,4,1,60,1,3,2
7485,1.0,2.0,1.0,5.0,1.0,1.0,1.0,4.0,3.0,1.0,2.0,5.0,1.0,1.0,4.0,1.0,5.0,4.0,5.0,1.0,7,2,6,1,7,1,7,2,6,1,1,1,1,1,1,0,1,1,0,1,1,0,1,1,1,1,4,2,1,1,68,1,4,1,60,1,2,4
7486,4.0,2.0,3.0,3.0,4.0,3.0,3.0,4.0,5.0,2.0,3.0,1.0,1.0,3.0,3.0,3.0,2.0,4.0,4.0,1.0,2,5,2,2,5,6,6,4,4,3,1,1,0,1,1,0,0,0,0,1,0,0,0,1,1,1,3,3,2,1,29,1,12,1,10,2,1,2
7487,5.0,5.0,1.0,1.0,5.0,1.0,1.0,5.0,2.0,1.0,1.0,5.0,5.0,1.0,4.0,1.0,1.0,5.0,5.0,2.0,2,7,6,1,6,3,5,5,6,5,1,1,0,1,1,0,0,1,0,1,0,0,1,1,1,1,4,2,1,1,26,1,6,1,60,1,1,4
7488,2.0,1.0,4.0,5.0,1.0,5.0,4.0,1.0,5.0,5.0,3.0,1.0,2.0,3.0,1.0,5.0,2.0,1.0,5.0,1.0,6,1,6,1,6,3,6,3,5,3,1,1,1,1,1,0,0,0,0,1,0,1,1,1,1,1,4,3,2,1,44,1,4,1,60,1,2,2
7489,1.0,4.0,1.0,5.0,4.0,4.0,1.0,4.0,5.0,5.0,1.0,4.0,1.0,3.0,4.0,5.0,2.0,1.0,5.0,1.0,5,1,7,2,7,7,7,2,7,6,1,1,0,0,1,0,0,0,0,1,0,0,0,1,1,1,3,3,2,1,45,1,2,1,0,1,3,3
7490,3.0,3.0,3.0,3.0,3.0,3.0,3.0,3.0,3.0,3.0,3.0,3.0,3.0,3.0,3.0,3.0,3.0,3.0,3.0,3.0,4,4,4,4,4,4,4,4,4,4,1,1,1,1,1,1,1,1,1,1,1,1,1,1,1,1,4,3,2,1,22,2,4,2,70,2,1,2
7491,5.0,5.0,1.0,2.0,3.0,2.0,1.0,4.0,3.0,3.0,1.0,4.0,4.0,2.0,5.0,3.0,1.0,4.0,5.0,2.0,5,4,6,2,6,4,3,2,5,4,1,1,1,1,1,0,0,0,0,1,0,0,1,1,1,1,3,1,1,1,36,1,4,1,60,1,2,2
7492,4.0,4.0,1.0,4.0,4.0,2.0,1.0,2.0,5.0,2.0,1.0,4.0,2.0,2.0,4.0,2.0,2.0,1.0,5.0,1.0,5,5,6,7,7,5,6,3,3,1,1,1,1,1,1,1,0,0,0,1,0,0,1,1,1,1,4,2,2,1,38,1,1,1,60,1,1,4
7493,1.0,1.0,2.0,5.0,3.0,2.0,5.0,2.0,5.0,5.0,2.0,1.0,1.0,4.0,1.0,1.0,3.0,1.0,4.0,2.0,6,3,4,2,3,4,6,4,6,5,1,1,1,1,1,1,0,0,0,1,0,0,1,1,1,1,2,2,1,1,70,1,6,1,70,1,2,5
7494,3.0,2.0,1.0,4.0,2.0,1.0,2.0,1.0,2.0,1.0,2.0,3.0,2.0,2.0,5.0,4.0,2.0,1.0,5.0,1.0,6,6,5,6,5,2,5,5,3,2,1,1,0,1,1,0,0,1,0,1,1,1,1,1,1,1,3,2,2,1,35,1,12,2,70,1,1,4
7495,4.0,1.0,5.0,3.0,2.0,4.0,4.0,4.0,5.0,5.0,3.0,3.0,3.0,3.0,3.0,3.0,4.0,2.0,3.0,2.0,5,5,6,5,5,4,6,4,5,1,1,1,0,1,1,0,1,1,0,1,0,0,1,1,1,1,4,1,2,1,43,1,7,1,60,1,3,3
7496,2.0,2.0,1.0,4.0,1.0,4.0,1.0,1.0,2.0,4.0,2.0,1.0,1.0,1.0,4.0,4.0,4.0,2.0,3.0,4.0,5,4,5,5,6,3,6,1,5,1,1,1,0,1,1,0,0,0,0,1,0,0,0,1,1,1,3,3,2,1,44,1,12,1,60,2,3,2
7497,2.0,4.0,1.0,3.0,4.0,1.0,1.0,2.0,5.0,2.0,2.0,2.0,4.0,3.0,4.0,4.0,2.0,4.0,3.0,1.0,5,2,6,4,5,3,6,3,6,2,1,1,0,1,1,0,0,0,0,1,0,0,1,0,1,1,3,2,1,1,49,1,6,1,60,1,2,3
7498,2.0,1.0,4.0,2.0,4.0,2.0,2.0,5.0,4.0,2.0,2.0,4.0,1.0,2.0,2.0,4.0,2.0,2.0,4.0,4.0,6,5,5,7,7,3,5,5,5,1,1,1,1,1,1,1,0,0,0,1,0,0,1,1,1,1,3,2,2,1,34,3,7,2,60,1,2,3
7499,4.0,3.0,4.0,5.0,2.0,2.0,3.0,2.0,5.0,5.0,4.0,4.0,1.0,4.0,4.0,4.0,4.0,1.0,3.0,1.0,3,2,6,7,2,2,6,1,1,1,1,1,0,1,1,0,0,0,0,1,0,0,0,1,1,1,2,1,2,1,20,0,7,1,60,1,1,1
7500,5.0,1.0,1.0,2.0,1.0,1.0,1.0,2.0,4.0,5.0,1.0,5.0,3.0,1.0,5.0,1.0,5.0,2.0,5.0,1.0,6,6,2,5,7,1,5,6,3,6,1,1,0,1,1,1,1,0,0,1,1,0,1,1,1,1,3,2,1,1,21,2,2,1,70,2,1,3
7501,4.0,4.0,4.0,2.0,2.0,4.0,2.0,2.0,5.0,2.0,1.0,2.0,4.0,1.0,3.0,4.0,2.0,4.0,5.0,4.0,2,5,6,6,6,5,7,2,7,3,1,1,0,1,1,0,0,0,0,1,0,0,1,1,1,1,2,2,2,1,20,1,2,1,0,1,1,3
7502,2.0,4.0,2.0,4.0,2.0,5.0,4.0,4.0,4.0,4.0,2.0,4.0,4.0,2.0,2.0,2.0,1.0,4.0,5.0,3.0,5,5,5,5,2,6,5,5,5,1,1,1,1,1,1,0,1,0,0,1,1,0,1,1,1,1,3,1,1,1,47,1,7,1,60,1,1,0
7503,4.0,4.0,2.0,5.0,4.0,3.0,5.0,2.0,5.0,5.0,1.0,4.0,4.0,2.0,2.0,4.0,2.0,4.0,4.0,1.0,3,5,6,5,6,3,6,2,5,5,1,1,0,1,1,0,0,0,0,1,0,0,1,1,1,1,3,2,1,1,36,1,4,1,60,1,2,4
7504,5.0,5.0,1.0,3.0,4.0,1.0,1.0,5.0,3.0,1.0,1.0,5.0,5.0,1.0,5.0,1.0,1.0,5.0,5.0,5.0,2,7,7,1,6,6,5,1,7,1,1,1,1,1,1,0,1,1,0,1,1,0,1,1,1,1,4,0,1,1,54,1,4,1,60,1,2,3
7505,4.0,5.0,3.0,3.0,4.0,2.0,2.0,5.0,3.0,2.0,1.0,4.0,2.0,2.0,5.0,2.0,2.0,4.0,5.0,5.0,1,6,7,4,5,5,4,1,5,4,1,1,0,1,1,0,0,0,0,1,0,0,1,1,1,1,3,1,2,1,28,1,7,1,60,1,1,4
7506,4.0,1.0,5.0,4.0,1.0,4.0,2.0,2.0,5.0,5.0,1.0,5.0,4.0,1.0,4.0,2.0,1.0,2.0,2.0,1.0,3,5,3,4,5,2,6,5,5,2,1,1,0,1,1,0,0,0,0,1,0,0,1,1,1,1,3,2,2,1,55,1,7,1,60,1,2,2
7507,3.0,1.0,5.0,5.0,1.0,2.0,2.0,1.0,5.0,3.0,1.0,4.0,1.0,5.0,1.0,5.0,4.0,2.0,1.0,3.0,2,2,7,1,7,7,5,1,7,4,1,1,1,1,1,0,0,1,0,1,0,1,1,1,1,1,4,2,2,1,54,0,4,1,60,1,2,4
7508,1.0,1.0,1.0,5.0,2.0,2.0,2.0,4.0,5.0,4.0,1.0,4.0,1.0,4.0,1.0,5.0,1.0,5.0,5.0,1.0,6,5,2,4,6,3,6,6,6,2,1,1,1,1,1,1,0,0,0,1,0,0,1,1,1,1,2,1,2,1,51,1,6,1,60,1,2,3
7509,1.0,2.0,3.0,4.0,3.0,1.0,1.0,2.0,4.0,5.0,3.0,2.0,1.0,3.0,1.0,1.0,2.0,1.0,5.0,2.0,3,1,7,5,7,7,6,5,6,2,1,1,1,1,1,0,0,0,0,1,0,0,1,1,1,1,3,3,1,1,59,1,2,1,60,1,1,4
7510,5.0,5.0,1.0,5.0,2.0,1.0,3.0,5.0,5.0,5.0,1.0,5.0,1.0,3.0,5.0,5.0,1.0,1.0,5.0,1.0,5,5,7,4,7,2,7,2,7,3,1,1,0,1,1,0,0,0,0,1,0,0,1,1,1,1,3,2,1,1,45,1,4,1,70,1,3,1
7511,4.0,2.0,1.0,4.0,4.0,2.0,3.0,2.0,5.0,4.0,3.0,3.0,4.0,2.0,3.0,3.0,3.0,2.0,4.0,2.0,3,5,3,4,6,3,2,2,5,4,1,1,1,1,1,0,0,0,0,1,0,0,1,1,1,1,3,2,1,1,61,1,6,1,60,1,2,7
7512,4.0,3.0,5.0,2.0,2.0,1.0,2.0,4.0,5.0,1.0,1.0,4.0,5.0,1.0,4.0,1.0,1.0,5.0,5.0,1.0,6,5,6,6,6,1,7,2,3,5,1,1,0,1,1,0,0,0,0,1,0,0,1,1,1,1,3,3,2,1,53,1,7,1,60,2,1,5
7513,5.0,5.0,4.0,1.0,4.0,1.0,1.0,5.0,2.0,3.0,1.0,5.0,4.0,1.0,5.0,4.0,1.0,5.0,5.0,3.0,1,6,6,7,5,7,5,4,1,4,1,1,0,1,1,0,0,0,0,1,0,0,1,0,1,1,2,1,1,1,24,1,2,1,60,2,1,2
7514,3.0,4.0,4.0,2.0,4.0,4.0,1.0,4.0,4.0,5.0,1.0,5.0,2.0,1.0,2.0,2.0,2.0,2.0,3.0,4.0,6,6,7,2,3,5,5,1,7,1,1,1,1,1,1,0,0,1,0,1,0,1,1,1,1,1,2,1,2,1,65,1,7,1,60,1,3,3
7515,2.0,2.0,2.0,2.0,4.0,1.0,1.0,4.0,3.0,2.0,1.0,5.0,3.0,4.0,4.0,1.0,2.0,5.0,5.0,2.0,7,7,2,5,6,1,6,6,4,2,1,1,1,1,1,0,1,0,0,1,0,0,1,1,1,1,2,2,1,1,48,3,1,1,60,1,2,2
7516,4.0,2.0,2.0,4.0,2.0,1.0,1.0,1.0,5.0,4.0,1.0,1.0,4.0,2.0,4.0,1.0,2.0,5.0,5.0,1.0,6,7,5,5,6,2,6,2,5,3,1,1,1,1,1,0,0,1,0,1,0,0,1,1,1,1,4,1,2,1,30,1,4,1,60,1,1,3
7517,2.0,1.0,3.0,4.0,1.0,4.0,2.0,1.0,5.0,5.0,1.0,4.0,1.0,1.0,5.0,4.0,5.0,4.0,5.0,1.0,7,2,7,4,7,1,7,1,6,1,1,1,0,1,1,0,0,0,0,1,0,0,0,1,1,1,3,3,2,1,38,1,12,1,30,1,1,4
7518,2.0,1.0,2.0,3.0,5.0,1.0,1.0,2.0,5.0,4.0,1.0,5.0,4.0,2.0,1.0,1.0,4.0,4.0,5.0,1.0,2,5,6,5,7,7,7,2,5,2,1,1,0,0,1,1,0,0,0,1,0,0,1,1,1,1,3,3,2,1,43,1,12,1,30,1,1,2
7519,1.0,1.0,1.0,3.0,4.0,1.0,3.0,1.0,5.0,5.0,3.0,2.0,2.0,1.0,1.0,1.0,5.0,1.0,5.0,1.0,1,1,7,2,7,7,4,1,6,1,1,1,1,1,1,0,1,0,0,1,0,0,1,1,1,1,4,1,2,1,43,1,6,1,30,1,1,3
7520,1.0,1.0,1.0,5.0,4.0,3.0,1.0,1.0,5.0,5.0,1.0,1.0,1.0,3.0,2.0,1.0,1.0,2.0,4.0,1.0,7,2,6,2,7,2,7,5,5,1,1,1,1,1,1,0,1,1,0,1,1,1,1,1,1,1,4,1,2,1,47,1,6,1,60,1,2,3
7521,3.0,2.0,2.0,4.0,3.0,1.0,3.0,4.0,4.0,4.0,1.0,2.0,2.0,2.0,2.0,1.0,3.0,4.0,3.0,2.0,6,6,7,2,3,4,7,1,7,2,0,1,0,1,1,1,0,1,0,1,0,1,1,1,1,1,4,2,2,1,27,1,4,1,60,1,1,2
7522,1.0,2.0,5.0,2.0,4.0,5.0,4.0,4.0,5.0,5.0,4.0,5.0,1.0,2.0,2.0,2.0,2.0,2.0,4.0,4.0,2,1,7,5,5,6,7,2,3,7,1,1,0,1,1,0,0,0,0,1,0,0,1,1,1,1,3,1,2,1,29,1,6,1,60,1,2,2
7523,2.0,5.0,2.0,5.0,4.0,1.0,2.0,5.0,5.0,5.0,1.0,5.0,4.0,2.0,3.0,3.0,1.0,2.0,5.0,1.0,6,5,7,5,5,3,6,1,5,2,1,1,0,1,1,0,0,0,0,1,0,0,0,1,1,1,3,2,2,1,23,1,4,3,60,1,1,2
7524,4.0,5.0,4.0,4.0,5.0,3.0,2.0,4.0,5.0,3.0,4.0,4.0,2.0,2.0,5.0,2.0,3.0,2.0,5.0,4.0,6,5,6,6,7,3,7,1,6,1,1,1,1,1,1,0,1,1,0,1,1,0,1,1,1,1,4,2,1,1,25,1,1,3,10,2,1,2
7525,3.0,1.0,1.0,4.0,5.0,1.0,1.0,2.0,2.0,5.0,1.0,5.0,1.0,5.0,1.0,5.0,1.0,4.0,3.0,1.0,7,5,3,5,6,1,6,6,6,1,1,1,0,1,1,1,0,0,0,1,0,0,1,1,1,1,3,1,2,1,43,1,6,1,60,1,2,2
7526,1.0,4.0,5.0,1.0,3.0,4.0,4.0,4.0,5.0,5.0,2.0,2.0,4.0,1.0,2.0,1.0,5.0,1.0,2.0,3.0,1,5,7,3,5,7,3,1,6,6,1,1,0,1,1,0,0,0,0,1,0,0,1,1,1,1,3,3,2,1,58,1,6,1,60,1,2,2
7527,2.0,4.0,2.0,4.0,2.0,1.0,1.0,2.0,5.0,2.0,1.0,1.0,4.0,3.0,4.0,2.0,2.0,4.0,3.0,2.0,7,1,6,1,7,1,5,5,7,1,1,1,1,1,1,0,0,0,0,1,0,0,1,1,1,1,4,2,2,1,59,1,6,1,60,1,2,1
7528,4.0,5.0,2.0,2.0,5.0,2.0,2.0,4.0,3.0,1.0,1.0,4.0,2.0,2.0,5.0,3.0,5.0,2.0,5.0,3.0,2,3,7,1,7,4,2,1,1,1,1,1,1,1,1,0,1,1,0,1,1,1,1,1,1,1,4,3,2,1,62,1,12,1,60,1,3,5
7529,4.0,2.0,1.0,2.0,3.0,1.0,2.0,2.0,1.0,3.0,2.0,4.0,4.0,2.0,3.0,1.0,1.0,4.0,5.0,1.0,2,1,6,1,6,6,5,5,6,5,1,1,0,1,1,0,0,1,0,1,0,1,0,1,1,1,4,2,1,1,64,1,4,1,60,1,2,3
7530,1.0,1.0,1.0,2.0,2.0,2.0,2.0,1.0,5.0,5.0,1.0,2.0,2.0,2.0,1.0,2.0,1.0,2.0,1.0,1.0,6,2,7,1,6,2,7,2,7,2,0,0,0,0,0,0,0,0,0,0,0,0,0,0,0,0,3,3,1,1,59,1,6,1,60,1,2,2
7531,4.0,3.0,4.0,3.0,4.0,1.0,1.0,4.0,5.0,2.0,1.0,4.0,4.0,2.0,2.0,1.0,2.0,4.0,4.0,4.0,1,7,6,3,5,5,4,1,6,3,1,1,1,1,1,1,1,1,0,1,1,1,1,1,1,1,3,3,2,1,40,1,2,1,60,1,3,2
7532,5.0,1.0,5.0,5.0,5.0,2.0,2.0,1.0,5.0,5.0,3.0,4.0,1.0,5.0,1.0,1.0,5.0,1.0,5.0,1.0,1,4,7,3,7,7,7,1,6,2,0,0,0,0,0,1,0,0,1,0,1,1,0,0,0,0,3,2,2,1,27,2,10,1,10,2,1,2
7533,4.0,5.0,1.0,2.0,2.0,2.0,2.0,5.0,5.0,4.0,1.0,5.0,5.0,2.0,5.0,1.0,1.0,5.0,5.0,1.0,1,6,7,1,4,7,7,2,3,1,1,1,1,1,1,1,0,1,0,1,1,0,1,1,1,1,3,2,2,1,65,2,9,1,60,1,2,2
7534,4.0,4.0,1.0,2.0,5.0,1.0,1.0,4.0,2.0,2.0,1.0,5.0,4.0,1.0,2.0,1.0,1.0,5.0,5.0,5.0,5,5,6,6,6,5,3,2,3,1,1,1,0,1,1,0,0,0,0,1,0,0,0,1,1,1,4,1,1,1,68,1,6,1,60,1,2,2
7535,1.0,5.0,2.0,3.0,5.0,5.0,3.0,5.0,5.0,5.0,1.0,5.0,2.0,1.0,5.0,1.0,1.0,4.0,4.0,2.0,1,7,3,6,5,7,7,7,4,4,1,1,0,1,1,0,0,0,0,1,0,0,1,1,1,1,3,1,2,1,27,2,7,1,60,1,1,4
7536,3.0,2.0,3.0,3.0,3.0,2.0,2.0,4.0,4.0,4.0,2.0,5.0,4.0,2.0,4.0,1.0,2.0,4.0,4.0,2.0,2,5,7,5,7,5,5,2,6,1,1,1,0,1,1,0,1,0,0,1,0,0,1,1,1,1,4,2,2,1,54,1,12,1,60,1,3,2
7537,2.0,4.0,2.0,2.0,5.0,2.0,2.0,4.0,5.0,2.0,2.0,5.0,3.0,4.0,4.0,2.0,1.0,1.0,1.0,1.0,5,4,7,1,7,6,6,1,7,3,1,1,1,1,1,0,0,1,0,1,0,0,1,1,1,1,2,1,2,1,19,1,6,1,60,1,2,3
7538,4.0,4.0,3.0,5.0,4.0,3.0,5.0,4.0,5.0,5.0,1.0,3.0,3.0,4.0,1.0,5.0,2.0,5.0,4.0,2.0,5,4,6,4,5,4,4,5,7,4,1,1,0,1,1,0,0,0,0,1,0,0,0,0,1,1,3,2,1,1,39,1,4,1,60,1,2,5
7539,4.0,2.0,3.0,4.0,4.0,4.0,4.0,2.0,5.0,5.0,1.0,2.0,1.0,4.0,3.0,4.0,2.0,4.0,5.0,1.0,4,5,3,6,3,7,7,5,2,3,1,1,1,1,1,0,0,0,0,1,1,0,1,1,1,1,3,3,1,1,35,1,1,1,60,1,2,2
7540,5.0,5.0,5.0,2.0,5.0,1.0,1.0,3.0,1.0,1.0,2.0,5.0,5.0,1.0,5.0,1.0,1.0,5.0,5.0,1.0,7,1,4,1,7,4,4,2,7,1,1,1,1,1,1,1,1,1,1,1,1,1,1,1,1,1,4,3,1,1,22,3,2,1,70,2,1,4
7541,5.0,5.0,1.0,1.0,5.0,1.0,1.0,5.0,4.0,1.0,1.0,2.0,4.0,1.0,5.0,1.0,1.0,5.0,5.0,2.0,2,6,7,1,7,6,3,5,7,5,1,1,1,1,1,0,0,0,1,1,1,1,1,1,1,1,2,3,1,1,34,1,2,1,60,1,1,4
7542,1.0,2.0,1.0,4.0,2.0,2.0,1.0,2.0,4.0,4.0,1.0,3.0,4.0,4.0,4.0,1.0,2.0,4.0,4.0,1.0,3,5,6,3,5,6,7,3,6,2,1,1,1,1,1,0,1,0,0,1,0,0,1,1,1,1,3,2,2,1,62,1,1,1,60,1,3,2
7543,3.0,2.0,3.0,1.0,3.0,4.0,4.0,2.0,5.0,2.0,1.0,2.0,4.0,1.0,2.0,1.0,2.0,1.0,1.0,1.0,7,3,3,4,5,1,7,4,4,3,1,1,1,1,1,1,0,0,0,1,0,1,1,1,1,1,2,1,2,1,46,2,7,1,60,1,2,2
7544,1.0,4.0,2.0,5.0,1.0,4.0,2.0,4.0,5.0,2.0,2.0,4.0,1.0,2.0,2.0,4.0,1.0,4.0,5.0,1.0,2,2,6,5,5,5,3,1,4,5,1,1,1,1,1,0,1,0,0,1,1,0,1,1,1,1,4,2,2,1,53,1,7,1,60,1,1,4
7545,1.0,3.0,3.0,3.0,4.0,4.0,2.0,2.0,5.0,3.0,1.0,5.0,3.0,2.0,4.0,2.0,4.0,2.0,5.0,1.0,5,1,6,5,7,3,6,2,5,2,1,1,1,1,1,0,1,0,0,1,0,1,1,1,1,1,4,3,1,1,45,1,12,1,60,1,3,1
7546,3.0,4.0,5.0,3.0,4.0,4.0,2.0,2.0,5.0,3.0,4.0,5.0,2.0,3.0,4.0,1.0,1.0,4.0,5.0,2.0,3,2,5,2,6,4,6,5,6,4,1,1,1,1,1,0,1,1,0,1,0,1,1,1,1,1,4,2,2,1,40,1,6,1,60,1,2,2
7547,4.0,2.0,2.0,2.0,4.0,2.0,1.0,3.0,3.0,2.0,2.0,4.0,1.0,3.0,4.0,2.0,2.0,4.0,4.0,1.0,2,4,6,2,7,6,5,1,6,2,1,1,1,1,1,0,0,1,1,1,0,1,1,1,1,1,3,2,1,1,23,1,2,1,60,1,1,4
7548,3.0,4.0,2.0,4.0,3.0,1.0,1.0,4.0,4.0,4.0,2.0,4.0,4.0,2.0,4.0,2.0,1.0,4.0,3.0,2.0,2,5,6,4,5,7,5,5,6,3,1,1,1,1,1,0,1,0,0,1,1,1,1,1,1,1,2,1,1,1,36,1,12,1,60,1,1,2
7549,1.0,1.0,2.0,4.0,4.0,5.0,5.0,1.0,5.0,5.0,3.0,5.0,4.0,5.0,1.0,4.0,3.0,3.0,5.0,1.0,4,5,7,4,1,5,7,1,6,2,1,1,1,1,1,1,1,1,1,1,1,1,1,1,1,1,3,3,2,2,51,1,4,1,60,1,1,3
7550,2.0,2.0,3.0,4.0,1.0,2.0,2.0,2.0,5.0,4.0,2.0,2.0,1.0,2.0,2.0,1.0,2.0,2.0,5.0,1.0,2,6,6,1,7,6,5,4,5,2,1,1,1,1,1,0,1,0,0,1,1,0,1,1,1,1,3,3,1,1,59,1,2,1,60,1,3,3
7551,1.0,1.0,5.0,4.0,2.0,4.0,2.0,1.0,5.0,5.0,3.0,1.0,1.0,4.0,2.0,2.0,5.0,1.0,4.0,1.0,3,1,6,5,5,6,7,3,4,3,1,1,1,1,1,0,0,0,0,1,0,0,1,1,1,1,4,2,2,1,26,1,6,1,60,2,1,3
7552,2.0,4.0,2.0,4.0,2.0,2.0,2.0,3.0,4.0,4.0,1.0,3.0,4.0,2.0,3.0,3.0,3.0,3.0,5.0,1.0,2,5,7,6,4,5,3,4,2,3,1,1,0,1,1,0,0,0,0,1,0,0,1,1,1,1,3,3,2,1,21,1,2,1,60,1,1,3
7553,4.0,2.0,2.0,2.0,2.0,1.0,2.0,3.0,5.0,4.0,2.0,5.0,3.0,3.0,2.0,2.0,2.0,4.0,5.0,2.0,3,6,7,6,2,3,2,1,6,7,1,1,0,1,1,0,0,0,0,1,0,0,1,1,1,1,4,2,1,1,37,1,2,1,60,2,1,2
7554,2.0,2.0,2.0,4.0,2.0,2.0,2.0,4.0,4.0,4.0,1.0,2.0,2.0,3.0,4.0,2.0,4.0,4.0,4.0,3.0,2,2,6,2,7,7,6,5,5,2,1,1,1,1,1,0,0,0,0,1,0,0,1,1,1,1,3,1,2,1,34,1,6,1,60,1,2,3
7555,3.0,3.0,2.0,4.0,2.0,1.0,1.0,4.0,5.0,1.0,3.0,5.0,2.0,2.0,4.0,1.0,1.0,4.0,5.0,1.0,1,3,7,5,5,7,6,1,5,2,1,1,1,1,1,0,0,1,0,1,0,1,1,1,1,1,4,2,2,1,26,1,2,1,60,1,1,3
7556,1.0,1.0,2.0,3.0,5.0,2.0,1.0,4.0,5.0,4.0,2.0,1.0,2.0,2.0,4.0,3.0,3.0,4.0,5.0,3.0,6,5,7,2,7,5,6,1,6,2,1,1,0,1,1,0,0,1,0,1,0,0,1,1,1,1,3,2,1,1,22,2,1,1,60,2,1,2
7557,1.0,4.0,1.0,5.0,1.0,2.0,1.0,1.0,2.0,5.0,5.0,1.0,2.0,4.0,1.0,5.0,2.0,1.0,5.0,1.0,1,4,7,6,7,7,6,1,5,1,1,1,1,1,1,0,1,1,0,1,0,0,1,1,1,1,4,2,2,1,57,1,1,1,60,1,3,2
7558,4.0,2.0,4.0,4.0,2.0,2.0,2.0,2.0,5.0,4.0,3.0,3.0,2.0,2.0,2.0,5.0,2.0,3.0,4.0,2.0,6,2,6,1,5,1,6,2,6,1,1,1,1,1,1,0,1,1,0,1,1,0,1,1,1,1,3,3,1,1,29,1,12,1,70,1,1,3
7559,5.0,5.0,5.0,5.0,2.0,4.0,1.0,4.0,5.0,5.0,1.0,5.0,2.0,2.0,4.0,1.0,3.0,5.0,4.0,1.0,6,1,7,2,5,6,7,4,3,7,1,1,1,1,1,0,1,0,0,1,0,0,1,1,1,1,4,2,1,1,59,1,6,1,60,1,2,6
7560,5.0,4.0,3.0,2.0,4.0,2.0,2.0,2.0,3.0,2.0,4.0,5.0,1.0,4.0,4.0,5.0,2.0,4.0,1.0,1.0,2,6,3,1,7,7,3,6,7,1,1,1,0,1,1,1,1,0,1,1,1,1,1,1,1,1,2,2,1,1,21,1,1,1,60,1,1,1
7561,5.0,5.0,1.0,1.0,5.0,1.0,1.0,5.0,1.0,1.0,1.0,5.0,5.0,1.0,5.0,1.0,1.0,5.0,5.0,5.0,5,1,6,2,7,2,7,1,7,2,1,1,1,1,1,0,0,0,1,1,0,0,1,1,1,1,3,2,1,1,49,1,12,1,60,1,2,6
7562,1.0,1.0,2.0,1.0,5.0,4.0,3.0,1.0,5.0,2.0,2.0,3.0,1.0,1.0,4.0,2.0,5.0,5.0,2.0,1.0,5,5,7,4,5,3,5,1,6,3,1,1,1,1,1,1,0,0,0,1,0,0,1,1,1,1,3,2,1,1,37,1,6,1,60,1,2,4
7563,2.0,2.0,2.0,5.0,2.0,4.0,4.0,2.0,4.0,4.0,4.0,2.0,2.0,4.0,2.0,5.0,3.0,1.0,4.0,1.0,3,2,6,2,5,5,3,3,6,2,1,1,0,1,1,0,0,0,0,1,0,0,1,1,1,1,3,2,1,1,54,1,6,1,60,1,2,2
7564,1.0,2.0,4.0,5.0,1.0,5.0,5.0,1.0,5.0,1.0,4.0,1.0,1.0,5.0,3.0,5.0,4.0,1.0,5.0,1.0,5,2,6,5,5,6,7,2,3,5,1,1,1,1,1,0,0,0,0,1,0,0,0,1,1,1,3,3,2,1,61,1,7,1,60,1,3,4
7565,1.0,1.0,5.0,5.0,2.0,5.0,2.0,1.0,5.0,5.0,2.0,1.0,2.0,5.0,2.0,5.0,1.0,1.0,4.0,1.0,0,0,0,0,0,0,0,0,0,0,1,1,1,1,1,1,0,0,0,1,0,1,1,1,1,1,4,1,2,1,56,1,6,1,0,2,3,3
7566,4.0,2.0,2.0,4.0,5.0,1.0,1.0,2.0,2.0,5.0,1.0,5.0,4.0,4.0,3.0,2.0,2.0,4.0,5.0,1.0,2,5,4,5,5,3,1,1,3,5,1,1,0,1,1,0,0,0,0,1,0,0,0,1,1,1,3,3,2,1,21,1,6,1,60,1,1,2
7567,5.0,4.0,1.0,4.0,2.0,1.0,1.0,4.0,4.0,2.0,1.0,5.0,5.0,2.0,4.0,2.0,1.0,4.0,5.0,4.0,5,5,7,2,6,6,6,1,6,2,1,1,1,1,1,0,1,0,0,1,1,0,1,1,1,1,4,2,2,1,57,1,4,1,60,1,2,2
7568,1.0,4.0,1.0,4.0,4.0,2.0,2.0,2.0,5.0,4.0,2.0,1.0,1.0,2.0,3.0,4.0,2.0,1.0,5.0,1.0,1,3,6,1,5,7,5,2,7,2,1,1,0,1,1,0,0,0,0,1,0,0,1,1,1,1,3,2,1,1,21,1,1,3,30,1,1,4
7569,5.0,1.0,5.0,4.0,5.0,1.0,3.0,4.0,5.0,5.0,2.0,2.0,4.0,1.0,5.0,1.0,1.0,1.0,5.0,4.0,4,4,7,1,6,3,4,1,7,3,1,1,1,1,1,1,1,1,0,1,1,0,1,1,1,1,3,2,2,1,47,1,7,1,60,1,2,1
7570,4.0,5.0,4.0,2.0,5.0,1.0,1.0,4.0,3.0,5.0,1.0,5.0,5.0,3.0,1.0,1.0,4.0,5.0,5.0,4.0,5,1,6,3,6,1,7,5,3,1,1,1,1,1,1,0,0,0,0,1,0,1,1,1,1,1,3,1,2,1,41,1,1,1,60,1,2,4
7571,4.0,1.0,4.0,4.0,4.0,5.0,1.0,2.0,5.0,4.0,2.0,1.0,1.0,2.0,4.0,4.0,1.0,4.0,5.0,1.0,6,6,6,3,7,6,6,5,6,1,1,1,1,1,1,1,0,1,0,1,1,0,1,1,1,1,2,1,1,1,29,1,12,1,0,1,1,2
7572,4.0,3.0,1.0,3.0,2.0,1.0,1.0,4.0,3.0,3.0,2.0,2.0,4.0,2.0,3.0,1.0,1.0,4.0,5.0,4.0,5,6,6,7,5,2,5,1,2,2,1,1,1,0,1,0,0,0,0,1,0,0,1,1,1,1,3,3,2,1,29,1,1,1,60,2,2,3
7573,4.0,4.0,2.0,4.0,4.0,1.0,2.0,4.0,3.0,2.0,2.0,5.0,1.0,1.0,4.0,2.0,1.0,4.0,5.0,4.0,6,5,6,6,3,2,6,1,3,5,1,1,0,1,1,0,0,1,0,1,0,0,1,1,1,1,4,2,2,1,48,1,6,1,60,1,2,2
7574,3.0,4.0,2.0,1.0,5.0,1.0,1.0,4.0,2.0,4.0,1.0,5.0,4.0,2.0,4.0,1.0,2.0,3.0,5.0,4.0,2,6,7,2,2,5,1,1,2,2,1,1,0,1,1,0,0,0,0,1,0,0,1,1,1,1,3,1,2,1,21,2,1,1,60,1,1,2
7575,4.0,1.0,2.0,5.0,5.0,1.0,1.0,5.0,5.0,2.0,1.0,2.0,4.0,4.0,4.0,4.0,2.0,4.0,4.0,1.0,3,5,5,3,6,2,7,1,7,3,1,1,0,1,1,0,1,0,0,1,1,0,1,1,1,1,3,2,2,1,29,1,6,1,60,1,1,2
7576,4.0,2.0,3.0,5.0,5.0,2.0,2.0,4.0,5.0,4.0,1.0,4.0,1.0,2.0,5.0,2.0,1.0,4.0,5.0,1.0,3,3,3,5,6,5,6,7,6,3,1,1,0,1,1,0,0,0,0,1,0,0,1,1,1,1,3,3,2,1,32,1,9,1,60,1,1,2
7577,3.0,1.0,3.0,4.0,4.0,5.0,5.0,2.0,5.0,5.0,1.0,5.0,5.0,2.0,1.0,5.0,1.0,4.0,5.0,4.0,7,6,5,6,7,1,6,2,2,1,1,1,1,1,1,0,0,1,0,1,0,1,1,1,1,1,3,1,2,1,28,1,1,2,60,1,3,1
7578,1.0,3.0,5.0,5.0,5.0,4.0,2.0,1.0,5.0,3.0,3.0,1.0,2.0,4.0,3.0,4.0,2.0,1.0,5.0,1.0,3,3,3,2,6,4,7,5,6,4,1,1,1,1,1,0,1,0,0,1,1,0,1,1,1,1,4,3,1,1,30,1,0,3,60,1,1,1
7579,5.0,4.0,1.0,2.0,4.0,1.0,1.0,4.0,4.0,2.0,1.0,4.0,4.0,1.0,5.0,2.0,1.0,2.0,5.0,1.0,6,2,7,3,6,1,5,1,5,2,1,1,1,1,1,0,0,0,0,1,0,0,1,1,1,1,3,2,2,1,31,2,7,1,60,1,1,2
7580,4.0,5.0,1.0,3.0,4.0,1.0,1.0,4.0,2.0,2.0,2.0,4.0,2.0,3.0,4.0,4.0,2.0,4.0,5.0,1.0,3,5,6,5,6,6,6,5,6,6,1,1,1,1,1,0,1,0,1,1,0,0,1,1,1,1,0,2,1,1,51,1,1,1,60,1,2,3
7581,1.0,1.0,1.0,3.0,1.0,1.0,1.0,2.0,5.0,2.0,1.0,1.0,1.0,1.0,1.0,2.0,1.0,1.0,5.0,5.0,6,2,7,2,7,7,2,1,4,1,1,1,1,1,1,1,0,1,0,1,0,0,1,1,1,1,3,1,2,1,47,1,12,1,60,1,3,5
7582,3.0,2.0,2.0,2.0,2.0,2.0,2.0,2.0,5.0,5.0,4.0,2.0,2.0,2.0,4.0,2.0,2.0,2.0,5.0,2.0,7,5,7,5,6,2,7,1,6,3,1,1,1,1,1,1,1,1,0,1,0,0,1,1,1,1,4,1,2,1,73,1,7,1,60,1,3,2
7583,3.0,4.0,4.0,4.0,4.0,2.0,2.0,5.0,5.0,4.0,1.0,3.0,4.0,1.0,3.0,1.0,1.0,4.0,5.0,1.0,3,5,6,2,7,5,2,1,6,3,1,1,1,1,1,0,0,0,0,1,0,0,1,1,1,1,3,1,2,1,40,1,1,1,60,1,2,2
7584,2.0,3.0,2.0,5.0,1.0,3.0,2.0,1.0,5.0,5.0,5.0,2.0,1.0,5.0,4.0,5.0,3.0,1.0,3.0,1.0,5,1,4,5,5,3,6,5,4,3,1,1,1,1,1,0,0,1,0,1,0,0,1,1,1,1,3,2,2,1,56,1,6,1,60,1,2,2
7585,2.0,4.0,1.0,1.0,4.0,1.0,1.0,1.0,2.0,1.0,1.0,5.0,4.0,1.0,4.0,2.0,5.0,4.0,5.0,1.0,6,2,6,5,5,5,5,2,5,3,1,1,0,1,1,1,0,0,0,1,1,0,1,1,1,1,3,1,1,1,35,1,6,1,60,1,2,2
7586,3.0,3.0,4.0,4.0,2.0,4.0,3.0,2.0,5.0,3.0,1.0,2.0,3.0,2.0,2.0,5.0,2.0,3.0,5.0,4.0,5,2,7,4,6,3,7,1,5,2,1,1,0,1,1,0,0,0,0,1,0,0,1,1,1,1,3,2,2,1,23,1,7,2,60,1,1,3
7587,4.0,2.0,2.0,4.0,4.0,3.0,2.0,4.0,4.0,3.0,1.0,2.0,1.0,5.0,5.0,2.0,1.0,4.0,5.0,1.0,6,4,7,1,5,4,6,1,7,3,1,1,1,1,1,0,0,1,0,1,0,0,1,1,1,1,3,3,2,1,42,2,4,3,60,1,2,3
7588,5.0,2.0,3.0,3.0,4.0,4.0,2.0,2.0,5.0,2.0,1.0,5.0,4.0,2.0,1.0,1.0,2.0,5.0,5.0,1.0,1,2,6,3,6,7,4,5,5,2,1,1,1,1,1,0,0,0,0,1,0,0,1,1,1,1,3,2,1,1,60,1,6,1,60,1,2,1
7589,1.0,2.0,2.0,4.0,4.0,1.0,1.0,1.0,5.0,5.0,1.0,1.0,1.0,2.0,1.0,5.0,1.0,1.0,1.0,1.0,2,4,5,2,6,3,6,3,5,1,1,1,1,1,1,0,0,0,0,1,0,0,0,1,1,1,3,3,2,1,45,1,1,1,60,1,1,3
7590,1.0,1.0,1.0,4.0,4.0,5.0,5.0,1.0,5.0,5.0,3.0,1.0,1.0,2.0,1.0,3.0,1.0,1.0,5.0,1.0,5,3,6,5,7,3,7,1,5,2,1,1,0,1,1,0,0,0,0,1,0,0,1,1,1,1,4,1,3,1,60,1,6,1,60,1,2,3
7591,1.0,4.0,2.0,4.0,5.0,2.0,1.0,5.0,2.0,1.0,1.0,2.0,2.0,1.0,3.0,1.0,1.0,4.0,5.0,1.0,7,5,6,3,5,2,7,3,4,1,1,1,1,1,1,0,0,0,0,1,0,1,1,1,1,1,3,2,2,1,54,1,4,1,60,1,1,3
7592,3.0,3.0,3.0,5.0,4.0,5.0,5.0,2.0,5.0,5.0,4.0,4.0,1.0,2.0,3.0,4.0,1.0,3.0,5.0,4.0,5,5,6,2,6,6,6,4,6,4,1,1,1,1,1,0,0,1,0,1,0,0,1,1,1,1,3,3,2,1,61,1,4,1,60,1,2,5
7593,1.0,1.0,5.0,3.0,3.0,5.0,4.0,1.0,5.0,5.0,2.0,4.0,1.0,2.0,1.0,4.0,2.0,1.0,4.0,1.0,5,3,6,1,6,5,3,3,7,3,1,1,0,1,1,1,1,0,0,1,0,0,1,1,1,1,2,3,1,1,82,2,6,3,60,1,2,1
7594,2.0,2.0,3.0,4.0,2.0,2.0,3.0,1.0,5.0,4.0,1.0,2.0,1.0,2.0,2.0,4.0,2.0,3.0,4.0,1.0,5,2,4,1,5,6,6,3,5,4,1,1,0,1,1,0,0,1,0,1,0,0,1,1,1,1,3,3,2,1,44,1,1,1,60,1,2,4
7595,1.0,2.0,1.0,5.0,1.0,1.0,1.0,4.0,5.0,5.0,1.0,4.0,1.0,3.0,1.0,2.0,1.0,4.0,5.0,1.0,1,5,6,1,6,5,3,1,7,5,1,1,1,1,1,0,1,1,0,1,1,0,1,1,1,1,4,2,1,1,58,1,2,1,60,1,2,4
7596,2.0,2.0,3.0,2.0,4.0,4.0,3.0,1.0,4.0,4.0,2.0,4.0,3.0,1.0,3.0,4.0,1.0,5.0,3.0,4.0,4,6,3,6,5,2,4,4,3,2,1,1,1,1,1,0,0,0,0,1,0,0,1,1,1,1,2,1,1,1,35,1,7,1,60,1,2,2
7597,1.0,4.0,1.0,4.0,5.0,1.0,1.0,4.0,1.0,1.0,1.0,4.0,2.0,1.0,4.0,1.0,2.0,4.0,5.0,1.0,5,5,7,1,7,3,6,1,7,5,1,1,1,1,1,0,1,0,0,1,1,1,1,1,1,1,4,2,2,1,30,1,4,1,60,1,3,2
7598,2.0,2.0,4.0,4.0,2.0,1.0,2.0,4.0,5.0,5.0,1.0,4.0,4.0,1.0,1.0,2.0,5.0,4.0,5.0,2.0,5,6,3,2,6,3,5,5,6,3,1,1,1,1,1,0,0,1,0,1,0,0,1,1,1,1,3,0,1,1,59,2,2,1,60,1,1,4
7599,2.0,2.0,4.0,2.0,4.0,1.0,1.0,2.0,5.0,2.0,2.0,4.0,3.0,2.0,2.0,1.0,1.0,4.0,5.0,3.0,3,5,6,5,4,2,6,1,3,2,1,1,1,1,1,0,0,1,0,1,0,0,1,1,0,1,4,3,2,1,32,1,2,1,60,1,1,4
7600,3.0,1.0,4.0,5.0,1.0,4.0,2.0,4.0,5.0,5.0,3.0,1.0,1.0,4.0,1.0,5.0,1.0,1.0,1.0,1.0,2,3,6,1,3,6,7,1,7,2,1,1,1,1,1,0,0,0,0,1,0,0,1,1,1,1,3,3,2,1,63,1,4,1,60,1,1,5
7601,4.0,4.0,4.0,2.0,5.0,1.0,1.0,4.0,4.0,4.0,2.0,4.0,4.0,3.0,4.0,2.0,1.0,4.0,5.0,2.0,2,1,5,1,6,6,5,5,7,1,1,1,1,1,1,1,0,1,0,1,0,0,1,1,1,1,4,2,2,1,41,1,7,2,60,2,3,2
7602,1.0,1.0,2.0,5.0,1.0,4.0,2.0,1.0,5.0,5.0,1.0,4.0,4.0,5.0,1.0,4.0,2.0,1.0,1.0,1.0,5,1,7,1,6,5,7,1,6,1,1,1,1,1,1,0,0,1,0,1,0,0,1,1,1,1,4,3,2,1,58,1,7,1,60,1,3,3
7603,4.0,2.0,1.0,1.0,5.0,1.0,2.0,4.0,2.0,2.0,1.0,4.0,1.0,2.0,4.0,2.0,5.0,4.0,4.0,2.0,3,3,6,3,3,5,5,5,5,3,1,1,1,1,1,0,1,0,0,1,0,0,1,1,1,1,4,0,2,1,57,1,4,1,60,1,2,2
7604,5.0,4.0,1.0,2.0,5.0,1.0,1.0,4.0,5.0,1.0,2.0,5.0,4.0,3.0,4.0,1.0,1.0,3.0,4.0,1.0,6,6,5,2,7,2,5,3,7,1,1,1,1,1,1,1,1,1,0,1,0,1,1,1,1,1,4,2,1,1,40,1,4,1,60,2,2,2
7605,2.0,1.0,1.0,4.0,1.0,1.0,1.0,2.0,4.0,1.0,1.0,5.0,1.0,2.0,1.0,1.0,4.0,4.0,5.0,2.0,5,5,7,2,7,3,2,4,6,1,1,1,1,1,1,0,0,0,0,1,0,0,1,1,1,1,4,2,2,1,52,1,4,1,60,1,3,4
7606,5.0,1.0,1.0,3.0,4.0,1.0,1.0,2.0,5.0,1.0,2.0,5.0,4.0,1.0,1.0,2.0,5.0,4.0,5.0,1.0,5,6,6,6,5,1,6,2,6,2,1,1,1,1,1,0,0,0,0,1,0,0,0,1,1,1,3,1,2,1,44,1,6,1,60,2,2,5
7607,2.0,4.0,1.0,1.0,4.0,1.0,2.0,5.0,5.0,2.0,1.0,4.0,4.0,1.0,3.0,1.0,2.0,4.0,5.0,4.0,1,5,5,7,2,5,5,6,1,1,1,1,0,1,1,0,0,0,0,1,0,0,1,1,1,1,3,3,2,1,26,1,4,1,70,2,1,2
7608,3.0,4.0,2.0,2.0,4.0,1.0,1.0,5.0,5.0,5.0,1.0,5.0,5.0,2.0,4.0,1.0,4.0,4.0,4.0,4.0,4,5,5,2,6,7,5,5,6,2,1,1,0,1,1,0,0,0,0,1,0,0,0,1,1,1,3,3,1,1,47,1,6,1,60,2,2,3
7609,1.0,2.0,2.0,1.0,4.0,4.0,4.0,4.0,5.0,2.0,2.0,4.0,1.0,2.0,2.0,2.0,1.0,2.0,4.0,1.0,6,3,6,2,6,4,5,1,7,1,1,1,1,1,1,1,1,0,1,1,1,0,1,1,1,1,3,1,1,1,60,1,6,1,60,1,2,5
7610,4.0,2.0,2.0,2.0,4.0,2.0,1.0,4.0,5.0,4.0,1.0,5.0,2.0,1.0,1.0,5.0,2.0,4.0,1.0,3.0,2,2,5,2,6,6,4,5,6,3,1,1,1,1,1,0,0,0,0,1,0,0,1,1,1,1,4,3,2,1,38,1,4,1,60,1,1,3
7611,3.0,3.0,1.0,5.0,4.0,2.0,2.0,2.0,5.0,4.0,2.0,4.0,2.0,4.0,4.0,1.0,1.0,4.0,1.0,1.0,2,4,6,6,7,7,6,3,5,2,1,1,0,1,1,0,1,1,0,1,0,0,1,1,1,1,4,2,2,1,57,1,6,1,60,1,2,4
7612,2.0,3.0,4.0,4.0,2.0,4.0,4.0,2.0,5.0,4.0,2.0,4.0,1.0,3.0,3.0,5.0,3.0,2.0,5.0,1.0,6,2,5,6,7,3,7,3,4,1,1,1,1,1,1,1,0,1,0,1,0,1,1,1,1,1,3,3,3,1,26,1,2,5,70,1,1,1
7613,3.0,3.0,4.0,4.0,2.0,3.0,2.0,3.0,4.0,3.0,4.0,3.0,4.0,4.0,3.0,4.0,2.0,1.0,2.0,1.0,5,2,7,5,6,4,7,2,7,2,0,0,0,0,0,0,0,0,0,0,0,1,0,0,0,0,4,1,2,1,33,1,7,1,60,1,1,2
7614,5.0,3.0,4.0,1.0,4.0,1.0,1.0,5.0,5.0,4.0,3.0,5.0,1.0,1.0,4.0,5.0,1.0,3.0,2.0,4.0,7,2,5,2,7,6,6,4,7,4,1,1,0,1,1,0,0,0,0,1,0,0,1,1,1,1,3,1,1,1,26,2,6,1,60,1,1,3
7615,1.0,5.0,4.0,1.0,5.0,1.0,1.0,1.0,4.0,1.0,1.0,5.0,1.0,5.0,4.0,1.0,1.0,5.0,4.0,2.0,1,1,1,6,6,7,6,7,4,3,1,1,1,1,1,0,1,1,0,1,0,0,1,1,1,1,2,2,2,1,20,1,12,2,60,1,1,2
7616,4.0,5.0,1.0,2.0,5.0,1.0,1.0,5.0,1.0,2.0,1.0,4.0,4.0,1.0,5.0,1.0,5.0,5.0,5.0,2.0,3,6,6,1,7,5,6,5,7,2,1,1,1,1,1,0,0,1,0,1,0,1,1,1,1,1,4,2,1,1,28,1,6,1,60,2,1,2
7617,2.0,2.0,5.0,4.0,1.0,5.0,2.0,2.0,5.0,5.0,1.0,4.0,2.0,1.0,1.0,5.0,2.0,4.0,2.0,2.0,6,4,5,5,7,3,7,3,4,1,1,1,0,1,1,1,0,1,0,1,0,1,1,1,1,1,4,2,2,1,33,1,4,1,60,1,2,4
7618,2.0,2.0,4.0,5.0,2.0,2.0,2.0,2.0,5.0,4.0,2.0,4.0,1.0,4.0,4.0,4.0,4.0,2.0,2.0,1.0,2,2,5,3,4,6,6,3,6,6,1,1,0,1,1,0,1,0,0,1,0,0,1,1,1,1,4,2,2,1,34,1,4,1,60,2,1,2
7619,2.0,2.0,5.0,4.0,4.0,5.0,2.0,2.0,5.0,5.0,2.0,5.0,1.0,4.0,2.0,4.0,2.0,2.0,4.0,1.0,5,4,6,5,3,6,6,1,6,5,1,1,0,1,1,0,1,0,0,1,1,0,1,1,1,1,0,2,2,1,47,1,7,1,60,2,2,1
7620,1.0,4.0,4.0,3.0,4.0,3.0,2.0,3.0,5.0,5.0,3.0,4.0,3.0,2.0,4.0,2.0,2.0,1.0,4.0,1.0,2,1,7,2,6,7,5,2,6,2,1,1,1,1,1,0,1,1,0,1,1,0,1,1,1,1,0,2,1,1,65,1,9,1,60,1,2,2
7621,1.0,3.0,3.0,2.0,1.0,2.0,2.0,1.0,5.0,4.0,1.0,5.0,1.0,1.0,3.0,3.0,1.0,3.0,5.0,2.0,5,2,7,2,5,3,6,1,6,1,1,1,1,1,1,0,0,0,0,1,1,1,1,1,1,1,3,1,2,1,50,1,12,1,60,2,2,5
7622,2.0,2.0,1.0,4.0,2.0,1.0,1.0,1.0,3.0,2.0,1.0,2.0,4.0,2.0,3.0,2.0,2.0,4.0,5.0,2.0,3,3,6,1,3,6,4,2,6,3,1,1,1,1,1,0,0,0,0,1,0,0,1,1,1,1,4,2,2,1,45,1,6,1,60,1,1,4
7623,4.0,4.0,2.0,4.0,4.0,1.0,1.0,4.0,4.0,2.0,5.0,4.0,4.0,3.0,5.0,2.0,1.0,4.0,5.0,2.0,3,5,6,5,5,6,6,4,5,3,1,1,1,1,1,0,1,1,0,1,0,1,1,1,1,1,4,2,2,1,47,1,4,1,60,1,2,1
7624,5.0,5.0,2.0,4.0,2.0,1.0,1.0,3.0,5.0,3.0,1.0,3.0,1.0,2.0,4.0,5.0,1.0,5.0,5.0,1.0,2,5,5,6,7,6,3,6,5,2,1,1,0,1,1,0,0,1,0,1,1,0,1,1,1,1,4,2,1,2,35,1,2,1,60,1,1,3
7625,2.0,2.0,4.0,3.0,4.0,4.0,4.0,2.0,5.0,4.0,2.0,4.0,2.0,2.0,2.0,2.0,4.0,2.0,2.0,3.0,4,5,7,6,4,5,5,2,6,6,1,1,0,1,1,0,0,0,0,1,0,0,1,1,1,1,4,2,2,1,53,1,6,1,60,1,2,3
7626,1.0,2.0,5.0,2.0,1.0,2.0,2.0,1.0,5.0,5.0,1.0,1.0,1.0,2.0,2.0,3.0,1.0,2.0,4.0,1.0,3,1,7,5,7,7,7,1,3,1,1,1,1,1,1,0,0,1,0,1,0,0,1,1,1,1,3,3,2,1,23,2,4,1,60,1,1,2
7627,5.0,1.0,4.0,2.0,4.0,1.0,1.0,5.0,5.0,5.0,1.0,5.0,5.0,1.0,2.0,1.0,1.0,1.0,1.0,1.0,1,6,7,3,5,7,4,2,1,1,1,1,0,1,1,0,0,0,0,1,0,0,0,0,1,1,2,3,2,1,30,1,7,1,30,1,1,6
7628,5.0,5.0,1.0,1.0,5.0,5.0,5.0,5.0,5.0,3.0,1.0,5.0,5.0,1.0,1.0,5.0,1.0,5.0,5.0,5.0,1,7,7,1,7,7,1,7,7,1,1,1,0,1,1,0,0,1,0,1,1,0,0,1,1,1,2,3,1,2,24,1,2,1,70,1,1,2
7629,1.0,4.0,4.0,5.0,1.0,4.0,1.0,1.0,5.0,5.0,1.0,5.0,2.0,2.0,2.0,2.0,1.0,2.0,4.0,1.0,3,2,5,3,6,3,7,5,6,5,1,1,1,1,1,0,0,0,0,1,0,0,1,1,1,1,3,2,2,1,44,1,4,1,60,1,2,11
7630,4.0,4.0,1.0,2.0,4.0,2.0,1.0,2.0,5.0,2.0,2.0,2.0,2.0,2.0,1.0,1.0,2.0,2.0,5.0,1.0,7,6,6,2,7,2,7,5,7,1,1,1,1,1,1,1,0,1,0,1,0,1,1,1,1,1,2,1,1,1,38,1,2,1,60,2,1,2
7631,2.0,4.0,2.0,2.0,5.0,2.0,1.0,4.0,5.0,2.0,1.0,4.0,1.0,1.0,1.0,2.0,1.0,4.0,5.0,3.0,2,5,6,4,6,7,5,3,6,6,1,1,0,1,1,0,0,1,0,0,0,0,1,1,1,1,3,1,1,1,31,1,0,0,60,1,1,3
7632,5.0,5.0,1.0,2.0,4.0,1.0,1.0,2.0,5.0,1.0,1.0,5.0,5.0,3.0,3.0,1.0,5.0,3.0,5.0,3.0,7,4,7,1,7,1,7,1,2,1,1,1,0,1,1,0,0,0,0,1,0,0,1,1,1,1,3,2,1,1,46,1,4,1,60,1,2,4
7633,4.0,3.0,2.0,3.0,4.0,3.0,4.0,4.0,5.0,4.0,1.0,3.0,1.0,3.0,2.0,3.0,2.0,4.0,4.0,3.0,1,1,4,3,4,5,6,3,6,2,1,1,1,1,1,1,1,1,0,1,1,1,1,1,1,1,4,3,2,2,26,1,12,1,60,2,1,3
7634,1.0,1.0,2.0,2.0,3.0,1.0,1.0,2.0,5.0,4.0,3.0,1.0,1.0,1.0,4.0,2.0,2.0,5.0,5.0,1.0,3,4,3,3,7,3,6,4,6,1,1,0,1,1,1,0,1,1,0,1,0,0,1,1,1,1,4,2,1,1,30,2,2,2,60,0,1,1
7635,2.0,4.0,4.0,4.0,4.0,4.0,2.0,5.0,4.0,4.0,2.0,1.0,2.0,4.0,5.0,3.0,2.0,2.0,5.0,1.0,5,5,3,3,5,3,6,5,6,2,1,1,0,1,0,0,0,1,0,1,0,1,1,1,1,1,4,2,1,1,25,1,6,1,60,1,1,2
7636,2.0,1.0,1.0,5.0,2.0,1.0,1.0,2.0,5.0,2.0,2.0,1.0,1.0,4.0,2.0,1.0,1.0,3.0,4.0,1.0,6,5,5,5,6,3,7,1,4,5,1,1,0,1,1,0,0,1,0,1,0,0,0,1,1,1,4,3,2,1,36,1,4,1,60,1,1,3
7637,4.0,5.0,1.0,4.0,4.0,1.0,1.0,2.0,4.0,5.0,1.0,5.0,2.0,1.0,4.0,1.0,4.0,4.0,5.0,5.0,3,5,2,7,6,1,3,5,3,1,1,1,1,1,1,0,0,0,0,1,0,0,1,1,1,1,3,1,2,1,41,2,7,1,60,2,3,2
7638,3.0,4.0,2.0,3.0,4.0,1.0,2.0,5.0,3.0,3.0,1.0,2.0,4.0,2.0,4.0,3.0,1.0,4.0,5.0,1.0,4,5,5,2,5,4,6,2,4,4,1,1,0,1,1,0,0,0,0,1,0,0,0,1,1,1,3,1,2,2,28,1,7,1,60,2,2,2
7639,5.0,4.0,2.0,2.0,3.0,2.0,1.0,2.0,4.0,4.0,2.0,4.0,3.0,2.0,4.0,2.0,4.0,4.0,4.0,3.0,2,6,5,6,7,6,5,6,3,2,1,1,0,1,1,0,0,0,0,1,0,0,1,1,1,1,3,3,1,1,25,1,2,1,60,2,1,2
7640,2.0,3.0,4.0,3.0,4.0,3.0,2.0,2.0,5.0,3.0,2.0,2.0,3.0,2.0,2.0,4.0,2.0,2.0,2.0,2.0,6,5,5,3,6,2,5,5,6,3,1,1,1,1,1,0,1,1,0,1,1,1,1,1,1,1,4,2,1,1,31,1,4,1,60,1,2,4
7641,5.0,5.0,2.0,1.0,5.0,1.0,1.0,5.0,4.0,1.0,1.0,5.0,5.0,1.0,5.0,1.0,1.0,4.0,5.0,4.0,1,7,6,7,5,7,3,2,3,7,1,1,0,1,1,0,1,1,0,1,0,0,1,1,1,1,4,2,1,1,35,1,2,1,60,1,2,2
7642,1.0,3.0,2.0,4.0,1.0,2.0,1.0,2.0,5.0,4.0,1.0,2.0,1.0,2.0,4.0,5.0,5.0,5.0,3.0,2.0,6,1,7,1,6,3,6,2,7,6,1,1,1,1,1,0,0,0,0,1,0,0,1,1,1,1,4,3,1,1,55,1,5,1,60,1,2,4
7643,5.0,5.0,3.0,1.0,5.0,3.0,2.0,5.0,3.0,1.0,1.0,5.0,4.0,2.0,5.0,3.0,1.0,2.0,4.0,4.0,4,5,6,1,3,7,2,2,6,3,1,1,0,1,1,1,0,0,0,1,0,0,1,1,1,1,4,2,1,1,36,1,4,1,60,2,1,2
7644,4.0,3.0,2.0,4.0,4.0,4.0,2.0,2.0,5.0,2.0,2.0,2.0,2.0,3.0,3.0,2.0,2.0,4.0,4.0,1.0,7,2,6,5,6,1,6,1,6,2,1,1,0,1,1,0,1,1,0,1,0,1,1,1,1,1,3,2,2,1,46,1,4,1,60,1,2,2
7645,2.0,2.0,4.0,5.0,1.0,4.0,1.0,4.0,5.0,5.0,1.0,1.0,1.0,3.0,1.0,2.0,4.0,4.0,1.0,1.0,1,1,6,7,7,6,7,5,6,6,1,1,1,1,1,0,0,0,0,1,0,0,1,1,1,1,3,1,2,1,60,1,7,1,70,1,2,5
7646,4.0,4.0,1.0,4.0,1.0,2.0,5.0,1.0,5.0,5.0,1.0,5.0,1.0,1.0,2.0,2.0,2.0,5.0,4.0,1.0,6,7,7,3,6,2,7,2,6,1,1,1,0,1,1,0,0,1,0,1,0,0,0,1,1,1,4,2,2,1,34,1,7,1,60,1,2,2
7647,1.0,1.0,5.0,1.0,5.0,5.0,5.0,1.0,5.0,5.0,1.0,5.0,1.0,1.0,1.0,1.0,5.0,1.0,1.0,3.0,7,7,7,2,7,1,7,2,3,1,1,1,1,1,1,1,0,0,1,1,0,1,1,1,1,1,2,3,2,1,56,1,7,1,70,1,2,4
7648,1.0,5.0,1.0,5.0,1.0,1.0,1.0,5.0,5.0,5.0,1.0,5.0,1.0,1.0,5.0,1.0,1.0,5.0,5.0,5.0,2,6,2,5,2,3,3,7,1,2,1,1,0,1,1,0,0,0,0,1,0,0,1,1,1,1,3,2,2,1,51,1,4,1,60,1,2,5
7649,3.0,2.0,2.0,2.0,4.0,1.0,2.0,4.0,4.0,4.0,1.0,5.0,2.0,1.0,4.0,2.0,1.0,2.0,2.0,2.0,2,5,6,3,5,6,6,5,3,2,1,1,0,1,1,1,0,1,0,1,0,0,1,1,1,1,4,2,2,1,33,1,6,1,60,2,2,3
7650,5.0,5.0,5.0,4.0,1.0,4.0,5.0,1.0,5.0,5.0,5.0,3.0,3.0,3.0,5.0,5.0,3.0,3.0,5.0,1.0,2,4,6,1,4,6,6,2,7,7,1,1,1,1,1,0,1,1,0,1,0,0,1,1,1,0,3,3,2,1,63,1,6,1,60,1,2,4
7651,5.0,5.0,3.0,1.0,4.0,3.0,3.0,2.0,4.0,2.0,1.0,5.0,3.0,2.0,5.0,2.0,1.0,4.0,5.0,2.0,2,5,3,7,7,4,3,4,2,1,1,1,0,1,1,1,0,0,0,1,0,1,1,1,1,1,3,3,2,2,25,1,10,2,20,2,3,4
7652,4.0,4.0,1.0,5.0,1.0,4.0,2.0,2.0,5.0,5.0,2.0,1.0,3.0,3.0,4.0,4.0,1.0,4.0,3.0,1.0,1,4,6,6,7,5,7,5,7,1,1,1,1,1,1,0,1,1,0,1,0,1,1,1,1,1,4,1,2,1,60,1,4,1,60,1,2,6
7653,5.0,4.0,2.0,2.0,5.0,2.0,1.0,5.0,2.0,1.0,2.0,5.0,4.0,2.0,5.0,5.0,1.0,4.0,5.0,1.0,2,7,6,7,6,5,2,4,6,2,1,1,0,1,1,0,0,0,0,1,0,0,1,1,1,1,3,3,1,1,31,1,1,1,60,1,1,3
7654,1.0,5.0,3.0,3.0,2.0,1.0,1.0,2.0,3.0,3.0,3.0,5.0,1.0,1.0,3.0,4.0,3.0,4.0,4.0,1.0,7,4,6,1,7,1,6,2,6,3,1,1,0,1,1,0,0,0,0,1,0,0,1,1,1,1,3,2,1,1,38,1,4,1,60,1,2,4
7655,3.0,3.0,3.0,4.0,4.0,3.0,1.0,1.0,5.0,4.0,1.0,4.0,2.0,1.0,1.0,1.0,1.0,5.0,1.0,1.0,4,1,1,5,7,2,3,5,1,1,1,1,1,1,1,0,0,1,0,1,1,0,1,1,1,1,2,2,2,1,45,1,4,1,60,1,1,2
7656,2.0,2.0,4.0,4.0,2.0,2.0,2.0,2.0,5.0,4.0,2.0,5.0,2.0,2.0,5.0,1.0,3.0,1.0,5.0,1.0,2,6,7,3,6,5,2,2,6,5,1,1,1,1,1,0,1,1,0,1,1,0,1,1,1,1,4,1,1,1,23,1,2,1,60,1,1,4
7657,2.0,2.0,4.0,3.0,5.0,1.0,1.0,4.0,4.0,2.0,1.0,4.0,1.0,1.0,4.0,1.0,1.0,5.0,5.0,3.0,1,7,5,7,6,6,5,6,3,1,1,1,1,1,1,0,0,0,0,1,0,1,1,1,1,1,3,2,1,1,20,1,1,3,60,1,1,2
7658,2.0,1.0,4.0,1.0,5.0,3.0,2.0,1.0,5.0,5.0,1.0,5.0,1.0,3.0,1.0,5.0,2.0,4.0,1.0,1.0,2,1,7,5,7,5,7,1,6,5,0,0,0,0,0,0,0,1,0,1,0,0,0,0,0,0,3,3,1,1,23,1,7,1,30,2,1,6
7659,5.0,4.0,1.0,1.0,4.0,1.0,1.0,3.0,4.0,3.0,1.0,5.0,4.0,1.0,5.0,1.0,1.0,4.0,5.0,3.0,6,3,6,2,6,2,6,3,2,1,1,1,1,1,1,1,1,1,0,1,0,1,1,1,1,1,3,1,2,1,23,1,1,1,60,1,1,3
7660,5.0,5.0,1.0,4.0,4.0,2.0,1.0,4.0,5.0,1.0,1.0,5.0,5.0,2.0,4.0,4.0,1.0,3.0,5.0,1.0,7,1,7,4,7,5,6,1,6,1,0,1,0,1,1,0,0,0,0,1,0,1,0,1,1,1,4,3,2,1,62,1,6,1,60,1,2,3
7661,3.0,4.0,3.0,4.0,2.0,2.0,2.0,2.0,5.0,4.0,2.0,1.0,1.0,3.0,4.0,3.0,3.0,4.0,4.0,1.0,5,2,5,4,3,5,6,4,5,3,1,1,0,1,1,0,0,0,0,1,0,0,1,1,1,1,4,2,2,1,33,1,7,1,60,2,2,2
7662,4.0,4.0,1.0,3.0,3.0,3.0,2.0,1.0,4.0,3.0,1.0,4.0,3.0,2.0,4.0,3.0,2.0,2.0,1.0,2.0,5,5,4,5,5,3,5,4,5,4,1,1,1,1,1,0,0,0,0,1,0,0,1,1,1,1,4,3,1,1,43,1,7,1,60,1,2,2
7663,1.0,1.0,1.0,5.0,1.0,2.0,1.0,2.0,5.0,4.0,4.0,1.0,1.0,1.0,4.0,4.0,1.0,4.0,1.0,1.0,5,6,7,2,6,3,7,2,6,1,1,1,1,1,1,0,1,1,0,1,0,0,1,1,1,1,3,3,2,1,57,1,4,1,60,1,3,6
7664,5.0,5.0,1.0,2.0,3.0,2.0,1.0,4.0,2.0,1.0,1.0,5.0,5.0,2.0,5.0,1.0,1.0,3.0,5.0,3.0,5,6,4,6,6,6,3,1,5,1,1,1,1,1,1,0,0,1,0,1,0,0,1,1,1,1,2,3,1,2,21,1,2,1,60,2,1,3
7665,1.0,4.0,4.0,3.0,1.0,4.0,1.0,2.0,5.0,5.0,1.0,1.0,1.0,4.0,3.0,5.0,3.0,4.0,5.0,1.0,7,1,6,6,6,1,7,5,2,2,1,1,1,1,1,0,0,0,0,1,0,0,1,1,1,1,2,1,2,1,21,1,9,3,60,1,1,5
7666,2.0,2.0,2.0,4.0,2.0,2.0,2.0,2.0,4.0,4.0,2.0,4.0,4.0,4.0,2.0,2.0,2.0,4.0,2.0,3.0,3,2,7,2,6,7,6,1,6,4,1,1,0,1,1,0,0,0,0,1,0,0,1,1,1,1,3,2,2,1,24,1,4,1,60,1,1,3
7667,3.0,5.0,1.0,4.0,4.0,2.0,4.0,1.0,4.0,2.0,1.0,5.0,5.0,1.0,5.0,1.0,1.0,4.0,5.0,5.0,7,1,6,1,6,1,6,5,5,2,1,1,0,1,1,0,0,0,0,1,0,0,0,1,1,1,2,2,2,1,74,1,5,1,60,1,3,2
7668,1.0,1.0,5.0,2.0,3.0,5.0,5.0,4.0,5.0,5.0,1.0,4.0,4.0,2.0,1.0,1.0,4.0,4.0,5.0,1.0,6,6,3,2,6,2,6,6,6,2,1,1,1,1,1,1,0,0,0,1,0,0,1,1,1,1,3,2,1,1,56,1,0,1,60,1,1,6
7669,3.0,2.0,3.0,3.0,3.0,4.0,2.0,2.0,4.0,4.0,4.0,4.0,2.0,3.0,3.0,2.0,3.0,3.0,4.0,2.0,3,3,6,5,4,6,7,3,3,3,1,1,1,1,1,0,0,0,0,1,0,0,1,1,1,1,4,2,2,1,26,1,4,1,70,2,1,3
7670,1.0,4.0,5.0,4.0,2.0,4.0,2.0,4.0,5.0,5.0,2.0,1.0,1.0,1.0,2.0,1.0,2.0,2.0,5.0,2.0,7,5,3,1,6,1,6,5,7,1,1,1,0,1,1,0,0,0,0,1,0,0,1,1,1,1,3,2,2,2,38,1,2,1,60,1,2,3
7671,5.0,5.0,1.0,2.0,5.0,1.0,1.0,5.0,1.0,1.0,1.0,5.0,4.0,1.0,5.0,1.0,1.0,4.0,5.0,3.0,1,6,5,5,3,6,2,3,3,2,1,1,0,1,1,1,0,1,0,1,0,0,1,1,1,1,3,1,1,1,30,1,1,1,60,2,2,2
7672,3.0,3.0,2.0,2.0,4.0,4.0,5.0,2.0,4.0,3.0,1.0,4.0,4.0,4.0,2.0,4.0,2.0,1.0,4.0,2.0,5,6,5,6,7,5,4,2,2,6,0,0,0,0,1,0,0,0,0,1,0,1,0,0,0,1,3,3,1,2,46,1,4,1,70,1,2,5
7673,2.0,4.0,2.0,4.0,1.0,1.0,1.0,2.0,4.0,1.0,2.0,1.0,2.0,1.0,5.0,1.0,1.0,5.0,5.0,1.0,7,7,5,1,5,1,5,2,5,3,1,1,0,1,1,0,0,0,0,1,0,0,1,1,1,1,3,2,1,1,37,1,6,1,60,2,1,2
7674,4.0,1.0,2.0,4.0,1.0,4.0,2.0,2.0,5.0,4.0,2.0,1.0,1.0,3.0,2.0,4.0,3.0,4.0,5.0,1.0,7,3,5,1,7,3,5,5,7,2,1,1,0,1,1,0,0,0,0,1,0,0,1,1,1,1,3,3,1,1,44,1,6,1,60,1,2,3
7675,2.0,2.0,2.0,3.0,5.0,1.0,1.0,2.0,1.0,2.0,1.0,1.0,4.0,2.0,4.0,2.0,2.0,4.0,5.0,4.0,7,6,6,3,6,1,5,4,2,1,1,1,0,1,1,0,0,0,0,1,0,0,1,1,1,1,3,2,2,1,26,1,1,2,60,1,1,3
7676,5.0,4.0,2.0,5.0,2.0,1.0,1.0,1.0,5.0,4.0,2.0,5.0,4.0,1.0,1.0,1.0,3.0,2.0,4.0,1.0,7,3,6,5,6,1,1,6,5,3,1,1,0,1,1,0,0,0,0,1,0,0,0,1,1,1,3,3,2,1,26,1,1,3,60,1,1,1
7677,1.0,2.0,4.0,5.0,3.0,2.0,2.0,1.0,5.0,5.0,2.0,3.0,1.0,5.0,1.0,2.0,5.0,1.0,1.0,1.0,6,4,4,5,5,2,5,5,5,4,1,1,0,1,1,0,0,0,0,1,0,0,1,1,1,1,2,2,2,1,34,1,4,1,70,1,2,2
7678,5.0,5.0,1.0,3.0,5.0,3.0,5.0,4.0,5.0,1.0,1.0,5.0,1.0,1.0,5.0,5.0,1.0,5.0,1.0,4.0,7,6,7,4,7,4,3,1,3,1,1,1,1,1,1,1,0,1,0,1,1,1,1,1,1,1,3,2,2,1,71,1,9,1,60,1,3,2
7679,5.0,4.0,2.0,2.0,5.0,1.0,1.0,4.0,4.0,1.0,1.0,5.0,3.0,2.0,5.0,1.0,1.0,5.0,4.0,2.0,4,7,4,7,6,2,6,5,4,1,1,1,1,1,1,0,0,1,1,1,0,0,1,1,1,1,4,3,2,1,40,1,9,1,30,1,1,2
7680,5.0,1.0,1.0,2.0,4.0,1.0,1.0,5.0,3.0,1.0,1.0,5.0,1.0,1.0,5.0,1.0,3.0,5.0,5.0,1.0,6,7,6,5,2,6,7,1,3,1,1,1,0,1,1,0,0,1,0,1,1,0,0,1,1,1,3,2,1,2,40,1,2,1,60,2,1,2
7681,1.0,4.0,4.0,4.0,1.0,4.0,5.0,4.0,5.0,4.0,2.0,4.0,1.0,2.0,4.0,4.0,2.0,1.0,5.0,1.0,5,3,6,1,6,1,6,5,5,3,1,1,0,1,1,0,0,0,0,1,0,0,1,1,1,1,3,3,2,1,50,1,6,1,60,2,2,4
7682,4.0,5.0,4.0,4.0,4.0,1.0,1.0,5.0,5.0,2.0,2.0,5.0,1.0,2.0,4.0,1.0,1.0,5.0,5.0,1.0,5,6,3,6,7,6,6,5,2,2,1,1,1,1,1,0,1,1,0,1,1,0,1,1,1,1,4,2,1,1,66,1,2,1,60,1,2,3
7683,3.0,2.0,4.0,3.0,1.0,2.0,4.0,1.0,5.0,2.0,3.0,4.0,2.0,1.0,1.0,1.0,4.0,4.0,5.0,1.0,5,6,6,2,7,2,2,2,6,3,1,1,1,1,1,0,0,0,0,1,0,0,1,1,1,1,4,2,1,1,51,1,7,1,60,1,2,2
7684,5.0,4.0,2.0,3.0,4.0,1.0,1.0,4.0,5.0,2.0,1.0,4.0,2.0,2.0,4.0,1.0,1.0,4.0,4.0,2.0,5,5,7,1,6,4,6,5,6,1,1,1,0,1,1,0,0,0,0,1,0,0,1,1,1,1,3,2,2,1,65,1,12,1,60,1,2,5
7685,1.0,4.0,4.0,2.0,2.0,1.0,1.0,4.0,5.0,3.0,1.0,4.0,5.0,3.0,4.0,1.0,1.0,2.0,5.0,2.0,2,1,5,7,5,5,7,1,3,7,1,1,1,1,1,0,1,0,0,1,1,0,1,1,1,1,4,2,2,1,57,1,1,1,60,1,2,4
7686,5.0,5.0,2.0,4.0,4.0,3.0,1.0,4.0,5.0,5.0,1.0,5.0,5.0,1.0,5.0,1.0,1.0,5.0,5.0,4.0,2,7,3,5,5,6,7,7,4,5,0,1,0,0,1,0,1,0,0,0,0,0,0,0,0,0,4,3,1,2,24,1,8,1,10,1,1,2
7687,2.0,4.0,2.0,2.0,4.0,2.0,2.0,4.0,5.0,2.0,1.0,5.0,4.0,2.0,4.0,2.0,2.0,4.0,5.0,1.0,3,1,5,3,6,5,7,3,3,3,1,1,0,1,1,0,0,0,0,1,0,0,1,1,1,1,3,1,2,1,42,1,6,1,60,0,2,3
7688,4.0,4.0,1.0,2.0,4.0,1.0,1.0,2.0,2.0,2.0,1.0,4.0,4.0,2.0,5.0,2.0,1.0,4.0,5.0,1.0,6,7,7,4,7,1,5,1,3,1,1,1,0,1,1,0,1,1,0,1,1,0,1,1,1,1,4,2,2,1,26,1,2,1,60,1,1,2
7689,3.0,4.0,4.0,3.0,4.0,2.0,1.0,4.0,3.0,4.0,1.0,4.0,2.0,2.0,4.0,2.0,3.0,4.0,3.0,3.0,3,6,5,4,5,5,3,2,6,3,1,1,1,1,1,0,0,0,0,1,1,0,1,1,1,1,2,3,1,1,40,1,12,1,60,1,3,3
7690,4.0,1.0,5.0,2.0,4.0,2.0,1.0,5.0,5.0,5.0,3.0,5.0,1.0,4.0,4.0,3.0,4.0,4.0,2.0,1.0,1,4,7,7,7,6,7,3,4,1,1,1,1,1,1,0,1,0,0,1,1,1,1,1,1,1,2,1,2,1,41,1,7,1,60,2,3,3
7691,2.0,3.0,2.0,4.0,2.0,2.0,1.0,5.0,3.0,1.0,1.0,5.0,3.0,3.0,4.0,4.0,1.0,3.0,5.0,2.0,4,6,6,5,5,4,5,2,3,1,1,1,1,1,1,0,1,1,0,1,1,0,1,1,1,1,3,1,2,1,43,2,1,5,60,1,1,2
7692,2.0,4.0,4.0,2.0,4.0,2.0,2.0,4.0,5.0,4.0,1.0,4.0,1.0,2.0,2.0,2.0,2.0,4.0,4.0,2.0,1,2,6,4,5,7,6,5,6,5,1,1,0,1,1,0,0,1,0,1,0,0,0,1,1,1,3,1,1,1,31,1,0,1,60,1,1,3
7693,2.0,4.0,4.0,4.0,3.0,3.0,3.0,4.0,5.0,4.0,3.0,1.0,2.0,4.0,4.0,5.0,3.0,4.0,4.0,1.0,5,3,7,1,6,5,7,1,7,2,1,1,1,1,1,0,0,0,0,1,0,0,1,1,1,1,3,3,2,1,40,2,7,1,10,2,2,2
7694,4.0,2.0,4.0,3.0,5.0,1.0,1.0,4.0,4.0,2.0,1.0,4.0,5.0,3.0,4.0,2.0,2.0,4.0,5.0,3.0,2,5,7,5,6,7,5,1,5,2,1,1,1,1,1,0,1,1,0,1,1,0,1,1,1,1,3,2,2,1,37,1,2,1,60,1,1,3
7695,5.0,5.0,1.0,1.0,5.0,1.0,1.0,5.0,5.0,3.0,1.0,5.0,5.0,1.0,3.0,5.0,1.0,5.0,5.0,5.0,2,6,4,5,3,6,4,3,3,1,1,1,1,1,1,0,0,0,0,1,0,0,1,1,1,1,3,3,2,1,24,1,4,1,70,2,1,1
7696,5.0,5.0,1.0,2.0,5.0,1.0,1.0,1.0,1.0,1.0,1.0,5.0,4.0,1.0,4.0,1.0,1.0,5.0,4.0,5.0,5,7,6,5,6,5,5,5,6,4,1,1,0,1,1,0,0,0,0,1,0,0,1,1,1,1,3,2,1,1,35,1,2,1,60,2,1,0
7697,4.0,2.0,1.0,1.0,4.0,5.0,2.0,1.0,5.0,5.0,1.0,5.0,2.0,2.0,4.0,2.0,1.0,4.0,5.0,1.0,2,5,6,7,5,7,5,5,3,4,1,1,0,1,1,0,0,0,0,1,0,0,0,0,1,1,3,2,2,1,23,1,4,1,30,2,1,3
7698,3.0,3.0,3.0,5.0,1.0,2.0,2.0,3.0,5.0,2.0,3.0,1.0,1.0,4.0,3.0,1.0,5.0,1.0,1.0,1.0,3,3,5,2,6,1,7,1,5,5,1,1,1,1,1,0,0,0,0,1,0,0,1,1,1,1,4,2,2,1,60,1,4,1,60,1,2,6
7699,4.0,4.0,2.0,2.0,5.0,2.0,2.0,4.0,4.0,3.0,2.0,5.0,5.0,2.0,5.0,2.0,1.0,4.0,5.0,2.0,3,5,5,7,5,2,6,6,1,1,1,1,1,1,1,0,0,1,0,1,0,0,1,1,1,1,4,2,2,1,30,1,1,1,60,1,1,2
7700,5.0,1.0,1.0,1.0,5.0,1.0,1.0,5.0,2.0,2.0,1.0,4.0,5.0,1.0,4.0,2.0,1.0,5.0,5.0,5.0,6,6,5,6,5,5,4,5,3,7,0,1,0,0,0,0,1,0,0,0,0,0,1,1,1,1,4,3,1,2,26,1,2,1,60,1,1,3
7701,4.0,4.0,2.0,1.0,2.0,2.0,1.0,4.0,2.0,4.0,1.0,5.0,2.0,1.0,2.0,2.0,1.0,4.0,4.0,2.0,6,5,3,2,7,1,4,5,3,1,1,1,1,1,1,0,1,1,0,1,1,0,1,1,1,1,4,2,1,1,49,1,7,1,60,1,2,4
7702,2.0,2.0,3.0,3.0,2.0,1.0,1.0,3.0,5.0,4.0,1.0,2.0,1.0,2.0,4.0,4.0,1.0,4.0,5.0,1.0,1,1,6,2,4,6,2,2,7,5,1,1,0,1,1,0,0,0,0,1,0,0,1,1,1,1,3,2,2,1,37,1,1,1,70,1,1,2
7703,1.0,2.0,1.0,4.0,4.0,2.0,1.0,5.0,5.0,5.0,1.0,5.0,1.0,1.0,2.0,1.0,2.0,1.0,5.0,5.0,3,5,7,1,6,6,5,2,7,5,1,1,1,1,1,0,0,0,0,1,0,1,1,1,1,1,2,3,1,1,56,1,6,1,50,1,2,6
7704,3.0,4.0,3.0,4.0,3.0,4.0,3.0,2.0,4.0,4.0,3.0,1.0,3.0,2.0,5.0,4.0,3.0,2.0,3.0,1.0,3,5,5,5,5,3,5,1,5,5,0,0,0,0,0,0,0,0,0,0,0,0,0,0,0,0,2,3,2,1,41,1,4,1,60,1,2,3
7705,3.0,3.0,1.0,4.0,2.0,2.0,1.0,1.0,5.0,3.0,1.0,2.0,1.0,2.0,3.0,2.0,2.0,1.0,2.0,1.0,4,5,5,2,3,2,7,4,6,5,1,1,1,1,1,0,1,1,0,1,1,0,1,1,1,1,3,1,2,1,60,2,4,1,70,1,2,4
7706,5.0,4.0,5.0,4.0,4.0,1.0,4.0,2.0,4.0,5.0,3.0,5.0,2.0,1.0,4.0,4.0,1.0,4.0,5.0,4.0,6,6,5,2,7,6,5,6,4,1,1,1,0,1,1,0,0,1,0,1,0,0,1,1,1,1,4,2,2,2,28,1,7,1,30,2,1,3
7707,3.0,1.0,1.0,1.0,5.0,1.0,2.0,2.0,1.0,2.0,1.0,5.0,5.0,1.0,1.0,1.0,1.0,4.0,1.0,5.0,1,7,4,2,4,5,3,3,3,5,1,1,1,1,1,0,0,0,0,1,0,0,0,1,1,1,3,1,2,1,27,1,7,1,60,1,2,4
7708,4.0,5.0,2.0,4.0,4.0,1.0,1.0,4.0,4.0,1.0,1.0,5.0,3.0,4.0,5.0,1.0,1.0,5.0,5.0,5.0,3,7,7,5,6,5,6,5,5,6,1,1,1,1,1,0,0,0,0,1,0,0,1,1,1,1,3,2,1,1,39,1,7,2,60,1,2,5
7709,1.0,1.0,2.0,5.0,4.0,1.0,4.0,4.0,5.0,4.0,1.0,4.0,1.0,2.0,2.0,2.0,4.0,4.0,5.0,1.0,3,7,5,6,5,3,5,2,3,5,1,1,1,1,1,1,0,0,0,1,0,0,1,1,1,1,3,2,2,2,21,1,7,1,60,2,1,5
7710,1.0,4.0,2.0,4.0,1.0,2.0,1.0,2.0,5.0,4.0,1.0,1.0,1.0,2.0,1.0,4.0,2.0,2.0,5.0,1.0,5,1,7,2,5,3,7,1,5,5,1,1,0,1,1,0,0,0,0,1,0,0,1,1,1,1,4,2,2,1,54,1,6,1,60,1,3,3
7711,1.0,2.0,2.0,4.0,4.0,2.0,2.0,3.0,5.0,5.0,3.0,4.0,2.0,3.0,1.0,3.0,1.0,3.0,5.0,1.0,2,4,5,6,6,1,7,1,3,4,1,1,1,1,1,0,0,0,0,1,0,0,1,0,1,1,3,3,2,1,33,1,6,2,30,1,1,2
7712,1.0,2.0,2.0,4.0,4.0,4.0,1.0,2.0,5.0,5.0,2.0,5.0,2.0,2.0,2.0,2.0,4.0,2.0,4.0,1.0,6,5,6,5,6,3,6,3,5,2,1,1,0,1,1,0,0,0,0,1,0,0,1,1,1,1,4,2,2,1,42,1,2,1,60,1,1,1
7713,1.0,3.0,4.0,1.0,4.0,4.0,3.0,3.0,4.0,4.0,2.0,2.0,1.0,1.0,3.0,1.0,2.0,3.0,1.0,2.0,4,3,5,5,6,4,6,2,4,1,1,1,1,1,1,0,0,1,0,1,0,0,1,1,1,1,4,1,1,1,61,2,6,1,60,1,2,3
7714,3.0,4.0,3.0,4.0,5.0,4.0,4.0,4.0,5.0,4.0,2.0,5.0,5.0,2.0,1.0,2.0,2.0,3.0,5.0,4.0,3,5,3,5,7,3,7,7,3,3,1,1,0,1,1,1,0,1,0,1,0,0,1,1,1,1,3,1,1,1,29,1,7,1,60,1,2,4
7715,5.0,5.0,3.0,2.0,5.0,4.0,2.0,5.0,2.0,2.0,1.0,5.0,4.0,1.0,3.0,4.0,2.0,4.0,5.0,4.0,2,5,6,1,5,6,3,2,7,2,1,1,1,1,1,0,0,1,0,1,0,0,1,1,1,1,3,3,1,1,30,1,2,1,70,2,1,2
7716,5.0,4.0,2.0,4.0,2.0,1.0,1.0,4.0,2.0,1.0,1.0,4.0,5.0,1.0,5.0,1.0,1.0,4.0,5.0,4.0,7,5,6,5,7,2,7,5,3,2,1,1,1,1,1,0,0,1,1,1,0,1,1,1,1,1,3,2,1,1,32,1,5,1,60,1,3,4
7717,5.0,4.0,1.0,4.0,4.0,1.0,1.0,4.0,4.0,2.0,1.0,5.0,4.0,2.0,5.0,2.0,2.0,5.0,4.0,1.0,2,2,5,3,2,5,6,2,5,5,1,0,1,1,1,0,0,1,0,1,0,0,1,1,1,1,4,1,1,1,35,1,1,5,60,1,1,2
7718,4.0,3.0,2.0,3.0,4.0,4.0,1.0,4.0,3.0,2.0,3.0,3.0,3.0,2.0,4.0,2.0,1.0,4.0,5.0,2.0,5,6,7,2,5,4,5,3,6,3,1,1,1,1,1,1,1,1,0,1,0,0,1,1,1,1,4,2,1,1,35,1,1,1,60,2,2,1
7719,1.0,2.0,4.0,2.0,2.0,2.0,2.0,4.0,5.0,4.0,1.0,5.0,4.0,1.0,4.0,1.0,1.0,4.0,5.0,3.0,2,6,4,2,5,3,6,3,6,4,1,1,1,1,1,0,1,1,0,1,0,0,1,1,1,1,3,2,2,1,36,1,2,1,60,1,2,4
7720,4.0,4.0,4.0,4.0,4.0,4.0,2.0,2.0,5.0,4.0,2.0,4.0,2.0,2.0,4.0,4.0,4.0,4.0,4.0,4.0,7,1,7,2,6,3,6,3,7,3,1,1,0,1,1,0,0,0,0,1,0,0,1,1,1,1,3,3,1,1,38,1,12,3,70,2,1,4
7721,1.0,2.0,4.0,4.0,1.0,4.0,2.0,1.0,5.0,4.0,2.0,4.0,1.0,2.0,1.0,4.0,1.0,1.0,5.0,1.0,5,5,7,2,7,2,7,1,6,1,1,1,0,1,1,0,0,1,0,1,0,1,1,1,1,1,4,3,2,1,46,1,7,1,60,2,1,2
7722,1.0,5.0,4.0,5.0,4.0,1.0,2.0,1.0,5.0,5.0,1.0,4.0,1.0,1.0,4.0,1.0,1.0,1.0,5.0,4.0,1,6,5,6,3,5,5,6,2,3,1,1,0,1,1,0,0,1,0,1,0,0,1,1,1,1,3,3,1,1,36,1,2,1,60,1,2,5
7723,2.0,4.0,2.0,3.0,3.0,4.0,1.0,1.0,4.0,3.0,3.0,2.0,4.0,3.0,4.0,2.0,2.0,4.0,2.0,3.0,5,4,5,3,6,6,5,5,5,2,1,1,0,1,1,0,0,0,0,0,1,0,1,1,1,1,3,3,1,1,21,1,12,1,60,2,1,2
7724,3.0,2.0,2.0,2.0,4.0,2.0,1.0,3.0,5.0,3.0,1.0,5.0,1.0,1.0,5.0,1.0,5.0,1.0,5.0,1.0,3,2,7,1,5,5,5,2,7,3,1,1,1,1,1,0,1,0,0,1,0,0,1,1,1,1,4,2,1,1,57,1,7,1,60,1,2,4
7725,5.0,5.0,1.0,1.0,5.0,1.0,1.0,5.0,1.0,1.0,1.0,5.0,5.0,1.0,5.0,1.0,1.0,5.0,5.0,5.0,1,7,7,6,6,6,1,3,6,1,1,1,1,1,1,0,0,1,0,1,0,0,1,1,1,1,1,3,1,1,27,3,1,4,60,1,1,1
7726,2.0,3.0,2.0,4.0,5.0,1.0,1.0,2.0,4.0,2.0,2.0,5.0,4.0,3.0,5.0,1.0,3.0,4.0,5.0,1.0,3,5,5,3,4,7,6,2,5,4,0,0,0,0,1,0,0,0,0,0,0,0,0,0,1,0,3,3,2,1,24,1,2,3,60,1,1,2
7727,4.0,4.0,2.0,2.0,4.0,1.0,2.0,2.0,5.0,2.0,1.0,5.0,4.0,1.0,2.0,1.0,2.0,4.0,5.0,5.0,1,5,5,1,7,7,5,5,5,1,1,1,1,1,1,0,0,0,1,1,0,0,1,1,1,1,3,3,1,1,37,3,12,2,30,1,1,2
7728,1.0,4.0,2.0,5.0,2.0,2.0,1.0,4.0,5.0,3.0,2.0,3.0,1.0,2.0,4.0,1.0,2.0,3.0,4.0,1.0,2,3,6,5,4,3,6,5,5,4,1,1,1,1,1,0,1,1,0,1,1,0,1,1,1,1,4,2,1,1,61,2,9,1,60,1,1,2
7729,3.0,5.0,1.0,2.0,4.0,2.0,1.0,5.0,4.0,1.0,1.0,5.0,5.0,1.0,5.0,1.0,1.0,4.0,5.0,1.0,4,7,7,1,7,4,2,1,7,1,1,1,1,1,1,0,0,0,0,1,1,0,1,1,1,1,3,3,2,1,47,1,1,1,60,1,1,1
7730,2.0,4.0,1.0,5.0,1.0,1.0,1.0,2.0,5.0,2.0,3.0,2.0,1.0,4.0,4.0,2.0,4.0,3.0,5.0,1.0,5,6,7,1,7,2,3,1,5,0,1,1,0,1,1,0,0,0,0,1,0,0,1,1,1,1,3,1,1,1,50,2,4,1,60,1,2,2
7731,3.0,5.0,1.0,2.0,5.0,1.0,1.0,5.0,2.0,2.0,1.0,5.0,4.0,2.0,4.0,4.0,1.0,5.0,5.0,4.0,1,5,5,6,3,7,3,2,4,2,1,1,1,1,1,0,0,1,0,1,1,0,1,1,1,1,3,3,1,2,27,1,1,1,70,1,1,2
7732,5.0,5.0,2.0,4.0,5.0,1.0,1.0,4.0,2.0,5.0,1.0,5.0,4.0,4.0,5.0,1.0,1.0,5.0,5.0,1.0,6,5,3,3,7,2,6,6,7,2,1,1,0,1,1,0,0,0,0,1,1,0,1,1,1,1,4,1,1,1,36,1,2,1,60,2,1,5
7733,5.0,5.0,5.0,3.0,3.0,1.0,1.0,4.0,5.0,1.0,1.0,4.0,4.0,1.0,4.0,2.0,1.0,5.0,5.0,3.0,5,4,6,5,7,5,6,2,5,3,1,1,1,1,1,1,0,1,1,1,0,1,1,1,1,1,3,1,2,1,32,1,12,1,60,2,2,2
7734,1.0,3.0,4.0,4.0,2.0,3.0,1.0,2.0,5.0,5.0,1.0,5.0,1.0,1.0,4.0,1.0,2.0,2.0,2.0,1.0,1,6,2,1,5,7,6,6,5,3,1,1,1,1,1,0,0,1,0,1,1,1,1,1,1,1,4,3,1,1,24,1,1,1,60,2,1,2
7735,4.0,2.0,2.0,5.0,3.0,2.0,1.0,2.0,4.0,4.0,1.0,2.0,2.0,2.0,3.0,1.0,4.0,4.0,3.0,4.0,3,4,6,5,4,5,5,1,4,3,1,1,1,1,1,0,1,1,0,1,1,0,1,1,1,1,4,2,2,1,28,1,6,1,60,1,1,2
7736,5.0,5.0,1.0,1.0,5.0,1.0,1.0,5.0,1.0,1.0,1.0,5.0,5.0,1.0,5.0,1.0,1.0,5.0,5.0,5.0,6,6,6,7,5,5,5,5,3,7,1,1,0,0,0,0,1,0,0,1,0,1,1,1,1,1,4,2,1,2,26,1,2,1,60,1,1,3
7737,1.0,1.0,1.0,4.0,1.0,1.0,1.0,2.0,5.0,2.0,1.0,1.0,1.0,3.0,4.0,2.0,3.0,1.0,4.0,1.0,1,7,6,7,6,7,4,3,3,6,1,1,0,1,1,0,0,0,0,1,0,0,1,1,1,1,4,3,2,1,24,1,5,1,60,1,1,6
7738,4.0,4.0,1.0,1.0,4.0,1.0,1.0,2.0,5.0,1.0,1.0,4.0,1.0,4.0,1.0,1.0,1.0,2.0,5.0,1.0,6,5,7,2,6,1,2,3,6,3,1,1,0,1,1,0,0,0,0,1,0,0,1,1,1,1,3,1,2,1,26,0,1,1,60,1,1,2
7739,5.0,5.0,1.0,2.0,2.0,1.0,2.0,3.0,2.0,2.0,1.0,3.0,5.0,2.0,4.0,4.0,1.0,2.0,5.0,2.0,5,6,7,2,4,3,2,1,6,5,1,1,1,1,1,0,1,0,0,1,0,0,1,1,1,1,4,3,1,1,42,1,6,3,60,2,2,2
7740,2.0,2.0,5.0,3.0,4.0,4.0,4.0,1.0,4.0,3.0,2.0,3.0,3.0,1.0,3.0,2.0,1.0,3.0,4.0,1.0,4,3,6,4,6,3,6,3,3,2,1,1,1,1,1,0,0,0,1,1,0,0,0,1,1,1,2,3,2,1,20,3,7,5,60,2,1,1
7741,3.0,1.0,5.0,4.0,3.0,5.0,5.0,4.0,5.0,4.0,5.0,1.0,2.0,3.0,1.0,3.0,5.0,1.0,1.0,1.0,5,6,3,5,6,5,6,1,7,3,1,0,0,1,1,0,0,0,0,1,0,1,0,0,0,1,2,1,1,1,16,1,7,1,60,2,1,1
7742,2.0,4.0,2.0,4.0,2.0,2.0,1.0,3.0,5.0,4.0,4.0,4.0,2.0,3.0,3.0,4.0,4.0,4.0,5.0,1.0,3,3,7,1,7,5,5,3,6,1,1,1,0,1,1,0,0,0,0,1,0,0,1,1,1,1,3,3,1,1,19,2,2,1,60,1,1,2
7743,1.0,4.0,2.0,4.0,1.0,1.0,2.0,2.0,5.0,4.0,1.0,2.0,4.0,2.0,4.0,1.0,3.0,4.0,4.0,1.0,7,5,7,7,7,1,7,2,6,1,1,1,1,1,1,1,0,1,0,1,1,1,1,1,1,1,4,2,2,1,52,1,9,1,60,1,3,2
7744,4.0,5.0,1.0,2.0,5.0,1.0,1.0,2.0,4.0,1.0,2.0,4.0,4.0,1.0,5.0,1.0,2.0,5.0,5.0,1.0,2,5,7,5,7,7,3,1,6,5,1,1,1,1,1,0,1,1,0,1,0,0,1,1,1,1,3,2,2,1,23,1,2,4,60,1,1,2
7745,4.0,4.0,3.0,1.0,5.0,1.0,1.0,4.0,4.0,1.0,1.0,5.0,4.0,2.0,4.0,1.0,1.0,5.0,5.0,1.0,6,5,7,1,7,5,6,2,6,1,1,1,1,1,1,0,1,1,0,1,1,1,1,1,1,1,3,1,2,1,26,1,1,1,60,2,1,2
7746,3.0,1.0,3.0,4.0,2.0,4.0,4.0,1.0,5.0,3.0,2.0,4.0,1.0,3.0,2.0,4.0,3.0,2.0,2.0,1.0,5,1,6,1,6,6,7,5,7,1,1,1,1,1,1,0,0,0,0,1,0,0,1,1,1,1,4,2,2,1,49,1,4,1,60,1,2,3
7747,2.0,3.0,4.0,4.0,1.0,2.0,3.0,1.0,4.0,2.0,1.0,2.0,1.0,4.0,2.0,2.0,4.0,3.0,5.0,1.0,5,3,6,4,5,3,6,2,5,2,1,1,1,1,1,0,1,0,0,1,1,0,1,1,1,1,3,2,2,1,55,1,12,1,60,1,1,5
7748,1.0,1.0,5.0,5.0,4.0,5.0,5.0,4.0,5.0,5.0,5.0,3.0,2.0,5.0,1.0,5.0,2.0,1.0,5.0,1.0,4,3,6,3,6,6,6,4,6,3,1,1,1,1,1,0,0,1,0,1,0,0,1,1,1,1,3,1,2,1,60,1,4,1,60,1,2,5
7749,1.0,4.0,3.0,1.0,4.0,4.0,1.0,1.0,5.0,5.0,1.0,4.0,3.0,1.0,3.0,1.0,1.0,5.0,5.0,1.0,5,5,5,4,7,6,7,7,7,1,1,1,1,1,1,0,0,1,0,1,1,0,1,1,1,1,3,1,1,1,41,1,1,2,60,1,1,4
7750,2.0,4.0,3.0,5.0,4.0,5.0,5.0,2.0,5.0,5.0,2.0,2.0,2.0,3.0,4.0,4.0,4.0,2.0,4.0,2.0,6,1,6,4,3,2,5,4,5,2,1,1,1,1,1,0,0,1,0,1,1,0,1,1,1,1,3,3,2,1,42,1,7,1,0,1,1,2
7751,2.0,4.0,2.0,4.0,3.0,2.0,2.0,5.0,5.0,5.0,1.0,5.0,5.0,2.0,5.0,2.0,1.0,5.0,5.0,1.0,1,5,6,7,3,7,7,6,5,1,1,1,1,1,1,0,0,0,0,1,0,1,1,1,1,1,3,2,2,1,58,1,6,1,60,1,3,4
7752,4.0,2.0,4.0,3.0,2.0,5.0,5.0,4.0,4.0,5.0,1.0,4.0,4.0,1.0,1.0,1.0,5.0,4.0,5.0,1.0,7,5,7,3,5,2,6,1,3,1,1,1,1,1,1,0,0,1,0,1,0,0,1,1,1,1,4,3,2,1,29,1,7,1,60,1,2,2
7753,4.0,1.0,2.0,3.0,3.0,2.0,1.0,2.0,5.0,4.0,3.0,4.0,3.0,1.0,4.0,3.0,1.0,3.0,5.0,1.0,2,6,3,3,5,4,4,4,3,5,1,1,0,1,1,0,0,0,0,1,0,1,1,1,1,1,3,3,2,1,43,2,1,1,60,1,2,4
7754,5.0,4.0,2.0,2.0,3.0,2.0,2.0,1.0,4.0,2.0,1.0,5.0,4.0,2.0,4.0,1.0,2.0,4.0,5.0,2.0,4,6,6,3,5,5,4,2,5,2,1,1,1,1,1,0,1,1,0,1,1,0,1,1,1,1,2,2,1,1,32,1,2,1,60,1,1,2
7755,3.0,5.0,3.0,5.0,5.0,1.0,1.0,4.0,4.0,2.0,1.0,4.0,1.0,2.0,5.0,5.0,3.0,4.0,5.0,1.0,6,7,3,2,6,3,7,6,5,2,1,0,1,1,1,0,0,0,0,1,0,0,1,1,0,0,3,1,2,1,29,1,7,2,60,1,2,2
7756,2.0,4.0,3.0,4.0,3.0,1.0,1.0,4.0,4.0,4.0,3.0,1.0,1.0,4.0,3.0,5.0,2.0,2.0,5.0,2.0,2,5,5,3,5,6,7,5,6,5,1,1,1,1,1,0,0,0,0,1,0,0,1,1,1,1,3,2,1,1,52,1,1,1,60,1,2,4
7757,3.0,4.0,1.0,2.0,2.0,3.0,2.0,2.0,5.0,2.0,1.0,5.0,4.0,2.0,5.0,3.0,1.0,4.0,4.0,1.0,5,5,7,3,5,3,6,1,6,1,1,1,0,1,1,0,1,1,0,1,0,0,1,1,1,1,4,1,1,1,37,1,2,1,60,1,3,2
7758,1.0,1.0,4.0,5.0,2.0,1.0,2.0,1.0,5.0,5.0,4.0,2.0,1.0,4.0,1.0,4.0,2.0,4.0,5.0,1.0,2,1,6,3,6,7,7,1,6,4,1,1,0,1,1,1,1,1,0,1,0,1,1,1,1,1,4,2,2,1,61,1,7,1,60,1,3,2
7759,4.0,3.0,3.0,2.0,3.0,4.0,1.0,4.0,2.0,4.0,1.0,4.0,5.0,1.0,3.0,1.0,1.0,3.0,5.0,1.0,5,6,7,5,6,4,3,5,4,4,1,1,1,1,1,0,1,1,0,1,0,1,1,1,1,1,2,3,3,1,19,1,2,5,70,2,1,2
7760,5.0,1.0,1.0,1.0,5.0,1.0,1.0,2.0,3.0,1.0,1.0,1.0,5.0,1.0,1.0,1.0,1.0,5.0,5.0,1.0,7,5,6,2,7,1,6,1,7,1,1,1,0,1,1,1,0,0,0,1,0,0,1,1,1,1,3,2,1,1,45,1,7,1,60,1,2,1
7761,1.0,1.0,4.0,4.0,4.0,1.0,2.0,2.0,5.0,1.0,2.0,1.0,5.0,5.0,1.0,4.0,4.0,4.0,2.0,4.0,6,5,5,5,6,1,5,1,5,1,1,1,0,1,1,0,0,0,0,1,0,0,0,1,1,1,3,3,2,1,36,1,7,5,70,2,1,7
7762,2.0,1.0,1.0,5.0,2.0,5.0,3.0,1.0,5.0,5.0,1.0,1.0,1.0,3.0,1.0,4.0,1.0,1.0,1.0,1.0,6,1,7,2,7,4,6,1,7,2,1,1,1,1,1,0,0,0,0,1,0,1,1,1,1,1,4,1,1,1,66,3,7,1,60,1,3,2
7763,2.0,4.0,3.0,5.0,4.0,1.0,2.0,1.0,5.0,5.0,4.0,1.0,1.0,5.0,2.0,2.0,2.0,2.0,1.0,1.0,2,5,7,3,5,6,7,3,5,2,1,1,1,1,1,0,0,1,0,1,0,0,1,1,1,1,3,2,1,1,42,1,4,1,60,1,2,3
7764,4.0,4.0,5.0,4.0,4.0,3.0,1.0,2.0,5.0,4.0,5.0,5.0,4.0,1.0,4.0,2.0,1.0,1.0,3.0,1.0,7,5,7,1,7,2,6,1,7,2,1,1,1,1,1,0,1,1,0,1,1,0,1,1,1,1,4,2,1,1,57,1,9,1,60,1,2,2
7765,4.0,5.0,1.0,2.0,5.0,4.0,2.0,5.0,5.0,1.0,1.0,2.0,5.0,2.0,4.0,4.0,4.0,5.0,5.0,1.0,2,6,7,6,6,7,3,1,3,1,1,1,0,1,1,0,0,1,0,1,0,0,0,1,1,1,2,3,2,1,48,1,4,1,60,2,2,2
7766,2.0,1.0,3.0,3.0,4.0,1.0,1.0,2.0,5.0,5.0,1.0,1.0,1.0,1.0,1.0,4.0,4.0,2.0,4.0,1.0,5,2,6,7,7,6,7,5,3,1,1,1,1,1,1,0,0,0,0,1,0,1,1,1,1,1,3,2,2,1,25,1,1,2,60,1,1,4
7767,3.0,5.0,2.0,3.0,2.0,3.0,2.0,2.0,5.0,2.0,1.0,4.0,4.0,2.0,4.0,2.0,1.0,4.0,5.0,3.0,3,3,4,4,5,4,5,5,4,3,1,1,1,1,1,0,0,0,0,1,0,0,1,1,1,1,2,2,1,1,27,1,1,1,60,2,1,1
7768,2.0,1.0,4.0,5.0,1.0,5.0,3.0,2.0,5.0,2.0,3.0,2.0,3.0,5.0,3.0,4.0,2.0,4.0,4.0,1.0,6,2,5,2,6,2,6,3,5,1,1,1,0,1,1,0,0,0,0,1,0,1,0,1,1,1,3,1,2,1,49,1,7,1,60,1,3,3
7769,3.0,1.0,1.0,2.0,4.0,5.0,1.0,5.0,4.0,1.0,1.0,4.0,1.0,1.0,5.0,1.0,5.0,5.0,5.0,1.0,6,7,4,5,7,1,4,2,6,5,1,1,0,1,1,0,0,0,0,1,0,0,1,0,1,1,2,2,2,1,22,1,12,1,70,1,1,2
7770,1.0,3.0,2.0,3.0,3.0,2.0,1.0,1.0,2.0,2.0,1.0,4.0,1.0,2.0,4.0,1.0,1.0,2.0,4.0,1.0,3,6,2,7,5,3,4,5,2,1,1,1,1,1,1,0,1,1,0,1,1,0,1,1,1,1,3,2,2,1,31,1,4,1,60,1,1,3
7771,1.0,2.0,2.0,4.0,4.0,2.0,1.0,4.0,4.0,4.0,1.0,4.0,3.0,2.0,5.0,5.0,3.0,4.0,5.0,2.0,6,3,5,5,7,4,7,3,5,2,1,1,1,1,1,0,0,1,0,1,1,0,1,1,1,1,2,2,2,1,29,3,12,3,70,1,1,2
7772,1.0,2.0,1.0,3.0,4.0,1.0,1.0,5.0,4.0,2.0,2.0,3.0,2.0,4.0,5.0,1.0,1.0,5.0,5.0,1.0,6,5,7,2,7,6,4,5,6,2,1,1,1,1,1,0,1,1,0,1,1,0,1,1,1,1,4,2,1,1,50,3,12,1,50,1,3,3
7773,5.0,3.0,2.0,3.0,4.0,2.0,1.0,5.0,1.0,2.0,1.0,4.0,5.0,2.0,5.0,1.0,1.0,4.0,5.0,4.0,2,4,7,4,6,5,4,1,7,1,1,1,1,1,1,0,0,1,0,1,1,0,1,1,1,1,4,2,1,1,40,1,6,1,60,1,2,2
7774,2.0,2.0,2.0,5.0,1.0,1.0,1.0,2.0,5.0,5.0,3.0,5.0,4.0,4.0,5.0,1.0,1.0,4.0,5.0,1.0,2,5,7,5,2,6,6,2,6,5,1,1,1,1,1,0,1,0,0,1,0,0,1,1,1,1,3,2,2,1,41,1,6,1,60,1,1,2
7775,5.0,1.0,1.0,5.0,5.0,1.0,1.0,4.0,5.0,1.0,1.0,5.0,4.0,1.0,5.0,1.0,1.0,1.0,5.0,5.0,1,1,7,1,7,7,1,1,7,7,1,1,1,1,1,0,0,0,0,1,0,1,1,1,1,1,2,2,1,1,41,1,2,1,60,2,2,3
7776,3.0,4.0,2.0,2.0,4.0,2.0,1.0,3.0,3.0,1.0,1.0,4.0,2.0,2.0,4.0,2.0,2.0,4.0,5.0,4.0,3,5,3,4,3,5,5,2,5,4,1,1,1,1,1,0,0,0,0,1,0,0,1,1,1,1,4,2,2,1,25,1,4,1,60,1,1,2
7777,2.0,4.0,4.0,4.0,4.0,1.0,1.0,1.0,4.0,5.0,1.0,5.0,1.0,4.0,4.0,1.0,2.0,4.0,5.0,1.0,3,1,5,3,6,3,5,3,5,3,1,1,1,1,1,0,1,1,0,1,0,1,1,1,1,1,4,1,1,1,42,1,6,1,60,0,2,1
7778,1.0,2.0,2.0,4.0,5.0,2.0,1.0,2.0,5.0,4.0,2.0,1.0,2.0,2.0,2.0,4.0,1.0,2.0,3.0,1.0,6,2,6,7,7,2,4,1,6,2,1,1,1,1,1,0,0,1,0,1,1,1,1,1,1,1,4,2,2,1,33,1,1,1,60,1,2,2
7779,1.0,1.0,3.0,5.0,1.0,4.0,2.0,1.0,5.0,1.0,1.0,1.0,1.0,5.0,3.0,4.0,3.0,1.0,5.0,1.0,7,5,7,4,6,1,6,1,6,1,1,1,0,1,1,1,0,1,0,1,0,0,1,1,1,1,3,1,2,1,29,1,1,1,60,1,1,2
7780,1.0,1.0,5.0,5.0,1.0,1.0,1.0,1.0,5.0,4.0,5.0,1.0,1.0,4.0,4.0,1.0,1.0,1.0,5.0,1.0,5,3,3,2,6,3,3,2,6,2,1,1,1,1,1,0,1,1,0,1,1,0,1,1,1,1,3,2,2,1,57,1,9,1,60,2,1,3
7781,1.0,2.0,2.0,4.0,4.0,2.0,2.0,2.0,4.0,3.0,2.0,3.0,2.0,1.0,2.0,3.0,4.0,2.0,5.0,3.0,5,3,6,2,6,6,3,5,6,2,0,0,1,0,0,1,1,1,1,0,1,1,0,0,0,0,3,2,1,1,42,1,2,1,60,1,2,3
7782,4.0,5.0,1.0,1.0,5.0,1.0,1.0,5.0,2.0,2.0,1.0,2.0,1.0,1.0,3.0,4.0,3.0,5.0,5.0,4.0,1,5,1,7,2,7,7,7,1,1,1,1,1,1,1,0,0,0,0,1,0,1,1,1,1,1,2,2,3,1,25,1,1,5,60,2,1,2
7783,4.0,5.0,4.0,1.0,4.0,1.0,1.0,5.0,5.0,2.0,1.0,5.0,5.0,1.0,5.0,1.0,1.0,4.0,5.0,4.0,1,6,5,2,6,4,5,2,6,2,1,1,1,1,1,0,1,1,0,1,0,0,1,1,1,1,3,3,1,1,50,1,6,1,60,2,3,3
7784,4.0,1.0,2.0,1.0,5.0,1.0,2.0,5.0,2.0,2.0,1.0,5.0,5.0,1.0,2.0,2.0,5.0,5.0,5.0,5.0,7,4,6,2,7,1,5,1,6,1,1,1,1,1,1,0,0,0,0,1,0,0,0,1,1,1,3,1,2,1,60,1,7,1,60,1,2,2
7785,4.0,4.0,2.0,2.0,4.0,1.0,1.0,4.0,4.0,2.0,1.0,5.0,4.0,2.0,4.0,1.0,1.0,3.0,5.0,4.0,1,5,6,5,3,5,4,2,5,3,1,1,0,1,1,0,0,0,0,1,0,0,1,1,1,1,3,2,2,1,42,1,4,1,60,1,1,2
7786,4.0,4.0,2.0,1.0,3.0,1.0,1.0,4.0,4.0,5.0,2.0,4.0,1.0,2.0,5.0,2.0,2.0,3.0,5.0,1.0,7,6,7,1,5,1,6,1,7,1,1,1,1,1,1,0,1,1,0,1,0,0,1,1,1,1,4,2,2,1,56,1,4,1,70,1,2,4
7787,3.0,4.0,3.0,2.0,5.0,1.0,1.0,4.0,4.0,1.0,1.0,5.0,2.0,1.0,1.0,1.0,1.0,3.0,5.0,4.0,2,1,6,2,7,6,5,2,5,3,1,1,1,1,1,0,1,1,0,1,1,1,1,1,1,1,4,3,2,1,45,1,2,1,60,2,1,3
7788,1.0,3.0,4.0,3.0,4.0,5.0,5.0,4.0,5.0,4.0,1.0,5.0,3.0,2.0,4.0,5.0,2.0,3.0,3.0,5.0,7,1,7,3,7,2,7,4,6,2,1,1,0,1,1,0,0,1,0,1,0,0,1,1,1,1,3,3,2,1,54,3,6,1,70,1,3,3
7789,3.0,2.0,2.0,3.0,4.0,2.0,3.0,3.0,5.0,4.0,1.0,3.0,4.0,2.0,3.0,3.0,4.0,4.0,4.0,4.0,4,3,6,6,6,5,4,3,5,2,0,0,0,0,1,0,0,0,0,1,0,1,0,1,0,1,3,1,1,1,48,1,1,1,60,1,2,1
7790,4.0,4.0,4.0,5.0,1.0,2.0,2.0,1.0,4.0,2.0,4.0,4.0,1.0,4.0,3.0,5.0,2.0,1.0,5.0,1.0,5,6,7,7,6,7,7,1,3,2,1,1,0,1,1,0,1,1,0,1,0,0,1,1,1,1,2,2,2,1,18,2,2,2,60,1,1,1
7791,1.0,2.0,3.0,4.0,1.0,2.0,4.0,1.0,5.0,5.0,2.0,3.0,2.0,4.0,2.0,2.0,3.0,4.0,4.0,1.0,5,2,6,2,5,5,7,1,6,1,1,1,1,1,1,0,0,1,0,1,0,0,1,1,1,1,3,2,2,1,61,1,6,1,60,1,3,3
7792,1.0,1.0,2.0,2.0,4.0,4.0,1.0,5.0,5.0,2.0,1.0,5.0,1.0,2.0,4.0,5.0,1.0,5.0,5.0,5.0,2,1,7,1,7,5,3,3,7,1,1,1,1,1,1,0,0,1,0,1,0,1,1,1,1,1,4,2,2,1,53,1,6,1,60,1,2,2
7793,2.0,1.0,3.0,3.0,2.0,2.0,2.0,2.0,5.0,5.0,1.0,5.0,1.0,4.0,1.0,1.0,1.0,4.0,5.0,2.0,2,5,7,5,7,1,6,1,6,1,1,1,1,1,1,0,0,1,0,1,1,0,1,1,1,1,4,3,2,1,66,1,0,0,60,1,2,2
7794,4.0,2.0,1.0,5.0,2.0,2.0,2.0,1.0,4.0,5.0,1.0,1.0,5.0,5.0,5.0,1.0,1.0,2.0,5.0,5.0,7,2,7,5,7,4,7,3,7,1,1,1,1,1,1,0,1,1,0,1,1,0,1,1,1,1,3,2,2,1,55,1,12,1,60,1,1,2
7795,5.0,5.0,1.0,1.0,5.0,5.0,3.0,5.0,5.0,5.0,1.0,5.0,1.0,1.0,1.0,4.0,1.0,4.0,5.0,3.0,2,6,7,7,5,7,1,1,1,4,1,1,1,1,1,0,0,0,0,1,0,0,0,1,1,1,3,3,1,1,45,1,6,1,60,1,2,2
7796,2.0,2.0,4.0,4.0,2.0,1.0,2.0,2.0,5.0,4.0,2.0,2.0,1.0,2.0,3.0,2.0,2.0,2.0,5.0,2.0,2,2,6,2,5,6,4,2,6,3,1,1,0,1,1,0,0,0,0,1,0,0,1,1,1,1,4,1,1,1,58,2,4,1,60,1,2,3
7797,1.0,2.0,4.0,5.0,1.0,4.0,2.0,1.0,5.0,5.0,2.0,2.0,1.0,2.0,3.0,4.0,4.0,2.0,4.0,1.0,6,1,7,2,6,2,7,1,6,1,1,1,0,1,1,1,0,0,0,1,0,0,1,1,1,1,3,3,2,1,51,1,1,1,60,2,2,2
7798,5.0,1.0,3.0,4.0,4.0,1.0,3.0,1.0,4.0,3.0,2.0,5.0,2.0,1.0,3.0,3.0,4.0,2.0,5.0,2.0,1,4,7,4,6,7,4,5,3,1,1,1,1,1,1,1,0,0,0,1,0,0,0,1,1,1,3,1,2,1,22,1,1,1,60,1,1,2
7799,1.0,1.0,4.0,5.0,1.0,4.0,4.0,1.0,5.0,5.0,5.0,1.0,1.0,5.0,4.0,5.0,3.0,1.0,5.0,1.0,7,1,4,5,3,1,7,5,3,1,1,1,1,1,1,0,0,1,0,1,0,0,0,1,1,1,3,3,2,1,46,1,4,1,70,1,2,2
7800,1.0,3.0,4.0,5.0,4.0,4.0,4.0,1.0,3.0,1.0,2.0,2.0,1.0,4.0,4.0,2.0,4.0,4.0,4.0,1.0,1,4,7,6,7,7,1,2,4,1,1,1,1,1,1,0,0,1,0,1,1,0,1,1,1,1,4,3,2,1,31,1,1,1,60,2,2,4
7801,3.0,4.0,2.0,5.0,4.0,2.0,1.0,2.0,3.0,3.0,2.0,3.0,5.0,1.0,3.0,1.0,1.0,4.0,5.0,2.0,5,5,6,1,7,1,6,1,5,6,1,1,0,1,1,0,0,0,0,1,0,0,1,1,1,1,3,3,1,1,48,1,6,1,60,1,1,2
7802,2.0,2.0,2.0,3.0,2.0,3.0,2.0,2.0,5.0,4.0,2.0,2.0,1.0,3.0,3.0,4.0,2.0,2.0,4.0,1.0,3,2,6,2,6,5,7,5,5,3,1,1,1,1,1,0,1,1,0,1,1,0,1,1,1,1,4,3,1,1,46,1,2,1,60,1,2,4
7803,1.0,3.0,1.0,4.0,4.0,5.0,3.0,4.0,5.0,4.0,2.0,4.0,1.0,2.0,4.0,5.0,1.0,4.0,5.0,1.0,6,1,6,4,5,3,6,5,6,3,1,1,1,1,1,0,1,1,0,1,0,0,1,1,1,1,4,1,2,1,42,1,4,1,60,1,2,4
7804,4.0,2.0,2.0,5.0,5.0,4.0,2.0,4.0,4.0,5.0,3.0,2.0,3.0,4.0,5.0,5.0,2.0,4.0,5.0,1.0,3,5,6,2,6,7,7,1,7,4,1,1,0,1,1,0,0,0,0,1,0,1,1,1,1,1,3,1,1,1,52,1,7,1,70,1,2,1
7805,2.0,4.0,4.0,4.0,3.0,4.0,4.0,4.0,4.0,5.0,2.0,3.0,4.0,2.0,4.0,4.0,1.0,2.0,2.0,1.0,5,3,5,3,2,4,5,3,6,5,1,1,1,1,1,0,0,0,0,1,0,0,1,1,1,1,3,1,2,1,35,1,4,1,60,1,1,3
7806,2.0,1.0,4.0,4.0,2.0,3.0,2.0,1.0,5.0,5.0,3.0,1.0,1.0,2.0,3.0,2.0,4.0,1.0,4.0,1.0,6,2,7,1,5,2,6,2,7,1,1,1,1,1,1,0,0,1,0,1,0,1,0,1,1,1,3,3,1,1,37,1,12,1,60,2,3,2
7807,4.0,4.0,4.0,4.0,2.0,1.0,2.0,4.0,4.0,2.0,1.0,5.0,1.0,1.0,3.0,1.0,4.0,5.0,5.0,1.0,6,4,7,3,6,2,6,1,5,3,1,1,0,1,1,1,1,0,0,1,1,0,1,1,1,1,3,2,1,1,62,1,4,1,0,1,2,4
7808,1.0,4.0,4.0,5.0,1.0,4.0,1.0,1.0,5.0,4.0,4.0,1.0,2.0,4.0,3.0,5.0,2.0,2.0,4.0,4.0,2,5,6,5,6,6,6,1,2,2,1,1,1,1,1,1,0,0,0,1,0,0,1,1,1,1,3,1,2,1,51,1,6,1,60,1,2,2
7809,4.0,4.0,4.0,5.0,4.0,1.0,1.0,1.0,5.0,4.0,1.0,4.0,1.0,5.0,4.0,4.0,4.0,4.0,5.0,4.0,7,7,5,6,7,2,7,6,5,2,1,1,1,1,1,0,0,1,0,1,1,0,1,1,1,1,3,2,2,1,41,1,2,0,60,1,2,2
7810,2.0,1.0,1.0,1.0,4.0,1.0,1.0,4.0,3.0,4.0,1.0,2.0,4.0,1.0,4.0,1.0,1.0,4.0,5.0,2.0,1,5,6,4,3,1,4,1,3,5,1,1,1,1,1,0,0,0,0,1,0,0,1,1,1,1,3,1,2,1,59,2,1,1,60,1,2,3
7811,2.0,4.0,3.0,4.0,2.0,3.0,4.0,2.0,5.0,2.0,1.0,3.0,1.0,4.0,5.0,4.0,4.0,4.0,1.0,1.0,6,2,6,6,4,3,6,3,4,4,1,1,1,1,1,0,0,0,0,1,0,0,1,1,1,1,3,2,2,1,33,1,4,1,10,2,2,2
7812,2.0,4.0,2.0,4.0,3.0,2.0,1.0,4.0,5.0,4.0,2.0,4.0,4.0,2.0,3.0,1.0,2.0,3.0,5.0,4.0,2,5,6,5,3,7,6,3,6,4,1,1,0,1,1,0,0,0,0,1,0,0,1,1,1,1,3,2,2,1,22,2,7,1,50,2,1,2
7813,4.0,1.0,3.0,3.0,5.0,3.0,1.0,4.0,5.0,1.0,1.0,5.0,1.0,1.0,3.0,3.0,1.0,1.0,1.0,3.0,4,6,4,4,5,4,6,5,7,4,1,1,1,1,1,0,0,0,0,1,0,0,1,1,1,1,3,2,1,1,31,1,5,1,60,2,1,5
7814,5.0,5.0,1.0,5.0,5.0,2.0,1.0,4.0,5.0,2.0,2.0,4.0,1.0,2.0,5.0,5.0,1.0,4.0,5.0,1.0,6,1,6,2,5,2,7,5,7,2,1,1,1,1,1,1,0,1,0,1,0,0,1,1,1,1,4,1,2,1,42,1,4,1,60,1,2,4
7815,2.0,4.0,1.0,4.0,3.0,2.0,1.0,1.0,4.0,4.0,1.0,1.0,2.0,2.0,4.0,2.0,4.0,2.0,5.0,4.0,1,2,7,5,5,6,7,1,5,6,1,1,1,1,1,0,0,0,1,1,0,0,1,1,1,1,3,2,2,1,38,1,4,2,60,1,1,2
7816,5.0,1.0,1.0,2.0,4.0,2.0,1.0,4.0,5.0,5.0,1.0,5.0,1.0,1.0,4.0,1.0,1.0,4.0,5.0,4.0,3,5,7,2,6,6,7,1,7,2,1,1,1,1,1,0,0,1,0,1,1,0,1,1,1,1,2,3,1,1,56,1,6,1,50,1,2,6
7817,4.0,4.0,5.0,2.0,4.0,4.0,3.0,4.0,5.0,2.0,2.0,4.0,3.0,2.0,3.0,3.0,1.0,3.0,5.0,4.0,3,4,6,2,6,7,5,2,6,5,1,1,1,1,1,0,1,1,0,1,0,0,1,1,1,1,3,2,1,1,49,1,6,1,60,1,2,2
7818,4.0,2.0,1.0,1.0,4.0,1.0,1.0,4.0,4.0,2.0,1.0,5.0,5.0,2.0,1.0,1.0,1.0,5.0,5.0,1.0,6,7,7,5,7,5,6,5,6,1,1,1,1,1,1,0,0,1,0,1,0,0,0,1,1,1,3,2,2,1,25,1,12,1,60,1,1,2
7819,5.0,5.0,1.0,3.0,4.0,1.0,1.0,2.0,1.0,1.0,1.0,4.0,5.0,1.0,4.0,1.0,1.0,5.0,5.0,4.0,6,6,2,1,6,1,7,5,4,1,1,1,1,1,1,0,1,1,0,1,0,1,1,1,1,1,3,2,1,1,28,1,2,1,60,1,1,3
7820,4.0,2.0,2.0,4.0,4.0,1.0,1.0,4.0,4.0,3.0,2.0,5.0,5.0,1.0,3.0,1.0,1.0,5.0,5.0,1.0,3,4,6,1,5,5,5,2,7,4,1,1,0,1,1,0,0,1,1,1,0,0,1,1,1,1,3,2,1,1,19,1,7,2,60,1,1,2
7821,2.0,2.0,2.0,1.0,3.0,3.0,2.0,4.0,5.0,4.0,1.0,4.0,1.0,1.0,4.0,2.0,2.0,2.0,4.0,1.0,3,4,4,5,6,5,6,5,5,1,1,1,1,1,1,0,0,0,0,1,0,0,1,1,1,1,3,1,1,1,21,1,1,2,60,2,1,3
7822,2.0,4.0,4.0,3.0,4.0,4.0,2.0,4.0,5.0,5.0,2.0,4.0,1.0,4.0,2.0,5.0,3.0,2.0,3.0,1.0,7,3,7,1,4,5,6,1,6,3,1,1,0,1,1,0,0,0,0,1,0,0,0,0,1,1,1,2,1,1,17,2,7,1,60,1,2,4
7823,3.0,3.0,3.0,2.0,3.0,2.0,2.0,2.0,3.0,3.0,3.0,3.0,2.0,3.0,2.0,3.0,2.0,2.0,3.0,3.0,1,4,4,3,5,6,6,2,5,2,1,1,1,1,1,0,0,0,0,1,0,1,1,1,1,1,3,1,2,1,21,3,12,5,60,1,1,2
7824,1.0,2.0,1.0,3.0,4.0,2.0,2.0,2.0,5.0,2.0,2.0,4.0,1.0,3.0,4.0,2.0,1.0,4.0,5.0,1.0,4,6,6,5,7,5,7,5,6,2,1,1,1,1,1,0,0,1,0,1,1,1,1,1,1,1,3,2,2,1,53,1,4,1,60,1,1,3
7825,1.0,1.0,4.0,5.0,1.0,1.0,3.0,1.0,5.0,4.0,1.0,1.0,1.0,3.0,1.0,4.0,5.0,4.0,5.0,1.0,6,4,4,2,7,2,6,4,6,1,1,1,0,1,1,0,1,0,0,1,0,0,1,1,1,1,4,2,1,1,68,1,9,1,60,1,2,2
7826,1.0,1.0,2.0,5.0,1.0,2.0,2.0,1.0,5.0,5.0,1.0,5.0,4.0,3.0,1.0,2.0,4.0,1.0,5.0,1.0,3,3,6,2,5,6,6,1,6,0,1,1,1,1,1,0,1,1,0,1,0,0,1,1,1,1,4,3,2,2,69,1,12,1,10,1,2,5
7827,4.0,3.0,1.0,2.0,5.0,1.0,1.0,4.0,2.0,2.0,2.0,5.0,4.0,1.0,2.0,4.0,2.0,5.0,5.0,1.0,6,6,6,3,6,2,5,3,5,1,1,1,0,1,1,0,0,1,0,1,0,0,1,1,1,1,4,2,2,1,29,2,6,1,30,1,1,1
7828,1.0,2.0,4.0,4.0,4.0,4.0,5.0,3.0,5.0,3.0,2.0,4.0,5.0,1.0,2.0,5.0,3.0,4.0,5.0,1.0,1,7,7,3,5,6,2,1,6,1,1,1,0,1,1,0,0,0,0,1,0,0,0,1,1,1,3,2,1,1,27,1,1,1,60,1,3,2
7829,1.0,2.0,4.0,3.0,2.0,4.0,4.0,1.0,5.0,5.0,1.0,1.0,1.0,3.0,4.0,3.0,2.0,5.0,5.0,2.0,2,5,5,7,6,5,5,7,2,2,1,1,0,1,1,0,0,0,1,1,0,0,1,1,1,1,2,2,2,1,23,2,1,2,60,2,1,1
7830,5.0,1.0,5.0,3.0,5.0,5.0,2.0,1.0,2.0,1.0,2.0,4.0,1.0,1.0,5.0,2.0,5.0,4.0,4.0,3.0,6,6,6,2,6,2,6,5,6,4,1,0,0,1,1,0,0,0,0,1,0,0,0,0,1,1,3,3,2,2,34,1,3,1,10,2,3,3
7831,3.0,4.0,4.0,4.0,2.0,2.0,2.0,3.0,5.0,2.0,2.0,4.0,2.0,3.0,4.0,2.0,2.0,4.0,5.0,4.0,5,5,6,5,5,4,5,4,5,6,1,1,1,1,0,0,1,1,0,1,0,0,1,1,1,1,4,2,2,1,40,2,1,1,60,1,2,3
7832,2.0,4.0,4.0,1.0,5.0,1.0,2.0,2.0,3.0,1.0,1.0,4.0,4.0,2.0,5.0,1.0,2.0,4.0,5.0,3.0,6,7,6,3,5,3,1,1,4,3,1,1,0,1,1,1,1,1,0,1,1,1,1,1,1,1,3,2,1,1,21,1,4,2,10,1,1,2
7833,1.0,4.0,1.0,4.0,4.0,4.0,2.0,5.0,5.0,4.0,2.0,4.0,5.0,1.0,2.0,5.0,2.0,1.0,5.0,4.0,5,2,7,1,7,2,7,1,6,2,1,1,0,1,1,0,0,0,0,1,0,0,1,1,1,1,4,3,2,1,39,1,1,1,60,1,1,2
7834,3.0,3.0,2.0,2.0,3.0,1.0,1.0,3.0,4.0,2.0,1.0,4.0,2.0,2.0,4.0,1.0,1.0,4.0,5.0,1.0,5,5,4,1,6,2,5,3,6,3,1,1,0,1,1,1,1,1,0,1,0,1,1,1,1,1,3,2,1,1,40,1,1,1,10,1,3,1
7835,3.0,4.0,2.0,2.0,4.0,2.0,1.0,4.0,5.0,4.0,2.0,5.0,3.0,1.0,4.0,1.0,2.0,5.0,1.0,1.0,6,3,4,5,7,3,6,4,3,1,1,1,1,1,1,1,0,0,0,1,0,0,1,1,1,1,3,2,2,1,50,1,5,1,60,1,2,6
7836,2.0,4.0,3.0,3.0,1.0,2.0,2.0,3.0,2.0,4.0,2.0,4.0,3.0,2.0,4.0,1.0,1.0,4.0,4.0,1.0,2,4,7,2,3,6,7,1,6,2,1,1,0,1,1,0,0,1,0,0,0,0,1,1,1,1,4,2,1,1,72,1,7,1,60,1,2,1
7837,2.0,2.0,4.0,4.0,4.0,1.0,1.0,4.0,3.0,4.0,1.0,4.0,1.0,2.0,1.0,1.0,4.0,1.0,4.0,1.0,1,5,1,7,6,6,5,7,1,3,1,1,1,1,1,0,0,1,0,1,0,0,1,1,1,1,3,2,1,1,23,1,4,1,60,1,1,1
7838,2.0,4.0,2.0,2.0,4.0,2.0,1.0,1.0,2.0,3.0,3.0,5.0,1.0,2.0,4.0,4.0,1.0,4.0,5.0,1.0,6,4,7,5,6,5,7,5,4,1,1,1,0,1,0,0,0,0,0,1,0,0,0,0,1,1,4,3,2,2,27,1,3,2,10,1,1,1
7839,2.0,2.0,2.0,5.0,5.0,4.0,4.0,3.0,4.0,3.0,1.0,5.0,4.0,4.0,2.0,4.0,4.0,4.0,4.0,4.0,5,3,6,3,5,6,6,2,6,4,1,1,1,1,1,0,0,0,0,1,0,1,1,1,1,1,3,1,2,1,31,1,12,1,60,1,2,4
7840,1.0,1.0,5.0,4.0,4.0,4.0,2.0,5.0,5.0,5.0,1.0,5.0,1.0,2.0,1.0,2.0,5.0,2.0,5.0,1.0,6,2,7,5,5,5,6,1,7,3,1,1,0,1,1,0,0,0,0,1,0,0,1,1,1,1,4,2,2,1,43,1,1,1,60,1,2,3
7841,2.0,4.0,2.0,3.0,3.0,1.0,1.0,3.0,4.0,4.0,2.0,4.0,4.0,3.0,3.0,2.0,5.0,3.0,5.0,4.0,1,5,6,5,2,6,2,1,4,6,1,1,1,1,1,0,0,0,0,1,0,0,1,0,1,1,3,1,2,1,45,1,6,1,60,2,1,1
7842,4.0,1.0,1.0,4.0,1.0,2.0,5.0,1.0,5.0,5.0,1.0,4.0,1.0,5.0,1.0,1.0,1.0,1.0,1.0,4.0,2,5,7,4,3,3,7,2,4,3,1,1,0,1,1,0,0,1,0,1,0,0,1,1,1,1,3,1,1,1,54,1,6,1,60,1,1,3
7843,1.0,1.0,5.0,3.0,3.0,4.0,3.0,2.0,5.0,5.0,1.0,1.0,4.0,4.0,3.0,4.0,3.0,3.0,3.0,1.0,7,5,7,6,7,4,7,2,3,1,1,1,0,1,1,0,0,0,0,1,0,0,0,1,1,1,2,2,2,1,21,1,7,3,30,1,1,1
7844,5.0,4.0,1.0,1.0,5.0,1.0,1.0,5.0,2.0,1.0,1.0,5.0,5.0,1.0,4.0,1.0,1.0,5.0,5.0,1.0,5,6,6,2,6,2,2,2,3,2,1,1,0,1,1,0,0,0,0,1,0,0,1,1,1,1,3,3,1,1,33,1,2,1,60,1,2,2
7845,5.0,4.0,2.0,2.0,5.0,2.0,2.0,4.0,2.0,2.0,1.0,5.0,4.0,4.0,4.0,2.0,2.0,4.0,4.0,4.0,2,1,6,5,6,6,6,1,5,1,1,1,1,1,1,1,0,0,0,1,0,0,1,1,1,1,3,2,2,1,57,3,1,1,60,1,3,3
7846,4.0,3.0,1.0,1.0,5.0,1.0,1.0,4.0,2.0,1.0,1.0,5.0,4.0,2.0,4.0,1.0,2.0,2.0,5.0,4.0,7,7,7,1,6,1,5,1,6,4,1,1,1,1,1,1,1,1,0,1,1,1,1,1,1,1,4,2,1,1,25,1,2,1,60,1,1,2
7847,2.0,1.0,5.0,1.0,5.0,4.0,5.0,1.0,5.0,5.0,5.0,5.0,2.0,2.0,1.0,5.0,3.0,1.0,5.0,1.0,5,2,7,6,6,7,7,2,5,1,1,1,1,1,1,0,0,1,0,1,0,0,1,1,1,1,4,3,2,2,41,1,6,1,60,1,2,2
7848,4.0,5.0,3.0,1.0,5.0,1.0,1.0,5.0,5.0,4.0,1.0,5.0,5.0,1.0,4.0,1.0,1.0,5.0,4.0,5.0,1,7,4,1,7,5,7,4,7,1,1,1,1,1,1,0,1,1,0,1,1,0,1,1,1,1,4,2,2,1,42,1,8,1,10,1,2,4
7849,1.0,1.0,1.0,3.0,3.0,1.0,1.0,1.0,5.0,1.0,1.0,4.0,3.0,1.0,5.0,3.0,2.0,5.0,3.0,3.0,5,6,6,5,7,4,4,1,7,1,1,0,0,1,1,0,0,0,0,1,0,0,0,0,1,1,3,2,2,1,24,1,1,1,70,2,1,0
7850,2.0,2.0,3.0,1.0,2.0,2.0,2.0,2.0,5.0,5.0,1.0,4.0,1.0,3.0,1.0,4.0,4.0,1.0,4.0,1.0,1,2,6,2,6,2,7,3,6,1,1,1,1,1,1,0,0,0,0,1,1,0,0,1,1,1,4,2,2,1,65,1,5,1,60,1,2,9
7851,4.0,4.0,2.0,2.0,5.0,1.0,1.0,5.0,4.0,2.0,1.0,5.0,5.0,2.0,4.0,1.0,1.0,4.0,5.0,1.0,1,5,6,1,5,4,3,1,7,3,1,1,1,1,1,0,1,1,0,1,1,0,1,1,1,1,3,2,2,1,24,1,2,1,60,2,1,2
7852,2.0,4.0,4.0,4.0,2.0,2.0,2.0,1.0,2.0,4.0,1.0,2.0,1.0,4.0,2.0,4.0,2.0,2.0,5.0,2.0,7,5,6,6,3,2,5,1,4,5,1,0,0,1,1,0,0,1,0,1,0,0,1,1,1,1,4,2,2,1,28,1,2,1,60,1,3,3
7853,2.0,2.0,2.0,2.0,4.0,4.0,2.0,2.0,4.0,1.0,1.0,5.0,4.0,1.0,4.0,3.0,1.0,4.0,5.0,5.0,6,6,5,2,7,2,7,1,7,1,1,1,1,1,1,1,1,1,0,1,0,0,1,1,1,1,4,1,1,1,40,1,3,3,60,2,3,1
7854,1.0,4.0,2.0,2.0,4.0,4.0,2.0,5.0,4.0,5.0,2.0,5.0,4.0,2.0,2.0,1.0,1.0,5.0,5.0,1.0,6,6,7,2,3,2,1,1,3,1,1,1,1,1,1,0,1,1,0,1,0,0,1,1,1,1,4,0,1,1,67,1,2,1,60,1,2,2
7855,5.0,5.0,1.0,1.0,5.0,1.0,1.0,5.0,3.0,1.0,1.0,5.0,4.0,1.0,5.0,1.0,1.0,5.0,5.0,3.0,2,6,6,2,4,6,5,2,6,2,1,1,1,1,1,0,0,1,0,1,0,1,1,1,1,1,2,2,1,1,21,1,1,1,60,1,1,4
7856,3.0,4.0,4.0,4.0,1.0,4.0,4.0,2.0,5.0,4.0,1.0,3.0,4.0,2.0,4.0,2.0,4.0,4.0,5.0,4.0,2,2,3,3,3,6,6,6,5,5,1,1,1,1,1,0,0,0,0,1,0,0,1,1,1,1,3,3,2,1,70,2,9,1,60,1,3,2
7857,1.0,4.0,3.0,5.0,2.0,4.0,2.0,2.0,5.0,4.0,1.0,4.0,1.0,4.0,4.0,2.0,2.0,4.0,4.0,3.0,3,2,6,4,5,7,7,4,4,1,1,1,1,1,0,0,1,0,0,1,1,0,0,1,0,1,4,2,2,1,33,1,1,1,60,1,1,1
7858,4.0,4.0,2.0,3.0,5.0,2.0,2.0,4.0,4.0,4.0,1.0,5.0,2.0,3.0,4.0,1.0,2.0,4.0,5.0,2.0,2,3,7,2,7,7,7,3,5,2,1,1,0,1,1,0,0,0,0,1,0,0,1,1,1,1,3,1,1,2,22,1,1,1,30,2,1,3
7859,3.0,2.0,2.0,1.0,5.0,1.0,1.0,5.0,4.0,3.0,1.0,5.0,5.0,1.0,5.0,4.0,1.0,5.0,5.0,2.0,5,7,6,3,3,1,3,2,7,7,1,1,0,1,1,0,0,1,0,1,0,0,1,1,1,1,3,3,1,1,41,1,4,1,60,2,1,2
7860,4.0,1.0,2.0,1.0,4.0,1.0,1.0,1.0,4.0,5.0,2.0,1.0,1.0,1.0,1.0,1.0,5.0,4.0,5.0,1.0,0,0,0,0,0,0,0,3,0,0,1,1,0,1,1,1,0,0,0,1,0,0,1,1,1,1,2,2,1,1,62,1,1,1,60,1,2,2
7861,2.0,4.0,3.0,4.0,2.0,2.0,1.0,1.0,1.0,2.0,2.0,2.0,2.0,2.0,5.0,1.0,5.0,2.0,5.0,5.0,3,2,5,2,7,5,6,2,3,2,1,1,1,1,1,1,1,1,0,1,1,0,1,1,1,1,2,2,1,1,64,1,1,1,60,1,1,0
7862,3.0,4.0,1.0,3.0,5.0,1.0,1.0,3.0,5.0,3.0,3.0,5.0,5.0,3.0,5.0,1.0,1.0,3.0,5.0,3.0,7,5,7,1,7,7,6,7,7,1,1,1,0,1,1,0,0,0,0,1,0,0,1,1,1,1,2,1,1,1,18,1,1,1,60,2,1,3
7863,2.0,1.0,1.0,5.0,5.0,1.0,1.0,1.0,5.0,2.0,1.0,1.0,4.0,1.0,5.0,1.0,1.0,4.0,4.0,4.0,5,6,6,2,4,5,3,6,7,6,1,1,1,1,1,0,0,0,1,1,0,0,1,1,1,1,3,3,2,1,58,1,7,1,60,1,2,4
7864,5.0,1.0,1.0,2.0,5.0,1.0,1.0,4.0,5.0,4.0,2.0,4.0,4.0,1.0,1.0,1.0,5.0,4.0,5.0,4.0,6,6,7,3,7,4,6,5,6,1,1,1,0,1,1,0,0,0,0,1,0,0,1,1,1,1,4,3,1,1,51,2,4,1,70,1,2,5
7865,1.0,3.0,2.0,4.0,3.0,4.0,2.0,1.0,4.0,2.0,1.0,4.0,1.0,1.0,2.0,2.0,3.0,5.0,2.0,3.0,5,3,4,5,7,5,6,2,3,1,0,1,0,1,0,0,0,1,0,1,0,0,0,1,1,1,2,2,2,2,50,1,4,1,60,2,2,2
7866,4.0,4.0,2.0,3.0,4.0,1.0,1.0,3.0,2.0,1.0,2.0,5.0,2.0,2.0,5.0,1.0,2.0,4.0,5.0,4.0,7,1,1,6,6,6,7,1,7,1,1,1,1,1,1,0,0,1,0,1,0,1,1,1,1,1,4,2,2,1,66,1,6,2,60,1,3,3
7867,1.0,5.0,1.0,3.0,5.0,3.0,1.0,1.0,5.0,5.0,1.0,5.0,3.0,3.0,3.0,1.0,5.0,5.0,3.0,1.0,4,6,5,7,5,1,5,4,4,1,1,1,0,1,1,0,0,0,0,1,0,0,0,1,1,1,3,3,2,1,37,2,4,2,60,1,3,5
7868,2.0,3.0,3.0,1.0,5.0,2.0,1.0,4.0,5.0,2.0,2.0,5.0,4.0,1.0,4.0,1.0,2.0,4.0,5.0,4.0,5,3,6,1,7,4,5,2,7,2,1,1,1,1,1,0,1,1,0,1,1,0,1,1,1,1,4,1,1,2,27,1,1,1,60,1,1,3
7869,5.0,5.0,1.0,1.0,4.0,1.0,1.0,5.0,1.0,1.0,1.0,5.0,4.0,1.0,5.0,1.0,5.0,5.0,5.0,5.0,2,7,1,2,7,1,1,7,6,1,1,1,0,1,0,0,0,0,0,0,0,0,0,1,1,1,3,3,1,2,30,1,2,4,20,2,2,1
7870,5.0,1.0,5.0,5.0,5.0,5.0,1.0,1.0,5.0,5.0,1.0,5.0,1.0,5.0,5.0,5.0,1.0,5.0,5.0,1.0,6,5,7,1,7,5,7,1,7,2,1,1,0,1,1,0,0,0,0,1,0,0,1,1,1,1,2,2,1,2,36,1,7,1,30,1,1,5
7871,5.0,2.0,2.0,5.0,5.0,1.0,2.0,4.0,5.0,1.0,1.0,5.0,2.0,1.0,5.0,1.0,1.0,5.0,5.0,2.0,2,1,7,1,6,5,5,3,6,4,1,1,1,1,1,0,0,0,0,1,0,0,1,1,1,1,4,3,1,1,42,1,1,1,60,1,2,2
7872,5.0,5.0,1.0,3.0,5.0,1.0,1.0,3.0,1.0,5.0,1.0,5.0,3.0,4.0,4.0,4.0,1.0,4.0,5.0,2.0,6,7,7,3,7,3,4,4,5,1,1,1,1,1,1,0,0,0,1,1,1,1,1,1,1,1,3,1,3,1,37,2,12,2,50,1,2,6
7873,4.0,2.0,2.0,5.0,4.0,2.0,2.0,1.0,4.0,5.0,2.0,4.0,4.0,1.0,1.0,1.0,4.0,5.0,5.0,2.0,6,5,7,1,6,1,6,3,7,1,1,1,1,1,1,1,1,1,0,1,0,0,1,1,1,1,3,3,2,1,40,1,2,1,60,1,2,3
7874,5.0,1.0,1.0,5.0,4.0,1.0,3.0,1.0,5.0,4.0,1.0,2.0,1.0,2.0,4.0,1.0,1.0,4.0,5.0,3.0,1,5,6,2,5,4,5,5,6,3,1,1,0,1,1,0,0,1,0,1,0,0,1,1,1,1,3,3,1,2,29,1,2,1,60,1,1,2
7875,4.0,3.0,4.0,5.0,5.0,5.0,2.0,4.0,2.0,3.0,3.0,3.0,4.0,4.0,5.0,5.0,3.0,2.0,4.0,2.0,5,2,6,2,6,5,5,3,6,6,0,0,0,0,0,0,0,0,0,1,0,0,0,1,0,1,0,3,2,1,40,1,4,1,60,0,2,6
7876,4.0,2.0,1.0,4.0,2.0,1.0,1.0,3.0,4.0,4.0,1.0,4.0,1.0,3.0,2.0,1.0,4.0,3.0,5.0,2.0,1,6,2,2,5,7,5,5,7,3,1,1,1,1,1,0,0,0,0,1,1,1,1,1,1,1,3,3,1,1,30,1,4,1,60,2,1,2
7877,4.0,3.0,2.0,4.0,3.0,2.0,1.0,2.0,4.0,3.0,4.0,3.0,1.0,1.0,3.0,3.0,2.0,5.0,4.0,2.0,1,2,6,2,5,6,6,3,6,5,1,1,1,1,1,1,1,1,1,1,1,1,1,1,1,1,3,2,1,1,55,1,9,1,60,1,1,1
7878,5.0,4.0,5.0,5.0,5.0,1.0,1.0,4.0,5.0,3.0,1.0,5.0,4.0,1.0,4.0,1.0,2.0,5.0,5.0,1.0,5,1,6,1,7,7,7,3,7,3,1,1,1,1,1,1,1,1,1,1,0,1,1,1,1,1,2,2,1,1,29,2,2,1,60,1,1,3
7879,2.0,2.0,4.0,4.0,2.0,2.0,1.0,1.0,5.0,4.0,2.0,4.0,1.0,2.0,4.0,2.0,1.0,4.0,5.0,1.0,0,0,0,0,0,0,7,0,0,0,1,1,1,1,1,0,1,1,0,1,0,0,1,1,1,1,3,3,2,1,56,1,7,3,60,1,2,5
7880,4.0,3.0,2.0,4.0,3.0,4.0,4.0,4.0,4.0,3.0,3.0,4.0,3.0,3.0,3.0,3.0,4.0,3.0,2.0,3.0,4,3,5,5,4,6,5,5,4,2,0,1,1,1,1,0,0,0,0,1,0,0,0,1,1,1,3,3,2,1,29,3,7,1,60,2,2,2
7881,5.0,4.0,1.0,2.0,4.0,4.0,2.0,2.0,4.0,1.0,1.0,4.0,4.0,1.0,4.0,2.0,2.0,4.0,5.0,3.0,2,6,5,6,6,7,2,5,3,1,1,1,1,1,1,0,0,0,0,1,0,1,1,1,1,1,3,3,3,1,32,1,12,4,60,1,1,3
7882,2.0,2.0,4.0,5.0,5.0,5.0,5.0,2.0,5.0,5.0,3.0,4.0,1.0,2.0,1.0,1.0,2.0,2.0,4.0,1.0,6,4,6,3,7,4,7,2,6,1,1,1,0,1,1,0,0,1,0,1,0,0,1,1,1,1,3,1,1,2,43,1,2,1,60,2,3,4
7883,2.0,2.0,5.0,5.0,2.0,2.0,2.0,1.0,5.0,2.0,2.0,1.0,1.0,4.0,3.0,5.0,5.0,3.0,4.0,2.0,7,1,7,1,6,5,7,2,7,2,1,1,0,1,1,0,0,0,0,1,0,0,0,1,1,1,3,3,2,1,45,1,2,1,60,1,2,3
7884,1.0,1.0,5.0,4.0,2.0,4.0,5.0,1.0,5.0,5.0,1.0,2.0,1.0,2.0,1.0,5.0,3.0,2.0,4.0,3.0,5,2,7,2,6,5,5,2,7,2,1,1,0,1,1,0,0,1,0,1,0,0,1,1,1,1,3,3,1,2,48,1,4,1,70,1,2,3
7885,3.0,4.0,1.0,2.0,4.0,2.0,1.0,4.0,3.0,2.0,1.0,5.0,4.0,1.0,4.0,1.0,2.0,5.0,5.0,4.0,2,6,2,7,6,7,5,2,2,1,1,1,1,1,1,0,0,0,0,1,1,0,1,1,1,1,3,3,1,2,42,1,1,1,60,1,1,2
7886,5.0,1.0,1.0,1.0,5.0,5.0,5.0,5.0,5.0,5.0,1.0,1.0,5.0,1.0,1.0,1.0,1.0,1.0,5.0,1.0,4,5,6,5,7,4,4,1,4,1,1,1,1,1,1,0,0,1,0,1,1,0,1,1,1,1,3,2,1,1,40,1,2,5,70,1,0,1
7887,1.0,2.0,4.0,5.0,2.0,4.0,2.0,2.0,5.0,3.0,1.0,1.0,1.0,5.0,3.0,5.0,3.0,3.0,5.0,1.0,2,2,6,1,5,6,7,4,6,3,1,1,1,1,1,0,1,1,0,1,1,0,1,1,1,1,2,3,2,2,22,1,3,2,10,1,1,2
7888,5.0,4.0,3.0,3.0,3.0,2.0,2.0,4.0,4.0,2.0,1.0,2.0,1.0,1.0,1.0,5.0,5.0,4.0,5.0,1.0,6,2,7,6,5,5,7,1,7,3,1,1,0,1,1,0,1,0,0,1,0,0,0,1,1,1,4,3,2,2,21,1,11,1,10,2,1,0
7889,5.0,5.0,5.0,5.0,4.0,4.0,1.0,5.0,5.0,5.0,5.0,3.0,4.0,1.0,5.0,5.0,2.0,1.0,5.0,1.0,6,1,6,4,7,6,7,5,6,1,1,1,1,1,1,1,1,1,1,1,1,1,1,1,1,1,2,3,1,1,48,1,7,1,70,1,1,3
7890,5.0,2.0,4.0,4.0,4.0,4.0,1.0,4.0,5.0,4.0,1.0,2.0,1.0,2.0,1.0,5.0,1.0,4.0,5.0,1.0,2,5,3,1,7,7,3,3,7,6,1,1,0,1,1,0,0,0,0,1,0,0,1,1,1,1,3,2,1,1,27,1,1,1,60,1,1,1
7891,5.0,5.0,1.0,1.0,5.0,1.0,1.0,5.0,1.0,1.0,1.0,5.0,5.0,1.0,5.0,1.0,1.0,5.0,5.0,5.0,4,6,5,4,6,4,1,1,7,1,1,1,1,1,0,1,0,1,0,1,0,1,1,1,1,1,3,3,1,2,25,1,2,1,60,2,1,2
7892,3.0,1.0,1.0,1.0,5.0,3.0,3.0,5.0,5.0,2.0,1.0,2.0,1.0,2.0,4.0,2.0,5.0,5.0,5.0,1.0,7,5,7,7,5,1,7,1,6,2,1,1,1,1,1,0,1,1,1,1,0,0,1,1,1,1,3,2,2,2,29,3,5,0,10,2,2,1
7893,3.0,5.0,1.0,2.0,4.0,1.0,1.0,5.0,2.0,2.0,1.0,5.0,4.0,2.0,4.0,1.0,1.0,1.0,3.0,5.0,1,7,2,1,4,6,1,7,7,2,1,1,0,1,1,0,1,1,0,1,1,0,1,1,1,1,2,1,1,2,29,2,1,1,60,1,1,3
7894,2.0,3.0,2.0,3.0,3.0,2.0,2.0,2.0,4.0,3.0,2.0,4.0,2.0,3.0,3.0,4.0,3.0,4.0,4.0,1.0,5,2,5,2,5,3,6,3,6,5,1,1,0,1,1,0,0,0,0,1,0,0,1,1,1,1,3,2,1,1,58,1,1,1,60,1,2,8
7895,4.0,1.0,1.0,5.0,5.0,1.0,2.0,2.0,5.0,1.0,1.0,4.0,3.0,2.0,4.0,1.0,1.0,4.0,5.0,1.0,2,1,7,6,5,3,6,4,5,3,1,1,0,1,1,1,1,0,0,1,0,0,1,1,1,1,4,1,2,1,52,1,4,1,60,2,2,7
7896,5.0,5.0,1.0,1.0,5.0,1.0,2.0,5.0,2.0,1.0,1.0,5.0,5.0,1.0,4.0,2.0,2.0,2.0,5.0,4.0,5,3,7,1,6,5,2,3,7,5,1,1,1,1,1,0,0,0,0,1,0,1,1,1,1,1,3,1,1,1,36,1,6,1,60,1,2,1
7897,1.0,4.0,2.0,5.0,1.0,1.0,1.0,1.0,4.0,3.0,1.0,1.0,5.0,1.0,4.0,1.0,1.0,5.0,5.0,1.0,7,2,4,5,7,2,7,1,7,3,0,1,0,1,1,0,0,0,0,1,0,0,0,1,1,1,3,1,3,1,22,1,12,1,70,2,1,4
7898,1.0,1.0,1.0,5.0,1.0,1.0,1.0,4.0,5.0,4.0,5.0,5.0,1.0,2.0,1.0,1.0,1.0,1.0,5.0,1.0,1,5,6,5,2,7,1,2,6,6,1,1,1,1,1,0,1,0,0,1,1,0,1,1,1,1,3,2,1,1,56,1,1,1,60,1,2,2
7899,5.0,5.0,3.0,3.0,4.0,3.0,1.0,3.0,3.0,2.0,1.0,4.0,3.0,1.0,4.0,3.0,1.0,3.0,4.0,1.0,7,7,5,7,6,2,4,3,2,1,1,1,0,1,1,1,0,1,0,1,1,0,1,1,1,1,3,2,1,1,50,1,4,1,70,1,2,3
7900,5.0,4.0,5.0,2.0,4.0,1.0,1.0,1.0,1.0,1.0,1.0,4.0,4.0,1.0,5.0,1.0,1.0,4.0,5.0,1.0,4,6,4,1,6,1,4,4,6,1,1,1,1,1,1,1,1,1,1,1,1,1,1,1,1,1,4,2,2,1,30,1,1,5,70,1,2,2
7901,1.0,1.0,4.0,5.0,1.0,4.0,3.0,2.0,5.0,4.0,3.0,1.0,1.0,4.0,4.0,3.0,5.0,2.0,4.0,3.0,3,3,2,1,7,3,6,5,6,2,0,1,0,0,1,0,0,0,0,1,0,0,0,1,1,1,3,2,1,2,30,1,2,1,60,1,1,3
7902,1.0,5.0,5.0,3.0,5.0,1.0,1.0,4.0,4.0,3.0,1.0,1.0,1.0,3.0,5.0,5.0,5.0,3.0,5.0,1.0,6,7,1,7,7,5,7,6,2,1,1,1,0,1,1,0,0,0,0,1,0,0,0,1,1,1,2,1,1,1,36,1,4,1,70,1,2,4
7903,4.0,5.0,1.0,1.0,4.0,1.0,1.0,4.0,3.0,1.0,1.0,5.0,2.0,1.0,4.0,4.0,1.0,5.0,5.0,2.0,2,5,4,3,6,6,4,5,4,2,1,1,1,1,1,0,0,0,0,1,1,0,1,1,1,1,2,1,2,1,28,2,1,2,60,2,1,4
7904,5.0,5.0,5.0,5.0,4.0,1.0,2.0,5.0,5.0,5.0,1.0,4.0,4.0,1.0,5.0,2.0,2.0,5.0,5.0,5.0,3,6,1,7,7,4,7,7,2,2,1,1,0,1,1,0,0,0,0,1,0,0,1,1,1,1,3,3,1,2,26,2,8,1,70,2,1,2
7905,4.0,2.0,1.0,4.0,4.0,1.0,1.0,4.0,5.0,5.0,1.0,2.0,4.0,4.0,1.0,2.0,2.0,4.0,5.0,1.0,6,7,5,3,7,2,6,6,5,1,1,1,0,1,1,0,0,0,0,1,0,0,1,1,1,1,3,1,1,1,34,1,1,1,70,2,3,2
7906,2.0,2.0,5.0,3.0,5.0,4.0,2.0,4.0,5.0,5.0,1.0,3.0,2.0,2.0,2.0,4.0,1.0,1.0,4.0,3.0,2,4,6,2,7,6,5,5,6,2,1,1,1,1,1,0,1,1,0,1,1,0,1,1,1,1,2,3,1,1,32,1,12,4,60,1,1,2
7907,4.0,4.0,1.0,1.0,5.0,1.0,2.0,5.0,5.0,5.0,1.0,5.0,5.0,1.0,4.0,1.0,1.0,5.0,5.0,4.0,2,6,6,5,5,7,5,3,2,4,1,1,0,1,1,0,0,0,0,1,0,0,1,1,1,1,3,1,1,2,22,1,2,2,60,1,1,2
7908,5.0,2.0,3.0,1.0,5.0,2.0,2.0,3.0,3.0,1.0,5.0,3.0,2.0,1.0,5.0,3.0,2.0,4.0,1.0,2.0,6,5,7,3,7,2,7,3,4,1,0,1,1,1,1,0,1,1,1,1,1,0,0,1,1,1,3,2,2,2,19,1,8,1,70,2,1,2
7909,1.0,5.0,5.0,5.0,4.0,4.0,1.0,1.0,5.0,5.0,1.0,1.0,1.0,3.0,5.0,5.0,1.0,5.0,5.0,1.0,1,6,1,7,5,7,6,7,1,2,1,1,0,1,1,0,1,1,0,1,0,0,1,1,1,1,2,2,1,1,25,1,2,1,60,1,1,4
7910,5.0,1.0,5.0,5.0,1.0,5.0,5.0,1.0,5.0,3.0,1.0,1.0,1.0,5.0,5.0,1.0,1.0,5.0,1.0,5.0,6,4,7,1,7,1,7,1,7,1,1,1,1,1,1,1,1,1,1,1,1,1,1,1,1,1,4,3,1,1,52,1,7,1,30,2,1,5
7911,2.0,2.0,4.0,4.0,2.0,1.0,2.0,2.0,4.0,4.0,1.0,5.0,1.0,3.0,4.0,2.0,2.0,4.0,5.0,1.0,5,5,5,5,5,4,5,3,5,5,1,1,0,1,1,0,0,0,0,1,1,0,1,1,1,1,3,1,1,2,42,2,4,1,60,2,2,2
7912,5.0,4.0,2.0,2.0,5.0,1.0,1.0,5.0,2.0,2.0,1.0,4.0,4.0,3.0,5.0,1.0,1.0,5.0,5.0,3.0,7,1,3,2,7,2,6,4,5,1,1,1,1,1,1,0,0,0,0,1,0,0,1,1,1,1,2,2,2,1,25,2,2,2,60,2,1,2
7913,2.0,4.0,2.0,1.0,5.0,1.0,1.0,4.0,4.0,4.0,1.0,5.0,4.0,1.0,5.0,2.0,2.0,4.0,4.0,4.0,2,2,6,2,5,6,6,3,6,2,1,1,0,1,1,0,0,0,0,1,0,0,1,1,1,1,3,3,1,2,32,1,7,1,30,2,1,4
7914,5.0,2.0,5.0,4.0,1.0,4.0,2.0,1.0,5.0,5.0,5.0,2.0,3.0,5.0,1.0,4.0,3.0,1.0,1.0,1.0,7,2,6,1,7,6,6,1,7,1,1,0,0,1,1,0,0,0,0,1,0,0,0,1,1,1,4,3,1,2,39,1,10,1,20,2,2,6
7915,5.0,4.0,2.0,3.0,5.0,1.0,1.0,5.0,2.0,1.0,1.0,5.0,4.0,2.0,5.0,1.0,2.0,3.0,2.0,2.0,3,3,6,3,3,6,4,1,7,6,1,1,1,1,1,0,0,0,0,1,0,0,1,1,1,1,3,2,1,1,19,2,6,1,60,1,1,2
7916,5.0,4.0,1.0,1.0,4.0,1.0,1.0,5.0,2.0,1.0,1.0,5.0,5.0,1.0,3.0,1.0,3.0,4.0,5.0,2.0,6,6,2,1,6,1,1,6,3,1,1,1,1,1,1,0,1,0,0,1,0,0,1,1,1,1,1,2,2,1,16,1,6,1,70,2,1,3
7917,5.0,5.0,2.0,3.0,4.0,1.0,1.0,5.0,2.0,1.0,1.0,5.0,5.0,3.0,5.0,2.0,1.0,4.0,5.0,2.0,1,6,3,1,5,6,2,2,7,3,1,1,1,1,1,0,0,0,0,1,0,0,0,1,1,1,3,2,1,2,23,1,1,1,60,2,1,2
7918,3.0,4.0,1.0,1.0,1.0,1.0,1.0,2.0,3.0,1.0,1.0,2.0,4.0,1.0,5.0,3.0,2.0,5.0,5.0,1.0,5,1,3,2,6,4,4,1,5,4,1,1,1,0,1,0,0,0,0,1,0,0,0,0,1,1,4,3,2,2,31,1,2,1,60,2,1,2
7919,4.0,2.0,2.0,3.0,4.0,2.0,2.0,2.0,4.0,3.0,3.0,2.0,2.0,3.0,2.0,3.0,5.0,4.0,4.0,3.0,2,5,6,4,5,6,4,2,5,4,1,1,0,1,1,0,0,0,0,1,0,0,0,1,1,1,3,2,2,2,17,1,10,3,10,2,1,2
7920,4.0,4.0,3.0,1.0,4.0,1.0,1.0,1.0,4.0,2.0,4.0,5.0,3.0,1.0,4.0,1.0,1.0,2.0,5.0,5.0,5,6,5,7,7,6,5,7,2,1,1,1,1,1,1,0,0,0,0,1,1,0,1,1,1,1,2,2,1,1,36,1,12,3,60,1,1,2
7921,4.0,5.0,2.0,1.0,4.0,1.0,1.0,5.0,2.0,1.0,1.0,5.0,4.0,1.0,5.0,1.0,2.0,5.0,3.0,4.0,5,3,6,1,7,6,3,5,7,2,1,0,0,1,0,0,0,0,0,1,0,0,0,0,1,1,3,1,2,2,21,1,10,2,70,2,1,1
7922,2.0,4.0,3.0,2.0,5.0,1.0,1.0,4.0,3.0,4.0,1.0,5.0,4.0,3.0,3.0,3.0,3.0,2.0,5.0,1.0,5,3,5,6,6,1,7,2,4,4,1,1,0,1,1,0,0,0,0,1,0,0,1,1,1,1,2,3,2,1,22,1,1,1,60,1,1,4
7923,4.0,4.0,3.0,3.0,4.0,2.0,2.0,4.0,3.0,2.0,1.0,4.0,4.0,3.0,4.0,2.0,3.0,5.0,5.0,3.0,4,5,5,5,4,4,5,6,4,5,0,0,0,1,1,0,0,0,0,1,0,0,1,1,1,1,3,2,1,2,23,1,4,1,60,2,1,3
7924,5.0,3.0,1.0,2.0,5.0,1.0,1.0,2.0,4.0,2.0,1.0,2.0,1.0,1.0,4.0,1.0,1.0,4.0,5.0,2.0,1,4,6,5,6,7,3,7,3,4,1,0,0,1,1,0,0,0,0,1,0,0,1,1,1,1,3,2,2,1,18,1,1,2,10,2,1,3
7925,5.0,2.0,1.0,3.0,5.0,1.0,1.0,5.0,4.0,5.0,1.0,5.0,5.0,1.0,2.0,5.0,1.0,5.0,5.0,3.0,6,6,3,2,7,2,7,5,6,1,1,1,1,1,1,0,0,1,0,1,1,0,1,1,1,1,3,3,1,2,55,1,2,1,60,2,2,2
7926,2.0,3.0,2.0,4.0,4.0,2.0,1.0,2.0,3.0,2.0,1.0,5.0,1.0,4.0,5.0,1.0,1.0,5.0,5.0,4.0,6,6,4,3,5,1,6,2,4,3,1,1,1,1,1,0,1,0,0,1,0,0,1,1,1,1,4,2,1,1,44,2,1,1,60,2,2,2
7927,5.0,2.0,4.0,4.0,1.0,2.0,1.0,2.0,5.0,2.0,1.0,2.0,1.0,4.0,4.0,2.0,4.0,1.0,4.0,4.0,5,2,6,5,5,5,5,3,2,3,1,1,0,1,1,0,0,0,0,1,0,0,1,1,1,1,3,3,2,1,20,1,10,1,10,2,1,2
7928,1.0,4.0,3.0,4.0,1.0,5.0,2.0,2.0,5.0,4.0,2.0,4.0,1.0,3.0,3.0,2.0,3.0,3.0,5.0,3.0,3,5,6,1,7,7,6,5,7,2,1,1,1,1,1,0,1,0,0,1,1,0,1,1,1,1,2,3,1,2,22,1,2,1,60,1,1,1
7929,2.0,2.0,3.0,2.0,4.0,2.0,1.0,4.0,5.0,4.0,1.0,5.0,4.0,2.0,4.0,1.0,3.0,1.0,5.0,1.0,3,5,6,2,6,7,3,2,6,3,0,0,1,0,0,1,0,0,0,0,1,1,0,0,0,0,3,2,1,1,19,1,1,1,60,1,1,2
7930,2.0,3.0,2.0,3.0,2.0,1.0,1.0,2.0,5.0,4.0,2.0,3.0,2.0,1.0,4.0,1.0,3.0,2.0,5.0,1.0,3,4,4,1,6,5,5,5,7,4,1,1,0,1,1,1,0,0,0,1,0,0,1,1,1,1,2,1,1,2,22,1,1,1,60,2,1,2
7931,3.0,2.0,2.0,2.0,4.0,1.0,1.0,1.0,5.0,4.0,1.0,2.0,1.0,1.0,4.0,1.0,3.0,4.0,5.0,1.0,1,2,1,7,2,7,5,6,3,1,0,0,1,1,0,0,0,0,0,0,0,0,0,0,0,0,2,2,1,1,26,1,1,1,60,1,1,3
7932,5.0,5.0,2.0,1.0,5.0,1.0,1.0,4.0,1.0,1.0,1.0,4.0,1.0,1.0,5.0,1.0,3.0,5.0,1.0,4.0,7,6,3,1,7,1,7,1,6,1,1,1,0,1,1,0,0,0,0,1,0,0,1,0,1,1,3,3,2,2,38,1,8,3,10,2,1,3
7933,3.0,4.0,5.0,2.0,3.0,3.0,3.0,4.0,5.0,2.0,1.0,5.0,1.0,2.0,1.0,4.0,4.0,5.0,5.0,3.0,7,7,5,2,5,4,2,2,3,1,1,1,0,1,1,0,0,1,0,1,0,1,0,1,1,1,3,3,1,2,27,1,2,1,20,2,1,3
7934,5.0,5.0,1.0,2.0,5.0,1.0,1.0,4.0,1.0,5.0,2.0,5.0,5.0,2.0,3.0,1.0,3.0,1.0,4.0,1.0,7,5,3,5,7,1,6,4,3,3,1,1,1,1,1,0,0,0,0,1,0,0,0,1,1,1,4,3,1,2,26,1,7,1,60,1,2,1
7935,1.0,2.0,4.0,5.0,1.0,2.0,2.0,1.0,5.0,5.0,4.0,1.0,1.0,5.0,5.0,5.0,3.0,1.0,5.0,3.0,7,1,4,1,4,1,7,4,7,1,1,1,1,1,1,0,1,1,0,1,1,0,1,1,1,1,4,1,2,1,45,1,1,1,60,1,3,3
7936,4.0,4.0,4.0,3.0,5.0,1.0,1.0,2.0,4.0,4.0,1.0,5.0,2.0,2.0,3.0,3.0,1.0,2.0,5.0,2.0,3,5,3,2,6,6,5,6,3,4,1,1,0,1,0,0,0,0,0,1,0,0,0,1,1,1,3,3,2,2,24,1,12,2,70,1,1,3
7937,5.0,5.0,1.0,1.0,5.0,1.0,1.0,5.0,1.0,2.0,1.0,5.0,4.0,1.0,4.0,1.0,5.0,5.0,5.0,3.0,2,6,6,7,6,7,2,6,2,2,1,1,0,1,1,0,0,1,0,1,1,0,1,1,1,1,3,3,1,2,23,2,2,2,60,2,1,2
7938,2.0,4.0,3.0,4.0,2.0,1.0,1.0,1.0,4.0,2.0,1.0,1.0,4.0,3.0,4.0,4.0,2.0,4.0,5.0,1.0,5,2,6,1,6,5,7,2,7,2,1,1,1,1,1,1,0,0,0,1,1,1,1,1,1,1,3,2,2,2,33,1,7,4,60,2,1,2
7939,4.0,2.0,1.0,3.0,2.0,4.0,1.0,1.0,3.0,1.0,2.0,4.0,4.0,3.0,2.0,3.0,3.0,5.0,5.0,2.0,4,6,6,2,7,6,5,4,7,1,1,1,0,1,1,0,0,0,0,1,1,0,1,1,1,1,2,3,1,2,26,1,1,1,60,1,1,4
7940,3.0,5.0,3.0,2.0,3.0,5.0,1.0,5.0,2.0,5.0,2.0,2.0,2.0,2.0,1.0,2.0,4.0,3.0,5.0,4.0,4,5,6,2,6,4,5,4,6,2,0,0,0,0,0,0,0,0,0,0,0,1,0,1,0,1,4,2,1,1,33,3,4,1,60,1,2,5
7941,3.0,4.0,4.0,4.0,4.0,2.0,1.0,4.0,4.0,2.0,2.0,3.0,5.0,2.0,5.0,3.0,2.0,4.0,5.0,3.0,5,6,7,6,4,4,5,2,2,2,1,1,1,1,1,0,0,1,0,1,1,1,1,1,1,1,4,2,2,1,39,1,7,1,60,1,2,2
7942,5.0,5.0,1.0,1.0,4.0,1.0,1.0,2.0,1.0,2.0,1.0,5.0,5.0,1.0,5.0,1.0,1.0,5.0,5.0,3.0,2,5,6,7,5,2,3,4,4,3,1,1,1,1,1,0,0,1,1,1,1,0,1,1,1,1,3,1,2,1,38,1,1,1,60,1,2,3
7943,4.0,5.0,3.0,1.0,4.0,4.0,1.0,5.0,2.0,3.0,2.0,5.0,4.0,1.0,4.0,4.0,1.0,5.0,5.0,5.0,4,5,7,5,7,7,4,4,6,4,1,1,1,1,1,1,0,1,0,1,1,1,1,1,1,1,3,0,1,2,27,1,2,2,60,1,1,3
7944,2.0,3.0,4.0,3.0,1.0,5.0,2.0,5.0,5.0,3.0,1.0,3.0,1.0,2.0,1.0,4.0,3.0,4.0,5.0,3.0,4,3,5,1,4,4,5,3,5,2,1,1,1,1,1,0,0,1,0,1,0,0,1,1,1,1,3,2,1,1,37,1,12,1,70,1,2,2
7945,3.0,4.0,4.0,3.0,3.0,4.0,4.0,5.0,3.0,5.0,3.0,3.0,3.0,1.0,1.0,1.0,5.0,4.0,5.0,4.0,3,6,6,5,4,7,4,2,4,2,1,1,1,1,1,0,0,1,0,1,0,0,1,1,1,1,3,3,1,2,23,1,1,1,10,1,1,2
7946,3.0,5.0,1.0,1.0,5.0,1.0,5.0,5.0,2.0,5.0,2.0,5.0,5.0,1.0,1.0,2.0,1.0,5.0,5.0,1.0,7,7,7,1,7,4,7,4,7,1,1,1,1,1,1,0,1,1,0,1,1,0,1,1,1,1,3,3,1,1,30,1,2,1,70,2,1,1
7947,2.0,4.0,3.0,4.0,4.0,2.0,2.0,2.0,4.0,4.0,1.0,2.0,3.0,3.0,4.0,4.0,5.0,5.0,5.0,4.0,7,3,6,3,6,4,6,1,5,3,1,1,0,1,1,0,0,0,0,1,0,0,1,0,1,1,3,3,2,2,35,1,2,1,60,1,1,2
7948,1.0,5.0,1.0,2.0,4.0,1.0,1.0,4.0,2.0,1.0,1.0,5.0,5.0,4.0,5.0,1.0,1.0,5.0,5.0,1.0,2,1,6,1,5,6,6,6,2,1,1,1,1,1,1,0,1,0,0,1,1,0,1,1,1,1,4,3,1,1,30,1,6,1,30,2,1,3
7949,3.0,2.0,2.0,2.0,4.0,2.0,2.0,4.0,5.0,4.0,2.0,4.0,4.0,2.0,4.0,2.0,1.0,4.0,4.0,1.0,2,5,7,7,6,2,6,1,1,2,1,1,0,1,1,0,1,0,0,1,0,0,1,1,1,1,3,2,2,2,35,1,7,1,10,2,2,2
7950,2.0,2.0,2.0,3.0,4.0,1.0,1.0,1.0,1.0,1.0,1.0,5.0,2.0,2.0,5.0,4.0,1.0,4.0,4.0,1.0,4,7,3,4,5,7,5,2,4,1,1,1,0,1,1,0,0,0,0,1,0,0,1,1,1,1,2,2,1,2,21,1,2,2,60,2,1,3
7951,3.0,1.0,1.0,3.0,4.0,1.0,1.0,1.0,5.0,2.0,1.0,5.0,1.0,1.0,4.0,4.0,5.0,4.0,5.0,2.0,1,6,7,6,7,7,5,6,2,3,1,1,0,1,1,0,0,1,1,1,1,0,1,1,1,1,3,2,2,1,24,1,1,1,60,1,1,2
7952,1.0,1.0,2.0,1.0,3.0,1.0,1.0,2.0,5.0,3.0,1.0,4.0,1.0,1.0,1.0,1.0,4.0,5.0,5.0,2.0,3,6,2,6,5,7,6,6,4,3,1,1,0,1,1,0,0,0,0,0,0,0,0,0,1,0,2,2,1,2,34,1,1,1,60,1,1,2
7953,5.0,4.0,5.0,1.0,5.0,1.0,5.0,5.0,2.0,1.0,1.0,5.0,5.0,2.0,4.0,2.0,1.0,5.0,4.0,5.0,6,6,6,7,7,3,6,7,3,2,1,0,0,1,1,0,0,0,0,1,0,0,1,1,1,1,3,1,1,2,26,1,4,1,30,1,2,10
7954,5.0,4.0,1.0,2.0,5.0,1.0,1.0,4.0,2.0,1.0,1.0,5.0,5.0,1.0,2.0,1.0,5.0,5.0,5.0,2.0,6,5,5,5,7,1,6,5,5,1,1,1,0,1,1,1,0,0,0,1,0,0,1,1,1,1,3,3,1,2,34,1,6,1,30,1,2,1
7955,1.0,5.0,5.0,5.0,4.0,4.0,5.0,4.0,5.0,5.0,1.0,5.0,1.0,1.0,1.0,5.0,5.0,5.0,5.0,5.0,6,6,6,1,7,5,6,6,6,1,1,1,0,1,1,0,1,1,0,1,1,0,0,1,1,1,4,1,1,2,24,1,0,1,10,1,1,0
7956,5.0,5.0,4.0,1.0,5.0,1.0,3.0,5.0,1.0,2.0,1.0,5.0,2.0,1.0,5.0,1.0,1.0,5.0,5.0,5.0,3,6,7,6,7,4,2,3,6,7,1,0,0,1,0,0,0,0,0,1,0,0,0,0,1,1,4,3,1,2,29,1,8,1,70,1,1,2
7957,3.0,5.0,5.0,5.0,5.0,4.0,5.0,1.0,5.0,4.0,2.0,3.0,4.0,4.0,2.0,4.0,3.0,3.0,1.0,3.0,6,6,7,6,5,4,7,5,4,1,0,1,0,1,1,0,0,0,0,1,0,0,0,1,1,1,3,2,2,2,39,1,10,1,10,1,1,3
7958,2.0,4.0,1.0,1.0,4.0,1.0,1.0,5.0,1.0,2.0,1.0,5.0,4.0,2.0,4.0,1.0,1.0,4.0,5.0,1.0,3,6,5,2,5,4,3,2,3,3,1,1,0,1,1,0,0,0,0,1,0,0,1,1,1,1,4,2,2,1,23,1,1,1,30,1,1,4
7959,2.0,1.0,2.0,5.0,1.0,4.0,2.0,1.0,4.0,3.0,1.0,1.0,1.0,5.0,1.0,4.0,5.0,1.0,4.0,1.0,5,2,5,6,6,3,5,6,4,1,1,1,1,1,1,0,0,0,0,1,0,0,1,1,1,1,3,3,2,1,39,1,12,1,60,2,1,2
7960,2.0,4.0,5.0,5.0,4.0,1.0,1.0,3.0,5.0,5.0,3.0,4.0,1.0,4.0,5.0,2.0,5.0,4.0,5.0,1.0,3,5,5,6,7,5,6,2,1,1,1,1,0,1,1,0,1,0,0,1,0,0,1,1,1,1,3,3,2,2,40,1,6,2,10,2,1,4
7961,5.0,1.0,1.0,2.0,5.0,1.0,1.0,5.0,3.0,1.0,1.0,5.0,5.0,1.0,3.0,1.0,5.0,5.0,5.0,5.0,6,7,7,2,5,7,7,1,6,1,1,1,0,1,1,1,0,1,1,1,1,0,1,1,1,1,4,3,1,2,44,1,1,1,0,1,2,2
7962,5.0,5.0,4.0,3.0,5.0,1.0,1.0,4.0,2.0,2.0,1.0,5.0,4.0,2.0,5.0,2.0,1.0,5.0,5.0,3.0,5,6,6,5,5,3,2,1,6,2,1,1,0,1,1,0,0,1,0,1,0,0,1,1,1,1,3,1,2,1,31,1,2,2,60,1,2,1
7963,5.0,4.0,4.0,2.0,2.0,2.0,1.0,5.0,2.0,3.0,2.0,5.0,2.0,3.0,1.0,2.0,4.0,3.0,3.0,1.0,0,0,0,0,0,0,0,0,0,0,0,1,0,1,1,0,0,0,0,1,0,0,0,0,1,1,3,2,2,1,55,1,7,1,70,1,2,0
7964,3.0,2.0,2.0,2.0,4.0,1.0,2.0,4.0,3.0,2.0,1.0,4.0,4.0,1.0,4.0,2.0,1.0,4.0,4.0,1.0,7,6,6,2,6,1,6,1,6,2,1,1,1,1,1,0,0,0,0,1,1,0,1,1,1,1,3,2,2,1,41,1,2,2,60,2,1,2
7965,4.0,4.0,2.0,5.0,2.0,4.0,1.0,1.0,2.0,5.0,1.0,4.0,4.0,3.0,5.0,2.0,2.0,4.0,5.0,4.0,2,5,7,2,6,7,6,2,7,6,1,1,1,1,1,0,1,0,0,1,1,1,0,1,1,1,3,2,2,1,56,2,4,1,60,1,3,4
7966,4.0,4.0,2.0,4.0,4.0,2.0,2.0,3.0,4.0,1.0,2.0,5.0,4.0,2.0,3.0,2.0,1.0,4.0,5.0,1.0,2,4,5,5,6,7,6,3,6,7,1,1,1,1,1,0,0,0,0,1,0,0,1,1,1,1,2,3,1,1,20,1,2,1,60,1,1,2
7967,4.0,3.0,1.0,1.0,5.0,1.0,1.0,3.0,1.0,3.0,1.0,5.0,4.0,1.0,5.0,5.0,1.0,5.0,3.0,1.0,5,5,4,1,2,6,5,5,4,1,1,1,1,1,1,0,0,1,0,1,1,0,1,1,1,1,3,2,1,2,26,1,12,1,60,1,1,2
7968,2.0,2.0,1.0,1.0,4.0,2.0,2.0,2.0,4.0,2.0,1.0,4.0,1.0,1.0,4.0,1.0,3.0,4.0,5.0,4.0,2,5,5,6,2,7,2,2,6,5,1,1,1,1,1,0,0,1,0,1,1,0,1,1,1,1,4,3,1,2,34,2,2,1,60,1,1,1
7969,4.0,5.0,2.0,5.0,2.0,1.0,1.0,4.0,4.0,2.0,2.0,4.0,4.0,2.0,5.0,4.0,2.0,5.0,5.0,1.0,6,7,6,2,5,5,6,2,7,1,1,1,1,1,1,0,1,1,0,1,1,0,1,1,1,1,3,2,1,1,43,1,4,1,60,1,2,4
7970,2.0,3.0,2.0,2.0,4.0,2.0,2.0,2.0,4.0,3.0,2.0,4.0,2.0,2.0,2.0,2.0,4.0,4.0,4.0,1.0,5,3,6,3,6,3,5,2,5,1,1,1,0,1,1,0,0,0,0,1,0,0,1,1,1,1,4,3,1,1,27,1,10,1,10,2,2,4
7971,1.0,1.0,1.0,4.0,4.0,1.0,1.0,1.0,5.0,2.0,2.0,1.0,4.0,2.0,3.0,4.0,3.0,5.0,5.0,4.0,3,5,4,5,7,6,7,5,7,1,1,1,0,1,1,1,0,0,1,1,0,1,1,1,1,1,3,3,1,1,24,1,2,3,60,1,1,4
7972,1.0,4.0,1.0,4.0,1.0,2.0,1.0,2.0,5.0,5.0,1.0,4.0,2.0,1.0,1.0,1.0,2.0,4.0,5.0,1.0,5,1,3,3,7,1,7,1,7,1,1,1,1,1,1,0,1,1,0,1,1,0,1,1,1,1,4,2,1,1,53,3,12,1,60,1,2,2
7973,2.0,2.0,1.0,5.0,1.0,1.0,1.0,1.0,5.0,4.0,1.0,2.0,1.0,4.0,3.0,1.0,4.0,1.0,4.0,2.0,2,6,0,7,5,7,6,6,2,4,1,1,0,1,1,0,0,0,0,1,0,0,0,0,1,1,4,3,1,2,37,1,6,3,10,1,1,3
7974,3.0,3.0,5.0,2.0,3.0,2.0,3.0,4.0,5.0,5.0,1.0,3.0,2.0,3.0,2.0,4.0,4.0,3.0,4.0,1.0,6,4,5,4,6,4,5,5,6,3,1,1,1,1,1,0,0,1,0,1,0,0,1,1,1,1,3,2,2,1,45,1,3,1,60,2,1,2
7975,5.0,5.0,1.0,2.0,5.0,1.0,1.0,2.0,2.0,2.0,1.0,5.0,4.0,1.0,5.0,1.0,1.0,5.0,5.0,4.0,7,5,5,1,7,1,6,2,5,1,1,1,1,1,1,0,0,1,0,1,1,1,1,1,1,1,3,2,1,1,58,1,2,2,60,2,3,1
7976,5.0,3.0,5.0,5.0,5.0,1.0,2.0,5.0,5.0,5.0,2.0,5.0,4.0,4.0,5.0,5.0,5.0,1.0,5.0,1.0,6,1,4,1,5,0,7,1,7,1,1,1,0,1,1,0,0,0,0,1,0,1,1,1,1,1,3,2,2,1,36,1,7,1,30,1,1,2
7977,3.0,2.0,4.0,4.0,5.0,2.0,4.0,4.0,5.0,5.0,2.0,2.0,4.0,4.0,3.0,2.0,2.0,3.0,5.0,3.0,6,5,6,2,6,2,7,5,5,3,1,1,1,1,1,0,0,0,0,1,0,0,1,1,1,1,3,2,2,1,25,2,4,1,60,2,1,4
7978,4.0,4.0,5.0,1.0,5.0,2.0,4.0,3.0,5.0,4.0,1.0,5.0,1.0,1.0,3.0,1.0,2.0,4.0,5.0,4.0,1,6,2,5,3,7,4,2,3,6,1,1,1,1,1,0,0,0,0,1,0,0,1,1,1,1,2,3,2,1,18,1,6,1,10,2,1,2
7979,2.0,3.0,1.0,4.0,2.0,3.0,2.0,2.0,5.0,4.0,1.0,4.0,1.0,3.0,1.0,2.0,2.0,1.0,5.0,1.0,1,2,6,1,7,7,7,6,6,2,1,1,1,1,1,0,1,1,0,1,0,0,1,1,1,1,4,1,2,1,55,3,7,1,60,1,1,2
7980,3.0,4.0,3.0,2.0,4.0,4.0,2.0,4.0,5.0,4.0,2.0,3.0,2.0,2.0,3.0,2.0,3.0,2.0,4.0,4.0,3,3,4,5,3,6,5,4,3,5,1,1,0,1,1,0,0,0,0,1,0,0,1,1,1,1,3,2,1,2,22,1,8,2,10,1,1,2
7981,2.0,2.0,4.0,2.0,4.0,4.0,4.0,2.0,5.0,5.0,2.0,5.0,4.0,3.0,2.0,2.0,3.0,2.0,5.0,1.0,5,3,5,2,6,5,6,3,7,1,0,1,0,1,1,0,0,0,0,1,0,0,0,1,0,1,3,3,1,1,24,1,2,3,60,1,1,4
7982,1.0,2.0,4.0,1.0,3.0,1.0,2.0,5.0,4.0,4.0,2.0,2.0,4.0,1.0,4.0,1.0,1.0,4.0,5.0,2.0,1,5,7,4,5,6,4,1,6,5,1,1,0,1,1,0,0,0,0,1,0,0,1,1,1,1,3,2,2,1,21,1,8,1,10,1,1,1
7983,2.0,1.0,4.0,2.0,4.0,4.0,2.0,2.0,4.0,2.0,2.0,4.0,4.0,2.0,3.0,4.0,2.0,4.0,4.0,2.0,3,2,2,2,6,5,6,3,5,2,1,1,1,1,1,0,0,1,0,1,0,0,1,1,1,1,3,1,2,2,28,1,7,1,60,1,1,3
7984,4.0,1.0,4.0,5.0,1.0,4.0,2.0,1.0,5.0,2.0,4.0,5.0,1.0,1.0,4.0,5.0,5.0,1.0,5.0,1.0,7,3,6,1,7,1,7,2,6,1,1,1,1,1,1,1,0,0,0,1,1,0,1,1,1,1,3,1,1,2,54,1,2,1,60,2,2,2
7985,1.0,4.0,2.0,5.0,4.0,1.0,1.0,2.0,4.0,2.0,1.0,4.0,2.0,3.0,4.0,1.0,2.0,3.0,5.0,2.0,1,5,5,6,3,6,5,5,3,3,1,1,1,1,1,1,1,1,0,1,0,1,1,1,1,1,3,2,2,1,22,1,2,4,60,1,1,2
7986,1.0,4.0,1.0,5.0,1.0,1.0,1.0,1.0,5.0,2.0,1.0,1.0,1.0,5.0,1.0,4.0,5.0,5.0,5.0,1.0,4,1,5,7,7,6,4,4,2,2,0,0,0,0,0,0,0,0,0,0,0,0,0,1,0,1,4,3,1,2,59,1,6,1,70,1,3,5
7987,5.0,5.0,1.0,1.0,5.0,1.0,1.0,1.0,1.0,1.0,1.0,5.0,5.0,1.0,5.0,1.0,5.0,4.0,5.0,4.0,6,5,7,1,6,7,2,1,7,2,1,1,1,1,1,0,0,1,0,1,1,0,1,1,1,1,3,3,2,2,26,1,2,2,0,1,1,2
7988,1.0,2.0,3.0,1.0,3.0,5.0,4.0,2.0,4.0,5.0,2.0,3.0,4.0,1.0,5.0,5.0,3.0,4.0,5.0,3.0,5,4,6,2,7,3,6,1,6,2,0,0,1,1,0,0,0,0,0,1,0,0,0,1,0,1,2,2,1,2,20,1,0,1,60,2,1,3
7989,3.0,3.0,4.0,4.0,2.0,4.0,4.0,2.0,5.0,4.0,1.0,5.0,2.0,4.0,4.0,5.0,2.0,1.0,4.0,1.0,6,5,7,5,6,5,6,1,5,2,1,1,0,1,1,0,0,0,0,1,0,0,1,1,1,1,3,3,2,1,38,2,12,1,60,1,2,3
7990,5.0,1.0,1.0,1.0,1.0,1.0,1.0,5.0,5.0,5.0,1.0,5.0,1.0,1.0,1.0,5.0,5.0,1.0,2.0,1.0,6,2,6,4,6,5,6,5,4,2,1,1,1,1,1,1,0,1,0,1,1,0,1,1,1,1,2,2,2,1,21,1,4,1,60,2,1,3
7991,2.0,1.0,5.0,1.0,1.0,4.0,2.0,1.0,2.0,5.0,2.0,5.0,1.0,1.0,1.0,2.0,2.0,4.0,5.0,1.0,6,2,7,5,4,5,5,1,6,1,1,0,0,1,0,0,0,0,0,1,0,0,0,1,1,1,2,2,1,2,20,1,2,1,60,1,1,2
7992,4.0,4.0,1.0,2.0,5.0,1.0,1.0,1.0,5.0,1.0,1.0,5.0,4.0,3.0,5.0,1.0,5.0,5.0,5.0,2.0,7,1,7,2,6,1,4,2,7,1,1,1,1,1,1,0,1,1,0,1,0,0,1,1,1,1,4,2,2,1,42,1,4,1,60,1,2,3
7993,2.0,1.0,1.0,5.0,2.0,1.0,1.0,4.0,2.0,1.0,5.0,4.0,1.0,1.0,5.0,2.0,1.0,3.0,5.0,1.0,5,7,5,4,7,2,5,1,7,7,1,1,0,1,1,0,0,0,0,1,0,0,1,1,1,1,4,3,2,1,36,1,4,1,60,1,2,2
7994,1.0,1.0,1.0,5.0,1.0,1.0,1.0,1.0,5.0,3.0,1.0,1.0,4.0,5.0,3.0,5.0,1.0,1.0,5.0,1.0,2,2,6,7,6,6,7,4,3,3,1,1,1,1,1,0,1,1,0,1,1,1,1,1,0,1,4,2,2,1,41,1,4,1,60,2,2,4
7995,4.0,2.0,3.0,5.0,5.0,1.0,1.0,5.0,5.0,5.0,1.0,5.0,5.0,1.0,2.0,1.0,5.0,5.0,5.0,5.0,6,5,6,6,7,6,6,2,4,1,1,0,1,1,1,0,1,1,0,1,1,0,1,1,0,1,3,3,1,1,66,1,6,1,10,1,2,2
7996,2.0,1.0,1.0,1.0,4.0,1.0,1.0,1.0,1.0,3.0,1.0,2.0,2.0,1.0,2.0,3.0,3.0,5.0,5.0,1.0,5,5,4,3,5,7,6,1,7,4,1,1,0,1,1,0,0,1,0,1,0,0,1,1,1,1,4,3,2,2,22,1,1,2,20,2,1,3
7997,1.0,4.0,2.0,2.0,5.0,1.0,1.0,4.0,3.0,3.0,2.0,4.0,2.0,1.0,4.0,1.0,2.0,2.0,5.0,1.0,5,5,4,6,6,4,7,4,2,1,1,1,1,1,1,0,1,1,0,1,1,0,1,1,1,1,3,3,2,1,29,2,2,1,60,2,1,1
7998,4.0,4.0,5.0,3.0,2.0,4.0,3.0,5.0,5.0,5.0,4.0,4.0,4.0,2.0,3.0,1.0,2.0,4.0,5.0,5.0,6,5,7,4,6,3,6,4,7,3,1,1,0,1,1,0,0,0,0,1,0,0,0,1,1,1,2,2,1,1,17,1,11,1,70,2,1,4
7999,2.0,2.0,2.0,4.0,1.0,4.0,2.0,1.0,5.0,4.0,1.0,1.0,2.0,4.0,4.0,2.0,1.0,4.0,5.0,1.0,6,2,6,6,7,1,1,5,6,2,1,1,0,1,1,0,0,0,0,1,0,0,1,1,1,1,3,1,2,1,41,1,1,1,60,1,2,1
8000,4.0,4.0,5.0,4.0,5.0,4.0,4.0,4.0,5.0,4.0,2.0,4.0,4.0,2.0,4.0,1.0,5.0,5.0,5.0,2.0,4,2,5,5,5,6,5,5,6,2,1,1,0,1,1,0,0,0,0,1,0,0,1,1,1,1,3,1,2,2,22,1,6,1,60,1,1,2
8001,5.0,4.0,1.0,3.0,5.0,1.0,1.0,5.0,5.0,1.0,1.0,5.0,5.0,1.0,5.0,1.0,2.0,5.0,5.0,5.0,3,7,2,7,7,7,6,1,3,7,1,1,0,1,1,0,0,0,0,1,0,0,1,1,1,1,2,3,1,1,21,1,6,1,70,1,1,3
8002,5.0,4.0,4.0,1.0,5.0,1.0,2.0,5.0,4.0,2.0,1.0,4.0,5.0,1.0,4.0,1.0,1.0,4.0,5.0,5.0,3,6,7,7,7,7,7,4,5,1,1,1,1,1,1,0,1,1,1,1,1,1,1,1,1,1,3,2,2,1,32,3,6,1,60,1,3,1
8003,1.0,2.0,2.0,4.0,2.0,4.0,2.0,2.0,4.0,3.0,3.0,2.0,1.0,5.0,4.0,5.0,1.0,3.0,1.0,1.0,6,1,5,3,6,1,6,2,7,4,1,1,0,1,1,0,1,1,0,1,0,0,1,1,1,1,4,2,2,1,37,1,4,1,60,1,2,4
8004,2.0,2.0,2.0,2.0,4.0,2.0,2.0,4.0,4.0,2.0,2.0,5.0,5.0,1.0,4.0,1.0,1.0,3.0,5.0,1.0,6,1,7,1,7,5,6,4,7,2,1,1,1,1,1,0,1,0,0,1,1,0,1,1,1,1,3,1,1,1,58,2,6,1,60,1,2,2
8005,2.0,2.0,2.0,2.0,1.0,1.0,1.0,1.0,4.0,4.0,1.0,2.0,2.0,2.0,4.0,2.0,1.0,4.0,5.0,1.0,3,6,6,2,6,6,7,2,6,3,1,1,0,1,1,0,0,0,0,1,0,0,0,1,1,1,4,2,2,2,37,1,2,1,60,2,2,3
8006,4.0,2.0,3.0,4.0,3.0,3.0,3.0,2.0,5.0,3.0,2.0,3.0,2.0,3.0,3.0,5.0,1.0,2.0,5.0,1.0,7,5,6,5,7,3,7,1,3,1,1,1,1,1,1,0,0,0,0,1,1,0,0,1,1,1,3,2,2,1,32,3,7,1,70,1,3,2
8007,2.0,2.0,1.0,3.0,5.0,1.0,1.0,4.0,5.0,2.0,2.0,4.0,2.0,4.0,4.0,2.0,2.0,5.0,5.0,1.0,6,5,2,5,5,2,7,4,4,2,1,1,0,1,1,0,0,0,0,1,0,0,0,1,1,1,2,1,2,2,20,1,1,1,60,2,1,2
8008,2.0,4.0,1.0,2.0,3.0,1.0,2.0,1.0,4.0,3.0,1.0,3.0,4.0,1.0,3.0,1.0,2.0,5.0,5.0,3.0,5,7,3,1,7,2,6,6,7,1,1,1,1,1,1,1,0,1,1,1,1,0,1,1,1,1,3,1,1,2,32,1,1,2,60,1,1,2
8009,5.0,4.0,5.0,5.0,5.0,2.0,1.0,5.0,5.0,5.0,1.0,2.0,1.0,4.0,1.0,5.0,5.0,1.0,5.0,1.0,7,5,1,1,7,2,6,1,6,1,1,1,0,1,1,0,0,0,0,1,0,0,0,0,1,1,3,3,1,1,53,1,7,1,30,1,2,8
8010,5.0,3.0,1.0,2.0,5.0,1.0,1.0,1.0,2.0,1.0,1.0,1.0,5.0,5.0,5.0,2.0,1.0,5.0,5.0,1.0,1,2,7,1,7,6,7,5,7,1,1,1,1,1,1,0,1,1,0,1,1,0,1,1,1,1,4,3,2,1,55,1,4,1,60,1,3,3
8011,2.0,3.0,1.0,2.0,5.0,1.0,1.0,4.0,2.0,4.0,1.0,5.0,2.0,1.0,5.0,1.0,1.0,4.0,4.0,4.0,2,5,4,5,3,3,5,4,3,1,1,1,0,1,1,0,0,1,0,1,0,0,1,1,1,1,2,3,2,2,21,1,6,2,60,2,1,3
8012,1.0,4.0,4.0,5.0,1.0,1.0,1.0,2.0,5.0,5.0,3.0,2.0,1.0,4.0,2.0,1.0,1.0,2.0,5.0,1.0,6,2,6,1,4,2,7,4,7,5,1,1,1,1,1,0,0,1,0,1,0,0,1,1,1,1,3,1,2,1,66,1,6,1,60,1,2,1
8013,1.0,1.0,4.0,1.0,2.0,4.0,4.0,1.0,5.0,2.0,1.0,1.0,1.0,1.0,4.0,4.0,1.0,2.0,5.0,2.0,6,6,7,1,7,1,6,6,7,1,1,1,1,1,1,0,1,1,0,1,1,0,1,1,1,1,4,2,2,1,57,1,6,1,60,1,1,2
8014,4.0,4.0,1.0,3.0,5.0,4.0,5.0,4.0,5.0,5.0,2.0,3.0,4.0,2.0,2.0,3.0,1.0,4.0,3.0,3.0,3,6,6,5,5,4,3,3,2,2,1,1,0,1,1,0,0,0,0,1,0,0,0,1,1,1,2,2,2,1,35,1,4,1,60,1,1,5
8015,4.0,4.0,1.0,3.0,4.0,1.0,1.0,2.0,1.0,1.0,1.0,5.0,4.0,2.0,3.0,1.0,5.0,5.0,5.0,1.0,6,6,4,4,6,5,4,6,3,1,1,1,0,1,1,1,0,1,1,1,1,0,1,1,1,1,2,3,1,1,20,1,1,2,60,2,1,1
8016,3.0,2.0,2.0,1.0,1.0,1.0,1.0,1.0,4.0,2.0,1.0,5.0,4.0,1.0,4.0,1.0,1.0,5.0,5.0,4.0,2,5,5,3,5,7,5,2,7,5,1,1,1,1,1,0,0,0,0,1,0,0,1,1,1,1,3,3,1,2,22,1,2,1,60,2,1,1
8017,1.0,1.0,3.0,4.0,4.0,4.0,1.0,1.0,5.0,5.0,1.0,1.0,1.0,1.0,1.0,4.0,5.0,4.0,5.0,3.0,5,5,6,3,6,2,4,2,3,3,1,1,1,1,1,0,0,0,0,1,0,0,1,1,1,1,3,3,2,1,44,1,4,1,60,1,3,1
8018,2.0,1.0,5.0,4.0,2.0,3.0,2.0,1.0,5.0,5.0,2.0,3.0,1.0,3.0,4.0,5.0,4.0,5.0,4.0,1.0,0,0,0,0,0,0,0,0,0,0,0,0,0,0,0,0,0,0,0,0,0,0,0,0,0,0,3,2,2,1,47,1,4,1,60,1,3,2
8019,1.0,2.0,1.0,4.0,2.0,4.0,4.0,1.0,5.0,2.0,2.0,2.0,1.0,3.0,1.0,5.0,5.0,1.0,5.0,1.0,2,5,7,1,7,2,6,1,6,2,1,1,0,1,1,0,0,0,0,1,0,0,1,1,1,1,3,3,2,1,43,1,2,1,60,1,1,3
8020,1.0,2.0,1.0,5.0,5.0,4.0,1.0,1.0,5.0,5.0,3.0,2.0,4.0,1.0,4.0,4.0,1.0,5.0,5.0,1.0,7,5,6,4,7,1,7,5,4,1,1,1,0,1,1,0,0,0,0,1,0,0,1,1,1,1,3,2,1,1,30,1,2,1,60,1,1,2
8021,5.0,1.0,5.0,4.0,4.0,1.0,1.0,1.0,5.0,2.0,1.0,4.0,5.0,1.0,3.0,1.0,5.0,2.0,5.0,1.0,6,7,5,2,5,1,7,5,5,1,1,1,0,1,1,0,0,0,0,1,0,0,0,1,1,1,3,1,2,1,40,1,7,1,30,1,2,1
8022,1.0,1.0,5.0,4.0,1.0,3.0,1.0,1.0,5.0,4.0,3.0,4.0,1.0,3.0,1.0,1.0,2.0,5.0,5.0,1.0,7,5,7,5,7,1,6,5,3,1,1,1,1,1,1,1,1,1,0,1,0,0,1,1,1,1,4,3,1,1,45,1,8,1,10,1,2,2
8023,2.0,4.0,4.0,4.0,4.0,1.0,2.0,1.0,3.0,5.0,2.0,5.0,2.0,1.0,4.0,1.0,3.0,4.0,4.0,4.0,6,3,7,2,4,6,6,1,7,2,1,1,0,1,1,0,0,0,0,1,0,0,1,1,1,1,4,3,1,1,70,1,12,1,30,1,2,5
8024,4.0,5.0,1.0,1.0,5.0,1.0,1.0,5.0,1.0,1.0,1.0,4.0,5.0,1.0,5.0,1.0,1.0,5.0,5.0,4.0,7,5,6,3,7,1,1,1,5,1,1,1,1,1,1,0,1,1,0,1,0,1,1,1,1,1,3,2,2,1,34,1,4,2,60,1,2,3
8025,1.0,2.0,5.0,2.0,4.0,1.0,2.0,4.0,5.0,4.0,1.0,5.0,2.0,2.0,1.0,1.0,1.0,3.0,4.0,4.0,3,3,6,1,7,6,6,1,7,3,1,1,1,1,1,0,0,0,0,1,0,0,1,1,1,1,3,1,2,1,60,2,7,1,60,2,3,1
8026,5.0,1.0,1.0,3.0,5.0,1.0,1.0,4.0,2.0,4.0,1.0,5.0,5.0,1.0,1.0,1.0,1.0,4.0,4.0,2.0,3,6,6,5,7,5,3,5,5,1,1,1,0,1,1,0,0,0,0,1,0,0,1,1,1,1,4,3,1,1,54,1,1,1,60,1,1,1
8027,5.0,5.0,1.0,1.0,5.0,1.0,1.0,5.0,2.0,5.0,1.0,5.0,5.0,1.0,3.0,1.0,1.0,5.0,5.0,5.0,3,6,2,1,6,5,6,1,5,1,1,1,1,1,1,0,1,1,0,1,1,0,1,1,1,1,2,3,1,1,47,1,1,1,60,2,3,2
8028,5.0,4.0,2.0,1.0,4.0,1.0,1.0,4.0,4.0,4.0,1.0,4.0,4.0,1.0,1.0,2.0,5.0,3.0,5.0,3.0,3,3,3,5,3,6,3,3,5,5,1,1,0,1,1,0,0,0,0,1,0,0,1,1,1,1,3,2,1,2,26,1,2,2,60,2,1,2
8029,2.0,4.0,1.0,4.0,5.0,1.0,1.0,1.0,5.0,4.0,1.0,5.0,1.0,5.0,5.0,4.0,1.0,1.0,5.0,5.0,1,6,7,1,4,7,3,6,6,2,1,1,1,1,1,0,1,1,0,1,1,0,1,1,1,1,4,3,1,1,64,1,2,3,10,1,2,2
8030,2.0,2.0,4.0,4.0,2.0,3.0,3.0,1.0,5.0,5.0,3.0,1.0,2.0,4.0,2.0,5.0,4.0,2.0,5.0,1.0,5,2,6,2,6,5,6,2,5,3,1,1,0,1,1,0,0,0,0,1,0,0,1,1,1,1,3,1,2,1,38,1,2,1,60,1,1,3
8031,5.0,4.0,4.0,1.0,4.0,4.0,2.0,4.0,5.0,4.0,1.0,5.0,1.0,2.0,4.0,1.0,1.0,5.0,1.0,1.0,6,7,6,7,5,5,6,5,3,3,1,1,0,1,1,0,0,1,0,1,0,0,1,1,1,1,4,3,1,2,29,1,10,1,70,2,1,3
8032,1.0,4.0,5.0,5.0,3.0,4.0,4.0,3.0,4.0,5.0,3.0,2.0,1.0,2.0,2.0,3.0,1.0,3.0,3.0,1.0,4,4,7,1,3,6,6,6,6,6,0,0,0,1,0,0,0,0,0,0,0,0,0,0,0,0,2,3,2,2,18,1,12,1,10,2,1,1
8033,2.0,4.0,5.0,5.0,1.0,2.0,2.0,1.0,5.0,2.0,1.0,1.0,1.0,5.0,4.0,3.0,4.0,4.0,4.0,1.0,2,1,6,1,2,2,7,5,6,2,1,1,1,1,1,1,0,0,0,1,0,0,1,1,1,1,2,2,2,1,59,1,6,3,60,1,2,5
8034,2.0,2.0,2.0,1.0,4.0,1.0,1.0,2.0,5.0,2.0,1.0,2.0,2.0,1.0,3.0,2.0,2.0,2.0,5.0,1.0,5,5,7,5,7,5,3,4,6,3,1,1,0,1,1,1,0,0,1,1,0,0,1,1,1,1,3,2,2,1,24,1,2,1,60,1,1,3
8035,5.0,3.0,4.0,1.0,5.0,1.0,1.0,1.0,5.0,5.0,5.0,1.0,5.0,1.0,3.0,1.0,1.0,1.0,5.0,1.0,6,6,6,6,6,3,5,5,3,3,1,1,1,1,1,0,0,0,0,1,1,0,1,1,1,1,3,2,2,2,24,1,6,1,10,2,1,1
8036,5.0,4.0,2.0,2.0,4.0,5.0,1.0,5.0,5.0,1.0,1.0,5.0,4.0,1.0,4.0,1.0,2.0,5.0,5.0,4.0,2,6,5,6,1,7,5,6,5,5,1,1,0,1,1,0,0,0,0,1,0,0,1,1,1,1,2,2,1,1,18,1,6,1,10,2,1,2
8037,2.0,4.0,2.0,2.0,2.0,2.0,1.0,4.0,2.0,1.0,1.0,2.0,4.0,1.0,4.0,1.0,2.0,5.0,5.0,1.0,6,3,7,6,7,5,6,5,5,2,1,1,0,1,1,0,0,1,0,1,0,0,0,1,1,1,2,1,1,1,19,1,4,1,60,1,1,2
8038,5.0,5.0,3.0,1.0,5.0,1.0,1.0,4.0,1.0,1.0,1.0,5.0,2.0,1.0,5.0,1.0,1.0,5.0,5.0,2.0,1,3,3,4,7,7,7,4,3,3,1,1,1,1,1,0,0,0,0,1,0,0,1,1,1,1,2,2,1,1,43,1,7,1,30,2,1,3
8039,5.0,4.0,2.0,1.0,3.0,1.0,1.0,3.0,5.0,1.0,1.0,5.0,3.0,1.0,4.0,4.0,1.0,5.0,5.0,1.0,6,7,3,5,7,4,6,3,4,1,1,1,1,1,1,1,1,1,0,1,0,0,1,1,1,1,3,2,1,1,26,3,1,1,60,1,1,2
8040,5.0,1.0,1.0,1.0,5.0,1.0,1.0,5.0,3.0,1.0,1.0,5.0,5.0,3.0,3.0,1.0,1.0,5.0,5.0,3.0,2,2,6,2,6,4,1,1,6,3,1,1,0,1,1,0,0,0,0,1,0,1,1,1,1,1,3,1,1,1,60,1,2,1,60,2,3,3
8041,1.0,1.0,5.0,5.0,1.0,5.0,5.0,1.0,5.0,5.0,2.0,1.0,1.0,4.0,2.0,5.0,3.0,1.0,1.0,4.0,6,5,6,5,6,2,6,4,5,6,1,1,0,1,1,0,0,1,1,1,0,1,0,1,1,1,3,1,2,1,55,1,6,1,60,1,2,3
8042,1.0,1.0,3.0,3.0,2.0,1.0,1.0,4.0,5.0,2.0,3.0,4.0,1.0,1.0,1.0,1.0,2.0,1.0,5.0,1.0,2,5,6,1,2,4,4,1,6,5,1,1,1,1,1,0,1,0,0,1,1,0,1,1,1,1,4,2,1,1,37,1,6,1,60,1,2,2
8043,2.0,1.0,3.0,3.0,4.0,3.0,4.0,3.0,5.0,3.0,2.0,5.0,4.0,2.0,1.0,2.0,1.0,4.0,2.0,1.0,2,2,7,3,7,5,4,4,7,4,1,1,0,1,0,0,0,1,0,1,0,0,0,1,1,1,3,2,2,1,39,1,6,4,60,1,1,1
8044,4.0,1.0,1.0,4.0,4.0,4.0,3.0,2.0,5.0,4.0,2.0,4.0,1.0,1.0,1.0,4.0,2.0,1.0,5.0,1.0,7,1,5,1,7,1,4,1,7,1,1,1,1,1,1,0,0,0,0,1,0,0,1,1,0,1,3,1,2,1,46,1,12,2,50,1,3,2
8045,2.0,4.0,3.0,4.0,4.0,4.0,4.0,4.0,5.0,4.0,2.0,4.0,2.0,2.0,3.0,1.0,3.0,4.0,4.0,2.0,1,1,6,6,5,6,7,1,3,6,1,1,0,1,1,0,0,1,0,1,0,0,0,1,1,1,2,3,2,1,20,1,4,1,10,2,1,3
8046,2.0,4.0,4.0,4.0,2.0,4.0,5.0,2.0,4.0,2.0,3.0,2.0,2.0,2.0,2.0,3.0,4.0,4.0,3.0,3.0,2,5,5,6,4,6,5,6,3,5,1,1,0,1,1,0,0,0,0,1,0,0,1,1,1,1,3,2,2,1,27,1,6,2,60,2,1,1
8047,2.0,1.0,1.0,4.0,2.0,2.0,1.0,4.0,5.0,2.0,1.0,3.0,2.0,2.0,1.0,2.0,2.0,3.0,5.0,1.0,5,5,7,1,6,2,3,1,6,5,1,1,1,1,1,1,0,1,0,1,0,0,1,1,1,1,4,2,2,1,43,1,2,1,60,1,2,1
8048,1.0,4.0,1.0,4.0,3.0,1.0,1.0,3.0,3.0,3.0,3.0,1.0,1.0,4.0,4.0,1.0,1.0,4.0,5.0,1.0,6,5,3,7,5,1,7,4,2,1,1,1,1,1,1,0,1,1,0,1,1,0,1,1,1,1,3,2,1,1,58,2,9,1,60,1,3,2
8049,4.0,4.0,3.0,5.0,2.0,1.0,1.0,1.0,5.0,4.0,1.0,4.0,1.0,5.0,2.0,4.0,1.0,4.0,2.0,2.0,6,3,6,6,6,5,5,3,6,2,1,1,0,1,1,0,0,0,0,1,0,0,1,1,1,1,3,2,1,1,46,1,7,1,60,1,2,3
8050,2.0,5.0,2.0,4.0,4.0,1.0,1.0,2.0,3.0,2.0,2.0,4.0,2.0,3.0,4.0,2.0,2.0,5.0,5.0,1.0,2,3,3,1,5,5,4,5,7,3,1,1,0,1,1,0,0,0,0,1,0,0,1,1,1,1,4,1,2,1,40,2,6,1,60,1,1,3
8051,2.0,4.0,4.0,3.0,4.0,3.0,1.0,4.0,3.0,2.0,3.0,5.0,4.0,1.0,2.0,5.0,3.0,5.0,5.0,4.0,4,7,6,6,6,6,5,3,2,5,0,1,0,1,1,0,0,0,0,1,0,0,0,0,1,1,2,3,1,2,19,1,2,1,10,2,1,2
8052,2.0,5.0,3.0,5.0,5.0,4.0,1.0,2.0,5.0,1.0,1.0,4.0,3.0,1.0,5.0,1.0,3.0,5.0,5.0,2.0,1,5,5,4,7,7,5,4,7,1,1,1,0,1,1,0,0,1,0,1,0,0,1,1,1,1,3,3,1,2,20,1,2,2,70,2,1,2
8053,5.0,3.0,5.0,5.0,1.0,1.0,1.0,1.0,1.0,1.0,1.0,1.0,5.0,1.0,5.0,5.0,1.0,5.0,5.0,1.0,7,7,7,1,7,4,5,5,7,1,1,1,1,0,1,0,0,0,0,1,0,0,1,1,1,1,3,1,2,1,32,2,5,1,60,2,1,2
8054,2.0,2.0,1.0,5.0,4.0,2.0,2.0,5.0,5.0,1.0,2.0,1.0,4.0,5.0,5.0,2.0,1.0,2.0,4.0,1.0,7,1,6,1,7,2,7,2,6,1,1,1,1,1,1,1,1,0,0,1,0,1,1,1,1,1,3,2,2,1,35,1,6,1,30,2,1,5
8055,5.0,5.0,4.0,1.0,5.0,2.0,1.0,1.0,5.0,1.0,1.0,2.0,4.0,1.0,5.0,2.0,1.0,4.0,5.0,1.0,6,5,5,1,7,2,7,7,7,1,1,1,0,1,1,0,0,0,0,1,0,0,0,1,1,1,4,3,2,2,21,1,2,1,20,2,1,4
8056,5.0,1.0,1.0,1.0,3.0,1.0,2.0,5.0,1.0,2.0,2.0,3.0,4.0,1.0,2.0,1.0,1.0,5.0,3.0,3.0,5,7,3,6,2,1,3,4,2,2,1,1,0,1,1,0,0,0,0,1,0,0,0,1,1,1,2,2,1,1,57,1,6,1,60,1,2,3
8057,1.0,1.0,4.0,4.0,1.0,5.0,2.0,1.0,5.0,4.0,3.0,1.0,1.0,3.0,3.0,2.0,1.0,1.0,3.0,1.0,6,2,4,2,5,3,6,4,5,3,1,1,1,1,1,0,1,1,1,1,0,0,1,1,1,1,2,1,2,1,34,1,0,0,0,1,2,3
8058,4.0,1.0,4.0,5.0,3.0,4.0,4.0,1.0,5.0,5.0,3.0,2.0,1.0,5.0,3.0,4.0,2.0,4.0,5.0,1.0,6,2,6,1,7,2,7,2,7,1,1,1,1,1,1,0,0,1,0,1,0,0,1,1,1,1,4,2,1,1,45,1,7,1,60,1,2,2
8059,4.0,2.0,3.0,3.0,3.0,1.0,3.0,1.0,2.0,2.0,1.0,2.0,1.0,2.0,3.0,2.0,2.0,4.0,4.0,1.0,5,2,5,6,6,4,7,2,4,1,1,1,1,1,1,0,0,1,0,1,0,0,1,1,1,1,3,2,2,1,46,2,2,1,60,1,2,3
8060,2.0,1.0,4.0,4.0,4.0,4.0,2.0,2.0,5.0,4.0,1.0,2.0,2.0,3.0,3.0,4.0,3.0,5.0,5.0,2.0,6,2,5,5,2,3,7,3,3,2,1,1,0,1,1,0,0,0,0,1,0,0,1,1,1,1,2,3,1,1,19,1,7,1,60,1,1,2
8061,1.0,2.0,4.0,1.0,5.0,4.0,2.0,4.0,5.0,4.0,1.0,2.0,5.0,1.0,3.0,1.0,2.0,5.0,1.0,2.0,6,5,6,2,5,2,5,6,6,5,1,1,1,1,1,0,0,0,0,1,0,0,1,1,1,1,3,3,1,1,30,1,6,1,60,1,2,3
8062,4.0,1.0,4.0,4.0,3.0,2.0,2.0,2.0,5.0,3.0,2.0,3.0,2.0,2.0,2.0,4.0,1.0,3.0,3.0,3.0,6,5,7,5,7,3,7,5,2,2,1,1,0,1,1,0,0,0,0,1,0,0,0,1,1,1,3,2,2,1,47,1,4,1,60,1,1,2
8063,1.0,4.0,5.0,4.0,4.0,1.0,1.0,1.0,5.0,5.0,2.0,1.0,1.0,4.0,3.0,4.0,4.0,4.0,5.0,1.0,2,5,5,7,7,7,7,2,5,1,1,1,1,1,1,1,1,1,0,1,0,0,1,1,1,1,3,2,1,1,68,1,1,1,60,1,3,3
8064,5.0,4.0,2.0,2.0,5.0,3.0,1.0,2.0,5.0,2.0,1.0,4.0,2.0,1.0,2.0,2.0,1.0,4.0,3.0,4.0,4,6,3,7,5,6,5,5,3,4,1,1,0,1,1,1,0,0,0,1,0,0,1,1,1,1,3,1,1,1,21,2,1,1,60,2,1,3
8065,5.0,4.0,5.0,1.0,2.0,1.0,1.0,5.0,5.0,1.0,1.0,5.0,5.0,1.0,1.0,1.0,5.0,5.0,1.0,1.0,1,2,1,1,6,5,5,7,6,1,1,1,0,1,1,0,0,0,0,1,0,0,1,1,1,1,4,3,1,2,24,1,6,4,30,2,1,5
8066,3.0,5.0,1.0,3.0,3.0,1.0,1.0,4.0,3.0,3.0,1.0,5.0,4.0,3.0,1.0,1.0,2.0,2.0,5.0,3.0,2,6,4,5,6,6,6,5,2,2,1,1,0,1,1,0,1,1,0,1,0,0,1,1,1,1,2,3,2,1,22,1,1,2,60,1,1,2
8067,4.0,1.0,5.0,4.0,2.0,5.0,2.0,2.0,5.0,2.0,2.0,1.0,1.0,5.0,3.0,4.0,1.0,4.0,5.0,1.0,5,6,5,5,7,5,5,1,3,1,1,1,1,1,1,0,0,0,0,1,0,0,0,1,1,1,2,3,2,2,22,1,12,1,60,2,1,1
8068,3.0,3.0,3.0,2.0,4.0,3.0,2.0,2.0,3.0,3.0,2.0,2.0,1.0,2.0,2.0,2.0,3.0,3.0,4.0,1.0,3,2,5,5,5,5,6,4,4,5,1,1,0,1,1,0,0,0,0,1,0,0,0,0,1,1,3,3,2,1,20,1,4,1,60,1,1,4
8069,4.0,4.0,2.0,1.0,5.0,2.0,2.0,4.0,3.0,2.0,1.0,4.0,4.0,2.0,3.0,3.0,1.0,4.0,5.0,4.0,5,5,6,4,5,3,6,5,5,3,0,1,1,1,1,0,1,0,0,1,0,0,1,1,1,1,3,1,2,2,25,1,12,1,60,2,1,3
8070,4.0,4.0,4.0,3.0,3.0,2.0,2.0,1.0,4.0,3.0,3.0,5.0,1.0,2.0,2.0,3.0,2.0,2.0,5.0,2.0,7,4,6,2,7,2,6,2,7,2,1,1,1,1,1,1,1,1,1,1,0,0,1,1,1,1,3,1,1,1,22,1,1,1,60,1,1,3
8071,2.0,5.0,1.0,1.0,5.0,2.0,1.0,2.0,3.0,2.0,1.0,5.0,4.0,1.0,4.0,1.0,2.0,5.0,5.0,2.0,6,5,6,1,7,4,6,4,6,7,1,1,1,0,1,0,0,1,0,1,0,0,1,1,1,1,2,2,2,1,57,1,2,2,60,2,3,5
8072,2.0,2.0,2.0,4.0,4.0,2.0,2.0,4.0,5.0,3.0,2.0,3.0,2.0,4.0,3.0,4.0,2.0,2.0,5.0,2.0,6,2,5,4,4,1,7,3,3,1,1,1,0,1,1,0,0,0,0,1,0,0,1,1,1,1,3,3,2,1,35,1,7,1,60,1,2,3
8073,2.0,4.0,3.0,4.0,4.0,4.0,2.0,4.0,4.0,4.0,2.0,2.0,4.0,2.0,4.0,4.0,1.0,4.0,5.0,1.0,7,3,5,5,6,2,6,5,7,3,1,1,1,1,1,0,0,0,0,1,0,1,0,1,1,1,4,2,2,1,28,1,7,1,60,1,2,2
8074,2.0,2.0,5.0,2.0,3.0,5.0,5.0,3.0,5.0,5.0,1.0,3.0,1.0,1.0,1.0,5.0,5.0,1.0,3.0,1.0,4,2,6,5,7,7,7,1,6,3,1,1,0,1,1,0,0,0,0,1,0,0,1,1,1,1,3,2,2,2,32,1,4,1,60,2,3,3
8075,5.0,4.0,2.0,4.0,5.0,2.0,1.0,4.0,2.0,3.0,2.0,5.0,3.0,2.0,3.0,1.0,1.0,4.0,5.0,2.0,5,2,2,7,6,4,5,5,2,4,1,1,1,1,1,1,0,1,0,1,1,0,1,1,1,1,4,3,2,1,24,1,1,3,30,1,1,1
8076,5.0,5.0,1.0,2.0,5.0,1.0,1.0,4.0,2.0,5.0,1.0,5.0,5.0,1.0,5.0,1.0,1.0,2.0,5.0,5.0,3,1,7,5,3,7,6,3,7,7,1,1,0,1,1,0,1,1,0,1,0,0,1,1,1,1,4,2,1,2,23,1,8,1,10,1,1,1
8077,4.0,4.0,2.0,2.0,4.0,1.0,1.0,4.0,2.0,1.0,2.0,4.0,2.0,2.0,5.0,2.0,2.0,3.0,4.0,1.0,7,5,7,6,5,1,6,1,6,3,1,1,0,1,1,0,0,0,0,1,0,0,1,1,1,1,3,3,2,1,26,1,9,1,60,1,1,2
8078,2.0,2.0,5.0,4.0,2.0,5.0,5.0,2.0,5.0,2.0,3.0,1.0,5.0,5.0,4.0,5.0,3.0,1.0,5.0,1.0,6,7,7,6,5,5,3,1,5,6,1,1,0,1,1,1,0,1,0,1,1,0,0,1,1,1,3,1,2,1,25,1,7,1,60,2,1,2
8079,4.0,4.0,2.0,2.0,5.0,1.0,2.0,4.0,5.0,2.0,1.0,3.0,4.0,1.0,4.0,1.0,1.0,3.0,4.0,4.0,3,5,4,3,6,4,3,5,4,3,1,1,1,1,1,0,0,1,0,1,1,0,1,1,1,1,3,1,1,1,41,1,6,1,60,1,2,3
8080,2.0,1.0,4.0,2.0,1.0,4.0,2.0,1.0,4.0,4.0,2.0,4.0,1.0,4.0,2.0,4.0,3.0,4.0,5.0,1.0,1,5,6,7,7,7,5,3,5,2,1,1,0,1,1,0,0,0,0,1,0,0,0,1,1,1,2,1,2,1,23,1,1,1,60,1,1,3
8081,1.0,4.0,1.0,4.0,2.0,1.0,1.0,2.0,4.0,2.0,1.0,4.0,1.0,5.0,4.0,1.0,4.0,4.0,5.0,1.0,2,1,5,2,3,5,4,2,6,6,1,1,1,1,1,0,0,0,0,1,0,0,1,1,1,1,3,1,2,1,60,1,7,1,60,1,2,1
8082,2.0,1.0,1.0,4.0,1.0,4.0,4.0,2.0,5.0,2.0,3.0,2.0,1.0,4.0,3.0,5.0,5.0,2.0,1.0,1.0,7,2,5,5,6,2,7,3,5,3,1,1,1,1,1,0,0,0,0,1,0,1,1,1,1,1,3,2,2,1,37,2,4,1,60,1,2,6
8083,2.0,4.0,2.0,3.0,4.0,2.0,1.0,5.0,5.0,4.0,1.0,3.0,4.0,2.0,4.0,1.0,2.0,4.0,5.0,4.0,1,5,6,5,6,5,6,5,5,1,1,1,1,1,1,0,0,0,0,1,0,0,1,1,1,1,4,3,2,1,32,1,7,1,60,1,2,2
8084,2.0,2.0,2.0,5.0,1.0,3.0,2.0,1.0,5.0,4.0,4.0,1.0,1.0,5.0,4.0,5.0,4.0,3.0,5.0,1.0,2,5,6,6,5,7,7,2,3,1,1,1,0,1,1,1,0,0,0,1,0,0,0,1,1,1,2,2,2,1,23,1,7,1,70,1,1,2
8085,1.0,1.0,4.0,3.0,2.0,1.0,1.0,2.0,5.0,3.0,2.0,4.0,1.0,5.0,1.0,1.0,2.0,1.0,3.0,3.0,2,1,7,2,5,6,5,3,7,2,1,1,1,1,1,0,1,1,0,1,0,0,1,1,1,1,4,1,2,1,45,2,6,1,60,1,2,4
8086,2.0,2.0,2.0,2.0,4.0,2.0,1.0,2.0,4.0,4.0,1.0,2.0,4.0,4.0,3.0,1.0,4.0,2.0,5.0,1.0,5,6,7,5,7,5,5,5,2,2,1,1,0,1,1,1,0,0,0,1,0,0,1,1,1,1,3,3,2,1,22,1,2,2,60,1,1,3
8087,2.0,2.0,2.0,4.0,2.0,2.0,1.0,2.0,4.0,2.0,1.0,4.0,2.0,2.0,2.0,4.0,2.0,2.0,4.0,1.0,5,5,3,3,5,5,2,2,4,4,1,1,1,1,1,0,0,0,0,1,1,0,1,1,1,1,4,1,2,1,31,1,6,1,60,1,1,4
8088,4.0,4.0,1.0,1.0,5.0,1.0,3.0,4.0,2.0,5.0,1.0,5.0,1.0,1.0,1.0,1.0,1.0,4.0,5.0,4.0,6,5,6,2,6,1,6,1,6,1,1,1,1,1,1,0,0,1,1,1,1,0,1,1,1,1,3,3,2,1,61,1,12,1,60,1,2,3
8089,2.0,3.0,4.0,2.0,5.0,1.0,1.0,5.0,5.0,4.0,1.0,2.0,4.0,2.0,1.0,1.0,4.0,2.0,5.0,5.0,1,6,6,5,2,4,1,2,5,4,1,1,0,1,1,0,0,1,0,1,0,0,1,1,1,1,4,3,2,2,31,1,2,1,60,2,1,1
8090,2.0,1.0,2.0,4.0,3.0,4.0,2.0,2.0,4.0,3.0,2.0,3.0,2.0,4.0,3.0,2.0,2.0,3.0,5.0,1.0,3,5,6,3,6,5,6,2,6,2,1,1,1,1,1,1,0,1,0,1,0,0,1,1,1,1,4,2,1,1,49,1,7,1,60,1,2,2
8091,4.0,5.0,1.0,3.0,5.0,1.0,1.0,5.0,4.0,5.0,1.0,5.0,4.0,1.0,5.0,1.0,1.0,5.0,5.0,3.0,6,2,4,2,7,2,5,5,7,1,1,1,0,1,1,1,0,1,0,1,1,1,1,1,1,1,3,3,1,2,54,2,9,2,60,1,1,3
8092,2.0,2.0,5.0,4.0,4.0,5.0,4.0,2.0,5.0,5.0,2.0,4.0,4.0,2.0,1.0,4.0,5.0,5.0,5.0,2.0,7,4,6,2,6,1,7,2,5,1,1,1,0,1,1,0,0,0,0,1,0,1,1,1,1,1,4,3,1,2,34,1,1,2,60,1,1,2
8093,3.0,4.0,3.0,2.0,4.0,3.0,2.0,4.0,4.0,2.0,2.0,4.0,4.0,2.0,4.0,3.0,4.0,4.0,5.0,3.0,5,6,4,2,7,3,5,4,6,3,1,1,1,1,1,1,1,1,1,1,1,1,1,1,1,1,3,3,2,2,25,1,2,1,60,1,1,1
8094,4.0,1.0,1.0,2.0,2.0,2.0,1.0,4.0,5.0,1.0,1.0,5.0,4.0,1.0,4.0,4.0,5.0,4.0,5.0,5.0,6,6,7,1,7,2,5,1,6,1,1,1,1,1,1,0,1,1,0,1,1,0,1,1,1,1,4,3,1,2,57,1,1,1,60,1,2,2
8095,1.0,2.0,5.0,3.0,1.0,4.0,4.0,1.0,5.0,2.0,3.0,3.0,1.0,2.0,2.0,5.0,4.0,1.0,5.0,1.0,6,1,7,5,4,5,7,2,6,2,1,1,1,1,1,0,1,0,0,1,0,0,1,1,1,1,3,2,2,1,61,1,9,1,60,1,1,2
8096,1.0,1.0,2.0,5.0,1.0,2.0,3.0,2.0,4.0,5.0,1.0,1.0,1.0,4.0,1.0,2.0,1.0,1.0,5.0,1.0,3,5,7,2,7,4,6,1,7,2,1,1,0,1,1,0,0,0,0,1,0,0,1,1,1,1,3,2,2,1,26,1,4,1,60,1,1,1
8097,4.0,4.0,4.0,4.0,5.0,2.0,1.0,2.0,5.0,5.0,1.0,1.0,1.0,1.0,4.0,5.0,1.0,2.0,5.0,1.0,1,1,7,2,6,7,5,1,7,1,1,1,0,1,1,1,0,1,0,1,0,0,1,1,1,1,3,3,2,2,26,1,1,2,60,1,1,2
8098,4.0,4.0,2.0,2.0,4.0,4.0,3.0,4.0,4.0,4.0,4.0,4.0,4.0,2.0,5.0,5.0,2.0,4.0,4.0,4.0,5,3,4,3,5,3,6,5,3,5,1,1,0,1,1,0,0,0,0,1,0,0,0,1,1,1,3,2,2,1,24,1,2,1,60,1,1,3
8099,4.0,4.0,1.0,3.0,4.0,1.0,1.0,4.0,2.0,2.0,2.0,5.0,2.0,2.0,4.0,2.0,2.0,4.0,5.0,2.0,4,5,6,2,5,2,4,2,6,5,1,1,0,1,1,0,0,0,0,1,0,0,1,1,1,1,4,2,1,1,40,1,4,1,60,1,2,3
8100,1.0,1.0,4.0,5.0,1.0,2.0,1.0,1.0,5.0,5.0,1.0,4.0,1.0,4.0,1.0,4.0,5.0,1.0,4.0,1.0,6,2,7,1,6,3,6,2,6,1,1,1,1,1,1,1,1,0,0,1,0,0,1,1,1,1,4,1,2,1,67,3,12,1,60,1,3,5
8101,4.0,1.0,4.0,3.0,1.0,5.0,2.0,5.0,5.0,3.0,1.0,2.0,1.0,1.0,2.0,5.0,2.0,5.0,5.0,2.0,5,3,7,2,5,6,5,2,7,4,1,1,0,1,1,0,0,0,0,1,0,0,1,1,1,1,2,2,1,1,20,1,4,1,60,2,1,2
8102,2.0,5.0,4.0,1.0,3.0,2.0,1.0,2.0,4.0,3.0,1.0,4.0,4.0,1.0,5.0,2.0,1.0,4.0,5.0,2.0,6,6,6,1,7,2,6,2,7,1,1,1,0,1,1,0,0,0,1,1,0,0,1,1,1,1,3,2,1,1,26,1,12,1,60,1,1,4
8103,5.0,1.0,2.0,5.0,4.0,4.0,2.0,2.0,5.0,3.0,2.0,3.0,1.0,3.0,1.0,5.0,3.0,3.0,1.0,1.0,1,6,6,6,5,6,5,1,5,4,1,1,0,1,1,1,0,0,0,1,0,0,0,1,1,1,3,2,1,1,63,1,4,1,60,1,2,2
8104,2.0,2.0,4.0,4.0,1.0,1.0,1.0,1.0,5.0,4.0,4.0,2.0,1.0,4.0,4.0,2.0,5.0,1.0,3.0,1.0,5,1,6,2,7,7,7,5,6,6,1,1,1,1,1,0,1,0,0,1,1,0,1,1,1,1,4,1,1,1,73,1,6,1,60,1,1,4
8105,5.0,1.0,1.0,1.0,5.0,1.0,1.0,5.0,3.0,1.0,1.0,2.0,4.0,1.0,5.0,1.0,1.0,1.0,5.0,1.0,7,4,7,1,7,1,6,4,6,1,1,1,0,1,1,0,0,0,0,1,0,0,1,1,1,1,3,1,1,1,25,1,6,1,30,1,1,2
8106,3.0,4.0,3.0,4.0,3.0,2.0,4.0,4.0,4.0,4.0,2.0,5.0,3.0,1.0,2.0,4.0,1.0,3.0,4.0,2.0,2,5,6,2,6,6,2,2,6,1,0,0,0,0,0,0,0,0,0,0,0,0,0,0,0,0,1,3,1,2,18,2,10,1,60,2,1,2
8107,1.0,1.0,1.0,5.0,4.0,5.0,5.0,5.0,5.0,5.0,4.0,5.0,1.0,5.0,3.0,5.0,3.0,2.0,5.0,2.0,5,4,7,1,5,6,3,1,1,1,1,1,0,1,1,0,0,0,0,1,0,0,0,1,1,1,3,1,1,1,35,1,7,1,60,1,2,5
8108,2.0,2.0,2.0,4.0,4.0,2.0,2.0,5.0,5.0,4.0,1.0,2.0,5.0,1.0,1.0,2.0,1.0,2.0,5.0,4.0,1,5,7,2,6,6,6,1,6,3,1,1,0,1,1,0,0,0,0,1,0,0,0,0,1,1,3,1,2,1,46,1,7,1,60,1,2,3
8109,2.0,1.0,2.0,2.0,4.0,4.0,4.0,4.0,4.0,4.0,3.0,5.0,3.0,2.0,2.0,1.0,1.0,2.0,5.0,3.0,2,5,6,1,4,6,2,3,6,6,1,1,1,1,1,0,1,0,0,1,1,0,1,1,1,1,0,1,1,1,39,2,1,1,60,1,2,2
8110,2.0,2.0,2.0,4.0,4.0,1.0,1.0,4.0,5.0,4.0,1.0,5.0,4.0,4.0,4.0,1.0,2.0,4.0,5.0,4.0,6,7,6,2,3,1,3,2,5,3,1,1,1,1,1,0,0,0,0,1,0,0,1,1,1,1,3,2,2,2,27,1,2,1,60,1,1,1
8111,2.0,4.0,4.0,4.0,5.0,1.0,1.0,4.0,5.0,2.0,2.0,5.0,5.0,1.0,4.0,4.0,4.0,5.0,4.0,5.0,5,3,7,2,7,6,6,1,6,2,1,1,0,1,1,0,0,0,0,1,0,0,1,1,1,1,2,3,1,1,51,1,12,1,70,2,3,4
8112,4.0,5.0,1.0,1.0,5.0,1.0,1.0,4.0,1.0,3.0,1.0,5.0,5.0,1.0,5.0,1.0,1.0,5.0,5.0,3.0,6,6,4,4,7,2,5,5,6,1,1,1,0,0,1,1,0,1,1,0,0,1,1,1,1,1,3,3,1,1,54,2,9,2,60,1,1,3
8113,1.0,4.0,1.0,2.0,2.0,5.0,2.0,4.0,5.0,4.0,1.0,2.0,1.0,1.0,2.0,2.0,5.0,4.0,5.0,1.0,3,6,6,3,4,6,2,3,3,5,1,1,1,1,1,0,1,1,0,1,0,0,1,1,1,1,3,2,2,2,24,1,4,2,60,1,1,2
8114,3.0,3.0,5.0,5.0,4.0,5.0,5.0,2.0,5.0,5.0,2.0,1.0,5.0,3.0,1.0,5.0,3.0,1.0,4.0,3.0,7,5,5,6,7,4,6,2,4,1,1,1,0,1,1,0,0,0,0,1,0,0,0,1,1,1,2,1,2,1,59,1,5,1,60,2,2,4
8115,1.0,5.0,5.0,5.0,5.0,1.0,5.0,1.0,5.0,5.0,1.0,5.0,1.0,1.0,5.0,1.0,5.0,5.0,5.0,1.0,6,6,6,2,7,2,6,6,6,2,1,1,1,1,1,0,1,1,0,1,1,1,1,1,1,1,3,3,1,2,42,1,2,1,60,1,2,1
8116,4.0,4.0,2.0,4.0,4.0,1.0,1.0,4.0,3.0,3.0,2.0,4.0,3.0,2.0,4.0,1.0,1.0,4.0,4.0,1.0,2,2,6,2,6,6,6,1,6,2,1,1,1,1,1,0,0,1,0,0,0,0,1,1,1,1,4,2,1,1,72,1,7,1,60,1,2,0
8117,1.0,1.0,5.0,5.0,1.0,2.0,4.0,2.0,5.0,4.0,2.0,1.0,3.0,2.0,4.0,4.0,4.0,2.0,5.0,1.0,5,4,7,3,6,2,5,1,7,3,1,1,0,1,1,0,0,0,0,1,0,0,1,1,1,1,4,2,2,1,36,1,7,1,60,1,2,2
8118,3.0,4.0,3.0,1.0,2.0,2.0,2.0,3.0,4.0,3.0,1.0,4.0,2.0,2.0,4.0,2.0,3.0,5.0,4.0,1.0,3,5,4,5,5,5,6,3,3,5,1,1,0,1,1,0,1,1,0,1,0,0,1,1,1,1,3,3,2,1,34,1,4,1,60,2,1,4
8119,5.0,4.0,1.0,2.0,4.0,1.0,1.0,5.0,3.0,3.0,1.0,5.0,1.0,2.0,3.0,1.0,3.0,4.0,5.0,4.0,5,6,6,7,4,5,6,5,5,1,1,1,0,1,1,0,0,0,0,1,0,0,1,1,1,1,3,2,2,1,20,1,2,4,10,1,1,2
8120,5.0,4.0,3.0,4.0,4.0,2.0,2.0,2.0,5.0,5.0,1.0,4.0,4.0,2.0,5.0,3.0,4.0,4.0,4.0,2.0,5,5,3,6,6,6,5,6,5,2,1,1,0,1,1,0,0,0,0,1,0,0,1,1,1,1,3,1,2,1,29,1,12,1,60,1,2,2
8121,5.0,4.0,4.0,5.0,4.0,4.0,2.0,2.0,5.0,3.0,2.0,1.0,2.0,4.0,5.0,2.0,4.0,4.0,5.0,2.0,4,1,6,6,7,6,7,7,4,2,1,1,1,1,1,1,1,0,0,1,0,0,1,1,1,1,4,2,2,1,26,1,4,1,60,2,1,5
8122,2.0,4.0,1.0,4.0,4.0,1.0,2.0,4.0,4.0,4.0,1.0,4.0,4.0,4.0,2.0,1.0,5.0,4.0,5.0,4.0,2,5,6,1,5,5,5,3,3,1,1,1,1,1,1,0,1,1,0,1,1,0,1,1,1,1,4,2,1,1,66,1,6,1,60,1,3,2
8123,4.0,4.0,2.0,2.0,3.0,2.0,1.0,4.0,3.0,2.0,2.0,2.0,2.0,2.0,4.0,1.0,3.0,5.0,5.0,4.0,4,6,7,1,4,7,4,4,6,1,1,1,0,1,1,0,0,0,0,1,0,0,0,1,1,1,2,2,2,1,18,1,2,1,30,2,1,1
8124,2.0,4.0,2.0,1.0,4.0,1.0,1.0,2.0,2.0,2.0,1.0,4.0,1.0,1.0,4.0,1.0,1.0,4.0,5.0,1.0,3,6,3,5,6,1,5,5,5,5,1,1,1,1,1,0,0,1,0,1,0,0,1,1,1,1,3,1,2,2,24,1,1,1,60,1,1,3
8125,1.0,4.0,5.0,3.0,2.0,4.0,4.0,1.0,5.0,4.0,1.0,2.0,2.0,3.0,1.0,4.0,3.0,4.0,5.0,1.0,2,1,6,7,3,4,7,3,3,1,1,1,0,1,1,0,0,1,0,1,0,0,1,1,1,1,2,3,2,1,20,1,4,1,60,2,1,3
8126,4.0,3.0,3.0,5.0,4.0,2.0,1.0,4.0,5.0,4.0,2.0,5.0,4.0,2.0,4.0,1.0,1.0,4.0,5.0,1.0,4,5,6,5,7,5,5,3,5,1,1,1,0,1,1,1,0,0,0,1,0,0,1,1,1,1,3,1,2,1,37,1,1,1,60,1,1,2
8127,4.0,4.0,4.0,1.0,4.0,1.0,1.0,5.0,3.0,2.0,1.0,5.0,4.0,1.0,3.0,1.0,2.0,3.0,5.0,2.0,2,4,5,1,7,7,5,3,6,1,1,1,1,1,1,0,0,1,0,1,0,0,1,1,1,1,2,2,1,1,18,1,1,1,60,2,1,2
8128,5.0,2.0,1.0,1.0,5.0,1.0,1.0,5.0,2.0,1.0,1.0,5.0,5.0,1.0,4.0,1.0,1.0,4.0,5.0,4.0,1,7,6,5,7,2,1,2,2,1,1,1,0,1,1,1,0,0,0,1,0,1,1,1,1,1,2,1,1,1,20,1,2,1,60,2,1,3
8129,3.0,2.0,2.0,3.0,1.0,4.0,4.0,1.0,4.0,5.0,2.0,1.0,1.0,4.0,2.0,4.0,1.0,3.0,4.0,1.0,4,4,5,5,5,6,4,3,5,2,1,1,0,1,1,0,0,0,0,0,0,0,0,0,1,1,2,2,2,1,18,1,10,5,10,2,1,3
8130,4.0,2.0,4.0,3.0,5.0,2.0,2.0,2.0,4.0,3.0,1.0,4.0,1.0,2.0,4.0,1.0,1.0,5.0,4.0,1.0,6,6,7,2,7,1,5,1,4,1,1,1,1,1,1,1,1,0,1,1,1,0,1,1,1,1,3,2,2,1,36,1,4,1,60,1,2,2
8131,4.0,5.0,1.0,2.0,5.0,1.0,1.0,5.0,2.0,1.0,1.0,5.0,5.0,1.0,5.0,2.0,1.0,5.0,5.0,1.0,3,6,2,6,7,2,6,5,1,1,1,1,0,1,1,0,0,1,1,1,1,0,1,1,1,1,3,2,2,1,20,1,2,1,60,1,1,2
8132,5.0,5.0,2.0,3.0,4.0,1.0,1.0,5.0,1.0,1.0,2.0,5.0,4.0,2.0,5.0,1.0,2.0,4.0,5.0,4.0,2,6,6,7,3,6,6,5,3,6,1,1,1,1,1,0,1,1,0,1,0,0,1,1,1,1,4,2,2,1,32,1,6,1,60,2,1,1
8133,1.0,5.0,1.0,4.0,4.0,4.0,1.0,2.0,4.0,3.0,2.0,1.0,5.0,2.0,5.0,4.0,3.0,2.0,1.0,1.0,7,6,3,3,6,4,6,6,3,2,1,1,0,1,0,0,0,1,0,0,0,0,0,0,1,1,3,3,1,2,22,1,6,1,60,1,1,4
8134,1.0,3.0,5.0,4.0,4.0,4.0,4.0,2.0,5.0,5.0,3.0,2.0,3.0,2.0,1.0,4.0,2.0,2.0,5.0,2.0,1,5,5,6,7,7,7,5,3,1,1,1,1,1,1,0,0,1,0,1,0,0,1,1,1,1,2,2,2,1,19,1,12,2,60,1,1,3
8135,5.0,3.0,2.0,2.0,4.0,1.0,1.0,4.0,3.0,1.0,1.0,5.0,1.0,1.0,5.0,2.0,1.0,5.0,5.0,5.0,7,1,7,1,7,2,7,5,7,1,1,1,0,1,1,0,0,0,0,1,0,0,0,1,1,1,4,3,1,2,48,1,2,1,60,1,1,5
8136,2.0,2.0,2.0,2.0,4.0,2.0,2.0,4.0,2.0,3.0,1.0,4.0,2.0,3.0,4.0,1.0,2.0,4.0,4.0,1.0,6,6,5,2,6,3,1,3,6,3,1,1,1,1,1,0,0,1,0,1,1,1,1,1,1,1,3,2,1,1,30,1,12,2,30,1,1,2
8137,1.0,2.0,4.0,5.0,2.0,2.0,1.0,2.0,5.0,4.0,2.0,1.0,2.0,3.0,4.0,2.0,1.0,2.0,5.0,1.0,5,2,6,1,6,2,4,5,5,2,1,1,1,1,1,0,0,1,0,1,0,0,1,1,1,1,3,2,2,1,41,1,7,1,60,2,2,2
8138,3.0,4.0,3.0,4.0,1.0,1.0,1.0,2.0,5.0,5.0,2.0,4.0,2.0,2.0,3.0,4.0,3.0,2.0,5.0,4.0,5,3,6,4,7,2,7,1,6,3,1,1,0,1,1,0,0,0,0,1,0,0,1,1,1,1,3,3,2,1,24,1,0,1,60,1,1,3
8139,4.0,2.0,4.0,2.0,1.0,2.0,1.0,1.0,5.0,5.0,1.0,2.0,1.0,3.0,1.0,1.0,2.0,2.0,5.0,4.0,3,2,3,2,7,1,7,6,6,1,1,1,1,1,1,0,0,1,0,1,0,0,1,1,1,1,4,1,2,1,65,1,12,2,70,1,2,2
8140,2.0,1.0,5.0,1.0,5.0,4.0,4.0,3.0,5.0,4.0,1.0,4.0,4.0,1.0,4.0,1.0,1.0,4.0,5.0,2.0,2,5,4,7,6,2,5,7,2,2,1,1,1,1,1,0,0,0,0,1,0,0,1,1,1,1,3,2,2,1,47,1,6,1,60,1,1,3
8141,5.0,1.0,1.0,1.0,5.0,1.0,1.0,5.0,1.0,1.0,1.0,5.0,5.0,1.0,4.0,1.0,1.0,5.0,5.0,5.0,0,0,6,0,0,0,0,0,0,0,1,1,1,1,1,0,0,0,0,1,0,0,1,1,1,1,4,3,1,2,29,3,1,1,60,2,1,3
8142,1.0,3.0,2.0,5.0,1.0,1.0,1.0,1.0,4.0,3.0,2.0,1.0,2.0,2.0,4.0,2.0,1.0,2.0,5.0,1.0,5,5,3,2,6,4,6,6,2,6,1,1,1,1,1,0,0,0,0,1,1,0,1,1,1,1,3,2,2,1,42,1,2,1,60,1,2,3
8143,3.0,2.0,1.0,3.0,5.0,1.0,1.0,2.0,3.0,2.0,1.0,5.0,3.0,1.0,4.0,5.0,1.0,4.0,5.0,4.0,2,6,6,5,6,6,6,2,6,6,1,1,0,1,1,0,0,0,0,1,1,1,0,1,1,1,4,3,1,1,51,1,4,1,60,1,2,2
8144,1.0,1.0,5.0,4.0,4.0,5.0,5.0,4.0,5.0,5.0,2.0,1.0,2.0,2.0,3.0,5.0,2.0,2.0,1.0,1.0,7,6,7,6,7,1,7,5,3,1,1,1,1,1,1,0,0,0,0,1,0,0,0,1,1,1,3,3,2,1,24,1,12,1,30,2,1,3
8145,2.0,3.0,4.0,4.0,2.0,4.0,2.0,4.0,5.0,4.0,1.0,4.0,2.0,3.0,3.0,1.0,2.0,4.0,2.0,1.0,6,2,5,7,5,5,5,5,5,5,1,1,0,1,1,0,0,0,0,1,0,1,1,1,1,1,2,2,2,1,18,1,7,1,60,2,1,2
8146,4.0,4.0,2.0,3.0,2.0,2.0,2.0,2.0,2.0,2.0,2.0,5.0,2.0,2.0,3.0,1.0,2.0,2.0,4.0,3.0,1,3,5,5,5,7,5,4,3,2,1,1,1,1,1,0,0,0,0,1,0,0,0,0,1,1,4,1,1,1,68,1,12,1,60,1,2,3
8147,2.0,3.0,3.0,4.0,3.0,1.0,1.0,3.0,2.0,3.0,2.0,2.0,2.0,4.0,4.0,3.0,2.0,2.0,4.0,1.0,6,3,6,3,6,3,5,2,3,1,1,1,1,1,1,0,1,1,0,1,1,0,1,1,1,1,4,3,1,1,40,1,12,0,0,1,1,2
8148,1.0,5.0,1.0,5.0,1.0,1.0,1.0,1.0,5.0,5.0,1.0,3.0,1.0,1.0,1.0,1.0,1.0,1.0,5.0,1.0,7,1,1,1,7,1,7,7,7,1,1,1,1,1,1,0,0,1,0,1,0,0,1,1,1,1,4,1,2,1,65,1,12,2,70,1,2,3
8149,2.0,2.0,2.0,5.0,2.0,2.0,2.0,2.0,5.0,3.0,1.0,1.0,1.0,4.0,1.0,5.0,5.0,2.0,5.0,1.0,2,1,6,1,7,5,6,5,7,5,1,1,1,1,1,0,1,1,0,1,1,1,1,1,1,0,3,1,2,1,62,1,4,3,0,1,3,0
8150,2.0,4.0,2.0,4.0,5.0,1.0,2.0,2.0,4.0,2.0,2.0,4.0,4.0,2.0,4.0,1.0,1.0,4.0,5.0,1.0,2,6,6,2,6,6,1,2,7,2,1,1,1,1,1,0,0,0,0,1,1,0,1,1,1,1,3,2,2,1,36,1,2,1,10,1,2,2
8151,3.0,4.0,3.0,3.0,5.0,3.0,2.0,5.0,3.0,2.0,2.0,5.0,5.0,3.0,5.0,4.0,2.0,4.0,3.0,3.0,5,5,6,6,6,5,3,5,3,3,1,1,1,1,1,0,0,0,0,1,0,1,1,1,1,1,3,3,2,2,25,1,1,1,10,2,1,2
8152,4.0,4.0,2.0,1.0,4.0,1.0,1.0,3.0,3.0,2.0,1.0,4.0,3.0,1.0,4.0,1.0,5.0,4.0,5.0,4.0,1,6,6,4,6,5,5,4,4,5,1,1,0,1,1,0,0,1,0,1,0,0,1,1,1,1,3,1,2,2,22,1,2,1,60,1,1,2
8153,5.0,3.0,1.0,1.0,5.0,1.0,1.0,5.0,3.0,2.0,1.0,5.0,5.0,1.0,5.0,1.0,1.0,5.0,5.0,1.0,7,5,6,1,6,7,7,2,7,1,1,1,0,1,1,0,0,0,0,1,0,0,1,0,1,1,3,2,1,1,24,1,1,1,30,2,1,2
8154,5.0,4.0,4.0,4.0,1.0,1.0,1.0,1.0,5.0,2.0,1.0,1.0,1.0,5.0,4.0,5.0,2.0,4.0,1.0,3.0,2,3,7,4,2,7,7,1,7,7,1,1,1,1,1,1,0,1,1,1,0,1,1,1,1,1,3,2,2,1,54,1,7,1,60,1,2,5
8155,5.0,1.0,2.0,4.0,5.0,4.0,2.0,2.0,4.0,2.0,3.0,5.0,4.0,2.0,3.0,4.0,2.0,4.0,5.0,1.0,5,4,6,2,4,7,7,1,4,5,1,1,0,1,1,0,0,1,0,1,0,0,0,1,1,1,4,3,2,1,38,1,12,1,60,2,2,2
8156,1.0,4.0,5.0,4.0,5.0,1.0,2.0,5.0,5.0,5.0,1.0,4.0,5.0,1.0,4.0,5.0,3.0,1.0,5.0,1.0,5,5,6,5,2,4,7,4,3,6,1,1,0,1,1,0,0,0,0,1,0,0,0,1,1,1,3,2,2,1,23,1,12,1,10,2,1,2
8157,1.0,1.0,4.0,5.0,2.0,4.0,4.0,1.0,5.0,4.0,4.0,4.0,1.0,4.0,3.0,4.0,2.0,1.0,5.0,4.0,5,6,7,2,6,2,5,1,5,3,1,1,0,1,1,0,1,0,0,1,0,1,1,1,1,1,3,1,2,1,38,1,7,1,0,1,2,6
8158,1.0,1.0,1.0,5.0,4.0,2.0,2.0,2.0,4.0,5.0,2.0,1.0,1.0,5.0,1.0,5.0,1.0,1.0,5.0,1.0,5,2,2,2,6,6,7,7,5,1,1,0,0,0,1,0,0,0,0,0,0,0,0,0,0,1,3,2,1,1,33,1,12,1,60,1,1,2
8159,1.0,1.0,4.0,4.0,2.0,4.0,4.0,2.0,5.0,5.0,4.0,1.0,1.0,4.0,2.0,4.0,3.0,2.0,5.0,1.0,2,1,7,2,7,6,6,1,7,2,1,1,1,1,1,1,1,1,0,1,1,0,1,1,1,1,3,1,1,1,36,1,1,3,60,2,2,2
8160,1.0,1.0,5.0,5.0,2.0,5.0,4.0,1.0,5.0,5.0,3.0,1.0,1.0,3.0,1.0,4.0,5.0,1.0,5.0,1.0,1,2,3,7,3,7,6,1,5,1,1,1,1,1,1,0,0,1,0,1,0,0,1,1,1,1,2,1,2,1,26,3,6,1,60,1,2,1
8161,1.0,4.0,4.0,3.0,5.0,4.0,4.0,4.0,5.0,4.0,2.0,4.0,1.0,1.0,3.0,1.0,2.0,2.0,5.0,1.0,2,4,7,2,6,6,3,4,6,2,1,1,0,1,1,0,0,0,0,1,0,0,1,1,1,1,3,1,1,1,47,1,1,1,60,1,2,2
8162,4.0,1.0,2.0,4.0,5.0,3.0,1.0,3.0,2.0,1.0,1.0,4.0,2.0,1.0,5.0,1.0,1.0,5.0,5.0,1.0,6,4,5,1,5,1,6,3,5,2,1,1,1,1,1,1,0,0,0,1,1,1,1,1,1,1,3,2,1,1,33,1,1,1,60,1,1,5
8163,1.0,2.0,1.0,5.0,1.0,2.0,2.0,1.0,5.0,5.0,1.0,2.0,1.0,5.0,3.0,4.0,4.0,2.0,2.0,1.0,5,6,6,7,5,5,5,3,3,3,1,1,0,1,1,0,0,0,0,1,0,0,1,1,1,1,4,2,2,1,20,1,7,1,60,1,1,3
8164,1.0,4.0,5.0,3.0,1.0,2.0,1.0,1.0,5.0,5.0,1.0,4.0,1.0,1.0,2.0,1.0,1.0,4.0,5.0,1.0,4,5,1,3,7,4,6,7,1,1,1,1,1,1,1,0,0,1,0,1,1,0,1,1,1,1,2,3,1,2,26,3,4,1,60,2,1,2
8165,2.0,1.0,1.0,5.0,3.0,5.0,3.0,1.0,5.0,5.0,1.0,1.0,1.0,1.0,3.0,5.0,5.0,3.0,1.0,1.0,6,1,7,1,7,5,6,5,7,1,1,1,0,1,1,0,0,1,0,1,1,1,1,1,1,1,2,3,2,1,46,3,7,1,30,1,1,7
8166,5.0,4.0,1.0,1.0,4.0,3.0,4.0,4.0,5.0,5.0,1.0,5.0,5.0,1.0,2.0,1.0,1.0,1.0,5.0,1.0,1,3,4,6,6,6,6,5,5,4,1,1,1,1,1,1,0,1,0,1,0,0,1,1,1,1,3,3,2,1,38,1,7,1,60,1,2,1
8167,4.0,5.0,1.0,1.0,5.0,1.0,1.0,1.0,3.0,2.0,1.0,5.0,4.0,1.0,2.0,1.0,1.0,5.0,5.0,1.0,4,7,7,1,7,7,4,2,7,2,1,1,0,1,1,1,0,0,1,1,0,0,1,1,1,1,2,3,1,2,19,1,2,1,60,2,1,2
8168,2.0,2.0,2.0,5.0,4.0,2.0,2.0,2.0,5.0,4.0,4.0,4.0,2.0,4.0,4.0,5.0,2.0,4.0,1.0,1.0,1,6,7,5,6,6,5,2,6,7,1,1,1,1,1,0,0,1,0,1,1,0,1,1,1,1,3,2,2,1,20,1,6,4,60,1,1,3
8169,1.0,2.0,4.0,4.0,2.0,4.0,1.0,1.0,5.0,4.0,3.0,1.0,1.0,3.0,3.0,5.0,5.0,2.0,5.0,2.0,2,5,6,7,6,6,4,3,5,6,1,1,0,1,1,0,0,0,0,1,0,0,1,1,1,1,3,3,1,1,26,1,1,1,60,1,1,4
8170,5.0,4.0,1.0,1.0,5.0,1.0,1.0,4.0,5.0,2.0,1.0,4.0,5.0,1.0,2.0,1.0,5.0,5.0,5.0,5.0,5,6,2,1,7,7,6,1,7,1,1,1,0,1,1,0,0,1,0,1,0,0,1,1,1,1,4,3,1,1,37,1,7,1,60,1,2,2
8171,5.0,4.0,3.0,3.0,1.0,5.0,2.0,4.0,3.0,1.0,1.0,5.0,4.0,1.0,5.0,4.0,1.0,5.0,5.0,2.0,7,7,7,5,4,1,3,1,5,5,1,1,0,1,1,1,0,0,1,1,0,0,1,1,1,1,3,2,1,1,21,1,7,4,60,1,1,3
8172,5.0,4.0,2.0,1.0,4.0,2.0,2.0,4.0,5.0,2.0,1.0,5.0,4.0,1.0,2.0,1.0,1.0,4.0,5.0,4.0,2,7,7,6,2,7,7,1,2,1,1,1,1,1,1,0,1,0,0,1,0,1,1,1,1,1,4,3,2,2,27,1,7,1,70,2,1,3
8173,2.0,3.0,3.0,4.0,1.0,4.0,2.0,2.0,5.0,4.0,2.0,4.0,2.0,4.0,3.0,3.0,2.0,2.0,5.0,1.0,2,5,6,5,5,5,6,2,6,5,1,1,1,1,1,0,0,0,0,1,0,0,1,1,1,1,3,2,2,1,47,1,1,1,60,1,2,2
8174,1.0,1.0,5.0,1.0,4.0,2.0,2.0,2.0,5.0,3.0,1.0,1.0,1.0,1.0,3.0,1.0,2.0,5.0,4.0,1.0,6,7,5,5,6,1,6,1,2,1,1,1,0,1,1,0,0,0,0,1,0,0,1,1,1,1,3,3,2,1,36,1,7,1,60,2,1,1
8175,4.0,2.0,4.0,5.0,1.0,4.0,2.0,1.0,5.0,4.0,2.0,4.0,1.0,4.0,3.0,4.0,1.0,3.0,5.0,5.0,3,3,6,5,4,5,7,3,5,2,1,1,1,1,1,0,0,1,0,1,0,0,1,1,1,1,3,3,2,1,50,1,6,1,60,1,2,4
8176,4.0,2.0,2.0,2.0,3.0,1.0,1.0,1.0,3.0,2.0,1.0,4.0,3.0,1.0,4.0,2.0,1.0,2.0,5.0,1.0,7,6,7,3,6,1,5,4,5,1,1,1,1,1,1,0,1,1,0,1,1,0,1,1,1,1,4,2,2,2,26,1,4,1,70,1,2,1
8177,4.0,1.0,3.0,3.0,4.0,3.0,3.0,2.0,5.0,1.0,1.0,2.0,3.0,4.0,1.0,1.0,4.0,5.0,5.0,4.0,5,5,7,4,6,4,5,2,3,1,1,1,1,1,1,1,0,0,0,1,0,0,1,1,1,1,4,1,2,1,51,1,12,3,60,1,2,3
8178,2.0,5.0,2.0,3.0,4.0,2.0,1.0,2.0,3.0,2.0,1.0,2.0,3.0,4.0,4.0,1.0,2.0,5.0,5.0,1.0,7,6,2,6,7,1,7,7,5,2,1,1,1,1,1,1,1,1,0,1,1,1,1,1,1,1,3,2,2,1,21,1,2,1,60,1,1,2
8179,1.0,1.0,2.0,2.0,1.0,2.0,2.0,1.0,5.0,2.0,1.0,1.0,1.0,2.0,1.0,1.0,4.0,4.0,4.0,1.0,1,7,6,6,5,6,7,1,5,5,0,1,0,1,0,0,0,0,0,1,0,0,0,1,1,1,2,3,1,1,26,1,6,1,60,2,1,4
8180,5.0,5.0,2.0,2.0,3.0,3.0,1.0,4.0,2.0,1.0,1.0,4.0,4.0,2.0,5.0,2.0,1.0,5.0,5.0,3.0,0,5,4,2,1,6,1,2,7,7,1,1,0,1,1,0,0,1,0,1,0,0,1,1,1,1,3,2,1,1,23,1,6,1,10,1,1,2
8181,2.0,5.0,4.0,4.0,4.0,1.0,1.0,1.0,3.0,2.0,3.0,2.0,1.0,2.0,4.0,1.0,2.0,1.0,5.0,1.0,2,1,6,1,7,4,7,3,7,2,1,1,1,1,1,1,1,1,0,1,1,0,1,1,1,1,3,2,1,1,43,1,6,3,60,1,2,1
8182,3.0,3.0,1.0,4.0,4.0,5.0,4.0,4.0,5.0,1.0,1.0,5.0,1.0,1.0,2.0,2.0,1.0,4.0,5.0,1.0,3,6,3,7,6,6,4,2,2,6,1,1,0,1,1,0,0,0,0,1,1,0,1,1,1,1,3,2,2,2,23,2,1,1,60,1,1,2
8183,4.0,2.0,1.0,3.0,5.0,1.0,1.0,3.0,1.0,2.0,1.0,4.0,1.0,2.0,4.0,5.0,1.0,1.0,5.0,1.0,4,5,6,3,6,2,5,2,6,2,1,1,1,1,1,1,1,1,0,1,1,0,1,1,1,1,3,1,1,1,39,1,1,1,60,1,1,3
8184,5.0,3.0,1.0,1.0,4.0,1.0,2.0,4.0,4.0,2.0,1.0,5.0,4.0,1.0,5.0,1.0,1.0,5.0,5.0,2.0,4,6,2,4,4,1,6,4,3,4,1,1,1,1,1,0,0,1,0,1,0,1,1,1,1,1,3,3,1,1,21,1,9,3,60,1,1,2
8185,1.0,3.0,5.0,4.0,4.0,5.0,5.0,3.0,5.0,4.0,2.0,4.0,2.0,2.0,3.0,1.0,2.0,1.0,2.0,1.0,5,3,5,6,6,5,6,5,4,3,1,1,0,1,1,0,0,0,0,0,0,0,0,0,0,1,3,3,2,1,21,1,6,1,60,1,1,4
8186,4.0,4.0,4.0,4.0,4.0,3.0,2.0,4.0,4.0,2.0,2.0,3.0,2.0,4.0,4.0,2.0,3.0,3.0,5.0,3.0,5,5,5,4,7,3,6,3,5,4,1,1,0,1,1,0,0,1,0,1,0,1,1,1,1,1,3,3,2,1,27,2,10,1,10,1,1,2
8187,4.0,2.0,4.0,4.0,4.0,2.0,2.0,4.0,5.0,4.0,2.0,4.0,4.0,2.0,4.0,1.0,1.0,4.0,3.0,1.0,7,2,7,1,7,3,7,1,7,2,1,1,1,1,1,0,0,1,0,1,1,1,1,1,1,1,3,2,2,1,54,1,7,1,0,1,2,3
8188,5.0,4.0,2.0,4.0,5.0,2.0,2.0,1.0,5.0,2.0,2.0,5.0,4.0,4.0,3.0,4.0,2.0,5.0,4.0,1.0,6,7,7,6,3,6,5,5,4,5,1,1,0,1,1,0,0,0,0,1,0,0,1,1,1,1,4,3,1,1,52,1,4,1,60,1,2,4
8189,1.0,4.0,1.0,5.0,4.0,4.0,5.0,4.0,5.0,5.0,2.0,4.0,2.0,4.0,4.0,3.0,2.0,2.0,4.0,2.0,6,3,7,2,6,3,6,1,6,3,1,1,1,1,1,0,0,1,0,1,0,1,0,1,1,1,3,2,2,1,35,1,6,1,60,1,2,3
8190,2.0,2.0,3.0,1.0,4.0,3.0,2.0,3.0,2.0,3.0,4.0,3.0,3.0,3.0,3.0,4.0,3.0,1.0,2.0,4.0,1,3,5,1,6,1,5,3,5,4,0,0,0,0,0,0,0,0,1,1,0,0,0,0,0,1,2,3,2,2,39,3,10,1,60,2,3,2
8191,2.0,4.0,4.0,5.0,2.0,4.0,2.0,4.0,5.0,5.0,2.0,2.0,4.0,5.0,4.0,5.0,5.0,2.0,5.0,1.0,5,6,4,5,5,5,6,3,7,1,1,1,1,1,1,1,0,0,0,1,0,0,1,1,1,1,3,3,2,2,23,1,6,1,60,1,1,3
8192,1.0,1.0,5.0,5.0,4.0,4.0,2.0,1.0,5.0,4.0,2.0,1.0,2.0,4.0,4.0,5.0,2.0,1.0,4.0,1.0,6,5,7,5,6,4,7,2,2,4,1,1,0,1,1,0,0,0,0,1,0,0,1,0,0,1,2,3,2,1,21,1,2,1,10,1,1,2
8193,1.0,1.0,2.0,5.0,1.0,4.0,4.0,1.0,5.0,5.0,3.0,4.0,1.0,4.0,1.0,4.0,4.0,1.0,4.0,1.0,6,3,6,1,7,3,5,2,7,2,1,1,1,1,1,0,1,1,0,1,0,0,1,1,1,1,4,1,2,1,61,1,6,1,60,2,3,2
8194,5.0,2.0,4.0,2.0,5.0,1.0,1.0,4.0,3.0,1.0,1.0,5.0,5.0,1.0,5.0,1.0,1.0,5.0,5.0,1.0,4,5,6,6,7,3,5,7,7,5,1,1,0,1,1,1,0,0,0,1,0,1,1,1,1,1,4,3,1,2,25,1,7,1,60,2,1,1
8195,5.0,5.0,2.0,1.0,5.0,1.0,1.0,5.0,3.0,2.0,1.0,5.0,5.0,1.0,1.0,1.0,3.0,5.0,5.0,1.0,1,7,5,6,7,7,2,5,2,2,1,1,0,1,1,0,0,1,0,1,1,0,1,1,1,1,3,1,1,2,26,1,6,1,60,2,1,2
8196,5.0,5.0,2.0,3.0,2.0,2.0,2.0,4.0,2.0,5.0,1.0,4.0,4.0,1.0,4.0,1.0,3.0,4.0,5.0,2.0,4,5,6,7,3,3,6,4,2,2,1,1,0,1,1,0,0,1,0,1,0,0,1,1,1,1,4,2,2,2,48,1,2,1,70,2,1,1
8197,4.0,4.0,4.0,3.0,4.0,2.0,3.0,4.0,5.0,4.0,2.0,5.0,5.0,2.0,4.0,4.0,3.0,3.0,5.0,5.0,3,6,4,6,5,6,6,7,3,5,1,1,1,1,1,1,1,0,0,1,1,1,1,1,1,1,3,3,2,1,24,0,6,5,30,1,3,9
8198,1.0,2.0,4.0,4.0,2.0,1.0,1.0,1.0,5.0,4.0,1.0,2.0,1.0,3.0,4.0,4.0,2.0,1.0,5.0,1.0,2,5,7,3,7,7,5,1,6,2,1,1,1,1,1,0,1,0,0,1,1,0,1,1,1,1,4,2,2,1,45,1,1,1,60,1,2,2
8199,5.0,5.0,1.0,4.0,5.0,1.0,1.0,4.0,4.0,4.0,1.0,5.0,4.0,1.0,4.0,1.0,1.0,4.0,5.0,2.0,7,5,6,2,6,1,6,3,3,4,1,1,1,1,1,0,1,0,0,1,0,1,1,1,1,1,0,1,2,1,48,1,4,1,70,1,2,7
8200,5.0,4.0,1.0,1.0,4.0,1.0,2.0,5.0,2.0,2.0,1.0,4.0,4.0,2.0,4.0,3.0,1.0,4.0,5.0,2.0,1,7,7,1,3,5,1,1,6,2,0,1,0,1,1,0,0,0,0,1,0,0,1,1,1,1,3,3,1,1,30,1,4,1,60,1,1,1
8201,4.0,4.0,1.0,2.0,4.0,3.0,1.0,4.0,2.0,5.0,3.0,2.0,2.0,2.0,1.0,4.0,1.0,4.0,5.0,4.0,6,7,7,2,7,1,5,3,4,1,1,1,0,1,1,1,0,0,0,1,0,0,1,1,1,1,2,1,2,1,17,1,1,2,70,2,1,1
8202,2.0,4.0,2.0,2.0,4.0,1.0,1.0,5.0,4.0,4.0,1.0,2.0,1.0,1.0,5.0,2.0,1.0,5.0,5.0,1.0,1,5,2,7,5,7,5,6,3,1,1,1,0,1,1,0,0,0,0,1,0,0,1,1,1,1,3,3,2,2,24,2,2,1,60,2,1,1
8203,2.0,1.0,3.0,1.0,4.0,1.0,2.0,4.0,4.0,3.0,2.0,4.0,4.0,1.0,4.0,4.0,2.0,1.0,1.0,4.0,7,5,7,6,7,1,4,2,5,1,1,1,0,1,1,1,0,1,0,1,0,1,1,1,1,1,3,2,2,1,21,1,7,1,60,1,1,1
8204,2.0,4.0,2.0,2.0,5.0,4.0,2.0,4.0,4.0,4.0,2.0,5.0,4.0,2.0,4.0,2.0,3.0,4.0,5.0,2.0,5,2,7,3,6,5,7,1,6,5,1,1,1,1,1,0,0,0,0,1,0,1,1,1,1,1,3,2,2,1,24,1,6,1,60,1,1,3
8205,1.0,2.0,1.0,5.0,1.0,1.0,1.0,2.0,5.0,5.0,2.0,5.0,1.0,4.0,4.0,2.0,1.0,1.0,5.0,1.0,3,1,6,1,5,6,7,1,7,3,1,1,1,1,1,0,0,0,0,1,0,0,1,1,1,1,4,2,1,1,51,1,6,1,60,2,1,2
8206,2.0,4.0,1.0,5.0,4.0,1.0,1.0,2.0,4.0,2.0,1.0,4.0,2.0,2.0,4.0,2.0,1.0,3.0,5.0,1.0,5,5,2,6,6,2,6,5,2,3,1,1,1,1,1,0,0,1,0,1,1,0,1,1,1,1,3,2,2,1,27,1,4,1,60,1,3,1
8207,1.0,4.0,3.0,4.0,5.0,4.0,1.0,4.0,5.0,5.0,1.0,2.0,2.0,1.0,5.0,5.0,2.0,4.0,5.0,1.0,6,6,7,5,7,2,7,1,7,2,1,1,1,1,1,0,0,0,0,1,0,0,1,1,1,1,3,2,2,1,29,1,12,1,60,1,1,3
8208,2.0,4.0,5.0,3.0,1.0,4.0,5.0,1.0,5.0,5.0,2.0,1.0,1.0,4.0,3.0,4.0,4.0,4.0,5.0,1.0,6,3,7,2,7,1,6,4,5,2,1,1,0,1,1,1,0,0,0,1,0,0,1,1,1,1,3,2,1,1,19,1,6,1,60,1,1,2
8209,4.0,4.0,4.0,4.0,2.0,3.0,2.0,4.0,5.0,4.0,1.0,4.0,2.0,2.0,1.0,3.0,2.0,4.0,5.0,2.0,3,3,3,2,7,6,5,3,4,2,1,1,1,1,1,0,1,1,0,1,0,1,1,1,1,1,3,3,1,1,22,1,1,1,60,1,1,5
8210,4.0,3.0,2.0,4.0,5.0,2.0,1.0,3.0,3.0,3.0,2.0,5.0,2.0,1.0,3.0,1.0,3.0,4.0,4.0,4.0,4,5,3,4,7,6,5,4,4,3,1,1,0,1,1,0,0,1,0,1,0,0,1,1,1,1,4,3,1,2,50,1,10,1,70,2,3,5
8211,4.0,4.0,4.0,2.0,4.0,1.0,1.0,3.0,5.0,2.0,1.0,5.0,2.0,2.0,4.0,1.0,3.0,2.0,5.0,2.0,3,5,4,5,6,5,6,5,4,4,1,1,1,1,1,0,0,0,0,1,0,0,1,1,1,1,3,1,2,1,24,1,7,1,10,2,1,2
8212,1.0,2.0,4.0,5.0,1.0,3.0,2.0,1.0,5.0,3.0,2.0,1.0,3.0,3.0,2.0,5.0,2.0,4.0,1.0,3.0,5,4,6,2,6,4,6,2,6,5,1,1,0,1,1,0,0,0,0,0,0,0,1,1,1,1,4,2,2,1,34,1,4,1,60,1,2,3
8213,2.0,3.0,4.0,2.0,3.0,2.0,1.0,1.0,5.0,4.0,1.0,4.0,2.0,2.0,2.0,3.0,2.0,3.0,4.0,1.0,4,6,6,5,7,5,3,7,5,1,1,1,1,1,1,0,0,0,0,1,0,0,1,1,1,1,3,1,1,1,21,1,2,1,60,1,1,3
8214,4.0,5.0,2.0,1.0,5.0,2.0,1.0,5.0,4.0,1.0,1.0,2.0,3.0,1.0,5.0,1.0,1.0,4.0,1.0,1.0,5,7,3,5,5,5,5,6,3,3,1,1,0,1,1,0,1,1,0,1,0,0,1,1,1,1,4,2,1,1,27,1,4,2,70,1,1,3
8215,2.0,2.0,1.0,4.0,1.0,2.0,1.0,2.0,5.0,2.0,2.0,5.0,2.0,3.0,3.0,1.0,2.0,3.0,2.0,1.0,6,5,5,1,6,1,5,5,6,3,1,1,1,1,1,1,0,0,0,1,0,0,1,1,1,1,4,3,2,1,28,1,6,1,60,1,2,2
8216,4.0,1.0,1.0,1.0,5.0,1.0,1.0,5.0,5.0,1.0,1.0,5.0,5.0,2.0,4.0,1.0,1.0,5.0,5.0,1.0,1,5,7,1,3,1,1,1,6,3,1,1,1,1,1,0,0,0,0,1,0,0,1,1,1,1,3,1,2,1,39,1,6,1,60,1,1,2
8217,5.0,5.0,2.0,2.0,2.0,2.0,1.0,3.0,1.0,1.0,1.0,5.0,1.0,2.0,5.0,1.0,4.0,2.0,5.0,4.0,7,3,7,1,7,2,4,1,7,1,1,1,1,1,1,0,0,0,0,1,0,0,1,1,1,1,3,3,1,1,62,1,4,1,60,1,2,3
8218,2.0,4.0,2.0,4.0,4.0,1.0,1.0,4.0,4.0,2.0,1.0,2.0,4.0,2.0,5.0,3.0,1.0,4.0,5.0,1.0,6,2,5,5,6,4,7,3,5,1,1,1,0,1,1,0,0,0,0,1,0,0,1,1,1,1,2,2,2,1,37,1,1,1,60,1,2,2
8219,5.0,4.0,1.0,1.0,4.0,1.0,1.0,4.0,2.0,2.0,1.0,5.0,4.0,1.0,3.0,1.0,1.0,4.0,5.0,3.0,2,5,7,1,6,6,1,2,3,2,1,1,0,1,1,0,0,0,0,1,0,0,0,0,1,1,3,1,1,1,21,1,2,2,60,1,1,3
8220,5.0,4.0,2.0,2.0,4.0,1.0,1.0,4.0,5.0,2.0,2.0,5.0,1.0,2.0,5.0,2.0,1.0,4.0,5.0,1.0,5,1,7,5,7,6,6,1,6,2,1,1,1,1,1,1,1,1,0,1,1,0,1,1,1,1,3,2,2,1,47,1,1,1,60,2,2,1
8221,1.0,3.0,1.0,4.0,2.0,1.0,1.0,2.0,2.0,5.0,2.0,2.0,3.0,4.0,3.0,1.0,1.0,4.0,5.0,4.0,2,6,6,5,5,7,7,4,5,1,1,1,1,1,1,1,1,0,0,1,0,1,1,1,1,1,2,2,2,1,42,1,1,1,70,1,2,2
8222,4.0,1.0,5.0,5.0,4.0,5.0,2.0,2.0,5.0,5.0,3.0,4.0,3.0,1.0,1.0,5.0,3.0,1.0,1.0,1.0,6,2,7,2,7,6,7,5,7,3,1,1,0,1,1,0,0,1,0,1,0,1,1,1,1,1,4,3,2,2,48,3,4,1,10,1,2,3
8223,2.0,2.0,1.0,4.0,1.0,1.0,1.0,2.0,4.0,4.0,1.0,1.0,1.0,2.0,3.0,2.0,1.0,2.0,5.0,2.0,1,5,5,1,5,7,3,1,7,2,1,1,1,1,1,0,1,1,0,1,0,0,1,1,1,1,3,3,1,1,63,1,2,1,60,1,2,4
8224,1.0,4.0,4.0,4.0,2.0,4.0,4.0,2.0,5.0,4.0,2.0,1.0,2.0,4.0,4.0,4.0,2.0,4.0,5.0,2.0,5,5,6,3,6,5,6,5,3,3,1,1,1,1,1,1,1,0,0,1,1,0,1,1,1,1,4,1,1,1,44,1,1,1,60,2,2,6
8225,1.0,1.0,1.0,1.0,5.0,1.0,1.0,1.0,5.0,1.0,1.0,3.0,3.0,1.0,1.0,1.0,1.0,5.0,5.0,3.0,5,5,7,6,5,4,6,2,4,4,1,1,0,1,1,0,0,0,0,1,0,0,1,1,1,1,3,3,1,1,35,1,2,1,60,2,1,2
8226,4.0,4.0,5.0,2.0,5.0,3.0,2.0,4.0,5.0,2.0,1.0,4.0,5.0,1.0,3.0,2.0,2.0,4.0,4.0,4.0,2,6,5,5,5,3,5,7,3,1,1,1,0,1,1,0,0,0,0,1,1,0,1,1,1,1,3,2,1,2,28,2,2,1,60,2,1,2
8227,3.0,4.0,2.0,3.0,5.0,2.0,1.0,4.0,5.0,3.0,2.0,4.0,2.0,2.0,4.0,1.0,2.0,4.0,4.0,2.0,5,4,5,6,3,4,7,4,4,1,1,1,1,1,1,0,0,1,0,1,0,0,1,1,1,1,4,3,2,2,25,1,12,1,60,1,1,2
8228,3.0,4.0,1.0,4.0,4.0,1.0,1.0,4.0,2.0,2.0,2.0,4.0,3.0,4.0,2.0,2.0,2.0,4.0,5.0,1.0,6,7,7,1,6,2,4,4,7,5,1,1,0,1,1,1,0,0,0,1,1,0,1,1,1,1,3,1,1,1,24,1,4,1,60,1,1,2
8229,5.0,1.0,2.0,1.0,5.0,3.0,2.0,5.0,1.0,3.0,1.0,5.0,5.0,1.0,5.0,5.0,1.0,4.0,5.0,5.0,2,6,4,5,5,5,7,6,3,1,1,1,1,1,1,0,0,1,0,1,0,1,0,1,1,1,4,2,2,1,33,1,7,2,60,1,1,5
8230,1.0,4.0,4.0,5.0,4.0,2.0,2.0,1.0,5.0,3.0,2.0,4.0,1.0,3.0,5.0,5.0,4.0,4.0,5.0,3.0,7,3,6,6,6,1,7,1,2,2,1,1,0,1,1,0,0,0,0,1,0,0,0,0,1,1,2,1,2,2,21,1,7,1,60,1,1,2
8231,2.0,4.0,4.0,5.0,2.0,4.0,2.0,2.0,5.0,2.0,2.0,2.0,2.0,5.0,2.0,4.0,4.0,2.0,5.0,1.0,6,5,7,6,5,3,2,1,5,2,1,1,0,1,1,0,0,1,0,1,0,0,1,1,1,1,4,3,2,1,31,1,7,1,60,1,2,2
8232,1.0,2.0,1.0,4.0,4.0,2.0,1.0,3.0,5.0,5.0,2.0,1.0,1.0,1.0,2.0,2.0,1.0,4.0,5.0,3.0,1,6,2,6,5,7,5,5,2,2,1,1,1,1,1,0,0,0,0,1,0,0,1,1,1,1,2,2,2,2,21,1,2,0,60,1,1,3
8233,5.0,5.0,1.0,1.0,5.0,1.0,1.0,5.0,1.0,1.0,1.0,5.0,5.0,1.0,5.0,1.0,1.0,5.0,5.0,5.0,1,7,5,1,7,7,1,1,1,1,1,0,1,1,1,0,1,0,0,1,0,0,1,0,1,1,0,1,1,1,70,1,6,1,60,1,2,2
8234,1.0,1.0,4.0,4.0,1.0,2.0,2.0,1.0,5.0,3.0,3.0,4.0,2.0,5.0,4.0,4.0,2.0,1.0,5.0,1.0,6,5,5,1,6,2,5,5,6,2,1,1,1,1,1,0,0,1,0,1,0,0,1,1,1,1,4,2,2,1,33,2,7,1,60,1,1,2
8235,2.0,2.0,1.0,5.0,2.0,2.0,1.0,2.0,4.0,4.0,1.0,5.0,1.0,3.0,2.0,4.0,4.0,2.0,5.0,3.0,4,6,3,1,7,3,5,5,6,1,0,0,0,0,0,1,1,0,0,0,0,1,0,0,0,0,2,1,1,2,21,1,7,1,70,1,1,3
8236,4.0,2.0,1.0,4.0,4.0,2.0,1.0,4.0,2.0,1.0,2.0,5.0,4.0,2.0,2.0,1.0,1.0,5.0,5.0,4.0,1,7,6,5,7,7,2,7,2,1,1,1,1,1,1,0,1,1,0,1,1,0,1,1,1,1,3,2,1,1,28,1,2,2,60,2,1,2
8237,2.0,1.0,2.0,4.0,1.0,2.0,2.0,2.0,4.0,4.0,2.0,1.0,1.0,2.0,3.0,4.0,3.0,3.0,5.0,1.0,3,5,6,6,5,5,7,5,3,2,1,1,0,1,1,0,0,0,0,1,0,0,1,1,1,1,3,2,1,1,39,2,1,1,60,1,2,2
8238,1.0,2.0,1.0,4.0,3.0,2.0,1.0,1.0,5.0,4.0,1.0,4.0,1.0,4.0,1.0,3.0,3.0,2.0,4.0,1.0,1,5,6,4,3,7,6,1,3,4,1,1,1,1,1,0,0,0,0,1,0,0,1,1,1,1,3,1,2,1,42,1,1,1,70,1,2,2
8239,4.0,4.0,4.0,4.0,4.0,1.0,1.0,2.0,4.0,2.0,2.0,3.0,4.0,2.0,4.0,4.0,1.0,2.0,4.0,4.0,5,6,5,3,5,3,5,3,5,3,1,1,0,1,1,1,1,0,0,1,0,0,1,1,1,1,4,2,1,1,35,2,0,0,0,0,0,0
8240,2.0,1.0,5.0,5.0,1.0,2.0,2.0,2.0,1.0,1.0,4.0,1.0,3.0,3.0,2.0,1.0,2.0,4.0,3.0,2.0,6,2,7,3,7,2,6,2,6,3,1,1,1,1,1,0,1,0,0,1,1,0,1,1,1,1,4,2,2,1,64,1,1,1,30,1,3,0
8241,1.0,4.0,4.0,4.0,4.0,3.0,1.0,4.0,5.0,3.0,1.0,4.0,2.0,2.0,5.0,4.0,4.0,4.0,5.0,1.0,5,5,5,4,7,5,6,5,6,5,1,1,0,1,1,0,0,1,0,1,0,0,0,1,1,1,3,1,1,1,26,1,7,1,60,1,2,3
8242,5.0,5.0,1.0,1.0,5.0,1.0,1.0,5.0,1.0,1.0,1.0,5.0,5.0,1.0,5.0,1.0,1.0,5.0,5.0,5.0,5,7,6,1,7,6,5,6,6,4,1,1,1,1,1,0,0,1,0,1,0,0,0,1,1,1,3,1,1,2,32,1,7,1,60,2,1,2
8243,5.0,5.0,1.0,1.0,5.0,1.0,1.0,5.0,1.0,1.0,1.0,5.0,5.0,1.0,5.0,1.0,1.0,5.0,5.0,5.0,4,7,7,1,6,7,4,1,7,1,1,1,1,1,1,0,1,1,0,1,1,0,1,1,1,1,1,1,1,1,25,1,0,1,0,2,1,0
8244,2.0,2.0,3.0,2.0,5.0,1.0,1.0,4.0,4.0,2.0,1.0,5.0,2.0,1.0,5.0,1.0,1.0,4.0,5.0,3.0,4,2,6,1,5,5,3,1,7,4,1,1,0,1,1,0,0,0,0,1,0,0,1,1,1,1,3,2,1,1,28,1,4,1,60,1,2,3
8245,5.0,4.0,3.0,2.0,5.0,2.0,2.0,1.0,5.0,4.0,1.0,5.0,4.0,2.0,1.0,5.0,2.0,4.0,3.0,1.0,0,0,0,0,0,0,7,0,0,0,1,1,1,1,1,1,0,0,1,1,1,0,0,1,1,1,3,3,2,2,30,1,1,1,30,1,1,2
8246,5.0,3.0,4.0,4.0,5.0,2.0,1.0,4.0,5.0,5.0,1.0,5.0,1.0,5.0,2.0,1.0,1.0,2.0,5.0,4.0,2,6,7,7,5,7,5,5,3,1,1,1,1,1,1,0,1,1,0,1,1,0,1,1,1,1,3,3,2,2,42,2,2,1,70,2,1,3
8247,5.0,5.0,1.0,4.0,1.0,2.0,1.0,5.0,4.0,1.0,2.0,5.0,1.0,4.0,5.0,4.0,1.0,5.0,5.0,1.0,3,2,5,1,6,1,7,1,3,5,1,1,1,1,1,0,0,0,0,1,1,1,1,1,1,1,3,3,2,1,50,2,6,1,60,2,3,3
8248,4.0,4.0,1.0,4.0,5.0,1.0,4.0,4.0,5.0,4.0,4.0,5.0,4.0,1.0,1.0,1.0,5.0,4.0,5.0,5.0,5,6,1,5,6,5,2,7,7,5,1,1,1,1,1,0,1,0,0,1,0,0,1,1,1,1,3,2,2,1,55,1,6,1,60,1,2,3
8249,5.0,5.0,5.0,5.0,4.0,2.0,2.0,4.0,5.0,5.0,1.0,4.0,4.0,1.0,1.0,3.0,1.0,5.0,5.0,1.0,7,7,7,2,7,1,6,1,7,1,1,1,0,1,1,0,0,0,0,1,0,0,1,1,1,1,3,2,1,2,38,2,2,1,20,2,2,3
8250,1.0,5.0,2.0,1.0,5.0,1.0,1.0,5.0,1.0,1.0,1.0,1.0,1.0,1.0,4.0,1.0,1.0,5.0,5.0,1.0,2,1,4,6,7,5,6,6,2,2,1,1,0,1,1,0,0,0,0,1,0,0,1,1,1,1,2,2,1,1,29,1,1,2,60,1,1,1
8251,2.0,1.0,5.0,4.0,4.0,4.0,4.0,4.0,5.0,5.0,3.0,4.0,1.0,4.0,4.0,4.0,4.0,1.0,5.0,2.0,7,5,7,4,7,1,7,1,7,2,1,1,1,1,1,1,1,0,0,1,0,0,1,1,1,1,3,3,2,1,58,1,4,1,60,1,2,1
8252,4.0,4.0,3.0,3.0,2.0,1.0,1.0,3.0,3.0,3.0,2.0,4.0,1.0,1.0,2.0,1.0,2.0,4.0,5.0,1.0,5,5,1,7,6,2,6,7,1,1,1,1,1,1,1,0,0,0,0,1,0,1,1,1,1,1,2,1,2,1,40,1,12,2,60,1,2,1
8253,2.0,4.0,4.0,5.0,4.0,1.0,1.0,5.0,2.0,4.0,2.0,5.0,2.0,1.0,5.0,1.0,2.0,4.0,5.0,1.0,5,5,3,6,6,1,3,5,2,3,1,1,0,1,1,0,0,1,0,1,0,0,1,1,1,1,3,2,2,1,23,1,6,1,60,2,1,3
8254,2.0,4.0,2.0,5.0,4.0,4.0,1.0,2.0,5.0,3.0,3.0,5.0,2.0,4.0,4.0,4.0,4.0,5.0,4.0,1.0,1,7,6,6,7,7,1,1,6,2,1,1,0,1,1,0,0,1,0,1,0,0,1,1,0,1,4,3,2,2,37,1,4,1,70,1,2,2
8255,4.0,1.0,1.0,2.0,5.0,1.0,1.0,2.0,5.0,4.0,1.0,5.0,4.0,1.0,4.0,1.0,5.0,5.0,5.0,1.0,1,6,3,7,2,6,6,5,2,2,1,1,1,1,1,0,0,0,0,1,0,0,1,1,1,1,3,3,1,1,40,1,6,1,30,2,2,2
8256,5.0,5.0,1.0,1.0,5.0,1.0,1.0,5.0,1.0,1.0,1.0,5.0,5.0,1.0,5.0,1.0,1.0,5.0,5.0,5.0,2,6,7,1,7,4,5,1,4,1,1,1,0,1,1,0,0,0,0,1,0,0,1,1,1,1,3,3,2,2,18,1,2,1,60,2,1,1
8257,5.0,3.0,2.0,4.0,5.0,1.0,1.0,4.0,5.0,4.0,2.0,4.0,4.0,2.0,5.0,5.0,1.0,5.0,5.0,4.0,2,6,7,7,2,6,6,2,2,6,1,1,0,1,1,0,0,0,0,1,0,0,1,1,1,1,2,3,1,1,57,1,4,1,60,2,2,4
8258,1.0,1.0,1.0,1.0,2.0,1.0,2.0,5.0,5.0,2.0,1.0,5.0,1.0,1.0,2.0,1.0,3.0,4.0,5.0,1.0,5,6,6,7,6,7,7,7,6,3,1,0,0,1,1,0,0,0,0,1,0,0,1,1,1,1,3,3,2,2,23,1,7,1,60,1,1,0
8259,5.0,5.0,2.0,1.0,4.0,1.0,2.0,4.0,3.0,1.0,1.0,5.0,2.0,1.0,5.0,1.0,1.0,4.0,5.0,1.0,7,6,2,2,5,3,5,4,5,2,1,1,0,1,1,0,0,0,0,1,0,0,1,1,1,1,2,3,1,2,22,2,1,1,60,1,1,1
8260,1.0,5.0,5.0,4.0,5.0,3.0,1.0,2.0,4.0,4.0,4.0,4.0,1.0,3.0,2.0,2.0,4.0,5.0,5.0,4.0,2,3,2,5,6,7,4,6,6,2,1,1,0,1,1,0,0,0,0,1,0,0,0,1,1,1,2,1,1,2,17,1,2,1,60,2,1,2
8261,4.0,1.0,5.0,5.0,5.0,1.0,2.0,5.0,5.0,5.0,1.0,5.0,5.0,1.0,2.0,3.0,1.0,4.0,5.0,4.0,1,7,6,6,7,4,1,7,3,1,1,1,0,1,1,0,0,0,0,1,0,0,1,1,1,1,3,2,1,1,28,1,7,1,30,1,2,2
8262,2.0,1.0,4.0,5.0,2.0,2.0,4.0,2.0,5.0,4.0,3.0,2.0,1.0,1.0,1.0,4.0,2.0,1.0,2.0,1.0,2,2,7,1,6,7,5,1,6,3,1,1,1,1,1,0,0,1,0,1,0,0,1,1,1,1,3,1,2,1,46,1,6,1,60,1,2,3
8263,1.0,1.0,4.0,5.0,4.0,5.0,5.0,1.0,5.0,5.0,4.0,2.0,1.0,2.0,3.0,4.0,4.0,1.0,3.0,1.0,6,5,7,7,3,1,6,2,2,2,1,1,0,1,1,0,0,0,1,1,1,0,1,1,1,1,3,3,2,1,51,2,7,1,60,2,2,2
8264,1.0,4.0,3.0,4.0,4.0,5.0,5.0,1.0,5.0,5.0,1.0,1.0,4.0,2.0,4.0,1.0,1.0,3.0,5.0,1.0,7,3,6,5,5,2,7,1,3,6,1,1,1,1,1,0,0,0,0,1,0,0,1,1,1,1,3,1,2,1,30,1,1,1,60,2,2,3
8265,1.0,2.0,1.0,4.0,4.0,2.0,1.0,4.0,4.0,3.0,1.0,2.0,2.0,3.0,2.0,4.0,4.0,4.0,5.0,1.0,6,5,3,4,6,2,6,5,2,1,1,1,1,1,1,0,0,0,0,1,1,0,1,1,1,1,2,2,2,1,47,1,1,1,60,1,3,4
8266,2.0,4.0,2.0,4.0,4.0,2.0,2.0,1.0,5.0,4.0,2.0,2.0,1.0,3.0,4.0,5.0,2.0,3.0,3.0,1.0,5,6,3,6,6,7,7,5,6,3,1,1,0,1,1,0,0,0,0,1,0,0,0,0,1,1,2,3,2,1,19,1,3,1,10,2,1,1
8267,4.0,4.0,2.0,4.0,4.0,2.0,2.0,3.0,4.0,2.0,1.0,5.0,2.0,2.0,4.0,1.0,2.0,4.0,5.0,2.0,3,2,5,2,7,4,4,4,5,1,1,1,1,1,1,0,1,1,0,1,0,1,1,1,1,1,2,2,2,1,20,1,2,1,60,1,1,2
8268,5.0,3.0,4.0,1.0,1.0,3.0,3.0,5.0,5.0,5.0,1.0,5.0,1.0,3.0,1.0,2.0,1.0,5.0,5.0,1.0,1,3,1,4,5,4,7,1,4,1,1,0,0,1,1,0,0,0,0,1,0,0,0,1,1,1,3,1,2,2,32,1,4,1,60,1,1,4
8269,5.0,1.0,1.0,1.0,5.0,1.0,1.0,5.0,1.0,1.0,1.0,5.0,5.0,1.0,5.0,1.0,1.0,5.0,1.0,5.0,1,1,7,1,7,1,1,1,7,7,1,1,0,1,1,0,0,0,0,1,0,0,0,1,1,1,1,3,1,1,15,3,4,2,60,2,1,2
8270,5.0,2.0,1.0,1.0,5.0,1.0,2.0,3.0,5.0,2.0,1.0,5.0,2.0,4.0,5.0,1.0,1.0,5.0,4.0,1.0,5,7,3,6,7,5,7,6,3,7,1,1,0,1,1,0,0,1,0,1,0,0,0,1,1,1,2,1,2,2,24,1,4,1,30,2,1,3
8271,4.0,4.0,1.0,2.0,2.0,1.0,1.0,5.0,4.0,1.0,1.0,5.0,5.0,1.0,5.0,1.0,1.0,5.0,5.0,4.0,3,6,2,7,5,2,4,5,1,1,1,1,0,1,1,1,0,1,0,1,0,1,1,1,1,1,2,3,2,1,37,1,12,2,60,1,2,4
8272,4.0,3.0,4.0,4.0,5.0,4.0,2.0,3.0,5.0,4.0,4.0,4.0,2.0,4.0,4.0,4.0,5.0,3.0,5.0,4.0,5,3,6,1,7,5,2,4,6,1,1,1,1,1,1,0,0,1,0,1,0,0,1,1,1,1,4,3,1,1,45,1,6,1,60,2,2,2
8273,5.0,2.0,3.0,1.0,4.0,4.0,2.0,2.0,5.0,5.0,2.0,5.0,5.0,1.0,3.0,3.0,4.0,2.0,4.0,4.0,5,7,7,4,5,7,5,3,7,6,1,1,0,1,1,0,1,0,1,1,0,0,0,1,1,1,2,2,1,1,18,1,4,1,60,2,1,3
8274,4.0,2.0,4.0,3.0,2.0,3.0,4.0,4.0,5.0,4.0,2.0,5.0,2.0,2.0,4.0,5.0,2.0,4.0,4.0,1.0,6,5,6,5,6,3,6,2,6,5,1,1,0,1,1,0,0,0,0,1,0,0,1,1,0,1,3,3,2,1,19,1,7,1,70,1,1,2
8275,3.0,2.0,3.0,2.0,4.0,4.0,2.0,5.0,5.0,4.0,2.0,1.0,4.0,4.0,4.0,2.0,3.0,2.0,5.0,1.0,2,5,5,7,5,2,4,3,2,2,1,1,1,1,1,1,0,1,0,1,0,1,1,1,1,1,2,2,2,1,19,1,1,2,60,1,1,2
8276,5.0,2.0,2.0,4.0,2.0,1.0,1.0,1.0,5.0,5.0,2.0,1.0,1.0,4.0,3.0,5.0,1.0,2.0,5.0,2.0,6,1,6,6,5,2,5,5,5,1,1,1,1,1,1,1,0,1,0,1,0,0,1,1,1,1,3,3,2,1,29,1,6,1,60,1,1,1
8277,1.0,4.0,1.0,2.0,5.0,1.0,1.0,5.0,1.0,5.0,1.0,5.0,4.0,1.0,3.0,1.0,1.0,4.0,5.0,3.0,5,6,1,7,2,7,5,1,1,5,1,1,1,1,1,0,0,0,0,1,1,0,1,1,1,1,3,1,1,1,37,1,2,1,60,2,2,1
8278,4.0,3.0,2.0,3.0,2.0,4.0,1.0,1.0,5.0,2.0,1.0,2.0,1.0,5.0,2.0,5.0,2.0,1.0,4.0,1.0,2,6,6,2,6,6,5,6,6,2,1,1,1,1,1,0,1,1,0,1,0,0,1,1,1,1,4,2,2,1,43,1,4,1,10,2,1,5
8279,4.0,1.0,1.0,1.0,2.0,5.0,4.0,5.0,5.0,5.0,1.0,5.0,1.0,1.0,4.0,5.0,2.0,1.0,5.0,1.0,6,6,6,1,7,1,5,5,6,1,1,1,0,1,1,0,0,0,0,1,0,1,1,1,1,1,4,2,2,1,37,3,7,1,70,1,2,3
8280,1.0,4.0,1.0,1.0,4.0,2.0,1.0,4.0,5.0,5.0,1.0,4.0,4.0,2.0,4.0,1.0,4.0,5.0,5.0,1.0,6,5,6,5,6,2,7,1,6,1,1,1,0,1,1,0,0,0,0,1,0,0,1,1,1,1,3,2,2,1,53,1,2,1,60,1,3,8
8281,4.0,5.0,1.0,1.0,2.0,1.0,1.0,4.0,4.0,1.0,1.0,4.0,5.0,2.0,5.0,1.0,1.0,5.0,5.0,4.0,1,2,6,5,1,2,6,5,2,7,1,1,0,1,1,0,0,0,0,1,0,0,0,1,1,1,1,2,2,1,13,2,12,2,60,2,1,2
8282,3.0,4.0,1.0,4.0,1.0,2.0,1.0,2.0,5.0,4.0,1.0,4.0,2.0,1.0,4.0,4.0,2.0,4.0,5.0,1.0,2,2,7,3,5,3,5,1,6,1,1,1,0,1,1,0,1,1,0,1,0,0,1,1,1,1,4,2,2,1,21,3,1,3,60,1,1,2
8283,1.0,4.0,1.0,3.0,1.0,1.0,4.0,1.0,5.0,4.0,1.0,1.0,1.0,3.0,5.0,1.0,2.0,4.0,4.0,2.0,6,5,3,6,7,1,7,6,2,2,1,1,0,1,0,0,0,0,0,1,0,0,0,0,1,1,2,3,2,1,16,1,4,1,10,2,1,1
8284,4.0,5.0,1.0,2.0,5.0,1.0,1.0,4.0,2.0,3.0,2.0,5.0,4.0,2.0,4.0,2.0,2.0,4.0,5.0,4.0,5,5,3,1,6,2,5,6,3,4,1,1,0,1,1,0,0,0,0,1,1,0,1,1,1,1,3,3,1,2,28,1,2,1,60,2,1,1
8285,2.0,4.0,1.0,2.0,5.0,1.0,1.0,3.0,5.0,4.0,1.0,2.0,4.0,1.0,4.0,1.0,1.0,4.0,4.0,3.0,6,7,5,5,7,1,6,5,1,1,1,1,0,1,1,0,0,0,0,1,1,0,1,1,1,1,3,1,1,1,34,2,2,1,60,2,1,4
8286,4.0,4.0,4.0,5.0,5.0,1.0,1.0,4.0,5.0,4.0,2.0,2.0,1.0,1.0,2.0,1.0,2.0,5.0,5.0,3.0,5,5,4,6,5,3,7,1,6,2,1,0,0,1,1,0,0,0,0,1,0,0,1,0,1,1,3,3,1,1,40,1,2,1,10,1,2,3
8287,5.0,4.0,2.0,3.0,5.0,2.0,2.0,4.0,2.0,1.0,2.0,4.0,4.0,2.0,5.0,4.0,1.0,5.0,4.0,4.0,3,5,6,3,5,6,3,2,6,3,1,1,0,1,1,1,1,0,0,1,0,1,1,1,1,1,3,2,1,1,42,2,7,1,60,1,3,3
8288,1.0,4.0,2.0,4.0,2.0,2.0,2.0,2.0,5.0,4.0,1.0,4.0,2.0,1.0,4.0,2.0,1.0,4.0,5.0,2.0,2,6,5,2,3,6,3,1,3,5,1,1,1,1,1,0,1,1,0,1,1,0,1,1,1,1,3,3,2,1,67,1,2,1,60,1,1,2
8289,2.0,4.0,2.0,2.0,5.0,2.0,1.0,2.0,2.0,4.0,1.0,4.0,4.0,2.0,3.0,2.0,4.0,4.0,5.0,3.0,7,5,2,2,7,3,6,1,2,1,1,1,0,1,1,0,0,1,0,1,1,0,1,1,1,1,3,3,2,2,18,1,1,1,60,2,1,1
8290,5.0,5.0,3.0,4.0,4.0,4.0,2.0,5.0,5.0,3.0,2.0,5.0,4.0,4.0,5.0,1.0,2.0,5.0,4.0,3.0,5,2,2,5,5,7,7,7,3,6,1,1,0,1,1,0,0,0,0,0,0,0,1,1,1,1,3,3,2,2,28,1,4,1,30,1,3,1
8291,2.0,1.0,2.0,4.0,3.0,3.0,1.0,4.0,4.0,4.0,2.0,4.0,1.0,2.0,2.0,2.0,1.0,4.0,5.0,1.0,4,6,6,2,6,4,6,2,7,3,1,1,0,1,1,0,0,0,0,1,0,0,1,1,1,1,4,1,1,1,27,1,4,1,60,2,1,2
8292,4.0,2.0,1.0,5.0,4.0,2.0,2.0,1.0,5.0,2.0,2.0,4.0,2.0,1.0,1.0,2.0,3.0,3.0,3.0,5.0,5,5,2,3,6,3,6,2,6,5,1,1,1,0,1,1,1,1,0,1,0,0,1,1,1,1,4,2,2,1,29,1,10,1,10,1,1,1
8293,3.0,1.0,1.0,4.0,1.0,1.0,1.0,1.0,1.0,1.0,2.0,4.0,1.0,1.0,3.0,1.0,1.0,3.0,5.0,3.0,3,1,4,6,7,4,7,5,2,2,1,1,1,1,1,0,1,0,0,1,1,0,1,1,1,1,4,2,2,1,66,1,9,1,60,1,2,2
8294,3.0,3.0,2.0,5.0,5.0,2.0,1.0,4.0,5.0,2.0,1.0,4.0,2.0,2.0,3.0,3.0,2.0,5.0,5.0,1.0,6,6,6,7,2,3,7,6,3,1,1,1,0,1,1,0,0,0,0,1,1,0,1,1,1,1,3,3,2,1,24,1,7,1,30,1,1,2
8295,5.0,5.0,1.0,1.0,5.0,1.0,1.0,4.0,1.0,1.0,1.0,5.0,5.0,1.0,5.0,1.0,1.0,5.0,5.0,4.0,6,7,7,4,6,5,2,2,4,2,1,1,0,1,0,0,0,0,0,1,1,0,1,1,1,1,4,2,1,1,22,1,2,2,60,1,1,3
8296,1.0,4.0,1.0,5.0,4.0,5.0,1.0,1.0,5.0,5.0,1.0,1.0,1.0,1.0,3.0,2.0,2.0,4.0,5.0,1.0,2,1,7,7,6,7,7,1,3,3,1,1,1,1,1,0,0,0,0,1,0,0,1,1,1,1,3,1,2,1,20,1,1,1,60,1,1,2
8297,2.0,2.0,2.0,3.0,1.0,2.0,2.0,2.0,3.0,4.0,2.0,4.0,2.0,3.0,1.0,2.0,3.0,3.0,3.0,2.0,3,3,5,3,5,6,6,5,6,3,1,1,1,1,1,1,0,1,0,1,1,0,1,1,1,1,3,1,2,2,32,1,1,1,60,2,1,2
8298,1.0,1.0,4.0,5.0,5.0,1.0,1.0,2.0,5.0,3.0,5.0,4.0,5.0,4.0,4.0,1.0,1.0,4.0,5.0,1.0,7,1,6,3,7,1,7,1,7,1,1,1,1,1,1,0,1,0,0,1,0,0,1,1,1,1,3,3,2,1,61,1,6,1,60,2,1,2
8299,2.0,2.0,3.0,1.0,4.0,4.0,4.0,1.0,5.0,4.0,1.0,1.0,1.0,1.0,2.0,4.0,3.0,2.0,5.0,1.0,5,3,5,2,6,3,3,2,6,2,1,1,0,1,1,0,0,0,0,1,0,0,1,1,1,1,3,2,2,1,25,1,0,1,60,2,1,1
8300,3.0,4.0,1.0,3.0,1.0,2.0,2.0,1.0,5.0,3.0,1.0,1.0,1.0,4.0,1.0,2.0,3.0,3.0,5.0,4.0,4,6,5,5,6,7,5,5,5,2,1,1,0,1,1,0,0,0,0,1,0,0,1,1,1,1,3,3,2,1,25,1,4,1,70,1,1,3
8301,4.0,3.0,2.0,5.0,2.0,1.0,1.0,1.0,5.0,4.0,2.0,5.0,1.0,2.0,2.0,2.0,5.0,4.0,3.0,4.0,3,5,5,2,4,1,6,1,7,1,1,1,0,1,1,0,0,1,0,1,0,0,1,1,1,1,3,2,2,1,31,1,9,1,70,2,1,4
8302,5.0,5.0,1.0,1.0,5.0,1.0,1.0,5.0,1.0,1.0,1.0,5.0,2.0,1.0,5.0,1.0,3.0,5.0,5.0,1.0,1,1,3,5,7,5,1,5,6,5,1,1,1,1,1,1,1,1,1,1,1,1,1,1,1,1,3,2,1,1,25,2,1,1,10,2,1,2
8303,4.0,4.0,5.0,4.0,1.0,2.0,2.0,1.0,4.0,3.0,2.0,1.0,1.0,2.0,1.0,5.0,5.0,1.0,5.0,2.0,5,2,1,2,6,7,6,5,6,1,1,1,0,1,1,0,0,0,0,1,0,0,0,0,1,1,3,2,3,2,25,1,2,4,60,1,1,3
8304,5.0,1.0,3.0,1.0,2.0,2.0,1.0,2.0,4.0,4.0,5.0,4.0,1.0,2.0,5.0,5.0,2.0,4.0,5.0,3.0,7,6,7,2,6,1,5,4,7,5,1,1,0,1,1,0,0,0,0,1,0,0,1,1,1,1,1,2,1,1,16,1,6,1,60,2,1,3
8305,3.0,4.0,1.0,1.0,4.0,1.0,1.0,5.0,4.0,3.0,1.0,5.0,3.0,1.0,4.0,1.0,1.0,4.0,5.0,3.0,5,5,7,2,7,5,4,1,7,1,1,1,1,1,1,0,0,0,0,1,1,0,1,1,1,1,3,2,1,1,43,1,7,1,70,1,1,3
8306,5.0,5.0,1.0,3.0,5.0,1.0,1.0,5.0,3.0,3.0,1.0,5.0,3.0,1.0,5.0,1.0,1.0,5.0,5.0,5.0,5,5,5,6,7,6,5,6,3,1,1,1,1,1,1,0,1,1,0,1,1,0,1,1,1,1,2,2,1,2,54,1,1,1,60,2,1,5
8307,5.0,5.0,1.0,3.0,3.0,1.0,1.0,4.0,2.0,1.0,3.0,1.0,2.0,1.0,5.0,1.0,1.0,1.0,5.0,5.0,7,4,7,1,7,1,1,1,7,1,1,1,0,1,1,0,1,1,0,1,0,0,1,1,1,1,4,3,1,1,28,1,4,1,60,2,2,4
8308,1.0,2.0,1.0,2.0,4.0,1.0,1.0,1.0,2.0,5.0,1.0,5.0,1.0,3.0,5.0,2.0,5.0,5.0,4.0,1.0,6,6,7,6,3,5,7,1,3,5,1,1,0,1,1,0,0,0,0,1,0,0,0,1,1,1,2,2,2,1,71,1,4,1,60,1,3,3
8309,1.0,4.0,4.0,2.0,1.0,4.0,4.0,2.0,5.0,4.0,2.0,2.0,1.0,4.0,4.0,1.0,2.0,2.0,2.0,2.0,2,3,5,6,7,7,7,5,5,3,1,1,0,1,1,0,0,0,0,1,0,0,1,1,1,1,2,2,1,1,23,1,6,1,60,1,1,3
8310,2.0,4.0,4.0,4.0,3.0,4.0,2.0,2.0,5.0,4.0,3.0,1.0,3.0,3.0,3.0,5.0,5.0,2.0,5.0,1.0,7,2,7,1,6,1,5,1,6,2,0,1,0,1,1,0,0,0,0,1,0,0,0,1,1,1,2,3,2,1,19,1,12,1,60,2,1,2
8311,2.0,2.0,4.0,4.0,3.0,4.0,4.0,2.0,4.0,5.0,3.0,2.0,1.0,3.0,2.0,3.0,2.0,2.0,4.0,1.0,2,5,3,5,5,6,4,5,4,3,1,1,1,1,1,0,1,1,0,1,1,0,1,1,0,1,3,2,1,1,44,2,6,1,60,1,2,2
8312,4.0,5.0,4.0,4.0,4.0,1.0,1.0,2.0,5.0,4.0,1.0,5.0,2.0,2.0,5.0,1.0,1.0,1.0,5.0,1.0,1,1,5,6,2,7,7,2,1,6,1,1,1,1,1,0,0,1,0,1,0,0,1,1,1,1,3,1,2,1,32,1,2,1,60,2,1,2
8313,4.0,5.0,5.0,5.0,5.0,2.0,1.0,3.0,3.0,4.0,1.0,2.0,2.0,5.0,1.0,3.0,1.0,4.0,5.0,4.0,5,3,6,7,6,7,2,3,7,4,1,1,1,1,1,0,1,1,0,1,0,0,1,1,1,1,3,2,2,2,26,1,3,1,60,1,1,3
8314,5.0,2.0,2.0,4.0,2.0,4.0,3.0,2.0,5.0,4.0,2.0,4.0,3.0,2.0,4.0,2.0,5.0,4.0,4.0,1.0,2,5,4,1,5,7,5,5,7,4,1,1,0,1,1,0,0,0,0,1,0,0,1,1,1,1,3,2,1,1,41,1,4,1,60,1,2,4
8315,3.0,3.0,1.0,1.0,5.0,1.0,3.0,5.0,3.0,2.0,1.0,4.0,5.0,1.0,3.0,1.0,1.0,5.0,4.0,5.0,7,7,7,2,7,1,4,1,4,4,1,1,0,1,1,0,0,0,0,1,0,0,0,1,1,1,3,2,2,1,49,1,4,1,60,1,2,3
8316,1.0,2.0,4.0,3.0,4.0,4.0,4.0,2.0,5.0,5.0,4.0,2.0,1.0,3.0,2.0,4.0,1.0,2.0,5.0,4.0,7,3,7,6,6,5,7,2,4,1,1,1,0,1,1,0,0,0,0,1,0,0,0,1,1,1,3,2,2,1,24,1,1,5,60,1,1,2
8317,2.0,5.0,2.0,3.0,5.0,1.0,1.0,2.0,4.0,2.0,1.0,4.0,4.0,2.0,3.0,1.0,2.0,5.0,5.0,3.0,7,4,6,1,7,1,5,1,7,1,1,1,1,1,1,0,1,1,0,1,1,0,1,1,1,1,3,2,2,1,40,1,8,1,10,1,1,3
8318,5.0,4.0,5.0,2.0,5.0,2.0,4.0,2.0,5.0,5.0,1.0,5.0,1.0,1.0,4.0,3.0,4.0,4.0,4.0,4.0,2,1,7,5,7,6,6,1,6,4,1,1,1,1,1,1,1,0,0,1,1,1,1,1,1,1,4,3,2,2,69,1,9,1,60,1,2,2
8319,3.0,1.0,3.0,5.0,3.0,3.0,1.0,1.0,1.0,1.0,1.0,1.0,1.0,3.0,3.0,1.0,5.0,1.0,5.0,1.0,6,1,7,6,7,1,6,6,5,1,1,1,1,1,1,0,0,0,0,1,1,0,1,1,1,1,3,2,2,1,60,1,2,1,60,1,1,6
8320,3.0,4.0,5.0,4.0,4.0,5.0,2.0,1.0,1.0,4.0,1.0,1.0,1.0,1.0,4.0,4.0,5.0,2.0,1.0,1.0,6,4,7,1,7,1,2,6,4,1,1,1,0,1,1,1,0,0,0,1,0,0,0,1,1,1,3,1,2,1,22,3,12,1,70,2,1,3
8321,5.0,4.0,2.0,1.0,4.0,4.0,1.0,5.0,5.0,4.0,2.0,2.0,1.0,1.0,4.0,1.0,2.0,2.0,1.0,1.0,7,5,7,2,7,1,6,2,7,5,1,1,1,1,1,0,1,1,0,1,1,1,1,1,1,1,4,2,2,1,27,1,6,1,0,1,1,1
8322,2.0,2.0,4.0,2.0,1.0,1.0,1.0,1.0,5.0,3.0,1.0,3.0,2.0,4.0,3.0,1.0,5.0,2.0,5.0,1.0,3,4,6,4,5,5,3,6,6,4,1,1,0,1,1,0,0,1,0,1,0,0,1,1,1,1,3,2,2,1,24,1,6,1,60,2,2,3
8323,1.0,2.0,3.0,2.0,1.0,1.0,2.0,4.0,2.0,3.0,2.0,3.0,1.0,1.0,5.0,1.0,3.0,5.0,2.0,2.0,7,7,6,4,7,1,7,1,6,1,1,1,0,1,0,0,0,0,0,1,0,0,0,0,1,1,4,3,1,2,30,1,1,1,60,2,1,2
8324,4.0,4.0,4.0,2.0,5.0,1.0,1.0,1.0,4.0,2.0,1.0,5.0,1.0,1.0,4.0,1.0,5.0,2.0,5.0,1.0,7,5,6,1,7,1,7,1,1,1,1,1,1,1,1,0,0,1,0,1,0,1,1,1,1,1,3,2,2,1,62,1,1,1,60,1,1,2
8325,5.0,4.0,2.0,3.0,5.0,1.0,2.0,4.0,4.0,4.0,1.0,4.0,4.0,3.0,4.0,1.0,3.0,4.0,5.0,3.0,5,7,6,3,6,2,4,5,2,5,1,1,1,1,1,0,0,0,0,1,0,0,1,1,1,1,3,1,1,2,31,1,4,1,60,1,1,2
8326,5.0,4.0,2.0,4.0,2.0,1.0,1.0,1.0,2.0,2.0,2.0,5.0,4.0,3.0,4.0,1.0,1.0,4.0,4.0,2.0,7,3,4,1,7,1,7,4,6,1,1,1,1,1,1,0,1,0,0,1,0,0,1,1,1,1,3,2,2,1,65,1,9,1,60,1,2,1
8327,4.0,4.0,2.0,1.0,5.0,1.0,1.0,4.0,2.0,1.0,1.0,5.0,2.0,1.0,3.0,1.0,2.0,3.0,5.0,3.0,2,3,3,2,2,5,4,1,6,1,1,1,1,1,1,1,0,1,0,1,0,0,1,1,1,1,3,2,2,1,33,1,2,1,60,1,2,2
8328,5.0,4.0,5.0,1.0,5.0,3.0,1.0,1.0,4.0,4.0,1.0,5.0,2.0,1.0,3.0,1.0,1.0,5.0,5.0,4.0,4,7,7,3,7,1,3,7,3,1,1,1,1,1,1,1,1,1,1,1,1,1,1,1,1,1,4,2,2,2,22,1,2,1,60,2,1,1
8329,3.0,4.0,2.0,3.0,2.0,1.0,1.0,2.0,4.0,4.0,1.0,5.0,4.0,2.0,4.0,2.0,1.0,4.0,5.0,1.0,2,6,6,7,2,6,3,2,3,5,1,1,0,1,1,0,0,1,0,1,1,0,1,1,1,1,4,3,2,1,28,1,2,1,60,2,1,2
8330,1.0,1.0,3.0,4.0,2.0,5.0,5.0,4.0,5.0,5.0,1.0,1.0,2.0,3.0,1.0,5.0,1.0,5.0,1.0,1.0,1,6,7,2,2,7,2,6,7,7,1,1,0,1,1,0,0,0,0,1,0,0,1,1,1,1,3,2,1,1,30,1,4,1,60,1,1,3
8331,5.0,3.0,4.0,3.0,3.0,3.0,1.0,3.0,4.0,3.0,3.0,4.0,4.0,2.0,4.0,4.0,2.0,3.0,5.0,2.0,1,5,5,6,7,6,6,2,5,3,1,1,1,1,1,0,1,1,0,1,1,0,1,1,1,1,4,2,2,1,28,2,4,1,60,2,1,3
8332,3.0,4.0,1.0,1.0,4.0,2.0,2.0,4.0,4.0,5.0,1.0,4.0,4.0,1.0,2.0,1.0,3.0,2.0,5.0,1.0,5,7,3,1,7,6,4,7,5,2,1,1,1,1,1,0,0,0,0,1,0,0,0,1,1,1,3,3,1,2,20,1,12,1,60,1,1,2
8333,4.0,4.0,2.0,4.0,4.0,2.0,1.0,2.0,4.0,2.0,1.0,5.0,4.0,3.0,5.0,1.0,1.0,2.0,5.0,4.0,2,5,6,7,5,6,6,5,2,3,1,1,1,1,1,0,1,0,0,1,0,0,1,1,1,1,3,3,2,1,48,1,6,1,60,1,2,1
8334,1.0,1.0,1.0,1.0,1.0,1.0,1.0,1.0,1.0,5.0,1.0,4.0,1.0,1.0,1.0,1.0,5.0,4.0,4.0,1.0,2,1,6,1,6,2,6,1,6,3,1,1,0,1,1,0,0,0,0,1,0,0,1,1,1,1,4,3,2,1,49,1,7,1,30,2,3,6
8335,5.0,1.0,2.0,3.0,5.0,2.0,2.0,4.0,3.0,2.0,1.0,5.0,4.0,3.0,5.0,3.0,2.0,5.0,5.0,4.0,4,3,3,5,5,5,4,6,4,4,1,1,1,1,1,0,0,0,0,1,1,0,1,1,1,1,2,3,1,1,24,1,1,2,60,1,1,1
8336,1.0,3.0,4.0,2.0,2.0,1.0,1.0,2.0,5.0,5.0,2.0,4.0,1.0,1.0,3.0,1.0,3.0,3.0,5.0,1.0,6,5,6,3,5,1,6,2,7,2,1,1,1,1,1,0,0,0,0,1,0,0,1,1,1,1,4,2,1,1,37,1,2,1,60,1,2,5
8337,5.0,4.0,4.0,4.0,4.0,5.0,2.0,4.0,5.0,5.0,1.0,5.0,3.0,2.0,4.0,2.0,1.0,4.0,4.0,3.0,2,6,6,6,6,7,5,2,6,3,1,1,0,1,1,0,0,0,0,1,0,0,1,1,1,1,3,1,1,1,31,3,1,1,60,2,2,2
8338,3.0,1.0,4.0,4.0,2.0,2.0,2.0,2.0,4.0,5.0,1.0,1.0,1.0,1.0,4.0,1.0,4.0,4.0,5.0,2.0,7,6,2,7,6,1,6,2,1,2,1,1,0,1,1,0,0,0,0,1,0,0,0,1,1,1,3,2,2,1,21,1,2,1,10,1,1,2
8339,5.0,5.0,1.0,1.0,4.0,1.0,4.0,4.0,1.0,1.0,1.0,5.0,4.0,1.0,5.0,5.0,1.0,5.0,5.0,5.0,5,7,7,2,6,5,5,1,6,1,1,1,1,1,1,0,0,0,0,1,0,0,1,1,1,1,2,3,1,2,31,1,7,1,60,1,1,1
8340,4.0,4.0,2.0,1.0,5.0,2.0,4.0,2.0,5.0,2.0,1.0,5.0,1.0,2.0,2.0,1.0,5.0,5.0,5.0,3.0,5,2,7,4,5,6,7,1,5,2,1,1,0,1,1,0,1,1,0,1,0,0,1,1,1,1,4,2,2,1,34,1,4,1,30,2,1,3
8341,5.0,5.0,1.0,1.0,5.0,3.0,1.0,5.0,3.0,1.0,1.0,5.0,5.0,1.0,5.0,1.0,1.0,5.0,5.0,1.0,2,3,4,4,6,6,4,5,5,5,1,1,1,1,1,0,0,1,0,1,1,1,1,1,1,1,3,1,2,1,22,3,7,4,60,1,1,2
8342,4.0,4.0,2.0,3.0,3.0,1.0,2.0,4.0,4.0,4.0,2.0,2.0,4.0,2.0,5.0,2.0,1.0,3.0,5.0,4.0,3,3,4,4,5,4,5,1,5,4,1,1,0,1,1,0,0,0,0,1,0,0,1,1,1,1,4,2,2,1,29,1,12,1,60,2,1,3
8343,5.0,4.0,1.0,1.0,5.0,1.0,1.0,4.0,1.0,2.0,1.0,5.0,1.0,1.0,5.0,1.0,2.0,5.0,5.0,5.0,6,1,6,1,7,7,7,4,7,1,1,1,1,1,1,0,1,0,0,1,1,1,1,1,1,1,3,2,1,1,39,1,10,1,30,2,2,2
8344,2.0,2.0,4.0,4.0,2.0,4.0,2.0,2.0,5.0,4.0,4.0,2.0,1.0,3.0,5.0,4.0,2.0,4.0,3.0,2.0,2,4,5,6,7,5,6,5,5,4,1,1,0,1,1,0,0,0,0,1,0,0,1,1,1,1,2,1,1,1,17,1,2,3,60,2,1,2
8345,1.0,3.0,5.0,3.0,4.0,1.0,3.0,5.0,5.0,5.0,2.0,4.0,1.0,3.0,2.0,5.0,2.0,4.0,4.0,1.0,1,4,5,6,7,5,6,6,7,3,1,1,1,1,1,0,0,0,0,1,0,0,1,1,1,1,3,3,2,1,27,1,7,1,10,2,1,2
8346,5.0,4.0,1.0,2.0,5.0,4.0,1.0,4.0,5.0,2.0,1.0,4.0,5.0,4.0,2.0,4.0,4.0,4.0,5.0,4.0,6,6,2,7,3,5,7,1,3,1,1,1,1,1,1,0,0,0,0,1,0,0,1,1,1,1,3,2,2,1,30,1,6,1,60,1,1,3
8347,4.0,5.0,2.0,2.0,5.0,2.0,1.0,5.0,3.0,2.0,1.0,4.0,4.0,1.0,2.0,1.0,2.0,4.0,5.0,4.0,2,5,6,3,7,4,3,1,4,2,1,1,0,1,1,0,0,0,0,1,0,0,1,1,1,1,0,3,2,2,28,2,1,4,10,1,1,2
8348,2.0,2.0,2.0,2.0,2.0,2.0,1.0,5.0,1.0,1.0,2.0,5.0,5.0,1.0,4.0,1.0,1.0,4.0,5.0,1.0,1,7,6,2,3,5,3,2,6,5,1,1,1,1,1,0,1,1,0,1,1,1,1,1,1,1,3,2,2,1,27,1,0,1,60,1,2,2
8349,1.0,1.0,2.0,2.0,2.0,2.0,2.0,2.0,5.0,5.0,1.0,4.0,1.0,1.0,2.0,1.0,2.0,4.0,4.0,1.0,3,2,5,3,5,5,6,6,6,2,1,1,0,1,1,0,0,0,0,1,0,0,0,1,1,1,4,3,2,1,57,2,0,1,60,1,1,2
8350,1.0,5.0,2.0,1.0,4.0,1.0,1.0,4.0,5.0,5.0,1.0,5.0,1.0,1.0,1.0,1.0,1.0,1.0,5.0,5.0,1,5,7,1,4,7,2,2,7,1,1,1,1,1,1,0,0,0,0,1,1,0,1,1,1,1,3,0,2,1,42,1,3,1,60,1,1,1
8351,2.0,4.0,4.0,5.0,1.0,4.0,1.0,1.0,4.0,2.0,2.0,1.0,1.0,4.0,2.0,5.0,5.0,4.0,4.0,1.0,7,5,6,3,7,3,6,2,5,1,1,1,1,1,1,1,0,1,0,1,0,0,0,1,1,1,3,3,2,2,34,1,2,1,60,1,1,4
8352,5.0,4.0,2.0,2.0,5.0,3.0,2.0,4.0,3.0,4.0,2.0,5.0,2.0,1.0,5.0,2.0,1.0,4.0,4.0,1.0,6,5,3,3,6,1,6,4,5,2,1,1,1,1,1,1,1,1,0,1,0,0,1,1,1,1,3,3,2,1,65,1,2,1,60,1,2,2
8353,4.0,2.0,2.0,1.0,2.0,1.0,1.0,3.0,3.0,4.0,1.0,5.0,4.0,1.0,5.0,2.0,5.0,5.0,5.0,4.0,1,5,7,3,6,7,4,5,6,7,1,1,0,1,1,0,0,0,0,1,0,0,0,1,1,1,3,2,1,1,44,1,2,1,60,1,2,3
8354,3.0,5.0,2.0,3.0,4.0,2.0,1.0,4.0,4.0,2.0,2.0,3.0,4.0,3.0,5.0,4.0,1.0,4.0,3.0,3.0,3,6,6,2,4,7,4,1,6,6,1,1,0,1,1,0,0,0,0,1,0,0,1,1,1,1,2,3,1,1,20,1,4,1,60,1,1,3
8355,4.0,2.0,2.0,5.0,5.0,4.0,2.0,1.0,5.0,2.0,2.0,4.0,3.0,2.0,4.0,2.0,1.0,3.0,2.0,1.0,6,1,5,1,6,4,5,2,7,2,1,1,1,1,1,0,1,1,0,1,1,0,1,1,1,1,3,1,1,1,59,1,4,1,60,1,2,4
8356,2.0,1.0,5.0,4.0,3.0,4.0,4.0,2.0,4.0,4.0,1.0,4.0,2.0,3.0,2.0,2.0,4.0,2.0,4.0,1.0,6,5,6,5,6,2,6,3,4,2,1,1,1,1,1,0,0,0,0,1,0,0,1,1,1,1,3,1,2,1,37,1,6,1,60,1,2,4
8357,4.0,4.0,4.0,4.0,2.0,4.0,2.0,5.0,5.0,5.0,4.0,2.0,4.0,1.0,5.0,5.0,1.0,1.0,5.0,1.0,6,6,7,1,6,3,1,5,7,1,1,1,1,1,1,0,1,1,0,1,0,0,1,1,1,1,3,3,1,1,36,1,2,1,60,1,2,3
8358,1.0,4.0,2.0,5.0,2.0,1.0,1.0,1.0,5.0,5.0,1.0,1.0,1.0,1.0,4.0,5.0,1.0,1.0,5.0,1.0,3,2,7,3,7,6,6,1,6,2,1,1,1,1,1,0,1,1,0,1,0,0,1,1,1,1,4,3,2,1,63,2,6,1,60,1,2,3
8359,3.0,4.0,2.0,1.0,5.0,1.0,1.0,3.0,3.0,3.0,2.0,3.0,2.0,2.0,3.0,3.0,2.0,4.0,5.0,1.0,2,3,6,2,5,4,7,2,7,1,1,1,1,1,1,0,1,0,0,1,1,0,1,1,1,1,4,3,2,1,32,1,6,1,60,1,2,2
8360,4.0,2.0,1.0,4.0,2.0,2.0,2.0,5.0,5.0,5.0,1.0,4.0,1.0,4.0,2.0,3.0,2.0,4.0,5.0,1.0,2,2,6,5,5,7,5,5,5,1,1,1,0,1,1,0,0,1,0,1,0,0,0,1,1,1,4,1,2,2,25,1,1,2,60,1,2,3
8361,1.0,1.0,1.0,5.0,1.0,5.0,5.0,1.0,5.0,5.0,1.0,1.0,1.0,2.0,3.0,1.0,5.0,1.0,5.0,5.0,5,3,0,1,7,3,7,5,3,3,1,1,1,1,1,0,1,0,0,1,0,0,1,1,1,1,0,2,1,1,56,1,1,1,60,1,2,2
8362,5.0,1.0,1.0,1.0,5.0,1.0,1.0,5.0,2.0,1.0,1.0,5.0,5.0,1.0,1.0,1.0,1.0,5.0,5.0,5.0,2,3,5,6,5,4,2,1,6,2,0,0,0,0,0,0,0,0,0,0,0,0,0,0,0,0,3,3,1,1,19,1,1,1,60,2,1,0
8363,1.0,1.0,1.0,5.0,1.0,1.0,1.0,1.0,3.0,5.0,4.0,3.0,1.0,5.0,3.0,1.0,4.0,4.0,5.0,2.0,2,1,7,1,7,6,7,1,7,2,1,1,1,1,1,0,0,1,0,1,0,0,0,0,1,1,4,2,1,1,79,1,1,1,60,1,2,1
8364,1.0,3.0,4.0,5.0,4.0,4.0,3.0,1.0,5.0,5.0,1.0,5.0,4.0,4.0,3.0,3.0,1.0,4.0,5.0,5.0,4,7,7,1,6,1,6,3,7,3,1,1,1,1,1,0,1,1,0,1,1,0,1,1,1,1,3,2,1,1,49,1,7,1,60,1,2,1
8365,4.0,1.0,5.0,3.0,4.0,5.0,4.0,4.0,4.0,3.0,4.0,4.0,2.0,3.0,1.0,4.0,1.0,2.0,4.0,2.0,5,2,7,2,6,5,5,1,6,1,1,0,0,0,1,0,0,0,0,1,0,0,0,0,0,1,4,3,1,1,28,1,7,1,30,2,1,0
8366,2.0,4.0,2.0,3.0,1.0,2.0,2.0,2.0,4.0,2.0,3.0,4.0,2.0,2.0,3.0,2.0,3.0,3.0,4.0,1.0,3,5,6,3,5,3,5,4,6,3,1,1,1,1,1,0,0,0,0,1,1,1,1,1,1,1,3,2,2,1,52,1,2,1,60,1,3,4
8367,4.0,4.0,2.0,4.0,5.0,1.0,2.0,4.0,2.0,2.0,1.0,5.0,4.0,1.0,4.0,1.0,1.0,2.0,5.0,4.0,6,3,6,2,6,2,6,2,6,2,1,1,0,1,1,0,0,0,0,1,0,0,1,0,1,1,0,2,1,1,37,1,1,2,60,2,1,2
8368,2.0,2.0,4.0,4.0,4.0,4.0,2.0,2.0,5.0,5.0,2.0,4.0,2.0,3.0,1.0,4.0,4.0,2.0,5.0,4.0,0,0,6,0,0,0,0,0,0,0,0,0,0,0,0,0,0,0,0,1,0,0,0,0,0,1,4,3,2,1,48,1,2,1,60,1,2,3
8369,4.0,5.0,2.0,1.0,4.0,4.0,2.0,5.0,4.0,4.0,1.0,4.0,3.0,1.0,1.0,2.0,1.0,5.0,4.0,1.0,2,5,7,5,5,2,5,1,6,5,1,1,1,1,1,0,0,0,1,1,1,1,1,1,1,1,2,1,1,1,60,1,7,1,60,1,3,4
8370,2.0,2.0,4.0,4.0,2.0,2.0,2.0,2.0,5.0,5.0,2.0,5.0,4.0,3.0,4.0,5.0,2.0,1.0,5.0,3.0,4,2,7,2,7,5,6,2,6,2,1,1,1,1,1,1,0,0,0,1,0,0,1,1,1,1,4,3,1,2,34,3,6,1,60,1,1,2
8371,3.0,1.0,2.0,2.0,4.0,2.0,2.0,2.0,5.0,4.0,1.0,3.0,1.0,2.0,4.0,3.0,1.0,2.0,5.0,1.0,4,4,3,7,5,5,5,2,3,2,1,1,1,1,1,1,1,1,0,1,1,0,1,1,1,1,4,2,2,1,28,1,2,1,60,1,2,3
8372,4.0,4.0,4.0,4.0,5.0,2.0,1.0,2.0,4.0,4.0,1.0,4.0,4.0,2.0,5.0,4.0,2.0,3.0,5.0,1.0,1,1,6,7,1,7,6,1,7,6,1,1,1,1,1,0,0,0,0,1,0,0,1,1,1,1,4,1,2,1,38,1,1,1,60,1,1,0
8373,3.0,4.0,2.0,4.0,2.0,5.0,4.0,2.0,5.0,5.0,1.0,1.0,1.0,2.0,1.0,4.0,2.0,1.0,5.0,4.0,1,1,7,1,7,7,6,5,7,1,1,1,1,1,1,0,1,1,0,1,1,0,1,1,1,1,3,2,2,1,56,3,2,1,60,1,3,5
8374,5.0,3.0,2.0,1.0,5.0,1.0,2.0,5.0,5.0,2.0,1.0,5.0,5.0,1.0,3.0,4.0,1.0,4.0,5.0,4.0,1,1,7,6,4,6,5,4,7,4,1,1,0,1,1,1,1,1,0,1,1,0,1,1,1,1,4,1,1,1,35,2,12,3,30,1,2,4
8375,4.0,1.0,5.0,2.0,5.0,4.0,4.0,5.0,5.0,5.0,2.0,4.0,1.0,2.0,1.0,5.0,1.0,1.0,4.0,2.0,5,2,7,2,6,2,7,1,7,2,1,1,0,1,1,0,0,0,0,1,0,0,1,1,1,1,3,2,2,1,42,1,6,1,60,2,2,2
8376,4.0,4.0,1.0,3.0,4.0,2.0,1.0,4.0,5.0,4.0,2.0,4.0,4.0,2.0,3.0,3.0,1.0,4.0,5.0,4.0,2,7,6,7,2,6,7,1,2,6,1,1,0,1,1,0,0,0,0,1,0,0,1,1,1,1,3,2,2,1,22,1,9,1,60,1,1,2
8377,3.0,4.0,3.0,1.0,5.0,1.0,2.0,5.0,3.0,1.0,1.0,3.0,5.0,1.0,4.0,1.0,1.0,5.0,5.0,1.0,6,7,5,1,2,1,3,6,7,7,1,1,0,1,1,0,0,1,0,1,0,0,1,1,1,1,3,2,1,1,19,1,2,1,60,2,3,2
8378,2.0,4.0,1.0,4.0,2.0,3.0,1.0,4.0,5.0,2.0,1.0,5.0,1.0,2.0,4.0,1.0,1.0,4.0,5.0,2.0,2,1,7,1,6,7,5,1,7,2,1,1,1,1,1,0,1,1,0,1,1,0,1,1,1,1,4,3,1,1,48,1,9,1,60,1,1,2
8379,3.0,2.0,1.0,3.0,1.0,2.0,1.0,3.0,2.0,5.0,2.0,4.0,1.0,2.0,5.0,3.0,2.0,4.0,5.0,1.0,7,6,7,3,5,2,6,1,6,3,1,1,0,1,1,1,0,0,0,1,0,0,1,1,1,1,2,3,1,1,29,2,4,1,60,2,2,3
8380,4.0,1.0,5.0,4.0,3.0,5.0,5.0,1.0,5.0,5.0,3.0,1.0,1.0,3.0,1.0,5.0,3.0,2.0,1.0,1.0,2,2,4,7,5,7,7,5,3,2,1,1,1,0,1,0,0,1,0,1,0,1,1,1,1,1,3,3,1,1,38,1,4,5,60,1,1,2
8381,2.0,1.0,2.0,4.0,3.0,3.0,2.0,2.0,5.0,2.0,3.0,5.0,4.0,3.0,2.0,3.0,1.0,2.0,5.0,2.0,3,2,6,3,6,4,5,1,7,4,1,1,0,1,1,0,0,1,0,1,0,0,1,1,1,1,4,3,2,1,31,1,4,2,60,1,2,3
8382,4.0,5.0,1.0,3.0,4.0,1.0,1.0,2.0,5.0,2.0,3.0,5.0,3.0,2.0,4.0,1.0,1.0,5.0,5.0,5.0,6,5,7,3,4,2,5,1,7,4,1,1,0,1,1,0,0,0,0,1,1,1,0,1,1,1,3,2,2,2,22,1,3,1,10,1,1,1
8383,2.0,2.0,2.0,2.0,3.0,2.0,3.0,1.0,4.0,4.0,3.0,5.0,4.0,2.0,5.0,1.0,2.0,4.0,5.0,2.0,5,6,6,2,3,6,6,5,7,2,1,1,0,1,1,0,0,1,0,1,0,0,1,1,1,1,4,3,1,2,25,1,7,1,60,1,1,1
8384,3.0,4.0,2.0,1.0,4.0,1.0,1.0,4.0,3.0,2.0,1.0,5.0,4.0,1.0,4.0,4.0,1.0,4.0,5.0,2.0,2,6,6,1,5,6,2,4,5,3,1,1,1,1,1,0,1,0,0,1,1,1,1,1,1,1,3,2,1,1,20,1,2,2,60,2,1,2
8385,4.0,4.0,2.0,2.0,4.0,4.0,4.0,5.0,5.0,4.0,1.0,2.0,2.0,2.0,4.0,4.0,4.0,5.0,5.0,1.0,6,1,6,7,3,1,6,2,5,5,1,1,0,1,1,0,0,0,0,1,0,0,1,1,1,1,4,3,2,1,35,1,6,1,70,1,2,1
8386,5.0,1.0,5.0,1.0,5.0,5.0,5.0,1.0,5.0,5.0,1.0,5.0,1.0,5.0,3.0,5.0,1.0,5.0,5.0,5.0,5,4,7,2,7,5,7,1,6,1,1,1,0,1,1,0,1,0,0,1,1,0,0,1,1,1,4,2,2,1,36,1,7,1,50,1,3,3
8387,3.0,4.0,2.0,3.0,3.0,2.0,2.0,3.0,3.0,2.0,2.0,4.0,4.0,3.0,4.0,2.0,4.0,4.0,4.0,2.0,5,5,4,5,5,5,5,5,4,3,1,1,0,1,1,1,0,0,0,1,0,0,1,1,1,1,3,2,1,1,30,1,1,1,60,2,1,2
8388,1.0,1.0,2.0,2.0,1.0,2.0,2.0,1.0,5.0,5.0,3.0,1.0,1.0,3.0,1.0,2.0,3.0,1.0,5.0,1.0,1,1,7,6,3,7,7,1,3,2,1,1,1,1,1,0,0,0,0,1,0,0,1,1,1,1,3,2,2,1,60,1,9,1,60,1,2,3
8389,2.0,2.0,2.0,4.0,1.0,1.0,1.0,1.0,4.0,2.0,2.0,4.0,1.0,2.0,4.0,1.0,4.0,4.0,5.0,3.0,3,2,5,1,7,5,4,1,7,2,1,1,1,1,0,0,0,0,0,1,0,1,1,1,1,1,2,2,2,2,38,1,2,1,60,2,1,4
8390,1.0,1.0,3.0,3.0,1.0,5.0,5.0,2.0,5.0,5.0,2.0,1.0,1.0,1.0,2.0,4.0,3.0,1.0,1.0,1.0,2,2,5,1,6,6,6,1,7,1,1,1,0,1,1,0,0,1,0,1,1,0,1,1,1,1,3,2,2,1,49,3,7,1,30,1,2,3
8391,5.0,5.0,1.0,1.0,5.0,1.0,1.0,5.0,1.0,1.0,1.0,5.0,5.0,1.0,5.0,1.0,1.0,5.0,5.0,5.0,1,7,4,1,7,5,3,1,1,1,1,1,1,1,1,1,1,1,1,1,1,0,1,1,1,1,3,2,1,2,26,1,1,2,70,2,1,7
8392,5.0,1.0,3.0,5.0,1.0,5.0,2.0,1.0,5.0,5.0,5.0,1.0,1.0,5.0,3.0,5.0,3.0,2.0,2.0,1.0,6,3,7,1,6,2,4,1,7,4,1,1,1,1,1,0,0,1,0,1,0,0,1,1,1,1,4,2,1,1,67,2,4,1,60,1,2,2
8393,2.0,4.0,2.0,2.0,3.0,4.0,2.0,2.0,5.0,4.0,1.0,5.0,5.0,3.0,3.0,3.0,4.0,4.0,5.0,3.0,2,5,7,2,5,7,7,1,7,5,1,1,0,1,1,1,0,0,0,0,0,0,0,1,1,1,2,3,2,1,19,1,4,1,70,1,1,3
8394,2.0,4.0,2.0,4.0,5.0,2.0,1.0,4.0,4.0,4.0,2.0,5.0,4.0,4.0,4.0,2.0,1.0,3.0,5.0,2.0,6,2,5,3,6,1,6,1,3,2,1,1,1,1,1,0,0,1,0,1,1,0,1,1,1,1,3,3,2,1,44,1,1,1,60,1,2,2
8395,5.0,5.0,2.0,2.0,1.0,1.0,1.0,3.0,2.0,2.0,1.0,4.0,4.0,1.0,4.0,1.0,1.0,5.0,5.0,5.0,5,6,6,6,6,6,6,7,2,4,1,1,0,1,1,0,0,0,0,1,0,0,1,1,1,1,2,3,1,2,25,1,2,1,60,1,1,4
8396,5.0,4.0,1.0,2.0,5.0,4.0,1.0,5.0,3.0,1.0,1.0,5.0,4.0,1.0,5.0,2.0,1.0,5.0,5.0,2.0,5,6,7,6,7,3,2,1,3,5,1,1,1,1,1,1,0,1,0,1,0,0,1,1,1,1,3,2,2,1,24,1,5,1,60,2,2,2
8397,1.0,1.0,2.0,4.0,4.0,4.0,1.0,1.0,5.0,5.0,2.0,1.0,1.0,4.0,1.0,5.0,5.0,1.0,5.0,1.0,1,4,5,2,1,6,5,3,6,4,1,1,1,1,1,0,0,1,0,1,1,0,1,1,1,1,4,2,2,1,40,1,2,1,70,1,2,2
8398,4.0,3.0,2.0,4.0,5.0,2.0,1.0,1.0,3.0,5.0,2.0,1.0,4.0,4.0,4.0,4.0,1.0,2.0,5.0,1.0,7,6,6,7,7,1,6,4,1,1,1,1,0,1,1,0,0,0,0,1,0,0,1,1,1,1,3,2,2,1,49,1,6,1,60,1,2,3
8399,5.0,3.0,5.0,4.0,1.0,5.0,4.0,2.0,5.0,5.0,1.0,4.0,1.0,5.0,1.0,4.0,5.0,1.0,5.0,1.0,6,3,7,5,6,2,6,3,6,3,1,1,0,1,1,0,0,0,0,1,0,0,1,1,1,1,2,3,2,1,62,1,6,1,60,1,3,4
8400,5.0,5.0,1.0,1.0,5.0,3.0,1.0,4.0,5.0,5.0,1.0,5.0,5.0,2.0,5.0,1.0,1.0,5.0,5.0,1.0,6,6,6,5,7,7,4,3,7,1,1,1,0,1,1,0,0,0,0,1,0,0,1,1,1,1,3,3,1,2,25,1,12,1,10,1,1,2
8401,1.0,2.0,4.0,5.0,2.0,5.0,5.0,1.0,5.0,5.0,3.0,4.0,1.0,4.0,1.0,5.0,4.0,2.0,1.0,1.0,2,1,7,1,6,6,7,1,6,2,1,1,1,1,1,0,1,1,0,1,1,1,1,1,1,1,3,1,2,1,68,1,4,1,60,1,2,14
8402,1.0,1.0,5.0,3.0,4.0,1.0,1.0,1.0,4.0,5.0,1.0,4.0,1.0,1.0,3.0,2.0,1.0,5.0,5.0,1.0,1,5,7,4,2,7,7,2,6,5,1,1,0,1,1,0,1,0,0,1,1,0,1,1,1,1,3,3,1,1,68,1,4,1,60,1,3,2
8403,4.0,3.0,3.0,2.0,4.0,3.0,1.0,3.0,1.0,2.0,1.0,5.0,2.0,1.0,4.0,1.0,1.0,5.0,5.0,2.0,3,6,5,1,7,3,2,6,4,1,1,1,1,1,1,0,0,1,0,1,0,0,1,1,1,1,3,2,1,1,28,1,1,3,60,1,1,3
8404,5.0,2.0,2.0,5.0,5.0,1.0,1.0,4.0,5.0,4.0,2.0,5.0,2.0,2.0,4.0,4.0,1.0,4.0,5.0,1.0,3,1,5,1,7,5,6,2,6,1,1,1,1,1,1,0,0,1,0,1,0,0,1,1,1,1,3,1,1,1,49,1,12,1,60,1,2,4
8405,5.0,5.0,1.0,4.0,3.0,1.0,1.0,3.0,5.0,1.0,1.0,5.0,5.0,1.0,5.0,5.0,2.0,5.0,5.0,1.0,6,1,6,1,2,4,7,1,6,3,1,1,1,1,1,0,0,1,0,1,0,0,1,1,1,1,4,3,1,1,47,1,7,1,60,2,2,0
8406,1.0,4.0,3.0,4.0,2.0,4.0,3.0,1.0,5.0,3.0,2.0,2.0,1.0,4.0,4.0,2.0,1.0,4.0,5.0,1.0,6,2,7,5,5,3,7,5,7,5,1,1,1,1,1,0,0,1,0,1,0,0,0,1,1,1,2,2,2,1,60,2,6,1,60,1,2,6
8407,4.0,4.0,3.0,2.0,4.0,2.0,4.0,2.0,4.0,2.0,3.0,4.0,4.0,2.0,5.0,2.0,2.0,4.0,3.0,4.0,2,5,5,3,6,3,3,5,3,4,1,1,1,1,1,0,0,0,0,1,0,0,1,1,1,1,4,3,1,1,27,2,6,2,60,1,1,2
8408,5.0,5.0,3.0,5.0,5.0,1.0,1.0,5.0,3.0,3.0,1.0,5.0,3.0,3.0,5.0,3.0,1.0,4.0,5.0,3.0,7,5,5,1,7,1,7,4,5,1,1,1,0,1,1,0,0,0,0,1,0,0,0,1,1,1,3,3,2,1,50,1,12,1,60,2,2,2
8409,5.0,4.0,1.0,3.0,5.0,1.0,1.0,5.0,2.0,1.0,1.0,5.0,4.0,2.0,5.0,1.0,1.0,4.0,5.0,1.0,3,7,4,3,7,2,6,3,6,6,1,1,1,1,1,0,1,1,0,1,0,0,1,0,1,1,3,1,1,1,48,1,2,1,60,1,1,1
8410,5.0,1.0,1.0,2.0,4.0,2.0,2.0,3.0,5.0,4.0,1.0,2.0,2.0,2.0,4.0,2.0,1.0,2.0,4.0,2.0,2,6,7,5,3,6,5,3,3,5,0,1,0,0,1,0,0,1,0,0,0,0,1,1,1,0,3,2,2,1,21,2,6,1,60,1,1,2
8411,3.0,3.0,1.0,1.0,2.0,1.0,1.0,4.0,3.0,2.0,1.0,4.0,1.0,2.0,5.0,1.0,3.0,4.0,5.0,1.0,6,7,5,7,3,1,7,4,2,1,1,1,0,1,1,0,0,0,0,1,0,0,0,1,1,1,3,2,2,1,40,1,4,2,60,1,1,1
8412,1.0,1.0,5.0,4.0,2.0,2.0,2.0,1.0,2.0,5.0,4.0,2.0,1.0,4.0,2.0,5.0,2.0,4.0,2.0,1.0,3,5,2,5,6,7,6,7,6,1,1,1,0,1,1,0,0,1,0,1,0,0,1,1,1,1,2,1,1,1,36,1,12,1,60,1,1,11
8413,5.0,4.0,1.0,5.0,1.0,2.0,1.0,1.0,5.0,2.0,2.0,2.0,1.0,1.0,1.0,2.0,4.0,2.0,5.0,1.0,6,5,3,2,7,6,7,2,6,2,1,1,1,1,1,0,0,0,0,1,0,1,1,1,1,1,3,2,2,1,56,3,7,1,60,2,1,1
8414,2.0,4.0,1.0,5.0,4.0,4.0,2.0,1.0,5.0,3.0,1.0,4.0,2.0,5.0,4.0,2.0,1.0,2.0,5.0,1.0,5,5,7,5,6,3,6,1,3,5,1,1,1,1,1,0,0,0,0,1,0,0,1,1,1,1,3,2,2,1,55,1,0,1,60,1,2,2
8415,2.0,4.0,5.0,5.0,4.0,5.0,2.0,2.0,5.0,4.0,1.0,1.0,2.0,3.0,4.0,2.0,3.0,4.0,5.0,1.0,1,2,7,5,6,7,7,2,6,1,1,1,0,1,1,0,0,1,0,1,0,0,1,1,1,1,2,1,2,1,20,2,4,1,60,1,1,1
8416,5.0,2.0,5.0,2.0,2.0,2.0,2.0,3.0,4.0,1.0,1.0,5.0,1.0,1.0,4.0,4.0,3.0,5.0,1.0,1.0,6,7,7,2,7,1,6,0,7,2,1,0,0,1,0,0,0,0,0,1,0,0,0,0,1,1,3,2,1,2,22,1,7,1,60,1,2,3
8417,3.0,2.0,2.0,1.0,5.0,2.0,1.0,4.0,5.0,2.0,2.0,3.0,5.0,1.0,2.0,2.0,4.0,4.0,5.0,1.0,1,5,6,5,5,6,5,2,4,3,1,1,0,1,1,0,0,0,0,1,0,0,0,1,1,1,4,2,2,1,28,1,4,1,70,2,1,2
8418,1.0,1.0,1.0,3.0,2.0,1.0,1.0,1.0,5.0,3.0,2.0,1.0,5.0,1.0,3.0,5.0,2.0,1.0,5.0,5.0,5,7,7,1,7,5,5,2,6,5,1,1,0,1,1,0,0,0,0,1,0,0,1,1,1,1,2,1,1,1,26,1,2,1,60,2,1,2
8419,5.0,5.0,5.0,1.0,5.0,1.0,1.0,5.0,1.0,1.0,1.0,5.0,5.0,1.0,5.0,1.0,1.0,5.0,5.0,5.0,7,1,1,1,7,1,1,1,1,1,1,1,1,1,1,1,1,1,1,1,1,1,1,1,1,1,3,1,1,1,31,1,2,1,60,2,1,2
8420,2.0,4.0,2.0,4.0,2.0,1.0,1.0,2.0,4.0,2.0,1.0,2.0,2.0,3.0,4.0,2.0,2.0,4.0,5.0,1.0,3,1,5,5,1,5,6,5,5,5,1,1,0,1,1,0,0,0,0,1,0,0,1,1,1,1,3,2,2,1,36,1,4,3,60,1,2,5
8421,3.0,1.0,2.0,5.0,2.0,1.0,1.0,2.0,4.0,5.0,1.0,5.0,4.0,2.0,4.0,1.0,1.0,4.0,5.0,1.0,2,2,6,6,6,5,6,1,6,2,1,1,1,1,1,0,0,1,0,1,0,1,1,1,1,1,3,3,2,1,26,1,6,3,60,1,2,3
8422,5.0,4.0,4.0,5.0,2.0,4.0,2.0,2.0,5.0,2.0,2.0,1.0,1.0,3.0,3.0,5.0,4.0,2.0,5.0,1.0,6,6,6,5,6,4,6,2,4,1,1,1,1,1,1,1,0,0,0,1,0,0,1,1,1,1,3,2,2,1,61,1,1,1,60,1,3,4
8423,4.0,1.0,1.0,5.0,3.0,2.0,1.0,1.0,5.0,4.0,2.0,2.0,4.0,4.0,3.0,2.0,4.0,4.0,3.0,3.0,0,0,0,0,0,0,0,0,0,0,1,0,0,1,1,0,0,0,0,1,0,0,1,1,1,1,3,3,2,1,29,1,7,1,30,1,1,1
8424,5.0,2.0,4.0,2.0,5.0,4.0,2.0,5.0,5.0,2.0,2.0,4.0,4.0,1.0,4.0,5.0,1.0,4.0,4.0,1.0,2,3,6,3,3,6,5,4,6,5,1,1,1,1,1,0,0,0,0,1,0,0,1,1,1,1,2,2,1,1,19,1,6,1,60,1,1,0
8425,4.0,2.0,2.0,2.0,4.0,1.0,2.0,4.0,5.0,2.0,2.0,3.0,4.0,2.0,2.0,4.0,2.0,3.0,3.0,2.0,2,5,3,2,7,5,3,4,5,2,1,1,0,1,1,0,0,0,0,1,0,0,0,1,1,1,2,2,2,1,29,1,12,5,70,1,2,1
8426,5.0,1.0,2.0,1.0,4.0,1.0,3.0,2.0,4.0,5.0,2.0,1.0,4.0,3.0,5.0,1.0,3.0,4.0,5.0,1.0,5,6,6,3,2,7,5,5,5,2,1,1,0,1,1,0,0,0,0,1,0,0,0,1,1,1,3,3,1,1,34,1,1,1,30,2,1,2
8427,4.0,3.0,3.0,3.0,2.0,4.0,5.0,3.0,4.0,4.0,1.0,3.0,4.0,3.0,3.0,1.0,2.0,3.0,5.0,2.0,1,4,7,1,7,7,3,1,7,1,1,1,1,1,1,1,1,1,1,1,0,0,1,1,1,1,3,1,1,1,47,1,12,1,60,1,2,1
8428,1.0,1.0,2.0,5.0,1.0,2.0,5.0,2.0,5.0,5.0,2.0,1.0,1.0,1.0,1.0,5.0,5.0,1.0,5.0,1.0,4,1,7,5,7,6,7,1,7,2,1,1,1,1,1,1,0,1,0,1,0,0,1,1,1,1,3,2,2,1,51,1,12,1,60,1,2,2
8429,5.0,4.0,3.0,3.0,3.0,2.0,2.0,3.0,4.0,3.0,3.0,4.0,4.0,3.0,4.0,1.0,4.0,4.0,4.0,3.0,2,1,6,2,5,6,4,2,6,3,1,1,1,1,1,0,0,1,0,1,1,0,1,1,1,1,3,2,1,1,61,1,6,1,60,1,2,2
8430,1.0,2.0,4.0,5.0,2.0,2.0,2.0,4.0,4.0,4.0,2.0,1.0,2.0,2.0,3.0,4.0,4.0,2.0,4.0,1.0,6,2,6,2,7,5,6,5,6,3,1,1,1,1,1,0,0,0,0,1,1,1,1,1,1,1,3,2,2,1,23,1,7,1,60,1,1,2
8431,2.0,4.0,2.0,2.0,3.0,4.0,2.0,3.0,5.0,4.0,1.0,4.0,1.0,5.0,4.0,5.0,2.0,4.0,5.0,1.0,2,5,4,7,5,6,7,4,3,1,1,1,0,1,1,0,0,1,0,1,0,0,1,1,1,1,3,1,1,1,21,1,1,1,60,1,1,4
8432,2.0,3.0,2.0,4.0,2.0,1.0,1.0,1.0,4.0,4.0,1.0,1.0,2.0,4.0,2.0,2.0,2.0,4.0,5.0,1.0,1,3,4,4,5,6,6,5,5,3,1,1,0,1,1,0,0,0,0,1,0,0,1,0,1,1,3,1,2,1,26,1,4,1,60,1,1,3
8433,5.0,3.0,1.0,1.0,4.0,1.0,2.0,3.0,3.0,4.0,1.0,1.0,4.0,2.0,4.0,3.0,2.0,3.0,5.0,3.0,4,3,6,3,6,2,4,4,4,2,1,1,1,1,1,0,1,1,1,1,0,0,0,1,1,1,3,2,2,1,54,2,6,1,60,1,2,2
8434,5.0,5.0,1.0,1.0,3.0,1.0,1.0,4.0,1.0,1.0,1.0,4.0,4.0,1.0,5.0,1.0,3.0,5.0,5.0,1.0,2,5,6,4,6,7,2,1,7,4,0,1,1,1,1,0,0,1,0,1,0,0,1,1,1,1,3,3,1,2,25,1,7,1,60,2,1,1
8435,3.0,5.0,5.0,3.0,3.0,5.0,4.0,2.0,5.0,5.0,3.0,4.0,1.0,3.0,4.0,4.0,2.0,4.0,5.0,2.0,4,5,7,1,6,6,4,2,7,4,1,1,0,1,1,0,0,0,0,1,0,0,1,1,1,1,4,3,1,2,52,1,1,1,60,1,2,1
8436,1.0,1.0,4.0,5.0,1.0,2.0,1.0,1.0,5.0,5.0,2.0,1.0,1.0,5.0,4.0,5.0,2.0,1.0,5.0,1.0,3,1,7,5,7,6,7,1,7,2,1,1,0,1,1,0,0,0,0,1,0,0,1,1,1,1,4,1,2,1,49,1,1,1,60,1,3,3
8437,4.0,4.0,2.0,3.0,2.0,2.0,1.0,4.0,2.0,2.0,1.0,2.0,3.0,2.0,4.0,3.0,3.0,4.0,5.0,3.0,6,5,4,3,5,2,5,2,4,3,1,1,1,1,1,0,0,0,1,1,1,0,1,1,1,1,3,2,2,1,22,1,1,1,60,1,1,2
8438,1.0,2.0,2.0,4.0,1.0,1.0,1.0,1.0,5.0,5.0,2.0,1.0,1.0,2.0,1.0,1.0,1.0,1.0,5.0,4.0,1,2,7,1,4,7,3,1,7,1,1,1,0,1,1,0,0,0,0,1,0,0,1,1,1,1,3,1,2,1,48,1,2,1,60,1,2,5
8439,5.0,4.0,3.0,3.0,4.0,2.0,2.0,4.0,4.0,2.0,2.0,5.0,5.0,2.0,4.0,2.0,1.0,4.0,5.0,5.0,1,5,6,4,6,4,5,1,5,3,1,1,0,1,1,0,0,0,0,1,0,1,1,1,1,1,3,3,1,1,27,1,6,1,60,1,1,1
8440,2.0,1.0,5.0,4.0,1.0,2.0,1.0,2.0,5.0,4.0,1.0,4.0,1.0,4.0,3.0,1.0,4.0,4.0,4.0,1.0,2,1,5,4,6,2,7,6,3,2,1,1,1,1,1,0,1,0,0,1,0,0,1,1,1,1,4,2,2,1,51,1,7,1,60,1,2,2
8441,2.0,2.0,4.0,1.0,2.0,5.0,5.0,5.0,5.0,5.0,2.0,5.0,1.0,1.0,3.0,4.0,5.0,1.0,1.0,1.0,5,1,7,4,5,4,6,1,7,1,1,1,0,1,1,0,0,0,0,1,0,0,1,1,1,1,3,2,2,1,63,1,6,1,60,1,2,3
8442,1.0,1.0,5.0,4.0,2.0,1.0,1.0,4.0,5.0,5.0,1.0,2.0,1.0,5.0,5.0,1.0,2.0,2.0,5.0,4.0,6,7,7,6,5,6,7,2,3,5,1,1,0,1,1,0,0,0,0,1,0,0,1,1,1,1,3,1,1,1,26,1,6,2,60,1,1,3
8443,1.0,3.0,3.0,4.0,4.0,4.0,1.0,5.0,5.0,2.0,2.0,2.0,1.0,2.0,5.0,4.0,2.0,1.0,5.0,1.0,6,2,7,2,7,3,7,4,6,2,1,1,1,1,1,0,0,1,0,1,1,0,1,1,1,1,3,2,2,1,39,1,4,1,60,1,1,2
8444,2.0,3.0,5.0,4.0,4.0,5.0,2.0,2.0,5.0,4.0,5.0,2.0,1.0,4.0,3.0,4.0,1.0,1.0,3.0,1.0,3,4,6,3,6,7,6,5,7,6,1,1,0,1,1,0,0,1,0,1,0,0,1,1,1,1,3,2,1,1,25,1,6,1,60,1,1,2
8445,3.0,2.0,4.0,5.0,2.0,1.0,1.0,2.0,3.0,5.0,3.0,2.0,3.0,3.0,5.0,2.0,3.0,2.0,5.0,1.0,3,1,4,2,6,6,5,4,6,1,1,1,1,1,1,0,0,0,0,1,1,1,1,1,1,1,2,2,1,1,33,1,2,1,60,2,1,3
8446,2.0,1.0,3.0,3.0,3.0,1.0,2.0,3.0,4.0,5.0,3.0,4.0,2.0,3.0,2.0,4.0,2.0,4.0,5.0,2.0,3,5,6,3,4,7,5,1,6,2,1,1,0,1,1,0,0,0,0,1,0,0,1,1,1,1,3,1,1,1,31,1,12,3,60,1,1,2
8447,1.0,2.0,4.0,3.0,2.0,2.0,2.0,1.0,5.0,2.0,1.0,4.0,2.0,2.0,4.0,1.0,1.0,4.0,4.0,3.0,2,1,5,6,6,6,7,3,5,2,1,1,1,1,1,0,0,0,0,1,1,1,1,1,1,1,3,1,2,1,44,1,2,1,60,1,3,3
8448,1.0,2.0,1.0,2.0,1.0,5.0,4.0,4.0,5.0,5.0,3.0,5.0,1.0,3.0,5.0,1.0,1.0,1.0,1.0,1.0,3,5,7,1,6,6,6,1,6,5,1,1,1,1,1,0,0,1,0,1,0,0,1,1,1,1,3,2,2,1,38,1,6,1,60,1,2,3
8449,3.0,4.0,3.0,4.0,4.0,1.0,2.0,4.0,3.0,4.0,2.0,5.0,1.0,2.0,2.0,4.0,2.0,4.0,5.0,4.0,4,5,6,4,6,4,6,3,3,3,1,1,1,1,1,0,1,1,0,1,1,0,1,1,1,1,3,2,2,1,55,1,6,1,60,1,1,2
8450,5.0,4.0,2.0,2.0,5.0,1.0,1.0,2.0,2.0,1.0,1.0,5.0,5.0,3.0,4.0,4.0,2.0,4.0,5.0,3.0,7,7,7,2,7,1,5,1,4,3,1,1,0,1,1,0,0,1,0,0,0,0,1,1,1,1,3,2,1,1,21,1,1,3,60,1,1,3
8451,4.0,5.0,1.0,1.0,3.0,1.0,1.0,5.0,1.0,1.0,1.0,5.0,4.0,1.0,4.0,1.0,1.0,5.0,5.0,4.0,2,6,5,6,2,2,1,1,3,4,1,1,0,1,0,0,1,1,0,1,0,0,1,1,1,1,4,2,2,1,33,2,2,4,60,1,1,2
8452,4.0,5.0,1.0,2.0,3.0,1.0,1.0,4.0,4.0,2.0,2.0,3.0,4.0,2.0,5.0,1.0,2.0,4.0,5.0,4.0,5,7,5,3,5,2,5,5,5,3,1,1,0,1,1,0,0,0,0,1,0,0,1,1,1,1,4,2,1,1,31,1,7,1,60,1,1,3
8453,3.0,3.0,3.0,3.0,3.0,3.0,3.0,3.0,5.0,3.0,1.0,1.0,1.0,3.0,3.0,3.0,3.0,3.0,3.0,1.0,2,5,4,3,6,7,6,2,4,4,1,1,0,1,1,0,0,0,0,1,0,0,0,1,1,1,3,0,1,1,25,1,4,1,30,1,1,4
8454,5.0,4.0,1.0,1.0,4.0,4.0,1.0,2.0,5.0,5.0,2.0,3.0,2.0,3.0,2.0,4.0,2.0,5.0,3.0,3.0,1,2,6,5,6,7,5,3,5,2,1,1,0,1,1,0,0,0,0,1,0,0,0,1,1,1,3,3,1,1,56,1,1,1,60,1,2,5
8455,5.0,4.0,1.0,2.0,5.0,4.0,3.0,2.0,5.0,5.0,1.0,5.0,4.0,3.0,3.0,5.0,1.0,2.0,5.0,1.0,5,1,7,2,7,4,7,1,6,4,1,1,1,1,1,0,0,0,0,1,1,0,1,1,1,1,3,1,2,1,52,1,12,1,60,1,2,5
8456,2.0,4.0,2.0,3.0,4.0,2.0,2.0,3.0,3.0,4.0,1.0,4.0,2.0,2.0,2.0,1.0,2.0,4.0,5.0,2.0,3,5,6,3,7,4,5,6,6,3,0,0,0,0,0,0,0,1,1,0,1,0,0,0,0,0,4,2,1,2,45,1,1,1,10,1,2,3
8457,1.0,1.0,4.0,4.0,4.0,4.0,3.0,1.0,5.0,5.0,3.0,1.0,1.0,4.0,3.0,5.0,4.0,1.0,5.0,4.0,2,1,7,1,6,6,7,1,7,1,1,1,1,1,1,0,0,0,0,1,0,0,1,1,1,1,3,2,2,1,54,1,12,0,60,1,1,4
8458,3.0,4.0,1.0,3.0,4.0,1.0,1.0,5.0,2.0,2.0,1.0,5.0,4.0,2.0,4.0,1.0,1.0,4.0,5.0,2.0,3,2,1,3,7,5,5,6,6,4,1,1,1,1,1,0,0,0,0,1,0,1,1,1,1,1,4,2,1,1,44,2,2,1,60,1,2,3
8459,3.0,4.0,1.0,4.0,5.0,1.0,2.0,2.0,4.0,1.0,1.0,5.0,4.0,1.0,4.0,1.0,2.0,4.0,4.0,3.0,5,5,6,3,6,1,3,4,5,3,1,1,0,1,1,1,0,0,0,1,0,0,1,1,1,1,2,1,2,1,41,1,6,1,60,1,2,2
8460,5.0,4.0,2.0,2.0,4.0,1.0,1.0,5.0,4.0,3.0,1.0,5.0,4.0,3.0,4.0,2.0,1.0,4.0,5.0,1.0,1,2,7,6,6,6,5,1,5,6,1,1,0,1,1,0,0,0,0,1,0,0,1,1,1,1,3,2,2,1,32,1,2,1,60,1,3,2
8461,5.0,4.0,1.0,1.0,5.0,2.0,1.0,5.0,3.0,2.0,1.0,5.0,5.0,1.0,4.0,2.0,2.0,4.0,5.0,5.0,3,6,7,2,5,4,1,4,7,3,1,1,0,1,1,0,0,0,1,1,0,0,1,1,1,1,3,1,1,1,22,1,2,1,60,2,1,2
8462,3.0,5.0,3.0,2.0,5.0,1.0,1.0,2.0,1.0,1.0,1.0,5.0,4.0,3.0,5.0,1.0,1.0,5.0,5.0,3.0,4,5,4,5,5,6,2,1,5,2,1,1,1,1,1,0,0,1,0,1,1,1,1,1,1,1,3,3,2,1,20,1,4,1,70,2,1,2
8463,2.0,3.0,2.0,2.0,5.0,2.0,1.0,4.0,3.0,1.0,2.0,4.0,1.0,2.0,4.0,4.0,4.0,2.0,5.0,5.0,3,2,5,4,6,3,7,3,3,1,1,1,1,1,1,0,0,1,0,1,0,1,1,1,1,1,3,2,2,1,27,1,12,1,60,2,2,1
8464,2.0,2.0,4.0,5.0,1.0,1.0,1.0,1.0,5.0,4.0,2.0,2.0,1.0,2.0,4.0,3.0,5.0,2.0,5.0,1.0,7,2,5,3,6,2,7,5,5,1,1,1,1,1,1,0,1,1,0,1,1,0,1,1,1,1,4,2,1,1,54,1,9,3,60,1,1,2
8465,5.0,5.0,2.0,3.0,3.0,1.0,1.0,2.0,2.0,5.0,1.0,5.0,4.0,2.0,5.0,1.0,1.0,4.0,5.0,5.0,4,7,7,2,5,4,5,4,7,3,1,1,0,1,1,0,0,1,0,1,0,0,1,1,1,1,3,2,1,1,20,1,1,1,60,1,1,5
8466,5.0,5.0,5.0,5.0,4.0,1.0,4.0,5.0,5.0,4.0,4.0,5.0,3.0,4.0,4.0,4.0,2.0,5.0,3.0,4.0,2,6,7,2,6,6,7,1,6,3,1,1,1,1,1,0,0,1,0,1,0,0,0,1,1,1,2,2,2,1,25,2,4,1,60,1,1,1
8467,5.0,5.0,1.0,1.0,5.0,1.0,1.0,5.0,1.0,1.0,1.0,5.0,5.0,1.0,5.0,1.0,1.0,5.0,5.0,2.0,4,6,7,5,3,6,1,2,5,2,1,1,1,1,1,0,0,0,0,0,0,1,1,1,1,1,4,3,1,1,47,1,1,1,60,1,2,3
8468,1.0,3.0,2.0,4.0,2.0,4.0,4.0,2.0,5.0,4.0,3.0,2.0,1.0,4.0,2.0,4.0,2.0,3.0,4.0,1.0,6,4,6,2,6,1,7,1,6,2,1,1,1,1,0,0,0,0,0,1,1,0,1,1,1,1,3,2,2,1,59,1,4,1,60,1,2,4
8469,4.0,4.0,2.0,2.0,5.0,2.0,1.0,2.0,4.0,2.0,2.0,5.0,4.0,2.0,5.0,4.0,5.0,4.0,5.0,2.0,3,1,6,5,7,1,6,1,5,7,1,1,0,1,1,0,0,0,0,1,0,0,0,1,1,1,3,3,1,1,32,1,1,1,60,1,2,5
8470,3.0,3.0,4.0,4.0,4.0,3.0,5.0,2.0,4.0,4.0,2.0,2.0,2.0,3.0,3.0,4.0,4.0,2.0,5.0,2.0,6,6,3,6,6,3,5,2,7,5,0,0,0,0,0,0,0,0,0,0,0,0,0,0,0,0,2,1,2,1,38,1,1,1,60,2,3,3
8471,1.0,2.0,4.0,4.0,2.0,2.0,1.0,1.0,4.0,3.0,2.0,2.0,1.0,4.0,5.0,1.0,2.0,4.0,5.0,1.0,5,5,3,5,4,2,6,3,4,1,1,1,1,1,1,0,0,1,0,1,1,0,1,1,1,1,3,2,2,1,32,1,1,2,60,1,1,2
8472,2.0,3.0,2.0,4.0,2.0,2.0,1.0,4.0,4.0,4.0,1.0,5.0,3.0,2.0,5.0,1.0,1.0,2.0,4.0,1.0,6,5,6,2,7,3,5,1,6,1,1,1,1,1,1,0,1,1,0,1,0,0,1,1,1,1,4,2,1,1,56,1,6,1,0,1,2,4
8473,5.0,3.0,2.0,2.0,1.0,3.0,5.0,1.0,5.0,5.0,1.0,5.0,4.0,3.0,2.0,5.0,4.0,4.0,5.0,2.0,7,2,7,5,7,3,7,5,2,1,1,1,0,1,1,0,0,0,0,1,0,0,1,1,1,1,4,3,2,2,28,1,1,1,70,1,1,3
8474,5.0,2.0,2.0,1.0,4.0,1.0,1.0,1.0,4.0,2.0,1.0,5.0,4.0,2.0,4.0,2.0,2.0,4.0,5.0,2.0,3,5,6,5,5,6,6,4,4,2,1,1,1,1,1,0,1,1,0,1,1,0,1,1,1,1,3,2,2,1,34,1,4,1,60,1,1,2
8475,3.0,3.0,3.0,1.0,2.0,3.0,2.0,2.0,4.0,1.0,3.0,4.0,4.0,4.0,4.0,3.0,3.0,3.0,5.0,2.0,6,6,7,4,7,3,3,5,4,5,1,1,1,1,1,1,1,1,1,1,1,1,1,1,1,1,3,2,1,1,41,1,6,2,60,1,2,1
8476,5.0,4.0,1.0,1.0,5.0,1.0,1.0,3.0,5.0,1.0,1.0,5.0,1.0,1.0,3.0,1.0,5.0,5.0,5.0,5.0,1,4,7,3,2,7,4,1,6,2,1,1,1,1,1,0,1,1,0,1,1,0,1,1,1,1,4,3,1,1,67,1,2,1,60,1,2,1
8477,1.0,2.0,4.0,2.0,4.0,1.0,2.0,1.0,4.0,2.0,1.0,5.0,5.0,3.0,1.0,5.0,1.0,4.0,5.0,1.0,5,6,6,4,6,2,5,6,3,1,1,1,1,1,1,0,0,0,0,1,0,0,1,1,1,1,3,2,2,1,51,1,12,1,60,2,2,2
8478,1.0,3.0,1.0,4.0,4.0,2.0,1.0,2.0,2.0,2.0,2.0,5.0,1.0,3.0,3.0,2.0,1.0,4.0,5.0,1.0,2,6,5,3,6,7,5,2,6,1,1,1,0,1,1,0,1,1,0,1,1,0,1,1,1,1,3,2,1,2,42,1,1,1,60,1,1,2
8479,5.0,1.0,2.0,2.0,5.0,2.0,2.0,1.0,4.0,4.0,1.0,5.0,4.0,2.0,2.0,4.0,2.0,2.0,5.0,2.0,4,5,7,2,4,7,4,6,4,2,1,1,0,1,1,1,1,0,0,1,1,0,1,1,1,1,2,3,1,1,27,1,4,1,60,1,1,2
8480,2.0,4.0,2.0,3.0,2.0,2.0,2.0,2.0,4.0,1.0,1.0,5.0,1.0,2.0,4.0,3.0,2.0,4.0,5.0,1.0,3,4,5,6,5,7,5,5,3,3,1,1,0,1,1,0,0,0,0,1,1,0,1,1,1,1,3,1,1,1,32,1,1,1,60,1,1,2
8481,5.0,1.0,3.0,3.0,4.0,4.0,2.0,2.0,5.0,5.0,1.0,3.0,2.0,3.0,1.0,1.0,2.0,4.0,5.0,1.0,1,5,7,4,7,5,6,1,4,5,1,1,1,1,1,0,0,0,0,1,0,0,0,1,1,1,4,2,2,1,48,1,6,1,60,1,3,3
8482,1.0,2.0,4.0,5.0,1.0,4.0,4.0,5.0,5.0,5.0,1.0,2.0,5.0,3.0,5.0,5.0,1.0,5.0,5.0,5.0,4,5,6,6,7,5,7,6,6,7,1,1,1,1,1,0,0,0,0,1,1,1,1,1,1,1,3,2,1,1,41,1,1,1,60,1,1,3
8483,1.0,4.0,1.0,5.0,1.0,5.0,5.0,1.0,5.0,5.0,1.0,1.0,1.0,5.0,1.0,5.0,1.0,4.0,1.0,1.0,7,1,6,1,7,2,7,1,6,1,1,1,1,1,1,0,0,0,0,1,0,0,1,1,1,1,3,1,2,1,65,1,4,1,60,1,2,3
8484,4.0,2.0,2.0,3.0,4.0,1.0,2.0,2.0,4.0,5.0,1.0,2.0,2.0,2.0,2.0,4.0,3.0,4.0,5.0,1.0,3,6,7,5,6,3,5,5,4,2,1,1,1,1,1,0,0,0,0,1,0,0,1,1,1,1,4,3,2,1,59,1,1,1,70,1,2,3
8485,2.0,4.0,1.0,3.0,1.0,2.0,1.0,4.0,2.0,4.0,2.0,2.0,4.0,1.0,5.0,1.0,1.0,4.0,4.0,3.0,5,3,7,5,6,3,5,4,7,1,1,1,0,1,1,0,1,1,0,1,0,1,1,1,1,1,4,2,2,1,25,1,4,2,60,1,1,2
8486,5.0,5.0,2.0,1.0,4.0,2.0,1.0,5.0,3.0,3.0,1.0,5.0,5.0,1.0,3.0,1.0,4.0,5.0,5.0,4.0,3,7,7,5,6,1,4,1,6,2,1,1,0,1,1,0,0,0,0,1,0,0,1,1,1,1,3,1,2,1,43,1,4,1,60,2,3,3
8487,4.0,5.0,1.0,2.0,5.0,1.0,1.0,5.0,2.0,3.0,1.0,2.0,4.0,1.0,4.0,1.0,1.0,5.0,5.0,2.0,1,5,2,5,7,7,6,7,4,2,1,1,1,1,1,0,1,1,0,1,1,0,1,1,1,1,3,2,1,1,32,1,2,2,60,1,1,2
8488,4.0,3.0,2.0,3.0,4.0,2.0,1.0,2.0,5.0,2.0,1.0,2.0,3.0,2.0,5.0,2.0,3.0,4.0,4.0,2.0,6,7,7,2,5,1,7,1,4,1,0,0,0,0,0,0,0,0,0,0,0,0,0,0,0,0,2,3,2,1,26,2,7,1,60,2,1,1
8489,1.0,5.0,5.0,4.0,2.0,2.0,1.0,2.0,4.0,5.0,2.0,4.0,2.0,2.0,3.0,1.0,2.0,4.0,5.0,4.0,2,5,6,6,7,3,5,1,3,1,1,1,1,1,1,0,1,1,0,1,1,0,1,1,1,1,4,2,2,1,45,1,2,1,60,1,1,2
8490,5.0,4.0,4.0,1.0,4.0,1.0,1.0,4.0,4.0,1.0,1.0,5.0,4.0,2.0,2.0,1.0,2.0,4.0,5.0,3.0,2,5,6,5,6,5,5,5,5,5,1,1,1,1,1,0,0,1,0,1,0,0,1,1,1,1,0,3,2,1,29,3,2,4,60,1,1,3
8491,4.0,4.0,2.0,4.0,2.0,4.0,2.0,4.0,5.0,2.0,2.0,2.0,3.0,2.0,3.0,4.0,4.0,2.0,5.0,1.0,3,5,6,6,7,2,2,2,5,2,1,1,0,1,1,0,0,0,0,1,0,0,1,1,1,1,4,2,2,1,29,1,1,1,10,1,1,2
8492,1.0,1.0,5.0,4.0,3.0,5.0,5.0,1.0,5.0,5.0,1.0,3.0,2.0,4.0,3.0,5.0,1.0,1.0,5.0,3.0,7,1,7,1,7,1,7,2,7,2,1,1,1,1,1,1,1,0,1,1,0,1,1,1,1,1,3,2,2,1,46,1,6,1,60,2,2,3
8493,2.0,1.0,5.0,3.0,2.0,2.0,2.0,1.0,5.0,5.0,1.0,4.0,5.0,1.0,2.0,1.0,2.0,5.0,5.0,5.0,1,1,7,6,6,7,6,1,5,1,0,1,1,1,1,0,0,0,0,1,0,0,1,1,1,1,3,1,2,1,34,1,4,1,60,1,2,4
8494,2.0,4.0,5.0,4.0,5.0,2.0,2.0,2.0,4.0,2.0,1.0,5.0,1.0,2.0,3.0,2.0,1.0,2.0,1.0,1.0,6,5,6,2,6,1,6,2,2,5,1,1,0,1,1,0,0,1,0,1,0,0,1,1,1,1,4,2,1,1,63,1,6,1,60,1,2,2
8495,1.0,2.0,1.0,1.0,2.0,1.0,1.0,3.0,5.0,3.0,1.0,2.0,2.0,1.0,1.0,1.0,1.0,4.0,5.0,1.0,3,2,6,2,4,3,3,2,6,2,1,1,0,1,1,0,1,0,0,1,0,0,1,1,1,1,3,3,2,1,34,2,4,3,60,1,1,1
8496,3.0,4.0,2.0,1.0,5.0,1.0,4.0,4.0,4.0,2.0,1.0,5.0,5.0,1.0,4.0,1.0,1.0,4.0,5.0,5.0,2,5,6,6,6,3,1,2,3,4,1,1,1,1,1,0,0,0,0,1,1,0,1,1,1,1,3,2,2,1,34,1,1,1,60,1,2,2
8497,1.0,2.0,4.0,4.0,1.0,2.0,2.0,2.0,5.0,4.0,2.0,2.0,2.0,2.0,2.0,5.0,1.0,3.0,1.0,1.0,6,3,5,4,3,3,6,2,5,2,1,1,0,1,1,0,0,1,0,1,0,0,1,1,1,1,3,1,2,1,32,1,4,1,60,1,2,3
8498,1.0,1.0,2.0,4.0,5.0,2.0,1.0,1.0,5.0,2.0,1.0,3.0,2.0,4.0,1.0,1.0,1.0,3.0,4.0,2.0,3,1,6,1,7,2,5,3,6,1,1,1,1,1,1,0,1,1,0,1,0,0,1,1,1,1,4,2,2,1,57,1,9,1,30,0,2,3
8499,2.0,4.0,4.0,4.0,2.0,2.0,1.0,2.0,4.0,3.0,1.0,1.0,1.0,2.0,4.0,4.0,2.0,2.0,5.0,3.0,6,5,6,3,6,1,5,5,6,2,1,1,0,1,1,0,0,0,0,1,0,0,1,1,1,1,4,1,2,1,28,1,6,1,60,1,2,2
8500,2.0,2.0,2.0,3.0,3.0,2.0,2.0,5.0,4.0,3.0,2.0,4.0,1.0,2.0,1.0,2.0,1.0,1.0,5.0,2.0,2,5,6,1,7,6,4,1,6,4,1,1,0,1,1,0,1,1,0,1,0,0,1,1,1,1,3,2,1,1,29,2,1,1,60,2,2,2
8501,2.0,2.0,4.0,4.0,3.0,4.0,3.0,2.0,5.0,5.0,4.0,2.0,1.0,4.0,1.0,4.0,2.0,4.0,5.0,1.0,6,1,6,1,6,2,6,2,7,2,1,1,1,1,1,0,1,0,0,1,1,0,1,0,1,1,3,2,1,1,54,1,6,1,60,2,2,2
8502,3.0,4.0,5.0,4.0,4.0,4.0,4.0,4.0,5.0,4.0,4.0,5.0,1.0,4.0,5.0,4.0,4.0,5.0,5.0,2.0,5,2,6,2,6,3,4,3,5,5,1,1,1,1,1,0,0,0,0,1,0,0,1,1,1,1,2,0,2,1,50,1,1,1,60,2,2,0
8503,4.0,1.0,1.0,2.0,5.0,1.0,1.0,2.0,2.0,2.0,1.0,4.0,2.0,1.0,2.0,1.0,2.0,4.0,5.0,2.0,7,7,7,5,3,1,3,1,6,5,1,1,1,1,1,0,0,1,0,1,0,0,1,1,1,1,4,2,2,1,51,1,2,1,60,1,2,3
8504,2.0,2.0,4.0,2.0,2.0,2.0,2.0,3.0,4.0,3.0,2.0,4.0,4.0,2.0,4.0,1.0,2.0,4.0,4.0,1.0,3,5,6,2,6,6,4,1,6,4,1,1,1,1,1,0,1,1,0,1,1,0,1,1,1,1,3,2,1,1,49,1,2,1,60,1,2,2
8505,2.0,1.0,5.0,3.0,4.0,4.0,4.0,2.0,5.0,5.0,2.0,4.0,3.0,3.0,3.0,2.0,3.0,3.0,5.0,1.0,1,5,6,5,6,7,5,3,5,5,1,1,0,1,1,0,0,0,0,1,0,0,1,1,1,1,3,1,1,1,37,1,7,1,60,2,2,3
8506,1.0,2.0,2.0,4.0,1.0,5.0,5.0,3.0,5.0,4.0,1.0,5.0,3.0,2.0,1.0,2.0,1.0,4.0,5.0,1.0,1,1,6,1,7,5,7,4,5,4,1,1,1,1,1,0,0,1,0,1,0,0,1,1,1,1,4,2,2,1,27,1,1,1,60,2,1,6
8507,1.0,2.0,4.0,4.0,2.0,1.0,4.0,2.0,5.0,5.0,1.0,2.0,3.0,3.0,1.0,5.0,1.0,4.0,5.0,1.0,1,7,6,1,7,1,6,5,7,4,1,1,0,1,1,0,0,0,0,1,0,1,1,1,1,1,2,3,1,1,34,1,2,1,60,2,1,3
8508,1.0,2.0,5.0,5.0,3.0,4.0,4.0,1.0,5.0,5.0,2.0,4.0,4.0,4.0,4.0,2.0,2.0,2.0,5.0,1.0,3,1,7,2,6,5,7,2,6,2,1,1,1,1,1,0,1,1,0,1,0,0,1,1,1,1,4,2,2,1,51,1,6,2,60,1,1,2
8509,4.0,4.0,3.0,1.0,5.0,1.0,1.0,4.0,3.0,2.0,2.0,5.0,4.0,2.0,4.0,2.0,2.0,5.0,5.0,2.0,2,5,5,3,6,5,6,5,6,5,1,1,0,1,1,0,0,1,0,1,0,0,1,1,1,1,2,2,1,1,20,1,1,1,60,1,1,3
8510,2.0,1.0,3.0,2.0,4.0,3.0,2.0,4.0,4.0,4.0,2.0,5.0,2.0,2.0,4.0,3.0,3.0,2.0,4.0,2.0,2,7,4,5,5,6,3,2,3,6,1,1,0,1,1,1,0,1,0,1,0,0,1,1,1,1,2,2,1,1,27,1,1,1,60,1,1,2
8511,3.0,4.0,4.0,4.0,4.0,2.0,2.0,2.0,5.0,4.0,2.0,5.0,1.0,4.0,4.0,2.0,3.0,2.0,4.0,1.0,2,2,6,5,5,5,6,1,5,4,1,1,0,0,1,0,0,0,0,1,0,0,1,1,1,1,4,1,2,1,33,1,7,1,30,1,1,2
8512,5.0,1.0,4.0,1.0,5.0,5.0,5.0,5.0,5.0,5.0,1.0,2.0,3.0,3.0,1.0,5.0,1.0,5.0,5.0,1.0,4,2,6,5,2,4,3,5,3,6,1,1,0,1,1,0,0,0,0,1,0,0,0,1,1,1,3,1,1,1,44,1,6,1,60,1,2,3
8513,4.0,2.0,1.0,2.0,5.0,1.0,1.0,5.0,2.0,5.0,1.0,5.0,4.0,2.0,4.0,4.0,1.0,1.0,5.0,4.0,3,7,7,6,2,3,5,1,5,7,1,1,1,1,1,0,1,1,0,1,0,1,1,1,0,1,4,2,2,1,45,1,7,1,60,1,1,2
8514,4.0,4.0,2.0,2.0,2.0,2.0,2.0,4.0,4.0,4.0,4.0,5.0,4.0,1.0,4.0,4.0,1.0,4.0,5.0,2.0,2,5,4,2,5,6,3,3,6,3,1,1,1,1,1,0,1,1,0,1,0,0,1,1,1,1,4,2,1,1,46,1,12,1,60,1,2,2
8515,1.0,4.0,2.0,4.0,1.0,2.0,2.0,2.0,5.0,4.0,2.0,5.0,1.0,3.0,4.0,2.0,2.0,1.0,5.0,2.0,5,5,6,3,3,5,6,5,6,5,1,1,0,1,1,0,0,1,0,1,0,0,1,1,1,1,4,1,2,1,48,1,7,1,60,1,3,4
8516,2.0,2.0,5.0,3.0,3.0,1.0,1.0,1.0,5.0,3.0,2.0,2.0,1.0,3.0,5.0,1.0,2.0,1.0,5.0,2.0,1,5,7,6,5,7,7,1,6,5,1,1,0,1,1,0,0,0,0,1,0,0,1,1,1,1,4,2,2,1,47,1,2,1,60,1,2,2
8517,2.0,1.0,4.0,4.0,2.0,2.0,2.0,4.0,5.0,4.0,2.0,2.0,1.0,2.0,1.0,5.0,3.0,1.0,1.0,1.0,2,5,6,1,5,6,3,1,6,3,1,1,1,1,1,0,0,0,0,1,0,0,1,1,1,1,4,1,2,1,48,1,6,1,60,1,2,1
8518,1.0,1.0,1.0,4.0,2.0,5.0,2.0,1.0,5.0,5.0,2.0,1.0,1.0,2.0,4.0,5.0,3.0,4.0,5.0,1.0,4,6,7,2,5,4,7,1,7,2,1,1,1,1,1,1,0,1,0,1,0,1,1,1,1,1,3,2,2,1,61,2,4,1,60,1,3,3
8519,1.0,3.0,2.0,2.0,2.0,3.0,2.0,2.0,3.0,5.0,2.0,1.0,2.0,1.0,4.0,4.0,4.0,3.0,5.0,1.0,2,3,5,3,6,6,7,2,5,7,1,1,1,1,1,0,0,0,0,1,0,0,1,1,1,1,3,2,2,1,25,1,2,1,60,2,2,3
8520,2.0,4.0,3.0,2.0,5.0,1.0,1.0,2.0,2.0,2.0,1.0,4.0,4.0,1.0,4.0,4.0,1.0,2.0,5.0,1.0,5,5,7,2,7,3,2,1,3,3,1,1,0,1,1,0,0,0,0,1,0,0,0,1,1,0,2,1,2,1,42,1,7,1,60,2,2,4
8521,5.0,3.0,4.0,4.0,5.0,1.0,2.0,2.0,5.0,1.0,1.0,2.0,4.0,3.0,3.0,2.0,3.0,5.0,4.0,3.0,1,5,4,6,5,6,5,3,4,5,1,1,1,1,1,0,1,1,0,1,0,0,1,1,1,1,4,1,2,1,50,1,6,1,60,1,2,2
8522,4.0,5.0,3.0,2.0,4.0,4.0,1.0,3.0,5.0,3.0,1.0,4.0,1.0,1.0,1.0,1.0,1.0,4.0,5.0,5.0,1,2,6,6,6,6,6,2,4,1,1,1,0,1,1,0,0,0,0,1,0,0,1,1,1,1,3,2,1,1,24,1,2,1,60,1,1,2
8523,4.0,4.0,2.0,3.0,4.0,1.0,2.0,4.0,3.0,2.0,2.0,1.0,2.0,3.0,2.0,2.0,3.0,4.0,5.0,4.0,6,5,5,3,5,3,6,1,6,1,1,1,0,1,1,0,0,0,0,1,0,0,1,1,1,1,4,1,2,1,32,1,6,1,60,1,2,3
8524,2.0,5.0,2.0,3.0,1.0,1.0,1.0,3.0,5.0,5.0,1.0,2.0,2.0,2.0,1.0,1.0,2.0,4.0,5.0,2.0,1,6,7,2,6,5,2,1,5,2,1,1,1,1,1,1,0,1,0,1,1,0,1,1,1,1,3,2,2,1,35,1,2,1,60,1,1,2
8525,4.0,4.0,2.0,5.0,2.0,1.0,1.0,4.0,4.0,2.0,2.0,2.0,2.0,3.0,4.0,3.0,1.0,4.0,5.0,1.0,7,3,6,2,7,1,7,2,6,2,1,1,0,1,1,0,1,0,0,1,0,0,0,1,1,1,4,2,1,1,44,1,2,1,60,1,2,1
8526,1.0,1.0,5.0,2.0,1.0,4.0,5.0,1.0,5.0,3.0,4.0,4.0,4.0,3.0,2.0,3.0,5.0,4.0,4.0,1.0,6,3,7,3,5,2,6,1,6,3,1,1,0,1,1,0,0,0,0,1,0,1,1,1,1,1,3,2,2,1,38,1,6,1,60,1,2,3
8527,2.0,5.0,3.0,3.0,2.0,2.0,1.0,2.0,5.0,4.0,1.0,5.0,2.0,3.0,2.0,2.0,1.0,4.0,5.0,4.0,0,0,7,0,0,0,0,0,0,0,1,1,0,1,1,0,0,0,0,1,0,0,1,1,1,1,3,3,2,1,52,1,7,1,60,1,2,3
8528,2.0,3.0,5.0,3.0,5.0,1.0,1.0,4.0,5.0,5.0,2.0,3.0,1.0,3.0,4.0,5.0,1.0,4.0,5.0,3.0,4,3,4,7,2,2,6,3,3,4,1,1,0,1,1,0,0,0,0,1,0,0,1,1,1,1,4,2,1,1,57,1,7,1,60,1,2,0
8529,1.0,1.0,1.0,5.0,2.0,5.0,4.0,5.0,5.0,5.0,2.0,1.0,1.0,2.0,1.0,4.0,5.0,2.0,5.0,1.0,7,6,7,2,7,1,7,1,7,2,1,1,0,1,1,0,0,0,0,1,0,0,1,1,1,1,4,2,2,1,42,1,12,1,60,1,1,5
8530,1.0,3.0,3.0,2.0,4.0,1.0,1.0,4.0,5.0,3.0,2.0,1.0,1.0,1.0,3.0,5.0,4.0,3.0,5.0,1.0,6,4,5,7,7,5,7,5,3,1,1,1,1,1,1,0,1,1,0,1,1,0,1,1,1,1,2,2,2,1,21,3,7,1,60,1,1,3
8531,2.0,2.0,2.0,5.0,2.0,2.0,4.0,2.0,5.0,4.0,2.0,5.0,5.0,1.0,4.0,3.0,2.0,4.0,4.0,1.0,6,4,6,5,5,3,6,2,4,3,1,1,1,1,1,0,1,1,0,1,1,0,1,1,1,1,3,3,2,1,56,1,6,1,70,1,2,2
8532,5.0,2.0,2.0,2.0,2.0,4.0,1.0,4.0,4.0,2.0,1.0,4.0,1.0,4.0,4.0,1.0,4.0,4.0,4.0,1.0,5,3,5,3,7,5,6,5,6,6,1,1,1,1,1,0,0,1,0,1,0,1,0,1,1,1,4,2,2,1,44,1,7,1,50,1,2,2
8533,5.0,2.0,1.0,5.0,5.0,4.0,5.0,1.0,5.0,5.0,2.0,1.0,3.0,4.0,2.0,2.0,4.0,2.0,4.0,1.0,6,2,7,3,5,2,7,1,6,2,1,1,1,1,1,0,0,1,0,1,0,0,1,0,1,1,4,3,2,1,61,1,4,1,60,1,0,2
8534,4.0,5.0,2.0,2.0,2.0,1.0,1.0,3.0,3.0,2.0,1.0,2.0,2.0,1.0,4.0,1.0,1.0,4.0,5.0,1.0,3,2,6,1,7,2,7,2,7,2,1,1,1,1,1,0,1,1,0,1,1,0,1,1,1,1,3,1,2,1,45,1,2,1,60,1,3,4
8535,1.0,1.0,2.0,5.0,1.0,2.0,2.0,2.0,5.0,5.0,1.0,1.0,4.0,2.0,2.0,4.0,1.0,1.0,5.0,1.0,7,1,7,1,7,1,7,3,6,1,1,1,1,1,1,0,0,0,0,1,1,0,1,1,1,1,3,2,2,1,70,1,12,1,60,1,2,1
8536,2.0,4.0,2.0,2.0,2.0,1.0,1.0,4.0,3.0,5.0,1.0,1.0,4.0,1.0,4.0,1.0,1.0,4.0,5.0,1.0,1,5,6,7,5,3,6,5,2,1,1,1,0,1,1,0,0,0,0,1,0,0,0,1,1,1,3,2,2,1,29,1,2,1,60,2,1,2
8537,1.0,1.0,2.0,5.0,4.0,4.0,1.0,2.0,5.0,5.0,1.0,1.0,3.0,1.0,5.0,5.0,5.0,2.0,5.0,1.0,6,6,6,1,6,1,5,1,6,2,1,1,1,1,1,1,1,0,0,1,0,0,1,1,1,1,3,1,2,1,46,1,12,1,60,1,2,3
8538,4.0,2.0,3.0,2.0,4.0,2.0,2.0,4.0,3.0,2.0,2.0,5.0,4.0,1.0,5.0,1.0,2.0,5.0,5.0,2.0,4,5,3,6,4,3,5,3,3,3,1,1,0,1,1,0,0,0,0,1,0,0,1,1,1,1,3,3,1,1,41,1,2,1,60,1,2,2
8539,2.0,3.0,3.0,4.0,5.0,2.0,1.0,1.0,5.0,4.0,2.0,5.0,1.0,4.0,4.0,4.0,2.0,4.0,5.0,2.0,6,6,6,2,5,3,6,2,6,3,1,1,1,1,1,0,0,1,0,1,0,0,1,0,1,1,3,2,1,1,56,1,6,1,60,1,2,2
8540,5.0,2.0,1.0,1.0,5.0,1.0,1.0,5.0,4.0,2.0,1.0,4.0,4.0,1.0,1.0,1.0,1.0,2.0,5.0,4.0,3,2,6,1,7,6,6,1,7,1,1,1,1,1,1,1,0,1,0,1,1,1,1,1,1,1,0,2,2,1,44,2,12,1,70,2,3,2
8541,2.0,3.0,2.0,2.0,2.0,3.0,1.0,4.0,4.0,2.0,1.0,2.0,2.0,1.0,4.0,1.0,2.0,3.0,5.0,1.0,2,1,7,3,4,5,6,2,7,6,1,1,0,1,1,0,1,1,0,1,0,0,1,1,1,1,4,1,1,1,28,1,4,1,60,1,2,2
8542,4.0,4.0,4.0,4.0,4.0,1.0,1.0,4.0,4.0,2.0,1.0,4.0,4.0,2.0,4.0,1.0,2.0,5.0,5.0,2.0,2,6,3,6,6,7,6,7,2,5,1,1,1,1,1,0,0,1,1,1,1,1,1,1,1,1,2,2,3,1,18,1,6,5,60,1,1,4
8543,1.0,2.0,2.0,4.0,1.0,2.0,2.0,3.0,5.0,5.0,3.0,2.0,1.0,3.0,1.0,5.0,3.0,2.0,3.0,1.0,4,4,7,1,5,5,2,5,7,3,1,1,1,1,1,0,1,0,0,1,0,0,1,1,1,1,4,3,1,1,47,1,5,1,60,1,2,4
8544,5.0,1.0,2.0,4.0,1.0,1.0,1.0,3.0,5.0,2.0,4.0,1.0,1.0,2.0,5.0,5.0,3.0,2.0,5.0,1.0,7,1,7,6,5,3,6,3,5,2,1,1,0,1,1,0,0,0,0,1,0,1,0,1,1,1,3,2,2,1,23,1,6,1,60,1,1,2
8545,5.0,5.0,1.0,1.0,5.0,1.0,1.0,5.0,5.0,1.0,1.0,5.0,5.0,1.0,5.0,1.0,1.0,5.0,5.0,1.0,1,7,7,7,7,7,1,1,7,7,1,1,0,1,1,0,1,0,0,1,0,0,1,1,1,1,4,3,1,1,50,1,9,1,60,1,2,3
8546,5.0,4.0,1.0,2.0,5.0,1.0,1.0,2.0,1.0,2.0,1.0,5.0,3.0,1.0,5.0,1.0,2.0,4.0,5.0,3.0,3,4,5,1,6,5,5,1,6,3,1,1,1,1,1,0,0,1,0,1,0,1,1,1,1,1,3,2,2,1,27,1,2,1,70,1,2,1
8547,3.0,1.0,2.0,1.0,5.0,4.0,2.0,3.0,2.0,3.0,2.0,4.0,4.0,4.0,2.0,1.0,1.0,3.0,5.0,2.0,2,6,4,7,3,7,4,2,1,3,1,1,0,1,1,0,0,0,0,1,0,0,0,1,1,1,2,2,3,1,20,1,2,2,60,1,1,2
8548,2.0,1.0,4.0,2.0,4.0,1.0,2.0,5.0,5.0,1.0,4.0,5.0,1.0,1.0,3.0,2.0,2.0,2.0,5.0,2.0,5,6,6,3,7,1,3,6,3,1,1,1,0,1,1,0,0,0,0,1,0,0,1,1,1,1,3,2,1,1,32,1,1,1,60,1,2,2
8549,4.0,2.0,4.0,3.0,4.0,4.0,2.0,1.0,5.0,5.0,2.0,4.0,1.0,2.0,1.0,2.0,2.0,4.0,1.0,1.0,4,6,3,6,2,5,3,5,6,2,1,1,1,1,1,0,0,0,0,1,0,0,0,1,1,1,2,2,2,1,65,1,7,1,60,1,3,1
8550,2.0,2.0,3.0,5.0,2.0,3.0,4.0,1.0,5.0,5.0,4.0,2.0,1.0,4.0,3.0,4.0,4.0,2.0,5.0,1.0,1,4,6,4,5,5,6,6,5,3,1,1,0,1,1,1,0,0,0,1,0,0,1,1,1,1,2,3,1,1,24,1,7,1,70,1,2,3
8551,5.0,4.0,4.0,2.0,2.0,2.0,1.0,5.0,5.0,2.0,2.0,4.0,1.0,2.0,5.0,4.0,1.0,2.0,5.0,1.0,6,2,5,3,1,6,5,5,7,7,1,1,0,1,1,0,0,0,0,1,0,1,0,1,1,1,4,3,2,1,65,1,4,1,60,1,3,2
8552,4.0,2.0,4.0,4.0,2.0,2.0,2.0,4.0,5.0,4.0,2.0,4.0,1.0,3.0,3.0,3.0,2.0,4.0,5.0,2.0,2,2,5,5,6,7,6,4,7,2,1,1,1,1,1,0,0,1,0,1,0,1,1,1,1,1,3,2,1,1,39,1,4,1,60,2,1,3
8553,4.0,1.0,5.0,4.0,1.0,4.0,2.0,5.0,5.0,5.0,1.0,5.0,1.0,2.0,4.0,4.0,1.0,1.0,5.0,5.0,7,1,7,6,1,6,6,1,2,4,1,1,1,1,1,0,0,0,0,1,0,0,1,1,1,1,4,2,2,1,71,1,6,1,60,1,2,1
8554,3.0,4.0,5.0,4.0,4.0,4.0,2.0,2.0,5.0,5.0,2.0,4.0,1.0,1.0,4.0,5.0,2.0,2.0,4.0,1.0,4,6,3,2,6,7,5,3,5,1,1,0,0,1,1,0,0,0,0,1,0,0,0,0,1,1,2,1,1,1,28,1,12,1,70,1,1,2
8555,4.0,4.0,4.0,2.0,2.0,2.0,2.0,5.0,5.0,2.0,3.0,4.0,3.0,2.0,4.0,2.0,2.0,2.0,4.0,1.0,2,1,6,2,6,3,6,2,6,1,1,1,1,1,1,0,0,0,0,1,0,0,1,1,1,1,3,2,2,1,22,1,6,1,60,1,1,2
8556,5.0,5.0,1.0,1.0,5.0,1.0,1.0,5.0,1.0,1.0,1.0,5.0,5.0,1.0,5.0,1.0,1.0,5.0,5.0,5.0,4,4,4,4,4,4,4,4,4,4,1,1,1,1,1,1,1,0,0,1,0,1,1,1,1,1,4,3,1,1,52,1,6,1,60,1,2,1
8557,5.0,5.0,1.0,1.0,5.0,2.0,1.0,5.0,5.0,1.0,1.0,4.0,4.0,1.0,5.0,2.0,1.0,5.0,5.0,1.0,1,5,7,1,6,4,3,1,7,1,1,1,1,1,1,0,0,0,0,1,0,1,1,1,1,1,3,3,1,1,45,1,1,1,60,1,2,5
8558,4.0,5.0,2.0,4.0,4.0,4.0,4.0,4.0,4.0,4.0,2.0,4.0,4.0,2.0,5.0,4.0,1.0,2.0,5.0,1.0,6,1,6,3,4,3,6,2,6,5,1,1,1,1,1,0,1,1,0,1,0,0,1,1,1,1,4,2,2,1,51,1,6,1,60,1,2,3
8559,1.0,4.0,3.0,4.0,2.0,2.0,1.0,4.0,4.0,2.0,1.0,3.0,1.0,1.0,4.0,2.0,3.0,2.0,4.0,1.0,1,2,4,6,5,4,7,3,4,1,1,1,0,1,1,0,0,0,0,1,1,0,1,1,1,1,3,2,2,1,22,1,6,2,60,1,1,2
8560,1.0,5.0,2.0,5.0,4.0,1.0,1.0,2.0,5.0,2.0,1.0,4.0,1.0,1.0,5.0,1.0,1.0,2.0,5.0,3.0,2,1,7,2,5,5,7,1,6,3,1,1,0,1,1,0,1,0,0,1,0,0,1,1,1,1,3,2,1,1,31,1,1,2,60,1,2,3
8561,5.0,4.0,1.0,1.0,4.0,1.0,1.0,5.0,3.0,4.0,1.0,5.0,4.0,1.0,3.0,1.0,1.0,1.0,3.0,1.0,6,3,4,1,7,3,5,1,5,5,1,1,1,1,1,0,0,0,0,1,0,1,1,1,1,1,3,3,1,1,35,3,6,1,60,1,2,3
8562,4.0,4.0,1.0,5.0,2.0,1.0,1.0,1.0,5.0,4.0,1.0,1.0,2.0,2.0,1.0,5.0,2.0,4.0,5.0,1.0,0,1,6,2,7,5,7,5,7,3,1,1,1,1,1,0,0,0,0,1,0,0,1,1,1,1,3,2,2,1,50,1,4,1,60,1,2,2
8563,5.0,5.0,5.0,1.0,5.0,1.0,1.0,2.0,5.0,1.0,1.0,5.0,5.0,5.0,5.0,1.0,1.0,1.0,5.0,1.0,7,7,7,6,7,4,7,1,4,1,1,1,1,1,1,1,0,1,1,1,0,1,1,1,1,1,4,3,2,1,30,2,6,1,60,1,2,2
8564,1.0,1.0,5.0,5.0,5.0,4.0,2.0,1.0,5.0,1.0,1.0,5.0,1.0,3.0,3.0,4.0,1.0,1.0,3.0,1.0,1,1,7,7,4,7,4,2,4,4,1,1,0,1,1,0,0,0,0,1,0,0,1,1,1,1,4,3,2,1,36,1,6,1,60,1,2,3
8565,1.0,1.0,4.0,5.0,2.0,2.0,2.0,1.0,5.0,2.0,2.0,1.0,1.0,2.0,3.0,2.0,2.0,2.0,5.0,1.0,2,5,6,2,5,5,6,1,6,4,1,1,0,1,1,0,0,0,0,1,0,0,1,1,1,1,4,2,2,1,30,1,2,1,60,1,1,3
8566,2.0,1.0,2.0,3.0,1.0,2.0,2.0,1.0,5.0,4.0,1.0,2.0,1.0,3.0,2.0,4.0,1.0,5.0,5.0,4.0,1,5,5,2,6,5,7,6,6,6,1,1,0,1,1,0,0,0,0,1,0,0,1,1,1,1,3,2,1,1,56,1,4,1,60,1,2,4
8567,3.0,3.0,4.0,5.0,3.0,1.0,1.0,2.0,5.0,4.0,2.0,1.0,4.0,3.0,1.0,2.0,3.0,3.0,5.0,4.0,6,5,5,5,5,2,5,2,4,5,1,1,1,1,1,1,0,1,0,1,0,1,1,1,1,1,3,1,2,1,26,1,2,1,60,1,1,2
8568,5.0,4.0,1.0,1.0,4.0,1.0,2.0,1.0,3.0,2.0,1.0,4.0,5.0,3.0,5.0,2.0,4.0,3.0,5.0,2.0,6,5,4,1,6,1,5,1,3,1,1,1,0,1,1,0,0,0,0,1,1,0,0,1,1,1,4,2,2,1,34,1,1,2,60,2,1,2
8569,4.0,5.0,2.0,2.0,5.0,4.0,2.0,4.0,4.0,4.0,1.0,4.0,4.0,4.0,4.0,4.0,2.0,5.0,5.0,1.0,6,5,6,3,7,1,6,6,5,2,0,1,0,1,0,0,0,0,0,1,0,0,0,1,1,1,3,1,2,2,28,1,2,1,60,2,3,4
8570,3.0,1.0,4.0,4.0,4.0,4.0,4.0,5.0,5.0,5.0,4.0,1.0,2.0,3.0,2.0,4.0,2.0,3.0,5.0,3.0,7,3,6,3,6,4,6,2,5,2,1,1,0,1,1,0,0,0,0,1,0,0,1,1,1,1,3,3,2,2,30,1,3,1,10,2,1,3
8571,4.0,4.0,1.0,2.0,4.0,1.0,1.0,2.0,2.0,2.0,1.0,3.0,1.0,1.0,4.0,1.0,1.0,4.0,4.0,4.0,2,3,5,5,6,7,6,5,5,2,1,1,1,1,1,1,1,1,0,1,1,0,1,1,1,1,3,3,1,1,60,1,2,3,60,1,1,4
8572,4.0,5.0,2.0,2.0,5.0,2.0,1.0,5.0,5.0,4.0,1.0,5.0,1.0,1.0,5.0,1.0,1.0,5.0,5.0,5.0,6,7,7,6,3,5,3,1,5,6,1,1,0,1,1,0,0,1,0,1,0,0,1,1,1,1,3,1,2,2,32,1,4,1,60,1,1,2
8573,2.0,1.0,1.0,2.0,2.0,4.0,2.0,2.0,4.0,4.0,2.0,4.0,2.0,5.0,1.0,4.0,5.0,3.0,3.0,2.0,3,3,6,2,5,3,6,3,6,6,0,1,0,1,1,1,0,0,0,1,0,1,1,1,1,1,4,2,2,1,26,1,4,2,60,2,1,3
8574,1.0,1.0,5.0,5.0,3.0,3.0,1.0,1.0,5.0,5.0,3.0,3.0,1.0,3.0,3.0,2.0,5.0,4.0,5.0,1.0,4,1,7,2,6,4,7,2,6,4,1,1,1,1,1,0,0,0,0,1,0,0,1,1,1,1,3,2,1,1,58,1,4,1,60,1,2,4
8575,5.0,1.0,1.0,2.0,5.0,5.0,5.0,4.0,5.0,5.0,1.0,4.0,5.0,5.0,1.0,5.0,1.0,1.0,5.0,1.0,1,6,7,1,6,7,7,1,6,1,1,1,0,1,1,0,0,0,0,1,0,0,0,1,1,1,3,3,2,1,56,1,6,1,60,1,2,2
8576,1.0,2.0,3.0,5.0,2.0,4.0,1.0,1.0,5.0,5.0,1.0,2.0,2.0,4.0,2.0,4.0,1.0,1.0,5.0,1.0,6,2,7,2,2,2,7,1,7,3,1,1,0,1,1,0,0,0,0,1,0,0,0,1,1,1,3,3,2,1,50,1,7,2,60,2,3,3
8577,2.0,1.0,5.0,4.0,2.0,4.0,5.0,5.0,5.0,5.0,2.0,5.0,1.0,2.0,1.0,5.0,5.0,2.0,4.0,2.0,5,5,7,1,6,7,5,1,7,1,1,0,0,1,1,0,0,0,0,1,0,0,0,0,1,1,4,1,1,1,37,2,4,1,60,1,2,3
8578,5.0,4.0,1.0,3.0,5.0,3.0,1.0,4.0,5.0,3.0,1.0,5.0,5.0,2.0,4.0,4.0,1.0,5.0,5.0,1.0,6,2,7,5,6,1,7,6,3,5,1,1,0,1,1,0,0,0,0,1,0,0,1,1,1,1,3,3,1,1,31,1,12,1,60,2,1,3
8579,1.0,1.0,4.0,1.0,2.0,5.0,3.0,1.0,3.0,5.0,3.0,1.0,1.0,5.0,1.0,5.0,1.0,1.0,2.0,1.0,2,2,5,5,6,5,7,3,3,1,1,1,1,1,1,0,1,1,0,1,1,0,1,1,1,1,3,2,2,1,24,3,3,1,70,1,1,2
8580,2.0,3.0,2.0,4.0,2.0,4.0,1.0,2.0,5.0,4.0,1.0,4.0,2.0,3.0,3.0,5.0,1.0,4.0,5.0,3.0,2,2,5,5,5,7,6,3,6,5,1,1,1,1,1,0,0,0,0,1,0,0,1,1,1,1,4,2,2,1,34,2,4,1,60,1,1,2
8581,3.0,4.0,5.0,2.0,4.0,1.0,1.0,5.0,5.0,2.0,1.0,4.0,4.0,1.0,4.0,1.0,1.0,3.0,5.0,5.0,4,5,6,6,5,2,5,0,3,4,1,1,1,1,1,0,1,1,0,1,1,0,1,1,1,1,3,3,1,1,59,1,1,2,60,1,2,5
8582,4.0,4.0,1.0,1.0,5.0,1.0,1.0,5.0,1.0,4.0,1.0,4.0,4.0,2.0,4.0,1.0,1.0,5.0,5.0,4.0,3,5,3,2,5,6,5,5,3,3,1,1,0,1,1,0,0,0,0,0,0,0,1,1,1,0,1,2,1,0,16,1,4,1,60,2,1,1
8583,1.0,1.0,4.0,4.0,2.0,2.0,1.0,2.0,5.0,2.0,5.0,5.0,1.0,4.0,1.0,5.0,4.0,1.0,5.0,1.0,3,3,6,1,6,7,6,5,6,5,1,1,1,1,1,0,0,1,0,1,0,0,1,1,1,1,4,2,2,1,54,1,6,1,60,1,3,2
8584,4.0,3.0,3.0,5.0,2.0,2.0,1.0,4.0,4.0,2.0,4.0,3.0,2.0,2.0,5.0,2.0,3.0,4.0,4.0,1.0,3,5,6,6,5,4,5,5,4,3,1,1,0,1,1,0,0,0,0,1,0,1,1,1,1,1,3,2,2,1,25,1,9,0,60,1,1,2
8585,3.0,1.0,2.0,2.0,2.0,2.0,1.0,4.0,4.0,2.0,1.0,1.0,2.0,1.0,5.0,4.0,4.0,5.0,5.0,1.0,5,6,7,1,6,3,6,7,7,1,1,1,1,1,1,0,0,0,0,1,0,0,1,1,1,1,2,3,1,1,40,1,12,1,60,1,3,4
8586,5.0,1.0,2.0,3.0,5.0,4.0,5.0,4.0,5.0,1.0,1.0,5.0,1.0,4.0,4.0,5.0,1.0,2.0,5.0,1.0,3,5,7,7,5,5,7,1,5,2,1,1,0,1,1,0,0,0,0,1,0,0,0,1,1,1,3,3,2,1,30,1,7,1,60,1,2,3
8587,4.0,4.0,5.0,4.0,4.0,2.0,2.0,1.0,5.0,3.0,1.0,4.0,2.0,2.0,4.0,3.0,2.0,5.0,5.0,1.0,3,4,6,5,7,5,5,5,3,1,0,0,0,0,1,0,0,0,0,1,0,0,0,0,0,1,2,3,2,1,20,1,1,1,60,1,1,3
8588,1.0,3.0,5.0,4.0,1.0,2.0,2.0,3.0,3.0,4.0,2.0,3.0,4.0,2.0,2.0,2.0,1.0,4.0,5.0,1.0,1,2,4,5,4,3,6,4,1,4,1,1,0,1,1,0,0,0,0,1,0,0,0,1,1,1,2,1,2,1,19,1,2,1,60,1,1,2
8589,4.0,5.0,1.0,2.0,5.0,1.0,1.0,3.0,3.0,4.0,2.0,5.0,5.0,1.0,5.0,3.0,1.0,4.0,5.0,3.0,2,4,6,5,3,5,5,5,3,5,1,1,0,1,1,0,0,0,0,0,0,0,0,1,1,1,4,3,1,1,46,1,7,1,60,1,2,1
8590,2.0,2.0,1.0,4.0,2.0,4.0,2.0,1.0,5.0,4.0,2.0,4.0,1.0,4.0,4.0,4.0,3.0,2.0,5.0,1.0,3,5,6,2,7,5,6,3,6,3,1,1,1,1,1,0,0,1,0,1,1,1,1,1,1,1,4,2,2,1,30,1,1,1,60,1,1,3
8591,1.0,1.0,5.0,5.0,3.0,4.0,4.0,1.0,5.0,5.0,4.0,5.0,1.0,2.0,1.0,5.0,4.0,1.0,1.0,1.0,1,5,7,6,5,7,5,3,3,1,1,1,1,1,1,0,1,1,0,1,0,1,1,1,1,1,4,2,2,1,25,1,8,1,10,1,1,2
8592,2.0,4.0,4.0,4.0,1.0,2.0,2.0,1.0,5.0,4.0,1.0,4.0,2.0,4.0,4.0,2.0,2.0,3.0,5.0,1.0,3,1,6,5,3,5,7,2,6,6,1,1,1,1,1,0,0,0,0,1,0,0,1,1,1,1,4,1,2,1,46,1,1,1,60,1,2,4
8593,4.0,1.0,5.0,4.0,5.0,2.0,4.0,2.0,5.0,2.0,2.0,4.0,5.0,4.0,4.0,2.0,1.0,2.0,4.0,1.0,6,1,6,2,7,2,7,2,6,3,1,1,1,1,1,0,0,0,0,1,0,0,1,1,1,1,3,2,2,1,47,1,7,1,60,2,1,3
8594,3.0,4.0,2.0,1.0,4.0,2.0,1.0,4.0,4.0,3.0,1.0,5.0,2.0,2.0,1.0,4.0,2.0,4.0,5.0,1.0,2,3,6,1,5,6,5,1,6,1,1,1,1,1,1,0,0,0,0,1,0,1,1,1,1,1,3,1,2,1,21,1,7,1,60,1,1,4
8595,4.0,2.0,4.0,4.0,2.0,5.0,5.0,2.0,5.0,4.0,3.0,5.0,2.0,2.0,3.0,2.0,2.0,2.0,5.0,4.0,5,2,6,1,6,2,6,2,7,2,1,1,1,1,1,1,1,0,0,1,0,0,1,1,1,1,4,1,1,1,69,1,1,1,60,1,2,3
8596,3.0,2.0,2.0,4.0,5.0,2.0,1.0,4.0,2.0,1.0,1.0,5.0,5.0,1.0,5.0,2.0,4.0,4.0,5.0,4.0,2,3,7,2,6,3,5,1,5,4,1,1,1,1,1,0,1,1,0,1,0,0,1,1,1,1,4,2,2,1,33,1,1,1,60,2,1,2
8597,2.0,2.0,2.0,4.0,2.0,4.0,2.0,2.0,5.0,4.0,3.0,4.0,2.0,2.0,4.0,4.0,3.0,2.0,4.0,2.0,5,5,6,5,5,5,5,3,3,2,0,0,0,0,1,0,0,0,0,1,0,0,0,1,0,1,3,3,2,1,28,1,12,1,50,1,1,2
8598,1.0,3.0,3.0,4.0,2.0,1.0,2.0,3.0,5.0,4.0,3.0,5.0,1.0,3.0,1.0,2.0,4.0,1.0,5.0,1.0,5,5,7,2,5,5,5,1,7,2,1,0,1,1,1,0,1,0,0,1,0,0,0,1,1,1,4,2,1,1,65,1,9,1,60,1,2,1
8599,4.0,2.0,1.0,2.0,4.0,1.0,1.0,4.0,4.0,1.0,1.0,4.0,5.0,2.0,5.0,1.0,1.0,4.0,5.0,1.0,6,5,1,6,5,1,4,7,1,3,1,1,0,1,1,1,0,0,0,1,1,0,1,1,1,1,2,3,2,1,15,3,9,2,60,2,1,1
8600,1.0,1.0,3.0,4.0,1.0,2.0,2.0,2.0,5.0,5.0,2.0,1.0,1.0,4.0,2.0,4.0,1.0,1.0,5.0,4.0,3,5,6,3,6,4,5,2,3,1,1,1,0,1,1,0,1,0,0,1,0,0,1,1,1,1,3,1,1,1,59,1,2,1,60,1,3,2
8601,4.0,1.0,4.0,3.0,3.0,5.0,5.0,4.0,4.0,2.0,4.0,2.0,5.0,2.0,2.0,5.0,2.0,2.0,5.0,1.0,7,6,7,2,6,5,7,1,7,1,1,0,0,0,1,0,0,0,0,1,0,0,0,0,0,1,4,2,2,1,29,1,10,1,20,1,1,4
8602,4.0,1.0,4.0,1.0,1.0,1.0,1.0,1.0,4.0,2.0,1.0,5.0,2.0,1.0,3.0,1.0,2.0,5.0,5.0,5.0,2,5,6,1,7,6,5,1,7,1,1,1,0,1,1,0,1,1,0,1,1,1,1,1,1,1,2,3,1,1,23,3,1,1,30,1,1,2
8603,1.0,1.0,3.0,5.0,1.0,1.0,2.0,1.0,5.0,2.0,1.0,5.0,1.0,2.0,1.0,1.0,1.0,4.0,1.0,1.0,6,5,6,1,4,1,4,1,6,6,1,1,1,1,1,1,0,0,0,1,0,0,0,1,1,1,3,3,2,1,51,2,6,1,60,1,2,1
8604,2.0,2.0,1.0,1.0,5.0,1.0,1.0,5.0,2.0,1.0,1.0,5.0,1.0,1.0,4.0,1.0,5.0,2.0,5.0,1.0,4,4,4,4,4,4,4,4,4,4,1,1,1,1,1,0,0,0,1,1,0,1,1,1,1,1,4,1,2,1,25,1,4,1,60,2,1,0
8605,4.0,4.0,4.0,4.0,4.0,1.0,1.0,3.0,2.0,4.0,2.0,5.0,4.0,2.0,5.0,1.0,1.0,2.0,5.0,1.0,7,6,6,3,7,1,6,5,5,1,1,1,0,1,1,1,0,1,0,1,0,0,1,1,1,1,3,3,1,1,40,1,6,1,60,1,2,3
8606,4.0,1.0,1.0,1.0,3.0,3.0,1.0,4.0,3.0,2.0,2.0,1.0,1.0,2.0,1.0,1.0,3.0,1.0,4.0,3.0,4,5,4,2,7,5,5,5,6,3,1,1,1,1,1,1,0,0,0,1,0,1,1,1,1,1,4,1,1,1,23,1,7,1,70,2,1,5
8607,2.0,2.0,1.0,2.0,2.0,2.0,2.0,4.0,4.0,2.0,1.0,2.0,2.0,4.0,5.0,2.0,1.0,3.0,5.0,1.0,1,5,7,2,6,5,3,3,7,1,1,1,1,1,1,0,1,1,0,1,1,0,1,1,1,1,4,1,2,1,65,1,6,1,60,1,2,1
8608,1.0,4.0,5.0,4.0,4.0,1.0,1.0,1.0,5.0,4.0,1.0,1.0,2.0,4.0,1.0,5.0,1.0,4.0,5.0,1.0,5,5,6,1,6,5,5,1,6,1,1,1,1,1,1,1,1,0,0,1,0,0,1,1,1,1,3,1,1,1,60,2,6,1,60,1,2,4
8609,1.0,3.0,4.0,3.0,1.0,1.0,1.0,1.0,5.0,5.0,3.0,4.0,1.0,3.0,3.0,1.0,4.0,1.0,5.0,1.0,4,2,6,2,7,2,6,6,2,2,1,1,0,1,1,0,1,0,0,1,0,0,1,1,1,1,2,2,1,1,60,1,12,1,60,1,2,4
8610,2.0,4.0,3.0,1.0,4.0,1.0,1.0,3.0,5.0,3.0,1.0,5.0,3.0,1.0,1.0,4.0,1.0,5.0,5.0,2.0,3,1,6,4,5,6,6,5,7,2,1,1,1,1,0,0,0,0,0,1,0,0,1,1,1,1,4,1,1,2,29,1,12,1,60,2,1,1
8611,4.0,3.0,1.0,5.0,2.0,2.0,1.0,1.0,5.0,4.0,2.0,5.0,4.0,4.0,4.0,5.0,1.0,2.0,5.0,1.0,7,3,7,3,7,1,6,5,4,2,1,1,1,1,1,0,0,1,0,1,0,0,1,1,1,1,3,2,2,1,47,2,2,1,60,1,1,2
8612,1.0,1.0,2.0,2.0,2.0,1.0,1.0,2.0,5.0,4.0,1.0,5.0,4.0,1.0,5.0,5.0,1.0,1.0,5.0,1.0,5,6,2,1,6,1,5,1,6,1,1,1,1,1,1,0,0,0,0,1,0,0,1,1,1,1,4,2,1,1,50,3,6,1,60,1,0,4
8613,2.0,3.0,2.0,4.0,3.0,2.0,1.0,1.0,5.0,2.0,1.0,5.0,4.0,3.0,4.0,2.0,2.0,4.0,4.0,4.0,6,5,7,2,6,5,6,2,7,1,1,1,0,1,1,1,1,0,0,1,0,0,1,1,1,1,3,3,2,1,28,1,3,1,10,1,1,4
8614,3.0,5.0,3.0,5.0,4.0,1.0,2.0,1.0,5.0,4.0,2.0,2.0,1.0,3.0,3.0,2.0,2.0,4.0,5.0,1.0,3,5,4,2,6,7,6,4,7,3,1,1,0,1,1,0,0,0,0,1,0,0,1,1,0,1,2,2,1,1,29,2,1,2,70,1,1,2
8615,1.0,1.0,1.0,5.0,1.0,1.0,2.0,1.0,5.0,2.0,1.0,5.0,1.0,1.0,1.0,1.0,4.0,4.0,5.0,1.0,6,5,5,6,6,1,6,2,6,1,1,1,0,1,1,0,0,0,0,1,0,0,1,1,1,1,4,1,2,1,42,1,4,1,60,2,1,5
8616,1.0,1.0,1.0,4.0,1.0,1.0,1.0,1.0,5.0,5.0,3.0,1.0,1.0,4.0,1.0,2.0,2.0,1.0,5.0,5.0,6,1,6,1,6,4,6,5,7,2,1,1,1,1,1,0,0,1,0,1,0,0,1,1,1,1,3,2,1,1,50,1,6,1,60,1,2,2
8617,1.0,2.0,5.0,5.0,4.0,5.0,1.0,1.0,5.0,5.0,1.0,5.0,1.0,5.0,4.0,5.0,5.0,4.0,5.0,2.0,1,6,7,7,6,6,3,1,6,2,1,1,0,1,1,0,1,1,0,1,0,1,1,1,1,1,3,2,2,1,25,1,4,4,60,1,1,3
8618,1.0,2.0,2.0,2.0,4.0,3.0,2.0,2.0,4.0,5.0,1.0,2.0,4.0,2.0,2.0,2.0,4.0,2.0,5.0,3.0,3,6,6,4,7,4,4,2,5,3,1,1,0,1,1,1,0,0,0,1,0,0,1,1,1,1,3,3,2,1,38,1,6,1,70,1,2,5
8619,1.0,3.0,2.0,5.0,1.0,2.0,2.0,1.0,4.0,2.0,3.0,4.0,1.0,4.0,4.0,1.0,5.0,5.0,5.0,3.0,6,4,6,6,7,2,6,6,4,2,1,1,1,1,1,0,1,1,0,1,0,0,1,1,1,1,4,3,2,1,45,1,1,1,60,1,1,2
8620,1.0,1.0,1.0,5.0,1.0,1.0,1.0,1.0,3.0,2.0,2.0,5.0,1.0,2.0,5.0,1.0,1.0,4.0,5.0,5.0,6,5,7,1,7,2,6,2,3,1,1,1,0,1,1,0,0,1,0,1,1,0,1,1,1,1,4,1,1,1,47,1,6,3,60,2,1,1
8621,1.0,4.0,2.0,4.0,2.0,2.0,1.0,2.0,4.0,5.0,2.0,4.0,1.0,2.0,4.0,1.0,2.0,4.0,5.0,1.0,2,5,5,7,7,6,7,1,1,6,1,1,1,1,1,0,0,1,0,1,0,0,1,1,1,1,2,2,2,1,30,1,7,1,60,1,2,7
8622,4.0,4.0,1.0,1.0,5.0,2.0,1.0,5.0,3.0,2.0,1.0,4.0,5.0,2.0,3.0,1.0,5.0,3.0,5.0,5.0,4,6,7,1,4,3,1,2,7,4,1,1,1,1,1,1,0,1,0,1,0,1,1,1,1,1,3,3,1,1,21,1,7,1,60,1,1,3
8623,2.0,1.0,4.0,3.0,2.0,1.0,2.0,2.0,4.0,4.0,1.0,1.0,2.0,1.0,4.0,3.0,2.0,4.0,5.0,2.0,6,3,7,1,6,3,7,2,7,3,1,1,0,1,1,0,0,0,0,1,0,0,1,1,1,1,4,3,2,1,40,1,1,1,60,1,2,2
8624,5.0,2.0,1.0,2.0,5.0,1.0,1.0,1.0,5.0,2.0,1.0,5.0,2.0,1.0,1.0,5.0,1.0,4.0,5.0,3.0,2,5,7,1,7,5,6,4,7,1,1,1,1,1,1,0,0,1,0,1,0,0,1,1,1,1,4,1,1,1,28,1,1,3,60,1,1,2
8625,2.0,4.0,1.0,4.0,4.0,1.0,1.0,1.0,5.0,2.0,1.0,4.0,4.0,5.0,2.0,1.0,1.0,5.0,5.0,1.0,2,5,6,6,7,3,7,6,3,1,1,1,1,1,1,0,0,1,0,1,1,0,1,1,1,1,3,1,2,1,50,1,1,2,60,1,2,2
8626,4.0,4.0,2.0,3.0,4.0,3.0,3.0,4.0,5.0,3.0,3.0,2.0,2.0,2.0,5.0,3.0,2.0,2.0,5.0,1.0,5,6,5,2,4,1,4,1,4,3,1,1,1,1,1,1,0,1,0,1,1,1,1,1,1,0,3,1,1,1,45,1,1,1,60,1,2,3
8627,5.0,4.0,1.0,3.0,5.0,1.0,1.0,3.0,2.0,1.0,3.0,5.0,1.0,4.0,3.0,1.0,2.0,2.0,5.0,1.0,5,1,5,5,7,6,5,5,3,1,1,1,1,1,1,0,0,1,0,1,0,0,1,1,1,1,3,2,2,1,25,1,6,1,60,2,1,4
8628,2.0,2.0,2.0,3.0,4.0,3.0,3.0,2.0,4.0,4.0,3.0,4.0,2.0,3.0,2.0,3.0,1.0,2.0,4.0,1.0,3,6,7,4,5,6,7,3,4,2,1,1,1,1,1,0,0,0,0,1,1,0,1,1,1,1,4,2,2,1,61,2,4,1,60,1,2,0
8629,4.0,4.0,1.0,1.0,1.0,1.0,1.0,5.0,3.0,2.0,1.0,3.0,4.0,1.0,4.0,1.0,1.0,4.0,5.0,4.0,6,7,7,3,6,4,3,1,5,1,1,1,1,1,1,0,1,1,0,1,1,1,1,1,1,1,4,2,1,1,58,1,6,1,50,1,2,2
8630,2.0,2.0,2.0,2.0,4.0,3.0,1.0,4.0,4.0,3.0,1.0,4.0,4.0,2.0,2.0,2.0,4.0,5.0,5.0,3.0,2,5,2,5,7,3,4,2,3,4,1,1,1,1,1,0,0,0,0,1,1,0,1,1,1,1,4,2,2,1,34,1,1,1,10,1,1,1
8631,5.0,4.0,1.0,3.0,1.0,1.0,1.0,2.0,5.0,3.0,1.0,5.0,2.0,2.0,4.0,1.0,2.0,3.0,5.0,1.0,4,1,6,5,7,1,7,5,4,1,1,1,1,1,1,1,1,1,0,1,0,0,1,1,1,1,4,3,2,1,40,1,2,2,60,1,2,2
8632,2.0,1.0,4.0,3.0,3.0,1.0,1.0,3.0,5.0,4.0,1.0,2.0,2.0,2.0,1.0,2.0,2.0,1.0,5.0,3.0,1,3,6,5,6,7,7,5,6,2,1,1,1,1,1,0,0,0,0,1,1,0,1,1,1,1,3,3,1,1,28,1,1,1,60,1,1,3
8633,2.0,2.0,4.0,4.0,2.0,4.0,5.0,1.0,5.0,3.0,2.0,3.0,1.0,4.0,3.0,2.0,2.0,4.0,5.0,1.0,5,2,6,1,4,5,5,2,2,3,1,1,0,1,1,0,0,0,0,1,0,0,0,0,1,1,4,2,2,1,28,2,1,1,60,2,1,2
8634,4.0,4.0,1.0,2.0,4.0,1.0,1.0,5.0,3.0,2.0,1.0,5.0,4.0,2.0,4.0,1.0,1.0,3.0,2.0,2.0,3,5,6,5,7,7,5,5,5,2,1,1,1,1,1,0,1,1,0,1,1,0,1,1,0,1,4,1,2,1,32,1,1,4,60,1,1,2
8635,1.0,1.0,1.0,5.0,1.0,2.0,1.0,1.0,5.0,2.0,1.0,5.0,1.0,1.0,4.0,1.0,1.0,4.0,5.0,1.0,7,1,7,7,7,1,7,2,7,7,1,1,1,1,1,1,1,0,0,1,1,0,1,1,1,1,2,2,2,1,70,3,9,1,60,1,2,3
8636,2.0,2.0,3.0,3.0,2.0,4.0,4.0,3.0,4.0,4.0,2.0,4.0,2.0,3.0,2.0,2.0,3.0,4.0,5.0,2.0,6,2,6,2,3,2,4,3,5,3,1,1,0,1,1,0,0,0,0,1,0,0,1,1,1,1,3,2,2,1,35,1,9,1,60,1,1,1
8637,4.0,4.0,1.0,2.0,4.0,2.0,1.0,2.0,5.0,2.0,2.0,2.0,1.0,2.0,5.0,5.0,2.0,2.0,4.0,1.0,3,1,6,1,6,5,7,2,7,1,1,1,1,1,1,1,0,1,0,1,0,0,1,1,1,1,3,1,2,1,37,1,4,1,60,2,2,2
8638,1.0,2.0,3.0,5.0,2.0,2.0,1.0,2.0,5.0,3.0,3.0,1.0,1.0,2.0,4.0,3.0,4.0,2.0,4.0,1.0,2,5,7,3,5,3,4,1,5,2,1,1,0,1,1,0,0,0,0,1,0,0,1,0,1,1,4,2,2,1,33,1,4,1,60,2,2,2
8639,2.0,2.0,3.0,4.0,4.0,4.0,1.0,1.0,5.0,5.0,1.0,1.0,2.0,2.0,2.0,2.0,4.0,2.0,5.0,1.0,3,2,6,2,5,2,6,4,6,2,1,1,0,1,1,0,0,0,0,1,0,0,1,1,1,1,3,1,1,1,50,1,2,1,60,1,2,3
8640,2.0,1.0,2.0,4.0,4.0,5.0,4.0,2.0,5.0,5.0,3.0,4.0,4.0,4.0,3.0,2.0,5.0,2.0,5.0,2.0,3,6,4,6,5,6,5,6,4,3,1,0,0,1,0,0,0,1,0,1,0,0,0,1,1,1,2,2,2,2,17,1,12,2,60,2,1,1
8641,2.0,4.0,4.0,2.0,5.0,1.0,2.0,4.0,5.0,4.0,2.0,4.0,2.0,3.0,4.0,5.0,2.0,3.0,1.0,1.0,7,1,6,1,7,1,7,4,7,1,1,1,1,1,1,0,1,1,0,1,1,0,1,1,1,1,4,3,1,1,66,1,6,1,60,1,2,3
8642,1.0,4.0,5.0,5.0,4.0,4.0,4.0,1.0,5.0,5.0,2.0,5.0,4.0,4.0,3.0,4.0,5.0,5.0,5.0,1.0,2,1,7,5,4,7,6,1,4,2,1,1,0,1,1,0,1,0,0,1,0,0,1,1,1,1,4,1,2,1,61,1,9,1,60,1,2,2
8643,1.0,1.0,1.0,5.0,1.0,1.0,1.0,1.0,5.0,5.0,3.0,4.0,1.0,5.0,1.0,1.0,5.0,1.0,5.0,1.0,1,1,7,1,7,5,7,1,7,1,1,1,0,1,1,0,1,1,0,1,0,0,1,1,1,1,4,3,2,1,60,1,4,1,70,1,2,5
8644,1.0,1.0,1.0,4.0,4.0,2.0,5.0,1.0,5.0,5.0,1.0,1.0,5.0,4.0,4.0,1.0,1.0,2.0,5.0,1.0,5,1,7,2,7,5,7,1,7,4,1,1,0,1,1,0,0,0,0,1,0,0,0,1,1,1,3,3,2,1,57,2,6,1,50,1,3,2
8645,2.0,1.0,5.0,2.0,4.0,4.0,2.0,2.0,4.0,5.0,4.0,1.0,4.0,1.0,2.0,1.0,4.0,2.0,5.0,1.0,7,3,7,1,7,1,7,3,6,1,1,1,1,1,1,0,1,1,0,1,0,0,1,1,1,1,3,2,2,1,31,3,12,1,70,1,3,3
8646,4.0,3.0,1.0,3.0,5.0,1.0,2.0,1.0,3.0,2.0,1.0,2.0,3.0,4.0,2.0,1.0,1.0,2.0,5.0,3.0,5,5,4,3,6,7,4,4,7,2,1,1,0,1,1,0,0,0,0,1,0,0,0,1,1,1,3,3,2,2,20,1,4,1,10,2,1,3
8647,5.0,4.0,4.0,4.0,5.0,1.0,2.0,5.0,5.0,4.0,1.0,5.0,4.0,2.0,4.0,1.0,1.0,4.0,5.0,1.0,3,6,6,5,5,7,6,5,2,1,1,1,0,1,1,0,0,0,0,1,0,0,0,1,1,1,3,1,1,1,52,1,12,1,60,1,1,2
8648,5.0,5.0,2.0,1.0,5.0,1.0,1.0,5.0,1.0,1.0,3.0,5.0,5.0,1.0,5.0,4.0,1.0,4.0,5.0,5.0,5,7,5,7,6,3,1,4,4,1,1,1,1,1,1,0,1,1,1,1,0,1,1,1,1,1,4,3,2,1,21,1,1,2,60,1,1,1
8649,1.0,1.0,2.0,2.0,1.0,2.0,1.0,2.0,5.0,5.0,1.0,2.0,2.0,4.0,5.0,1.0,5.0,5.0,5.0,5.0,7,7,7,6,7,6,3,6,2,1,1,1,1,1,1,0,1,1,0,1,1,0,1,1,1,1,3,2,2,1,53,1,9,1,60,1,3,2
8650,1.0,1.0,5.0,5.0,1.0,4.0,2.0,2.0,5.0,5.0,5.0,1.0,1.0,5.0,1.0,4.0,4.0,2.0,5.0,1.0,6,1,7,1,6,2,7,1,7,2,1,1,1,1,1,0,0,0,0,1,0,0,1,1,1,1,3,3,2,1,62,1,6,1,60,1,2,4
8651,1.0,1.0,3.0,5.0,1.0,1.0,3.0,1.0,5.0,1.0,1.0,1.0,1.0,5.0,1.0,1.0,3.0,1.0,1.0,1.0,7,5,7,2,3,1,7,1,6,6,1,1,1,1,1,0,1,1,0,1,0,1,1,1,1,1,0,3,2,2,52,1,4,1,70,1,3,3
8652,1.0,1.0,3.0,5.0,1.0,2.0,1.0,1.0,5.0,3.0,3.0,1.0,1.0,5.0,5.0,1.0,1.0,1.0,5.0,1.0,6,2,6,3,5,5,6,5,6,1,1,1,1,1,1,0,1,1,0,1,1,0,1,1,1,1,4,1,2,1,55,1,12,1,60,1,3,3
8653,1.0,1.0,5.0,2.0,4.0,4.0,1.0,1.0,5.0,2.0,1.0,4.0,4.0,2.0,1.0,2.0,1.0,5.0,5.0,1.0,1,1,7,3,5,7,7,1,7,6,1,1,1,1,1,0,1,1,0,1,1,0,1,1,1,1,4,3,2,1,61,1,1,1,60,1,3,3
8654,1.0,4.0,1.0,4.0,2.0,1.0,1.0,2.0,5.0,1.0,1.0,2.0,1.0,1.0,3.0,3.0,1.0,2.0,5.0,5.0,1,5,6,5,3,4,2,3,6,7,1,1,1,1,1,0,0,0,0,1,0,0,1,1,1,1,3,2,2,1,37,1,4,1,60,2,2,2
8655,2.0,4.0,2.0,3.0,2.0,2.0,1.0,2.0,4.0,4.0,2.0,4.0,4.0,3.0,2.0,3.0,4.0,4.0,5.0,1.0,2,3,3,2,5,6,5,3,6,2,1,1,1,1,1,1,1,1,0,1,0,1,1,1,1,1,3,2,1,1,21,1,7,1,60,2,1,4
8656,4.0,4.0,4.0,4.0,2.0,2.0,2.0,4.0,5.0,2.0,1.0,2.0,2.0,4.0,4.0,4.0,2.0,4.0,4.0,2.0,2,1,6,2,6,7,7,1,7,2,1,1,1,1,1,1,0,0,0,1,0,0,1,1,1,1,2,1,2,1,43,1,0,1,60,1,2,4
8657,1.0,1.0,2.0,1.0,4.0,2.0,5.0,2.0,5.0,5.0,2.0,4.0,4.0,1.0,3.0,2.0,1.0,2.0,5.0,1.0,5,3,6,2,6,2,3,1,5,2,1,1,0,1,1,0,0,0,0,1,0,0,0,1,1,1,3,2,2,2,42,1,4,1,60,1,2,2
8658,5.0,5.0,1.0,1.0,5.0,1.0,1.0,5.0,1.0,4.0,1.0,5.0,2.0,1.0,5.0,1.0,1.0,5.0,5.0,5.0,6,5,7,4,7,5,3,6,7,1,1,1,0,1,0,0,0,0,0,1,0,0,1,1,1,1,0,2,1,1,18,1,4,2,10,2,1,2
8659,2.0,1.0,2.0,1.0,4.0,2.0,2.0,2.0,5.0,5.0,2.0,4.0,1.0,2.0,1.0,1.0,1.0,1.0,5.0,1.0,4,6,7,2,6,4,6,2,7,4,1,1,1,1,1,0,1,1,0,1,0,0,1,1,1,1,4,2,2,2,32,1,2,1,10,1,2,1
8660,2.0,1.0,3.0,3.0,3.0,2.0,2.0,3.0,4.0,4.0,3.0,3.0,1.0,3.0,4.0,1.0,4.0,2.0,4.0,1.0,6,5,6,6,4,1,7,3,4,2,1,1,1,1,1,1,0,0,0,1,0,0,1,1,1,1,3,3,2,1,29,1,1,1,0,2,2,4
8661,4.0,4.0,5.0,4.0,4.0,4.0,2.0,3.0,5.0,2.0,2.0,4.0,4.0,3.0,4.0,2.0,2.0,3.0,5.0,2.0,5,5,7,5,5,2,7,2,4,2,1,1,0,1,1,0,1,0,0,1,0,0,0,1,1,1,4,2,2,1,40,1,6,1,60,1,2,3
8662,2.0,2.0,1.0,3.0,5.0,2.0,1.0,1.0,4.0,4.0,1.0,3.0,3.0,1.0,4.0,2.0,1.0,3.0,5.0,1.0,2,4,3,1,6,5,7,5,5,1,1,1,1,1,1,0,0,1,0,1,0,0,1,1,1,1,3,3,2,2,32,3,6,1,70,1,2,3
8663,5.0,1.0,4.0,5.0,4.0,4.0,2.0,1.0,5.0,2.0,2.0,5.0,2.0,5.0,4.0,4.0,1.0,1.0,4.0,1.0,5,1,7,6,7,6,7,5,6,1,1,1,0,1,1,0,0,1,0,1,0,0,1,1,1,1,4,1,2,1,43,1,6,0,0,1,2,3
8664,2.0,2.0,2.0,4.0,2.0,4.0,2.0,1.0,5.0,4.0,2.0,1.0,2.0,3.0,4.0,4.0,2.0,4.0,5.0,4.0,2,2,7,6,5,6,3,3,4,5,1,1,1,1,1,0,0,1,0,1,0,0,1,1,1,1,2,2,2,1,20,1,4,1,60,2,1,3
8665,1.0,4.0,2.0,5.0,1.0,4.0,2.0,4.0,5.0,3.0,3.0,1.0,1.0,3.0,4.0,5.0,4.0,4.0,5.0,1.0,5,5,2,5,6,3,7,5,4,2,1,1,0,1,1,0,0,1,0,1,0,0,1,1,1,1,3,3,2,1,41,1,5,1,60,1,2,4
8666,4.0,4.0,1.0,2.0,5.0,1.0,1.0,4.0,5.0,1.0,1.0,3.0,1.0,2.0,4.0,4.0,2.0,4.0,5.0,1.0,7,5,5,7,5,1,5,1,2,3,1,1,0,1,1,0,0,1,0,1,1,0,1,1,1,1,3,2,2,1,24,1,4,1,60,1,1,2
8667,4.0,1.0,5.0,5.0,1.0,5.0,3.0,1.0,5.0,5.0,4.0,2.0,1.0,4.0,2.0,5.0,4.0,2.0,5.0,3.0,2,6,7,1,5,6,6,1,6,1,1,1,0,1,1,0,0,1,0,1,0,0,1,1,1,1,3,2,1,1,56,1,7,1,60,1,2,2
8668,5.0,2.0,2.0,3.0,5.0,2.0,3.0,2.0,4.0,4.0,1.0,5.0,4.0,4.0,2.0,5.0,5.0,4.0,3.0,2.0,4,4,6,4,5,4,5,4,5,3,1,1,1,1,1,0,0,1,0,1,0,0,1,1,1,1,4,2,2,2,40,1,4,1,10,1,1,1
8669,2.0,1.0,4.0,2.0,2.0,4.0,2.0,2.0,4.0,5.0,3.0,1.0,1.0,2.0,4.0,4.0,3.0,1.0,5.0,1.0,5,5,6,5,6,5,5,1,6,3,1,1,0,1,1,0,0,0,0,1,0,0,1,0,1,1,4,3,2,1,34,1,1,1,60,1,2,3
8670,3.0,4.0,4.0,5.0,1.0,4.0,1.0,4.0,4.0,4.0,5.0,3.0,1.0,4.0,3.0,4.0,1.0,2.0,4.0,1.0,6,2,6,1,5,2,6,5,7,5,1,1,1,1,1,0,0,1,0,1,0,1,1,1,1,1,4,3,2,1,60,1,6,1,60,1,2,3
8671,1.0,1.0,5.0,2.0,1.0,2.0,1.0,1.0,5.0,5.0,1.0,2.0,1.0,1.0,1.0,4.0,3.0,1.0,5.0,1.0,5,1,7,5,6,6,4,1,7,1,1,1,0,1,1,1,0,0,0,1,1,0,1,1,1,1,3,2,1,1,52,1,2,1,70,2,2,1
8672,5.0,2.0,2.0,5.0,5.0,1.0,1.0,5.0,4.0,2.0,1.0,5.0,4.0,1.0,4.0,5.0,1.0,5.0,1.0,1.0,7,5,7,3,6,5,7,3,7,1,1,1,1,1,1,1,1,1,1,1,0,1,1,1,1,1,4,2,2,1,46,1,7,1,30,1,3,3
8673,1.0,4.0,2.0,5.0,1.0,1.0,1.0,1.0,3.0,2.0,4.0,1.0,1.0,2.0,4.0,1.0,4.0,4.0,5.0,1.0,2,5,5,6,3,6,6,3,2,2,1,1,1,1,1,0,0,0,0,1,0,0,1,1,1,1,3,3,2,1,42,1,12,1,60,2,1,3
8674,3.0,5.0,1.0,3.0,4.0,5.0,1.0,4.0,5.0,2.0,1.0,4.0,5.0,2.0,3.0,1.0,2.0,2.0,5.0,1.0,6,6,2,7,6,1,7,7,3,2,1,1,0,1,1,0,0,1,0,1,1,0,1,1,1,1,2,3,2,1,31,2,2,2,60,1,1,3
8675,1.0,2.0,2.0,4.0,2.0,2.0,2.0,2.0,4.0,4.0,2.0,4.0,1.0,2.0,4.0,2.0,1.0,2.0,4.0,4.0,3,2,6,3,6,5,6,2,6,2,1,1,0,1,1,0,1,0,0,1,0,0,1,1,1,1,3,2,1,1,47,1,4,1,60,1,2,2
8676,2.0,2.0,4.0,4.0,2.0,2.0,1.0,1.0,5.0,4.0,1.0,2.0,1.0,2.0,4.0,2.0,1.0,3.0,5.0,1.0,2,5,6,7,7,6,5,2,2,3,1,1,0,1,1,0,0,0,0,1,0,0,1,1,1,1,3,2,2,1,30,1,2,1,60,2,1,2
8677,5.0,4.0,3.0,2.0,5.0,1.0,1.0,5.0,4.0,1.0,1.0,5.0,4.0,2.0,4.0,2.0,4.0,4.0,5.0,3.0,2,7,5,6,5,6,6,6,2,5,1,1,1,1,1,0,0,0,0,1,0,0,1,1,1,1,3,2,2,1,28,2,1,1,70,2,1,1
8678,1.0,4.0,2.0,4.0,4.0,4.0,2.0,2.0,5.0,4.0,1.0,4.0,2.0,3.0,4.0,1.0,4.0,4.0,5.0,2.0,3,5,3,6,6,2,6,5,2,3,1,1,1,1,1,0,0,0,0,1,0,0,1,1,1,1,3,2,2,1,26,1,1,1,60,2,1,2
8679,4.0,2.0,1.0,1.0,4.0,1.0,1.0,4.0,2.0,2.0,2.0,5.0,4.0,1.0,4.0,2.0,1.0,4.0,5.0,4.0,6,5,6,2,6,5,5,2,5,2,1,1,1,1,1,1,1,1,0,1,0,0,1,1,1,1,4,3,1,1,57,1,7,1,60,1,2,3
8680,4.0,2.0,2.0,3.0,4.0,1.0,2.0,4.0,5.0,3.0,3.0,5.0,2.0,1.0,4.0,4.0,1.0,2.0,5.0,4.0,5,3,5,2,6,3,4,4,6,2,1,1,0,1,1,0,0,0,0,1,0,0,1,1,1,1,4,2,1,1,23,1,12,1,50,1,1,1
8681,5.0,4.0,1.0,1.0,4.0,2.0,1.0,4.0,2.0,1.0,1.0,4.0,4.0,2.0,4.0,1.0,1.0,4.0,5.0,4.0,3,6,3,2,5,6,3,5,5,2,1,1,1,1,1,0,1,1,0,1,1,0,1,1,1,1,4,3,1,1,31,1,4,1,60,1,2,4
8682,4.0,2.0,2.0,5.0,4.0,4.0,4.0,1.0,5.0,5.0,2.0,2.0,1.0,3.0,3.0,4.0,5.0,1.0,5.0,1.0,7,1,7,1,6,2,7,2,6,2,1,1,0,1,1,0,0,0,0,1,0,0,1,1,1,1,4,3,2,1,35,1,6,1,60,1,1,1
8683,5.0,5.0,4.0,1.0,4.0,2.0,1.0,5.0,4.0,1.0,2.0,5.0,4.0,1.0,4.0,4.0,1.0,4.0,5.0,4.0,3,2,7,3,4,7,7,5,6,3,1,1,0,1,1,0,0,0,0,1,0,0,1,1,1,1,3,1,2,1,48,1,6,1,60,1,2,3
8684,3.0,4.0,1.0,5.0,4.0,1.0,1.0,1.0,5.0,3.0,1.0,4.0,1.0,2.0,1.0,1.0,1.0,4.0,5.0,1.0,6,2,7,2,6,1,5,5,6,2,1,1,0,1,1,1,0,0,0,1,0,0,1,1,1,1,3,2,1,1,32,3,4,1,60,1,1,5
8685,4.0,4.0,4.0,4.0,4.0,1.0,1.0,2.0,5.0,1.0,2.0,2.0,2.0,3.0,2.0,2.0,3.0,3.0,5.0,2.0,5,5,3,3,6,3,6,5,3,3,1,1,1,1,1,0,1,1,0,1,1,0,1,1,1,1,4,2,2,1,56,1,2,1,60,1,2,1
8686,3.0,2.0,4.0,3.0,3.0,5.0,4.0,4.0,5.0,4.0,2.0,3.0,3.0,2.0,4.0,5.0,3.0,3.0,2.0,1.0,6,4,4,3,5,5,7,4,6,4,1,1,1,1,1,1,1,1,1,1,0,1,1,1,1,1,2,3,1,1,19,1,5,1,60,1,1,3
8687,1.0,1.0,5.0,4.0,4.0,2.0,2.0,3.0,5.0,4.0,4.0,4.0,1.0,3.0,4.0,2.0,2.0,4.0,4.0,1.0,7,5,6,2,6,3,7,2,6,1,1,1,1,1,1,0,1,1,0,1,1,0,1,1,1,1,4,1,1,1,64,2,6,1,60,1,2,4
8688,1.0,1.0,2.0,5.0,4.0,2.0,1.0,2.0,5.0,5.0,2.0,4.0,2.0,2.0,4.0,1.0,5.0,5.0,4.0,2.0,6,2,2,2,7,5,7,3,5,1,1,1,0,1,1,0,1,1,0,1,1,1,1,1,1,1,4,2,2,1,37,1,6,1,60,1,3,2
8689,2.0,2.0,3.0,3.0,4.0,2.0,2.0,4.0,5.0,4.0,4.0,4.0,1.0,3.0,1.0,4.0,4.0,1.0,1.0,1.0,5,5,6,5,7,5,6,2,5,2,1,1,1,1,1,0,1,0,1,1,0,1,1,1,1,1,3,3,2,2,24,1,10,1,10,2,1,4
8690,5.0,5.0,1.0,3.0,4.0,1.0,1.0,4.0,5.0,2.0,1.0,5.0,4.0,4.0,4.0,1.0,1.0,4.0,5.0,1.0,2,5,6,6,6,6,5,2,1,2,1,1,1,1,1,0,0,1,0,1,1,0,1,1,1,1,0,2,2,1,33,1,2,1,60,1,2,2
8691,2.0,2.0,2.0,1.0,4.0,1.0,2.0,4.0,5.0,5.0,1.0,5.0,2.0,1.0,4.0,2.0,2.0,4.0,5.0,1.0,5,5,6,3,6,7,5,6,4,2,1,1,0,1,1,0,0,0,0,1,0,0,1,1,1,1,2,2,2,1,18,1,1,4,70,2,1,2
8692,2.0,5.0,1.0,1.0,4.0,1.0,1.0,5.0,2.0,4.0,1.0,4.0,4.0,1.0,4.0,1.0,1.0,5.0,5.0,1.0,3,6,2,5,7,5,3,6,3,2,1,1,1,1,1,1,0,1,0,1,1,1,1,1,1,1,3,1,2,1,37,1,2,1,60,1,2,2
8693,2.0,2.0,4.0,4.0,2.0,1.0,1.0,2.0,5.0,1.0,2.0,1.0,2.0,1.0,4.0,5.0,1.0,2.0,5.0,1.0,3,6,7,5,6,5,6,5,3,2,1,1,0,1,1,0,0,0,0,1,0,0,1,1,0,1,4,1,1,1,35,1,1,1,60,1,2,1
8694,4.0,2.0,1.0,1.0,5.0,2.0,1.0,4.0,5.0,5.0,1.0,4.0,1.0,1.0,2.0,1.0,1.0,5.0,4.0,2.0,1,5,7,2,3,7,2,1,3,5,1,1,1,1,1,0,0,1,0,1,1,0,1,1,1,1,3,2,1,1,36,1,6,1,60,1,1,5
8695,4.0,5.0,1.0,2.0,5.0,1.0,2.0,2.0,4.0,1.0,1.0,4.0,4.0,2.0,5.0,4.0,1.0,4.0,5.0,2.0,5,1,5,5,4,2,7,6,7,1,1,1,1,1,1,1,1,0,1,1,1,1,1,1,1,1,3,2,2,1,30,2,1,1,70,1,2,2
8696,1.0,1.0,4.0,5.0,1.0,1.0,5.0,1.0,5.0,5.0,4.0,1.0,1.0,3.0,2.0,4.0,5.0,1.0,5.0,1.0,6,6,6,5,6,2,7,1,6,1,1,1,0,1,1,1,0,1,0,1,0,0,1,1,1,1,3,3,2,1,23,1,2,2,60,1,1,2
8697,4.0,4.0,1.0,2.0,4.0,1.0,1.0,2.0,5.0,3.0,1.0,4.0,5.0,1.0,4.0,1.0,1.0,5.0,4.0,3.0,6,2,4,2,5,5,5,5,5,1,1,1,1,0,1,0,0,0,0,1,0,0,1,1,1,1,4,2,1,1,55,1,7,1,60,1,3,5
8698,2.0,2.0,1.0,2.0,4.0,1.0,1.0,3.0,3.0,4.0,2.0,4.0,3.0,2.0,4.0,2.0,1.0,4.0,5.0,1.0,3,1,1,1,1,1,2,7,7,7,1,1,1,1,1,0,1,0,0,1,0,0,1,1,1,1,4,1,1,1,37,1,4,1,60,1,2,2
8699,2.0,4.0,2.0,2.0,3.0,1.0,2.0,2.0,4.0,2.0,1.0,5.0,2.0,2.0,4.0,2.0,1.0,2.0,4.0,1.0,3,5,6,2,5,6,5,1,6,4,1,1,1,1,1,0,1,0,0,1,0,1,1,1,1,1,4,2,2,1,28,2,7,2,60,1,1,1
8700,4.0,5.0,1.0,1.0,4.0,1.0,1.0,1.0,3.0,2.0,1.0,5.0,5.0,1.0,1.0,1.0,1.0,5.0,5.0,4.0,1,2,6,5,6,6,5,2,6,5,1,1,1,1,1,0,0,0,0,1,0,0,1,1,1,1,3,3,2,1,45,1,7,1,60,1,1,3
8701,2.0,4.0,1.0,3.0,4.0,1.0,2.0,4.0,2.0,2.0,1.0,5.0,3.0,2.0,4.0,1.0,1.0,3.0,5.0,4.0,5,5,3,6,2,2,2,1,3,5,1,1,0,1,1,0,0,0,0,1,0,0,1,1,1,1,4,3,1,1,63,1,6,1,60,1,2,3
8702,4.0,3.0,3.0,4.0,2.0,1.0,2.0,4.0,3.0,2.0,2.0,4.0,3.0,2.0,5.0,2.0,1.0,4.0,2.0,2.0,7,5,1,1,6,1,5,7,4,3,1,1,0,1,1,1,1,1,0,1,0,1,1,1,1,1,3,0,1,1,31,1,6,1,60,1,2,4
8703,2.0,4.0,2.0,4.0,3.0,3.0,2.0,3.0,5.0,1.0,1.0,4.0,5.0,2.0,2.0,3.0,2.0,5.0,5.0,2.0,5,6,2,3,7,6,3,4,5,5,1,1,0,1,1,0,0,0,0,1,0,0,0,1,1,1,3,2,2,1,23,1,4,1,0,1,1,2
8704,3.0,4.0,4.0,5.0,2.0,3.0,1.0,4.0,5.0,2.0,4.0,4.0,1.0,2.0,3.0,2.0,2.0,4.0,5.0,1.0,5,3,6,5,6,5,6,1,7,2,1,1,0,1,1,0,0,0,0,1,0,0,1,1,1,1,3,3,2,1,44,1,7,1,60,1,2,2
8705,2.0,4.0,2.0,4.0,4.0,1.0,1.0,4.0,3.0,1.0,1.0,3.0,2.0,3.0,5.0,2.0,2.0,2.0,5.0,1.0,6,5,5,5,5,2,5,5,3,2,1,1,0,1,1,0,0,0,0,1,0,0,1,1,1,1,3,1,2,1,36,1,6,1,60,1,2,3
8706,5.0,5.0,1.0,5.0,4.0,1.0,1.0,2.0,5.0,2.0,1.0,3.0,5.0,1.0,5.0,1.0,1.0,3.0,5.0,1.0,2,6,7,1,7,5,6,1,4,7,1,1,1,1,1,0,1,1,0,1,1,0,1,1,1,1,4,3,2,1,49,2,2,1,70,1,2,3
8707,2.0,1.0,2.0,5.0,5.0,1.0,1.0,5.0,1.0,2.0,2.0,4.0,1.0,2.0,4.0,1.0,1.0,1.0,3.0,1.0,6,3,7,5,7,5,4,4,6,2,1,1,1,1,1,0,0,1,0,1,0,1,1,1,1,1,4,3,2,1,58,1,6,3,30,1,1,3
8708,4.0,4.0,3.0,1.0,5.0,1.0,1.0,5.0,4.0,2.0,1.0,5.0,1.0,1.0,5.0,1.0,1.0,5.0,5.0,5.0,1,6,7,5,6,7,2,7,5,4,1,1,1,1,1,0,1,0,0,1,0,0,1,1,1,1,4,2,1,1,52,1,4,1,60,1,2,3
8709,4.0,2.0,4.0,2.0,4.0,2.0,2.0,4.0,5.0,3.0,1.0,4.0,2.0,1.0,4.0,4.0,2.0,4.0,5.0,4.0,5,6,3,3,3,5,5,2,3,2,1,1,1,1,1,0,0,0,0,1,0,0,1,1,1,1,3,2,2,1,45,1,12,5,60,1,3,1
8710,5.0,5.0,1.0,5.0,4.0,1.0,1.0,4.0,1.0,1.0,1.0,4.0,1.0,4.0,5.0,1.0,1.0,5.0,5.0,3.0,7,5,3,4,7,1,6,6,3,1,1,1,1,1,1,0,1,1,0,1,1,0,1,1,1,1,4,3,1,1,48,1,6,1,60,2,2,3
8711,2.0,4.0,2.0,5.0,2.0,2.0,2.0,2.0,2.0,4.0,2.0,4.0,4.0,5.0,4.0,2.0,2.0,4.0,5.0,1.0,7,2,2,7,6,1,7,3,2,1,1,1,0,1,1,0,0,0,0,1,0,0,1,1,1,1,3,2,2,1,42,1,1,1,70,1,3,2
8712,5.0,4.0,1.0,2.0,5.0,1.0,1.0,2.0,5.0,2.0,2.0,5.0,5.0,1.0,3.0,5.0,1.0,1.0,5.0,4.0,1,5,7,5,4,6,5,2,3,4,1,1,1,1,1,0,1,0,0,1,1,0,1,1,1,1,4,1,2,1,49,1,12,2,60,1,2,2
8713,1.0,4.0,2.0,4.0,4.0,1.0,1.0,1.0,5.0,2.0,2.0,2.0,2.0,4.0,4.0,1.0,2.0,1.0,1.0,1.0,2,1,6,2,3,6,6,2,7,2,1,1,1,1,1,0,0,0,0,1,0,0,1,1,1,1,3,1,2,1,30,1,6,1,60,1,1,4
8714,2.0,2.0,4.0,5.0,3.0,5.0,2.0,2.0,5.0,5.0,1.0,2.0,1.0,2.0,3.0,2.0,4.0,5.0,4.0,1.0,6,3,6,5,3,3,7,3,4,1,1,1,1,1,1,0,1,1,0,1,0,1,1,1,1,1,3,1,2,1,24,1,7,1,60,2,2,1
8715,1.0,1.0,1.0,4.0,2.0,1.0,1.0,2.0,5.0,4.0,2.0,3.0,4.0,4.0,2.0,1.0,4.0,2.0,5.0,2.0,7,5,6,1,6,1,7,3,7,1,1,1,1,1,1,0,1,1,0,0,0,1,1,1,1,1,3,2,2,1,51,3,7,1,60,1,2,8
8716,1.0,2.0,4.0,4.0,2.0,2.0,1.0,1.0,5.0,2.0,4.0,1.0,2.0,2.0,4.0,2.0,2.0,2.0,5.0,2.0,6,2,6,6,6,3,7,1,5,3,1,1,0,1,1,0,0,0,0,1,0,0,1,1,1,1,3,2,2,1,23,1,7,1,60,1,1,1
8717,2.0,2.0,1.0,4.0,2.0,1.0,1.0,2.0,5.0,5.0,4.0,2.0,1.0,3.0,1.0,1.0,1.0,4.0,4.0,1.0,7,5,3,3,5,1,6,6,5,1,1,1,1,1,1,1,0,0,0,1,1,1,1,1,1,1,3,1,2,1,34,1,12,2,60,1,2,3
8718,4.0,4.0,2.0,2.0,3.0,3.0,2.0,4.0,3.0,3.0,1.0,3.0,4.0,1.0,4.0,3.0,1.0,3.0,4.0,4.0,6,6,6,3,7,4,5,5,5,2,0,0,0,1,1,0,1,0,0,1,0,0,0,1,0,0,3,3,1,2,24,1,6,1,10,1,1,3
8719,4.0,4.0,5.0,5.0,4.0,5.0,5.0,4.0,5.0,4.0,4.0,5.0,3.0,5.0,4.0,5.0,5.0,3.0,4.0,1.0,5,5,6,2,7,5,7,2,5,1,1,1,0,1,1,0,0,0,0,1,0,0,0,0,1,0,4,1,1,2,28,1,10,1,10,1,1,3
8720,1.0,3.0,5.0,4.0,1.0,5.0,4.0,1.0,5.0,5.0,1.0,4.0,1.0,3.0,3.0,4.0,3.0,3.0,5.0,1.0,1,2,4,3,7,6,5,3,6,2,1,1,1,1,1,0,1,1,0,1,1,1,1,1,1,1,3,2,2,1,70,1,2,1,60,1,3,2
8721,3.0,4.0,2.0,4.0,4.0,1.0,1.0,5.0,4.0,2.0,2.0,4.0,1.0,2.0,4.0,1.0,2.0,4.0,5.0,1.0,5,5,5,3,5,5,4,2,4,2,1,1,1,1,1,0,0,0,0,1,0,1,1,1,1,1,3,2,2,1,29,1,12,4,20,2,1,2
8722,3.0,3.0,5.0,3.0,5.0,2.0,1.0,2.0,5.0,3.0,1.0,5.0,2.0,3.0,4.0,1.0,1.0,2.0,4.0,1.0,5,6,7,7,7,7,7,1,4,1,1,1,0,1,1,0,0,1,0,1,0,0,1,1,1,1,3,1,2,1,31,1,7,1,60,1,2,2
8723,4.0,2.0,4.0,4.0,4.0,1.0,1.0,1.0,5.0,5.0,1.0,5.0,1.0,2.0,4.0,4.0,1.0,2.0,5.0,1.0,7,3,7,2,6,1,6,1,7,1,1,1,1,0,1,0,0,0,0,1,0,0,0,1,1,1,4,2,2,1,35,1,6,1,60,1,1,2
8724,5.0,1.0,5.0,1.0,5.0,5.0,1.0,5.0,5.0,5.0,1.0,5.0,5.0,4.0,5.0,1.0,1.0,5.0,5.0,5.0,0,0,5,5,6,5,5,7,6,5,1,1,1,1,1,1,0,1,0,1,0,0,1,1,1,1,3,1,1,1,33,1,12,1,60,1,1,2
8725,5.0,1.0,2.0,5.0,4.0,1.0,1.0,4.0,4.0,2.0,2.0,4.0,1.0,1.0,4.0,1.0,1.0,4.0,5.0,1.0,2,7,6,5,7,2,3,6,2,1,1,1,1,1,1,0,1,1,0,1,1,0,1,1,1,1,3,3,2,1,55,1,1,1,70,1,2,4
8726,5.0,5.0,2.0,1.0,5.0,2.0,1.0,4.0,3.0,1.0,2.0,5.0,4.0,1.0,5.0,3.0,1.0,4.0,5.0,5.0,6,5,7,1,6,5,1,2,7,1,1,1,1,1,1,0,1,1,0,1,1,0,1,1,1,1,3,2,1,2,21,2,7,1,60,1,1,4
8727,4.0,5.0,2.0,2.0,4.0,2.0,2.0,1.0,5.0,1.0,1.0,5.0,4.0,2.0,5.0,2.0,1.0,5.0,5.0,4.0,6,3,1,6,7,5,0,6,2,1,1,1,0,1,1,0,0,0,0,1,0,0,1,1,1,1,4,1,2,1,44,1,2,1,60,2,2,3
8728,4.0,4.0,2.0,3.0,3.0,4.0,2.0,2.0,4.0,3.0,1.0,4.0,4.0,3.0,3.0,2.0,1.0,3.0,5.0,2.0,4,5,6,2,6,5,4,6,5,4,1,1,0,1,1,0,0,0,0,1,1,1,1,1,1,1,3,1,1,1,39,1,1,1,60,1,2,3
8729,4.0,4.0,4.0,3.0,5.0,2.0,1.0,4.0,4.0,4.0,1.0,4.0,2.0,2.0,4.0,1.0,1.0,4.0,5.0,1.0,5,5,5,3,6,6,7,5,3,2,1,1,1,1,1,0,0,0,0,1,1,0,1,1,1,1,2,2,2,1,42,1,2,3,60,2,1,5
8730,3.0,4.0,2.0,4.0,5.0,4.0,5.0,3.0,5.0,5.0,1.0,5.0,1.0,4.0,1.0,5.0,1.0,5.0,5.0,2.0,7,3,7,7,5,1,7,3,1,1,1,0,0,1,1,0,0,0,0,1,0,0,0,0,1,1,3,3,2,2,22,1,6,5,30,1,1,1
8731,5.0,5.0,4.0,5.0,3.0,4.0,1.0,1.0,5.0,5.0,5.0,1.0,2.0,3.0,5.0,4.0,1.0,1.0,5.0,1.0,7,1,7,3,1,1,7,1,7,7,1,1,1,1,1,0,0,0,0,1,0,0,0,1,1,1,4,1,1,1,64,1,6,1,0,1,2,2
8732,5.0,2.0,2.0,3.0,5.0,1.0,2.0,3.0,4.0,2.0,1.0,5.0,5.0,1.0,4.0,3.0,1.0,5.0,5.0,4.0,6,3,4,2,6,1,6,7,5,3,1,1,0,1,1,1,1,1,0,1,0,1,1,1,1,1,3,2,1,2,31,1,6,1,70,2,2,3
8733,4.0,4.0,3.0,5.0,4.0,3.0,2.0,3.0,3.0,3.0,2.0,2.0,4.0,3.0,4.0,2.0,2.0,3.0,5.0,2.0,4,3,6,6,5,3,4,5,4,4,1,1,1,1,1,0,0,0,0,1,0,1,1,1,1,1,3,2,2,1,37,1,1,1,60,1,2,3
8734,2.0,4.0,5.0,1.0,4.0,2.0,1.0,5.0,5.0,2.0,1.0,5.0,4.0,1.0,1.0,1.0,1.0,4.0,1.0,4.0,6,5,6,1,5,1,6,1,6,2,1,1,0,1,1,0,0,1,0,1,0,0,1,1,1,1,3,1,1,1,38,1,7,1,60,1,2,4
8735,1.0,1.0,2.0,5.0,1.0,4.0,1.0,1.0,5.0,5.0,1.0,1.0,2.0,5.0,1.0,3.0,2.0,4.0,5.0,1.0,5,6,3,6,6,2,6,6,5,2,1,1,1,1,1,0,0,1,1,1,0,0,1,1,1,0,3,3,2,1,52,1,9,2,50,1,3,3
8736,3.0,1.0,1.0,4.0,5.0,2.0,2.0,2.0,5.0,5.0,5.0,5.0,1.0,2.0,3.0,5.0,2.0,3.0,1.0,1.0,4,1,7,5,5,4,6,2,6,4,1,1,0,1,1,0,1,1,0,1,0,0,1,1,1,1,3,3,1,1,57,1,6,1,60,2,3,2
8737,2.0,2.0,4.0,3.0,2.0,4.0,2.0,2.0,4.0,4.0,3.0,4.0,1.0,3.0,2.0,2.0,3.0,4.0,3.0,1.0,7,5,5,2,7,1,5,2,4,1,1,1,1,1,1,0,1,1,0,1,1,0,1,1,1,1,3,2,2,1,42,1,1,1,60,1,1,2
8738,1.0,2.0,3.0,4.0,3.0,1.0,1.0,4.0,5.0,4.0,3.0,1.0,1.0,2.0,5.0,2.0,2.0,1.0,5.0,2.0,6,3,7,1,7,1,6,3,5,3,1,1,1,1,1,0,0,0,0,1,0,0,1,1,1,1,3,2,2,1,50,1,6,1,20,1,2,2
8739,5.0,5.0,3.0,1.0,4.0,1.0,1.0,5.0,1.0,2.0,1.0,5.0,2.0,3.0,5.0,1.0,5.0,4.0,5.0,5.0,7,7,7,1,7,7,7,1,7,1,1,1,1,1,1,1,1,1,1,1,1,1,1,1,1,1,4,3,1,1,17,2,1,1,10,2,1,0
8740,2.0,3.0,5.0,4.0,3.0,4.0,2.0,1.0,5.0,4.0,2.0,2.0,1.0,4.0,3.0,4.0,4.0,4.0,5.0,1.0,2,1,5,6,4,2,7,2,3,6,1,1,1,1,1,1,0,0,0,1,0,0,1,1,1,1,4,3,2,1,66,1,1,1,60,1,3,4
8741,2.0,2.0,1.0,5.0,4.0,2.0,2.0,1.0,5.0,4.0,1.0,5.0,1.0,2.0,4.0,1.0,1.0,4.0,5.0,1.0,2,3,5,3,5,7,5,3,7,5,1,1,1,1,1,0,1,1,0,1,1,0,1,1,1,1,4,2,1,1,33,1,1,1,60,1,2,2
8742,1.0,4.0,4.0,5.0,1.0,2.0,1.0,1.0,4.0,2.0,3.0,2.0,1.0,2.0,4.0,1.0,3.0,2.0,5.0,1.0,5,5,6,4,6,6,6,5,7,6,1,1,1,1,1,0,1,1,0,1,1,0,1,1,1,1,3,3,2,1,66,1,7,1,60,1,3,4
8743,2.0,1.0,4.0,4.0,2.0,1.0,1.0,4.0,5.0,5.0,2.0,3.0,3.0,2.0,2.0,2.0,1.0,3.0,5.0,1.0,6,5,5,3,4,2,6,5,6,4,1,1,0,1,1,0,0,0,0,1,0,0,1,1,1,1,3,2,1,1,27,1,7,1,60,1,2,4
8744,4.0,4.0,3.0,4.0,3.0,1.0,2.0,3.0,4.0,2.0,1.0,5.0,4.0,2.0,3.0,1.0,1.0,2.0,5.0,3.0,3,4,3,5,4,5,5,6,4,4,1,1,1,1,1,0,0,0,0,1,0,0,1,1,1,1,3,0,2,1,62,1,7,1,60,1,3,3
8745,4.0,4.0,2.0,2.0,1.0,1.0,3.0,4.0,4.0,3.0,1.0,3.0,1.0,3.0,2.0,5.0,3.0,4.0,5.0,5.0,7,4,3,6,4,3,5,5,5,5,1,1,0,1,1,0,0,0,0,1,0,1,1,1,1,1,3,0,2,1,21,1,8,1,10,2,1,2
8746,2.0,2.0,2.0,4.0,2.0,4.0,2.0,2.0,5.0,4.0,1.0,2.0,3.0,3.0,2.0,5.0,4.0,1.0,4.0,1.0,2,5,6,5,3,7,6,3,5,3,1,1,1,1,1,1,1,1,0,1,0,0,1,1,1,1,3,1,2,1,49,1,6,1,60,1,2,3
8747,1.0,3.0,2.0,4.0,1.0,1.0,1.0,2.0,5.0,2.0,1.0,2.0,1.0,2.0,1.0,2.0,4.0,2.0,2.0,1.0,2,3,6,5,6,7,6,2,4,2,1,1,1,1,1,0,0,1,0,1,0,1,1,1,1,1,3,3,2,1,69,2,4,1,60,1,2,3
8748,1.0,1.0,2.0,4.0,4.0,4.0,1.0,2.0,5.0,2.0,1.0,5.0,1.0,4.0,2.0,2.0,1.0,2.0,4.0,1.0,3,2,3,5,6,7,7,2,3,6,1,1,0,1,1,0,0,0,0,1,0,0,1,1,1,1,3,2,1,1,52,1,12,3,60,1,1,2
8749,2.0,1.0,4.0,1.0,5.0,2.0,4.0,5.0,4.0,4.0,1.0,4.0,5.0,2.0,4.0,1.0,1.0,4.0,5.0,4.0,2,1,7,2,7,6,3,2,6,2,1,1,0,1,1,0,0,0,0,1,0,0,1,1,1,1,3,2,1,1,25,1,7,1,30,2,1,4
8750,1.0,2.0,2.0,4.0,2.0,5.0,4.0,2.0,5.0,4.0,1.0,2.0,1.0,4.0,2.0,2.0,2.0,1.0,2.0,1.0,2,5,6,3,5,7,5,2,6,6,1,1,0,1,1,1,0,0,0,1,0,0,1,1,1,1,3,3,1,1,40,1,7,1,60,1,2,3
8751,1.0,2.0,4.0,4.0,2.0,4.0,4.0,2.0,5.0,4.0,1.0,1.0,1.0,4.0,2.0,4.0,2.0,2.0,3.0,1.0,7,5,6,5,6,2,6,2,2,1,1,1,0,1,1,0,0,1,0,1,0,1,1,1,1,1,4,3,2,1,27,1,4,1,60,1,2,2
8752,5.0,2.0,1.0,4.0,5.0,2.0,2.0,2.0,5.0,4.0,2.0,5.0,1.0,2.0,4.0,2.0,3.0,5.0,5.0,4.0,3,2,6,5,5,3,6,1,4,2,1,1,1,1,1,1,0,0,0,1,0,0,1,1,1,1,3,2,2,1,30,1,6,1,60,1,2,5
8753,1.0,1.0,5.0,4.0,2.0,4.0,2.0,4.0,5.0,5.0,3.0,4.0,4.0,3.0,3.0,5.0,2.0,3.0,1.0,1.0,2,1,6,5,7,6,7,1,2,1,1,1,1,1,1,0,0,0,0,1,0,0,1,1,1,1,3,2,2,1,28,1,5,1,60,1,1,4
8754,2.0,2.0,4.0,5.0,2.0,1.0,1.0,2.0,5.0,2.0,1.0,5.0,2.0,1.0,3.0,1.0,1.0,1.0,5.0,3.0,1,3,6,5,7,7,5,3,4,2,1,1,1,1,1,0,1,0,0,1,0,0,0,1,1,1,4,2,2,1,33,1,12,1,70,1,1,2
8755,5.0,2.0,1.0,3.0,2.0,1.0,1.0,1.0,5.0,4.0,1.0,4.0,3.0,2.0,1.0,1.0,1.0,4.0,5.0,5.0,2,5,7,5,7,6,4,1,7,5,1,1,0,1,1,0,0,1,0,1,0,0,1,1,1,1,3,1,1,1,27,1,6,1,60,1,2,2
8756,3.0,5.0,3.0,3.0,5.0,2.0,4.0,1.0,4.0,5.0,1.0,5.0,4.0,1.0,3.0,3.0,1.0,2.0,1.0,5.0,6,2,5,2,6,3,6,4,5,1,1,1,1,1,1,0,1,1,0,1,1,0,1,1,1,1,4,3,1,1,50,1,2,1,10,1,3,3
8757,2.0,4.0,4.0,4.0,2.0,2.0,2.0,2.0,5.0,5.0,4.0,2.0,1.0,2.0,2.0,4.0,1.0,1.0,4.0,1.0,2,1,7,1,3,7,6,2,7,6,1,1,0,1,1,0,0,0,0,1,0,0,1,1,1,1,3,1,1,1,36,1,7,1,60,1,2,2
8758,3.0,3.0,1.0,3.0,5.0,1.0,1.0,1.0,5.0,5.0,1.0,5.0,5.0,4.0,3.0,1.0,1.0,3.0,5.0,1.0,2,6,6,7,1,4,6,6,3,6,1,1,1,1,1,0,1,0,0,1,1,0,0,1,1,1,3,2,2,1,66,1,6,1,60,2,3,2
8759,2.0,1.0,1.0,3.0,5.0,1.0,1.0,1.0,5.0,2.0,1.0,2.0,1.0,3.0,4.0,4.0,1.0,4.0,5.0,3.0,5,6,4,2,5,4,3,3,6,5,1,1,1,1,1,0,1,0,0,1,1,0,1,1,1,1,3,1,1,1,28,1,6,1,60,1,1,1
8760,5.0,5.0,3.0,3.0,5.0,1.0,1.0,5.0,2.0,1.0,2.0,5.0,5.0,3.0,4.0,3.0,1.0,5.0,5.0,4.0,5,5,7,1,4,3,5,1,6,3,1,1,0,1,1,0,0,1,0,1,1,1,1,1,1,1,3,2,1,1,21,1,12,3,60,2,1,2
8761,1.0,1.0,4.0,2.0,1.0,2.0,2.0,3.0,5.0,5.0,2.0,4.0,1.0,3.0,3.0,3.0,2.0,3.0,5.0,1.0,5,5,3,3,5,3,5,2,4,4,1,1,0,1,1,0,0,0,0,1,0,0,1,1,1,1,0,3,3,1,30,1,12,1,60,2,1,2
8762,4.0,4.0,2.0,4.0,5.0,1.0,2.0,4.0,2.0,4.0,1.0,4.0,2.0,2.0,4.0,2.0,1.0,4.0,4.0,5.0,2,4,6,4,5,6,3,1,4,1,1,1,1,1,1,0,1,0,0,1,1,0,1,1,1,1,2,2,1,1,57,1,1,1,60,1,2,3
8763,1.0,1.0,2.0,5.0,1.0,1.0,1.0,2.0,5.0,4.0,2.0,1.0,1.0,4.0,1.0,1.0,2.0,4.0,5.0,4.0,3,6,6,2,6,6,7,5,7,6,1,1,0,1,1,1,0,0,0,1,0,0,1,1,1,1,3,3,2,1,24,2,2,1,60,2,1,2
8764,5.0,2.0,2.0,4.0,4.0,1.0,1.0,4.0,2.0,2.0,1.0,4.0,3.0,4.0,3.0,2.0,2.0,4.0,5.0,4.0,2,5,6,2,7,4,5,3,6,2,1,1,1,1,1,0,0,0,0,1,0,0,1,1,1,1,3,2,2,1,55,1,12,1,60,1,2,2
8765,2.0,4.0,2.0,4.0,2.0,4.0,1.0,2.0,5.0,4.0,1.0,1.0,1.0,2.0,3.0,1.0,4.0,4.0,5.0,2.0,2,2,6,1,6,5,5,3,7,3,1,1,1,1,1,0,1,0,0,1,1,0,1,1,1,1,3,1,1,1,57,1,1,1,60,2,2,4
8766,2.0,2.0,4.0,4.0,2.0,2.0,2.0,4.0,5.0,5.0,1.0,2.0,2.0,4.0,2.0,2.0,2.0,2.0,4.0,1.0,5,2,6,2,7,5,7,2,7,1,0,1,0,1,1,0,0,0,0,1,0,0,1,1,1,1,4,0,2,1,29,2,2,3,60,1,1,2
8767,1.0,1.0,3.0,3.0,2.0,2.0,1.0,2.0,5.0,2.0,2.0,2.0,2.0,3.0,2.0,2.0,1.0,2.0,5.0,1.0,3,2,3,2,1,6,7,5,6,2,1,1,1,1,1,0,0,1,0,1,1,0,1,1,1,1,3,3,2,1,23,1,1,1,60,1,1,1
8768,1.0,4.0,1.0,4.0,4.0,2.0,5.0,4.0,5.0,5.0,1.0,5.0,4.0,2.0,1.0,3.0,1.0,4.0,5.0,3.0,2,5,6,1,7,6,5,4,5,4,1,1,0,1,1,0,0,0,1,1,1,0,1,1,1,1,4,3,1,1,47,3,4,1,30,1,2,2
8769,1.0,2.0,1.0,2.0,5.0,4.0,2.0,1.0,5.0,5.0,1.0,2.0,4.0,3.0,2.0,2.0,3.0,2.0,4.0,3.0,3,3,6,5,4,5,7,6,3,4,1,1,0,1,1,0,0,0,0,1,0,0,1,1,1,1,3,2,2,1,29,1,6,0,60,1,1,2
8770,1.0,1.0,4.0,3.0,4.0,3.0,2.0,1.0,5.0,2.0,1.0,4.0,1.0,4.0,2.0,4.0,4.0,4.0,1.0,1.0,7,4,3,2,6,2,6,5,6,2,1,1,0,1,1,0,1,0,0,1,0,0,1,1,1,1,4,3,2,1,23,2,6,1,10,2,1,3
8771,3.0,5.0,1.0,4.0,5.0,1.0,1.0,2.0,3.0,2.0,1.0,5.0,2.0,1.0,5.0,1.0,1.0,5.0,5.0,3.0,6,7,3,5,6,4,5,7,2,1,1,1,1,1,1,1,0,1,1,1,1,1,1,1,1,1,3,3,1,1,20,2,2,3,60,1,1,1
8772,4.0,5.0,1.0,4.0,2.0,1.0,1.0,2.0,2.0,4.0,1.0,3.0,2.0,1.0,5.0,4.0,1.0,3.0,5.0,4.0,2,5,7,1,6,4,1,1,7,2,1,1,0,1,1,1,0,1,0,1,1,0,1,1,1,1,3,2,1,1,24,1,1,1,60,1,1,3
8773,1.0,5.0,2.0,1.0,4.0,1.0,1.0,4.0,5.0,5.0,1.0,5.0,4.0,2.0,5.0,5.0,1.0,5.0,5.0,2.0,7,5,5,5,7,2,7,2,5,1,1,1,1,1,1,0,1,1,0,1,1,0,1,1,1,1,3,2,2,1,47,1,2,2,60,1,2,2
8774,1.0,5.0,2.0,5.0,2.0,4.0,2.0,1.0,5.0,5.0,2.0,1.0,1.0,4.0,4.0,2.0,5.0,2.0,5.0,1.0,2,1,4,1,3,7,7,6,4,4,1,1,1,1,1,0,0,0,0,1,0,0,1,1,1,1,3,1,2,1,45,1,6,1,60,1,2,2
8775,1.0,4.0,2.0,2.0,5.0,4.0,5.0,5.0,5.0,5.0,5.0,4.0,1.0,1.0,4.0,4.0,2.0,1.0,1.0,5.0,7,6,7,2,7,1,5,1,6,1,1,1,0,1,1,1,0,0,0,1,0,0,1,1,1,1,3,2,1,1,58,1,4,1,60,1,2,3
8776,3.0,2.0,2.0,4.0,2.0,2.0,1.0,4.0,5.0,4.0,1.0,4.0,3.0,2.0,4.0,1.0,1.0,4.0,5.0,1.0,3,4,4,1,7,7,5,5,7,2,1,1,1,1,1,1,1,0,0,1,1,1,1,1,1,1,4,2,2,1,31,1,1,1,60,1,2,3
8777,1.0,3.0,4.0,1.0,4.0,4.0,2.0,3.0,5.0,4.0,1.0,4.0,2.0,1.0,1.0,5.0,5.0,5.0,4.0,2.0,3,4,6,5,6,6,6,4,5,2,1,1,0,1,1,0,0,0,0,1,0,0,1,0,1,1,3,1,1,1,29,1,6,1,60,1,2,2
8778,4.0,4.0,5.0,4.0,5.0,5.0,2.0,2.0,5.0,1.0,4.0,4.0,3.0,3.0,3.0,2.0,5.0,4.0,5.0,1.0,5,3,6,1,7,1,7,5,6,2,1,1,0,1,1,0,0,0,0,1,0,0,1,1,1,1,3,3,0,1,58,1,4,1,60,1,2,3
8779,4.0,5.0,4.0,2.0,5.0,2.0,1.0,2.0,4.0,5.0,1.0,2.0,5.0,1.0,2.0,2.0,1.0,4.0,5.0,1.0,5,7,3,2,6,5,5,5,7,3,1,1,1,1,1,1,1,1,1,1,1,0,1,1,1,1,3,2,1,1,35,1,2,1,60,2,1,0
8780,4.0,2.0,4.0,4.0,4.0,1.0,1.0,2.0,4.0,1.0,1.0,2.0,2.0,2.0,1.0,1.0,1.0,4.0,5.0,2.0,3,6,5,4,3,5,4,3,5,3,1,1,1,1,1,1,0,0,0,1,0,0,1,1,1,1,4,2,2,1,31,1,12,1,60,1,2,2
8781,1.0,3.0,2.0,3.0,3.0,2.0,1.0,4.0,4.0,5.0,2.0,1.0,5.0,2.0,1.0,1.0,1.0,5.0,5.0,1.0,2,5,5,2,7,3,5,4,6,1,1,1,1,1,1,0,1,1,0,1,0,0,1,1,1,1,2,3,1,1,45,1,1,1,60,1,2,1
8782,5.0,2.0,4.0,5.0,5.0,3.0,3.0,1.0,5.0,2.0,3.0,5.0,5.0,1.0,5.0,5.0,1.0,1.0,4.0,3.0,7,2,7,1,7,2,6,1,7,1,1,1,1,1,1,0,1,0,0,1,1,0,1,1,1,1,2,3,2,1,49,3,12,1,60,2,1,1
8783,1.0,1.0,2.0,1.0,2.0,1.0,1.0,4.0,5.0,2.0,1.0,1.0,2.0,1.0,4.0,1.0,1.0,1.0,5.0,4.0,2,3,3,5,6,6,6,1,2,1,1,1,1,1,1,1,1,1,0,1,1,0,1,1,1,1,3,2,2,1,48,1,7,1,60,2,1,2
8784,4.0,4.0,4.0,5.0,1.0,1.0,2.0,4.0,5.0,2.0,3.0,3.0,1.0,5.0,2.0,1.0,2.0,4.0,5.0,1.0,2,2,7,1,6,6,4,2,7,3,1,1,1,1,1,0,1,1,0,1,1,0,1,1,1,1,4,2,1,1,40,1,2,1,60,1,2,2
8785,3.0,3.0,4.0,4.0,4.0,3.0,2.0,2.0,4.0,4.0,2.0,3.0,4.0,3.0,3.0,3.0,3.0,3.0,5.0,3.0,3,5,5,5,4,6,5,6,4,3,1,1,0,1,1,0,0,0,0,0,0,0,0,1,1,1,3,1,2,1,25,1,12,1,60,1,2,4
8786,4.0,4.0,4.0,2.0,4.0,5.0,4.0,4.0,5.0,4.0,2.0,1.0,1.0,2.0,3.0,2.0,3.0,4.0,3.0,1.0,3,6,3,5,2,6,5,3,4,5,1,1,1,1,1,0,1,1,0,1,1,0,1,1,1,1,3,3,1,2,45,1,1,1,70,1,2,3
8787,2.0,3.0,2.0,3.0,4.0,4.0,2.0,4.0,4.0,2.0,5.0,5.0,1.0,4.0,3.0,3.0,3.0,1.0,4.0,3.0,4,5,7,2,6,5,7,1,7,3,1,1,0,1,1,0,0,0,0,1,0,0,1,1,1,1,3,2,2,1,38,1,4,1,60,1,2,4
8788,2.0,4.0,4.0,2.0,4.0,1.0,2.0,4.0,5.0,4.0,1.0,5.0,2.0,2.0,4.0,2.0,2.0,4.0,4.0,1.0,2,2,2,4,6,6,4,6,5,4,1,1,1,1,1,0,1,0,0,1,0,0,1,1,1,1,4,2,2,1,31,1,6,1,10,1,1,2
8789,4.0,4.0,4.0,3.0,4.0,4.0,3.0,4.0,4.0,2.0,2.0,2.0,2.0,2.0,1.0,1.0,3.0,3.0,3.0,4.0,6,5,5,3,7,2,6,5,2,1,1,1,1,1,1,0,0,0,0,1,0,0,1,1,1,1,3,3,1,1,30,1,12,3,60,2,1,1
8790,2.0,4.0,4.0,2.0,4.0,4.0,1.0,3.0,3.0,4.0,2.0,5.0,4.0,3.0,5.0,1.0,3.0,4.0,5.0,1.0,3,5,6,2,2,4,3,2,7,5,1,1,0,1,1,0,0,0,0,1,0,0,1,1,1,1,2,2,1,1,18,1,4,1,10,2,1,2
8791,5.0,1.0,5.0,1.0,5.0,2.0,2.0,1.0,5.0,4.0,1.0,2.0,1.0,1.0,1.0,1.0,1.0,5.0,5.0,2.0,1,4,5,7,2,4,6,7,1,7,0,1,0,0,0,0,0,0,0,0,0,0,0,0,0,0,2,3,2,1,39,1,7,1,70,1,1,4
8792,1.0,2.0,4.0,2.0,1.0,5.0,4.0,2.0,5.0,4.0,1.0,2.0,4.0,3.0,2.0,4.0,3.0,3.0,5.0,1.0,2,3,6,2,7,7,6,2,6,1,1,1,0,1,1,1,0,1,0,1,0,0,1,1,1,1,3,2,2,2,31,1,1,5,60,2,1,1
8793,1.0,4.0,4.0,2.0,4.0,1.0,2.0,4.0,5.0,3.0,1.0,1.0,4.0,1.0,1.0,2.0,3.0,5.0,5.0,4.0,6,5,6,5,5,2,7,2,3,2,1,1,1,1,1,0,0,1,0,1,0,0,1,1,1,1,3,3,1,1,48,2,6,1,70,1,2,4
8794,5.0,4.0,1.0,2.0,5.0,1.0,1.0,2.0,3.0,2.0,1.0,4.0,5.0,2.0,4.0,1.0,1.0,4.0,5.0,1.0,1,6,7,2,7,7,6,4,7,2,1,1,1,1,1,0,1,1,0,1,1,0,1,1,1,1,3,2,1,1,57,1,12,1,60,1,2,4
8795,4.0,4.0,1.0,4.0,2.0,1.0,2.0,4.0,5.0,5.0,1.0,4.0,5.0,5.0,1.0,1.0,2.0,2.0,1.0,1.0,6,3,1,6,7,3,7,7,3,1,1,1,1,1,1,0,0,1,0,1,1,1,1,1,1,1,3,3,2,1,45,3,7,1,60,1,2,3
8796,5.0,2.0,1.0,3.0,1.0,1.0,1.0,1.0,5.0,1.0,1.0,5.0,2.0,1.0,5.0,2.0,2.0,1.0,5.0,1.0,2,3,6,5,6,7,6,2,4,5,1,1,0,1,1,1,0,0,1,1,0,0,1,1,1,1,4,2,2,1,36,2,1,1,60,2,2,3
8797,3.0,2.0,3.0,4.0,2.0,2.0,2.0,2.0,3.0,2.0,2.0,4.0,2.0,2.0,4.0,3.0,2.0,3.0,5.0,1.0,3,5,3,3,6,5,6,5,5,2,1,1,0,1,1,0,0,1,0,1,0,0,1,1,1,1,4,3,1,2,35,1,2,5,20,1,1,2
8798,5.0,5.0,1.0,1.0,5.0,3.0,1.0,5.0,3.0,4.0,1.0,5.0,5.0,1.0,4.0,2.0,5.0,5.0,3.0,3.0,4,2,5,7,3,5,7,5,5,5,1,1,0,1,1,0,0,1,0,1,0,0,0,0,1,1,3,2,2,2,27,1,3,1,10,1,2,2
8799,5.0,4.0,4.0,4.0,4.0,1.0,1.0,4.0,4.0,3.0,1.0,5.0,5.0,1.0,4.0,4.0,1.0,2.0,5.0,1.0,5,6,7,1,7,5,6,2,7,2,1,1,0,1,1,0,0,0,0,1,0,0,1,1,1,1,3,2,1,1,26,1,4,1,70,2,1,3
8800,2.0,4.0,1.0,3.0,4.0,1.0,1.0,1.0,3.0,2.0,2.0,5.0,5.0,2.0,5.0,2.0,1.0,4.0,4.0,2.0,2,6,4,5,6,7,1,2,7,2,1,1,0,1,1,0,0,0,0,1,0,0,1,1,1,1,2,2,1,1,24,1,2,1,60,2,1,1
8801,1.0,2.0,4.0,3.0,2.0,2.0,3.0,1.0,5.0,3.0,1.0,1.0,3.0,3.0,3.0,4.0,3.0,4.0,5.0,1.0,4,6,5,7,6,5,7,5,3,1,1,1,1,1,1,0,0,0,0,1,0,0,1,1,1,1,3,2,2,1,25,1,1,2,60,2,2,2
8802,5.0,4.0,3.0,3.0,4.0,2.0,5.0,4.0,5.0,5.0,1.0,4.0,4.0,3.0,4.0,4.0,1.0,5.0,5.0,1.0,6,5,7,6,6,5,6,4,7,1,1,1,1,1,1,0,0,1,1,1,1,0,1,1,1,1,2,1,2,1,27,1,12,5,60,2,1,3
8803,2.0,4.0,2.0,1.0,4.0,4.0,2.0,1.0,5.0,2.0,1.0,2.0,1.0,2.0,4.0,2.0,3.0,1.0,5.0,2.0,3,5,5,7,7,6,7,5,5,2,1,1,1,1,1,0,0,0,0,1,0,0,1,1,1,1,3,1,1,1,27,1,1,2,60,2,2,2
8804,2.0,3.0,3.0,5.0,1.0,3.0,4.0,1.0,5.0,5.0,2.0,2.0,1.0,4.0,1.0,4.0,2.0,2.0,2.0,1.0,2,3,3,1,6,6,6,2,5,5,1,1,0,1,1,0,0,0,0,1,0,0,1,1,1,1,3,1,2,1,49,1,12,1,70,1,3,4
8805,5.0,4.0,4.0,2.0,5.0,1.0,2.0,5.0,2.0,5.0,1.0,5.0,5.0,2.0,1.0,2.0,1.0,5.0,5.0,5.0,2,5,5,5,3,5,3,6,3,3,1,1,0,1,1,0,0,0,0,1,0,0,0,0,1,1,3,1,2,2,37,1,10,1,10,2,1,7
8806,5.0,1.0,1.0,1.0,5.0,1.0,1.0,2.0,5.0,3.0,1.0,5.0,4.0,3.0,4.0,1.0,1.0,5.0,5.0,2.0,6,6,5,4,7,6,6,6,6,1,1,1,1,1,1,0,0,0,0,1,0,0,1,1,1,1,3,2,2,1,28,2,1,1,60,1,2,3
8807,3.0,2.0,4.0,3.0,2.0,1.0,2.0,2.0,5.0,2.0,1.0,4.0,4.0,1.0,3.0,1.0,1.0,4.0,5.0,2.0,2,6,5,5,6,4,6,2,6,3,1,1,1,1,1,0,0,1,0,1,1,0,1,1,1,1,3,2,3,1,27,1,2,2,60,1,1,3
8808,1.0,4.0,2.0,3.0,4.0,1.0,2.0,2.0,4.0,4.0,1.0,4.0,4.0,2.0,4.0,1.0,2.0,4.0,5.0,1.0,5,5,4,5,6,3,5,5,4,2,1,1,1,1,1,0,0,1,0,1,0,0,1,1,1,1,2,2,2,1,39,1,2,1,60,1,2,2
8809,5.0,2.0,5.0,3.0,3.0,3.0,5.0,5.0,4.0,5.0,3.0,3.0,5.0,3.0,3.0,5.0,1.0,4.0,3.0,5.0,5,4,7,5,6,4,7,1,1,1,1,1,0,1,1,0,0,0,0,1,0,0,0,1,1,1,2,3,1,1,40,1,7,1,60,1,1,4
8810,3.0,2.0,4.0,4.0,4.0,5.0,5.0,2.0,5.0,5.0,2.0,4.0,1.0,4.0,1.0,5.0,5.0,4.0,4.0,1.0,1,6,6,6,5,5,7,2,4,4,1,1,1,1,1,1,1,1,1,1,0,0,1,1,1,1,4,3,2,2,48,1,4,1,70,2,3,4
8811,5.0,5.0,2.0,1.0,5.0,3.0,1.0,5.0,3.0,2.0,2.0,5.0,3.0,1.0,5.0,3.0,1.0,4.0,4.0,1.0,2,6,6,2,6,7,5,4,6,1,1,1,0,1,1,0,0,0,0,1,0,0,0,0,1,1,2,2,1,2,23,1,7,1,30,1,1,3
8812,1.0,2.0,2.0,4.0,5.0,2.0,1.0,4.0,5.0,2.0,2.0,1.0,4.0,4.0,2.0,2.0,2.0,4.0,5.0,1.0,5,6,7,5,6,5,5,2,6,3,1,1,0,1,1,0,0,1,0,1,1,1,1,1,1,1,4,3,2,2,24,1,4,1,60,1,1,3
8813,2.0,2.0,2.0,1.0,5.0,1.0,1.0,2.0,5.0,2.0,1.0,2.0,1.0,1.0,4.0,1.0,1.0,4.0,5.0,1.0,6,3,7,2,6,5,6,2,7,4,1,1,0,1,1,1,0,0,0,1,0,0,1,1,1,1,3,3,2,1,22,1,7,1,30,1,1,2
8814,1.0,1.0,2.0,3.0,2.0,4.0,1.0,2.0,5.0,1.0,1.0,3.0,1.0,4.0,4.0,1.0,4.0,4.0,4.0,1.0,5,5,6,5,5,3,5,5,6,2,1,1,0,1,1,0,0,0,0,1,0,0,1,1,1,1,3,3,1,1,44,1,7,1,60,1,2,2
8815,4.0,2.0,5.0,4.0,4.0,1.0,4.0,5.0,4.0,2.0,1.0,5.0,2.0,2.0,3.0,1.0,1.0,4.0,5.0,2.0,2,3,6,5,6,5,7,2,3,2,1,1,1,1,1,0,0,1,0,1,0,0,1,1,1,1,3,3,3,1,44,1,12,1,60,2,2,2
8816,2.0,1.0,2.0,1.0,4.0,2.0,3.0,1.0,5.0,2.0,2.0,5.0,3.0,1.0,4.0,1.0,2.0,3.0,5.0,3.0,5,5,7,7,6,6,7,6,3,2,1,1,0,1,1,0,0,0,0,1,0,0,0,1,0,1,2,2,2,1,20,3,1,1,70,1,1,2
8817,4.0,1.0,3.0,1.0,4.0,2.0,1.0,2.0,4.0,1.0,2.0,4.0,4.0,1.0,1.0,2.0,5.0,4.0,5.0,1.0,5,7,5,1,1,5,3,1,5,4,1,1,1,1,1,0,1,1,0,1,0,0,1,1,1,1,3,2,1,1,28,1,1,1,10,1,2,2
8818,3.0,3.0,2.0,3.0,5.0,1.0,1.0,1.0,4.0,2.0,1.0,5.0,1.0,1.0,3.0,1.0,3.0,5.0,5.0,3.0,5,2,4,5,6,5,4,6,4,2,1,1,0,1,1,0,0,0,0,1,0,0,1,1,1,1,3,3,2,2,35,1,1,1,60,2,3,2
8819,1.0,1.0,2.0,1.0,4.0,1.0,3.0,3.0,5.0,5.0,1.0,5.0,4.0,2.0,4.0,1.0,2.0,1.0,5.0,2.0,2,6,5,7,6,7,6,5,6,1,1,1,0,1,1,0,0,0,0,1,0,0,1,1,1,1,4,2,1,1,21,1,2,1,10,1,1,1
8820,2.0,4.0,2.0,3.0,4.0,4.0,3.0,3.0,4.0,3.0,3.0,5.0,2.0,2.0,4.0,2.0,2.0,4.0,5.0,2.0,5,5,7,2,6,4,5,3,6,3,1,1,0,1,1,0,0,1,0,1,1,0,1,1,1,1,3,2,2,2,35,1,1,1,60,2,1,1
8821,4.0,2.0,5.0,3.0,3.0,4.0,3.0,1.0,5.0,4.0,2.0,4.0,2.0,4.0,3.0,3.0,2.0,4.0,4.0,1.0,4,4,5,2,6,7,6,2,6,3,1,1,0,1,1,1,0,1,0,1,0,0,0,1,1,1,3,3,2,1,21,1,10,1,70,2,1,4
8822,5.0,2.0,5.0,4.0,5.0,5.0,5.0,3.0,5.0,5.0,1.0,2.0,1.0,4.0,1.0,1.0,2.0,1.0,5.0,1.0,4,2,6,1,7,2,5,3,7,1,1,1,0,1,1,0,0,0,0,1,0,0,1,1,1,1,4,3,1,1,40,1,2,1,60,1,2,3
8823,5.0,4.0,2.0,1.0,5.0,1.0,1.0,4.0,4.0,2.0,1.0,5.0,5.0,2.0,4.0,2.0,1.0,5.0,5.0,4.0,2,5,3,5,6,6,3,6,4,7,1,1,0,1,1,0,0,0,0,1,0,0,1,1,1,1,3,3,1,2,26,1,2,1,10,2,1,2
8824,1.0,1.0,4.0,5.0,2.0,4.0,4.0,1.0,4.0,5.0,1.0,1.0,1.0,3.0,1.0,1.0,3.0,4.0,5.0,1.0,6,6,3,4,7,5,7,2,6,3,1,1,1,1,1,0,1,1,0,1,1,0,1,1,1,1,3,2,2,2,31,1,2,1,60,1,1,2
8825,5.0,5.0,1.0,1.0,5.0,1.0,1.0,5.0,1.0,1.0,1.0,5.0,5.0,1.0,5.0,1.0,1.0,5.0,5.0,5.0,2,5,2,5,5,5,5,6,3,3,1,1,0,1,1,0,0,0,0,1,0,0,0,0,0,1,2,3,1,2,29,1,2,1,60,1,1,2
8826,1.0,1.0,4.0,4.0,3.0,1.0,5.0,4.0,5.0,5.0,4.0,1.0,1.0,3.0,2.0,5.0,4.0,4.0,5.0,1.0,6,5,7,1,7,5,7,4,6,1,0,0,0,0,1,0,0,0,0,0,0,0,0,0,0,1,3,3,1,2,46,1,4,1,70,1,3,4
8827,3.0,2.0,3.0,4.0,3.0,4.0,2.0,5.0,5.0,4.0,4.0,4.0,1.0,4.0,4.0,1.0,2.0,4.0,5.0,3.0,2,2,6,5,5,7,7,1,6,5,1,1,1,1,1,0,0,0,0,1,0,0,1,1,1,1,3,3,1,2,29,1,1,1,60,1,1,2
8828,2.0,4.0,4.0,2.0,4.0,3.0,4.0,4.0,4.0,4.0,2.0,2.0,1.0,4.0,3.0,4.0,4.0,2.0,5.0,4.0,5,6,5,3,6,2,3,1,3,1,1,1,1,1,1,1,1,0,0,1,1,1,1,1,1,1,2,3,2,2,37,1,1,1,50,1,2,0
8829,3.0,5.0,1.0,1.0,5.0,1.0,1.0,2.0,3.0,4.0,1.0,5.0,1.0,1.0,4.0,1.0,1.0,1.0,5.0,2.0,1,3,5,3,6,7,3,2,6,3,1,1,0,1,1,0,0,1,0,1,0,0,1,1,1,1,4,3,2,2,30,1,2,1,10,1,1,1
8830,3.0,3.0,3.0,1.0,5.0,2.0,3.0,2.0,4.0,2.0,1.0,5.0,2.0,1.0,2.0,1.0,2.0,4.0,5.0,2.0,6,6,6,2,5,3,4,3,4,1,1,0,0,1,1,0,0,0,0,1,0,0,0,1,1,1,3,3,1,2,32,1,12,1,60,1,1,2
8831,1.0,4.0,2.0,3.0,4.0,1.0,1.0,4.0,4.0,4.0,1.0,2.0,2.0,2.0,4.0,1.0,1.0,5.0,5.0,4.0,3,1,6,1,7,3,7,3,7,2,1,1,1,1,1,0,1,1,0,1,1,0,1,1,1,1,4,2,1,1,36,2,1,1,60,1,2,1
8832,5.0,5.0,1.0,1.0,5.0,1.0,1.0,5.0,1.0,4.0,1.0,5.0,5.0,1.0,5.0,1.0,1.0,5.0,5.0,5.0,1,6,7,4,2,7,3,3,7,7,1,1,1,1,1,0,1,1,0,1,1,0,1,1,1,1,3,3,1,1,48,1,10,1,60,2,2,2
8833,5.0,4.0,2.0,4.0,4.0,2.0,1.0,2.0,4.0,1.0,1.0,4.0,4.0,2.0,4.0,2.0,3.0,4.0,3.0,1.0,7,1,3,1,5,1,6,5,4,2,1,1,1,1,1,0,0,0,0,1,1,0,1,1,1,1,3,3,2,1,50,1,2,1,60,1,2,2
8834,4.0,4.0,4.0,3.0,4.0,2.0,2.0,2.0,5.0,5.0,2.0,4.0,1.0,4.0,3.0,2.0,2.0,4.0,5.0,1.0,7,5,6,4,6,3,5,3,5,2,1,1,1,1,1,0,1,0,1,1,1,1,1,1,1,1,3,3,2,2,25,1,7,1,60,1,1,2
8835,1.0,2.0,3.0,2.0,4.0,1.0,1.0,3.0,5.0,5.0,1.0,3.0,2.0,3.0,4.0,4.0,2.0,4.0,5.0,1.0,3,2,5,1,7,4,3,5,6,1,1,1,1,1,1,0,0,1,0,1,1,0,1,1,1,1,3,1,2,1,23,1,12,1,60,1,2,3
8836,4.0,4.0,4.0,4.0,4.0,2.0,3.0,4.0,3.0,3.0,3.0,5.0,3.0,2.0,5.0,3.0,2.0,3.0,4.0,1.0,7,5,6,4,7,2,6,3,5,3,1,1,1,1,1,0,1,1,0,1,1,0,1,1,1,1,3,2,1,1,30,1,1,1,60,1,2,3
8837,5.0,4.0,3.0,1.0,4.0,1.0,1.0,4.0,2.0,3.0,1.0,5.0,5.0,1.0,4.0,1.0,1.0,4.0,3.0,5.0,5,4,5,2,6,3,4,5,7,4,1,1,0,1,1,0,1,1,0,1,0,0,1,1,0,1,4,3,1,2,36,1,8,1,70,2,2,2
8838,4.0,1.0,2.0,2.0,5.0,2.0,1.0,4.0,4.0,5.0,1.0,4.0,5.0,1.0,1.0,1.0,4.0,4.0,5.0,5.0,5,7,7,4,7,6,4,1,7,2,1,1,0,1,1,0,0,0,0,1,0,0,0,1,1,1,3,3,1,2,30,1,8,1,10,2,2,2
8839,4.0,3.0,3.0,3.0,4.0,2.0,1.0,3.0,5.0,3.0,1.0,4.0,2.0,2.0,3.0,2.0,2.0,4.0,5.0,2.0,5,5,5,5,6,5,6,5,5,2,1,1,1,1,1,0,0,1,0,1,0,0,1,1,1,1,3,2,1,1,23,1,1,1,60,2,1,2
8840,5.0,4.0,5.0,2.0,2.0,4.0,2.0,3.0,2.0,4.0,2.0,4.0,4.0,2.0,3.0,3.0,1.0,4.0,4.0,2.0,3,6,2,5,6,1,1,4,3,1,1,1,1,1,1,0,1,1,1,1,1,1,1,1,1,1,3,2,2,2,30,1,4,1,60,1,1,1
8841,5.0,4.0,1.0,1.0,2.0,1.0,1.0,1.0,4.0,5.0,1.0,4.0,5.0,1.0,4.0,4.0,1.0,4.0,1.0,1.0,2,4,4,3,5,6,5,4,6,1,1,1,0,1,1,0,1,1,0,1,0,0,1,1,1,1,2,3,1,1,20,1,6,1,60,1,1,2
8842,4.0,5.0,2.0,3.0,4.0,2.0,2.0,4.0,5.0,4.0,1.0,4.0,3.0,2.0,4.0,2.0,4.0,4.0,3.0,3.0,7,4,6,2,6,1,6,2,6,2,1,1,1,1,1,0,0,1,0,1,0,1,1,1,1,1,3,3,2,2,41,1,2,1,60,2,2,2
8843,2.0,2.0,5.0,3.0,5.0,2.0,1.0,4.0,4.0,5.0,1.0,3.0,1.0,1.0,1.0,2.0,3.0,1.0,5.0,1.0,6,4,2,6,7,4,6,7,3,2,1,1,0,1,1,0,0,1,0,1,1,1,1,1,1,1,3,3,2,2,36,1,7,1,60,1,1,2
8844,4.0,5.0,1.0,2.0,5.0,1.0,1.0,5.0,5.0,1.0,1.0,5.0,5.0,2.0,5.0,1.0,1.0,5.0,5.0,1.0,7,5,6,7,4,1,7,7,1,1,1,1,0,1,1,0,0,0,0,1,0,0,0,1,1,1,4,2,2,1,29,1,10,1,70,2,1,2
8845,1.0,4.0,4.0,2.0,4.0,5.0,4.0,3.0,5.0,4.0,4.0,2.0,2.0,4.0,4.0,2.0,3.0,2.0,4.0,4.0,2,2,5,6,4,7,5,3,3,6,1,1,1,1,1,0,1,1,0,1,0,0,1,1,1,1,3,3,2,1,28,3,6,1,10,1,1,3
8846,4.0,2.0,3.0,3.0,2.0,2.0,2.0,1.0,3.0,5.0,1.0,2.0,1.0,3.0,3.0,4.0,4.0,2.0,5.0,1.0,4,5,5,4,6,5,6,6,4,5,1,1,0,1,1,0,0,1,0,1,1,0,1,1,1,1,3,3,2,2,37,1,1,1,60,1,1,2
8847,1.0,1.0,3.0,3.0,4.0,2.0,2.0,1.0,5.0,4.0,3.0,4.0,1.0,2.0,2.0,4.0,5.0,1.0,5.0,1.0,6,5,6,2,6,2,6,1,4,1,1,1,0,1,1,0,0,0,0,1,0,0,0,0,1,1,4,2,2,2,47,1,6,1,60,1,2,2
8848,2.0,2.0,1.0,1.0,2.0,2.0,2.0,1.0,5.0,4.0,1.0,3.0,2.0,3.0,2.0,4.0,4.0,1.0,4.0,3.0,4,7,4,5,6,3,3,2,4,5,1,1,0,1,1,0,0,1,0,1,1,0,1,1,1,1,3,2,1,1,42,1,12,1,60,2,2,2
8849,4.0,4.0,1.0,3.0,3.0,1.0,1.0,4.0,2.0,2.0,1.0,5.0,5.0,1.0,5.0,1.0,1.0,5.0,5.0,1.0,5,6,7,2,7,6,5,5,6,2,1,1,1,1,1,0,1,1,0,1,0,0,1,1,1,1,4,1,1,1,31,1,2,1,60,1,1,3
8850,3.0,5.0,3.0,2.0,3.0,3.0,1.0,4.0,3.0,4.0,1.0,4.0,4.0,4.0,5.0,1.0,4.0,5.0,5.0,5.0,4,5,3,6,6,7,4,4,3,1,1,1,0,1,1,0,0,1,0,1,1,0,1,1,1,1,4,2,2,1,27,1,4,1,70,1,1,1
8851,1.0,2.0,1.0,4.0,1.0,2.0,3.0,2.0,4.0,5.0,3.0,4.0,2.0,3.0,4.0,3.0,1.0,3.0,5.0,1.0,2,3,3,6,6,6,6,5,2,4,1,1,1,1,1,0,1,0,0,1,1,0,1,1,1,1,3,2,1,1,25,1,2,5,60,1,1,2
8852,2.0,4.0,5.0,3.0,2.0,2.0,1.0,2.0,5.0,5.0,2.0,4.0,1.0,4.0,4.0,2.0,1.0,1.0,1.0,1.0,5,6,7,5,3,3,5,5,3,2,1,1,1,1,1,0,0,0,0,1,0,0,1,1,1,1,3,1,2,1,47,2,6,1,60,1,3,2
8853,5.0,2.0,2.0,3.0,4.0,1.0,1.0,4.0,4.0,1.0,1.0,4.0,3.0,1.0,4.0,1.0,2.0,2.0,5.0,1.0,5,5,5,1,6,4,2,4,6,4,1,1,1,1,1,0,0,0,0,1,0,0,1,1,1,1,4,1,1,1,45,1,6,1,60,1,2,3
8854,1.0,4.0,2.0,5.0,2.0,1.0,1.0,2.0,5.0,2.0,1.0,1.0,2.0,5.0,4.0,5.0,2.0,3.0,5.0,1.0,1,4,7,5,5,7,7,5,6,1,1,1,0,1,1,0,0,0,0,1,0,0,1,1,1,1,3,3,2,1,35,1,2,2,60,1,2,5
8855,1.0,4.0,5.0,4.0,2.0,4.0,1.0,1.0,5.0,4.0,1.0,4.0,1.0,4.0,1.0,1.0,1.0,4.0,5.0,4.0,1,5,6,5,7,7,7,3,3,1,1,1,1,1,1,1,1,1,0,1,1,1,1,1,1,1,4,1,2,1,52,1,6,1,60,1,3,3
8856,5.0,5.0,1.0,3.0,4.0,2.0,2.0,2.0,1.0,3.0,2.0,5.0,5.0,3.0,4.0,2.0,1.0,5.0,5.0,4.0,2,3,1,3,7,6,5,5,4,4,1,1,1,1,1,0,0,1,0,1,1,1,1,1,1,1,3,3,1,2,31,1,7,1,10,1,2,2
8857,5.0,2.0,2.0,4.0,5.0,2.0,1.0,4.0,5.0,2.0,2.0,5.0,2.0,1.0,4.0,1.0,1.0,4.0,5.0,4.0,2,6,6,5,3,6,3,2,5,3,1,1,1,1,1,0,1,0,0,1,0,0,1,1,1,1,4,1,1,1,56,1,6,1,60,1,2,3
8858,1.0,4.0,1.0,1.0,4.0,1.0,2.0,2.0,2.0,5.0,5.0,1.0,1.0,1.0,1.0,2.0,2.0,5.0,5.0,1.0,7,7,7,6,5,5,6,5,6,7,1,1,0,1,0,0,0,0,0,0,0,0,0,1,0,1,4,3,1,2,23,1,9,1,60,1,1,3
8859,4.0,4.0,2.0,2.0,2.0,2.0,2.0,2.0,3.0,1.0,1.0,5.0,4.0,3.0,5.0,4.0,3.0,2.0,5.0,2.0,3,5,6,4,5,4,3,5,4,2,1,1,0,1,1,0,0,0,0,1,0,0,1,1,1,1,3,2,2,1,22,1,2,2,60,1,1,2
8860,1.0,4.0,4.0,4.0,4.0,4.0,2.0,2.0,4.0,3.0,1.0,4.0,1.0,2.0,4.0,2.0,2.0,4.0,4.0,1.0,1,6,2,7,5,2,3,1,1,2,1,1,1,1,1,0,1,1,0,1,1,0,1,1,1,1,3,1,2,2,59,1,1,1,60,2,1,6
8861,3.0,1.0,2.0,3.0,4.0,3.0,2.0,2.0,4.0,5.0,1.0,2.0,1.0,1.0,3.0,4.0,2.0,1.0,4.0,1.0,2,1,6,2,7,6,6,5,6,1,1,1,1,1,1,0,0,0,0,1,0,0,1,1,1,1,2,2,2,1,35,1,1,1,0,1,3,2
8862,4.0,4.0,1.0,4.0,4.0,4.0,1.0,2.0,5.0,4.0,1.0,4.0,4.0,1.0,4.0,4.0,1.0,5.0,1.0,1.0,5,6,3,6,5,5,4,7,6,1,1,0,0,1,0,0,0,0,0,1,0,0,1,0,1,1,3,3,1,2,33,1,1,1,60,1,1,3
8863,2.0,2.0,2.0,5.0,1.0,2.0,2.0,2.0,5.0,5.0,4.0,4.0,2.0,2.0,2.0,3.0,4.0,2.0,4.0,2.0,2,2,6,6,7,6,6,5,4,3,1,1,1,1,1,0,0,0,0,1,0,0,1,1,1,1,4,2,2,1,46,1,6,1,60,1,2,1
8864,1.0,5.0,1.0,5.0,5.0,4.0,1.0,2.0,5.0,5.0,1.0,2.0,1.0,2.0,4.0,5.0,1.0,5.0,5.0,1.0,5,3,7,2,6,6,6,1,7,5,1,1,0,1,1,0,1,0,0,1,0,0,1,1,1,1,4,3,1,1,32,1,7,1,60,1,1,2
8865,4.0,4.0,4.0,2.0,2.0,2.0,1.0,1.0,5.0,2.0,1.0,5.0,1.0,2.0,4.0,1.0,2.0,2.0,5.0,4.0,7,1,7,2,7,1,7,5,5,1,1,1,1,1,1,0,0,1,0,1,1,0,1,1,1,1,4,2,2,1,33,1,2,2,70,1,1,4
8866,4.0,4.0,3.0,3.0,4.0,2.0,1.0,5.0,2.0,5.0,2.0,3.0,2.0,1.0,4.0,2.0,1.0,2.0,5.0,4.0,7,3,6,1,4,1,5,4,4,1,0,0,0,0,0,0,0,0,0,1,0,0,0,0,0,0,4,3,2,2,22,1,2,1,10,2,1,1
8867,1.0,5.0,3.0,5.0,3.0,3.0,2.0,1.0,4.0,3.0,1.0,1.0,2.0,5.0,5.0,1.0,2.0,4.0,5.0,1.0,5,2,6,7,7,7,7,1,6,6,1,1,0,1,1,0,0,1,0,1,0,0,1,1,1,1,4,1,2,1,25,1,6,1,60,1,2,3
8868,3.0,4.0,4.0,2.0,2.0,4.0,2.0,5.0,5.0,4.0,3.0,4.0,1.0,1.0,4.0,3.0,4.0,4.0,3.0,3.0,5,5,5,4,6,7,6,4,6,5,1,1,0,1,1,0,0,0,0,1,0,0,1,0,1,1,3,2,1,2,42,1,2,1,60,1,2,3
8869,3.0,3.0,4.0,2.0,4.0,2.0,1.0,4.0,4.0,5.0,1.0,2.0,4.0,2.0,4.0,1.0,5.0,4.0,5.0,1.0,1,5,6,7,1,7,7,1,5,1,1,1,0,1,0,0,0,0,0,1,0,0,0,0,1,1,2,2,1,2,18,1,12,1,70,2,1,1
8870,2.0,4.0,2.0,3.0,2.0,1.0,1.0,4.0,3.0,3.0,1.0,2.0,1.0,2.0,4.0,2.0,2.0,4.0,5.0,2.0,5,5,5,2,6,2,6,2,5,3,1,1,0,1,1,0,0,1,0,1,0,0,1,1,1,1,4,3,2,2,30,1,1,1,60,2,2,3
8871,2.0,2.0,4.0,2.0,4.0,2.0,2.0,1.0,3.0,2.0,2.0,3.0,4.0,2.0,3.0,4.0,1.0,2.0,5.0,1.0,3,5,6,2,5,6,4,2,6,4,1,1,1,1,1,1,1,1,1,1,1,0,1,1,1,1,4,2,1,1,28,1,6,1,60,1,1,5
8872,4.0,3.0,4.0,3.0,4.0,4.0,1.0,3.0,5.0,4.0,1.0,1.0,1.0,2.0,3.0,5.0,2.0,5.0,5.0,1.0,2,6,6,2,7,6,5,1,7,1,1,1,0,1,1,1,0,1,0,1,0,0,1,1,1,1,2,3,1,1,27,1,7,1,60,2,2,6
8873,5.0,4.0,3.0,2.0,4.0,2.0,1.0,2.0,4.0,2.0,2.0,5.0,1.0,2.0,5.0,1.0,1.0,5.0,1.0,2.0,0,0,0,0,7,0,0,0,0,0,1,1,1,1,1,0,1,1,0,1,1,0,1,1,1,1,4,3,1,1,45,1,6,1,60,1,2,3
8874,5.0,4.0,1.0,1.0,5.0,1.0,1.0,3.0,2.0,3.0,1.0,5.0,5.0,1.0,4.0,1.0,1.0,5.0,3.0,3.0,4,4,2,7,5,6,3,3,2,4,1,1,0,1,1,0,0,0,0,1,0,0,0,1,1,1,2,2,1,2,24,1,6,1,60,2,1,1
8875,4.0,1.0,2.0,4.0,4.0,4.0,4.0,1.0,5.0,2.0,3.0,2.0,1.0,4.0,1.0,1.0,2.0,1.0,1.0,4.0,6,1,7,1,7,6,7,1,7,1,1,1,0,1,1,0,0,0,0,1,0,0,0,0,1,1,2,1,1,1,26,1,7,2,30,1,1,5
8876,5.0,1.0,2.0,2.0,5.0,2.0,5.0,5.0,5.0,5.0,1.0,2.0,4.0,3.0,4.0,4.0,5.0,4.0,3.0,5.0,5,6,6,6,6,6,5,2,5,5,1,0,0,1,1,0,0,0,0,1,0,0,0,0,1,1,3,3,1,2,21,1,4,1,10,2,1,2
8877,5.0,4.0,5.0,3.0,4.0,3.0,2.0,1.0,5.0,3.0,3.0,3.0,2.0,2.0,1.0,2.0,2.0,3.0,4.0,1.0,2,2,6,3,7,5,4,4,4,4,1,1,1,1,1,0,1,1,0,1,0,0,1,1,1,1,4,1,2,1,33,2,6,2,60,1,3,3
8878,1.0,1.0,4.0,4.0,3.0,5.0,5.0,3.0,5.0,5.0,2.0,1.0,1.0,3.0,1.0,5.0,3.0,1.0,4.0,3.0,7,5,7,5,5,1,5,1,4,4,1,1,0,1,1,1,0,1,0,1,0,1,1,1,1,1,3,3,1,1,34,1,5,1,60,1,2,2
8879,1.0,3.0,3.0,5.0,1.0,5.0,2.0,1.0,5.0,5.0,2.0,1.0,2.0,2.0,3.0,5.0,5.0,4.0,5.0,2.0,3,6,7,5,6,5,7,2,7,4,1,1,1,1,1,0,0,1,0,1,0,0,1,1,1,1,3,3,1,2,30,1,2,1,60,1,2,1
8880,2.0,4.0,4.0,4.0,1.0,2.0,2.0,1.0,5.0,3.0,2.0,5.0,2.0,3.0,1.0,4.0,2.0,2.0,5.0,1.0,6,3,7,5,6,6,5,1,6,1,1,1,1,1,1,0,0,1,0,1,1,1,0,1,1,1,4,3,2,2,32,1,1,1,60,1,1,2
8881,1.0,2.0,1.0,4.0,2.0,1.0,1.0,1.0,5.0,4.0,1.0,1.0,1.0,1.0,4.0,1.0,4.0,4.0,5.0,3.0,6,1,7,5,7,5,7,2,7,1,1,1,1,1,1,0,1,0,0,1,1,0,1,1,1,1,4,3,2,1,49,1,1,1,60,1,3,2
8882,5.0,2.0,5.0,2.0,3.0,2.0,3.0,2.0,5.0,5.0,1.0,4.0,1.0,2.0,4.0,2.0,2.0,2.0,5.0,2.0,2,5,5,2,3,5,6,3,4,3,1,1,0,1,1,0,0,0,1,1,0,0,0,1,1,1,3,1,2,1,44,1,3,1,60,0,1,2
8883,5.0,4.0,2.0,3.0,4.0,1.0,1.0,3.0,5.0,1.0,2.0,5.0,5.0,3.0,4.0,1.0,2.0,4.0,3.0,1.0,4,7,7,4,7,6,3,1,7,1,1,1,1,1,1,1,1,1,0,1,1,1,1,1,1,1,4,3,2,2,28,1,4,1,60,1,1,1
8884,3.0,2.0,2.0,3.0,4.0,1.0,1.0,1.0,5.0,4.0,2.0,1.0,2.0,2.0,4.0,1.0,5.0,1.0,1.0,1.0,7,2,5,7,7,1,7,4,3,1,0,0,0,0,0,0,0,0,0,1,0,0,0,0,1,1,2,3,2,2,18,1,10,1,20,2,1,4
8885,4.0,5.0,3.0,2.0,1.0,2.0,2.0,5.0,5.0,5.0,4.0,5.0,1.0,1.0,4.0,5.0,1.0,4.0,5.0,1.0,6,6,7,1,5,1,7,5,5,5,1,1,1,1,1,0,0,1,0,1,0,0,0,1,1,1,2,3,2,2,22,1,2,1,60,1,1,2
8886,1.0,2.0,2.0,2.0,2.0,2.0,4.0,4.0,5.0,4.0,2.0,2.0,1.0,2.0,2.0,4.0,2.0,4.0,4.0,4.0,6,2,5,1,7,2,7,2,6,1,1,1,1,1,1,1,1,0,0,1,0,0,1,1,1,1,2,2,1,1,44,1,4,1,0,2,1,3
8887,1.0,1.0,5.0,4.0,2.0,5.0,5.0,1.0,5.0,5.0,3.0,1.0,1.0,4.0,4.0,3.0,3.0,1.0,2.0,1.0,5,2,6,5,7,6,7,5,5,1,1,1,0,1,1,1,0,0,0,1,0,0,1,1,1,1,3,1,2,1,28,1,6,1,60,1,2,4
8888,4.0,4.0,4.0,3.0,5.0,5.0,3.0,4.0,5.0,1.0,2.0,5.0,1.0,2.0,4.0,2.0,3.0,5.0,3.0,3.0,5,6,4,3,5,5,5,3,4,3,1,1,0,1,1,1,0,0,0,1,0,0,1,1,1,1,3,3,1,2,26,1,6,1,30,1,1,3
8889,5.0,5.0,1.0,1.0,5.0,1.0,1.0,4.0,1.0,1.0,1.0,5.0,4.0,1.0,4.0,1.0,1.0,5.0,5.0,3.0,1,3,7,1,7,5,5,2,6,1,1,1,1,1,1,0,1,1,0,1,0,1,1,1,1,1,2,3,1,1,22,1,1,1,30,2,1,5
8890,1.0,5.0,1.0,2.0,3.0,2.0,2.0,4.0,4.0,4.0,1.0,4.0,5.0,1.0,3.0,5.0,2.0,5.0,5.0,1.0,1,3,6,7,2,4,4,5,3,6,1,1,1,1,1,0,0,0,0,1,0,0,1,1,1,1,3,1,1,1,36,2,2,1,70,1,1,1
8891,1.0,4.0,2.0,4.0,2.0,5.0,5.0,2.0,5.0,5.0,1.0,4.0,4.0,2.0,2.0,5.0,1.0,1.0,5.0,1.0,3,5,7,5,6,7,6,2,5,2,1,1,1,1,1,0,1,1,0,1,1,0,1,1,1,1,3,3,2,2,38,1,7,1,60,1,1,2
8892,1.0,1.0,1.0,4.0,4.0,2.0,2.0,3.0,5.0,5.0,4.0,2.0,1.0,4.0,1.0,2.0,4.0,3.0,4.0,1.0,2,3,6,5,5,6,7,3,5,3,1,1,1,1,1,0,0,0,0,1,0,0,0,1,1,1,3,1,2,1,39,3,3,1,60,2,1,1
8893,4.0,4.0,4.0,3.0,4.0,3.0,3.0,3.0,4.0,3.0,2.0,4.0,2.0,2.0,3.0,2.0,2.0,2.0,4.0,1.0,5,5,5,2,5,5,4,4,6,4,1,1,1,1,1,0,0,0,0,1,0,0,1,1,1,1,2,2,1,1,21,1,1,1,60,2,1,2
8894,4.0,4.0,4.0,4.0,4.0,2.0,2.0,4.0,4.0,4.0,1.0,4.0,1.0,2.0,5.0,1.0,4.0,2.0,5.0,4.0,2,5,5,1,6,6,5,5,7,3,1,1,1,1,1,0,1,1,0,1,0,0,1,1,1,1,4,2,1,1,31,1,1,1,60,1,2,3
8895,5.0,2.0,5.0,2.0,3.0,4.0,2.0,5.0,5.0,5.0,1.0,1.0,1.0,1.0,4.0,5.0,1.0,4.0,5.0,1.0,3,2,4,7,7,5,6,4,5,3,0,0,0,1,1,0,0,0,0,1,0,0,0,1,1,1,3,2,2,2,23,1,8,1,10,2,1,2
8896,3.0,4.0,3.0,5.0,4.0,4.0,2.0,3.0,5.0,3.0,4.0,4.0,1.0,4.0,4.0,5.0,1.0,4.0,5.0,3.0,7,1,7,1,6,1,7,5,7,3,1,1,1,1,1,0,1,1,0,1,1,1,1,1,1,1,2,2,2,1,60,1,4,0,0,1,3,3
8897,2.0,1.0,4.0,4.0,5.0,1.0,1.0,1.0,4.0,4.0,1.0,3.0,1.0,1.0,1.0,2.0,3.0,5.0,5.0,5.0,2,5,7,7,2,7,4,1,4,7,1,1,1,1,1,0,1,1,0,1,0,0,1,1,1,1,2,3,1,2,25,1,2,1,60,1,1,2
8898,1.0,3.0,2.0,4.0,5.0,5.0,2.0,5.0,5.0,5.0,4.0,4.0,1.0,4.0,1.0,4.0,4.0,1.0,5.0,1.0,1,1,6,1,7,2,7,1,7,1,1,1,1,1,1,0,1,1,0,1,0,0,1,1,1,1,4,2,2,1,61,1,3,1,60,1,3,2
8899,2.0,3.0,2.0,3.0,2.0,1.0,1.0,2.0,3.0,3.0,2.0,4.0,4.0,2.0,4.0,2.0,2.0,4.0,5.0,2.0,6,4,6,1,5,3,2,3,7,5,1,1,0,1,1,0,0,0,0,1,0,0,0,1,1,1,4,2,1,1,32,1,4,2,60,1,1,3
8900,2.0,5.0,2.0,4.0,5.0,4.0,1.0,4.0,3.0,1.0,1.0,5.0,5.0,5.0,4.0,1.0,1.0,4.0,5.0,1.0,2,4,7,3,6,4,3,2,5,6,1,1,0,1,1,0,0,0,0,1,0,0,1,1,1,1,3,1,1,1,38,1,2,1,60,1,1,2
8901,1.0,2.0,1.0,4.0,2.0,2.0,4.0,3.0,5.0,5.0,3.0,4.0,2.0,2.0,1.0,5.0,2.0,2.0,5.0,3.0,6,5,5,5,5,1,5,2,5,5,1,1,1,1,1,0,1,1,0,1,1,0,1,1,1,1,3,2,1,1,48,1,2,1,60,1,2,3
8902,3.0,4.0,3.0,4.0,5.0,4.0,2.0,4.0,5.0,3.0,1.0,5.0,3.0,3.0,3.0,2.0,2.0,4.0,4.0,5.0,1,5,6,6,5,7,3,5,5,4,1,1,1,1,1,0,0,0,0,1,0,0,1,1,1,1,2,2,1,1,44,1,2,4,0,2,1,3
8903,1.0,2.0,4.0,5.0,1.0,3.0,2.0,1.0,5.0,5.0,1.0,1.0,4.0,5.0,1.0,2.0,1.0,1.0,1.0,3.0,1,1,6,6,7,7,7,3,5,2,1,1,1,1,1,0,0,0,0,1,0,1,1,1,1,1,3,2,2,1,28,1,4,1,60,1,2,4
8904,5.0,5.0,3.0,1.0,3.0,2.0,3.0,5.0,1.0,1.0,1.0,3.0,4.0,2.0,2.0,1.0,2.0,5.0,5.0,4.0,7,5,3,1,7,1,6,4,3,3,1,1,0,1,0,1,0,1,0,1,0,0,0,1,1,1,3,3,2,2,30,1,7,1,60,2,3,1
8905,1.0,3.0,4.0,3.0,3.0,4.0,4.0,3.0,5.0,4.0,2.0,4.0,2.0,2.0,3.0,5.0,1.0,3.0,5.0,1.0,5,6,7,5,7,5,6,6,6,5,1,1,1,1,1,0,1,1,0,1,1,1,1,1,1,1,4,2,2,1,40,1,8,1,10,1,1,3
8906,1.0,1.0,5.0,4.0,1.0,4.0,2.0,1.0,5.0,5.0,2.0,4.0,1.0,2.0,4.0,5.0,4.0,1.0,4.0,1.0,6,1,6,1,7,2,7,2,6,3,1,1,0,1,1,0,1,0,0,1,0,0,1,1,1,1,4,3,2,1,39,1,2,1,60,1,2,5
8907,3.0,3.0,4.0,5.0,3.0,4.0,3.0,4.0,5.0,4.0,1.0,2.0,1.0,4.0,2.0,2.0,2.0,3.0,5.0,3.0,1,4,1,7,4,6,6,4,1,3,1,1,1,1,1,0,0,0,0,1,0,0,1,1,1,1,2,1,2,1,18,1,2,2,60,2,1,2
8908,1.0,1.0,5.0,3.0,5.0,2.0,5.0,1.0,5.0,5.0,2.0,5.0,2.0,3.0,1.0,2.0,2.0,4.0,4.0,1.0,2,5,7,5,6,6,6,3,7,2,1,1,1,1,1,1,1,1,0,1,0,0,1,1,1,1,4,3,2,1,71,1,1,1,60,1,2,6
8909,4.0,5.0,2.0,4.0,5.0,1.0,1.0,2.0,5.0,2.0,1.0,2.0,3.0,2.0,4.0,2.0,1.0,4.0,5.0,1.0,7,5,7,1,7,2,5,1,7,1,1,1,0,1,1,0,0,0,0,1,1,0,0,1,1,1,3,2,1,2,24,1,2,1,60,1,1,3
8910,2.0,4.0,2.0,2.0,4.0,2.0,2.0,2.0,2.0,4.0,2.0,2.0,2.0,4.0,2.0,4.0,2.0,2.0,4.0,2.0,3,5,6,2,5,5,7,2,6,5,1,1,0,1,1,1,1,1,0,1,0,1,1,1,1,1,3,2,2,1,34,2,7,1,60,1,2,5
8911,4.0,4.0,1.0,3.0,4.0,1.0,1.0,5.0,1.0,1.0,1.0,5.0,2.0,1.0,5.0,1.0,1.0,5.0,5.0,5.0,4,5,2,6,2,1,6,5,2,1,1,1,1,1,1,1,0,0,1,1,0,0,1,1,1,1,4,3,2,1,48,1,6,1,60,2,2,2
8912,4.0,3.0,4.0,3.0,4.0,4.0,1.0,1.0,3.0,4.0,4.0,4.0,2.0,3.0,4.0,4.0,2.0,2.0,5.0,3.0,6,6,3,7,6,5,7,7,2,1,1,1,0,1,1,0,0,0,0,1,0,0,0,1,1,1,3,2,2,2,25,2,4,1,60,1,1,3
8913,3.0,5.0,1.0,2.0,5.0,1.0,1.0,5.0,2.0,2.0,1.0,3.0,5.0,5.0,4.0,3.0,5.0,5.0,5.0,1.0,6,7,5,7,7,4,7,3,3,1,1,1,1,1,1,0,0,0,0,1,0,0,1,0,1,1,2,3,2,2,37,1,2,1,10,2,1,3
8914,3.0,2.0,2.0,4.0,1.0,1.0,2.0,2.0,3.0,3.0,3.0,4.0,1.0,3.0,3.0,2.0,1.0,3.0,4.0,1.0,1,3,7,1,7,4,2,1,7,1,1,1,1,1,1,0,0,0,0,1,0,0,1,1,1,1,4,3,1,1,56,1,4,1,60,1,2,3
8915,1.0,1.0,2.0,4.0,4.0,4.0,2.0,5.0,5.0,4.0,1.0,1.0,2.0,1.0,1.0,1.0,1.0,1.0,5.0,5.0,1,6,3,5,7,5,5,5,6,6,1,1,1,1,1,0,0,1,0,1,0,0,1,1,1,1,3,2,1,1,21,1,1,1,60,2,1,3
8916,4.0,2.0,2.0,4.0,4.0,4.0,1.0,4.0,4.0,2.0,2.0,1.0,2.0,2.0,4.0,2.0,2.0,4.0,5.0,2.0,7,3,5,5,5,1,6,6,6,3,1,1,0,1,1,0,0,0,0,1,0,0,1,1,1,1,3,1,1,1,22,2,6,1,60,1,1,2
8917,3.0,4.0,5.0,4.0,3.0,5.0,5.0,3.0,5.0,5.0,2.0,3.0,3.0,3.0,4.0,3.0,2.0,4.0,4.0,3.0,3,4,6,4,7,4,5,4,6,4,1,1,1,1,1,0,0,0,0,1,0,1,1,1,1,1,3,3,2,1,40,1,6,1,60,1,2,44
8918,3.0,4.0,4.0,2.0,5.0,4.0,2.0,2.0,5.0,5.0,1.0,4.0,4.0,2.0,4.0,3.0,2.0,4.0,5.0,5.0,5,5,6,1,7,5,1,3,7,1,1,1,0,1,1,0,0,0,0,1,0,0,1,1,1,1,3,2,1,1,29,1,2,1,60,2,1,2
8919,3.0,4.0,3.0,3.0,4.0,2.0,1.0,4.0,2.0,1.0,2.0,4.0,4.0,1.0,4.0,4.0,3.0,4.0,5.0,3.0,5,5,3,5,6,2,5,5,3,2,1,1,0,1,1,0,1,0,0,1,1,1,1,1,1,1,2,3,1,2,19,1,2,1,70,1,1,4
8920,1.0,1.0,5.0,5.0,1.0,4.0,4.0,1.0,5.0,5.0,3.0,4.0,1.0,2.0,1.0,4.0,2.0,2.0,5.0,1.0,3,5,2,6,6,2,5,3,6,1,1,1,0,1,1,0,0,0,0,1,0,0,1,1,1,1,3,1,2,1,50,1,6,1,60,1,3,4
8921,5.0,4.0,2.0,4.0,5.0,3.0,3.0,5.0,5.0,4.0,3.0,4.0,4.0,4.0,4.0,3.0,3.0,5.0,5.0,1.0,5,5,6,2,6,5,7,2,6,2,0,0,0,0,1,0,0,0,0,0,0,0,0,1,0,1,2,3,2,1,17,2,7,1,30,2,1,3
8922,4.0,5.0,1.0,2.0,4.0,1.0,1.0,4.0,5.0,2.0,2.0,5.0,2.0,2.0,3.0,4.0,2.0,3.0,5.0,3.0,6,6,4,3,7,3,5,5,5,3,1,1,1,1,1,0,0,1,0,1,1,0,1,1,1,1,3,3,1,1,34,2,1,3,60,1,1,4
8923,1.0,4.0,4.0,4.0,2.0,2.0,1.0,4.0,5.0,5.0,3.0,4.0,1.0,2.0,2.0,1.0,1.0,4.0,5.0,1.0,1,5,2,6,3,7,5,4,4,1,1,1,1,1,1,0,0,1,0,1,0,0,1,1,1,1,4,1,1,1,27,1,12,1,60,2,2,3
8924,4.0,5.0,1.0,4.0,2.0,1.0,1.0,5.0,1.0,1.0,1.0,4.0,4.0,1.0,5.0,1.0,4.0,5.0,5.0,2.0,3,3,6,2,7,6,2,1,5,5,1,1,1,1,1,0,0,0,0,1,0,0,1,1,1,1,4,2,2,1,32,1,2,1,60,1,2,2
8925,4.0,2.0,4.0,2.0,2.0,4.0,2.0,1.0,5.0,3.0,2.0,5.0,1.0,2.0,2.0,1.0,1.0,5.0,5.0,2.0,5,6,5,1,3,6,3,5,6,2,1,1,0,1,1,0,0,0,0,1,0,0,1,0,1,1,4,3,1,2,46,1,2,1,60,1,2,2
8926,1.0,2.0,1.0,3.0,3.0,1.0,1.0,2.0,5.0,5.0,1.0,3.0,4.0,2.0,2.0,4.0,3.0,2.0,5.0,1.0,3,5,6,6,3,7,7,5,6,1,1,1,1,1,1,0,1,1,0,1,0,0,1,1,1,1,2,2,2,2,20,1,2,3,60,2,1,2
8927,4.0,2.0,4.0,4.0,4.0,2.0,2.0,4.0,5.0,4.0,2.0,4.0,4.0,2.0,4.0,3.0,2.0,3.0,4.0,4.0,3,4,6,4,7,6,7,4,6,1,1,1,1,1,1,0,0,0,0,1,0,0,1,1,1,1,3,1,2,1,37,1,1,1,60,1,1,2
8928,1.0,2.0,3.0,4.0,2.0,4.0,1.0,2.0,5.0,5.0,3.0,1.0,4.0,3.0,5.0,4.0,2.0,3.0,5.0,2.0,5,5,5,6,7,5,6,6,5,1,1,0,0,1,0,0,0,0,0,1,0,0,0,1,0,1,2,3,1,2,20,2,6,1,60,2,1,2
8929,2.0,2.0,1.0,2.0,4.0,1.0,1.0,3.0,4.0,2.0,1.0,4.0,2.0,1.0,4.0,1.0,1.0,4.0,4.0,3.0,2,5,4,6,3,4,5,2,2,3,1,1,1,1,1,0,0,0,0,1,1,0,1,1,1,1,3,2,1,1,33,1,2,1,60,1,1,2
8930,4.0,4.0,4.0,3.0,4.0,2.0,2.0,5.0,5.0,2.0,1.0,5.0,4.0,1.0,5.0,5.0,5.0,4.0,1.0,1.0,2,2,7,5,7,6,6,4,6,2,1,1,1,1,1,0,0,0,0,1,0,0,1,1,1,1,3,2,2,1,52,2,6,1,60,2,3,1
8931,4.0,1.0,2.0,3.0,4.0,4.0,1.0,4.0,3.0,2.0,1.0,5.0,5.0,3.0,4.0,2.0,1.0,4.0,5.0,5.0,6,7,6,4,7,1,3,4,3,2,1,1,0,1,1,0,0,1,0,1,0,0,1,1,1,1,2,3,1,1,33,1,4,1,60,1,2,2
8932,5.0,5.0,1.0,1.0,5.0,1.0,1.0,5.0,3.0,3.0,1.0,5.0,5.0,3.0,5.0,1.0,2.0,1.0,5.0,2.0,4,7,5,7,4,3,4,5,6,2,1,1,0,1,1,0,1,0,0,1,0,0,0,1,1,1,4,3,1,2,24,1,8,1,10,1,1,2
8933,1.0,1.0,2.0,5.0,1.0,2.0,1.0,1.0,5.0,4.0,2.0,3.0,1.0,4.0,5.0,5.0,2.0,1.0,5.0,5.0,3,1,7,5,6,6,7,1,4,1,1,1,1,1,1,0,0,0,0,1,0,1,1,1,1,1,4,2,2,1,39,2,7,1,60,1,2,3
8934,5.0,5.0,1.0,2.0,5.0,1.0,1.0,4.0,1.0,1.0,1.0,5.0,4.0,1.0,5.0,1.0,1.0,5.0,4.0,5.0,4,4,6,4,7,3,4,1,7,3,1,1,1,1,1,0,1,1,0,1,0,0,1,1,1,1,4,3,1,1,37,1,4,2,60,1,1,3
8935,4.0,2.0,4.0,4.0,1.0,2.0,1.0,2.0,4.0,2.0,1.0,5.0,2.0,4.0,5.0,4.0,5.0,4.0,5.0,1.0,5,7,6,2,2,5,3,1,7,1,1,1,0,1,1,0,0,1,0,1,0,0,1,1,1,1,4,3,1,2,25,1,2,1,60,2,1,2
8936,1.0,1.0,5.0,4.0,1.0,3.0,3.0,2.0,5.0,5.0,1.0,1.0,1.0,1.0,1.0,4.0,5.0,1.0,5.0,1.0,6,1,7,1,6,5,7,2,7,1,1,1,0,1,1,0,0,0,0,1,0,0,1,1,1,1,3,3,1,1,53,1,6,1,60,1,2,4
8937,4.0,4.0,2.0,2.0,2.0,2.0,1.0,5.0,1.0,5.0,2.0,5.0,2.0,1.0,4.0,2.0,2.0,2.0,4.0,1.0,6,6,7,4,5,2,7,1,7,2,1,1,0,1,1,0,0,0,0,1,0,0,0,1,1,1,2,1,2,1,20,2,7,3,60,1,1,4
8938,3.0,2.0,2.0,4.0,2.0,1.0,1.0,2.0,4.0,5.0,1.0,4.0,2.0,2.0,4.0,3.0,1.0,3.0,4.0,1.0,1,6,4,6,5,4,5,4,3,2,1,1,0,1,1,0,1,1,0,1,1,0,1,1,1,1,4,2,1,1,36,1,2,1,60,2,1,2
8939,1.0,2.0,4.0,5.0,1.0,1.0,1.0,4.0,5.0,2.0,1.0,4.0,1.0,4.0,1.0,1.0,4.0,1.0,5.0,1.0,6,2,7,2,7,3,7,1,6,2,1,1,1,1,1,0,0,1,0,1,0,0,1,1,1,1,4,3,2,1,43,1,12,1,60,1,2,1
8940,5.0,2.0,5.0,1.0,4.0,1.0,1.0,5.0,2.0,4.0,1.0,5.0,5.0,2.0,5.0,1.0,2.0,5.0,5.0,2.0,1,5,1,1,1,7,1,5,7,5,1,1,0,1,1,0,1,0,0,1,0,0,0,1,1,1,1,2,1,1,16,1,1,1,60,2,1,3
8941,4.0,4.0,2.0,2.0,3.0,2.0,1.0,2.0,3.0,1.0,2.0,3.0,4.0,2.0,4.0,1.0,2.0,3.0,5.0,2.0,4,5,6,4,6,3,3,2,4,3,1,1,1,1,1,1,1,0,0,1,0,0,1,1,1,1,3,2,2,1,22,1,2,2,60,1,1,2
8942,4.0,4.0,1.0,1.0,5.0,1.0,1.0,5.0,1.0,2.0,1.0,5.0,4.0,2.0,4.0,1.0,1.0,5.0,5.0,4.0,2,5,3,3,2,5,3,6,5,3,0,1,0,1,1,0,0,0,0,0,0,0,1,1,1,0,1,2,1,1,16,1,4,1,60,2,1,1
8943,1.0,2.0,4.0,4.0,3.0,4.0,2.0,4.0,5.0,3.0,2.0,4.0,3.0,1.0,1.0,3.0,2.0,3.0,3.0,3.0,7,5,7,2,7,1,7,1,6,5,1,1,1,1,1,0,1,1,0,1,0,0,1,1,1,1,4,3,2,1,22,1,12,1,10,1,1,2
8944,4.0,4.0,2.0,2.0,4.0,2.0,2.0,4.0,2.0,3.0,2.0,5.0,4.0,1.0,5.0,1.0,2.0,3.0,5.0,4.0,2,7,4,5,7,3,2,6,6,2,1,1,0,1,1,0,0,0,0,1,0,0,1,1,1,1,1,1,2,2,16,1,2,1,60,2,1,2
8945,4.0,5.0,1.0,1.0,5.0,1.0,1.0,4.0,4.0,2.0,1.0,5.0,5.0,1.0,4.0,1.0,1.0,4.0,5.0,5.0,5,5,6,2,7,3,6,2,7,2,1,1,1,1,1,0,1,1,0,1,1,0,1,1,1,1,4,1,1,1,61,1,1,1,60,2,2,4
8946,2.0,2.0,1.0,5.0,2.0,1.0,1.0,1.0,5.0,1.0,1.0,1.0,2.0,1.0,2.0,5.0,4.0,1.0,2.0,2.0,3,1,6,2,6,5,7,1,6,5,1,1,0,1,1,0,0,0,0,1,0,0,0,1,1,1,2,3,2,1,28,1,4,1,30,2,1,2
8947,5.0,2.0,5.0,3.0,2.0,3.0,4.0,4.0,5.0,5.0,3.0,4.0,4.0,5.0,3.0,3.0,2.0,3.0,3.0,1.0,4,1,6,1,5,4,5,2,6,3,1,1,0,1,1,0,0,0,0,1,0,0,0,1,1,1,3,1,2,1,54,1,6,1,60,1,2,10
8948,4.0,2.0,2.0,2.0,4.0,2.0,2.0,4.0,3.0,3.0,1.0,3.0,4.0,2.0,3.0,1.0,4.0,3.0,5.0,1.0,3,5,5,7,3,6,5,5,4,3,1,1,0,1,1,0,0,0,0,1,0,0,0,1,1,1,3,3,2,2,21,1,4,2,30,1,1,3
8949,2.0,2.0,2.0,2.0,4.0,4.0,4.0,4.0,5.0,3.0,2.0,2.0,3.0,3.0,4.0,4.0,2.0,3.0,5.0,1.0,5,7,5,1,5,1,4,5,5,2,1,1,1,1,1,0,0,1,0,1,0,0,1,1,1,1,3,0,1,1,23,1,12,1,60,1,1,1
8950,4.0,4.0,2.0,4.0,1.0,1.0,1.0,4.0,4.0,2.0,1.0,2.0,2.0,2.0,4.0,2.0,1.0,4.0,5.0,1.0,3,2,6,5,6,6,7,2,5,2,1,1,1,1,1,0,1,1,0,1,0,0,1,1,1,1,4,2,2,1,35,1,4,2,60,1,1,1
8951,5.0,5.0,2.0,1.0,5.0,1.0,1.0,2.0,5.0,1.0,1.0,5.0,2.0,2.0,5.0,1.0,2.0,5.0,5.0,1.0,1,2,7,5,6,7,7,5,5,7,1,1,0,1,1,0,0,0,0,0,0,0,0,1,1,1,2,2,2,1,19,1,9,1,60,2,1,1
8952,4.0,3.0,1.0,3.0,1.0,2.0,2.0,1.0,5.0,3.0,2.0,5.0,1.0,2.0,4.0,5.0,1.0,5.0,5.0,1.0,1,3,6,4,7,7,1,5,6,3,1,1,1,1,1,0,1,1,0,1,1,0,1,1,1,1,4,2,1,1,58,2,1,1,60,1,2,4
8953,1.0,1.0,1.0,3.0,4.0,4.0,3.0,3.0,5.0,5.0,1.0,4.0,1.0,1.0,1.0,3.0,4.0,1.0,5.0,1.0,4,6,4,1,7,1,7,4,4,1,1,1,0,1,1,0,0,0,0,1,0,0,1,1,1,1,4,2,1,1,41,1,12,1,70,1,3,3
8954,4.0,4.0,1.0,1.0,4.0,1.0,1.0,4.0,2.0,3.0,1.0,5.0,4.0,1.0,4.0,1.0,1.0,4.0,5.0,2.0,5,6,6,2,6,3,5,1,6,4,1,1,1,1,1,0,1,0,0,1,0,0,1,1,1,1,3,3,2,1,30,1,1,1,30,1,1,0
8955,5.0,4.0,1.0,5.0,4.0,1.0,1.0,1.0,4.0,2.0,3.0,5.0,4.0,1.0,5.0,2.0,1.0,5.0,5.0,1.0,7,6,7,2,7,1,6,1,4,1,1,1,0,1,1,1,0,1,0,1,0,0,1,1,1,1,3,2,2,1,58,1,6,1,60,1,2,3
8956,5.0,4.0,1.0,2.0,4.0,1.0,1.0,2.0,4.0,1.0,1.0,4.0,4.0,1.0,5.0,1.0,1.0,3.0,5.0,1.0,1,5,5,6,6,7,7,5,6,7,1,1,1,1,1,0,0,0,0,1,0,0,1,1,1,0,0,2,2,1,22,2,1,1,60,1,2,4
8957,3.0,4.0,4.0,3.0,5.0,4.0,1.0,5.0,3.0,2.0,2.0,4.0,2.0,2.0,4.0,4.0,1.0,4.0,1.0,1.0,2,3,7,5,5,6,6,5,7,5,1,1,0,1,1,1,0,1,0,1,1,0,1,1,1,1,4,1,1,1,24,1,4,3,50,1,1,1
8958,1.0,1.0,1.0,5.0,5.0,1.0,1.0,1.0,5.0,4.0,1.0,5.0,1.0,3.0,2.0,2.0,5.0,1.0,4.0,1.0,5,5,6,3,5,4,5,4,6,5,1,1,0,1,1,1,0,0,0,1,0,0,1,1,1,1,3,3,1,1,56,1,9,1,60,1,2,3
8959,4.0,3.0,2.0,2.0,4.0,1.0,1.0,5.0,4.0,2.0,1.0,2.0,5.0,2.0,4.0,2.0,1.0,4.0,5.0,2.0,2,6,6,5,6,7,6,3,2,5,1,1,0,1,1,0,0,0,0,1,0,0,1,1,1,1,4,2,2,2,33,2,6,2,60,1,1,2
8960,5.0,4.0,3.0,3.0,3.0,1.0,1.0,4.0,3.0,2.0,1.0,5.0,5.0,1.0,5.0,2.0,1.0,4.0,5.0,5.0,4,5,7,1,7,3,4,1,6,2,1,1,1,1,1,0,1,1,0,1,0,0,1,1,1,1,4,2,1,1,44,1,2,1,60,1,2,3
8961,3.0,4.0,2.0,2.0,3.0,1.0,1.0,4.0,5.0,1.0,1.0,4.0,5.0,1.0,4.0,2.0,1.0,5.0,5.0,2.0,3,5,7,5,6,3,6,5,6,2,1,1,0,1,1,0,0,0,0,1,0,0,1,1,1,1,2,2,1,1,20,1,6,1,60,2,1,2
8962,5.0,2.0,4.0,5.0,4.0,5.0,5.0,2.0,5.0,4.0,2.0,5.0,5.0,5.0,2.0,5.0,4.0,2.0,4.0,5.0,6,2,7,3,6,6,6,1,7,1,1,0,0,1,1,0,0,0,0,1,0,0,0,0,1,1,4,3,1,2,32,1,7,5,30,1,1,6
8963,2.0,3.0,2.0,4.0,3.0,3.0,3.0,1.0,4.0,2.0,2.0,1.0,4.0,3.0,2.0,2.0,3.0,2.0,4.0,2.0,7,6,5,4,7,2,6,1,5,1,1,1,0,1,1,0,0,0,0,1,0,0,1,1,1,1,4,2,2,1,26,2,1,1,60,2,1,2
8964,1.0,4.0,4.0,5.0,2.0,1.0,1.0,4.0,4.0,3.0,3.0,4.0,1.0,2.0,4.0,1.0,3.0,4.0,5.0,1.0,5,7,7,3,6,5,5,2,6,4,1,1,0,1,1,0,0,0,0,1,0,0,0,1,1,1,3,3,1,2,27,1,9,1,60,2,1,2
8965,5.0,4.0,3.0,4.0,5.0,3.0,3.0,3.0,4.0,2.0,2.0,5.0,3.0,2.0,4.0,2.0,4.0,4.0,5.0,4.0,3,1,7,4,6,4,7,1,7,3,1,1,1,1,1,0,1,0,0,1,1,0,1,1,1,1,4,1,1,1,38,1,2,1,60,2,2,3
8966,4.0,4.0,2.0,3.0,4.0,2.0,2.0,2.0,4.0,5.0,1.0,5.0,4.0,3.0,5.0,2.0,2.0,5.0,5.0,4.0,3,6,6,7,7,6,7,2,5,5,1,1,0,1,1,0,0,0,0,1,0,1,0,1,1,1,3,2,2,1,30,1,7,1,30,1,1,2
8967,5.0,4.0,2.0,4.0,4.0,5.0,5.0,3.0,5.0,4.0,1.0,2.0,2.0,5.0,4.0,5.0,4.0,2.0,2.0,5.0,7,1,6,5,7,6,7,1,7,1,1,1,0,1,1,0,1,0,0,1,0,1,0,1,1,1,4,3,1,1,30,1,7,2,30,1,1,5
8968,1.0,4.0,3.0,4.0,2.0,2.0,1.0,2.0,5.0,4.0,1.0,2.0,2.0,4.0,5.0,2.0,1.0,2.0,5.0,3.0,6,4,7,4,7,2,5,5,7,3,1,1,1,1,1,1,1,1,0,1,0,1,1,1,1,1,2,2,2,1,21,2,1,1,60,1,1,2
8969,1.0,2.0,3.0,3.0,4.0,2.0,1.0,3.0,4.0,5.0,2.0,2.0,1.0,2.0,3.0,1.0,5.0,2.0,5.0,3.0,2,6,6,6,3,3,2,1,2,2,1,1,0,1,1,0,0,0,0,1,0,0,1,1,1,1,4,3,1,1,43,1,7,1,60,1,2,2
8970,5.0,1.0,2.0,1.0,5.0,2.0,1.0,4.0,5.0,2.0,2.0,4.0,4.0,1.0,4.0,3.0,2.0,4.0,5.0,2.0,7,0,7,2,6,5,6,1,6,3,1,1,0,1,1,0,0,1,0,1,0,1,1,1,1,1,2,1,1,2,19,1,4,1,70,1,1,3
8971,4.0,3.0,5.0,2.0,5.0,2.0,2.0,5.0,5.0,5.0,1.0,5.0,2.0,2.0,4.0,4.0,2.0,4.0,5.0,2.0,6,6,7,7,3,3,7,1,2,1,1,1,0,1,1,0,0,1,0,1,0,0,1,1,1,1,3,2,2,2,34,1,6,1,60,1,2,4
8972,2.0,1.0,4.0,4.0,4.0,2.0,2.0,2.0,5.0,3.0,2.0,4.0,4.0,4.0,4.0,3.0,2.0,3.0,4.0,2.0,2,5,7,2,6,6,6,5,6,5,1,1,0,1,1,0,0,0,0,1,0,0,1,1,1,1,3,1,1,2,38,2,7,1,60,1,2,3
8973,4.0,5.0,2.0,1.0,5.0,1.0,1.0,4.0,3.0,2.0,1.0,4.0,1.0,1.0,4.0,2.0,1.0,4.0,5.0,2.0,5,2,6,1,7,5,6,1,7,1,1,1,1,1,1,1,0,1,0,1,1,0,1,1,1,1,3,3,1,2,28,1,1,1,60,1,1,2
8974,1.0,2.0,2.0,2.0,4.0,2.0,1.0,2.0,5.0,2.0,2.0,5.0,4.0,1.0,4.0,1.0,1.0,2.0,1.0,1.0,5,3,2,6,5,5,7,7,2,2,1,1,1,1,1,0,0,0,0,1,0,0,1,1,1,1,3,2,2,1,28,1,6,2,60,1,2,4
8975,4.0,4.0,1.0,2.0,4.0,2.0,2.0,4.0,5.0,2.0,1.0,4.0,4.0,2.0,4.0,2.0,1.0,4.0,5.0,1.0,2,6,3,2,6,5,5,3,7,5,1,1,1,1,1,0,1,1,0,1,0,1,1,1,1,1,2,2,1,1,47,1,2,1,60,1,2,2
8976,1.0,1.0,4.0,4.0,4.0,4.0,1.0,1.0,5.0,5.0,1.0,2.0,1.0,1.0,1.0,4.0,5.0,2.0,5.0,1.0,7,1,7,1,7,6,7,1,7,1,1,1,0,1,1,0,0,0,0,1,0,0,1,1,1,1,0,3,1,1,27,1,7,1,30,1,1,2
8977,4.0,4.0,1.0,3.0,5.0,1.0,1.0,4.0,3.0,2.0,1.0,5.0,4.0,1.0,4.0,1.0,2.0,4.0,5.0,4.0,2,6,5,1,4,5,4,2,7,5,1,1,0,1,1,0,0,1,0,1,0,0,0,1,1,1,2,3,2,2,20,1,6,1,60,1,1,3
8978,3.0,4.0,2.0,3.0,4.0,3.0,3.0,2.0,5.0,3.0,2.0,4.0,3.0,1.0,3.0,2.0,1.0,3.0,5.0,4.0,2,6,5,6,7,5,5,3,3,2,1,1,1,1,1,0,0,1,0,1,1,0,1,1,1,1,3,3,2,1,22,1,2,2,60,1,1,2
8979,4.0,3.0,2.0,2.0,4.0,5.0,2.0,4.0,3.0,5.0,1.0,4.0,2.0,3.0,3.0,2.0,2.0,4.0,5.0,1.0,5,7,6,5,7,5,3,2,7,1,1,1,0,1,1,1,0,1,1,1,0,0,1,1,1,1,3,1,1,1,26,1,0,1,60,1,1,0
8980,5.0,1.0,3.0,1.0,4.0,2.0,5.0,5.0,5.0,1.0,1.0,5.0,5.0,2.0,1.0,4.0,1.0,5.0,5.0,5.0,3,5,7,5,5,5,6,1,4,2,1,1,0,1,1,0,0,0,0,1,0,0,1,1,1,1,3,3,1,1,53,1,1,3,60,1,1,2
8981,1.0,1.0,1.0,4.0,5.0,1.0,1.0,2.0,5.0,3.0,1.0,4.0,2.0,2.0,2.0,1.0,5.0,4.0,5.0,5.0,6,7,6,2,6,5,6,1,7,3,1,1,0,1,1,0,0,0,0,1,0,0,1,1,1,1,4,2,2,2,31,1,4,1,60,1,2,2
8982,5.0,2.0,4.0,1.0,5.0,1.0,1.0,4.0,3.0,1.0,2.0,5.0,4.0,1.0,3.0,1.0,5.0,3.0,5.0,3.0,1,7,6,1,5,4,5,2,1,1,1,0,0,1,1,1,0,0,0,1,0,0,1,1,1,1,2,3,1,2,18,1,2,4,30,2,1,2
8983,1.0,4.0,5.0,4.0,5.0,2.0,2.0,1.0,5.0,2.0,1.0,5.0,4.0,1.0,5.0,1.0,2.0,4.0,4.0,5.0,2,1,6,3,6,3,5,2,5,3,1,1,0,1,1,0,0,0,0,1,0,0,1,1,1,1,3,1,2,1,30,1,6,1,60,1,2,2
8984,1.0,1.0,2.0,1.0,1.0,2.0,2.0,1.0,5.0,5.0,1.0,4.0,1.0,3.0,4.0,1.0,5.0,4.0,5.0,1.0,2,2,6,2,7,6,6,2,6,1,1,1,1,1,1,0,1,1,0,1,1,0,1,1,1,1,4,2,1,1,73,1,12,1,60,1,3,4
8985,3.0,4.0,3.0,3.0,5.0,3.0,2.0,2.0,4.0,3.0,1.0,4.0,3.0,2.0,4.0,4.0,3.0,5.0,3.0,3.0,2,5,3,6,5,7,6,5,2,4,1,1,0,1,1,0,0,0,0,1,0,0,1,0,1,1,2,2,1,1,21,1,6,5,60,1,1,2
8986,5.0,4.0,2.0,1.0,5.0,1.0,1.0,5.0,3.0,3.0,1.0,5.0,1.0,2.0,3.0,1.0,1.0,2.0,5.0,4.0,2,5,2,5,7,6,2,5,3,4,1,1,1,1,1,0,0,1,0,1,0,1,1,1,1,1,2,3,2,2,27,1,4,2,60,2,1,3
8987,5.0,4.0,2.0,3.0,4.0,1.0,1.0,5.0,3.0,1.0,1.0,5.0,2.0,1.0,4.0,1.0,1.0,4.0,5.0,1.0,1,6,2,2,7,5,3,2,5,1,1,1,1,1,1,0,1,1,0,1,1,0,1,1,1,1,3,1,2,2,41,1,2,5,10,2,2,4
8988,2.0,5.0,2.0,2.0,4.0,1.0,1.0,4.0,2.0,2.0,1.0,4.0,4.0,1.0,4.0,2.0,4.0,5.0,5.0,3.0,6,5,5,3,5,2,5,5,5,2,1,0,0,1,0,0,1,0,0,1,1,0,1,1,1,1,3,3,1,2,26,1,2,1,60,2,1,2
8989,1.0,1.0,2.0,2.0,5.0,2.0,2.0,1.0,5.0,4.0,2.0,5.0,1.0,4.0,1.0,5.0,1.0,4.0,5.0,1.0,5,6,7,6,2,5,5,2,6,2,1,1,0,1,1,0,0,0,0,1,0,0,0,0,1,1,4,3,2,2,29,1,4,1,10,1,1,2
8990,5.0,5.0,3.0,1.0,4.0,2.0,2.0,3.0,3.0,1.0,1.0,5.0,4.0,1.0,5.0,1.0,3.0,2.0,5.0,5.0,4,2,6,2,7,7,7,1,6,1,1,1,0,1,1,0,1,1,0,1,0,0,0,0,1,1,3,3,2,1,21,1,8,1,10,2,1,2
8991,2.0,1.0,2.0,1.0,3.0,4.0,1.0,2.0,4.0,5.0,1.0,4.0,2.0,1.0,3.0,1.0,3.0,1.0,5.0,5.0,4,6,4,6,2,1,4,4,4,4,1,1,0,1,1,0,0,0,0,1,0,0,1,1,1,1,3,2,1,1,26,2,7,1,60,2,1,2
8992,2.0,3.0,2.0,4.0,2.0,3.0,2.0,3.0,5.0,4.0,2.0,3.0,3.0,3.0,3.0,5.0,4.0,3.0,4.0,2.0,5,2,5,6,6,7,6,5,4,1,1,1,1,1,1,0,0,1,0,1,1,0,1,1,1,1,3,3,2,2,27,1,12,1,60,2,1,2
8993,4.0,4.0,1.0,5.0,2.0,1.0,1.0,1.0,4.0,1.0,1.0,5.0,1.0,1.0,5.0,1.0,2.0,2.0,5.0,4.0,6,7,7,2,7,1,6,1,7,1,1,1,0,1,1,0,0,1,0,1,1,0,1,1,1,1,4,3,2,2,34,1,1,1,70,1,1,3
8994,2.0,2.0,4.0,1.0,5.0,4.0,2.0,4.0,5.0,5.0,1.0,5.0,4.0,1.0,4.0,1.0,2.0,2.0,5.0,4.0,7,7,3,6,6,2,6,5,5,2,1,1,0,1,1,0,0,0,0,1,0,0,1,1,1,1,4,2,1,1,32,1,7,1,60,2,2,2
8995,5.0,5.0,2.0,2.0,4.0,2.0,1.0,4.0,4.0,1.0,1.0,4.0,4.0,1.0,4.0,1.0,1.0,5.0,4.0,2.0,1,7,2,7,7,7,6,7,1,1,1,1,1,1,1,0,0,0,0,1,0,0,1,1,1,1,4,1,1,1,27,1,1,1,60,1,1,3
8996,3.0,2.0,4.0,4.0,2.0,4.0,2.0,3.0,4.0,5.0,2.0,3.0,1.0,4.0,1.0,3.0,3.0,4.0,5.0,2.0,5,6,7,5,4,5,5,1,3,6,1,1,0,1,1,1,0,1,0,1,0,0,0,1,1,1,3,3,2,1,23,1,7,1,60,1,1,2
8997,4.0,1.0,2.0,4.0,4.0,4.0,1.0,2.0,5.0,5.0,1.0,4.0,3.0,4.0,1.0,2.0,2.0,4.0,5.0,3.0,6,4,6,2,6,1,6,1,6,2,1,1,1,1,1,0,0,0,0,1,0,1,1,1,1,1,2,2,2,1,48,1,1,1,60,1,2,4
8998,5.0,4.0,1.0,1.0,5.0,1.0,1.0,2.0,5.0,2.0,1.0,5.0,5.0,1.0,4.0,1.0,1.0,5.0,5.0,5.0,5,5,7,7,5,4,7,1,2,1,1,1,1,1,1,0,0,0,0,1,0,0,1,1,1,1,3,2,2,1,62,1,2,4,60,1,3,5
8999,5.0,3.0,5.0,2.0,5.0,4.0,4.0,2.0,5.0,4.0,1.0,5.0,2.0,2.0,1.0,5.0,3.0,4.0,1.0,3.0,5,3,7,6,6,7,7,4,3,3,1,1,0,1,1,0,0,1,0,1,0,0,1,1,1,1,3,3,2,2,27,1,7,1,30,1,1,4
9000,2.0,2.0,3.0,5.0,2.0,2.0,2.0,2.0,4.0,2.0,2.0,2.0,3.0,2.0,3.0,4.0,4.0,3.0,5.0,2.0,5,3,5,3,5,5,6,2,6,3,1,1,1,1,1,0,0,1,0,1,0,0,1,1,1,1,4,3,2,1,26,1,2,1,60,1,1,2
9001,2.0,4.0,2.0,3.0,4.0,1.0,1.0,4.0,4.0,1.0,1.0,4.0,4.0,1.0,5.0,2.0,1.0,4.0,5.0,2.0,5,5,4,2,7,3,6,5,5,3,1,1,1,1,1,1,0,0,1,1,0,1,1,1,1,1,2,2,2,1,20,1,6,2,60,1,1,2
9002,1.0,1.0,1.0,5.0,1.0,5.0,5.0,1.0,5.0,5.0,4.0,1.0,1.0,2.0,1.0,5.0,3.0,1.0,5.0,1.0,2,2,6,1,6,2,7,1,5,3,1,1,0,1,1,1,0,0,0,1,0,1,1,1,1,1,3,3,2,2,45,1,6,1,60,1,2,3
9003,2.0,2.0,5.0,4.0,3.0,5.0,5.0,5.0,5.0,4.0,1.0,4.0,3.0,2.0,1.0,3.0,4.0,1.0,1.0,5.0,7,1,7,2,7,6,7,1,7,3,1,1,1,1,1,0,0,0,0,1,0,0,0,1,1,1,4,2,2,1,72,1,6,1,60,1,2,5
9004,3.0,3.0,1.0,1.0,5.0,1.0,1.0,4.0,1.0,1.0,1.0,5.0,4.0,1.0,5.0,1.0,1.0,3.0,5.0,4.0,3,4,6,1,7,6,6,1,7,1,1,1,1,1,1,0,1,0,0,1,1,0,1,1,1,1,3,3,2,1,35,3,2,2,60,2,1,4
9005,1.0,2.0,4.0,5.0,4.0,1.0,1.0,1.0,5.0,2.0,1.0,1.0,1.0,5.0,4.0,2.0,1.0,5.0,5.0,1.0,5,6,6,1,6,7,6,5,7,5,1,1,0,1,1,0,0,0,0,1,0,0,1,1,1,1,3,3,2,1,41,1,4,1,60,1,2,4
9006,2.0,2.0,1.0,3.0,4.0,1.0,1.0,1.0,3.0,2.0,1.0,3.0,1.0,3.0,4.0,1.0,1.0,4.0,5.0,4.0,2,6,3,2,6,5,4,5,4,3,1,1,1,1,1,1,0,0,0,1,1,0,1,1,1,1,3,3,1,1,46,1,1,1,70,2,1,3
9007,5.0,4.0,3.0,4.0,4.0,2.0,2.0,4.0,3.0,4.0,2.0,4.0,2.0,3.0,4.0,2.0,2.0,4.0,5.0,4.0,3,5,3,2,3,6,5,5,6,3,1,1,0,1,1,0,1,1,0,1,0,0,1,1,1,1,4,2,1,1,55,1,1,1,50,1,2,6
9008,4.0,5.0,1.0,2.0,4.0,1.0,1.0,5.0,2.0,2.0,1.0,2.0,5.0,1.0,4.0,1.0,1.0,5.0,5.0,4.0,1,5,3,5,7,7,6,7,4,4,1,1,1,1,1,0,1,1,0,1,1,0,1,1,1,1,3,2,1,1,32,1,2,2,60,1,1,2
9009,3.0,2.0,5.0,5.0,3.0,4.0,2.0,1.0,5.0,5.0,3.0,5.0,3.0,1.0,3.0,3.0,5.0,2.0,5.0,1.0,4,4,7,3,7,4,7,3,7,3,1,1,0,1,0,0,0,0,0,1,0,0,0,0,0,1,4,3,2,2,23,1,12,1,10,2,1,3
9010,4.0,4.0,2.0,2.0,3.0,1.0,1.0,5.0,2.0,1.0,2.0,4.0,4.0,1.0,5.0,1.0,2.0,5.0,4.0,4.0,5,7,7,7,3,1,1,6,3,3,1,1,0,1,1,1,0,0,0,1,0,0,1,1,1,1,2,1,2,1,34,1,6,1,60,1,2,3
9011,5.0,1.0,5.0,4.0,4.0,2.0,1.0,5.0,4.0,1.0,1.0,5.0,5.0,1.0,5.0,4.0,1.0,5.0,5.0,2.0,3,5,2,1,7,3,3,3,7,5,1,1,0,1,1,0,1,1,0,1,1,0,0,1,1,1,2,1,1,2,37,1,6,1,60,2,2,3
9012,2.0,2.0,2.0,4.0,2.0,4.0,2.0,2.0,5.0,5.0,4.0,4.0,1.0,4.0,4.0,2.0,4.0,2.0,5.0,1.0,3,5,5,6,6,5,5,5,6,5,1,1,1,1,1,0,1,1,0,1,0,0,1,1,1,1,3,2,2,1,57,1,1,1,60,1,1,4
9013,4.0,2.0,1.0,1.0,5.0,5.0,5.0,5.0,5.0,5.0,1.0,5.0,1.0,3.0,1.0,5.0,1.0,4.0,1.0,5.0,6,7,1,4,6,1,7,1,6,1,1,1,1,1,1,0,0,0,0,1,0,1,0,1,1,1,2,3,1,1,56,1,4,1,60,2,3,3
9014,2.0,4.0,2.0,4.0,4.0,3.0,1.0,4.0,2.0,4.0,2.0,3.0,1.0,4.0,3.0,2.0,2.0,5.0,5.0,2.0,6,5,3,2,6,5,7,6,3,5,1,0,1,1,1,0,0,0,0,1,0,0,1,0,1,1,3,3,2,2,23,1,12,1,10,2,1,2
9015,1.0,4.0,5.0,3.0,2.0,4.0,1.0,4.0,5.0,5.0,1.0,4.0,5.0,3.0,2.0,3.0,2.0,1.0,5.0,3.0,1,4,5,1,4,7,5,2,6,4,1,1,1,1,1,0,0,1,0,1,1,0,1,1,1,1,3,1,1,1,47,1,2,1,60,1,2,2
9016,4.0,2.0,1.0,2.0,2.0,2.0,1.0,2.0,2.0,4.0,1.0,3.0,2.0,3.0,3.0,2.0,2.0,5.0,5.0,4.0,3,5,6,2,7,3,2,5,6,5,1,1,1,1,1,0,1,0,0,1,1,0,1,0,1,1,4,2,1,1,50,1,2,1,60,1,1,3
9017,2.0,2.0,4.0,4.0,3.0,1.0,2.0,3.0,3.0,4.0,3.0,4.0,3.0,2.0,3.0,3.0,1.0,4.0,5.0,2.0,1,2,5,4,5,6,6,2,4,2,1,1,0,1,1,0,0,0,0,1,0,0,1,1,1,1,4,2,1,1,23,1,4,1,60,2,1,3
9018,4.0,4.0,2.0,4.0,5.0,1.0,1.0,4.0,3.0,1.0,1.0,4.0,2.0,1.0,3.0,1.0,1.0,4.0,5.0,2.0,7,5,4,3,6,2,3,5,5,5,1,1,1,1,1,0,0,0,0,1,1,0,1,1,1,1,4,2,1,1,36,1,1,1,60,1,2,1
9019,5.0,4.0,1.0,1.0,5.0,1.0,1.0,4.0,2.0,1.0,2.0,4.0,4.0,1.0,5.0,1.0,1.0,5.0,5.0,5.0,6,5,7,1,6,6,2,1,7,1,1,1,1,1,1,0,0,0,0,1,0,0,1,1,1,1,3,2,1,1,38,1,12,1,60,1,2,3
9020,4.0,2.0,5.0,1.0,5.0,2.0,4.0,4.0,5.0,5.0,1.0,5.0,1.0,1.0,4.0,1.0,2.0,5.0,3.0,1.0,2,1,7,5,5,5,7,3,5,1,1,1,1,0,0,0,1,1,0,1,1,0,1,1,1,1,4,1,1,1,42,1,4,1,60,1,1,4
9021,4.0,4.0,2.0,4.0,4.0,2.0,1.0,4.0,5.0,4.0,2.0,5.0,2.0,2.0,5.0,2.0,1.0,4.0,5.0,1.0,5,2,7,2,6,5,5,1,6,1,1,1,1,1,1,0,0,0,0,1,0,1,1,1,1,1,3,1,2,1,63,1,6,1,60,1,2,3
9022,2.0,2.0,4.0,1.0,5.0,5.0,4.0,2.0,5.0,4.0,1.0,4.0,2.0,3.0,4.0,1.0,1.0,4.0,4.0,1.0,3,5,3,5,6,5,5,5,3,5,1,1,0,1,1,0,0,1,0,1,0,0,1,1,1,1,3,2,1,1,26,1,6,1,60,1,1,2
9023,2.0,4.0,4.0,5.0,4.0,2.0,2.0,5.0,5.0,4.0,2.0,4.0,4.0,2.0,5.0,1.0,1.0,4.0,5.0,1.0,3,2,6,1,5,5,5,4,5,2,1,0,1,1,1,0,0,0,0,1,0,0,0,1,1,1,3,3,2,1,70,1,1,1,60,1,2,3
9024,5.0,4.0,1.0,4.0,3.0,1.0,1.0,4.0,1.0,1.0,1.0,1.0,2.0,3.0,5.0,1.0,2.0,4.0,5.0,1.0,1,6,6,3,4,7,7,2,3,1,1,0,0,1,1,0,0,0,0,1,0,0,1,1,1,1,2,2,1,1,43,1,4,1,60,2,1,2
9025,4.0,3.0,1.0,1.0,5.0,1.0,1.0,4.0,2.0,1.0,2.0,5.0,5.0,1.0,4.0,1.0,1.0,4.0,3.0,3.0,7,7,3,1,7,6,1,2,7,2,1,1,1,1,1,1,1,1,0,1,1,1,1,1,1,1,3,2,1,1,20,1,6,1,60,1,1,1
9026,3.0,3.0,5.0,3.0,4.0,2.0,1.0,3.0,5.0,4.0,1.0,2.0,1.0,3.0,1.0,2.0,1.0,2.0,3.0,1.0,2,5,6,3,5,7,6,2,4,3,1,1,1,1,1,0,1,1,0,1,1,0,1,1,1,1,3,0,1,1,46,2,1,1,60,1,1,2
9027,1.0,1.0,2.0,5.0,5.0,2.0,1.0,1.0,5.0,5.0,1.0,4.0,4.0,5.0,2.0,1.0,2.0,1.0,5.0,1.0,2,6,7,2,6,7,5,1,6,0,1,1,0,1,1,0,0,0,0,1,0,0,0,1,1,1,3,3,2,1,46,1,7,0,60,0,2,4
9028,5.0,2.0,2.0,5.0,4.0,2.0,2.0,4.0,4.0,4.0,1.0,5.0,4.0,4.0,1.0,4.0,3.0,2.0,5.0,2.0,2,3,7,5,6,7,7,1,6,3,1,1,0,1,1,0,0,0,0,1,0,0,1,1,1,1,3,2,1,1,28,2,5,1,60,1,3,4
9029,4.0,4.0,2.0,2.0,4.0,2.0,2.0,4.0,2.0,2.0,2.0,4.0,4.0,2.0,2.0,2.0,4.0,4.0,5.0,2.0,2,3,5,1,5,5,4,2,7,4,1,1,0,0,1,0,0,0,0,1,0,0,1,1,1,1,3,1,1,1,20,1,6,1,60,1,1,5
9030,2.0,4.0,4.0,3.0,4.0,4.0,1.0,2.0,5.0,2.0,2.0,2.0,1.0,2.0,3.0,4.0,3.0,2.0,4.0,2.0,2,5,5,2,6,7,5,1,6,4,1,1,1,1,1,0,0,1,0,1,0,1,0,1,1,1,3,1,1,2,24,1,4,1,60,1,1,2
9031,5.0,5.0,1.0,4.0,5.0,5.0,5.0,5.0,1.0,5.0,1.0,4.0,5.0,1.0,1.0,5.0,1.0,1.0,5.0,5.0,7,7,6,1,7,7,7,1,7,1,1,1,1,1,1,0,0,1,0,1,0,0,0,1,1,1,2,3,1,2,44,1,0,2,60,1,1,1
9032,1.0,4.0,2.0,4.0,1.0,2.0,1.0,1.0,5.0,3.0,1.0,4.0,2.0,2.0,3.0,5.0,1.0,3.0,4.0,1.0,5,5,1,2,6,2,6,1,6,5,1,1,1,1,1,0,0,0,0,1,0,0,1,1,1,1,3,2,1,1,34,1,4,1,60,1,1,4
9033,4.0,4.0,5.0,4.0,4.0,3.0,2.0,3.0,5.0,4.0,4.0,4.0,1.0,3.0,5.0,2.0,2.0,4.0,5.0,4.0,6,2,6,4,7,4,6,3,7,3,1,1,0,1,1,0,1,0,1,1,0,0,1,1,1,0,3,2,1,1,61,1,12,1,60,2,2,3
9034,1.0,4.0,5.0,4.0,4.0,5.0,1.0,1.0,5.0,5.0,1.0,5.0,1.0,1.0,4.0,1.0,1.0,1.0,4.0,1.0,1,1,7,5,4,6,7,1,5,5,1,1,1,1,1,0,0,0,0,1,0,0,1,1,1,1,4,2,2,1,60,1,4,1,60,1,3,5
9035,5.0,1.0,1.0,1.0,5.0,1.0,1.0,1.0,5.0,1.0,1.0,5.0,1.0,1.0,5.0,1.0,1.0,1.0,5.0,3.0,1,1,6,6,6,5,1,1,1,1,1,1,0,1,1,0,1,0,0,1,1,0,1,1,1,1,4,3,2,1,43,1,1,1,70,2,1,2
9036,3.0,4.0,1.0,5.0,4.0,1.0,1.0,4.0,5.0,4.0,1.0,4.0,4.0,1.0,4.0,1.0,2.0,5.0,5.0,2.0,6,5,5,4,7,1,7,1,7,1,1,1,1,1,1,0,0,0,0,1,0,0,1,1,1,1,3,1,1,1,61,2,6,1,60,1,2,3
9037,4.0,4.0,3.0,2.0,4.0,2.0,2.0,4.0,5.0,3.0,2.0,4.0,2.0,2.0,2.0,2.0,2.0,3.0,4.0,2.0,5,5,5,5,5,4,5,3,5,5,1,1,0,1,1,0,0,1,0,1,0,0,1,1,1,1,3,3,2,2,26,1,4,1,60,1,1,0
9038,2.0,1.0,1.0,5.0,2.0,1.0,2.0,4.0,4.0,2.0,1.0,5.0,1.0,1.0,5.0,1.0,4.0,2.0,5.0,1.0,1,1,7,6,1,7,2,1,7,7,1,1,0,1,1,0,0,1,0,1,0,0,1,1,1,1,3,2,1,1,27,2,2,1,60,2,1,1
9039,3.0,5.0,2.0,1.0,5.0,1.0,2.0,3.0,3.0,3.0,2.0,5.0,1.0,2.0,5.0,1.0,2.0,4.0,5.0,2.0,5,6,4,2,7,3,5,2,6,3,1,1,1,1,1,0,0,0,0,1,0,0,1,1,1,1,4,3,2,1,30,1,1,1,60,1,1,1
9040,2.0,2.0,4.0,2.0,4.0,5.0,4.0,1.0,5.0,5.0,2.0,5.0,1.0,2.0,5.0,5.0,1.0,5.0,5.0,3.0,7,3,6,2,7,4,6,1,6,1,1,1,0,1,1,0,0,0,0,0,0,0,1,1,1,1,3,2,1,2,26,1,6,1,30,2,1,5
9041,1.0,5.0,1.0,3.0,2.0,1.0,1.0,2.0,3.0,4.0,4.0,5.0,1.0,1.0,3.0,1.0,4.0,2.0,3.0,3.0,2,5,6,6,4,6,6,2,3,4,1,1,0,1,1,0,0,0,0,1,0,0,1,1,1,1,2,1,2,1,21,1,6,1,60,2,1,1
9042,1.0,4.0,4.0,5.0,1.0,4.0,2.0,1.0,5.0,5.0,1.0,2.0,2.0,5.0,2.0,5.0,2.0,1.0,5.0,1.0,6,6,3,6,6,6,6,6,2,6,1,1,0,1,1,0,0,1,0,1,1,0,0,1,1,1,4,1,1,2,36,1,2,1,60,1,1,2
9043,2.0,1.0,4.0,4.0,2.0,2.0,2.0,1.0,5.0,4.0,3.0,4.0,1.0,4.0,3.0,3.0,5.0,1.0,4.0,1.0,4,5,7,5,5,5,6,2,6,3,1,1,0,1,1,0,1,0,0,1,0,0,0,1,1,1,3,2,2,1,26,1,7,1,60,1,1,2
9044,5.0,5.0,1.0,4.0,5.0,1.0,1.0,1.0,5.0,1.0,1.0,5.0,2.0,2.0,5.0,4.0,5.0,1.0,5.0,1.0,6,1,6,2,6,6,7,1,7,2,1,1,0,1,1,0,0,0,0,1,0,0,0,0,1,1,3,2,1,1,56,1,7,1,60,1,2,1
9045,4.0,2.0,2.0,2.0,4.0,2.0,2.0,2.0,5.0,4.0,1.0,4.0,4.0,2.0,5.0,2.0,1.0,4.0,5.0,1.0,2,3,3,7,6,5,6,5,2,2,1,1,1,1,1,0,0,0,0,1,0,0,1,1,1,1,4,1,2,1,31,1,1,1,60,1,2,2
9046,3.0,4.0,2.0,1.0,5.0,2.0,1.0,2.0,4.0,1.0,1.0,4.0,4.0,3.0,5.0,1.0,3.0,5.0,5.0,2.0,1,5,4,6,5,6,6,5,6,4,1,1,1,1,1,0,0,0,0,1,0,0,1,1,1,1,3,3,2,2,20,1,1,1,60,1,1,2
9047,4.0,2.0,4.0,5.0,4.0,4.0,2.0,4.0,4.0,4.0,2.0,4.0,2.0,4.0,2.0,2.0,4.0,2.0,2.0,2.0,3,5,7,5,6,6,7,1,6,2,1,1,1,1,1,0,0,0,0,1,0,0,0,1,1,1,2,3,2,2,59,1,4,0,60,2,2,6
9048,1.0,2.0,3.0,1.0,2.0,3.0,2.0,1.0,5.0,3.0,1.0,5.0,4.0,1.0,3.0,1.0,1.0,5.0,5.0,5.0,5,6,7,1,6,7,2,2,7,2,1,1,0,1,1,0,0,0,0,1,0,0,0,1,1,1,3,2,1,1,38,1,7,1,60,1,2,2
9049,1.0,5.0,1.0,2.0,1.0,1.0,1.0,3.0,5.0,5.0,1.0,1.0,1.0,1.0,5.0,1.0,1.0,1.0,5.0,1.0,7,2,6,1,7,1,5,5,5,1,1,1,1,1,1,0,0,0,0,1,0,0,0,1,1,1,3,2,2,1,63,1,9,1,60,1,3,3
9050,3.0,5.0,5.0,5.0,1.0,2.0,2.0,2.0,4.0,3.0,2.0,1.0,1.0,1.0,4.0,5.0,1.0,1.0,5.0,1.0,6,0,5,4,7,2,6,6,6,1,1,1,1,1,1,0,0,0,0,1,1,0,1,1,1,1,3,2,2,1,29,1,1,1,60,1,1,3
9051,4.0,3.0,5.0,2.0,2.0,4.0,2.0,4.0,5.0,1.0,1.0,4.0,4.0,2.0,2.0,1.0,3.0,1.0,3.0,1.0,4,2,1,3,7,1,6,4,1,1,1,1,1,1,1,1,0,0,1,1,1,1,1,1,1,1,4,3,1,1,42,3,5,1,70,1,2,4
9052,1.0,4.0,4.0,5.0,1.0,1.0,1.0,5.0,5.0,2.0,1.0,4.0,4.0,4.0,2.0,1.0,2.0,2.0,5.0,1.0,3,5,2,6,5,2,6,6,2,2,1,1,1,1,1,0,0,0,0,1,0,0,1,1,1,1,4,2,2,1,51,1,6,1,60,1,2,1
9053,1.0,5.0,2.0,1.0,5.0,5.0,1.0,1.0,5.0,5.0,1.0,1.0,5.0,5.0,3.0,1.0,1.0,5.0,5.0,3.0,4,1,6,3,7,7,6,1,6,5,0,1,0,1,1,0,0,0,0,1,0,0,1,1,1,1,3,2,1,2,28,2,1,1,60,1,1,4
9054,1.0,1.0,5.0,3.0,4.0,2.0,2.0,4.0,5.0,5.0,2.0,2.0,1.0,2.0,3.0,5.0,3.0,1.0,4.0,1.0,7,6,3,5,7,1,7,5,0,3,0,1,1,1,1,0,0,0,0,1,0,0,0,1,1,1,3,3,2,2,22,1,1,1,0,2,1,1
9055,5.0,4.0,1.0,2.0,5.0,1.0,1.0,4.0,2.0,2.0,1.0,5.0,5.0,1.0,5.0,1.0,1.0,5.0,5.0,4.0,6,7,7,3,6,1,5,1,5,1,1,1,1,1,1,1,0,1,1,1,0,1,1,1,1,1,4,2,1,1,31,1,4,1,60,1,3,4
9056,5.0,4.0,5.0,3.0,2.0,1.0,1.0,3.0,5.0,5.0,2.0,5.0,3.0,2.0,4.0,1.0,2.0,3.0,4.0,3.0,5,1,6,1,6,5,6,2,7,1,0,0,0,0,0,0,0,0,1,0,0,1,0,0,0,0,4,2,1,1,58,1,6,1,60,2,2,4
9057,4.0,5.0,3.0,1.0,4.0,1.0,1.0,5.0,2.0,1.0,1.0,5.0,4.0,1.0,3.0,1.0,1.0,5.0,1.0,1.0,1,6,4,6,7,7,6,5,5,2,1,1,1,1,1,0,1,0,0,1,0,0,1,1,1,1,2,2,2,1,21,1,4,2,60,1,1,1
9058,1.0,1.0,1.0,5.0,1.0,1.0,1.0,1.0,5.0,5.0,1.0,1.0,1.0,2.0,3.0,5.0,1.0,5.0,5.0,1.0,5,5,7,5,6,5,7,1,3,6,1,1,1,1,1,1,1,0,0,1,1,0,1,1,1,1,4,3,2,1,58,1,6,3,60,2,2,7
9059,1.0,1.0,1.0,1.0,4.0,1.0,1.0,5.0,5.0,4.0,1.0,5.0,1.0,1.0,5.0,1.0,4.0,1.0,1.0,1.0,6,5,7,3,7,1,6,4,7,1,0,0,0,0,0,0,0,0,0,0,0,0,0,0,0,0,2,2,1,1,37,1,6,1,30,2,2,7
9060,1.0,2.0,2.0,4.0,2.0,1.0,1.0,4.0,5.0,2.0,2.0,2.0,1.0,2.0,4.0,4.0,1.0,2.0,5.0,4.0,6,1,6,3,7,5,5,5,7,1,1,1,0,1,1,0,0,0,0,1,0,0,0,1,1,1,4,2,2,1,23,1,7,1,60,1,1,2
9061,5.0,5.0,1.0,1.0,5.0,1.0,1.0,1.0,1.0,1.0,1.0,5.0,5.0,1.0,5.0,5.0,1.0,5.0,5.0,5.0,7,7,7,6,7,5,1,4,1,4,0,1,0,1,1,0,0,0,0,1,0,0,1,1,1,1,3,3,1,2,23,1,6,1,20,1,1,4
9062,4.0,3.0,1.0,2.0,2.0,1.0,1.0,2.0,3.0,1.0,1.0,1.0,1.0,2.0,4.0,1.0,1.0,4.0,4.0,1.0,6,6,5,2,7,2,2,5,7,3,1,1,0,1,1,0,0,0,0,1,0,0,1,1,1,1,3,2,1,1,34,1,6,1,60,1,2,3
9063,4.0,1.0,1.0,1.0,4.0,1.0,1.0,5.0,1.0,1.0,1.0,5.0,5.0,1.0,2.0,5.0,1.0,5.0,5.0,1.0,5,5,5,3,7,1,2,1,5,7,1,1,1,1,1,0,1,1,0,1,1,0,1,1,1,1,4,2,2,1,31,1,1,0,60,1,2,2
9064,2.0,2.0,3.0,3.0,3.0,4.0,4.0,3.0,4.0,5.0,3.0,2.0,4.0,3.0,2.0,4.0,2.0,4.0,5.0,2.0,4,5,6,3,3,5,5,2,6,5,1,1,1,1,1,0,1,0,0,1,0,0,1,1,1,1,3,2,2,1,56,1,2,1,60,1,2,2
9065,1.0,1.0,4.0,4.0,4.0,5.0,5.0,1.0,5.0,5.0,1.0,2.0,1.0,1.0,1.0,5.0,1.0,2.0,5.0,2.0,7,7,7,6,7,5,7,1,5,1,1,1,0,1,1,0,0,0,0,1,0,0,1,1,1,1,3,2,1,1,25,1,6,1,70,2,2,2
9066,2.0,3.0,2.0,4.0,3.0,1.0,1.0,3.0,4.0,2.0,1.0,3.0,4.0,2.0,3.0,2.0,1.0,2.0,5.0,3.0,2,5,5,1,6,7,3,4,7,4,1,1,1,1,1,0,0,0,0,1,0,0,1,1,1,1,4,2,2,1,32,1,4,1,60,1,1,3
9067,5.0,5.0,2.0,1.0,5.0,2.0,4.0,3.0,5.0,5.0,1.0,4.0,5.0,1.0,5.0,1.0,3.0,5.0,3.0,4.0,1,4,5,1,5,7,1,1,7,2,1,1,1,1,1,1,0,0,0,1,0,0,1,1,1,1,3,2,1,1,30,2,6,1,60,1,2,1
9068,4.0,2.0,4.0,4.0,4.0,4.0,1.0,4.0,5.0,2.0,2.0,4.0,1.0,4.0,4.0,4.0,2.0,3.0,4.0,2.0,5,3,2,6,6,6,5,5,5,3,1,0,1,0,0,0,0,0,0,0,1,0,0,1,0,0,4,1,2,2,24,1,12,1,10,2,1,1
9069,2.0,3.0,5.0,4.0,5.0,5.0,5.0,2.0,5.0,5.0,3.0,1.0,3.0,1.0,2.0,1.0,2.0,4.0,3.0,1.0,6,2,7,6,7,4,7,5,5,4,1,1,0,1,1,0,1,0,0,1,0,0,0,1,1,1,4,2,2,1,56,1,12,1,60,1,2,2
9070,1.0,1.0,2.0,2.0,2.0,1.0,1.0,3.0,5.0,4.0,1.0,1.0,1.0,3.0,1.0,1.0,2.0,2.0,5.0,1.0,4,1,6,1,5,4,5,1,6,2,1,1,1,1,1,1,1,1,1,1,1,1,1,1,1,1,3,1,2,1,26,1,12,1,60,1,1,1
9071,4.0,4.0,1.0,4.0,3.0,1.0,1.0,2.0,5.0,5.0,2.0,3.0,4.0,4.0,5.0,1.0,2.0,4.0,5.0,1.0,1,1,6,1,5,6,5,2,5,3,1,1,1,1,1,0,0,0,0,1,0,0,1,1,1,1,3,3,2,1,42,1,4,1,70,1,3,2
9072,1.0,4.0,1.0,2.0,4.0,2.0,1.0,4.0,3.0,4.0,4.0,3.0,1.0,1.0,4.0,1.0,1.0,2.0,5.0,1.0,4,5,7,5,5,2,6,1,5,3,1,1,0,1,1,0,0,0,0,0,0,0,0,1,0,1,0,0,2,2,31,1,12,1,60,1,1,2
9073,1.0,4.0,1.0,3.0,3.0,1.0,2.0,4.0,5.0,5.0,1.0,5.0,1.0,2.0,2.0,1.0,1.0,2.0,5.0,4.0,1,1,5,5,6,7,7,1,6,1,1,1,0,1,1,0,0,1,1,1,0,0,1,1,1,1,4,3,2,2,51,2,4,1,60,1,3,4
9074,1.0,1.0,5.0,5.0,4.0,4.0,2.0,1.0,5.0,5.0,2.0,4.0,1.0,2.0,1.0,1.0,1.0,1.0,5.0,1.0,6,6,6,3,6,2,5,2,6,5,1,1,1,1,1,0,0,0,0,1,0,0,1,1,1,1,3,2,2,1,54,1,9,1,60,1,2,2
9075,5.0,3.0,3.0,5.0,5.0,3.0,5.0,2.0,5.0,4.0,2.0,5.0,5.0,2.0,4.0,4.0,3.0,4.0,1.0,2.0,4,4,5,5,6,7,7,4,3,3,1,0,0,1,1,0,0,0,0,1,0,0,1,1,1,1,0,3,1,2,23,1,10,1,20,2,1,3
9076,4.0,1.0,2.0,3.0,4.0,1.0,1.0,4.0,5.0,2.0,2.0,4.0,3.0,2.0,1.0,1.0,2.0,4.0,5.0,1.0,7,3,7,5,7,2,3,2,2,1,1,1,0,1,1,0,0,0,0,1,0,0,1,1,1,1,3,2,1,1,22,1,1,1,60,1,1,2
9077,4.0,3.0,5.0,5.0,3.0,3.0,3.0,5.0,5.0,5.0,1.0,1.0,1.0,4.0,5.0,2.0,1.0,5.0,5.0,4.0,5,1,2,1,7,4,7,4,5,4,0,0,0,0,1,0,0,0,0,0,0,0,0,0,0,1,3,3,1,2,32,2,4,1,20,2,1,3
9078,4.0,4.0,3.0,4.0,4.0,3.0,3.0,4.0,5.0,4.0,3.0,5.0,4.0,2.0,4.0,3.0,1.0,4.0,4.0,1.0,3,6,6,3,4,6,7,2,7,1,1,1,1,1,1,0,0,1,0,1,0,1,1,1,1,1,3,2,1,1,21,1,2,1,10,2,1,3
9079,4.0,1.0,3.0,2.0,2.0,3.0,2.0,4.0,4.0,4.0,1.0,4.0,5.0,1.0,1.0,2.0,2.0,3.0,5.0,2.0,1,6,6,5,4,4,2,3,3,6,1,1,1,1,1,0,1,1,0,1,1,0,1,1,1,1,3,2,2,1,36,1,4,1,60,1,1,1
9080,1.0,4.0,3.0,4.0,1.0,4.0,1.0,4.0,5.0,5.0,4.0,4.0,1.0,3.0,4.0,4.0,1.0,2.0,4.0,2.0,6,1,7,2,6,2,6,1,6,5,1,1,1,1,1,0,0,1,0,1,0,0,1,1,1,1,4,2,2,1,45,1,4,1,60,1,2,1
9081,4.0,4.0,2.0,2.0,4.0,2.0,2.0,2.0,2.0,2.0,1.0,5.0,4.0,3.0,4.0,2.0,2.0,4.0,5.0,4.0,3,2,5,6,7,5,3,3,3,3,1,1,0,1,1,0,0,0,0,1,0,0,1,1,1,1,3,2,2,1,28,1,6,1,60,1,2,2
9082,5.0,1.0,1.0,1.0,5.0,5.0,1.0,5.0,5.0,5.0,1.0,5.0,5.0,1.0,5.0,5.0,1.0,5.0,5.0,4.0,7,5,7,2,7,2,7,1,7,1,1,1,0,1,1,1,0,0,0,1,0,0,1,1,1,1,2,1,1,1,38,1,3,1,60,1,2,1
9083,4.0,4.0,4.0,2.0,4.0,2.0,2.0,2.0,2.0,4.0,4.0,2.0,4.0,2.0,3.0,3.0,2.0,4.0,4.0,3.0,4,2,6,4,7,6,5,2,5,2,1,1,1,1,1,0,0,0,0,1,0,0,1,1,1,1,3,2,1,1,53,1,1,1,60,1,2,4
9084,1.0,3.0,5.0,1.0,4.0,1.0,1.0,3.0,5.0,4.0,1.0,5.0,4.0,2.0,1.0,1.0,3.0,2.0,4.0,5.0,2,5,6,1,6,2,7,1,6,1,1,1,1,1,1,0,1,1,0,1,1,0,1,1,1,1,3,3,1,1,55,1,9,1,0,1,3,2
9085,5.0,2.0,2.0,2.0,4.0,3.0,2.0,2.0,5.0,1.0,2.0,5.0,5.0,1.0,5.0,1.0,1.0,3.0,5.0,2.0,7,3,6,1,7,5,6,2,7,1,1,1,1,1,1,0,0,0,0,1,0,0,1,1,1,1,4,1,1,1,37,1,7,1,60,1,2,1
9086,5.0,4.0,2.0,2.0,4.0,1.0,1.0,4.0,3.0,2.0,1.0,5.0,5.0,4.0,4.0,2.0,2.0,5.0,2.0,5.0,7,7,7,1,7,4,7,2,7,1,1,1,0,1,1,1,0,0,0,1,0,0,1,1,1,1,4,3,1,1,21,1,7,1,70,2,1,4
9087,5.0,5.0,1.0,1.0,5.0,1.0,1.0,4.0,4.0,3.0,1.0,4.0,5.0,1.0,3.0,2.0,1.0,5.0,4.0,1.0,6,7,4,1,7,4,7,5,3,2,1,1,0,1,1,0,0,1,0,1,0,0,1,1,1,1,3,3,1,2,25,1,7,1,60,2,1,1
9088,5.0,5.0,2.0,2.0,4.0,1.0,2.0,2.0,4.0,4.0,2.0,3.0,5.0,2.0,2.0,2.0,5.0,2.0,5.0,2.0,5,6,7,2,4,1,7,1,6,1,1,1,1,1,1,0,0,0,0,1,0,0,0,1,1,1,2,1,2,1,60,1,7,1,60,1,2,7
9089,1.0,1.0,1.0,1.0,5.0,5.0,5.0,1.0,5.0,5.0,1.0,5.0,5.0,1.0,1.0,1.0,1.0,1.0,5.0,1.0,1,6,6,7,7,7,2,2,1,7,1,1,1,1,1,1,1,0,0,1,1,1,1,1,1,1,3,2,2,1,29,1,4,1,60,1,3,3
9090,1.0,2.0,4.0,3.0,4.0,4.0,1.0,5.0,5.0,5.0,1.0,5.0,4.0,3.0,4.0,2.0,3.0,4.0,5.0,1.0,7,6,4,5,4,1,7,5,2,1,1,1,1,1,1,0,1,0,0,1,0,0,1,1,1,1,3,1,2,1,41,1,7,1,60,1,2,3
9091,2.0,2.0,5.0,2.0,2.0,1.0,1.0,1.0,3.0,3.0,2.0,4.0,4.0,1.0,5.0,3.0,1.0,4.0,5.0,1.0,5,4,4,6,7,5,7,5,2,4,1,1,0,1,1,0,0,1,0,1,0,0,1,1,1,1,3,2,2,1,21,1,6,1,60,1,1,2
9092,2.0,2.0,5.0,5.0,1.0,3.0,4.0,2.0,5.0,5.0,3.0,1.0,1.0,3.0,3.0,4.0,3.0,3.0,3.0,1.0,5,2,7,5,3,4,7,2,3,6,1,1,0,1,1,0,0,0,0,1,0,0,1,1,1,1,4,2,2,1,30,1,7,1,60,2,2,2
9093,1.0,4.0,4.0,4.0,1.0,4.0,2.0,2.0,5.0,2.0,1.0,1.0,1.0,1.0,1.0,4.0,1.0,1.0,4.0,1.0,5,5,6,5,5,5,2,5,3,7,1,1,0,1,1,0,0,0,0,1,0,0,0,1,1,1,3,3,2,1,41,1,7,1,60,1,2,2
9094,1.0,1.0,5.0,4.0,1.0,3.0,1.0,1.0,5.0,3.0,2.0,1.0,1.0,3.0,1.0,4.0,2.0,1.0,4.0,3.0,3,5,5,5,6,6,7,7,5,2,1,1,1,1,1,0,1,1,0,1,0,0,1,1,1,1,4,2,1,1,59,1,2,1,60,2,3,6
9095,4.0,3.0,1.0,1.0,4.0,1.0,1.0,4.0,4.0,3.0,1.0,5.0,4.0,3.0,5.0,1.0,1.0,4.0,5.0,4.0,1,6,5,6,7,6,5,3,2,1,1,1,1,1,1,1,0,1,0,1,1,0,1,1,1,1,3,2,1,1,27,1,1,1,70,2,1,1
9096,1.0,4.0,2.0,2.0,4.0,1.0,1.0,4.0,4.0,2.0,1.0,4.0,4.0,2.0,3.0,1.0,1.0,2.0,5.0,2.0,2,5,6,6,5,3,5,3,2,6,1,1,1,1,1,0,0,0,0,1,0,0,1,1,1,1,3,2,2,1,21,1,12,1,60,1,1,2
9097,5.0,5.0,2.0,2.0,4.0,2.0,1.0,4.0,3.0,1.0,2.0,5.0,4.0,2.0,4.0,2.0,1.0,5.0,5.0,4.0,3,5,6,3,5,6,3,5,7,3,1,1,1,1,1,0,0,0,0,1,0,0,1,1,1,1,4,2,1,1,42,3,6,1,60,1,2,2
9098,2.0,2.0,4.0,3.0,3.0,3.0,3.0,3.0,5.0,5.0,2.0,5.0,4.0,2.0,3.0,2.0,2.0,4.0,5.0,2.0,5,1,6,1,6,1,2,1,7,3,1,1,1,1,1,0,0,0,0,1,0,0,0,1,1,1,3,3,1,1,52,1,7,1,60,1,3,3
9099,2.0,4.0,4.0,4.0,2.0,2.0,2.0,5.0,5.0,4.0,2.0,2.0,2.0,1.0,4.0,2.0,4.0,4.0,4.0,1.0,1,7,5,3,1,7,5,6,6,2,1,1,1,1,1,0,1,1,0,1,0,0,1,1,1,1,2,2,1,1,32,1,1,1,60,1,1,3
9100,5.0,1.0,2.0,5.0,4.0,2.0,2.0,1.0,4.0,2.0,1.0,5.0,1.0,4.0,2.0,5.0,5.0,2.0,4.0,2.0,1,5,7,5,3,7,5,1,3,6,1,1,0,1,1,0,0,0,0,1,0,0,1,1,1,1,3,2,2,1,53,1,6,1,60,1,2,2
9101,1.0,1.0,3.0,5.0,1.0,5.0,1.0,2.0,5.0,5.0,1.0,5.0,1.0,4.0,3.0,2.0,3.0,1.0,5.0,1.0,6,1,6,1,7,4,5,1,6,1,1,1,1,0,1,0,0,1,0,1,1,0,1,1,1,1,4,1,2,1,57,1,2,1,60,1,2,4
9102,4.0,4.0,3.0,3.0,4.0,2.0,2.0,4.0,2.0,2.0,1.0,5.0,4.0,1.0,5.0,2.0,1.0,4.0,5.0,2.0,3,7,7,3,6,7,6,1,5,5,1,1,0,1,1,1,0,0,0,1,0,0,1,1,1,1,2,2,2,1,18,1,1,2,60,2,1,3
9103,4.0,2.0,4.0,2.0,4.0,1.0,1.0,2.0,4.0,3.0,1.0,4.0,2.0,2.0,4.0,1.0,1.0,4.0,5.0,1.0,1,2,6,6,2,7,3,2,3,6,1,1,0,1,1,1,0,1,0,1,0,0,1,1,1,1,3,2,1,1,28,1,1,1,60,1,1,2
9104,1.0,1.0,4.0,4.0,1.0,3.0,2.0,1.0,5.0,5.0,1.0,1.0,1.0,2.0,1.0,4.0,4.0,4.0,4.0,1.0,2,2,6,2,7,6,6,1,6,2,1,1,1,1,1,0,1,1,1,1,1,0,1,1,1,1,4,2,2,1,71,1,1,1,60,1,2,2
9105,1.0,2.0,2.0,4.0,2.0,4.0,4.0,2.0,5.0,5.0,3.0,2.0,2.0,3.0,4.0,4.0,2.0,2.0,4.0,1.0,7,2,5,3,6,2,6,4,5,3,1,1,0,1,1,0,1,0,0,1,0,0,1,1,1,1,4,2,2,1,37,1,2,1,60,1,1,2
9106,3.0,4.0,1.0,2.0,4.0,2.0,2.0,4.0,4.0,2.0,1.0,5.0,3.0,1.0,4.0,1.0,2.0,4.0,5.0,1.0,6,5,5,5,6,1,5,2,2,2,1,1,0,1,1,0,0,0,0,1,1,0,1,1,1,1,3,3,2,1,39,1,7,1,60,1,3,1
9107,5.0,4.0,1.0,2.0,4.0,1.0,1.0,5.0,1.0,5.0,1.0,5.0,5.0,1.0,4.0,1.0,1.0,4.0,5.0,5.0,7,2,7,1,7,1,6,6,7,1,1,1,1,1,1,0,1,0,0,1,0,0,1,1,1,1,3,3,2,1,56,1,1,1,70,1,1,4
9108,5.0,5.0,5.0,2.0,5.0,2.0,1.0,5.0,1.0,2.0,1.0,5.0,5.0,2.0,3.0,5.0,5.0,5.0,5.0,3.0,6,2,6,4,7,4,7,4,4,4,1,1,1,1,1,0,1,1,0,1,0,1,1,1,1,1,2,1,1,2,41,2,7,1,10,1,1,2
9109,1.0,1.0,4.0,5.0,2.0,1.0,4.0,1.0,5.0,5.0,2.0,1.0,1.0,4.0,1.0,4.0,2.0,2.0,5.0,1.0,6,2,7,3,6,4,6,5,5,2,1,1,1,1,1,1,0,1,0,1,0,1,1,1,1,1,3,3,2,1,46,1,12,1,60,1,3,4
9110,2.0,2.0,2.0,4.0,4.0,2.0,2.0,2.0,4.0,2.0,3.0,4.0,3.0,2.0,4.0,2.0,4.0,4.0,5.0,1.0,4,5,5,5,6,3,4,5,2,3,1,1,1,1,1,1,0,0,0,1,0,0,1,1,1,1,3,3,1,1,44,1,9,1,60,1,2,1
9111,1.0,1.0,2.0,4.0,1.0,5.0,2.0,1.0,5.0,5.0,1.0,1.0,1.0,1.0,1.0,5.0,1.0,1.0,5.0,1.0,3,6,6,5,7,6,6,2,6,5,1,1,1,1,1,0,0,0,0,1,0,0,1,1,1,1,4,1,1,1,48,1,6,1,60,1,2,2
9112,2.0,4.0,4.0,3.0,4.0,2.0,2.0,4.0,4.0,2.0,1.0,5.0,4.0,4.0,2.0,1.0,1.0,4.0,5.0,2.0,2,6,6,5,6,5,3,2,5,3,1,1,0,1,1,0,0,0,0,1,0,0,1,1,1,1,3,2,1,1,37,2,2,1,60,1,1,4
9113,1.0,1.0,1.0,3.0,4.0,4.0,2.0,1.0,5.0,3.0,1.0,4.0,1.0,1.0,3.0,1.0,1.0,5.0,5.0,1.0,3,6,7,6,5,5,2,1,5,4,1,1,0,1,1,0,0,0,0,1,0,0,1,1,1,1,3,1,2,1,21,2,6,1,60,2,1,1
9114,2.0,2.0,3.0,1.0,4.0,1.0,1.0,3.0,4.0,2.0,1.0,1.0,3.0,3.0,4.0,1.0,1.0,4.0,5.0,2.0,2,6,5,3,6,7,6,5,6,1,1,1,1,1,1,0,0,1,0,1,0,0,1,1,1,1,4,3,1,2,24,1,2,1,60,1,1,2
9115,1.0,3.0,2.0,3.0,3.0,5.0,3.0,4.0,5.0,4.0,3.0,1.0,5.0,5.0,3.0,5.0,3.0,1.0,3.0,3.0,4,4,5,6,7,4,5,3,4,2,1,0,0,0,1,0,0,0,0,0,0,0,0,0,0,1,2,2,1,1,20,1,7,1,0,2,1,2
9116,4.0,4.0,4.0,5.0,2.0,2.0,1.0,4.0,4.0,2.0,1.0,3.0,1.0,2.0,4.0,2.0,2.0,5.0,4.0,3.0,7,4,5,5,7,2,6,3,4,2,1,1,1,1,1,0,1,0,0,1,1,0,1,1,1,1,3,2,2,1,46,2,4,1,60,1,2,2
9117,5.0,5.0,2.0,1.0,5.0,1.0,1.0,5.0,1.0,1.0,1.0,5.0,5.0,1.0,5.0,1.0,1.0,5.0,1.0,5.0,6,5,6,5,7,2,5,1,6,1,1,1,0,1,1,0,1,1,1,1,0,1,1,1,1,1,4,3,1,1,40,1,4,1,60,1,2,1
9118,3.0,2.0,5.0,5.0,1.0,1.0,1.0,1.0,5.0,3.0,2.0,5.0,1.0,3.0,2.0,1.0,5.0,4.0,5.0,1.0,4,1,7,5,5,6,6,1,5,2,1,1,0,1,1,0,0,0,0,1,0,0,1,1,1,1,4,2,2,1,51,1,4,1,60,2,3,3
9119,1.0,1.0,5.0,5.0,4.0,2.0,2.0,1.0,5.0,5.0,1.0,4.0,1.0,3.0,3.0,4.0,4.0,3.0,5.0,1.0,1,3,3,5,5,7,7,5,2,2,1,1,1,1,1,0,1,1,0,1,0,0,1,1,1,1,3,2,2,1,44,1,7,1,60,1,2,4
9120,5.0,4.0,1.0,4.0,4.0,1.0,1.0,2.0,2.0,3.0,1.0,5.0,1.0,1.0,5.0,1.0,1.0,5.0,5.0,4.0,5,5,7,1,7,2,0,3,7,1,1,1,1,1,1,0,1,1,0,1,1,0,1,1,1,1,4,2,1,1,58,1,4,3,0,1,1,7
9121,2.0,4.0,2.0,4.0,2.0,1.0,1.0,2.0,4.0,3.0,2.0,4.0,2.0,3.0,3.0,2.0,5.0,3.0,5.0,2.0,2,1,6,4,5,6,5,2,6,5,1,1,0,1,1,0,0,0,0,1,0,0,0,1,1,1,3,3,2,1,22,1,2,1,60,1,1,2
9122,5.0,5.0,2.0,1.0,4.0,2.0,1.0,1.0,3.0,1.0,2.0,4.0,3.0,2.0,5.0,4.0,2.0,4.0,5.0,3.0,6,5,7,4,5,2,6,1,7,1,1,1,1,1,1,0,0,1,0,1,0,0,1,1,1,1,4,2,2,2,26,2,7,1,60,1,1,2
9123,5.0,5.0,1.0,3.0,3.0,1.0,2.0,2.0,5.0,3.0,1.0,3.0,5.0,3.0,5.0,2.0,3.0,4.0,4.0,2.0,5,4,3,1,6,4,5,2,4,3,1,1,0,0,1,0,0,0,0,1,0,0,1,1,1,1,2,3,1,1,19,1,10,1,20,1,1,5
9124,2.0,4.0,5.0,5.0,2.0,4.0,5.0,2.0,5.0,1.0,2.0,4.0,1.0,5.0,4.0,5.0,1.0,1.0,4.0,1.0,6,2,6,1,7,2,3,4,5,7,1,1,1,1,1,0,1,1,0,1,1,0,1,1,1,1,4,2,2,1,63,1,6,1,60,1,3,4
9125,5.0,5.0,1.0,1.0,5.0,1.0,1.0,5.0,2.0,1.0,1.0,5.0,5.0,1.0,5.0,1.0,1.0,5.0,5.0,5.0,7,5,3,1,7,3,5,2,7,2,1,1,0,0,1,0,1,1,0,1,0,0,1,1,1,1,1,1,1,1,19,1,1,1,70,2,1,4
9126,1.0,1.0,2.0,2.0,4.0,3.0,3.0,1.0,5.0,5.0,1.0,1.0,2.0,4.0,4.0,4.0,3.0,4.0,4.0,2.0,5,5,7,2,6,6,4,1,6,5,1,1,1,1,1,0,0,0,0,1,0,0,1,1,1,1,3,1,2,1,46,1,6,1,60,1,2,13
9127,2.0,2.0,4.0,5.0,3.0,2.0,2.0,3.0,4.0,4.0,4.0,4.0,4.0,2.0,2.0,2.0,2.0,4.0,5.0,2.0,4,4,7,4,6,4,5,3,6,3,1,1,0,1,1,0,0,0,0,1,0,0,1,1,1,1,3,2,2,1,37,1,7,1,70,2,2,2
9128,5.0,4.0,4.0,2.0,5.0,1.0,1.0,1.0,3.0,3.0,1.0,5.0,1.0,1.0,4.0,2.0,1.0,5.0,5.0,1.0,6,2,4,2,6,4,4,1,5,1,1,1,1,1,1,0,0,0,0,1,0,0,1,1,0,1,4,2,1,1,37,1,1,1,60,2,1,2
9129,4.0,2.0,5.0,4.0,4.0,4.0,4.0,4.0,5.0,5.0,2.0,4.0,2.0,4.0,3.0,2.0,3.0,2.0,5.0,2.0,1,1,7,5,5,5,5,1,6,3,1,1,0,1,1,0,0,1,0,1,0,0,0,1,1,1,3,2,2,1,38,1,7,1,60,1,2,6
9130,1.0,3.0,1.0,5.0,4.0,5.0,5.0,3.0,5.0,5.0,4.0,2.0,1.0,3.0,1.0,5.0,5.0,3.0,4.0,1.0,7,4,7,5,7,4,7,1,7,1,1,1,0,1,1,0,0,1,0,1,0,0,1,1,1,1,3,2,1,1,47,2,4,1,60,1,2,2
9131,1.0,4.0,1.0,3.0,1.0,3.0,1.0,3.0,3.0,3.0,1.0,2.0,1.0,3.0,4.0,4.0,1.0,3.0,3.0,1.0,3,3,6,1,7,5,6,7,6,2,1,1,1,1,1,0,1,1,0,1,1,0,1,1,1,1,3,3,1,1,27,1,2,1,10,1,1,2
9132,2.0,1.0,2.0,3.0,4.0,1.0,1.0,1.0,5.0,2.0,1.0,5.0,5.0,2.0,5.0,1.0,1.0,3.0,5.0,1.0,6,6,6,1,7,2,7,5,6,1,1,1,1,1,1,0,0,1,0,1,0,0,1,1,1,1,3,1,2,1,37,1,1,3,60,1,2,4
9133,4.0,4.0,1.0,3.0,3.0,4.0,1.0,3.0,4.0,4.0,3.0,4.0,2.0,3.0,4.0,1.0,2.0,3.0,4.0,3.0,1,3,5,1,5,7,2,5,7,3,1,1,1,1,1,0,0,0,0,1,0,0,1,1,1,1,3,2,1,1,32,1,0,1,60,1,1,4
9134,5.0,4.0,2.0,4.0,2.0,2.0,2.0,4.0,5.0,4.0,2.0,3.0,4.0,5.0,1.0,1.0,4.0,2.0,5.0,4.0,6,2,6,2,6,1,6,4,6,1,1,1,1,1,1,0,0,0,0,1,0,0,1,1,1,1,3,2,1,1,50,1,6,1,60,1,2,3
9135,2.0,2.0,4.0,4.0,3.0,4.0,5.0,4.0,5.0,4.0,2.0,2.0,1.0,2.0,2.0,5.0,3.0,2.0,3.0,1.0,3,6,5,2,4,3,6,5,7,2,1,1,0,1,1,0,0,0,0,1,0,0,0,1,1,1,3,1,2,1,45,1,6,1,60,0,0,2
9136,1.0,4.0,4.0,4.0,5.0,1.0,1.0,2.0,4.0,3.0,1.0,4.0,1.0,2.0,3.0,1.0,1.0,5.0,4.0,2.0,5,3,6,6,7,7,7,2,3,1,1,1,1,1,1,0,0,0,0,1,0,0,1,1,1,1,3,2,2,1,24,1,6,1,60,1,1,1
9137,5.0,5.0,1.0,3.0,2.0,4.0,1.0,4.0,4.0,4.0,1.0,5.0,3.0,1.0,3.0,1.0,1.0,4.0,5.0,3.0,2,6,5,7,4,5,3,4,1,4,1,1,1,1,1,0,0,0,0,1,0,0,1,1,1,1,3,3,2,2,32,2,1,1,70,1,1,5
9138,1.0,3.0,2.0,5.0,5.0,2.0,1.0,1.0,5.0,4.0,1.0,5.0,1.0,1.0,5.0,4.0,2.0,1.0,5.0,1.0,7,1,7,6,7,1,7,1,7,1,1,1,1,1,1,0,1,0,0,1,0,0,1,1,1,1,4,2,2,1,46,3,6,1,60,1,2,4
9139,2.0,2.0,2.0,2.0,4.0,4.0,4.0,4.0,5.0,5.0,1.0,2.0,2.0,2.0,1.0,4.0,4.0,2.0,1.0,1.0,5,1,6,1,6,5,7,1,6,1,1,1,1,1,1,1,0,1,0,1,0,0,1,1,1,1,4,3,2,1,61,1,7,1,60,1,2,3
9140,4.0,4.0,2.0,4.0,3.0,1.0,1.0,4.0,4.0,2.0,1.0,3.0,4.0,3.0,5.0,1.0,1.0,4.0,5.0,2.0,5,6,3,5,6,2,4,1,4,2,1,1,1,1,1,1,0,0,0,1,0,1,1,1,1,1,4,1,2,1,26,1,7,1,60,2,1,1
9141,1.0,5.0,1.0,3.0,5.0,1.0,2.0,3.0,5.0,2.0,1.0,5.0,1.0,2.0,1.0,1.0,1.0,4.0,5.0,1.0,3,6,6,5,5,1,5,5,5,6,1,1,1,1,1,0,1,0,0,1,0,1,1,1,1,1,3,3,2,1,21,1,4,1,30,2,1,1
9142,1.0,1.0,4.0,5.0,3.0,4.0,2.0,2.0,5.0,5.0,2.0,1.0,1.0,5.0,4.0,5.0,2.0,2.0,5.0,1.0,2,2,7,3,5,6,7,1,7,2,1,1,0,1,1,0,0,0,0,1,0,0,1,1,1,1,3,1,1,1,37,1,12,1,60,1,2,2
9143,1.0,2.0,1.0,5.0,1.0,4.0,4.0,2.0,5.0,2.0,5.0,1.0,1.0,4.0,2.0,4.0,4.0,4.0,5.0,1.0,1,3,7,1,6,5,6,2,7,5,1,0,0,1,1,0,0,0,0,1,0,0,0,1,1,1,4,3,2,1,44,1,4,5,60,2,2,2
9144,1.0,1.0,1.0,5.0,1.0,5.0,4.0,1.0,5.0,1.0,3.0,5.0,1.0,4.0,3.0,1.0,1.0,4.0,1.0,1.0,1,2,6,1,5,5,5,5,7,3,1,1,1,1,1,0,0,0,0,1,0,0,1,1,1,1,3,1,1,1,62,1,6,1,60,1,2,1
9145,1.0,1.0,4.0,4.0,1.0,4.0,4.0,1.0,5.0,1.0,1.0,2.0,3.0,4.0,2.0,4.0,4.0,1.0,5.0,4.0,3,2,6,3,7,5,7,3,5,1,1,1,1,1,1,0,0,1,0,1,1,0,1,1,1,1,2,2,2,2,29,1,4,1,70,1,3,4
9146,1.0,4.0,5.0,1.0,5.0,1.0,1.0,1.0,5.0,1.0,1.0,5.0,4.0,1.0,5.0,1.0,1.0,5.0,4.0,1.0,5,6,6,5,7,2,6,1,5,1,1,1,1,1,1,1,0,0,0,1,0,0,1,1,1,1,3,2,2,1,58,1,6,1,60,2,2,4
9147,1.0,1.0,1.0,1.0,2.0,1.0,1.0,1.0,5.0,4.0,2.0,5.0,1.0,1.0,4.0,1.0,4.0,1.0,5.0,1.0,3,5,7,1,4,7,6,1,7,1,1,1,1,1,1,1,1,1,0,1,0,1,1,1,1,1,4,1,1,1,65,1,1,1,70,1,3,6
9148,2.0,3.0,3.0,4.0,3.0,4.0,1.0,4.0,5.0,3.0,4.0,5.0,4.0,3.0,4.0,5.0,5.0,4.0,5.0,2.0,3,7,4,6,5,5,4,6,3,4,1,1,0,1,1,0,0,0,0,1,0,0,1,0,1,1,2,2,1,1,18,1,1,1,60,2,1,2
9149,4.0,3.0,1.0,5.0,2.0,1.0,2.0,4.0,4.0,4.0,1.0,5.0,2.0,4.0,4.0,2.0,1.0,4.0,5.0,2.0,7,6,5,5,7,2,6,5,5,2,1,1,1,1,1,0,0,1,0,1,1,1,1,1,1,1,4,2,2,1,38,1,2,1,60,1,1,2
9150,4.0,2.0,5.0,3.0,4.0,5.0,4.0,4.0,5.0,3.0,1.0,4.0,1.0,1.0,1.0,5.0,3.0,1.0,1.0,3.0,2,2,6,2,6,7,6,1,7,1,1,1,0,1,1,0,0,0,0,1,0,0,1,1,1,1,3,2,2,2,39,1,12,1,30,2,3,4
9151,2.0,4.0,3.0,3.0,4.0,4.0,2.0,3.0,4.0,3.0,2.0,5.0,4.0,2.0,5.0,1.0,3.0,3.0,2.0,2.0,7,4,6,3,7,2,7,5,5,1,1,1,0,1,1,0,0,0,0,1,1,0,1,1,1,1,0,1,1,2,40,1,4,1,60,2,2,3
9152,3.0,3.0,2.0,4.0,4.0,1.0,1.0,2.0,5.0,3.0,1.0,5.0,2.0,4.0,3.0,2.0,1.0,4.0,5.0,2.0,2,6,7,3,6,6,5,1,6,4,1,1,1,1,1,0,1,1,0,1,1,0,1,1,1,1,3,2,1,1,32,1,1,3,60,1,1,2
9153,2.0,3.0,1.0,4.0,4.0,1.0,1.0,5.0,5.0,4.0,1.0,1.0,1.0,1.0,1.0,1.0,4.0,4.0,5.0,1.0,3,7,2,5,7,1,6,7,5,1,1,1,1,1,1,0,1,1,0,1,1,0,1,1,1,1,4,2,1,1,59,1,1,1,60,1,2,2
9154,4.0,4.0,2.0,2.0,5.0,3.0,1.0,5.0,2.0,1.0,1.0,4.0,5.0,1.0,4.0,2.0,1.0,5.0,5.0,2.0,6,5,3,1,7,1,7,2,4,2,1,1,1,1,1,0,0,1,1,1,0,0,1,1,1,1,3,2,1,1,37,1,7,4,60,1,3,2
9155,4.0,2.0,2.0,4.0,5.0,1.0,1.0,5.0,3.0,2.0,1.0,5.0,2.0,1.0,1.0,1.0,1.0,1.0,5.0,1.0,3,5,6,7,2,5,5,1,5,5,1,1,0,1,1,0,0,0,0,1,0,0,1,1,1,1,4,1,2,1,37,1,3,0,60,1,1,3
9156,5.0,2.0,4.0,1.0,3.0,2.0,2.0,3.0,5.0,4.0,1.0,4.0,4.0,3.0,4.0,4.0,3.0,4.0,4.0,3.0,1,5,5,5,3,6,3,2,5,3,1,1,0,1,1,0,0,0,1,1,0,0,1,1,1,1,2,3,1,2,27,1,1,2,60,2,1,3
9157,4.0,4.0,2.0,2.0,4.0,1.0,1.0,5.0,2.0,2.0,2.0,4.0,5.0,3.0,4.0,1.0,4.0,2.0,5.0,4.0,6,6,5,3,7,5,4,4,5,5,1,1,0,1,0,0,0,1,0,1,0,0,0,0,1,1,3,2,1,1,21,1,4,1,10,2,1,2
9158,4.0,4.0,4.0,4.0,4.0,1.0,1.0,2.0,5.0,4.0,2.0,4.0,1.0,1.0,5.0,4.0,1.0,2.0,5.0,1.0,6,2,7,1,7,5,5,2,6,2,1,1,1,1,1,0,1,1,0,1,0,0,1,1,1,1,4,3,1,1,50,1,1,1,60,1,2,2
9159,5.0,3.0,1.0,3.0,4.0,1.0,1.0,5.0,3.0,1.0,2.0,5.0,2.0,1.0,4.0,1.0,4.0,5.0,5.0,4.0,5,3,5,1,7,7,6,5,7,2,1,1,1,1,1,0,0,1,0,1,0,0,1,1,1,1,3,2,1,1,36,1,4,1,70,1,1,2
9160,5.0,5.0,2.0,4.0,5.0,1.0,1.0,5.0,2.0,3.0,1.0,4.0,3.0,1.0,4.0,2.0,1.0,5.0,1.0,5.0,7,7,7,5,1,4,3,5,7,1,1,1,0,1,1,0,0,0,0,0,0,0,1,1,1,1,4,3,1,1,23,1,4,1,60,2,1,3
9161,4.0,4.0,2.0,4.0,4.0,1.0,1.0,4.0,3.0,3.0,1.0,4.0,2.0,3.0,4.0,4.0,1.0,4.0,5.0,3.0,1,6,4,6,6,7,5,6,3,4,1,1,1,1,1,0,0,1,0,1,0,0,1,1,1,1,2,2,3,1,19,1,12,2,70,2,1,1
9162,4.0,4.0,2.0,1.0,4.0,2.0,2.0,5.0,4.0,2.0,1.0,4.0,4.0,3.0,2.0,1.0,3.0,4.0,5.0,3.0,2,5,6,4,3,7,2,2,4,2,1,1,0,0,1,0,0,0,0,1,0,1,1,1,0,1,3,2,2,1,20,1,7,4,60,1,1,2
9163,2.0,4.0,2.0,5.0,2.0,1.0,1.0,2.0,5.0,4.0,1.0,5.0,2.0,4.0,5.0,2.0,1.0,5.0,2.0,1.0,6,6,6,2,3,2,6,6,6,2,1,1,1,1,1,0,0,0,1,1,0,0,1,1,1,1,3,2,1,1,51,1,4,1,60,1,2,3
9164,1.0,2.0,5.0,3.0,1.0,5.0,4.0,2.0,5.0,5.0,1.0,2.0,4.0,2.0,4.0,4.0,2.0,4.0,2.0,4.0,5,6,7,4,6,5,5,1,7,1,1,1,0,1,1,0,0,0,0,1,0,0,1,1,0,1,3,2,1,1,57,1,6,1,60,1,2,3
9165,3.0,1.0,3.0,4.0,2.0,4.0,4.0,5.0,5.0,5.0,2.0,5.0,1.0,3.0,3.0,5.0,3.0,2.0,4.0,1.0,1,4,5,1,5,6,5,2,6,4,1,1,0,1,1,0,0,0,0,1,0,0,1,1,1,1,2,2,1,2,27,1,2,1,60,1,1,2
9166,2.0,4.0,3.0,4.0,2.0,1.0,2.0,2.0,5.0,4.0,2.0,5.0,4.0,4.0,5.0,4.0,1.0,5.0,3.0,1.0,6,5,7,3,6,3,2,2,6,3,1,1,0,1,1,0,0,0,0,1,0,0,1,1,1,1,3,2,1,1,57,1,7,1,60,1,2,2
9167,1.0,4.0,1.0,3.0,1.0,1.0,1.0,2.0,5.0,5.0,1.0,4.0,1.0,1.0,4.0,1.0,1.0,5.0,5.0,5.0,1,7,7,7,7,6,1,1,7,1,1,1,0,1,1,1,0,0,0,1,0,0,1,1,1,1,2,2,2,1,22,1,12,5,60,1,1,3
9168,1.0,1.0,4.0,4.0,4.0,4.0,5.0,3.0,5.0,5.0,1.0,5.0,1.0,1.0,4.0,1.0,1.0,1.0,4.0,1.0,2,6,7,1,7,6,6,1,7,1,1,1,0,1,1,1,0,0,0,1,0,1,1,1,1,1,3,3,1,1,62,1,1,1,30,1,2,2
9169,1.0,4.0,2.0,5.0,4.0,1.0,1.0,4.0,4.0,2.0,4.0,4.0,1.0,1.0,5.0,1.0,2.0,4.0,5.0,1.0,5,3,6,2,7,6,5,5,6,5,1,1,1,1,1,0,0,0,0,1,0,0,0,1,1,1,3,2,1,1,47,1,12,1,10,1,2,1
9170,4.0,4.0,4.0,2.0,4.0,1.0,1.0,2.0,5.0,1.0,3.0,5.0,2.0,5.0,5.0,1.0,1.0,1.0,4.0,1.0,3,6,7,1,7,5,5,1,7,4,1,1,1,1,1,0,1,1,0,1,1,0,1,1,1,1,4,1,2,1,56,3,12,1,70,1,3,3
9171,3.0,3.0,3.0,1.0,3.0,5.0,3.0,1.0,5.0,3.0,2.0,5.0,2.0,3.0,4.0,3.0,1.0,2.0,1.0,1.0,7,5,5,5,7,1,3,5,3,1,1,1,0,1,1,0,0,0,0,1,0,0,1,1,1,1,4,1,2,1,38,1,6,1,60,1,2,1
9172,3.0,4.0,4.0,4.0,4.0,2.0,1.0,4.0,3.0,3.0,1.0,5.0,5.0,1.0,4.0,1.0,1.0,3.0,5.0,1.0,7,6,7,2,7,1,2,6,3,4,1,1,0,1,1,0,0,0,0,1,0,0,0,0,1,1,3,3,2,1,25,1,4,1,60,1,1,2
9173,2.0,2.0,2.0,2.0,4.0,1.0,1.0,1.0,3.0,2.0,2.0,4.0,2.0,3.0,3.0,1.0,2.0,1.0,1.0,4.0,4,5,7,5,3,7,6,1,4,1,1,1,1,1,1,0,0,1,0,1,0,1,1,1,1,1,4,2,2,1,33,1,6,1,60,2,2,3
9174,4.0,5.0,5.0,2.0,5.0,1.0,1.0,5.0,5.0,1.0,1.0,1.0,4.0,1.0,4.0,1.0,1.0,5.0,5.0,2.0,3,5,2,7,5,4,6,6,1,3,1,1,1,1,1,0,1,0,0,1,0,0,1,1,1,1,3,3,2,1,39,1,12,1,60,1,3,2
9175,3.0,1.0,4.0,4.0,4.0,2.0,2.0,4.0,5.0,4.0,5.0,1.0,2.0,2.0,4.0,5.0,5.0,4.0,5.0,1.0,5,3,3,2,3,1,7,7,6,5,1,1,1,1,1,0,0,1,0,1,0,0,1,1,1,1,3,1,2,1,59,1,6,4,60,1,2,6
9176,5.0,5.0,1.0,1.0,5.0,1.0,1.0,5.0,5.0,3.0,1.0,5.0,1.0,1.0,5.0,1.0,1.0,5.0,5.0,1.0,5,6,6,7,7,1,5,5,6,1,1,1,0,1,1,0,0,0,0,1,1,0,1,1,1,1,3,1,1,1,27,1,0,3,60,2,1,3
9177,1.0,1.0,1.0,4.0,1.0,1.0,1.0,1.0,3.0,5.0,1.0,2.0,1.0,3.0,1.0,2.0,3.0,1.0,5.0,1.0,5,5,4,3,3,5,6,6,5,1,1,1,1,1,1,0,0,1,0,1,0,0,1,1,1,1,4,3,2,1,46,1,12,1,60,1,2,2
9178,2.0,2.0,4.0,3.0,2.0,2.0,1.0,2.0,5.0,4.0,3.0,2.0,4.0,1.0,5.0,4.0,2.0,3.0,4.0,1.0,2,5,4,3,6,4,6,5,5,2,1,1,0,1,1,0,1,1,1,1,1,1,1,1,1,1,3,2,2,1,28,3,7,1,30,1,1,3
9179,5.0,2.0,4.0,4.0,1.0,4.0,4.0,1.0,5.0,4.0,1.0,1.0,2.0,2.0,4.0,4.0,1.0,5.0,5.0,2.0,5,5,3,2,6,7,7,7,7,2,1,1,0,1,1,0,0,0,0,1,0,0,1,1,1,1,3,3,1,1,53,1,4,1,70,1,1,4
9180,4.0,2.0,3.0,4.0,2.0,2.0,2.0,2.0,4.0,2.0,2.0,4.0,1.0,2.0,4.0,2.0,4.0,4.0,5.0,2.0,7,3,7,5,3,2,6,2,6,4,1,1,0,1,1,0,0,0,0,1,0,0,0,1,1,1,4,2,2,1,40,1,6,1,60,1,2,2
9181,5.0,5.0,5.0,4.0,3.0,1.0,2.0,5.0,2.0,2.0,2.0,4.0,5.0,4.0,5.0,3.0,4.0,5.0,4.0,1.0,3,4,6,5,6,7,5,5,3,5,1,1,0,1,1,0,0,0,0,1,0,0,1,1,1,1,4,2,1,1,31,1,1,1,10,2,1,2
9182,4.0,2.0,3.0,2.0,2.0,4.0,3.0,4.0,5.0,5.0,4.0,4.0,4.0,4.0,4.0,3.0,5.0,1.0,5.0,4.0,5,1,7,3,6,5,4,1,7,2,1,1,0,1,1,0,0,0,0,1,0,0,1,1,1,1,3,1,1,1,38,1,6,1,60,1,1,3
9183,5.0,5.0,1.0,1.0,5.0,2.0,1.0,2.0,1.0,4.0,1.0,5.0,5.0,1.0,1.0,1.0,1.0,5.0,5.0,1.0,6,6,7,1,6,3,1,6,6,1,1,1,0,1,1,0,1,1,0,1,0,0,0,1,1,1,3,3,1,1,48,1,2,1,60,2,3,2
9184,1.0,4.0,2.0,4.0,4.0,2.0,2.0,4.0,5.0,2.0,1.0,1.0,1.0,4.0,5.0,5.0,2.0,1.0,1.0,1.0,3,5,7,6,3,6,6,1,6,5,1,1,1,1,1,0,0,0,0,1,0,0,1,1,1,1,3,3,2,1,51,1,4,1,60,1,2,3
9185,3.0,4.0,2.0,2.0,4.0,1.0,1.0,5.0,3.0,4.0,2.0,4.0,2.0,3.0,3.0,1.0,2.0,2.0,5.0,1.0,6,2,3,3,5,2,7,3,3,1,1,1,1,1,1,0,0,1,0,1,0,0,1,1,1,1,4,2,2,2,38,2,1,1,60,2,3,2
9186,2.0,2.0,2.0,4.0,2.0,4.0,5.0,4.0,5.0,5.0,3.0,4.0,4.0,4.0,3.0,2.0,3.0,2.0,5.0,3.0,5,2,6,1,6,4,6,1,7,4,1,1,1,1,1,0,0,0,1,1,0,1,1,1,1,1,4,2,2,1,48,2,6,1,60,1,2,2
9187,4.0,1.0,2.0,1.0,5.0,1.0,2.0,4.0,5.0,5.0,1.0,5.0,2.0,2.0,3.0,4.0,4.0,3.0,5.0,1.0,6,6,5,6,3,1,3,5,6,2,1,1,1,1,1,0,0,1,1,1,0,0,1,1,1,1,4,2,2,1,32,1,1,1,60,1,1,1
9188,1.0,2.0,4.0,4.0,4.0,2.0,2.0,2.0,5.0,5.0,4.0,1.0,1.0,4.0,2.0,4.0,4.0,1.0,1.0,1.0,6,1,7,5,5,3,5,5,3,3,1,1,1,1,1,0,0,1,0,1,0,0,1,1,1,1,4,1,2,1,61,1,6,1,60,1,2,3
9189,5.0,5.0,4.0,2.0,4.0,1.0,2.0,1.0,4.0,2.0,4.0,4.0,2.0,1.0,4.0,2.0,1.0,1.0,4.0,1.0,5,5,3,6,5,5,7,7,1,2,1,1,0,1,1,0,0,0,0,1,0,0,1,1,1,1,3,2,1,1,25,1,1,3,60,2,1,1
9190,4.0,1.0,5.0,5.0,1.0,2.0,2.0,4.0,5.0,4.0,5.0,2.0,2.0,4.0,1.0,4.0,2.0,2.0,1.0,1.0,2,2,2,7,3,3,7,2,2,1,1,1,1,1,1,0,0,0,0,1,0,0,1,1,1,1,4,2,2,1,43,1,6,1,60,1,2,2
9191,3.0,1.0,5.0,3.0,5.0,5.0,5.0,1.0,5.0,5.0,1.0,1.0,1.0,3.0,1.0,1.0,1.0,3.0,1.0,1.0,3,2,6,1,6,7,6,5,7,4,1,1,1,1,1,0,1,1,0,1,1,0,1,1,1,1,3,2,2,1,67,1,6,1,60,1,2,4
9192,1.0,5.0,4.0,5.0,4.0,4.0,4.0,2.0,5.0,5.0,1.0,5.0,4.0,2.0,5.0,5.0,2.0,4.0,5.0,1.0,7,6,7,6,7,1,7,3,2,1,1,1,0,1,1,1,0,1,0,1,1,0,1,1,1,1,3,2,2,1,20,1,2,1,60,1,1,2
9193,4.0,4.0,3.0,3.0,2.0,1.0,1.0,1.0,2.0,2.0,1.0,4.0,4.0,2.0,3.0,2.0,1.0,5.0,5.0,1.0,5,5,6,5,5,1,4,3,2,5,1,1,1,1,0,0,0,1,1,1,0,1,1,1,1,1,3,2,2,1,44,1,12,2,60,1,2,3
9194,5.0,4.0,3.0,1.0,4.0,2.0,2.0,2.0,3.0,3.0,2.0,4.0,3.0,2.0,3.0,2.0,4.0,4.0,5.0,1.0,1,6,7,5,7,7,6,0,6,4,1,1,0,1,1,0,1,0,0,1,0,0,1,1,1,1,3,1,2,1,20,1,1,1,0,1,1,3
9195,2.0,4.0,1.0,5.0,2.0,1.0,1.0,1.0,5.0,2.0,2.0,3.0,2.0,2.0,3.0,1.0,3.0,3.0,5.0,1.0,6,4,5,5,7,1,6,3,7,3,1,1,1,1,1,0,0,0,0,1,0,0,1,1,1,1,3,1,1,1,27,1,7,1,60,1,2,3
9196,2.0,3.0,1.0,4.0,4.0,1.0,1.0,2.0,3.0,2.0,1.0,5.0,1.0,2.0,4.0,5.0,1.0,1.0,5.0,2.0,6,5,7,2,6,1,5,1,6,1,1,1,0,1,1,0,0,1,0,1,1,0,1,1,1,1,3,1,1,1,34,1,0,1,50,1,1,3
9197,1.0,1.0,2.0,1.0,1.0,5.0,1.0,5.0,5.0,5.0,1.0,5.0,1.0,1.0,3.0,1.0,1.0,5.0,5.0,5.0,2,1,7,6,7,4,3,6,6,1,1,1,1,1,1,0,1,0,0,1,1,0,1,1,1,1,4,3,2,1,65,1,3,1,60,1,3,2
9198,5.0,5.0,4.0,1.0,5.0,3.0,2.0,5.0,4.0,4.0,1.0,3.0,1.0,1.0,1.0,4.0,5.0,5.0,2.0,1.0,3,4,4,5,4,7,5,5,3,2,0,1,0,1,0,0,0,1,0,1,0,0,0,1,1,1,3,2,2,2,40,1,2,1,60,2,2,2
9199,3.0,4.0,5.0,2.0,4.0,2.0,2.0,3.0,5.0,5.0,4.0,2.0,2.0,3.0,1.0,1.0,1.0,3.0,1.0,2.0,3,1,7,2,6,5,7,1,7,3,1,1,1,1,1,0,0,1,1,1,1,1,1,1,1,1,3,1,1,1,40,1,6,3,60,1,1,3
9200,2.0,1.0,2.0,4.0,2.0,2.0,2.0,2.0,5.0,4.0,3.0,4.0,1.0,3.0,3.0,2.0,1.0,4.0,5.0,2.0,2,6,4,5,6,7,4,3,5,2,1,1,1,1,1,0,1,1,0,1,0,0,1,1,1,1,3,1,1,1,48,1,9,1,60,2,2,2
9201,1.0,2.0,1.0,4.0,2.0,1.0,2.0,2.0,5.0,2.0,1.0,2.0,4.0,3.0,1.0,5.0,1.0,2.0,4.0,1.0,7,5,6,3,5,2,7,1,5,3,1,1,1,1,1,1,1,1,0,1,0,1,1,1,1,1,4,1,2,1,41,2,4,1,60,1,2,4
9202,1.0,1.0,5.0,5.0,3.0,5.0,4.0,2.0,5.0,5.0,5.0,4.0,1.0,1.0,1.0,4.0,4.0,2.0,5.0,4.0,1,1,6,2,6,6,7,3,7,5,1,1,0,1,1,0,0,0,0,1,0,0,1,1,1,1,3,1,1,1,29,1,1,1,60,1,2,3
9203,4.0,4.0,5.0,4.0,4.0,1.0,1.0,1.0,4.0,2.0,4.0,4.0,2.0,1.0,4.0,1.0,1.0,2.0,4.0,1.0,6,5,3,6,5,5,7,6,4,3,1,1,0,1,1,0,0,1,0,1,0,0,1,1,1,1,3,2,1,1,25,1,1,3,60,2,1,1
9204,5.0,1.0,1.0,3.0,2.0,1.0,1.0,3.0,5.0,4.0,1.0,4.0,2.0,4.0,5.0,1.0,4.0,5.0,5.0,1.0,6,1,5,3,5,6,7,6,5,2,1,1,1,1,1,1,1,1,0,1,1,0,1,1,1,1,4,2,1,1,29,1,2,1,60,1,1,2
9205,3.0,3.0,1.0,2.0,2.0,4.0,4.0,2.0,5.0,4.0,1.0,4.0,1.0,3.0,2.0,1.0,4.0,2.0,1.0,3.0,5,2,6,6,6,3,6,2,4,1,1,1,0,1,1,0,0,0,0,1,0,0,1,1,1,1,3,2,2,1,36,1,6,1,60,1,2,2
9206,4.0,1.0,4.0,3.0,5.0,5.0,5.0,5.0,5.0,2.0,1.0,1.0,2.0,1.0,4.0,3.0,1.0,1.0,5.0,1.0,3,5,3,7,4,5,6,3,2,1,1,1,0,1,1,0,0,0,0,1,0,1,0,1,1,1,2,2,2,1,25,1,1,2,10,2,1,3
9207,2.0,4.0,3.0,4.0,2.0,4.0,3.0,2.0,5.0,4.0,3.0,1.0,2.0,3.0,3.0,4.0,4.0,1.0,4.0,1.0,2,2,6,3,5,7,6,4,5,3,1,1,0,1,1,0,0,0,0,1,0,0,1,1,1,1,4,3,2,1,29,1,4,1,60,1,2,2
9208,4.0,4.0,1.0,2.0,4.0,2.0,2.0,5.0,4.0,5.0,1.0,5.0,2.0,1.0,4.0,5.0,1.0,3.0,5.0,1.0,2,5,5,3,7,6,3,3,3,3,1,1,1,1,1,0,1,1,0,1,1,0,1,1,1,1,4,1,2,1,47,1,12,1,70,1,2,4
9209,1.0,1.0,1.0,5.0,1.0,2.0,2.0,1.0,5.0,5.0,1.0,1.0,4.0,5.0,4.0,2.0,1.0,5.0,5.0,4.0,7,2,6,2,7,2,6,2,6,6,1,1,1,1,1,0,1,0,0,1,1,1,1,1,1,1,3,1,2,2,65,1,1,1,60,2,2,3
9210,2.0,4.0,2.0,3.0,2.0,2.0,4.0,3.0,5.0,2.0,1.0,2.0,1.0,1.0,4.0,1.0,4.0,1.0,2.0,3.0,2,4,6,6,7,5,6,3,5,2,1,1,1,1,1,0,0,1,0,1,0,0,1,1,1,1,3,1,2,1,45,1,6,1,60,1,2,2
9211,2.0,3.0,2.0,4.0,2.0,2.0,2.0,1.0,5.0,4.0,1.0,2.0,1.0,2.0,1.0,3.0,4.0,3.0,4.0,1.0,6,1,5,2,6,3,7,6,5,1,1,1,1,1,1,0,0,1,0,1,0,0,0,1,1,1,3,2,2,1,35,1,7,1,60,1,2,1
9212,1.0,1.0,4.0,5.0,2.0,5.0,4.0,4.0,5.0,5.0,1.0,4.0,4.0,2.0,4.0,5.0,1.0,2.0,5.0,1.0,5,5,7,3,3,6,3,1,7,2,1,1,0,1,1,1,0,0,0,1,0,0,1,1,1,1,4,3,2,1,30,1,1,1,60,1,1,2
9213,1.0,4.0,2.0,5.0,4.0,4.0,2.0,4.0,5.0,5.0,4.0,4.0,1.0,2.0,4.0,4.0,2.0,2.0,5.0,1.0,5,6,6,1,7,6,5,6,7,5,1,1,0,1,1,0,0,0,0,1,0,0,1,1,1,1,2,1,1,1,20,1,7,1,60,1,1,2
9214,5.0,3.0,1.0,3.0,5.0,1.0,1.0,5.0,1.0,1.0,1.0,5.0,4.0,2.0,5.0,1.0,1.0,5.0,5.0,1.0,3,4,3,4,5,6,5,2,6,2,1,1,1,1,1,0,0,1,1,1,0,0,1,1,1,1,2,2,1,1,40,1,2,1,60,1,3,3
9215,2.0,4.0,2.0,4.0,2.0,2.0,1.0,2.0,3.0,5.0,3.0,3.0,3.0,2.0,4.0,3.0,1.0,4.0,5.0,1.0,6,6,5,5,7,4,5,2,3,2,1,1,1,1,1,0,0,0,0,1,0,1,1,1,1,1,2,1,1,1,20,1,12,1,70,2,1,2
9216,5.0,4.0,5.0,4.0,4.0,1.0,1.0,2.0,4.0,2.0,4.0,4.0,4.0,4.0,5.0,2.0,3.0,5.0,5.0,1.0,3,1,7,5,6,6,6,5,6,2,1,1,0,1,1,0,0,0,0,1,0,0,1,1,1,1,2,3,1,1,18,1,9,1,60,1,1,2
9217,2.0,4.0,4.0,4.0,3.0,1.0,1.0,5.0,4.0,2.0,1.0,4.0,4.0,2.0,4.0,1.0,5.0,4.0,5.0,4.0,1,1,3,6,7,7,6,3,3,2,1,1,1,1,1,0,1,0,1,1,1,1,1,1,1,1,3,3,2,1,33,1,4,1,70,1,1,1
9218,2.0,4.0,1.0,2.0,2.0,1.0,1.0,4.0,5.0,4.0,1.0,3.0,5.0,2.0,4.0,2.0,2.0,4.0,5.0,4.0,6,6,6,5,6,3,5,2,6,3,1,1,1,1,1,1,0,1,0,1,1,1,1,1,1,1,3,3,2,1,24,1,1,2,70,2,1,3
9219,1.0,4.0,2.0,5.0,4.0,1.0,1.0,2.0,3.0,5.0,2.0,1.0,2.0,2.0,4.0,1.0,4.0,4.0,5.0,1.0,6,5,5,7,5,1,5,5,2,2,1,1,1,1,1,0,1,1,0,1,0,0,1,1,1,1,4,3,2,1,33,2,2,0,60,1,2,2
9220,1.0,2.0,5.0,4.0,1.0,3.0,4.0,2.0,5.0,4.0,1.0,4.0,1.0,1.0,4.0,4.0,2.0,4.0,5.0,1.0,1,6,6,7,6,7,2,3,4,5,1,1,1,1,1,0,1,1,0,1,1,0,1,1,1,1,3,2,1,1,33,1,1,1,60,1,1,4
9221,5.0,2.0,1.0,1.0,5.0,1.0,3.0,4.0,5.0,3.0,1.0,4.0,3.0,3.0,1.0,1.0,3.0,4.0,4.0,1.0,1,4,6,5,4,5,6,2,6,4,1,1,0,1,1,0,0,0,0,1,0,0,1,1,1,1,3,2,2,2,20,1,7,1,10,2,1,2
9222,1.0,1.0,5.0,5.0,1.0,5.0,2.0,1.0,5.0,5.0,5.0,1.0,1.0,5.0,1.0,4.0,4.0,1.0,5.0,1.0,3,3,7,2,4,6,5,3,5,6,1,1,0,1,1,0,0,0,0,1,0,0,1,1,1,1,4,1,2,1,48,1,4,1,60,1,2,5
9223,4.0,5.0,1.0,1.0,5.0,3.0,2.0,3.0,5.0,2.0,1.0,5.0,5.0,1.0,5.0,1.0,1.0,4.0,5.0,3.0,6,5,4,2,6,4,3,3,6,2,1,1,0,1,1,0,0,0,0,1,0,0,1,1,1,1,3,2,2,1,46,1,1,1,70,2,2,1
9224,5.0,5.0,4.0,3.0,3.0,4.0,2.0,4.0,4.0,2.0,3.0,4.0,5.0,3.0,4.0,3.0,2.0,4.0,4.0,4.0,2,6,5,6,2,3,5,4,5,3,1,1,0,1,1,0,0,0,0,1,0,0,1,1,1,1,3,2,1,1,33,1,7,1,10,2,2,2
9225,5.0,3.0,1.0,1.0,5.0,1.0,1.0,1.0,5.0,5.0,1.0,5.0,4.0,3.0,4.0,1.0,1.0,5.0,5.0,1.0,1,4,7,7,6,7,7,1,3,1,1,1,0,1,1,0,0,0,0,1,0,0,1,1,1,1,3,3,2,1,29,1,1,1,70,1,1,4
9226,2.0,2.0,5.0,5.0,2.0,2.0,2.0,2.0,5.0,3.0,4.0,2.0,1.0,2.0,5.0,3.0,2.0,1.0,5.0,1.0,1,5,1,5,6,6,6,7,3,6,1,1,0,1,1,0,0,0,0,1,0,0,0,1,1,1,2,3,2,1,34,1,7,1,60,1,3,3
9227,1.0,1.0,3.0,5.0,5.0,5.0,1.0,2.0,5.0,4.0,2.0,2.0,3.0,4.0,1.0,4.0,2.0,2.0,5.0,1.0,3,5,7,5,7,4,5,1,3,3,1,1,1,1,1,1,0,1,0,1,0,0,1,1,1,1,3,2,2,1,42,1,2,1,60,1,1,3
9228,3.0,3.0,2.0,4.0,5.0,1.0,1.0,4.0,4.0,2.0,1.0,5.0,4.0,2.0,2.0,2.0,1.0,4.0,5.0,3.0,5,6,6,6,6,2,4,5,2,2,1,1,0,1,1,0,0,0,0,1,0,0,1,1,1,1,3,2,1,1,51,1,4,1,60,1,2,3
9229,2.0,4.0,3.0,3.0,2.0,4.0,2.0,2.0,3.0,2.0,2.0,4.0,4.0,1.0,4.0,1.0,1.0,3.0,5.0,1.0,7,4,6,2,7,4,6,2,7,1,1,1,1,1,1,0,1,1,0,1,0,0,1,1,1,1,4,3,1,1,67,1,6,1,60,1,2,4
9230,1.0,4.0,2.0,4.0,4.0,1.0,1.0,2.0,4.0,2.0,2.0,2.0,1.0,3.0,4.0,2.0,2.0,5.0,5.0,1.0,1,6,7,5,1,6,2,1,5,6,1,1,1,1,1,0,0,0,0,1,0,1,1,1,1,1,4,1,2,1,48,1,4,1,60,1,2,2
9231,1.0,2.0,1.0,2.0,2.0,2.0,4.0,1.0,5.0,5.0,1.0,2.0,1.0,5.0,4.0,1.0,1.0,2.0,1.0,1.0,6,2,6,5,7,3,7,3,4,1,1,1,1,1,1,0,0,0,0,1,0,1,1,1,1,1,3,1,2,1,34,3,7,1,60,1,2,3
9232,2.0,1.0,4.0,1.0,5.0,4.0,4.0,5.0,5.0,3.0,2.0,5.0,4.0,2.0,2.0,5.0,1.0,4.0,5.0,4.0,1,5,7,5,3,6,4,4,6,3,1,1,1,1,1,1,0,1,0,1,0,0,1,1,1,1,3,3,1,1,36,1,2,1,60,1,2,2
9233,5.0,4.0,5.0,1.0,5.0,1.0,1.0,5.0,1.0,2.0,1.0,5.0,4.0,2.0,3.0,1.0,4.0,4.0,5.0,1.0,5,3,1,1,7,1,7,7,5,3,1,1,0,1,1,0,0,1,0,1,0,0,1,1,1,1,3,2,1,1,23,1,10,1,10,2,1,2
9234,1.0,4.0,3.0,2.0,4.0,2.0,2.0,1.0,5.0,2.0,1.0,5.0,1.0,1.0,2.0,1.0,1.0,2.0,5.0,1.0,2,1,5,6,7,1,7,2,5,1,1,1,1,1,1,0,1,1,0,1,1,1,1,1,1,1,4,2,1,1,30,1,3,1,60,1,2,3
9235,1.0,1.0,5.0,4.0,2.0,2.0,4.0,5.0,5.0,5.0,1.0,4.0,5.0,2.0,3.0,5.0,1.0,1.0,1.0,1.0,3,5,5,4,6,6,5,1,3,4,1,1,1,1,1,0,0,0,0,1,0,1,1,1,1,1,3,2,1,1,46,2,4,1,60,1,1,2
9236,1.0,2.0,1.0,2.0,3.0,1.0,1.0,5.0,5.0,4.0,1.0,4.0,1.0,1.0,3.0,1.0,2.0,5.0,3.0,4.0,1,2,4,6,6,7,3,2,6,5,1,1,0,1,1,0,0,1,0,1,0,0,1,1,1,1,4,2,1,1,29,1,6,1,60,2,1,1
9237,5.0,4.0,2.0,3.0,4.0,1.0,1.0,4.0,3.0,2.0,1.0,2.0,4.0,3.0,4.0,1.0,1.0,5.0,5.0,4.0,5,7,3,2,3,5,5,6,6,3,1,1,1,1,1,0,0,1,0,1,0,0,1,1,1,1,4,1,1,1,25,1,4,1,60,2,1,4
9238,3.0,2.0,4.0,3.0,4.0,1.0,1.0,3.0,4.0,4.0,4.0,4.0,5.0,5.0,3.0,4.0,2.0,4.0,5.0,2.0,3,5,6,6,5,6,6,6,4,3,1,1,0,1,1,0,0,0,0,1,0,1,1,1,1,1,1,1,2,1,17,1,1,2,60,2,1,2
9239,2.0,1.0,1.0,4.0,4.0,1.0,2.0,1.0,4.0,2.0,1.0,5.0,1.0,1.0,4.0,1.0,1.0,1.0,5.0,1.0,7,1,6,1,6,3,6,2,7,5,1,1,0,1,1,0,1,0,0,1,0,0,1,1,1,1,4,3,1,2,23,1,1,1,10,2,1,1
9240,5.0,4.0,1.0,1.0,2.0,1.0,1.0,4.0,2.0,2.0,2.0,5.0,5.0,1.0,5.0,4.0,4.0,4.0,5.0,2.0,5,7,5,1,7,5,3,2,6,3,1,1,1,1,1,1,1,1,1,1,0,1,1,1,1,1,3,2,1,1,22,1,2,1,60,2,1,1
9241,2.0,1.0,4.0,5.0,2.0,4.0,5.0,1.0,5.0,4.0,1.0,2.0,5.0,5.0,1.0,4.0,2.0,1.0,1.0,1.0,6,2,7,1,7,3,6,1,7,2,1,1,1,1,1,0,1,0,0,1,1,1,1,1,0,1,3,2,1,1,52,1,7,1,60,1,2,2
9242,4.0,4.0,3.0,4.0,2.0,2.0,2.0,2.0,5.0,2.0,3.0,2.0,1.0,2.0,2.0,3.0,3.0,3.0,5.0,1.0,3,5,6,3,6,4,7,3,5,3,1,1,0,1,1,0,1,0,0,1,0,0,1,1,1,1,3,3,2,1,36,1,1,1,60,2,1,3
9243,4.0,4.0,2.0,4.0,5.0,2.0,2.0,4.0,4.0,2.0,1.0,5.0,4.0,2.0,5.0,2.0,1.0,3.0,5.0,4.0,5,3,5,5,6,2,5,3,3,2,1,1,1,1,1,0,0,1,1,1,1,0,1,1,1,1,4,2,2,1,39,1,12,1,60,1,2,2
9244,2.0,2.0,4.0,4.0,4.0,2.0,1.0,4.0,5.0,5.0,1.0,1.0,2.0,3.0,4.0,4.0,1.0,5.0,5.0,2.0,6,2,3,1,6,2,7,3,6,1,1,1,1,1,1,0,1,1,0,1,1,1,1,1,1,1,3,2,1,1,47,1,1,1,60,1,3,7
9245,4.0,5.0,5.0,3.0,2.0,4.0,5.0,3.0,5.0,5.0,4.0,4.0,1.0,1.0,3.0,4.0,3.0,3.0,4.0,1.0,2,6,5,6,4,4,7,2,3,3,1,1,0,1,1,1,0,0,0,1,1,0,1,1,1,1,3,2,2,1,22,1,1,1,60,1,1,3
9246,1.0,1.0,2.0,4.0,4.0,2.0,4.0,5.0,5.0,5.0,3.0,5.0,5.0,2.0,1.0,2.0,4.0,4.0,5.0,5.0,5,5,7,6,6,7,6,1,6,1,1,1,1,1,1,0,0,1,0,1,0,0,1,1,1,1,3,2,1,1,48,3,4,1,50,2,0,3
9247,1.0,4.0,1.0,5.0,4.0,1.0,1.0,2.0,5.0,3.0,2.0,4.0,1.0,2.0,2.0,1.0,1.0,4.0,5.0,2.0,2,5,7,6,7,7,6,7,6,1,1,1,1,1,1,0,0,0,0,1,1,1,1,1,1,1,2,1,2,1,20,1,1,1,10,1,1,3
9248,3.0,3.0,2.0,4.0,3.0,1.0,1.0,1.0,5.0,4.0,2.0,2.0,2.0,4.0,1.0,1.0,2.0,5.0,5.0,1.0,2,2,4,7,6,6,6,3,2,4,1,1,1,1,1,0,0,0,0,1,0,0,1,1,1,1,3,2,2,1,43,1,9,2,60,1,2,1
9249,1.0,2.0,2.0,4.0,2.0,5.0,4.0,4.0,5.0,4.0,1.0,4.0,1.0,4.0,1.0,4.0,1.0,2.0,4.0,1.0,1,5,5,5,2,5,6,1,6,5,1,1,0,1,1,0,0,0,0,1,0,0,1,1,1,1,3,3,2,1,34,1,7,1,60,2,2,2
9250,5.0,4.0,1.0,4.0,4.0,1.0,1.0,1.0,4.0,1.0,1.0,5.0,2.0,1.0,3.0,1.0,3.0,5.0,4.0,5.0,5,6,6,5,4,3,7,3,4,2,1,1,0,1,1,1,0,1,0,1,1,0,1,1,1,1,4,2,1,1,43,1,6,1,30,2,2,2
9251,1.0,2.0,1.0,3.0,2.0,1.0,2.0,2.0,5.0,5.0,1.0,1.0,1.0,2.0,4.0,1.0,1.0,4.0,5.0,2.0,5,5,7,2,7,3,5,3,3,3,1,1,0,1,1,0,0,1,0,1,0,0,1,1,1,1,4,1,1,1,50,1,2,1,60,2,1,3
9252,5.0,5.0,1.0,5.0,4.0,1.0,1.0,1.0,5.0,2.0,4.0,5.0,5.0,1.0,5.0,1.0,1.0,1.0,5.0,1.0,6,2,7,5,5,3,7,1,7,1,1,1,1,1,1,0,0,0,0,1,0,1,1,1,1,1,3,3,1,2,39,1,6,3,70,2,2,3
9253,1.0,1.0,2.0,5.0,1.0,2.0,2.0,1.0,5.0,4.0,2.0,1.0,1.0,4.0,1.0,1.0,2.0,1.0,1.0,1.0,5,1,1,4,7,2,7,1,7,1,1,1,1,0,1,0,1,1,0,1,0,1,1,1,1,1,3,1,2,1,47,1,6,1,60,1,1,2
9254,3.0,3.0,5.0,5.0,5.0,5.0,4.0,4.0,4.0,4.0,1.0,2.0,4.0,3.0,3.0,3.0,4.0,1.0,5.0,3.0,3,5,7,5,7,5,6,2,4,4,1,1,1,1,1,0,0,0,0,1,0,0,1,1,1,1,3,3,2,2,45,1,2,1,10,2,1,4
9255,3.0,2.0,4.0,4.0,4.0,2.0,1.0,3.0,5.0,5.0,2.0,4.0,2.0,2.0,4.0,1.0,4.0,2.0,5.0,2.0,6,5,7,4,5,2,4,1,6,2,1,1,1,1,1,0,1,0,0,1,0,1,1,1,1,1,4,2,2,1,36,1,4,1,60,1,2,4
9256,5.0,2.0,1.0,4.0,3.0,1.0,1.0,2.0,3.0,1.0,1.0,5.0,1.0,1.0,5.0,1.0,1.0,4.0,5.0,3.0,4,6,7,4,7,3,4,2,5,3,1,1,1,1,1,0,1,0,0,1,1,0,1,1,1,1,3,2,1,1,53,1,2,1,60,2,2,0
9257,2.0,4.0,3.0,4.0,1.0,2.0,3.0,1.0,4.0,2.0,3.0,3.0,1.0,2.0,4.0,4.0,2.0,2.0,4.0,1.0,1,3,6,2,6,6,4,3,6,3,1,1,1,1,1,0,1,0,0,1,0,0,1,1,1,1,4,2,2,1,44,1,1,1,60,1,1,2
9258,5.0,2.0,2.0,4.0,2.0,4.0,1.0,1.0,5.0,2.0,3.0,4.0,5.0,4.0,4.0,1.0,1.0,3.0,2.0,1.0,2,1,6,7,3,7,6,1,6,5,1,1,1,1,1,0,1,0,0,1,0,0,1,1,1,1,4,2,1,1,60,1,5,1,60,1,2,2
9259,2.0,2.0,3.0,4.0,2.0,4.0,4.0,4.0,5.0,5.0,2.0,3.0,2.0,2.0,2.0,2.0,4.0,3.0,4.0,2.0,1,6,7,6,5,6,6,1,3,3,1,1,0,1,1,0,0,0,0,1,0,0,1,1,1,1,3,2,1,1,31,1,12,3,60,1,1,3
9260,1.0,3.0,2.0,5.0,2.0,2.0,2.0,4.0,5.0,5.0,4.0,1.0,2.0,3.0,5.0,5.0,1.0,4.0,3.0,3.0,1,2,6,1,6,7,6,1,7,4,1,1,0,1,1,0,0,0,0,1,0,0,1,1,1,1,3,1,1,1,22,1,5,1,60,1,1,4
9261,4.0,4.0,3.0,2.0,4.0,2.0,1.0,3.0,3.0,2.0,1.0,3.0,5.0,2.0,4.0,2.0,2.0,4.0,5.0,4.0,4,3,6,2,5,2,1,4,6,2,1,1,0,1,1,1,0,0,0,1,0,0,1,1,1,1,3,1,1,1,23,1,12,1,50,2,1,3
9262,1.0,2.0,3.0,4.0,2.0,4.0,2.0,3.0,5.0,5.0,3.0,4.0,1.0,4.0,3.0,4.0,3.0,1.0,4.0,1.0,7,6,7,4,5,1,6,4,6,3,1,1,0,1,1,0,0,0,0,1,0,0,1,1,1,1,4,3,2,1,36,1,7,1,60,1,2,4
9263,2.0,4.0,2.0,3.0,2.0,1.0,2.0,4.0,5.0,4.0,2.0,5.0,4.0,1.0,4.0,2.0,2.0,3.0,5.0,1.0,6,6,7,2,7,1,6,1,6,2,1,1,0,1,1,0,0,1,0,1,0,1,1,1,1,1,3,2,2,1,50,1,6,1,30,1,1,2
9264,4.0,5.0,1.0,2.0,4.0,1.0,1.0,2.0,4.0,1.0,1.0,5.0,4.0,1.0,5.0,1.0,1.0,4.0,5.0,1.0,6,3,5,1,6,2,1,1,6,2,1,1,0,1,1,1,0,0,0,1,0,0,1,1,1,1,2,3,1,1,20,1,2,1,60,2,1,1
9265,1.0,1.0,1.0,1.0,2.0,4.0,5.0,4.0,5.0,5.0,1.0,5.0,2.0,1.0,1.0,2.0,2.0,4.0,5.0,2.0,7,6,7,2,7,1,5,5,2,2,1,1,0,1,1,0,0,0,0,1,0,0,0,0,1,1,4,2,2,1,32,1,12,1,70,1,2,1
9266,4.0,4.0,2.0,4.0,4.0,1.0,1.0,1.0,3.0,2.0,1.0,1.0,1.0,4.0,5.0,2.0,1.0,4.0,5.0,1.0,5,1,5,7,7,2,6,5,2,6,1,1,0,1,1,0,0,0,0,1,0,0,1,1,1,1,3,2,2,1,40,1,7,2,60,1,2,2
9267,5.0,1.0,1.0,1.0,3.0,1.0,2.0,5.0,2.0,1.0,1.0,4.0,3.0,3.0,4.0,1.0,1.0,5.0,5.0,4.0,2,7,7,6,1,2,2,1,2,4,1,1,0,1,1,0,0,1,0,1,0,0,0,1,1,1,4,2,2,1,34,1,4,1,0,1,2,0
9268,1.0,2.0,4.0,4.0,2.0,5.0,5.0,3.0,5.0,5.0,2.0,4.0,3.0,2.0,4.0,4.0,2.0,2.0,1.0,2.0,6,2,5,4,6,2,6,5,4,1,1,1,1,1,1,1,0,1,0,1,0,0,1,1,1,1,2,2,2,1,18,1,4,1,60,2,1,3
9269,2.0,3.0,4.0,3.0,1.0,2.0,2.0,1.0,4.0,3.0,3.0,4.0,4.0,3.0,3.0,2.0,2.0,1.0,4.0,1.0,6,4,2,1,5,2,6,5,6,3,1,1,1,1,1,0,0,0,0,1,0,1,1,1,1,1,3,2,2,1,50,1,1,1,60,1,1,1
9270,2.0,2.0,1.0,4.0,5.0,5.0,5.0,2.0,5.0,4.0,1.0,1.0,1.0,4.0,4.0,4.0,1.0,4.0,5.0,4.0,6,2,7,5,7,5,7,3,4,4,1,1,0,1,1,0,0,0,0,1,0,0,0,0,1,1,3,2,2,1,24,1,7,3,30,2,1,1
9271,3.0,4.0,3.0,2.0,4.0,1.0,1.0,3.0,3.0,2.0,1.0,5.0,3.0,3.0,4.0,1.0,3.0,4.0,5.0,1.0,6,6,4,4,6,5,6,5,4,1,1,1,1,1,1,0,1,0,0,1,1,1,1,1,1,1,3,3,2,1,26,1,1,2,60,1,1,1
9272,2.0,4.0,4.0,4.0,2.0,4.0,1.0,2.0,5.0,4.0,2.0,2.0,2.0,4.0,3.0,2.0,2.0,4.0,4.0,4.0,2,2,6,2,5,5,3,3,6,6,1,1,0,1,1,0,0,1,0,1,0,0,1,1,1,1,4,1,1,1,29,1,4,1,60,1,2,2
9273,4.0,4.0,4.0,2.0,2.0,4.0,3.0,1.0,5.0,3.0,1.0,2.0,2.0,2.0,5.0,3.0,1.0,4.0,5.0,2.0,2,4,7,6,6,7,7,2,4,5,1,1,0,1,1,0,0,1,0,1,1,0,1,1,1,1,3,2,2,1,23,1,2,2,60,1,1,2
9274,3.0,1.0,3.0,3.0,3.0,1.0,1.0,3.0,5.0,5.0,1.0,2.0,1.0,4.0,4.0,1.0,2.0,1.0,3.0,2.0,3,5,6,4,5,5,3,5,3,1,1,1,0,1,1,0,0,0,0,1,0,0,1,1,1,1,2,3,1,1,15,1,1,1,70,2,1,3
9275,5.0,4.0,1.0,2.0,4.0,1.0,1.0,4.0,2.0,2.0,1.0,5.0,2.0,4.0,5.0,1.0,1.0,4.0,5.0,1.0,7,3,6,2,7,1,4,2,6,1,1,1,1,1,1,1,0,1,0,1,1,0,1,1,1,1,0,3,1,1,41,1,9,2,60,2,2,1
9276,4.0,4.0,2.0,1.0,4.0,1.0,3.0,4.0,2.0,2.0,2.0,5.0,4.0,3.0,4.0,1.0,3.0,4.0,5.0,2.0,5,5,5,5,5,5,5,5,5,5,1,1,1,1,1,0,0,0,0,1,0,0,0,1,1,1,3,2,2,1,21,1,12,2,60,1,1,4
9277,1.0,1.0,5.0,4.0,2.0,4.0,4.0,2.0,5.0,5.0,4.0,1.0,1.0,2.0,1.0,1.0,2.0,2.0,5.0,1.0,1,6,7,5,3,7,4,1,5,6,1,1,1,1,1,1,0,0,1,1,0,0,1,0,1,1,4,1,2,1,39,2,1,1,60,1,1,2
9278,2.0,2.0,2.0,2.0,2.0,2.0,2.0,2.0,4.0,3.0,2.0,2.0,2.0,3.0,2.0,2.0,2.0,2.0,2.0,2.0,3,1,6,1,6,6,6,2,6,2,1,0,0,0,1,0,0,0,0,0,0,0,0,1,0,1,3,1,1,1,58,3,9,1,60,1,2,5
9279,4.0,4.0,2.0,2.0,4.0,1.0,1.0,2.0,3.0,2.0,1.0,4.0,2.0,4.0,4.0,2.0,1.0,4.0,5.0,1.0,2,5,5,6,5,6,5,5,3,2,1,1,0,1,0,0,0,0,0,1,0,0,0,1,1,1,3,3,2,2,26,1,4,1,60,1,1,2
9280,1.0,1.0,1.0,3.0,5.0,1.0,1.0,5.0,3.0,1.0,1.0,5.0,4.0,1.0,4.0,1.0,2.0,4.0,5.0,2.0,2,6,7,5,4,6,1,2,5,5,1,1,0,1,1,0,0,0,0,1,0,0,1,1,1,1,3,2,2,1,31,1,1,1,60,1,1,1
9281,2.0,2.0,2.0,4.0,2.0,1.0,2.0,2.0,4.0,4.0,4.0,2.0,1.0,2.0,4.0,1.0,2.0,2.0,2.0,2.0,7,5,3,3,6,2,3,6,5,3,1,1,0,1,1,0,0,0,0,1,0,0,1,1,1,1,4,2,2,1,26,2,7,1,60,1,1,1
9282,4.0,4.0,3.0,1.0,4.0,1.0,1.0,4.0,4.0,1.0,1.0,4.0,4.0,1.0,5.0,1.0,1.0,5.0,5.0,5.0,2,5,7,5,5,6,7,2,4,5,1,1,0,1,1,0,0,1,0,1,0,0,1,1,1,1,4,3,2,1,40,1,1,1,60,1,1,1
9283,2.0,1.0,2.0,4.0,5.0,2.0,1.0,4.0,5.0,4.0,2.0,4.0,5.0,1.0,4.0,1.0,1.0,4.0,5.0,4.0,5,2,6,1,6,6,6,1,7,3,1,1,0,1,1,0,0,1,0,1,0,0,1,1,1,1,4,2,2,1,23,1,4,1,60,1,1,2
9284,1.0,2.0,2.0,4.0,4.0,4.0,2.0,1.0,4.0,4.0,2.0,5.0,2.0,2.0,2.0,2.0,4.0,4.0,5.0,2.0,3,5,6,5,6,5,6,3,5,2,1,1,1,1,1,0,0,1,0,1,0,1,1,1,1,1,3,3,2,1,42,1,1,1,70,2,2,2
9285,3.0,4.0,1.0,4.0,3.0,2.0,2.0,4.0,5.0,3.0,2.0,4.0,4.0,4.0,4.0,5.0,2.0,4.0,2.0,1.0,2,5,6,4,7,5,6,5,5,3,1,1,1,1,1,1,1,1,0,1,0,1,1,1,1,1,4,1,2,1,51,1,12,1,60,1,2,1
9286,5.0,2.0,4.0,2.0,4.0,5.0,2.0,5.0,5.0,4.0,1.0,4.0,4.0,1.0,2.0,4.0,3.0,5.0,1.0,1.0,5,5,3,5,3,2,6,5,2,5,1,1,0,1,1,0,0,0,0,1,0,0,0,1,1,1,2,2,2,2,19,1,10,1,70,2,1,3
9287,1.0,1.0,2.0,3.0,2.0,3.0,5.0,4.0,5.0,5.0,1.0,4.0,1.0,3.0,1.0,1.0,4.0,2.0,3.0,4.0,4,5,6,2,7,7,5,6,7,3,1,1,1,1,1,0,0,0,0,1,0,0,1,1,1,1,4,3,1,1,47,3,6,1,60,1,1,1
9288,5.0,5.0,1.0,1.0,3.0,1.0,1.0,5.0,3.0,1.0,1.0,5.0,4.0,1.0,3.0,1.0,5.0,4.0,5.0,3.0,4,6,3,1,5,5,5,5,6,4,1,1,1,1,1,1,0,0,0,1,1,0,1,1,1,1,3,2,1,2,27,1,2,1,70,1,1,2
9289,1.0,1.0,5.0,5.0,1.0,5.0,5.0,4.0,5.0,5.0,5.0,4.0,1.0,4.0,1.0,5.0,3.0,1.0,1.0,1.0,7,2,7,0,0,3,7,1,6,1,1,1,0,1,1,0,0,0,0,1,0,0,1,0,1,1,3,3,2,2,55,1,4,2,70,1,2,2
9290,1.0,2.0,4.0,5.0,4.0,2.0,2.0,4.0,5.0,4.0,1.0,2.0,2.0,5.0,2.0,5.0,4.0,4.0,4.0,4.0,1,5,6,5,5,7,3,1,7,7,1,1,0,1,1,0,0,1,0,1,0,0,1,1,1,1,3,3,2,1,43,1,6,1,10,2,2,3
9291,5.0,4.0,2.0,4.0,5.0,2.0,1.0,2.0,5.0,1.0,4.0,5.0,5.0,4.0,5.0,1.0,1.0,5.0,2.0,3.0,4,4,6,2,6,6,5,6,7,1,1,1,1,1,1,0,1,0,0,1,0,0,1,1,1,1,3,2,1,1,52,1,6,1,60,1,2,1
9292,5.0,4.0,4.0,4.0,4.0,3.0,2.0,1.0,4.0,1.0,1.0,4.0,5.0,3.0,4.0,1.0,4.0,2.0,1.0,4.0,5,5,3,5,6,7,5,6,5,1,1,1,0,1,1,0,0,0,0,1,0,0,1,1,1,1,3,1,1,2,28,2,7,0,10,1,1,3
9293,4.0,3.0,3.0,3.0,4.0,3.0,2.0,5.0,4.0,2.0,1.0,2.0,5.0,2.0,4.0,1.0,1.0,5.0,5.0,2.0,5,5,3,5,6,2,7,7,5,2,1,1,1,1,1,0,0,0,1,1,0,1,1,1,1,1,2,1,2,1,18,1,6,1,60,2,1,4
9294,4.0,5.0,1.0,3.0,4.0,5.0,4.0,1.0,5.0,5.0,2.0,2.0,5.0,3.0,4.0,2.0,3.0,4.0,5.0,1.0,5,1,6,3,5,2,7,3,2,6,1,1,0,1,1,0,0,0,0,1,0,0,0,1,1,1,3,3,2,1,21,1,1,1,60,2,1,3
9295,4.0,2.0,4.0,5.0,2.0,4.0,2.0,4.0,5.0,2.0,3.0,2.0,1.0,5.0,3.0,4.0,5.0,2.0,4.0,1.0,5,3,3,5,6,3,6,2,5,3,1,0,0,1,1,0,0,0,0,1,0,0,0,1,1,1,3,1,2,2,20,1,4,1,10,1,1,3
9296,1.0,1.0,4.0,2.0,3.0,4.0,4.0,1.0,5.0,5.0,2.0,1.0,1.0,2.0,3.0,5.0,5.0,1.0,1.0,1.0,6,3,6,2,7,5,7,5,6,3,1,1,1,1,1,1,0,0,0,1,0,0,1,1,1,1,3,2,2,1,38,1,7,1,30,1,2,1
9297,2.0,2.0,2.0,4.0,4.0,2.0,2.0,1.0,5.0,5.0,2.0,4.0,4.0,2.0,2.0,4.0,2.0,4.0,3.0,1.0,1,6,5,6,5,7,6,6,7,7,1,1,0,1,1,0,0,0,0,1,1,0,1,0,1,1,2,2,1,1,19,1,12,1,10,2,1,2
9298,5.0,1.0,1.0,1.0,5.0,1.0,1.0,4.0,4.0,1.0,1.0,5.0,2.0,1.0,5.0,1.0,1.0,5.0,5.0,1.0,6,7,2,6,6,2,2,7,2,2,1,1,0,1,1,0,0,0,0,1,0,0,1,1,1,1,4,3,1,2,20,1,4,1,30,1,1,3
9299,3.0,4.0,2.0,2.0,5.0,2.0,1.0,4.0,4.0,2.0,2.0,5.0,4.0,3.0,4.0,2.0,2.0,4.0,5.0,2.0,2,5,5,5,3,6,5,5,3,1,1,1,1,1,1,1,0,0,0,1,0,0,1,1,1,1,2,2,1,1,41,2,5,1,60,1,1,1
9300,2.0,2.0,4.0,3.0,1.0,4.0,5.0,2.0,5.0,5.0,1.0,5.0,2.0,2.0,4.0,3.0,3.0,3.0,1.0,1.0,1,5,5,7,4,6,6,1,4,6,1,1,0,1,1,0,0,0,0,1,0,0,1,1,0,1,4,1,2,1,23,2,6,1,30,2,1,5
9301,1.0,2.0,1.0,2.0,4.0,2.0,2.0,4.0,5.0,4.0,2.0,4.0,4.0,2.0,3.0,1.0,2.0,4.0,5.0,4.0,2,1,7,2,7,7,7,1,6,1,1,1,1,1,1,0,0,0,0,1,0,0,1,1,1,1,2,1,2,1,63,1,7,1,60,1,2,1
9302,1.0,5.0,3.0,5.0,5.0,5.0,1.0,1.0,5.0,1.0,1.0,1.0,5.0,5.0,1.0,1.0,1.0,2.0,5.0,5.0,7,7,5,1,7,1,7,1,7,1,1,1,0,1,1,0,0,0,0,1,0,1,0,1,1,1,4,3,1,2,29,1,8,1,10,1,2,3
9303,1.0,2.0,2.0,4.0,1.0,4.0,2.0,2.0,5.0,5.0,1.0,1.0,1.0,2.0,4.0,4.0,3.0,2.0,4.0,2.0,7,2,7,6,6,2,7,5,3,1,1,1,1,1,1,0,0,0,0,1,0,1,1,1,1,1,3,2,2,1,30,1,12,1,60,2,1,2
9304,3.0,2.0,3.0,4.0,4.0,3.0,1.0,5.0,5.0,3.0,1.0,4.0,2.0,2.0,4.0,2.0,2.0,4.0,4.0,3.0,2,6,6,5,6,6,6,1,5,4,1,1,1,1,1,0,0,1,0,1,1,0,1,1,1,1,3,3,2,2,27,1,2,1,60,1,1,5
9305,5.0,2.0,4.0,4.0,5.0,4.0,1.0,3.0,4.0,2.0,1.0,5.0,5.0,2.0,4.0,1.0,2.0,4.0,2.0,3.0,3,2,6,2,6,4,4,2,4,3,1,1,1,1,1,0,0,0,0,1,1,0,1,1,1,1,4,2,1,1,42,1,4,1,60,1,1,4
9306,1.0,4.0,5.0,1.0,4.0,5.0,5.0,5.0,5.0,5.0,1.0,4.0,2.0,1.0,1.0,1.0,4.0,4.0,5.0,1.0,2,5,7,6,3,7,2,1,5,6,1,1,0,1,1,0,0,0,0,1,0,0,1,1,1,1,3,2,1,1,65,1,6,1,60,1,2,4
9307,1.0,4.0,5.0,1.0,4.0,5.0,5.0,5.0,5.0,5.0,1.0,1.0,1.0,1.0,2.0,1.0,5.0,5.0,5.0,1.0,2,5,7,5,2,7,2,1,5,6,1,1,0,1,1,0,0,0,0,1,0,0,1,1,1,1,3,2,1,1,65,1,6,1,60,1,2,1
9308,4.0,4.0,4.0,5.0,4.0,1.0,1.0,2.0,5.0,4.0,1.0,4.0,4.0,1.0,4.0,2.0,1.0,4.0,5.0,4.0,5,2,7,7,7,6,7,6,2,1,1,1,0,1,1,0,0,0,0,1,0,0,1,1,1,1,0,1,2,1,35,1,4,2,60,2,1,3
9309,4.0,4.0,2.0,1.0,5.0,1.0,1.0,5.0,4.0,2.0,1.0,4.0,4.0,1.0,4.0,1.0,4.0,5.0,5.0,3.0,2,5,1,7,2,5,5,3,2,7,1,1,1,1,1,0,1,1,0,1,0,0,1,1,1,1,3,3,2,1,25,1,1,1,60,1,1,3
9310,3.0,4.0,3.0,2.0,3.0,3.0,1.0,3.0,4.0,4.0,2.0,4.0,3.0,2.0,3.0,2.0,4.0,3.0,5.0,1.0,6,5,3,1,5,2,4,5,7,6,1,1,1,1,1,0,1,1,0,1,0,0,1,1,1,1,4,1,1,1,27,1,2,1,60,1,2,1
9311,3.0,4.0,3.0,3.0,4.0,2.0,1.0,4.0,4.0,1.0,1.0,4.0,4.0,1.0,4.0,4.0,1.0,2.0,5.0,2.0,5,3,6,1,7,4,6,5,6,3,1,1,1,1,1,0,0,0,0,1,0,0,1,1,1,1,3,2,2,1,31,1,4,1,60,2,2,3
9312,3.0,2.0,4.0,4.0,3.0,5.0,5.0,4.0,5.0,4.0,3.0,4.0,2.0,3.0,2.0,1.0,5.0,4.0,5.0,1.0,2,3,4,5,5,6,6,5,5,5,1,1,0,1,1,0,0,0,0,1,0,0,1,1,1,1,2,3,1,2,20,1,0,1,20,1,1,2
9313,5.0,5.0,1.0,1.0,3.0,1.0,1.0,5.0,2.0,1.0,1.0,5.0,3.0,2.0,5.0,1.0,1.0,5.0,5.0,5.0,2,7,5,2,3,7,7,2,6,1,1,1,0,1,1,0,1,1,0,1,1,1,1,1,1,1,4,3,1,2,25,1,2,1,70,1,1,2
9314,1.0,4.0,2.0,2.0,2.0,1.0,1.0,4.0,4.0,2.0,2.0,4.0,1.0,2.0,5.0,4.0,2.0,4.0,5.0,1.0,6,5,7,4,7,6,6,5,6,3,1,1,0,1,1,0,0,0,0,1,0,0,0,1,1,1,0,1,2,2,26,1,1,1,60,1,1,1
9315,5.0,3.0,1.0,1.0,5.0,1.0,1.0,5.0,3.0,3.0,1.0,5.0,1.0,2.0,4.0,1.0,2.0,4.0,5.0,1.0,1,5,4,3,7,7,2,4,6,1,1,1,1,1,1,0,0,0,0,1,0,0,1,1,1,1,3,2,2,1,38,1,2,1,60,2,1,2
9316,4.0,3.0,2.0,3.0,3.0,3.0,1.0,5.0,2.0,2.0,1.0,4.0,4.0,1.0,2.0,4.0,1.0,3.0,5.0,4.0,7,4,6,3,7,3,6,4,2,1,1,0,1,1,1,0,0,0,0,1,0,0,1,1,1,1,3,3,1,2,27,1,4,1,60,1,1,0
9317,4.0,5.0,4.0,2.0,4.0,2.0,2.0,2.0,4.0,5.0,1.0,2.0,2.0,3.0,2.0,1.0,4.0,2.0,5.0,2.0,2,1,6,6,7,6,5,6,3,3,1,1,0,1,1,0,0,1,0,0,0,0,1,1,1,1,3,3,2,2,18,1,4,1,70,2,1,2
9318,2.0,2.0,4.0,2.0,4.0,4.0,2.0,2.0,5.0,4.0,4.0,2.0,1.0,2.0,1.0,5.0,2.0,2.0,2.0,1.0,2,5,6,1,5,6,3,3,7,6,1,1,0,1,1,0,0,1,0,1,1,0,1,1,1,1,3,2,1,1,21,1,1,1,60,2,1,2
9319,5.0,4.0,5.0,4.0,5.0,4.0,2.0,1.0,5.0,2.0,1.0,5.0,1.0,4.0,5.0,1.0,4.0,4.0,5.0,1.0,2,5,7,2,6,2,2,2,3,3,1,1,1,1,1,0,1,1,0,1,1,0,1,1,1,1,3,1,2,1,54,1,6,1,60,1,2,4
9320,5.0,4.0,2.0,1.0,5.0,2.0,2.0,3.0,1.0,2.0,2.0,5.0,4.0,1.0,5.0,2.0,2.0,5.0,5.0,3.0,3,6,7,1,4,5,2,2,6,2,1,1,0,1,1,0,0,1,0,1,1,0,1,1,1,1,3,3,1,2,26,1,2,1,60,2,1,2
9321,4.0,2.0,2.0,4.0,5.0,1.0,1.0,5.0,2.0,2.0,1.0,4.0,2.0,1.0,4.0,1.0,1.0,5.0,5.0,2.0,2,7,5,6,5,4,3,4,2,3,1,1,0,1,1,0,0,1,0,1,1,0,1,1,1,1,3,2,2,1,29,1,1,1,10,1,1,2
9322,2.0,1.0,4.0,2.0,5.0,5.0,5.0,1.0,5.0,5.0,1.0,2.0,1.0,1.0,1.0,1.0,1.0,2.0,5.0,1.0,4,4,6,2,4,2,6,5,6,3,1,1,0,0,1,0,0,0,0,1,0,0,0,1,1,1,3,1,2,1,30,1,7,5,70,2,1,5
9323,2.0,1.0,3.0,2.0,2.0,2.0,2.0,4.0,5.0,3.0,1.0,5.0,1.0,4.0,4.0,2.0,4.0,4.0,5.0,1.0,7,5,4,4,5,1,6,4,5,1,1,1,0,1,1,0,0,0,0,1,0,0,0,1,1,1,3,3,2,1,33,1,4,1,60,1,2,5
9324,5.0,5.0,1.0,3.0,4.0,1.0,1.0,4.0,3.0,1.0,1.0,5.0,4.0,2.0,5.0,1.0,1.0,4.0,3.0,2.0,4,2,6,4,7,7,5,1,5,1,1,1,1,1,1,0,0,1,0,1,1,0,1,1,1,1,3,1,2,2,29,1,12,1,60,2,3,1
9325,3.0,4.0,5.0,5.0,2.0,4.0,1.0,1.0,5.0,4.0,1.0,4.0,4.0,2.0,5.0,5.0,2.0,5.0,1.0,1.0,3,5,6,7,5,7,7,3,5,4,1,1,1,1,1,0,1,1,0,1,1,1,1,1,1,1,3,2,2,1,55,1,4,1,60,2,3,3
9326,5.0,4.0,1.0,1.0,5.0,1.0,1.0,4.0,4.0,4.0,1.0,5.0,2.0,1.0,4.0,5.0,1.0,5.0,5.0,1.0,1,2,7,1,7,7,6,1,7,2,1,0,0,1,1,0,0,0,0,1,0,0,1,1,1,1,3,0,2,1,32,1,1,1,60,1,1,0
9327,2.0,3.0,1.0,2.0,5.0,1.0,1.0,1.0,4.0,5.0,1.0,4.0,2.0,1.0,1.0,1.0,4.0,1.0,5.0,4.0,2,5,6,5,6,5,6,1,6,1,1,1,0,1,1,0,0,0,0,1,0,0,1,1,1,1,2,3,2,1,22,1,12,5,70,2,1,1
9328,5.0,5.0,3.0,1.0,5.0,1.0,1.0,5.0,2.0,1.0,1.0,5.0,5.0,1.0,4.0,1.0,1.0,5.0,5.0,1.0,3,7,7,6,2,3,3,1,5,5,1,1,0,1,1,1,1,0,1,1,0,0,1,0,1,1,3,2,2,1,21,1,7,3,70,1,1,5
9329,1.0,3.0,2.0,3.0,4.0,4.0,2.0,5.0,3.0,5.0,2.0,4.0,1.0,4.0,4.0,5.0,1.0,2.0,5.0,5.0,4,1,1,6,5,4,7,6,3,2,1,0,0,1,0,0,0,0,0,1,0,0,0,1,1,1,4,3,2,2,26,1,7,1,60,1,1,1
9330,4.0,2.0,3.0,4.0,2.0,5.0,2.0,2.0,5.0,5.0,1.0,5.0,2.0,3.0,2.0,3.0,1.0,3.0,3.0,3.0,7,5,6,4,7,7,5,4,2,4,1,1,1,1,1,0,0,1,0,1,1,1,1,1,1,1,3,2,1,2,34,1,1,1,60,1,2,2
9331,1.0,1.0,4.0,5.0,1.0,5.0,4.0,1.0,5.0,5.0,3.0,2.0,1.0,5.0,1.0,5.0,5.0,1.0,4.0,1.0,3,2,6,6,7,7,7,5,7,1,1,1,1,1,1,0,1,1,0,1,1,0,1,1,1,1,2,1,2,1,53,3,2,2,60,1,3,3
9332,4.0,2.0,5.0,2.0,4.0,5.0,2.0,5.0,5.0,5.0,2.0,5.0,5.0,2.0,1.0,2.0,5.0,4.0,5.0,4.0,6,7,5,7,7,2,5,6,3,3,1,1,0,1,1,0,0,0,0,1,0,0,0,1,1,1,3,3,1,2,33,1,4,3,10,1,1,3
9333,5.0,4.0,5.0,5.0,5.0,4.0,2.0,2.0,5.0,4.0,1.0,2.0,2.0,2.0,4.0,4.0,2.0,4.0,2.0,1.0,6,2,7,2,5,3,7,1,5,1,1,1,0,1,1,0,0,0,0,1,0,0,0,1,1,1,4,2,2,2,55,1,9,1,60,2,2,2
9334,2.0,2.0,2.0,1.0,5.0,4.0,2.0,1.0,5.0,3.0,2.0,5.0,1.0,1.0,1.0,1.0,1.0,1.0,1.0,1.0,7,5,6,2,7,1,7,3,6,1,1,1,1,1,1,0,1,1,0,1,1,1,1,1,1,1,4,2,2,1,58,1,6,1,60,1,2,2
9335,3.0,4.0,1.0,4.0,5.0,1.0,1.0,2.0,4.0,2.0,1.0,5.0,5.0,1.0,4.0,1.0,1.0,5.0,5.0,5.0,3,5,7,5,7,3,5,1,4,3,1,1,1,1,1,0,0,0,1,1,0,0,1,1,1,1,4,2,2,1,44,1,12,1,60,2,2,2
9336,4.0,4.0,4.0,3.0,5.0,4.0,4.0,5.0,5.0,4.0,1.0,5.0,5.0,1.0,5.0,1.0,1.0,2.0,5.0,1.0,3,1,7,1,7,6,5,1,7,1,1,1,1,1,1,0,0,0,0,1,1,1,1,1,1,1,3,1,2,1,39,1,7,1,60,1,2,2
9337,1.0,1.0,5.0,1.0,4.0,4.0,5.0,1.0,5.0,5.0,1.0,5.0,1.0,1.0,3.0,1.0,1.0,1.0,4.0,3.0,2,6,6,6,6,6,6,1,6,6,1,1,0,1,1,0,0,0,0,1,0,0,1,1,1,1,3,2,1,1,68,1,6,1,60,1,2,2
9338,1.0,5.0,5.0,2.0,1.0,4.0,1.0,2.0,5.0,5.0,1.0,5.0,2.0,2.0,1.0,1.0,1.0,4.0,1.0,3.0,5,1,4,3,5,5,7,1,5,1,1,1,0,1,1,0,1,0,0,1,0,0,0,1,1,1,2,1,1,2,28,1,8,5,10,2,1,0
9339,2.0,2.0,1.0,3.0,4.0,4.0,2.0,4.0,4.0,4.0,2.0,1.0,3.0,3.0,3.0,3.0,1.0,4.0,5.0,1.0,1,6,6,5,4,4,5,2,2,1,1,1,1,1,1,0,1,1,0,1,0,0,1,1,1,1,3,3,1,1,45,1,9,1,60,1,2,1
9340,3.0,2.0,1.0,1.0,4.0,1.0,1.0,1.0,4.0,3.0,1.0,4.0,1.0,2.0,3.0,2.0,2.0,4.0,5.0,1.0,2,2,7,6,7,5,7,1,6,1,1,1,0,1,1,1,0,1,0,1,0,0,1,1,1,1,3,3,2,1,25,1,1,1,60,2,1,1
9341,5.0,5.0,5.0,1.0,5.0,1.0,1.0,5.0,1.0,5.0,1.0,5.0,4.0,1.0,5.0,1.0,5.0,5.0,5.0,1.0,6,5,3,1,7,2,5,2,7,1,1,1,1,1,1,1,1,1,1,1,1,1,1,1,1,1,4,3,1,2,23,1,2,1,10,1,1,2
9342,2.0,1.0,4.0,4.0,4.0,5.0,4.0,4.0,5.0,4.0,2.0,4.0,1.0,4.0,1.0,4.0,2.0,4.0,5.0,2.0,6,4,6,3,7,1,5,5,5,1,1,1,1,1,1,0,0,0,0,1,0,0,1,1,1,1,3,2,2,1,26,1,6,1,10,2,2,1
9343,4.0,5.0,5.0,5.0,5.0,4.0,1.0,5.0,2.0,5.0,1.0,4.0,5.0,2.0,4.0,5.0,1.0,5.0,5.0,2.0,4,2,6,4,5,7,6,5,4,4,1,1,0,1,1,0,0,0,0,1,0,0,0,1,1,1,2,3,1,1,25,1,12,1,30,2,1,0
9344,5.0,1.0,1.0,1.0,5.0,1.0,1.0,5.0,1.0,5.0,1.0,5.0,1.0,1.0,1.0,1.0,1.0,5.0,5.0,5.0,1,1,7,4,7,7,7,7,3,3,1,1,0,1,1,0,0,0,0,1,0,1,1,1,1,1,4,3,1,1,30,1,6,1,10,2,2,1
9345,3.0,5.0,2.0,2.0,5.0,2.0,1.0,4.0,3.0,2.0,1.0,3.0,4.0,2.0,4.0,2.0,1.0,5.0,5.0,3.0,7,7,4,5,4,1,1,4,3,1,1,1,0,1,1,0,0,0,0,1,0,0,0,1,1,1,2,2,2,1,17,1,12,1,70,2,1,2
9346,1.0,1.0,5.0,5.0,4.0,5.0,4.0,2.0,5.0,5.0,2.0,4.0,1.0,2.0,3.0,5.0,2.0,4.0,5.0,1.0,2,3,7,3,6,4,5,1,6,5,1,1,1,1,1,0,0,0,0,1,0,0,1,1,1,1,3,2,2,1,54,1,4,1,60,1,2,3
9347,4.0,1.0,5.0,5.0,1.0,4.0,2.0,3.0,5.0,3.0,3.0,1.0,5.0,3.0,2.0,3.0,1.0,3.0,5.0,1.0,7,6,1,1,7,1,7,6,5,2,0,0,1,0,0,1,1,1,1,0,1,1,1,0,0,0,3,3,2,2,36,1,12,0,10,2,3,2
9348,2.0,4.0,5.0,4.0,2.0,5.0,2.0,2.0,5.0,5.0,2.0,2.0,1.0,5.0,4.0,4.0,2.0,1.0,1.0,1.0,6,4,7,2,6,6,6,3,6,2,1,1,0,1,1,0,0,0,0,1,0,0,1,0,1,1,3,1,2,1,42,2,7,1,60,1,2,1
9349,4.0,4.0,1.0,2.0,5.0,1.0,1.0,3.0,3.0,2.0,1.0,5.0,5.0,2.0,5.0,1.0,2.0,4.0,5.0,1.0,2,6,7,3,6,7,7,3,7,2,1,1,0,1,1,0,0,0,0,1,0,0,1,1,0,1,2,2,1,1,16,1,1,1,60,2,1,2
9350,4.0,1.0,1.0,1.0,4.0,4.0,2.0,4.0,5.0,5.0,1.0,5.0,5.0,1.0,2.0,1.0,1.0,3.0,5.0,3.0,2,6,5,1,7,4,1,4,7,2,1,1,1,1,1,0,0,0,0,1,1,0,1,1,1,1,2,2,1,2,21,1,1,1,60,1,1,1
9351,1.0,3.0,3.0,5.0,2.0,5.0,5.0,4.0,5.0,3.0,2.0,3.0,2.0,4.0,3.0,5.0,3.0,1.0,3.0,2.0,1,1,3,1,6,7,7,3,6,4,1,1,0,1,1,0,0,0,0,1,0,0,0,0,1,1,2,2,2,1,46,1,6,1,60,1,2,1
9352,5.0,5.0,2.0,4.0,2.0,1.0,3.0,3.0,5.0,5.0,2.0,4.0,5.0,2.0,4.0,1.0,2.0,4.0,3.0,5.0,3,6,5,7,6,7,5,5,4,3,0,1,0,1,1,0,0,0,0,0,0,0,0,1,1,1,2,2,1,1,18,1,4,1,60,2,1,4
9353,3.0,5.0,2.0,1.0,5.0,4.0,4.0,5.0,5.0,5.0,1.0,4.0,3.0,4.0,2.0,1.0,1.0,4.0,4.0,1.0,5,3,5,5,7,4,6,6,3,1,1,1,1,1,1,1,1,0,0,1,1,0,1,1,1,1,4,2,1,1,51,1,1,1,60,1,2,3
9354,5.0,4.0,2.0,1.0,5.0,1.0,1.0,4.0,5.0,2.0,1.0,5.0,4.0,4.0,3.0,1.0,1.0,5.0,2.0,5.0,1,2,7,4,6,7,7,7,6,4,1,1,0,1,1,0,0,0,0,1,0,0,0,1,1,1,2,3,2,2,18,1,9,1,30,2,1,4
9355,3.0,4.0,4.0,3.0,4.0,4.0,4.0,4.0,5.0,4.0,1.0,4.0,2.0,2.0,2.0,4.0,2.0,4.0,5.0,2.0,6,2,6,1,7,6,7,5,6,1,1,1,1,1,1,0,1,1,0,1,0,0,1,1,1,1,3,1,1,1,65,1,7,2,60,1,2,4
9356,4.0,2.0,3.0,2.0,2.0,4.0,3.0,4.0,4.0,4.0,1.0,4.0,2.0,2.0,4.0,4.0,3.0,2.0,4.0,1.0,6,3,6,3,5,4,6,2,6,1,1,1,1,1,1,1,1,1,0,1,0,0,1,1,1,1,3,2,1,1,30,1,4,1,60,1,1,3
9357,4.0,4.0,2.0,2.0,3.0,2.0,1.0,4.0,2.0,5.0,1.0,1.0,2.0,2.0,2.0,5.0,1.0,2.0,5.0,2.0,1,6,5,7,4,5,3,3,3,5,0,1,0,0,0,0,0,0,0,1,0,0,0,1,1,1,2,2,2,2,23,1,1,1,60,2,1,2
9358,4.0,5.0,2.0,3.0,4.0,1.0,1.0,4.0,4.0,2.0,2.0,2.0,3.0,2.0,5.0,2.0,1.0,5.0,4.0,1.0,6,1,5,2,5,5,6,3,6,4,1,1,0,1,1,0,0,0,0,1,0,0,1,1,1,1,3,3,1,1,20,1,1,1,70,2,1,3
9359,3.0,4.0,2.0,4.0,5.0,1.0,1.0,2.0,5.0,5.0,1.0,4.0,1.0,4.0,3.0,1.0,5.0,1.0,4.0,1.0,1,5,5,2,6,5,6,5,5,2,1,1,1,1,1,0,0,1,0,1,0,1,1,1,1,1,3,2,2,1,50,1,6,1,60,2,2,3
9360,4.0,4.0,1.0,1.0,2.0,1.0,1.0,2.0,1.0,2.0,1.0,4.0,4.0,2.0,4.0,1.0,1.0,4.0,5.0,3.0,2,7,6,4,6,5,1,4,7,5,1,1,1,1,1,0,1,0,0,1,0,1,1,1,1,1,3,3,1,1,27,1,12,1,60,2,3,2
9361,1.0,4.0,4.0,3.0,2.0,2.0,2.0,2.0,5.0,5.0,2.0,2.0,1.0,1.0,2.0,3.0,4.0,1.0,5.0,1.0,6,3,6,6,3,1,3,1,3,6,1,1,0,1,1,0,0,0,0,1,0,0,1,1,1,1,4,2,2,1,27,1,1,1,60,1,1,3
9362,4.0,3.0,2.0,3.0,2.0,1.0,1.0,3.0,2.0,2.0,2.0,4.0,1.0,3.0,2.0,4.0,3.0,4.0,5.0,1.0,2,6,5,5,6,5,5,5,3,2,1,1,0,1,1,0,0,1,0,1,0,0,1,1,1,1,3,1,1,1,23,1,1,1,60,2,1,2
9363,2.0,1.0,4.0,3.0,2.0,4.0,2.0,3.0,5.0,4.0,2.0,2.0,1.0,3.0,3.0,2.0,2.0,4.0,4.0,2.0,5,2,6,2,7,7,7,5,7,5,1,1,0,1,1,0,1,1,0,1,0,0,1,1,1,1,4,2,2,1,50,2,7,1,30,1,3,3
9364,2.0,2.0,2.0,2.0,2.0,1.0,4.0,1.0,4.0,2.0,1.0,4.0,3.0,1.0,4.0,5.0,2.0,2.0,5.0,4.0,7,5,6,3,6,1,7,5,5,1,1,1,1,1,1,1,0,1,0,1,0,0,1,1,1,1,2,2,1,2,18,3,2,1,60,1,1,2
9365,5.0,4.0,2.0,2.0,5.0,2.0,3.0,4.0,2.0,3.0,1.0,3.0,2.0,1.0,3.0,2.0,2.0,2.0,5.0,4.0,3,6,4,5,6,5,3,5,2,3,1,1,0,1,1,0,0,0,0,1,0,1,1,1,1,1,4,2,1,1,27,1,8,2,10,2,1,2
9366,4.0,1.0,3.0,4.0,2.0,2.0,2.0,4.0,5.0,3.0,2.0,2.0,1.0,4.0,4.0,1.0,2.0,2.0,5.0,2.0,6,6,6,2,6,1,3,3,4,2,1,1,0,1,1,0,0,1,1,1,0,1,1,1,1,1,2,2,2,1,18,3,6,1,60,2,1,3
9367,4.0,4.0,2.0,2.0,5.0,2.0,2.0,4.0,1.0,2.0,1.0,4.0,5.0,4.0,4.0,1.0,1.0,5.0,5.0,2.0,7,5,6,1,7,1,4,3,6,1,1,1,1,1,1,0,1,0,0,1,0,1,1,1,1,1,3,3,3,1,47,3,2,2,60,1,2,3
9368,5.0,3.0,3.0,3.0,5.0,1.0,1.0,1.0,5.0,4.0,4.0,5.0,2.0,1.0,3.0,1.0,1.0,1.0,1.0,1.0,3,5,5,1,1,4,5,4,4,4,1,1,1,1,1,0,1,0,0,1,0,0,1,1,1,1,2,2,1,1,42,3,4,1,70,2,2,5
9369,1.0,2.0,5.0,5.0,3.0,4.0,4.0,1.0,5.0,5.0,1.0,4.0,2.0,1.0,4.0,5.0,1.0,1.0,5.0,2.0,2,1,5,1,7,6,5,5,7,2,1,1,1,1,1,0,1,1,0,1,1,0,1,1,1,1,4,2,1,1,48,1,1,1,60,1,3,2
9370,5.0,5.0,2.0,1.0,5.0,2.0,4.0,5.0,3.0,5.0,1.0,5.0,5.0,1.0,5.0,1.0,1.0,2.0,5.0,4.0,3,1,5,3,6,7,6,3,7,2,1,1,0,1,1,0,0,0,0,1,0,0,1,1,1,1,4,3,1,2,25,1,2,1,10,1,1,2
9371,5.0,4.0,3.0,3.0,2.0,1.0,1.0,3.0,2.0,2.0,1.0,5.0,5.0,2.0,5.0,1.0,5.0,4.0,4.0,2.0,3,6,6,4,7,3,4,1,5,1,1,1,0,1,1,0,0,0,0,1,0,0,1,1,1,1,4,3,2,2,32,2,6,1,60,1,3,2
9372,1.0,2.0,1.0,5.0,4.0,1.0,1.0,2.0,5.0,5.0,1.0,5.0,5.0,2.0,5.0,1.0,1.0,5.0,5.0,1.0,3,1,7,1,7,5,5,3,7,5,1,1,1,1,1,0,1,0,0,1,1,0,1,0,1,1,3,1,2,1,38,1,4,1,60,2,2,4
9373,4.0,4.0,2.0,1.0,3.0,1.0,1.0,2.0,3.0,1.0,1.0,5.0,4.0,2.0,3.0,1.0,1.0,5.0,5.0,2.0,7,7,5,2,7,1,6,3,4,7,1,1,1,1,1,0,1,1,0,1,1,0,1,1,1,1,3,2,2,1,29,1,7,1,60,1,1,3
9374,2.0,2.0,2.0,1.0,2.0,1.0,5.0,1.0,5.0,1.0,2.0,4.0,5.0,4.0,4.0,1.0,5.0,4.0,5.0,1.0,3,6,7,7,2,6,7,2,1,3,1,0,0,0,1,0,0,0,0,1,0,0,0,1,1,1,1,3,2,1,14,1,6,1,60,2,1,2
9375,2.0,4.0,4.0,3.0,2.0,4.0,4.0,2.0,5.0,5.0,3.0,4.0,2.0,3.0,4.0,2.0,1.0,1.0,5.0,3.0,3,2,7,3,5,5,6,4,6,4,1,1,1,1,1,1,1,1,0,1,0,0,1,1,1,1,4,2,2,1,50,1,6,1,60,1,2,4
9376,4.0,5.0,4.0,3.0,4.0,1.0,1.0,1.0,5.0,5.0,1.0,5.0,4.0,2.0,5.0,1.0,2.0,2.0,5.0,1.0,6,5,7,5,7,2,7,5,5,2,1,1,1,1,1,1,1,0,1,1,0,1,1,1,1,1,3,1,2,1,27,1,4,1,60,2,1,5
9377,2.0,3.0,4.0,3.0,4.0,3.0,3.0,4.0,5.0,4.0,3.0,4.0,2.0,2.0,3.0,5.0,1.0,1.0,5.0,4.0,3,4,6,2,4,6,4,2,6,5,1,1,1,1,1,0,0,1,0,1,0,0,1,1,1,1,3,2,1,1,54,2,1,1,60,1,2,3
9378,4.0,2.0,3.0,3.0,2.0,3.0,1.0,4.0,3.0,2.0,3.0,2.0,3.0,2.0,3.0,4.0,2.0,4.0,4.0,1.0,5,2,6,2,6,4,6,5,6,5,1,0,0,1,1,0,0,0,0,1,0,0,0,0,1,1,2,3,2,2,19,1,3,1,10,2,1,3
9379,2.0,1.0,4.0,4.0,1.0,4.0,4.0,1.0,5.0,4.0,3.0,1.0,1.0,4.0,3.0,5.0,1.0,1.0,3.0,1.0,2,6,7,5,6,5,5,1,5,6,1,1,0,1,1,0,1,1,0,1,0,0,0,1,1,1,3,3,2,1,25,2,1,1,60,1,1,4
9380,3.0,4.0,5.0,2.0,5.0,3.0,1.0,4.0,5.0,5.0,1.0,5.0,4.0,1.0,5.0,2.0,1.0,3.0,5.0,1.0,7,6,7,7,6,1,7,3,7,1,1,1,0,1,1,0,0,1,0,1,0,1,1,1,1,1,4,3,2,1,43,1,7,1,70,2,2,1
9381,3.0,4.0,3.0,3.0,4.0,3.0,2.0,4.0,4.0,2.0,2.0,5.0,2.0,2.0,5.0,2.0,3.0,4.0,3.0,2.0,6,6,6,6,6,5,6,1,6,5,1,1,1,1,1,0,0,0,0,1,0,0,1,1,1,1,3,3,1,2,19,2,4,1,60,2,1,2
9382,3.0,4.0,1.0,2.0,5.0,2.0,2.0,1.0,1.0,2.0,1.0,5.0,2.0,1.0,4.0,1.0,5.0,4.0,5.0,2.0,5,5,2,5,5,2,5,5,2,2,1,1,0,1,1,0,0,0,0,1,0,0,1,1,1,1,3,2,2,1,26,1,6,1,60,2,1,2
9383,1.0,2.0,5.0,1.0,4.0,2.0,1.0,1.0,4.0,5.0,1.0,5.0,5.0,4.0,1.0,1.0,5.0,4.0,5.0,1.0,7,7,4,6,7,2,4,1,2,1,1,1,0,1,1,0,1,0,0,1,1,0,1,1,1,1,3,3,2,1,49,1,7,1,60,1,1,2
9384,2.0,3.0,4.0,5.0,4.0,4.0,4.0,1.0,5.0,4.0,1.0,3.0,2.0,3.0,2.0,1.0,3.0,2.0,4.0,4.0,6,5,7,2,6,5,7,3,7,5,1,1,0,1,1,0,0,0,0,1,0,0,1,1,1,1,3,1,2,1,66,1,7,1,60,1,3,3
9385,4.0,2.0,2.0,4.0,4.0,3.0,1.0,4.0,4.0,2.0,2.0,4.0,2.0,2.0,4.0,4.0,2.0,4.0,2.0,1.0,2,5,5,5,5,5,3,5,5,3,1,1,0,1,1,0,0,1,0,1,0,1,1,1,1,1,3,2,1,1,25,1,4,1,60,1,1,2
9386,4.0,5.0,2.0,5.0,2.0,5.0,5.0,4.0,5.0,5.0,2.0,4.0,2.0,4.0,3.0,2.0,4.0,4.0,5.0,1.0,5,5,7,5,5,3,5,3,2,3,1,0,1,1,1,0,0,1,0,1,0,0,0,0,1,1,4,2,1,1,68,1,1,1,60,1,2,4
9387,2.0,2.0,3.0,1.0,4.0,1.0,1.0,2.0,5.0,3.0,2.0,4.0,1.0,2.0,4.0,2.0,2.0,4.0,5.0,1.0,3,5,5,1,5,6,5,5,7,5,1,1,1,1,1,0,1,1,0,1,1,0,1,1,1,1,4,2,1,1,30,1,1,1,60,2,1,3
9388,4.0,4.0,2.0,3.0,4.0,2.0,1.0,5.0,5.0,4.0,1.0,4.0,5.0,1.0,4.0,5.0,2.0,4.0,5.0,1.0,2,6,6,6,3,5,2,5,5,1,1,1,0,1,0,0,0,0,0,1,0,0,1,0,1,1,3,2,1,1,21,2,7,1,30,1,1,2
9389,3.0,1.0,4.0,3.0,3.0,5.0,5.0,3.0,5.0,4.0,2.0,4.0,4.0,1.0,4.0,4.0,5.0,4.0,1.0,2.0,5,2,7,2,5,6,6,1,6,4,1,1,0,1,1,0,0,0,0,1,0,0,1,1,1,1,3,2,1,1,59,1,6,1,60,1,2,4
9390,2.0,5.0,5.0,4.0,2.0,2.0,1.0,4.0,5.0,2.0,2.0,5.0,4.0,2.0,2.0,2.0,1.0,1.0,1.0,1.0,3,7,5,3,7,1,6,7,6,1,1,1,0,1,1,0,0,1,0,1,0,0,0,1,1,1,3,3,2,2,27,1,4,1,10,2,2,6
9391,2.0,2.0,5.0,5.0,2.0,3.0,2.0,5.0,5.0,2.0,3.0,5.0,1.0,3.0,2.0,2.0,1.0,4.0,1.0,1.0,6,1,3,6,7,5,7,1,6,5,1,1,0,1,1,0,0,1,0,1,1,0,1,1,1,1,3,3,2,2,24,2,4,1,60,1,1,3
9392,5.0,5.0,1.0,4.0,4.0,2.0,1.0,5.0,5.0,1.0,1.0,4.0,4.0,2.0,4.0,2.0,1.0,4.0,5.0,2.0,3,5,7,3,5,5,6,1,5,3,1,1,1,1,1,0,0,0,0,1,0,0,1,1,1,1,4,3,2,1,60,1,6,1,60,1,2,2
9393,5.0,5.0,1.0,2.0,5.0,2.0,1.0,4.0,1.0,2.0,1.0,5.0,4.0,1.0,5.0,1.0,1.0,4.0,5.0,4.0,5,5,5,6,5,5,5,5,3,2,1,1,0,1,1,0,0,0,0,1,0,0,1,1,1,1,3,3,1,1,23,1,12,5,10,1,1,2
9394,1.0,2.0,4.0,4.0,1.0,5.0,1.0,1.0,5.0,5.0,1.0,1.0,4.0,3.0,1.0,3.0,1.0,5.0,3.0,1.0,1,1,6,6,4,7,7,2,7,2,1,1,1,1,1,0,0,1,0,1,0,1,1,1,1,1,4,1,2,1,36,1,6,1,60,2,2,3
9395,4.0,2.0,4.0,2.0,5.0,2.0,3.0,5.0,4.0,3.0,2.0,4.0,2.0,2.0,3.0,3.0,2.0,4.0,5.0,2.0,3,7,7,2,2,5,3,1,6,4,1,1,1,1,1,0,0,1,0,1,0,0,1,1,1,1,2,2,2,1,19,1,4,1,70,1,1,3
9396,2.0,1.0,1.0,4.0,2.0,1.0,1.0,1.0,5.0,5.0,1.0,5.0,1.0,5.0,1.0,1.0,2.0,1.0,5.0,1.0,3,1,7,1,7,5,7,1,6,2,1,1,0,1,1,0,0,0,0,1,0,0,0,1,1,1,2,1,2,1,55,1,6,1,60,1,2,1
9397,1.0,1.0,5.0,4.0,5.0,4.0,1.0,1.0,5.0,4.0,2.0,4.0,1.0,3.0,4.0,1.0,1.0,4.0,5.0,1.0,5,7,6,3,5,5,7,7,6,1,1,1,0,1,1,0,0,1,0,1,0,0,1,1,1,1,4,2,1,1,25,1,12,3,60,2,1,2
9398,5.0,4.0,1.0,1.0,5.0,2.0,1.0,3.0,2.0,1.0,1.0,5.0,5.0,1.0,4.0,2.0,1.0,4.0,1.0,5.0,4,6,7,2,4,7,1,1,5,7,1,0,1,1,1,0,0,0,0,1,0,0,1,1,1,1,2,2,1,1,19,1,4,1,60,1,1,3
9399,1.0,2.0,1.0,1.0,1.0,5.0,1.0,3.0,5.0,2.0,4.0,1.0,5.0,1.0,3.0,1.0,1.0,2.0,5.0,1.0,4,1,7,1,7,7,6,1,7,1,0,1,0,1,1,0,0,0,0,1,0,0,1,1,1,1,4,2,1,2,30,1,3,2,30,1,1,5
9400,1.0,4.0,4.0,5.0,4.0,2.0,1.0,1.0,5.0,5.0,2.0,4.0,1.0,4.0,2.0,5.0,2.0,2.0,5.0,1.0,6,1,7,1,7,3,6,1,7,1,1,1,1,1,1,0,0,1,0,1,0,0,0,1,1,1,4,2,2,1,57,3,1,1,60,1,3,4
9401,2.0,4.0,3.0,2.0,4.0,2.0,2.0,2.0,4.0,5.0,2.0,4.0,1.0,4.0,4.0,2.0,3.0,3.0,4.0,1.0,6,4,5,5,6,1,6,2,4,2,1,1,1,1,1,0,0,0,0,1,1,0,1,1,1,1,3,2,2,1,44,1,4,1,60,1,2,2
9402,5.0,5.0,1.0,2.0,5.0,1.0,4.0,4.0,4.0,4.0,1.0,2.0,5.0,2.0,4.0,2.0,3.0,4.0,5.0,4.0,5,5,4,3,6,7,5,5,5,4,1,1,1,1,1,0,1,1,0,1,0,0,1,1,1,1,3,2,2,2,23,1,2,1,60,2,1,4
9403,1.0,1.0,4.0,2.0,5.0,4.0,1.0,2.0,5.0,5.0,4.0,4.0,1.0,1.0,4.0,4.0,5.0,4.0,5.0,1.0,6,2,5,2,2,1,6,5,3,2,1,1,1,1,1,1,0,0,0,1,0,0,1,1,1,1,4,3,2,1,48,1,6,1,60,1,3,2
9404,3.0,5.0,1.0,2.0,5.0,2.0,1.0,3.0,2.0,2.0,2.0,5.0,5.0,3.0,3.0,2.0,3.0,5.0,5.0,3.0,5,6,5,3,6,4,5,3,4,2,1,1,1,1,1,0,0,1,0,1,0,0,1,1,1,1,2,2,1,2,18,1,2,1,60,2,1,1
9405,1.0,5.0,2.0,2.0,4.0,1.0,1.0,1.0,1.0,4.0,1.0,4.0,5.0,1.0,4.0,1.0,1.0,5.0,5.0,3.0,7,7,6,6,7,1,6,2,3,1,1,1,1,1,1,0,1,1,0,1,0,0,1,1,1,1,4,3,2,2,33,1,1,1,60,2,2,2
9406,3.0,4.0,4.0,3.0,5.0,4.0,3.0,5.0,5.0,2.0,1.0,4.0,5.0,1.0,3.0,5.0,1.0,5.0,2.0,2.0,6,6,2,6,7,5,6,6,3,1,1,1,1,1,1,0,1,1,0,1,1,0,1,1,1,1,3,2,1,1,25,1,9,2,60,2,1,2
9407,2.0,5.0,1.0,4.0,2.0,1.0,1.0,2.0,5.0,2.0,1.0,4.0,1.0,1.0,2.0,1.0,1.0,4.0,5.0,1.0,5,2,6,3,5,5,7,1,6,3,1,1,1,1,1,0,0,0,0,1,1,1,1,1,1,1,3,2,2,1,26,1,6,2,30,1,1,0
9408,3.0,4.0,3.0,2.0,4.0,1.0,1.0,2.0,3.0,2.0,1.0,5.0,1.0,1.0,4.0,1.0,1.0,4.0,2.0,1.0,2,5,3,5,6,2,2,5,2,1,1,1,1,1,1,0,1,1,0,1,0,0,1,1,1,1,4,3,2,1,31,2,1,1,0,1,2,3
9409,1.0,1.0,2.0,5.0,1.0,4.0,4.0,1.0,5.0,5.0,2.0,2.0,1.0,1.0,1.0,4.0,3.0,2.0,5.0,2.0,6,2,7,3,4,3,7,1,7,2,1,1,1,1,1,0,1,0,0,1,0,0,1,1,1,1,3,2,2,1,47,1,1,1,60,1,2,4
9410,2.0,2.0,3.0,3.0,4.0,4.0,5.0,2.0,5.0,5.0,1.0,1.0,1.0,3.0,4.0,3.0,2.0,1.0,5.0,4.0,5,1,3,4,4,5,5,7,3,7,0,0,0,0,0,0,0,0,0,1,0,0,0,1,1,1,1,3,2,2,17,1,7,1,60,2,1,6
9411,4.0,4.0,1.0,1.0,5.0,1.0,1.0,4.0,3.0,1.0,1.0,4.0,4.0,1.0,4.0,3.0,2.0,4.0,5.0,3.0,7,7,7,5,7,2,2,2,6,6,1,1,0,1,1,0,0,1,0,1,0,0,1,1,1,1,1,2,1,1,13,1,6,1,60,2,1,3
9412,4.0,4.0,4.0,5.0,1.0,3.0,3.0,4.0,5.0,5.0,2.0,5.0,1.0,2.0,3.0,2.0,1.0,3.0,1.0,4.0,7,1,7,5,7,1,7,1,3,7,1,0,0,1,1,0,0,0,0,1,0,0,0,1,1,1,4,3,2,2,23,1,11,1,0,2,1,2
9413,1.0,2.0,1.0,4.0,4.0,4.0,2.0,4.0,5.0,5.0,1.0,1.0,4.0,4.0,4.0,4.0,2.0,4.0,4.0,2.0,2,2,5,5,5,6,6,5,3,5,1,1,1,1,1,0,0,0,0,1,0,0,1,1,1,1,4,1,2,1,28,1,1,1,60,1,2,1
9414,3.0,4.0,1.0,5.0,4.0,1.0,1.0,2.0,5.0,1.0,1.0,4.0,1.0,3.0,2.0,2.0,1.0,4.0,5.0,3.0,5,7,5,6,2,5,5,1,2,2,0,1,1,1,0,0,0,0,0,1,0,0,1,1,1,1,3,2,2,1,30,1,6,1,70,1,1,3
9415,5.0,5.0,5.0,1.0,4.0,1.0,1.0,1.0,5.0,2.0,1.0,5.0,1.0,1.0,3.0,1.0,1.0,2.0,5.0,1.0,1,6,7,5,3,7,4,1,6,4,1,1,0,1,1,0,0,1,0,1,0,0,1,1,1,1,4,3,2,2,30,1,7,1,60,1,1,1
9416,1.0,4.0,5.0,5.0,4.0,4.0,5.0,1.0,5.0,5.0,3.0,2.0,1.0,4.0,2.0,4.0,5.0,1.0,2.0,1.0,6,1,7,2,7,6,6,1,7,2,1,1,1,1,1,1,0,1,1,1,1,1,1,1,1,1,3,2,1,1,65,1,4,1,60,1,2,2
9417,5.0,5.0,5.0,2.0,5.0,2.0,1.0,4.0,5.0,5.0,1.0,3.0,1.0,3.0,5.0,5.0,2.0,2.0,1.0,1.0,3,1,7,4,7,7,7,1,7,1,1,1,0,1,0,0,0,1,0,1,0,0,0,1,1,1,3,1,2,2,33,1,2,1,60,1,2,2
9418,1.0,1.0,5.0,2.0,2.0,2.0,1.0,1.0,5.0,3.0,1.0,1.0,4.0,1.0,1.0,1.0,5.0,4.0,5.0,1.0,5,3,2,5,6,2,6,1,5,1,1,1,1,1,1,0,0,0,0,1,0,0,1,1,1,1,3,3,2,1,53,1,1,1,70,1,1,2
9419,2.0,3.0,2.0,4.0,2.0,5.0,5.0,1.0,5.0,4.0,2.0,1.0,2.0,3.0,1.0,4.0,3.0,3.0,3.0,3.0,2,7,4,7,6,7,7,5,5,2,1,1,0,1,1,0,0,0,0,1,0,0,1,1,1,1,2,2,1,1,16,1,2,2,60,2,1,2
9420,1.0,1.0,4.0,4.0,1.0,4.0,3.0,1.0,4.0,4.0,4.0,3.0,1.0,2.0,1.0,5.0,2.0,1.0,3.0,1.0,5,1,7,2,6,7,7,5,6,1,1,1,1,1,1,0,1,1,0,1,1,0,1,1,1,1,4,1,1,1,66,1,4,5,60,1,1,4
9421,4.0,1.0,1.0,3.0,5.0,1.0,1.0,4.0,5.0,2.0,1.0,5.0,4.0,1.0,4.0,5.0,1.0,4.0,5.0,3.0,5,1,5,1,7,3,7,3,6,3,1,1,0,1,1,0,0,0,0,1,0,0,1,1,1,1,3,2,1,1,27,1,2,1,60,1,1,2
9422,3.0,4.0,2.0,5.0,4.0,2.0,1.0,1.0,2.0,4.0,1.0,3.0,1.0,2.0,5.0,4.0,1.0,1.0,5.0,4.0,3,1,6,1,3,6,4,2,6,6,1,1,1,1,0,0,0,0,0,1,0,0,1,1,1,1,3,2,1,1,54,1,7,1,60,1,2,5
9423,1.0,2.0,3.0,4.0,1.0,4.0,3.0,4.0,5.0,4.0,2.0,4.0,2.0,3.0,4.0,4.0,4.0,4.0,3.0,1.0,3,5,3,7,5,6,7,5,2,2,1,1,1,1,1,0,0,0,0,1,0,1,1,1,1,1,3,2,2,1,30,1,1,1,60,2,1,2
9424,1.0,3.0,1.0,5.0,1.0,1.0,1.0,1.0,5.0,5.0,1.0,4.0,4.0,5.0,1.0,5.0,5.0,1.0,5.0,1.0,1,5,6,4,2,7,5,3,5,2,0,1,0,0,1,0,0,0,0,1,0,0,0,0,0,1,3,1,2,1,42,1,7,1,60,1,1,2
9425,1.0,3.0,4.0,5.0,1.0,4.0,2.0,1.0,5.0,5.0,4.0,1.0,1.0,4.0,3.0,2.0,2.0,1.0,5.0,1.0,2,1,7,1,7,6,7,1,7,4,1,1,1,1,1,0,0,0,0,1,0,0,1,1,1,1,3,3,2,1,68,1,6,1,60,1,3,4
9426,2.0,4.0,2.0,3.0,4.0,1.0,1.0,4.0,5.0,2.0,1.0,5.0,5.0,2.0,2.0,2.0,1.0,4.0,5.0,1.0,2,1,6,5,7,6,7,3,4,1,1,1,1,1,1,0,0,1,0,1,0,1,1,1,1,1,3,2,2,1,44,1,2,2,60,1,2,4
9427,1.0,1.0,5.0,5.0,1.0,3.0,1.0,1.0,5.0,5.0,1.0,1.0,1.0,5.0,1.0,5.0,5.0,1.0,4.0,1.0,4,1,7,1,7,5,7,1,7,1,1,1,1,1,1,0,0,0,0,1,0,0,1,1,1,1,3,2,2,1,48,1,4,1,60,1,2,3
9428,5.0,5.0,1.0,4.0,4.0,1.0,1.0,5.0,2.0,1.0,1.0,5.0,5.0,1.0,5.0,1.0,1.0,5.0,5.0,5.0,1,5,7,4,6,6,2,1,7,7,1,1,1,1,1,0,1,0,0,1,1,0,1,1,1,1,3,2,1,1,53,1,2,1,60,2,1,3
9429,3.0,3.0,3.0,2.0,4.0,4.0,2.0,4.0,5.0,2.0,2.0,4.0,3.0,1.0,2.0,3.0,2.0,3.0,5.0,1.0,2,3,3,6,5,5,5,5,4,5,1,1,1,1,1,0,0,0,0,1,0,0,1,1,1,1,3,2,1,1,28,1,1,1,60,1,1,2
9430,3.0,3.0,1.0,4.0,1.0,2.0,2.0,4.0,5.0,3.0,2.0,2.0,4.0,4.0,4.0,5.0,3.0,2.0,5.0,1.0,4,5,3,3,6,5,6,6,5,3,1,1,0,1,1,0,0,0,0,1,0,0,0,1,1,1,3,1,2,1,50,1,4,1,60,1,3,2
9431,3.0,5.0,1.0,4.0,4.0,1.0,1.0,2.0,5.0,2.0,1.0,2.0,4.0,2.0,5.0,4.0,2.0,4.0,5.0,2.0,6,5,7,2,6,5,6,5,6,2,1,1,1,1,1,1,1,0,0,1,0,1,1,1,1,1,4,2,1,1,32,1,1,1,60,1,2,6
9432,2.0,5.0,1.0,4.0,2.0,1.0,1.0,4.0,4.0,2.0,1.0,3.0,4.0,2.0,5.0,5.0,1.0,5.0,4.0,1.0,5,2,3,1,5,1,7,1,6,1,0,1,0,0,0,0,0,0,0,0,0,0,0,1,1,1,4,2,2,1,33,2,6,1,60,1,1,3
9433,2.0,1.0,1.0,3.0,5.0,3.0,4.0,4.0,5.0,5.0,2.0,5.0,5.0,2.0,1.0,4.0,2.0,1.0,5.0,1.0,4,7,7,2,6,5,5,4,5,1,1,1,0,1,1,1,0,0,0,1,0,0,1,1,1,1,3,1,1,1,39,1,7,1,70,1,3,2
9434,4.0,5.0,1.0,5.0,4.0,1.0,4.0,1.0,5.0,3.0,1.0,5.0,4.0,1.0,5.0,1.0,1.0,5.0,5.0,1.0,4,5,7,4,7,5,3,2,6,1,1,1,0,1,0,0,1,0,0,1,0,0,1,1,1,1,3,2,2,1,58,1,7,3,60,2,1,1
9435,2.0,2.0,2.0,3.0,2.0,2.0,2.0,1.0,5.0,4.0,3.0,5.0,2.0,1.0,4.0,4.0,2.0,2.0,5.0,1.0,5,5,5,2,6,5,6,2,6,3,1,1,0,1,1,0,0,0,0,1,0,0,1,1,1,1,2,2,1,1,18,1,1,1,60,2,1,2
9436,5.0,5.0,5.0,5.0,4.0,1.0,2.0,1.0,5.0,2.0,1.0,4.0,4.0,4.0,4.0,3.0,1.0,2.0,5.0,1.0,5,5,5,2,7,3,3,6,7,1,1,1,0,1,1,0,0,0,0,1,0,0,1,1,1,1,4,2,2,1,41,1,2,1,60,1,3,2
9437,4.0,5.0,2.0,4.0,5.0,1.0,1.0,2.0,3.0,2.0,1.0,2.0,4.0,1.0,3.0,1.0,1.0,5.0,5.0,4.0,4,5,6,3,6,2,3,2,4,1,1,1,1,1,1,0,0,0,0,1,0,0,1,1,1,1,3,3,1,1,50,1,1,1,70,1,2,3
9438,5.0,5.0,2.0,1.0,5.0,1.0,1.0,1.0,4.0,1.0,1.0,5.0,2.0,1.0,5.0,1.0,2.0,2.0,5.0,3.0,7,7,7,3,6,1,5,2,6,6,1,1,0,1,1,0,0,1,0,1,0,0,1,1,1,1,3,3,2,1,32,1,2,1,60,1,1,4
9439,4.0,3.0,4.0,4.0,4.0,4.0,2.0,4.0,5.0,5.0,2.0,5.0,2.0,1.0,2.0,4.0,1.0,4.0,5.0,5.0,5,2,1,4,6,6,7,7,6,1,1,1,1,1,1,0,1,1,0,1,0,0,1,1,1,1,4,1,2,1,47,1,6,1,60,1,2,2
9440,2.0,2.0,3.0,3.0,2.0,4.0,2.0,2.0,5.0,5.0,1.0,4.0,5.0,3.0,4.0,4.0,3.0,3.0,5.0,2.0,6,4,7,6,6,5,7,2,6,0,1,1,0,1,1,0,0,1,0,1,0,0,1,1,1,1,4,2,2,1,23,1,1,1,60,1,1,3
9441,4.0,1.0,4.0,4.0,1.0,1.0,1.0,4.0,5.0,5.0,1.0,1.0,1.0,5.0,1.0,1.0,2.0,2.0,5.0,1.0,1,1,6,6,5,7,6,2,2,3,1,1,1,1,1,0,0,0,0,1,0,0,1,1,1,1,4,2,2,1,46,1,4,1,60,1,1,5
9442,1.0,1.0,1.0,5.0,3.0,1.0,1.0,1.0,5.0,5.0,1.0,1.0,1.0,4.0,1.0,1.0,3.0,1.0,2.0,1.0,6,2,7,1,6,2,7,1,6,1,1,1,1,1,1,1,0,0,0,1,0,1,1,1,1,1,3,2,2,1,50,1,5,1,60,1,2,6
9443,2.0,2.0,2.0,3.0,2.0,1.0,1.0,2.0,4.0,5.0,1.0,4.0,4.0,2.0,2.0,2.0,2.0,2.0,5.0,1.0,6,6,5,3,6,3,3,3,5,3,1,1,0,1,1,0,0,0,0,1,0,0,1,1,1,1,3,2,2,1,32,1,4,1,60,1,2,2
9444,1.0,4.0,2.0,3.0,2.0,1.0,1.0,4.0,4.0,5.0,1.0,4.0,4.0,2.0,5.0,2.0,2.0,4.0,5.0,1.0,7,5,6,3,7,1,7,5,3,3,1,1,0,1,1,0,0,0,0,1,0,0,1,1,1,1,2,1,2,1,26,1,6,1,60,2,1,2
9445,4.0,4.0,2.0,2.0,4.0,3.0,1.0,2.0,3.0,4.0,4.0,2.0,3.0,1.0,5.0,2.0,2.0,2.0,4.0,1.0,6,5,5,2,5,3,2,2,7,2,1,1,0,1,1,0,0,0,0,1,0,1,1,1,1,1,3,2,1,1,27,2,6,1,60,2,1,3
9446,5.0,2.0,2.0,4.0,2.0,1.0,1.0,4.0,5.0,1.0,1.0,4.0,4.0,4.0,4.0,1.0,5.0,2.0,5.0,1.0,5,2,7,2,6,3,7,2,6,2,1,1,1,1,1,0,1,1,1,1,1,0,1,1,1,1,4,2,2,1,42,2,7,1,70,1,3,2
9447,1.0,3.0,4.0,5.0,4.0,1.0,1.0,4.0,5.0,4.0,2.0,1.0,2.0,4.0,4.0,3.0,2.0,5.0,4.0,1.0,5,5,6,1,7,5,6,5,7,1,1,1,1,1,1,0,0,1,0,1,0,0,1,1,1,1,4,2,1,1,40,3,1,1,0,1,2,2
9448,1.0,3.0,2.0,3.0,1.0,1.0,1.0,5.0,5.0,3.0,1.0,1.0,2.0,2.0,4.0,1.0,1.0,4.0,5.0,1.0,4,2,6,2,5,3,5,2,7,3,1,1,1,1,1,1,0,1,0,1,0,0,1,1,1,1,3,3,1,1,27,1,2,1,60,1,1,3
9449,4.0,3.0,5.0,4.0,2.0,4.0,1.0,1.0,5.0,3.0,1.0,3.0,2.0,3.0,1.0,5.0,1.0,1.0,5.0,3.0,4,3,4,2,6,2,7,3,6,1,1,1,1,1,1,0,1,1,0,1,1,0,1,1,1,1,4,0,1,1,76,1,12,1,60,2,3,5
9450,3.0,4.0,1.0,1.0,2.0,1.0,1.0,4.0,1.0,1.0,1.0,5.0,2.0,1.0,5.0,1.0,1.0,5.0,5.0,3.0,1,7,6,5,5,5,6,6,3,7,1,1,0,1,1,0,0,0,0,1,0,0,1,1,1,1,3,3,2,2,26,1,1,3,20,2,1,9
9451,2.0,2.0,2.0,4.0,4.0,2.0,2.0,2.0,4.0,5.0,3.0,4.0,4.0,3.0,3.0,5.0,2.0,2.0,3.0,3.0,6,6,4,3,6,2,6,5,4,3,1,1,1,1,1,0,0,0,0,1,0,0,1,1,1,1,3,3,2,1,47,1,7,1,30,1,3,3
9452,2.0,2.0,2.0,2.0,4.0,2.0,2.0,2.0,5.0,2.0,2.0,3.0,2.0,2.0,4.0,4.0,2.0,4.0,1.0,1.0,3,2,4,2,5,4,6,3,6,5,1,1,0,1,1,0,0,0,0,1,0,1,1,1,1,1,3,2,1,1,28,1,6,1,60,1,2,2
9453,4.0,4.0,2.0,5.0,5.0,5.0,5.0,4.0,5.0,3.0,1.0,4.0,5.0,5.0,3.0,4.0,3.0,4.0,3.0,1.0,5,5,7,3,7,6,7,5,6,2,1,1,1,1,1,0,1,1,0,1,0,0,1,1,1,1,3,3,2,2,26,1,4,1,10,1,1,3
9454,2.0,3.0,3.0,4.0,4.0,4.0,2.0,2.0,4.0,4.0,1.0,4.0,2.0,1.0,4.0,3.0,2.0,3.0,5.0,1.0,3,5,7,2,5,5,6,1,7,6,1,1,1,1,1,1,0,1,0,1,0,0,1,1,1,1,3,2,1,1,26,1,6,1,60,1,1,2
9455,4.0,4.0,4.0,3.0,4.0,2.0,1.0,5.0,5.0,4.0,2.0,4.0,3.0,2.0,5.0,2.0,1.0,4.0,5.0,3.0,5,1,3,5,5,5,7,1,3,2,1,1,0,1,1,1,0,1,0,1,0,0,1,1,1,1,2,2,2,1,23,1,1,1,60,1,1,4
9456,2.0,2.0,2.0,1.0,1.0,4.0,2.0,5.0,5.0,5.0,1.0,5.0,1.0,1.0,1.0,5.0,1.0,1.0,3.0,1.0,7,5,2,6,7,3,7,1,4,5,1,1,0,1,1,0,0,0,0,1,0,0,1,1,1,1,3,2,2,1,40,1,7,1,30,1,2,2
9457,5.0,2.0,3.0,5.0,2.0,3.0,5.0,3.0,5.0,3.0,2.0,5.0,4.0,1.0,1.0,2.0,2.0,1.0,5.0,1.0,4,3,7,2,7,4,4,1,5,2,1,1,0,1,1,0,0,1,0,1,0,0,1,1,1,1,4,3,1,2,48,1,2,1,20,2,2,8
9458,3.0,2.0,3.0,3.0,3.0,2.0,2.0,2.0,4.0,4.0,3.0,3.0,2.0,3.0,3.0,2.0,2.0,4.0,3.0,3.0,3,4,5,2,7,6,4,6,4,2,1,1,0,1,1,0,0,0,0,1,0,0,1,1,1,1,3,0,1,1,26,1,7,1,60,1,2,5
9459,1.0,4.0,2.0,4.0,5.0,5.0,4.0,2.0,5.0,1.0,4.0,2.0,2.0,1.0,4.0,5.0,1.0,1.0,4.0,1.0,7,4,7,6,7,1,6,1,5,1,1,1,1,1,1,0,1,1,0,1,1,1,1,1,1,1,4,1,2,1,53,1,6,1,60,1,2,2
9460,1.0,2.0,4.0,2.0,2.0,4.0,1.0,5.0,5.0,4.0,1.0,2.0,1.0,4.0,4.0,1.0,1.0,5.0,5.0,1.0,1,3,5,3,5,7,6,7,2,5,1,1,0,1,1,0,1,0,0,1,0,0,1,1,1,1,3,2,2,1,32,0,2,1,60,2,1,2
9461,1.0,2.0,4.0,4.0,2.0,5.0,5.0,1.0,5.0,5.0,3.0,1.0,1.0,4.0,2.0,4.0,3.0,1.0,3.0,1.0,5,1,2,2,7,5,1,5,5,5,1,1,0,1,1,0,0,0,0,1,0,0,0,1,1,1,2,3,1,1,29,2,1,1,30,1,1,1
9462,5.0,4.0,2.0,2.0,4.0,2.0,2.0,4.0,5.0,4.0,1.0,5.0,5.0,2.0,5.0,4.0,1.0,2.0,5.0,4.0,7,3,7,1,7,2,5,2,7,2,1,1,1,1,1,0,1,1,0,1,1,1,1,1,1,1,3,1,2,1,58,1,7,1,60,1,3,4
9463,4.0,3.0,2.0,2.0,5.0,1.0,1.0,4.0,3.0,3.0,1.0,4.0,5.0,3.0,3.0,1.0,3.0,4.0,5.0,1.0,2,5,4,5,3,6,1,3,4,5,1,1,0,1,1,0,1,1,1,1,0,1,1,1,1,1,3,2,1,1,22,3,2,1,60,1,1,2
9464,5.0,2.0,3.0,2.0,4.0,4.0,4.0,4.0,2.0,1.0,2.0,4.0,4.0,1.0,2.0,1.0,2.0,4.0,5.0,2.0,2,6,7,2,6,7,1,1,7,6,0,0,0,0,0,0,0,0,0,0,0,0,0,0,0,0,4,2,2,0,31,1,4,1,60,0,0,1
9465,2.0,4.0,2.0,2.0,4.0,1.0,1.0,5.0,4.0,2.0,1.0,5.0,4.0,1.0,4.0,1.0,1.0,5.0,5.0,2.0,3,5,6,6,2,1,6,2,3,5,1,1,1,1,1,0,1,0,0,1,0,0,1,1,1,1,3,3,1,1,61,1,9,1,60,1,3,3
9466,2.0,4.0,4.0,2.0,5.0,1.0,1.0,5.0,4.0,1.0,2.0,5.0,4.0,2.0,2.0,1.0,2.0,4.0,3.0,4.0,2,6,4,7,6,4,4,5,1,2,1,1,1,1,1,0,1,1,0,1,1,1,1,1,1,1,4,2,2,1,48,1,6,1,60,1,1,2
9467,2.0,5.0,3.0,4.0,5.0,4.0,5.0,3.0,5.0,4.0,2.0,3.0,3.0,2.0,4.0,3.0,3.0,2.0,5.0,1.0,4,3,4,3,7,5,6,7,5,1,1,0,0,1,1,0,0,0,0,0,0,0,0,0,1,1,3,3,1,2,29,1,2,1,60,1,1,2
9468,4.0,2.0,2.0,2.0,4.0,1.0,1.0,2.0,4.0,2.0,1.0,4.0,4.0,2.0,5.0,3.0,1.0,3.0,5.0,1.0,5,5,7,3,7,3,5,2,7,4,0,1,0,1,1,0,0,0,0,1,0,0,1,1,1,1,3,2,1,1,23,1,2,1,60,1,1,3
9469,1.0,5.0,1.0,3.0,1.0,1.0,1.0,1.0,5.0,2.0,1.0,3.0,1.0,4.0,5.0,1.0,1.0,5.0,5.0,1.0,7,7,7,7,7,7,7,1,7,1,1,1,1,1,1,0,1,1,0,1,1,0,1,1,1,1,4,3,2,1,54,2,2,1,60,1,2,4
9470,4.0,4.0,1.0,5.0,5.0,1.0,1.0,5.0,1.0,4.0,1.0,5.0,3.0,3.0,5.0,1.0,1.0,5.0,5.0,1.0,1,6,2,6,7,2,7,7,7,1,1,1,0,1,1,0,0,0,0,1,0,0,0,0,1,1,3,2,1,1,19,1,1,1,20,1,1,2
9471,4.0,3.0,1.0,3.0,5.0,1.0,3.0,1.0,4.0,3.0,3.0,4.0,4.0,4.0,4.0,2.0,3.0,1.0,5.0,1.0,5,4,7,4,5,2,4,1,3,2,1,1,0,1,1,0,0,1,0,1,0,0,0,1,1,1,3,3,2,1,22,3,0,1,60,1,1,2
9472,1.0,3.0,3.0,3.0,3.0,5.0,4.0,1.0,5.0,5.0,3.0,4.0,2.0,5.0,1.0,4.0,3.0,4.0,2.0,1.0,5,5,5,5,5,5,5,5,5,3,1,1,0,1,1,0,0,0,0,1,0,0,1,1,1,1,3,2,1,1,29,1,12,3,60,2,1,2
9473,2.0,4.0,2.0,5.0,1.0,4.0,2.0,4.0,5.0,3.0,1.0,1.0,1.0,5.0,2.0,2.0,3.0,4.0,5.0,2.0,1,3,4,7,5,7,7,6,5,1,1,1,0,1,1,0,0,1,0,1,0,0,1,1,1,1,3,2,2,1,25,1,7,5,60,1,1,2
9474,1.0,2.0,1.0,1.0,5.0,4.0,1.0,5.0,5.0,5.0,1.0,5.0,4.0,1.0,4.0,4.0,5.0,4.0,5.0,1.0,2,7,7,1,1,7,3,6,7,6,1,1,1,1,1,0,1,0,0,1,0,1,1,1,1,1,3,1,1,1,43,1,7,1,60,1,2,2
9475,1.0,2.0,4.0,2.0,2.0,4.0,3.0,1.0,4.0,5.0,1.0,4.0,1.0,3.0,3.0,1.0,2.0,1.0,3.0,1.0,5,1,7,2,5,5,7,2,6,1,1,1,1,1,1,0,0,1,0,1,0,0,1,1,1,1,3,2,2,1,50,1,7,1,60,1,2,3
9476,2.0,2.0,2.0,5.0,4.0,1.0,2.0,2.0,5.0,2.0,1.0,4.0,2.0,2.0,2.0,1.0,2.0,3.0,5.0,1.0,1,5,7,3,6,7,2,4,6,2,1,1,1,1,1,0,0,0,0,1,0,0,1,1,1,1,4,2,0,1,33,1,3,1,60,1,2,3
9477,2.0,4.0,2.0,4.0,3.0,1.0,1.0,4.0,4.0,3.0,1.0,4.0,2.0,3.0,4.0,1.0,2.0,3.0,5.0,4.0,1,2,5,2,6,3,6,5,5,1,1,1,1,1,1,1,1,1,0,1,1,1,1,1,1,1,4,2,2,1,39,1,6,1,60,1,2,3
9478,4.0,5.0,2.0,2.0,1.0,5.0,2.0,1.0,5.0,5.0,2.0,3.0,4.0,2.0,1.0,2.0,3.0,4.0,5.0,4.0,1,6,5,5,5,7,1,6,4,1,1,1,1,1,0,0,0,0,0,1,0,0,0,1,1,1,3,3,2,2,25,1,2,1,60,1,1,1
9479,4.0,2.0,1.0,3.0,2.0,2.0,1.0,2.0,4.0,2.0,1.0,3.0,1.0,3.0,2.0,2.0,4.0,3.0,5.0,1.0,5,6,7,6,2,6,7,6,4,2,0,0,0,0,0,0,1,1,1,0,0,0,0,0,0,0,3,2,2,1,67,1,0,1,60,0,3,3
9480,4.0,1.0,2.0,1.0,5.0,1.0,1.0,5.0,4.0,2.0,2.0,5.0,5.0,1.0,1.0,1.0,5.0,5.0,5.0,5.0,2,5,6,1,7,6,2,4,6,2,1,1,0,1,1,0,0,0,0,1,0,0,1,1,0,1,3,2,1,1,26,2,1,1,60,1,1,2
9481,2.0,1.0,2.0,4.0,2.0,1.0,1.0,2.0,5.0,2.0,2.0,2.0,2.0,4.0,2.0,1.0,4.0,2.0,5.0,2.0,3,5,5,5,5,3,3,3,4,2,1,1,1,1,1,0,0,1,0,1,0,1,1,1,1,1,3,3,1,1,40,1,1,1,60,1,2,2
9482,1.0,2.0,4.0,5.0,1.0,4.0,4.0,1.0,5.0,5.0,2.0,1.0,1.0,5.0,1.0,4.0,3.0,1.0,4.0,1.0,3,2,6,5,5,5,7,6,4,1,1,1,1,1,1,0,0,0,0,1,0,1,1,1,0,1,3,2,2,1,45,1,4,1,60,1,2,5
9483,4.0,4.0,4.0,2.0,5.0,1.0,1.0,4.0,2.0,2.0,1.0,5.0,4.0,2.0,4.0,2.0,2.0,4.0,5.0,1.0,6,2,7,3,7,1,7,1,6,3,1,1,1,1,1,0,1,1,0,1,1,0,1,1,1,1,3,3,2,1,49,1,4,1,60,1,2,1
9484,5.0,4.0,5.0,1.0,5.0,2.0,3.0,1.0,5.0,4.0,1.0,5.0,2.0,1.0,1.0,1.0,1.0,4.0,5.0,2.0,4,6,6,7,7,5,7,1,5,2,1,1,0,1,1,1,0,1,0,1,1,0,1,1,1,1,4,2,2,1,25,1,2,1,60,1,1,3
9485,3.0,4.0,1.0,1.0,4.0,1.0,1.0,1.0,5.0,1.0,1.0,2.0,4.0,3.0,1.0,1.0,1.0,5.0,5.0,5.0,3,5,6,3,6,4,1,2,6,6,1,1,1,1,1,0,1,0,0,0,0,0,1,1,1,1,3,1,1,1,49,1,4,1,60,2,1,7
9486,5.0,2.0,3.0,1.0,5.0,2.0,1.0,4.0,2.0,2.0,1.0,5.0,4.0,2.0,2.0,1.0,1.0,5.0,5.0,2.0,1,7,6,3,4,5,2,2,6,7,1,1,0,1,1,0,0,0,0,1,0,0,1,1,1,1,3,3,2,1,35,1,12,1,30,1,1,1
9487,2.0,2.0,1.0,4.0,2.0,2.0,1.0,4.0,4.0,2.0,2.0,4.0,2.0,3.0,2.0,2.0,1.0,2.0,5.0,1.0,5,1,6,3,0,2,6,2,7,2,1,1,0,1,1,0,0,0,0,1,0,0,1,1,1,1,3,2,2,1,42,1,4,1,60,1,3,5
9488,2.0,2.0,4.0,2.0,4.0,2.0,1.0,4.0,4.0,4.0,1.0,4.0,4.0,2.0,4.0,2.0,4.0,5.0,5.0,4.0,5,3,6,3,7,5,7,2,6,1,1,1,1,1,1,0,1,1,0,1,0,0,1,1,1,1,4,2,2,1,54,1,1,1,60,1,3,4
9489,1.0,1.0,2.0,5.0,5.0,1.0,1.0,1.0,5.0,1.0,1.0,5.0,1.0,1.0,1.0,2.0,1.0,4.0,5.0,1.0,7,1,6,1,7,4,7,5,6,1,1,1,0,1,1,0,0,0,0,1,0,0,1,1,1,1,3,2,2,1,45,1,7,1,60,2,3,3
9490,4.0,4.0,5.0,3.0,2.0,3.0,1.0,5.0,5.0,2.0,1.0,1.0,1.0,1.0,3.0,1.0,1.0,1.0,4.0,4.0,2,6,3,5,3,6,6,5,2,4,1,1,0,1,1,0,0,1,0,0,1,0,0,1,1,1,3,2,1,2,28,2,12,1,60,2,1,5
9491,4.0,4.0,1.0,3.0,5.0,1.0,1.0,5.0,5.0,1.0,1.0,5.0,4.0,1.0,5.0,1.0,5.0,5.0,5.0,1.0,5,5,6,2,6,3,7,1,6,1,1,1,1,1,1,1,1,1,0,1,1,1,1,1,1,1,4,2,1,1,56,1,9,1,60,1,2,3
9492,2.0,2.0,2.0,4.0,2.0,5.0,4.0,2.0,5.0,4.0,2.0,1.0,2.0,3.0,2.0,3.0,2.0,2.0,4.0,1.0,3,4,6,5,5,5,6,5,5,2,1,1,1,1,1,0,0,1,0,1,1,0,1,1,1,1,3,2,2,1,21,1,1,2,10,2,1,1
9493,5.0,5.0,1.0,1.0,5.0,1.0,1.0,3.0,1.0,2.0,1.0,5.0,5.0,1.0,5.0,1.0,1.0,4.0,5.0,4.0,3,5,2,5,6,4,5,6,3,1,1,1,1,1,1,0,0,0,0,1,0,1,1,1,1,1,2,1,2,1,40,1,12,2,60,1,2,1
9494,5.0,5.0,3.0,1.0,4.0,1.0,1.0,5.0,4.0,3.0,1.0,5.0,5.0,1.0,5.0,2.0,1.0,4.0,5.0,1.0,1,6,6,5,6,6,3,1,6,3,1,1,0,1,1,0,0,0,1,1,0,0,1,1,1,1,3,1,1,1,23,2,7,1,60,1,1,1
9495,3.0,4.0,1.0,4.0,4.0,3.0,3.0,2.0,4.0,3.0,2.0,2.0,2.0,2.0,3.0,4.0,2.0,4.0,5.0,1.0,5,2,4,5,5,6,4,5,3,4,1,1,0,0,1,0,0,0,0,1,0,0,0,0,1,1,2,3,1,1,18,1,7,1,60,2,1,2
9496,1.0,1.0,4.0,5.0,4.0,4.0,2.0,4.0,5.0,5.0,2.0,5.0,4.0,2.0,4.0,1.0,1.0,4.0,5.0,1.0,1,5,2,6,5,5,6,1,1,2,1,1,1,1,1,0,1,1,0,1,0,0,1,1,1,1,3,3,1,1,63,1,7,3,60,2,1,5
9497,4.0,5.0,4.0,2.0,4.0,2.0,2.0,4.0,4.0,2.0,1.0,5.0,2.0,2.0,5.0,5.0,3.0,4.0,4.0,2.0,5,2,6,2,6,5,6,3,6,6,1,1,1,1,1,0,0,0,0,1,0,1,1,1,1,1,3,2,2,1,22,1,1,1,60,2,1,2
9498,1.0,1.0,1.0,5.0,1.0,2.0,2.0,1.0,5.0,5.0,2.0,1.0,1.0,5.0,3.0,5.0,5.0,1.0,5.0,1.0,6,1,7,2,7,2,7,1,6,2,1,1,0,1,1,0,0,0,0,1,0,0,0,1,1,1,3,2,2,1,42,1,12,1,60,1,3,0
9499,2.0,1.0,4.0,3.0,2.0,4.0,2.0,1.0,5.0,5.0,1.0,2.0,1.0,1.0,1.0,3.0,3.0,1.0,1.0,1.0,1,2,6,6,6,7,5,1,2,1,1,1,1,1,1,0,0,0,0,1,0,0,1,1,1,1,3,3,1,1,66,1,4,1,60,1,1,3
9500,3.0,3.0,3.0,5.0,4.0,1.0,1.0,2.0,2.0,3.0,1.0,4.0,4.0,4.0,4.0,1.0,4.0,4.0,5.0,3.0,6,5,3,6,4,2,6,4,5,3,1,1,0,1,1,0,0,0,0,1,1,0,1,1,1,1,2,3,2,1,18,1,1,4,60,2,1,3
9501,4.0,2.0,2.0,3.0,2.0,2.0,1.0,3.0,2.0,2.0,2.0,2.0,2.0,2.0,3.0,2.0,3.0,2.0,5.0,3.0,3,2,6,2,6,4,3,5,6,2,1,1,0,1,1,0,0,1,0,1,1,0,1,1,1,1,4,2,1,1,40,1,12,1,60,1,2,2
9502,5.0,5.0,1.0,1.0,5.0,1.0,1.0,5.0,1.0,1.0,1.0,5.0,5.0,1.0,5.0,1.0,1.0,5.0,5.0,5.0,4,6,7,1,6,6,4,2,7,4,1,1,1,1,1,0,0,1,0,1,1,0,1,1,1,1,3,2,1,1,38,1,4,1,60,2,1,1
9503,4.0,2.0,1.0,2.0,4.0,2.0,1.0,2.0,5.0,5.0,1.0,4.0,4.0,1.0,1.0,5.0,2.0,1.0,1.0,2.0,2,1,6,2,6,5,6,2,6,6,1,1,1,1,1,0,0,1,0,1,0,1,1,1,1,1,4,2,1,1,52,2,7,1,70,1,2,1
9504,4.0,5.0,5.0,2.0,5.0,1.0,1.0,1.0,5.0,2.0,1.0,5.0,2.0,1.0,5.0,1.0,1.0,2.0,5.0,1.0,5,5,6,6,7,2,6,2,5,1,1,1,1,1,1,0,0,0,0,1,0,1,1,1,1,1,4,3,2,1,34,1,6,1,60,1,2,2
9505,2.0,3.0,2.0,4.0,4.0,1.0,1.0,4.0,3.0,2.0,1.0,3.0,2.0,2.0,1.0,4.0,1.0,2.0,5.0,2.0,5,6,7,5,5,7,3,1,6,4,1,1,0,1,1,0,0,0,0,1,0,0,1,1,1,1,3,2,1,1,21,1,3,1,10,1,1,3
9506,5.0,1.0,1.0,5.0,1.0,5.0,2.0,4.0,5.0,5.0,1.0,5.0,1.0,2.0,4.0,5.0,1.0,1.0,5.0,1.0,6,1,7,5,6,5,7,1,6,1,1,1,1,1,1,0,0,0,0,1,0,0,1,1,1,1,2,2,2,1,52,1,1,1,60,2,2,2
9507,4.0,4.0,2.0,2.0,4.0,3.0,1.0,4.0,3.0,2.0,1.0,4.0,4.0,2.0,5.0,1.0,2.0,5.0,5.0,4.0,2,6,6,6,4,6,2,2,3,6,1,1,0,1,1,0,0,0,0,1,0,0,1,1,1,1,2,2,1,1,20,1,2,1,60,1,1,2
9508,1.0,1.0,3.0,4.0,2.0,2.0,2.0,1.0,4.0,3.0,2.0,1.0,1.0,1.0,3.0,5.0,3.0,3.0,5.0,3.0,3,6,5,6,5,5,7,1,3,1,1,1,1,1,1,0,1,0,0,1,1,0,1,1,1,1,2,3,2,1,38,1,2,2,60,2,1,2
9509,1.0,1.0,5.0,4.0,3.0,5.0,4.0,2.0,5.0,5.0,4.0,1.0,1.0,2.0,1.0,4.0,4.0,1.0,5.0,1.0,5,1,6,6,7,3,7,4,3,1,1,1,1,1,1,1,0,1,0,1,1,0,1,1,1,1,4,2,1,1,34,2,2,1,60,1,1,3
9510,1.0,4.0,5.0,5.0,1.0,1.0,1.0,1.0,4.0,3.0,3.0,2.0,3.0,3.0,5.0,2.0,1.0,3.0,5.0,1.0,5,4,7,2,7,6,6,2,6,1,1,1,0,1,1,0,0,0,0,1,0,0,1,1,1,1,3,1,1,1,65,1,7,1,60,1,3,6
9511,1.0,1.0,3.0,3.0,1.0,1.0,3.0,1.0,5.0,3.0,1.0,1.0,1.0,1.0,2.0,1.0,1.0,1.0,5.0,1.0,7,6,6,2,7,1,6,4,6,1,1,1,0,1,1,0,1,1,0,1,0,0,1,1,1,1,3,2,1,1,64,2,2,1,60,1,2,0
9512,4.0,3.0,1.0,4.0,1.0,2.0,1.0,1.0,3.0,1.0,1.0,3.0,1.0,2.0,4.0,1.0,1.0,3.0,5.0,2.0,7,5,7,4,5,2,2,2,5,2,1,1,0,1,1,0,0,0,1,1,1,0,0,1,1,1,4,3,1,1,36,1,4,1,60,2,2,3
9513,4.0,4.0,4.0,3.0,5.0,4.0,2.0,4.0,3.0,2.0,1.0,5.0,1.0,1.0,5.0,1.0,1.0,5.0,5.0,1.0,1,6,6,2,4,5,4,3,5,5,1,1,0,1,1,0,0,0,0,1,0,0,1,1,1,1,4,3,1,2,41,1,2,1,60,1,1,2
9514,4.0,4.0,2.0,2.0,3.0,2.0,1.0,1.0,3.0,1.0,4.0,5.0,4.0,1.0,3.0,1.0,1.0,3.0,5.0,2.0,5,6,7,3,6,4,4,6,6,2,1,1,0,1,1,1,1,1,0,1,1,1,1,1,1,1,3,3,1,1,36,1,1,0,60,2,3,3
9515,4.0,2.0,4.0,2.0,4.0,4.0,5.0,2.0,5.0,3.0,2.0,5.0,4.0,3.0,2.0,2.0,3.0,4.0,4.0,1.0,6,5,5,6,7,6,7,2,5,1,0,1,0,0,1,0,0,0,0,1,0,0,1,0,0,0,3,1,2,1,41,2,7,1,60,1,1,3
9516,2.0,2.0,3.0,5.0,2.0,2.0,2.0,2.0,5.0,5.0,2.0,5.0,4.0,4.0,2.0,1.0,4.0,2.0,4.0,2.0,1,4,7,1,4,7,7,1,7,1,1,1,0,1,1,0,0,0,0,1,0,0,1,1,1,1,3,3,2,1,57,1,12,1,60,1,1,3
9517,1.0,4.0,5.0,4.0,1.0,4.0,5.0,3.0,5.0,5.0,3.0,1.0,1.0,3.0,3.0,4.0,2.0,3.0,1.0,2.0,2,5,7,4,4,5,5,2,6,4,1,1,1,1,1,0,1,1,0,1,0,0,1,1,1,1,2,1,1,1,71,1,12,1,60,1,2,3
9518,4.0,4.0,3.0,2.0,5.0,3.0,1.0,2.0,2.0,5.0,1.0,5.0,4.0,2.0,4.0,2.0,4.0,5.0,4.0,4.0,6,6,5,3,5,5,7,7,4,3,1,1,0,1,1,0,0,0,0,0,0,0,1,1,1,1,3,3,1,2,20,1,4,1,60,1,1,2
9519,1.0,4.0,5.0,4.0,4.0,1.0,1.0,2.0,4.0,5.0,4.0,2.0,1.0,1.0,4.0,1.0,2.0,2.0,5.0,1.0,1,5,5,5,6,6,5,1,5,1,1,1,1,1,1,0,1,1,0,1,1,0,1,1,1,1,4,2,1,1,44,1,1,1,10,1,1,3
9520,2.0,3.0,4.0,4.0,2.0,4.0,2.0,2.0,5.0,5.0,3.0,2.0,3.0,3.0,3.0,4.0,2.0,2.0,5.0,1.0,7,6,7,3,6,2,6,5,6,2,1,1,1,1,1,0,1,0,0,1,1,0,1,1,1,1,4,2,1,1,35,1,6,1,0,1,3,3
9521,1.0,1.0,1.0,4.0,3.0,5.0,3.0,2.0,5.0,5.0,1.0,4.0,1.0,4.0,1.0,4.0,5.0,1.0,3.0,1.0,4,5,5,2,7,5,7,3,5,4,1,1,1,1,1,0,0,1,0,1,0,1,1,1,1,1,3,2,2,1,38,3,7,1,70,1,3,2
9522,1.0,2.0,4.0,3.0,4.0,1.0,1.0,2.0,5.0,2.0,1.0,1.0,2.0,3.0,5.0,1.0,4.0,4.0,5.0,4.0,2,5,7,6,5,7,7,2,2,2,1,1,1,1,1,0,0,1,0,1,0,0,1,1,1,1,4,3,2,1,41,1,9,1,60,1,2,1
9523,3.0,4.0,3.0,4.0,3.0,4.0,2.0,3.0,3.0,3.0,1.0,2.0,1.0,4.0,3.0,2.0,2.0,4.0,4.0,1.0,4,3,6,3,7,5,7,2,6,1,1,1,1,1,1,0,0,0,0,1,0,0,1,1,1,1,3,2,2,1,31,1,1,1,60,1,1,3
9524,2.0,4.0,4.0,4.0,4.0,4.0,4.0,4.0,5.0,4.0,2.0,2.0,2.0,3.0,4.0,5.0,2.0,4.0,4.0,1.0,2,3,6,5,2,5,2,4,6,7,1,1,0,1,1,0,0,0,0,1,0,0,1,1,1,1,4,3,2,1,40,1,6,1,60,1,2,1
9525,5.0,1.0,1.0,1.0,5.0,1.0,1.0,2.0,4.0,2.0,1.0,5.0,4.0,1.0,4.0,2.0,2.0,4.0,5.0,4.0,2,5,7,2,5,5,1,3,5,5,1,1,1,1,1,0,0,1,1,1,1,0,1,1,1,1,4,2,2,1,25,1,1,1,60,1,1,2
9526,1.0,1.0,2.0,4.0,3.0,1.0,1.0,2.0,5.0,2.0,1.0,5.0,3.0,1.0,4.0,2.0,2.0,4.0,5.0,4.0,1,2,7,2,7,6,4,3,6,6,1,1,1,1,1,0,0,0,0,1,0,0,1,1,1,1,2,2,2,1,44,1,1,1,60,2,1,1
9527,5.0,4.0,4.0,4.0,2.0,1.0,1.0,2.0,2.0,2.0,2.0,5.0,1.0,1.0,4.0,1.0,2.0,4.0,5.0,1.0,6,1,6,3,6,5,7,3,6,2,1,1,0,1,1,0,0,1,0,1,0,0,1,1,1,1,4,2,2,1,47,1,6,1,60,1,2,2
9528,1.0,1.0,2.0,2.0,2.0,1.0,1.0,2.0,5.0,2.0,1.0,5.0,2.0,1.0,2.0,1.0,2.0,2.0,5.0,1.0,2,7,6,5,2,7,7,2,6,3,1,1,0,1,1,0,1,1,0,1,0,0,1,1,1,1,4,3,2,1,25,1,1,1,60,1,1,2
9529,2.0,3.0,4.0,4.0,5.0,1.0,1.0,4.0,5.0,2.0,1.0,5.0,4.0,1.0,3.0,1.0,1.0,5.0,5.0,2.0,2,5,6,3,4,7,6,1,6,3,1,1,1,1,1,0,0,0,0,1,1,0,1,1,1,1,3,1,2,1,44,1,1,1,60,1,2,2
9530,2.0,1.0,1.0,1.0,1.0,1.0,2.0,1.0,4.0,1.0,1.0,5.0,1.0,1.0,1.0,1.0,1.0,1.0,5.0,1.0,6,3,7,1,6,1,7,5,6,1,1,1,1,1,1,0,1,0,0,1,0,0,1,1,1,1,3,1,1,1,71,2,2,1,60,1,2,11
9531,4.0,4.0,5.0,2.0,5.0,4.0,4.0,1.0,5.0,5.0,1.0,2.0,1.0,1.0,5.0,1.0,1.0,1.0,1.0,1.0,5,1,6,7,7,2,7,6,3,1,1,1,0,1,1,0,0,0,0,1,0,0,0,0,1,1,3,2,2,1,27,1,6,1,60,1,2,3
9532,1.0,2.0,4.0,2.0,5.0,4.0,2.0,1.0,4.0,4.0,1.0,4.0,1.0,2.0,1.0,1.0,3.0,4.0,1.0,4.0,5,4,5,3,5,6,4,4,6,4,1,1,1,1,1,0,0,0,0,1,0,0,1,1,1,1,3,1,1,1,31,1,6,1,60,1,1,3
9533,1.0,1.0,2.0,2.0,2.0,2.0,2.0,1.0,5.0,5.0,2.0,2.0,1.0,1.0,1.0,1.0,1.0,1.0,4.0,1.0,6,2,6,2,6,2,6,2,6,2,1,1,0,1,1,0,0,0,0,1,0,0,1,1,1,1,4,2,1,1,56,1,6,1,60,1,2,7
9534,5.0,4.0,2.0,2.0,4.0,2.0,1.0,4.0,1.0,4.0,2.0,5.0,2.0,2.0,2.0,4.0,2.0,1.0,5.0,3.0,2,6,6,3,5,2,3,2,5,4,1,1,0,1,1,1,0,0,0,1,0,1,1,1,1,1,2,2,1,1,19,1,2,3,60,1,1,0
9535,2.0,3.0,3.0,3.0,4.0,4.0,1.0,4.0,5.0,3.0,1.0,4.0,1.0,3.0,4.0,1.0,1.0,2.0,5.0,1.0,2,2,5,4,5,6,7,1,3,2,1,1,1,1,1,0,1,1,0,1,0,0,1,1,1,1,4,2,2,2,41,1,8,1,10,2,2,2
9536,2.0,3.0,1.0,4.0,4.0,1.0,1.0,2.0,5.0,4.0,2.0,5.0,1.0,4.0,3.0,4.0,1.0,4.0,5.0,2.0,1,6,6,3,6,7,6,1,3,1,1,1,1,1,1,0,1,0,0,1,1,0,1,1,1,1,3,1,2,1,42,1,1,1,60,1,2,2
9537,3.0,2.0,5.0,1.0,5.0,1.0,1.0,4.0,5.0,5.0,1.0,2.0,1.0,1.0,2.0,1.0,1.0,1.0,1.0,5.0,2,7,6,5,6,3,1,5,2,2,1,1,0,1,1,0,1,0,0,1,0,0,1,1,1,1,4,2,2,1,41,1,6,1,60,1,2,1
9538,2.0,3.0,2.0,3.0,4.0,1.0,2.0,2.0,4.0,2.0,2.0,5.0,1.0,2.0,2.0,1.0,1.0,2.0,4.0,3.0,5,3,7,2,6,6,6,2,6,1,1,1,1,1,1,0,1,1,0,1,1,0,1,1,1,1,3,1,1,1,67,1,12,1,60,1,3,2
9539,3.0,1.0,1.0,2.0,5.0,3.0,5.0,3.0,5.0,4.0,2.0,4.0,1.0,1.0,1.0,5.0,1.0,2.0,5.0,3.0,5,4,7,5,7,5,6,1,7,1,1,1,1,1,1,0,0,1,0,1,0,0,1,1,1,1,4,2,2,1,42,1,7,1,60,2,2,2
9540,4.0,3.0,3.0,2.0,5.0,1.0,3.0,3.0,3.0,3.0,1.0,5.0,3.0,2.0,4.0,1.0,3.0,4.0,5.0,5.0,3,5,5,7,7,7,4,5,4,1,1,1,1,1,1,0,0,0,0,1,0,1,1,1,1,1,2,1,2,1,25,1,1,2,60,1,2,1
9541,1.0,2.0,2.0,2.0,2.0,3.0,2.0,1.0,5.0,2.0,1.0,1.0,2.0,2.0,1.0,5.0,2.0,1.0,4.0,1.0,2,1,5,2,6,5,7,5,5,1,1,1,1,1,1,0,0,1,0,1,1,0,1,1,1,1,3,2,2,1,49,1,2,1,60,1,1,2
9542,3.0,1.0,5.0,3.0,4.0,3.0,4.0,4.0,4.0,4.0,3.0,4.0,2.0,5.0,2.0,4.0,2.0,4.0,5.0,2.0,5,3,7,3,7,3,6,4,7,1,1,1,1,1,1,1,0,1,0,1,0,1,1,1,1,1,4,2,2,1,48,1,4,1,10,1,1,2
9543,2.0,1.0,1.0,1.0,1.0,1.0,1.0,1.0,5.0,3.0,1.0,5.0,1.0,1.0,1.0,4.0,4.0,4.0,1.0,1.0,2,2,7,5,6,7,6,5,6,1,1,1,1,1,1,0,1,1,0,1,1,0,1,1,1,1,3,2,2,1,66,1,6,1,60,2,3,5
9544,2.0,2.0,3.0,4.0,4.0,4.0,4.0,4.0,5.0,3.0,2.0,2.0,1.0,2.0,4.0,4.0,2.0,4.0,4.0,1.0,6,5,7,2,5,2,4,1,7,5,1,1,0,1,1,0,0,1,0,1,0,0,1,1,1,1,4,2,2,1,32,1,4,1,60,1,2,2
9545,2.0,1.0,2.0,4.0,3.0,2.0,2.0,2.0,5.0,2.0,2.0,4.0,2.0,3.0,1.0,1.0,3.0,1.0,5.0,2.0,5,4,7,1,6,7,5,1,5,6,1,1,1,1,1,0,1,0,0,1,0,0,1,1,1,1,4,2,2,1,36,1,2,1,60,1,1,2
9546,2.0,1.0,2.0,5.0,1.0,2.0,2.0,1.0,5.0,4.0,2.0,1.0,1.0,3.0,1.0,1.0,1.0,4.0,5.0,1.0,2,1,3,5,3,5,6,2,6,2,1,1,1,1,1,0,0,0,0,1,0,0,1,1,1,1,3,3,2,1,44,1,6,1,60,1,1,2
9547,5.0,4.0,1.0,1.0,3.0,1.0,1.0,4.0,5.0,1.0,1.0,4.0,2.0,1.0,3.0,1.0,4.0,2.0,5.0,2.0,1,6,7,2,7,6,2,1,5,2,1,1,1,1,1,0,1,1,0,1,1,1,1,1,1,1,4,2,2,1,39,1,1,2,20,1,1,2
9548,1.0,1.0,4.0,5.0,2.0,3.0,2.0,1.0,5.0,5.0,1.0,4.0,1.0,5.0,1.0,5.0,2.0,2.0,5.0,1.0,1,1,7,6,5,4,6,3,4,5,1,1,0,1,1,0,0,0,0,1,0,0,1,1,1,1,0,1,2,1,50,1,1,1,60,1,1,5
9549,2.0,2.0,3.0,5.0,1.0,4.0,2.0,1.0,5.0,5.0,4.0,2.0,1.0,2.0,1.0,4.0,5.0,1.0,1.0,2.0,2,1,7,1,5,6,7,2,6,6,1,1,1,1,1,0,0,1,0,1,0,1,1,1,1,1,3,3,2,1,52,2,4,1,60,1,2,4
9550,4.0,1.0,4.0,2.0,5.0,3.0,4.0,2.0,5.0,4.0,2.0,4.0,2.0,2.0,1.0,3.0,2.0,4.0,5.0,2.0,1,3,6,5,5,7,5,1,5,1,1,1,1,1,1,0,0,0,0,1,0,0,1,1,1,1,3,3,2,1,49,2,2,1,60,1,3,4
9551,1.0,2.0,2.0,4.0,2.0,1.0,2.0,1.0,4.0,5.0,2.0,1.0,4.0,4.0,1.0,4.0,2.0,2.0,5.0,1.0,3,2,6,1,6,4,5,1,7,4,1,1,0,1,1,0,0,0,0,1,0,0,1,1,1,1,3,2,2,1,46,1,6,1,60,1,2,2
9552,5.0,2.0,4.0,2.0,4.0,2.0,2.0,3.0,4.0,4.0,1.0,3.0,1.0,5.0,1.0,4.0,4.0,3.0,5.0,3.0,5,5,5,6,6,6,7,2,2,5,1,1,0,1,1,0,0,0,0,1,0,0,0,1,1,1,3,3,2,1,33,1,12,1,70,1,1,3
9553,1.0,1.0,3.0,5.0,1.0,4.0,2.0,1.0,5.0,5.0,2.0,2.0,1.0,3.0,1.0,1.0,5.0,3.0,5.0,1.0,3,6,4,2,6,5,6,6,5,6,1,1,1,1,1,0,1,1,0,1,1,0,1,1,1,1,3,0,1,1,65,1,1,4,60,1,3,3
9554,4.0,4.0,2.0,5.0,5.0,1.0,1.0,4.0,1.0,1.0,1.0,5.0,1.0,1.0,5.0,1.0,5.0,5.0,5.0,2.0,6,6,6,5,2,1,1,6,1,5,1,1,0,1,1,0,0,1,0,1,0,0,1,1,1,1,3,2,1,1,22,2,4,1,50,1,1,2
9555,5.0,4.0,2.0,1.0,4.0,2.0,1.0,5.0,2.0,1.0,1.0,5.0,3.0,1.0,4.0,1.0,1.0,4.0,5.0,4.0,3,6,5,3,4,2,5,2,5,1,1,1,0,1,1,0,1,1,0,1,0,0,1,1,1,1,4,2,1,1,48,1,4,1,60,1,2,2
9556,5.0,1.0,1.0,4.0,5.0,1.0,4.0,4.0,1.0,5.0,1.0,5.0,4.0,1.0,2.0,1.0,1.0,2.0,5.0,1.0,6,3,6,3,6,1,6,2,6,2,1,1,1,1,1,0,0,0,0,1,0,0,1,1,1,1,3,2,2,1,52,1,4,1,60,1,2,6
9557,2.0,1.0,4.0,4.0,2.0,4.0,2.0,1.0,5.0,5.0,2.0,5.0,4.0,4.0,1.0,2.0,5.0,1.0,1.0,1.0,1,5,7,3,2,6,6,1,6,6,1,0,0,1,1,0,0,0,0,1,0,0,1,1,1,1,4,3,2,1,32,1,6,1,60,1,2,2
9558,2.0,2.0,1.0,4.0,4.0,1.0,1.0,1.0,5.0,2.0,1.0,4.0,5.0,3.0,2.0,1.0,5.0,5.0,5.0,1.0,7,3,6,5,4,1,7,2,6,2,1,1,1,1,1,0,1,0,0,1,0,0,1,1,1,1,4,2,2,1,47,1,4,1,60,1,2,4
9559,1.0,1.0,4.0,4.0,1.0,4.0,2.0,2.0,5.0,5.0,1.0,2.0,1.0,2.0,1.0,1.0,4.0,2.0,4.0,1.0,3,5,6,2,2,1,6,1,3,6,1,1,0,1,1,0,0,0,0,1,0,0,1,1,1,1,3,2,2,1,56,1,6,1,60,2,2,3
9560,1.0,2.0,2.0,4.0,2.0,2.0,2.0,2.0,5.0,2.0,2.0,4.0,2.0,4.0,4.0,4.0,1.0,2.0,5.0,2.0,1,5,7,2,5,5,5,1,6,5,1,1,1,1,1,0,0,0,0,1,0,0,1,1,1,1,4,1,2,1,46,1,4,1,60,1,2,2
9561,1.0,1.0,4.0,5.0,1.0,4.0,3.0,1.0,5.0,5.0,2.0,1.0,1.0,5.0,1.0,1.0,1.0,1.0,3.0,1.0,6,1,7,1,6,4,6,2,7,1,1,1,1,1,1,0,1,0,0,1,1,0,1,1,1,1,3,2,2,1,59,1,4,1,60,1,2,4
9562,1.0,2.0,5.0,1.0,5.0,5.0,2.0,5.0,5.0,5.0,2.0,5.0,5.0,1.0,4.0,4.0,1.0,2.0,1.0,4.0,5,1,7,2,6,5,5,5,7,3,1,1,0,1,1,0,1,0,0,1,0,0,1,1,1,1,4,2,1,1,58,2,6,1,60,1,2,2
9563,2.0,3.0,2.0,4.0,1.0,2.0,5.0,1.0,5.0,5.0,4.0,2.0,1.0,2.0,2.0,3.0,2.0,3.0,5.0,2.0,6,2,7,2,6,2,5,2,5,2,1,1,0,1,1,0,1,1,0,1,0,1,1,1,1,1,4,1,1,1,59,1,6,1,60,1,2,6
9564,3.0,1.0,3.0,4.0,4.0,5.0,5.0,3.0,5.0,5.0,1.0,4.0,5.0,3.0,3.0,4.0,2.0,4.0,3.0,1.0,4,5,6,4,6,7,4,2,5,4,1,0,0,0,0,0,0,0,0,1,0,1,0,1,1,1,1,3,2,1,16,3,7,1,60,2,1,2
9565,1.0,4.0,4.0,4.0,4.0,4.0,3.0,2.0,5.0,4.0,2.0,3.0,1.0,4.0,4.0,4.0,2.0,2.0,2.0,1.0,3,3,5,4,6,5,6,3,5,2,1,1,0,1,1,0,0,0,0,1,0,0,1,1,1,1,3,1,2,1,24,1,4,1,60,1,2,3
9566,2.0,2.0,2.0,4.0,1.0,1.0,1.0,4.0,5.0,4.0,3.0,3.0,1.0,4.0,4.0,4.0,1.0,2.0,5.0,1.0,6,3,6,2,5,2,6,5,6,6,1,1,1,1,1,0,0,0,0,1,0,0,1,1,1,1,4,2,2,1,42,1,1,1,60,1,2,2
9567,1.0,2.0,4.0,3.0,3.0,5.0,2.0,2.0,5.0,4.0,1.0,2.0,1.0,1.0,2.0,4.0,1.0,1.0,4.0,1.0,1,3,7,6,5,7,6,1,5,3,1,1,0,1,1,0,0,0,0,1,0,0,1,1,1,1,4,2,1,1,47,1,4,1,60,1,2,2
9568,1.0,1.0,1.0,3.0,2.0,2.0,2.0,2.0,5.0,3.0,2.0,3.0,1.0,4.0,1.0,1.0,3.0,2.0,3.0,1.0,7,2,7,2,7,1,7,1,6,2,1,1,1,1,1,0,0,1,0,1,0,0,1,1,1,1,4,2,2,1,52,1,6,1,60,1,2,2
9569,2.0,3.0,4.0,4.0,2.0,2.0,1.0,4.0,2.0,1.0,2.0,4.0,4.0,3.0,5.0,2.0,2.0,5.0,5.0,1.0,2,6,6,5,2,7,2,1,3,7,1,1,1,1,1,0,0,0,0,1,0,0,1,1,1,1,4,1,2,1,31,1,6,1,60,2,2,1
9570,4.0,1.0,2.0,4.0,2.0,5.0,4.0,2.0,5.0,1.0,3.0,4.0,2.0,2.0,5.0,2.0,1.0,4.0,5.0,1.0,6,3,7,4,7,5,2,1,6,2,1,1,1,1,1,0,0,0,0,1,0,0,1,1,1,1,3,3,1,1,41,1,7,3,60,1,2,2
9571,4.0,4.0,1.0,1.0,4.0,1.0,1.0,5.0,5.0,1.0,1.0,5.0,2.0,1.0,4.0,4.0,1.0,5.0,5.0,1.0,7,7,6,3,7,1,3,1,5,1,1,1,0,1,1,0,0,0,0,1,0,0,0,1,1,1,3,2,2,1,37,1,7,1,60,2,3,2
9572,4.0,4.0,3.0,4.0,4.0,1.0,1.0,3.0,4.0,2.0,1.0,4.0,3.0,2.0,3.0,2.0,2.0,4.0,5.0,1.0,5,2,6,1,5,5,5,3,7,2,1,1,0,1,1,0,0,0,0,1,0,0,1,1,1,1,2,1,1,1,23,1,2,1,60,2,1,2
9573,1.0,1.0,5.0,5.0,1.0,5.0,5.0,1.0,5.0,5.0,1.0,4.0,1.0,5.0,1.0,5.0,4.0,1.0,4.0,1.0,6,1,6,5,7,5,2,2,6,5,1,1,1,1,1,0,0,0,0,1,0,0,1,1,1,1,4,1,2,1,63,1,7,1,60,1,2,6
9574,5.0,4.0,4.0,1.0,4.0,2.0,1.0,5.0,4.0,1.0,1.0,4.0,4.0,1.0,5.0,1.0,1.0,4.0,5.0,1.0,1,3,4,6,7,6,6,2,3,2,1,1,0,1,1,0,0,0,0,1,1,0,1,1,1,1,3,2,2,1,34,1,2,1,60,1,2,1
9575,2.0,2.0,2.0,4.0,4.0,2.0,2.0,4.0,4.0,4.0,2.0,4.0,2.0,3.0,4.0,2.0,2.0,4.0,5.0,1.0,7,2,3,3,6,2,5,5,3,5,1,1,1,1,1,0,0,0,0,1,0,0,1,1,1,1,3,2,2,1,34,2,9,1,60,1,3,3
9576,3.0,5.0,3.0,5.0,2.0,5.0,1.0,2.0,5.0,5.0,2.0,2.0,4.0,5.0,2.0,5.0,3.0,3.0,1.0,5.0,6,4,7,6,7,5,7,5,7,3,1,0,0,0,1,0,0,0,0,1,0,0,0,0,0,1,4,1,2,2,28,3,4,3,10,1,1,3
9577,4.0,4.0,4.0,4.0,1.0,2.0,3.0,2.0,4.0,4.0,1.0,5.0,2.0,2.0,1.0,1.0,1.0,3.0,5.0,3.0,1,5,7,2,3,1,1,1,6,4,0,0,1,0,0,1,1,0,1,0,0,1,0,0,0,0,4,2,1,1,32,1,2,1,60,2,2,0
9578,2.0,2.0,4.0,3.0,3.0,3.0,4.0,2.0,5.0,5.0,2.0,4.0,3.0,1.0,4.0,4.0,3.0,3.0,4.0,1.0,2,2,3,5,5,5,5,5,3,4,1,1,0,1,1,0,0,0,0,1,0,0,0,1,0,1,3,2,2,2,34,1,3,1,10,2,1,5
9579,4.0,5.0,2.0,4.0,4.0,2.0,2.0,1.0,5.0,4.0,1.0,5.0,4.0,2.0,2.0,1.0,1.0,3.0,5.0,1.0,6,2,5,2,5,6,6,2,7,2,1,1,1,1,1,0,1,1,0,1,1,0,1,1,1,1,3,2,1,1,70,1,12,1,60,1,2,4
9580,2.0,4.0,2.0,4.0,4.0,2.0,1.0,2.0,4.0,3.0,2.0,4.0,5.0,2.0,4.0,3.0,5.0,4.0,5.0,1.0,5,5,6,3,5,4,5,1,5,5,1,1,1,1,1,1,0,0,0,1,0,0,1,1,1,1,3,1,2,1,50,2,6,1,50,1,2,3
9581,1.0,5.0,1.0,4.0,2.0,1.0,1.0,3.0,1.0,4.0,1.0,1.0,4.0,3.0,4.0,2.0,3.0,4.0,1.0,1.0,7,2,6,2,7,1,7,2,6,1,1,1,1,1,1,0,0,0,0,1,0,0,1,1,1,1,2,2,2,1,64,1,6,1,60,1,3,2
9582,1.0,1.0,5.0,5.0,2.0,5.0,3.0,1.0,2.0,4.0,2.0,3.0,1.0,1.0,1.0,2.0,2.0,1.0,5.0,1.0,6,1,6,6,7,1,7,6,3,1,1,1,1,1,1,0,0,0,0,1,0,0,1,1,1,1,4,3,2,1,82,1,6,1,60,0,2,2
9583,1.0,1.0,3.0,1.0,5.0,4.0,1.0,1.0,5.0,2.0,1.0,4.0,2.0,1.0,4.0,2.0,2.0,2.0,5.0,1.0,5,5,6,3,7,3,5,5,5,2,1,1,1,1,1,1,0,0,0,1,0,1,1,1,1,1,3,3,2,1,41,1,6,1,70,2,3,2
9584,2.0,4.0,2.0,2.0,3.0,2.0,1.0,4.0,4.0,4.0,1.0,5.0,5.0,3.0,4.0,2.0,1.0,2.0,5.0,1.0,1,5,6,7,4,7,6,5,2,2,1,1,1,1,1,0,0,0,0,1,0,0,1,1,1,1,3,1,2,1,28,1,1,1,60,1,2,2
9585,3.0,5.0,2.0,3.0,4.0,1.0,1.0,4.0,5.0,3.0,1.0,5.0,3.0,2.0,5.0,2.0,1.0,4.0,5.0,2.0,5,3,3,6,2,1,7,7,3,1,1,1,0,1,1,0,0,0,0,1,0,0,0,1,1,1,3,2,2,1,23,1,1,1,60,1,1,3
9586,1.0,2.0,2.0,3.0,2.0,5.0,5.0,2.0,5.0,5.0,1.0,1.0,1.0,2.0,4.0,5.0,4.0,3.0,2.0,1.0,2,6,7,1,7,6,3,2,7,3,1,1,1,0,1,0,0,1,0,1,0,0,1,1,0,0,3,1,1,1,23,1,7,1,0,1,1,1
9587,2.0,3.0,5.0,3.0,2.0,4.0,4.0,4.0,5.0,3.0,1.0,4.0,2.0,1.0,4.0,4.0,4.0,2.0,1.0,3.0,0,0,7,0,6,5,0,0,0,0,1,1,0,1,1,0,0,0,0,1,0,0,1,1,1,1,4,0,0,1,53,1,6,1,60,1,2,6
9588,2.0,4.0,1.0,1.0,5.0,1.0,1.0,2.0,3.0,5.0,1.0,3.0,1.0,1.0,4.0,1.0,1.0,1.0,5.0,2.0,3,6,7,6,6,7,5,2,1,1,1,1,1,1,1,0,0,1,0,1,0,0,1,1,1,1,2,1,3,1,19,2,3,5,60,2,1,1
9589,2.0,1.0,2.0,5.0,4.0,2.0,2.0,1.0,5.0,3.0,2.0,5.0,2.0,1.0,3.0,4.0,2.0,2.0,4.0,1.0,6,5,7,1,5,1,5,2,6,2,1,1,1,1,1,0,0,0,0,1,0,0,1,1,1,1,3,1,2,1,45,1,7,1,60,1,2,3
9590,5.0,5.0,1.0,1.0,5.0,1.0,1.0,5.0,4.0,1.0,1.0,5.0,2.0,1.0,5.0,2.0,1.0,4.0,5.0,2.0,1,5,3,3,6,7,6,5,2,6,1,1,1,1,0,0,0,0,0,1,0,0,1,1,1,1,3,1,1,1,31,1,7,1,50,2,1,3
9591,1.0,5.0,5.0,5.0,1.0,5.0,5.0,4.0,5.0,5.0,1.0,5.0,1.0,5.0,4.0,1.0,5.0,5.0,5.0,1.0,6,1,4,2,6,1,7,1,7,1,1,1,0,1,1,0,0,0,0,1,1,0,1,1,1,1,4,1,2,1,55,1,7,1,60,2,2,4
9592,3.0,1.0,3.0,2.0,1.0,4.0,4.0,1.0,5.0,5.0,2.0,4.0,1.0,1.0,1.0,4.0,2.0,2.0,5.0,1.0,2,2,5,5,5,7,5,2,5,2,1,1,1,1,1,0,1,1,0,1,0,0,1,1,1,1,4,1,1,1,42,1,2,1,60,2,1,3
9593,1.0,1.0,1.0,5.0,2.0,5.0,1.0,2.0,5.0,5.0,2.0,1.0,5.0,5.0,1.0,2.0,2.0,5.0,5.0,2.0,7,5,7,5,7,5,7,5,7,3,1,1,1,1,1,0,0,0,0,1,0,0,1,1,1,1,3,3,2,1,72,1,4,1,60,1,2,1
9594,2.0,2.0,2.0,1.0,4.0,1.0,1.0,4.0,2.0,4.0,1.0,5.0,1.0,1.0,4.0,1.0,3.0,4.0,4.0,1.0,5,5,1,5,7,4,6,6,5,2,1,1,1,1,1,0,1,1,0,1,0,1,1,1,1,1,2,2,1,1,27,1,2,3,60,1,1,2
9595,1.0,1.0,4.0,4.0,1.0,4.0,1.0,1.0,5.0,5.0,1.0,1.0,1.0,3.0,2.0,1.0,2.0,1.0,5.0,1.0,3,1,5,1,7,3,6,5,7,1,1,1,1,1,1,0,1,0,0,1,1,0,1,1,1,1,4,2,2,2,53,1,9,1,70,2,2,3
9596,4.0,4.0,1.0,2.0,4.0,1.0,1.0,2.0,3.0,1.0,2.0,4.0,4.0,1.0,3.0,1.0,2.0,2.0,5.0,1.0,5,5,6,1,6,5,3,1,6,2,1,1,1,1,1,0,1,0,0,1,0,0,1,1,1,1,4,2,1,1,26,2,4,1,60,2,2,3
9597,2.0,4.0,4.0,4.0,3.0,1.0,1.0,5.0,5.0,2.0,1.0,1.0,2.0,4.0,5.0,2.0,1.0,4.0,4.0,1.0,2,5,5,6,6,5,3,6,5,1,1,1,1,1,1,0,0,0,0,1,0,0,1,1,1,1,3,2,2,1,41,1,6,1,60,1,2,2
9598,5.0,5.0,3.0,5.0,5.0,5.0,1.0,1.0,5.0,5.0,1.0,5.0,1.0,1.0,1.0,5.0,5.0,5.0,5.0,5.0,1,7,2,2,6,1,5,3,7,1,1,1,1,1,1,0,0,0,0,1,0,0,1,1,1,1,3,2,2,1,30,1,12,4,60,1,1,2
9599,4.0,4.0,1.0,5.0,1.0,1.0,1.0,5.0,5.0,2.0,5.0,5.0,5.0,3.0,3.0,5.0,1.0,4.0,1.0,1.0,2,7,7,7,5,4,3,1,4,7,1,1,1,1,1,1,0,0,0,1,0,0,1,1,1,1,4,2,1,1,33,2,7,1,60,1,2,2
9600,1.0,1.0,4.0,4.0,2.0,2.0,2.0,3.0,5.0,4.0,1.0,1.0,2.0,5.0,1.0,5.0,4.0,5.0,5.0,1.0,2,5,7,5,6,6,7,1,1,1,1,1,1,1,1,0,1,0,0,1,0,0,1,1,1,1,3,2,1,1,56,2,4,1,60,2,3,3
9601,1.0,2.0,2.0,2.0,2.0,5.0,2.0,1.0,4.0,2.0,2.0,2.0,2.0,1.0,4.0,1.0,2.0,2.0,3.0,4.0,7,7,6,5,5,1,1,3,3,2,1,1,0,1,1,0,1,1,0,1,0,0,1,1,1,1,4,2,2,1,32,1,6,1,60,1,2,1
9602,1.0,2.0,2.0,5.0,2.0,1.0,2.0,5.0,4.0,5.0,3.0,4.0,4.0,3.0,3.0,2.0,2.0,1.0,5.0,4.0,4,5,4,3,7,3,5,2,3,3,1,1,0,1,1,1,0,0,0,1,0,0,0,1,1,1,2,3,2,1,32,1,1,1,50,1,1,3
9603,3.0,4.0,3.0,2.0,4.0,1.0,1.0,3.0,4.0,2.0,2.0,4.0,4.0,1.0,4.0,1.0,1.0,5.0,5.0,2.0,2,6,4,3,6,5,2,1,4,2,1,1,1,1,1,0,0,0,0,1,0,0,1,1,1,1,3,2,1,1,38,2,12,1,60,1,2,3
9604,1.0,3.0,2.0,4.0,2.0,2.0,1.0,4.0,5.0,3.0,1.0,5.0,1.0,1.0,5.0,5.0,2.0,5.0,5.0,1.0,6,2,7,3,6,2,7,2,3,1,1,1,0,1,1,0,0,0,0,1,0,0,0,1,1,1,3,2,2,1,37,1,1,1,60,1,1,2
9605,2.0,1.0,2.0,4.0,4.0,1.0,1.0,2.0,4.0,5.0,1.0,4.0,1.0,4.0,1.0,2.0,2.0,4.0,4.0,1.0,1,1,7,1,5,7,7,1,7,4,1,1,1,1,1,0,0,0,0,1,0,0,1,1,1,1,3,2,2,2,50,1,4,1,70,1,2,10
9606,2.0,1.0,2.0,4.0,2.0,4.0,2.0,4.0,4.0,4.0,2.0,1.0,1.0,4.0,4.0,1.0,5.0,4.0,5.0,1.0,5,6,6,7,5,2,6,2,2,2,1,1,0,1,1,0,0,0,0,1,0,0,1,1,1,1,3,2,2,1,23,1,10,2,20,2,1,2
9607,5.0,5.0,2.0,1.0,4.0,1.0,1.0,5.0,4.0,1.0,1.0,2.0,5.0,2.0,5.0,1.0,1.0,5.0,5.0,5.0,3,3,6,1,5,7,6,2,6,2,1,1,0,1,1,0,0,0,0,1,0,0,1,1,1,1,3,2,1,1,25,1,12,1,60,2,1,2
9608,4.0,1.0,2.0,3.0,5.0,4.0,2.0,2.0,5.0,4.0,1.0,3.0,2.0,2.0,1.0,1.0,4.0,2.0,5.0,2.0,6,2,3,1,7,2,4,5,7,1,1,1,1,1,1,0,1,1,0,1,0,1,1,1,1,1,3,2,1,1,49,1,6,1,60,1,2,2
9609,3.0,4.0,1.0,4.0,3.0,2.0,2.0,1.0,5.0,5.0,4.0,1.0,1.0,3.0,3.0,2.0,2.0,2.0,5.0,1.0,3,2,7,3,7,3,5,2,6,0,1,1,1,1,1,1,0,1,0,1,0,0,1,1,1,1,3,3,2,1,36,2,1,1,0,1,2,1
9610,1.0,1.0,2.0,4.0,2.0,2.0,2.0,4.0,4.0,5.0,2.0,5.0,1.0,2.0,1.0,1.0,1.0,2.0,5.0,3.0,2,5,5,2,5,3,5,3,5,3,1,1,1,1,1,0,0,0,0,1,0,0,1,1,1,1,4,2,2,1,60,1,4,1,60,1,2,5
9611,2.0,1.0,1.0,1.0,1.0,4.0,1.0,1.0,5.0,5.0,1.0,1.0,1.0,3.0,1.0,1.0,1.0,4.0,5.0,1.0,2,5,7,1,7,6,6,1,7,1,1,1,1,1,1,0,0,1,0,1,0,0,1,1,1,1,4,1,2,1,51,1,6,1,50,1,2,3
9612,4.0,5.0,2.0,2.0,2.0,1.0,1.0,5.0,4.0,2.0,1.0,4.0,5.0,1.0,1.0,2.0,5.0,2.0,5.0,5.0,4,5,6,6,6,6,6,2,5,2,1,1,1,1,1,0,0,0,0,1,0,0,1,1,1,1,3,2,2,1,46,1,12,1,60,1,2,3
9613,1.0,5.0,2.0,4.0,2.0,1.0,2.0,2.0,2.0,5.0,1.0,2.0,5.0,1.0,5.0,1.0,1.0,4.0,5.0,1.0,5,1,2,1,5,2,6,6,7,6,1,1,1,1,1,0,1,0,0,1,0,1,1,1,1,1,3,0,1,1,32,0,1,3,60,1,1,2
9614,1.0,1.0,1.0,5.0,3.0,5.0,5.0,5.0,1.0,5.0,1.0,1.0,1.0,1.0,1.0,1.0,5.0,5.0,5.0,1.0,4,5,4,3,1,1,6,1,1,1,1,1,0,1,1,0,0,0,0,1,0,0,1,1,1,1,3,1,1,1,52,1,6,1,50,2,2,4
9615,5.0,5.0,3.0,3.0,5.0,3.0,4.0,5.0,5.0,5.0,2.0,5.0,5.0,2.0,3.0,4.0,5.0,4.0,5.0,1.0,5,5,6,6,4,7,5,7,2,1,1,1,1,1,1,0,0,0,0,1,0,1,1,1,1,1,2,2,2,1,24,1,6,4,30,2,1,11
9616,4.0,5.0,2.0,4.0,4.0,4.0,2.0,4.0,5.0,4.0,2.0,4.0,5.0,2.0,4.0,4.0,2.0,4.0,5.0,1.0,3,2,6,2,6,7,6,5,7,4,1,1,1,0,1,0,0,0,0,1,0,0,1,1,1,1,3,2,2,1,35,1,7,1,10,1,0,2
9617,5.0,1.0,5.0,2.0,5.0,1.0,2.0,1.0,1.0,1.0,1.0,5.0,5.0,1.0,1.0,1.0,4.0,1.0,5.0,1.0,7,4,4,3,7,6,7,7,6,2,1,1,0,0,1,0,0,0,0,0,0,0,0,1,1,1,2,3,1,1,20,3,12,0,60,1,1,2
9618,5.0,3.0,1.0,4.0,4.0,1.0,1.0,1.0,4.0,2.0,3.0,5.0,4.0,1.0,1.0,3.0,1.0,4.0,5.0,3.0,2,6,6,1,6,6,1,1,6,1,1,1,1,1,1,0,0,0,0,1,0,0,1,1,1,1,4,1,1,1,39,2,5,1,60,1,2,1
9619,4.0,2.0,2.0,5.0,4.0,2.0,2.0,5.0,3.0,2.0,2.0,4.0,4.0,2.0,4.0,2.0,2.0,5.0,5.0,1.0,2,5,7,1,7,1,7,6,6,1,1,1,0,1,1,0,0,0,0,1,1,1,1,1,1,1,3,2,2,1,50,3,12,2,70,1,2,4
9620,5.0,5.0,1.0,1.0,5.0,1.0,1.0,4.0,4.0,1.0,1.0,5.0,4.0,1.0,5.0,1.0,1.0,5.0,5.0,5.0,2,2,6,2,6,6,6,2,6,5,1,1,1,1,1,0,0,0,0,1,0,0,1,1,1,1,4,2,1,1,48,1,1,1,60,1,2,3
9621,3.0,2.0,3.0,4.0,3.0,2.0,2.0,2.0,5.0,4.0,2.0,5.0,1.0,4.0,4.0,2.0,4.0,4.0,4.0,1.0,5,5,3,5,3,3,7,5,5,2,1,1,1,1,1,0,1,1,0,1,1,0,1,1,1,1,4,2,2,1,42,2,2,1,60,2,1,2
9622,1.0,1.0,3.0,3.0,3.0,3.0,2.0,2.0,5.0,2.0,2.0,4.0,3.0,2.0,4.0,4.0,1.0,2.0,5.0,4.0,6,7,7,5,5,1,4,1,5,5,1,1,0,1,1,1,0,0,0,1,0,0,1,1,1,1,4,2,2,1,24,1,1,1,60,2,1,2
9623,3.0,3.0,3.0,5.0,4.0,4.0,3.0,4.0,5.0,4.0,3.0,4.0,4.0,4.0,5.0,3.0,2.0,5.0,5.0,1.0,2,2,4,6,6,7,7,2,5,1,1,1,1,1,1,0,0,1,0,1,0,0,1,1,1,1,2,2,2,1,19,2,6,5,60,1,1,0
9624,1.0,4.0,2.0,4.0,3.0,3.0,1.0,4.0,4.0,4.0,1.0,3.0,1.0,3.0,4.0,2.0,2.0,4.0,1.0,1.0,5,2,6,5,5,6,7,1,6,2,1,1,1,1,1,0,1,0,0,1,0,0,1,1,1,1,4,1,2,1,34,1,6,1,60,1,2,3
9625,4.0,1.0,4.0,1.0,5.0,2.0,1.0,1.0,5.0,2.0,1.0,5.0,2.0,2.0,2.0,1.0,5.0,2.0,5.0,3.0,2,3,3,4,6,5,5,1,4,1,1,1,1,1,1,0,1,0,0,1,0,0,1,1,1,1,3,1,2,1,31,1,1,2,60,2,2,3
9626,3.0,1.0,1.0,2.0,2.0,1.0,1.0,1.0,3.0,2.0,1.0,5.0,4.0,1.0,4.0,1.0,1.0,2.0,5.0,2.0,6,5,4,1,7,4,5,2,2,1,1,1,1,1,1,1,0,1,0,1,0,0,1,1,1,1,3,3,2,1,48,1,12,1,70,1,1,3
9627,4.0,5.0,4.0,1.0,5.0,2.0,1.0,4.0,4.0,1.0,2.0,4.0,4.0,2.0,4.0,2.0,2.0,4.0,1.0,4.0,2,5,4,5,5,6,2,2,3,3,1,1,1,1,1,1,1,1,1,1,1,1,1,1,1,1,3,1,1,1,22,1,7,1,60,1,1,2
9628,2.0,4.0,4.0,2.0,4.0,2.0,5.0,2.0,5.0,4.0,1.0,5.0,1.0,1.0,2.0,5.0,1.0,1.0,4.0,2.0,2,6,7,1,7,7,2,1,7,1,1,1,1,1,1,0,1,1,0,1,1,0,1,1,1,1,2,2,1,1,40,1,1,1,70,2,1,1
9629,1.0,1.0,5.0,2.0,3.0,4.0,1.0,3.0,1.0,5.0,1.0,3.0,1.0,1.0,5.0,1.0,1.0,5.0,5.0,3.0,6,1,4,1,7,7,6,6,7,1,1,1,1,1,1,0,1,0,0,1,1,0,1,1,1,1,2,2,1,1,70,2,2,1,60,1,1,4
9630,5.0,2.0,3.0,3.0,5.0,3.0,3.0,4.0,3.0,3.0,2.0,2.0,4.0,3.0,2.0,3.0,2.0,4.0,5.0,1.0,6,5,1,1,6,5,5,6,0,4,1,1,0,1,1,0,0,1,0,1,0,0,0,1,1,1,4,1,2,2,24,1,4,1,10,2,1,3
9631,1.0,3.0,2.0,2.0,2.0,3.0,2.0,2.0,3.0,5.0,1.0,4.0,1.0,2.0,3.0,5.0,2.0,4.0,5.0,4.0,6,3,3,5,5,2,6,2,1,2,1,1,0,1,1,1,1,0,0,1,1,1,1,1,1,1,3,1,2,1,39,1,12,2,60,1,2,1
9632,5.0,4.0,1.0,1.0,4.0,1.0,1.0,4.0,2.0,2.0,1.0,4.0,2.0,2.0,5.0,1.0,4.0,5.0,5.0,1.0,6,5,3,3,7,1,5,6,6,3,1,1,0,1,1,0,0,0,0,1,0,0,1,1,1,1,3,3,1,1,43,1,3,1,10,1,2,2
9633,1.0,4.0,4.0,4.0,2.0,4.0,2.0,4.0,5.0,5.0,1.0,1.0,1.0,2.0,2.0,1.0,1.0,5.0,5.0,1.0,6,6,2,6,6,2,6,6,3,1,1,1,1,1,1,0,1,1,0,1,1,0,1,1,1,1,2,3,1,1,67,1,2,1,60,1,2,8
9634,5.0,5.0,5.0,2.0,4.0,1.0,1.0,4.0,4.0,2.0,1.0,5.0,2.0,2.0,5.0,1.0,1.0,4.0,4.0,1.0,2,1,6,1,5,7,4,6,6,6,1,1,0,1,1,0,1,0,0,1,0,0,1,1,1,1,3,3,1,2,25,1,6,1,30,2,1,4
9635,1.0,2.0,4.0,4.0,1.0,1.0,1.0,2.0,5.0,5.0,1.0,2.0,1.0,1.0,4.0,1.0,1.0,4.0,1.0,1.0,6,1,2,2,6,3,5,2,5,1,1,1,1,1,1,0,1,0,0,1,1,0,1,1,1,1,4,1,1,1,40,1,4,1,60,1,2,3
9636,1.0,1.0,2.0,3.0,1.0,4.0,1.0,1.0,5.0,4.0,1.0,4.0,1.0,5.0,1.0,2.0,2.0,4.0,5.0,1.0,2,2,6,2,6,7,5,1,5,1,1,1,1,1,1,0,0,0,0,1,0,0,1,1,1,1,0,2,1,1,25,1,1,1,60,1,1,3
9637,5.0,4.0,1.0,1.0,5.0,1.0,1.0,4.0,1.0,2.0,1.0,5.0,4.0,1.0,4.0,1.0,1.0,4.0,5.0,5.0,5,5,7,4,7,4,2,1,3,1,1,1,1,1,1,0,0,1,0,1,0,0,1,1,1,1,0,3,1,1,35,1,2,1,60,2,1,2
9638,4.0,2.0,4.0,2.0,3.0,2.0,1.0,3.0,5.0,2.0,1.0,3.0,2.0,3.0,3.0,3.0,5.0,4.0,3.0,1.0,4,6,6,7,6,3,6,5,3,1,1,1,0,1,1,0,0,0,0,1,0,0,0,1,1,1,3,2,2,1,21,1,4,1,70,1,1,2
9639,5.0,3.0,5.0,1.0,5.0,1.0,1.0,5.0,5.0,5.0,1.0,4.0,5.0,1.0,5.0,5.0,1.0,5.0,5.0,3.0,6,6,7,6,5,6,5,1,6,3,1,1,0,1,1,0,1,0,0,1,0,0,0,0,1,1,4,2,1,2,48,1,8,1,10,1,2,3
9640,1.0,5.0,2.0,4.0,2.0,2.0,2.0,5.0,5.0,5.0,2.0,1.0,3.0,1.0,5.0,1.0,1.0,2.0,5.0,4.0,3,6,6,2,6,6,2,3,7,2,1,1,0,1,1,0,0,0,0,1,0,0,0,0,1,1,2,3,1,2,20,1,12,1,10,2,1,1
9641,3.0,3.0,4.0,3.0,5.0,1.0,1.0,2.0,5.0,5.0,1.0,5.0,2.0,4.0,2.0,1.0,1.0,1.0,4.0,2.0,4,4,3,4,5,5,3,4,5,5,1,1,0,1,1,0,1,0,0,1,0,0,1,1,1,1,3,2,1,2,28,1,1,2,10,2,1,4
9642,2.0,4.0,5.0,5.0,2.0,5.0,2.0,2.0,5.0,5.0,1.0,1.0,4.0,5.0,5.0,2.0,2.0,4.0,5.0,1.0,3,5,6,6,7,5,7,5,5,3,1,1,1,1,1,0,0,0,0,1,1,0,1,1,1,1,2,3,1,1,18,1,1,1,60,2,1,2
9643,1.0,2.0,4.0,3.0,3.0,4.0,1.0,1.0,5.0,5.0,2.0,1.0,1.0,3.0,3.0,1.0,5.0,3.0,5.0,5.0,6,5,6,3,4,6,7,5,4,3,1,1,0,1,1,0,0,0,0,1,0,0,0,1,1,1,3,2,1,1,21,1,12,1,60,1,1,1
9644,3.0,4.0,2.0,3.0,2.0,1.0,1.0,3.0,4.0,2.0,2.0,4.0,3.0,3.0,5.0,2.0,1.0,5.0,5.0,1.0,5,5,6,4,7,4,4,2,6,2,1,1,1,1,1,0,0,0,0,1,0,0,1,1,1,1,4,2,2,1,36,1,1,1,60,1,1,2
9645,2.0,4.0,5.0,4.0,4.0,1.0,1.0,4.0,4.0,4.0,4.0,2.0,2.0,2.0,4.0,4.0,1.0,4.0,5.0,1.0,5,3,6,6,7,3,7,3,5,6,1,1,0,1,1,0,0,0,0,1,0,0,1,1,1,1,4,3,2,1,43,1,7,1,60,1,1,2
9646,2.0,1.0,4.0,4.0,5.0,4.0,2.0,4.0,4.0,5.0,2.0,2.0,1.0,4.0,1.0,3.0,1.0,1.0,5.0,2.0,3,6,6,1,7,6,6,1,7,5,1,1,1,1,1,0,1,0,0,1,1,1,1,1,1,1,3,2,1,1,54,1,7,3,60,1,2,5
9647,2.0,4.0,1.0,1.0,5.0,1.0,1.0,4.0,2.0,2.0,1.0,5.0,2.0,1.0,4.0,1.0,1.0,1.0,5.0,5.0,4,7,7,5,7,6,4,5,6,2,1,0,0,0,0,0,0,0,0,1,0,0,0,0,1,1,4,3,1,1,26,1,3,1,10,2,1,2
9648,1.0,4.0,2.0,4.0,4.0,1.0,1.0,1.0,4.0,4.0,1.0,4.0,1.0,3.0,4.0,1.0,4.0,2.0,5.0,1.0,5,1,6,6,6,6,6,3,7,1,1,1,0,1,1,0,0,1,0,1,0,0,1,1,1,1,3,1,1,1,22,1,1,1,60,1,1,3
9649,4.0,4.0,3.0,3.0,3.0,2.0,1.0,2.0,4.0,2.0,3.0,4.0,4.0,3.0,4.0,1.0,2.0,2.0,5.0,4.0,7,2,7,4,6,2,6,2,7,2,1,1,1,1,1,1,1,1,0,1,1,0,1,1,1,1,3,1,1,1,22,1,1,1,60,1,1,3
9650,5.0,2.0,2.0,1.0,4.0,4.0,2.0,3.0,5.0,3.0,1.0,5.0,4.0,1.0,4.0,1.0,1.0,2.0,5.0,1.0,2,5,4,6,6,6,7,6,2,2,1,1,0,1,1,0,0,0,0,1,0,0,0,1,1,1,3,3,2,1,23,2,1,1,10,2,1,2
9651,1.0,4.0,5.0,4.0,4.0,4.0,5.0,1.0,5.0,5.0,1.0,5.0,1.0,4.0,4.0,5.0,2.0,1.0,5.0,1.0,1,2,5,7,6,5,7,3,2,2,1,0,0,0,1,0,0,0,0,1,0,0,0,0,1,1,4,1,2,2,32,1,4,1,60,2,2,2
9652,5.0,5.0,3.0,1.0,5.0,1.0,1.0,5.0,4.0,1.0,1.0,5.0,5.0,1.0,5.0,1.0,1.0,5.0,5.0,1.0,1,6,6,1,7,7,5,4,6,2,1,1,1,1,1,0,0,1,0,1,1,1,1,1,1,1,3,1,1,1,37,1,12,1,60,1,2,1
9653,2.0,1.0,5.0,1.0,4.0,4.0,2.0,2.0,5.0,2.0,1.0,5.0,4.0,2.0,2.0,2.0,2.0,4.0,5.0,4.0,2,7,7,2,6,7,3,5,3,5,1,1,1,1,1,0,1,1,0,1,0,0,1,1,1,1,4,2,2,1,56,1,1,1,60,2,3,4
9654,5.0,4.0,3.0,2.0,4.0,3.0,4.0,4.0,4.0,4.0,2.0,4.0,4.0,3.0,4.0,2.0,2.0,3.0,4.0,2.0,3,6,5,7,6,7,6,7,3,6,1,1,0,1,1,0,0,0,0,1,0,0,0,1,1,1,2,2,2,2,20,1,10,1,10,2,1,3
9655,1.0,3.0,5.0,3.0,5.0,5.0,5.0,5.0,5.0,5.0,1.0,5.0,1.0,2.0,3.0,3.0,3.0,5.0,5.0,1.0,4,4,5,4,1,4,4,6,7,4,1,1,0,1,1,0,0,0,0,1,0,0,1,1,1,1,3,2,1,2,39,2,6,1,0,2,2,3
9656,5.0,5.0,1.0,1.0,4.0,1.0,1.0,1.0,5.0,3.0,5.0,5.0,3.0,1.0,5.0,1.0,5.0,1.0,5.0,5.0,4,7,7,1,7,4,4,1,7,1,1,1,0,1,1,0,0,1,0,1,1,0,1,1,1,1,3,2,1,1,30,3,6,1,10,1,1,0
9657,5.0,1.0,1.0,5.0,5.0,1.0,1.0,5.0,5.0,1.0,1.0,5.0,5.0,1.0,4.0,5.0,3.0,2.0,5.0,5.0,6,6,5,2,7,1,5,5,7,1,1,1,0,1,1,0,0,1,0,1,0,0,1,1,1,1,3,2,1,2,28,1,10,1,70,1,1,3
9658,3.0,5.0,5.0,5.0,3.0,5.0,5.0,1.0,5.0,5.0,1.0,4.0,5.0,2.0,4.0,5.0,2.0,4.0,5.0,1.0,7,5,7,3,7,6,7,5,6,3,1,1,0,1,0,0,0,0,1,1,0,0,1,1,1,1,2,3,1,2,22,2,1,1,70,2,1,0
9659,4.0,1.0,1.0,2.0,4.0,1.0,2.0,5.0,1.0,5.0,1.0,5.0,5.0,1.0,5.0,1.0,5.0,5.0,5.0,5.0,7,3,7,2,6,1,6,7,7,3,0,1,0,0,1,0,0,0,0,1,0,0,0,1,0,0,3,3,1,1,29,1,7,1,30,1,1,3
9660,3.0,4.0,5.0,2.0,4.0,5.0,5.0,4.0,5.0,5.0,1.0,2.0,3.0,1.0,1.0,1.0,1.0,4.0,5.0,5.0,2,6,6,5,1,6,4,1,5,7,1,1,0,1,1,0,0,0,0,1,0,0,0,1,1,1,3,2,2,2,35,1,6,1,60,1,2,3
9661,2.0,4.0,2.0,3.0,5.0,2.0,1.0,4.0,4.0,3.0,2.0,4.0,4.0,1.0,5.0,1.0,3.0,2.0,5.0,3.0,3,5,7,1,5,6,5,2,7,3,1,1,1,1,1,0,0,1,0,1,1,1,1,1,1,1,3,2,1,1,19,1,1,1,60,1,1,2
9662,4.0,3.0,4.0,4.0,3.0,4.0,4.0,2.0,5.0,4.0,5.0,5.0,1.0,4.0,1.0,4.0,2.0,1.0,3.0,2.0,1,4,7,5,7,7,3,2,7,1,1,1,0,1,1,0,0,0,0,1,0,0,1,1,1,1,3,1,1,1,29,1,4,1,10,2,1,3
9663,1.0,1.0,3.0,3.0,3.0,5.0,5.0,1.0,5.0,5.0,3.0,1.0,1.0,3.0,5.0,3.0,3.0,5.0,5.0,1.0,7,1,7,4,7,7,7,7,7,4,0,0,0,0,1,0,0,0,0,0,0,0,0,0,0,1,3,2,2,2,24,1,3,1,10,2,1,6
9664,5.0,5.0,5.0,4.0,5.0,2.0,2.0,5.0,4.0,4.0,1.0,5.0,5.0,4.0,5.0,2.0,2.0,4.0,5.0,4.0,3,6,5,6,5,6,5,5,3,2,1,1,0,1,1,0,0,0,0,1,0,0,0,1,1,1,2,2,2,2,20,1,7,1,10,1,1,3
9665,5.0,3.0,5.0,4.0,4.0,1.0,2.0,1.0,5.0,4.0,1.0,4.0,1.0,1.0,2.0,2.0,1.0,4.0,5.0,4.0,3,5,2,5,5,6,3,6,2,3,1,1,0,1,1,0,0,0,0,1,0,0,0,1,1,1,3,3,1,1,33,1,8,1,70,1,1,3
9666,5.0,5.0,1.0,1.0,5.0,4.0,1.0,5.0,4.0,2.0,1.0,5.0,2.0,4.0,5.0,1.0,1.0,5.0,5.0,1.0,6,3,2,1,6,6,2,6,6,2,1,1,0,1,1,0,0,0,0,1,0,0,1,1,1,1,3,3,2,1,25,3,2,1,10,2,1,2
9667,5.0,5.0,3.0,2.0,5.0,3.0,1.0,4.0,3.0,1.0,1.0,5.0,5.0,1.0,4.0,4.0,2.0,5.0,3.0,4.0,2,5,7,4,4,6,7,7,7,6,1,1,0,1,1,0,0,0,0,1,0,0,0,1,1,1,3,1,1,2,23,1,10,2,20,2,1,8
9668,4.0,4.0,1.0,1.0,5.0,1.0,1.0,4.0,3.0,1.0,1.0,5.0,5.0,1.0,5.0,1.0,1.0,4.0,5.0,4.0,2,6,4,1,6,6,4,1,7,4,1,1,0,1,1,0,0,1,0,1,0,1,0,1,1,1,2,3,2,2,20,1,6,1,60,1,1,3
9669,5.0,4.0,4.0,5.0,4.0,4.0,5.0,5.0,5.0,5.0,1.0,1.0,1.0,1.0,4.0,5.0,1.0,5.0,5.0,1.0,6,6,6,3,6,1,5,7,3,1,1,1,1,1,1,1,0,1,0,1,1,0,1,1,1,1,3,2,2,1,34,1,6,1,60,1,1,2
9670,5.0,4.0,1.0,2.0,4.0,1.0,1.0,4.0,1.0,1.0,1.0,4.0,4.0,3.0,5.0,1.0,1.0,4.0,5.0,1.0,6,7,6,1,7,7,2,3,7,1,1,1,1,1,1,0,1,0,0,1,0,0,1,1,1,1,4,2,1,1,34,1,1,1,60,1,3,3
9671,1.0,1.0,2.0,3.0,1.0,2.0,2.0,1.0,5.0,5.0,2.0,2.0,1.0,2.0,4.0,3.0,2.0,1.0,3.0,2.0,3,3,7,1,6,5,7,1,7,4,1,1,0,1,1,0,0,0,0,1,0,0,0,1,1,1,3,3,2,1,40,1,7,1,60,2,1,3
9672,5.0,4.0,2.0,5.0,5.0,2.0,1.0,4.0,5.0,4.0,4.0,4.0,5.0,5.0,3.0,4.0,4.0,4.0,5.0,1.0,2,5,7,6,7,7,6,1,6,1,1,0,0,0,0,0,0,1,0,1,0,0,0,1,0,0,4,1,2,2,23,1,6,1,30,1,1,5
9673,4.0,4.0,2.0,5.0,4.0,2.0,2.0,1.0,5.0,5.0,5.0,2.0,4.0,4.0,2.0,5.0,5.0,4.0,5.0,1.0,6,3,3,2,6,3,7,3,6,3,1,1,0,1,1,0,0,1,0,1,0,0,0,1,1,1,3,2,2,2,41,2,4,1,60,2,2,2
9674,1.0,1.0,1.0,2.0,4.0,2.0,2.0,1.0,5.0,1.0,1.0,1.0,2.0,1.0,2.0,4.0,1.0,2.0,5.0,1.0,5,1,3,2,6,5,7,2,6,1,1,1,1,1,1,0,0,0,0,1,0,0,1,1,1,1,3,2,2,1,47,1,6,1,0,1,3,2
9675,2.0,4.0,1.0,1.0,4.0,1.0,1.0,4.0,3.0,1.0,1.0,4.0,2.0,2.0,4.0,1.0,3.0,2.0,5.0,1.0,5,5,6,3,6,4,3,3,3,3,1,1,0,1,1,0,1,1,0,1,1,0,1,1,1,1,4,3,2,2,27,1,1,1,60,2,1,2
9676,4.0,4.0,2.0,1.0,5.0,2.0,1.0,2.0,4.0,4.0,1.0,4.0,3.0,2.0,3.0,2.0,2.0,3.0,5.0,3.0,3,2,5,2,6,6,4,3,5,4,1,1,0,1,1,0,1,0,0,1,0,0,1,1,1,1,3,3,1,2,35,1,8,1,10,1,1,2
9677,1.0,2.0,4.0,2.0,1.0,4.0,4.0,2.0,5.0,5.0,1.0,2.0,1.0,1.0,1.0,2.0,2.0,2.0,5.0,1.0,3,5,7,3,5,6,7,3,5,3,1,1,0,1,1,1,0,0,0,1,0,0,1,1,1,1,4,1,2,1,31,2,4,1,60,1,2,3
9678,5.0,4.0,2.0,3.0,4.0,4.0,1.0,4.0,5.0,1.0,1.0,5.0,1.0,1.0,2.0,3.0,1.0,4.0,2.0,3.0,1,3,3,7,1,7,5,7,1,4,1,1,0,1,1,0,0,1,0,1,0,0,0,1,1,1,2,3,2,2,19,1,10,1,10,2,1,4
9679,5.0,5.0,1.0,1.0,5.0,1.0,1.0,5.0,1.0,1.0,1.0,5.0,5.0,1.0,5.0,1.0,1.0,5.0,5.0,5.0,7,1,7,1,7,2,5,1,7,1,1,1,1,1,1,0,1,1,0,1,1,0,1,1,1,1,4,3,1,1,59,1,2,1,60,0,3,3
9680,4.0,4.0,3.0,3.0,4.0,4.0,2.0,4.0,5.0,4.0,4.0,4.0,3.0,3.0,2.0,4.0,2.0,4.0,4.0,3.0,5,6,5,5,6,6,5,6,6,4,1,1,0,1,1,0,0,0,0,0,0,0,0,1,1,1,3,3,2,2,19,1,4,1,10,2,1,2
9681,2.0,4.0,4.0,2.0,3.0,2.0,2.0,4.0,4.0,4.0,3.0,4.0,2.0,1.0,4.0,5.0,2.0,4.0,4.0,2.0,2,3,5,4,3,6,5,3,6,2,1,1,1,1,1,1,1,0,0,1,0,1,1,1,1,1,4,2,1,1,28,1,2,1,70,2,1,2
9682,1.0,1.0,3.0,5.0,4.0,1.0,1.0,4.0,5.0,5.0,1.0,5.0,4.0,2.0,1.0,5.0,4.0,2.0,5.0,1.0,3,5,6,6,2,7,6,2,6,3,1,1,0,1,1,0,1,0,0,1,0,0,1,1,1,1,3,2,1,2,34,1,1,1,70,2,1,2
9683,5.0,5.0,1.0,1.0,3.0,1.0,1.0,1.0,1.0,1.0,1.0,5.0,4.0,1.0,5.0,1.0,1.0,5.0,5.0,1.0,7,5,1,2,7,1,6,1,1,1,1,1,1,1,1,0,0,1,1,1,1,0,1,1,1,1,4,1,2,2,44,1,2,1,60,1,1,2
9684,5.0,4.0,1.0,2.0,5.0,1.0,1.0,1.0,1.0,1.0,1.0,5.0,5.0,1.0,4.0,1.0,5.0,4.0,5.0,2.0,5,5,6,2,3,1,3,2,6,2,1,1,1,1,1,1,1,0,0,1,0,0,1,1,1,1,3,3,2,2,55,1,8,1,70,1,2,2
9685,5.0,5.0,2.0,3.0,4.0,1.0,2.0,3.0,3.0,2.0,2.0,3.0,4.0,3.0,4.0,1.0,3.0,4.0,5.0,3.0,1,5,5,5,5,7,5,5,5,7,1,1,1,1,1,0,0,0,0,1,0,0,1,1,1,0,3,3,2,2,22,1,7,1,10,1,1,4
9686,4.0,4.0,2.0,3.0,4.0,1.0,1.0,5.0,3.0,1.0,1.0,5.0,4.0,1.0,4.0,1.0,1.0,5.0,5.0,4.0,1,6,5,6,6,6,5,7,6,3,1,1,1,1,1,0,1,1,0,1,1,0,1,1,1,1,4,1,1,1,35,1,2,1,60,2,3,2
9687,5.0,5.0,2.0,2.0,5.0,2.0,5.0,4.0,4.0,1.0,1.0,5.0,5.0,2.0,3.0,3.0,1.0,4.0,3.0,3.0,7,4,7,1,7,3,6,3,5,1,1,1,1,1,1,1,0,0,0,1,0,0,0,1,1,1,3,1,2,1,19,1,7,1,10,2,1,3
9688,5.0,5.0,1.0,1.0,5.0,1.0,1.0,5.0,1.0,1.0,1.0,5.0,5.0,1.0,5.0,1.0,1.0,5.0,5.0,5.0,2,3,7,5,7,6,7,1,6,1,1,1,0,1,1,1,0,0,1,1,0,0,1,1,1,1,4,3,2,2,39,1,7,1,30,2,3,2
9689,4.0,4.0,1.0,5.0,5.0,1.0,2.0,3.0,4.0,4.0,1.0,4.0,4.0,1.0,3.0,2.0,1.0,4.0,4.0,2.0,5,3,6,2,6,2,6,3,6,4,1,1,1,1,1,0,0,1,1,1,0,0,1,1,1,1,4,2,1,1,43,1,4,1,60,2,2,1
9690,3.0,4.0,3.0,4.0,2.0,1.0,1.0,1.0,2.0,5.0,1.0,4.0,4.0,2.0,2.0,2.0,1.0,4.0,5.0,3.0,6,2,6,2,7,1,6,2,3,1,1,1,1,1,1,0,0,0,0,1,0,0,1,1,1,1,3,1,2,1,33,1,7,3,60,1,1,0
9691,2.0,5.0,4.0,3.0,4.0,5.0,2.0,4.0,5.0,4.0,4.0,2.0,4.0,2.0,3.0,5.0,4.0,3.0,5.0,5.0,7,2,7,2,5,7,6,2,4,6,1,0,0,1,1,0,1,0,1,1,1,0,1,0,1,1,4,3,1,2,24,1,12,1,10,2,1,1
9692,2.0,1.0,4.0,4.0,4.0,4.0,3.0,1.0,5.0,5.0,1.0,4.0,5.0,4.0,4.0,1.0,1.0,4.0,5.0,2.0,5,6,7,6,7,5,5,2,5,2,1,1,0,1,1,0,1,0,0,1,0,0,1,1,1,1,4,3,2,2,46,1,1,1,60,2,3,4
9693,1.0,1.0,1.0,1.0,1.0,1.0,1.0,1.0,5.0,2.0,1.0,5.0,1.0,1.0,1.0,1.0,5.0,4.0,5.0,1.0,6,2,6,2,5,2,6,2,4,3,1,1,0,1,1,0,0,0,0,1,0,0,1,1,1,1,3,3,2,1,27,1,1,1,60,1,1,2
9694,1.0,4.0,5.0,5.0,2.0,5.0,5.0,2.0,5.0,3.0,3.0,1.0,1.0,4.0,4.0,2.0,3.0,3.0,4.0,1.0,7,5,6,2,7,2,5,4,7,3,1,0,0,1,1,0,0,0,0,1,0,0,0,1,1,1,3,2,2,2,40,1,1,1,60,1,2,3
9695,5.0,4.0,4.0,3.0,3.0,4.0,2.0,4.0,5.0,5.0,2.0,4.0,4.0,4.0,4.0,3.0,4.0,3.0,3.0,3.0,6,6,6,6,6,6,5,3,6,3,1,0,0,1,1,0,0,0,0,0,0,0,0,1,1,1,3,3,1,2,21,1,4,1,10,2,1,2
9696,2.0,5.0,3.0,2.0,4.0,2.0,1.0,5.0,3.0,2.0,1.0,4.0,4.0,2.0,5.0,1.0,2.0,5.0,3.0,5.0,2,7,6,2,7,6,5,2,6,4,1,1,0,1,1,0,1,1,0,1,1,0,1,1,1,1,4,1,1,2,30,1,10,1,20,1,1,4
9697,1.0,2.0,1.0,2.0,2.0,4.0,4.0,4.0,5.0,4.0,1.0,4.0,3.0,2.0,2.0,5.0,4.0,4.0,2.0,1.0,5,5,7,2,6,5,6,1,6,3,1,1,1,1,1,0,0,0,0,1,0,1,1,1,1,1,4,2,2,1,27,1,6,1,70,1,2,4
9698,1.0,4.0,3.0,1.0,4.0,2.0,1.0,4.0,4.0,2.0,1.0,3.0,2.0,1.0,4.0,1.0,1.0,3.0,5.0,1.0,5,7,3,1,7,5,5,6,7,3,1,1,0,1,1,0,0,0,0,1,0,0,1,1,1,1,4,3,1,2,24,1,2,1,60,2,1,3
9699,5.0,4.0,5.0,5.0,1.0,4.0,2.0,4.0,5.0,5.0,2.0,1.0,1.0,2.0,2.0,4.0,5.0,2.0,5.0,4.0,2,5,6,7,2,6,7,2,1,1,1,1,0,1,1,0,0,0,0,1,0,0,0,1,1,1,2,1,2,2,19,1,4,5,70,2,1,2
9700,4.0,4.0,4.0,2.0,5.0,4.0,1.0,5.0,2.0,1.0,1.0,5.0,1.0,1.0,4.0,2.0,1.0,4.0,4.0,1.0,5,6,6,2,7,3,5,2,6,2,1,1,0,1,1,0,0,1,0,1,1,0,1,1,1,1,4,3,1,2,26,1,12,1,60,2,2,2
9701,1.0,4.0,2.0,4.0,4.0,4.0,2.0,5.0,5.0,3.0,1.0,2.0,1.0,4.0,1.0,4.0,5.0,4.0,4.0,2.0,6,5,2,2,6,3,6,7,6,2,1,0,0,1,0,0,1,0,0,1,0,0,0,0,1,1,3,3,2,2,25,1,3,1,10,2,1,4
9702,2.0,4.0,1.0,2.0,5.0,1.0,1.0,4.0,4.0,4.0,1.0,2.0,1.0,1.0,4.0,2.0,2.0,1.0,5.0,2.0,5,5,7,3,6,3,6,2,6,3,1,1,1,1,1,1,1,1,0,1,1,0,1,1,1,1,4,3,2,1,32,1,7,1,60,1,1,3
9703,3.0,2.0,1.0,1.0,4.0,1.0,1.0,3.0,5.0,4.0,1.0,2.0,3.0,2.0,3.0,1.0,3.0,3.0,4.0,4.0,4,5,5,5,6,6,6,4,5,4,1,1,0,1,1,0,0,0,0,1,0,0,1,1,1,1,3,1,2,1,28,1,12,1,70,1,1,2
9704,2.0,2.0,5.0,4.0,2.0,3.0,2.0,4.0,5.0,2.0,1.0,2.0,1.0,3.0,4.0,2.0,4.0,4.0,3.0,2.0,7,3,7,2,7,3,7,2,5,4,1,1,1,1,1,0,0,0,0,1,0,0,1,1,1,1,4,2,2,1,31,1,4,1,60,1,2,2
9705,5.0,5.0,3.0,2.0,5.0,1.0,1.0,1.0,4.0,1.0,1.0,5.0,5.0,1.0,5.0,1.0,1.0,5.0,5.0,5.0,5,2,6,5,5,7,5,4,3,1,1,1,1,1,1,1,0,0,0,1,1,1,1,1,1,1,2,1,1,1,26,1,12,2,60,1,1,2
9706,2.0,4.0,1.0,5.0,3.0,5.0,3.0,1.0,5.0,3.0,5.0,2.0,1.0,5.0,3.0,5.0,5.0,1.0,5.0,1.0,6,4,7,4,7,5,6,2,5,5,1,1,0,1,1,0,0,0,0,1,0,0,0,1,1,1,3,3,2,2,21,1,1,1,10,2,1,3
9707,2.0,4.0,3.0,2.0,2.0,4.0,1.0,4.0,4.0,5.0,2.0,1.0,2.0,1.0,4.0,3.0,2.0,1.0,5.0,1.0,7,7,5,1,7,1,7,1,6,1,1,0,0,1,0,0,0,1,0,1,0,0,0,1,1,1,3,3,1,2,24,1,4,1,60,1,1,3
9708,4.0,2.0,2.0,4.0,2.0,2.0,2.0,1.0,3.0,2.0,2.0,4.0,2.0,2.0,2.0,2.0,2.0,2.0,3.0,1.0,2,2,5,2,3,3,5,3,6,5,1,1,1,1,1,1,1,0,1,1,1,1,1,1,1,1,3,2,2,1,55,3,1,1,50,1,2,3
9709,2.0,4.0,3.0,4.0,2.0,1.0,1.0,1.0,5.0,2.0,1.0,4.0,1.0,3.0,4.0,1.0,2.0,2.0,5.0,1.0,1,2,6,4,3,7,6,1,7,5,1,1,1,1,1,0,0,0,0,1,0,0,1,1,1,1,4,2,2,1,31,1,1,1,60,2,1,2
9710,1.0,1.0,3.0,5.0,2.0,5.0,5.0,1.0,5.0,4.0,4.0,2.0,1.0,5.0,3.0,4.0,2.0,1.0,3.0,1.0,6,2,2,2,7,2,7,1,7,3,1,1,1,1,1,0,0,0,0,1,1,0,1,1,1,1,3,2,2,1,43,1,1,1,60,1,1,3
9711,4.0,4.0,2.0,2.0,4.0,1.0,1.0,4.0,2.0,2.0,1.0,5.0,4.0,1.0,5.0,1.0,2.0,3.0,5.0,4.0,6,5,3,5,6,3,5,5,4,2,1,1,1,1,1,0,1,1,0,1,0,0,1,1,1,1,3,3,2,1,45,1,2,1,50,2,2,4
9712,2.0,4.0,3.0,2.0,4.0,2.0,1.0,4.0,4.0,1.0,1.0,5.0,3.0,2.0,1.0,1.0,3.0,3.0,5.0,1.0,2,3,4,2,3,7,5,4,6,6,1,1,1,1,1,1,0,1,0,1,0,1,1,1,1,1,4,3,1,2,44,1,1,1,60,1,1,1
9713,5.0,5.0,1.0,1.0,5.0,1.0,1.0,5.0,5.0,1.0,1.0,5.0,5.0,4.0,5.0,1.0,5.0,5.0,5.0,5.0,1,4,5,1,7,7,2,1,7,1,1,1,0,1,1,0,1,1,0,1,0,0,1,1,0,1,4,2,1,2,32,1,8,1,10,1,3,2
9714,3.0,2.0,4.0,2.0,2.0,3.0,3.0,2.0,4.0,4.0,2.0,4.0,4.0,2.0,2.0,1.0,4.0,4.0,4.0,1.0,5,5,5,7,5,2,6,6,5,3,1,1,1,1,1,0,0,1,0,1,0,0,1,1,1,1,3,2,1,1,38,1,1,1,60,1,1,2
9715,3.0,3.0,1.0,1.0,5.0,3.0,1.0,5.0,5.0,3.0,3.0,5.0,2.0,1.0,3.0,1.0,1.0,1.0,5.0,1.0,2,5,2,5,5,4,4,3,4,5,1,1,0,1,1,0,0,0,0,1,0,0,1,1,1,1,4,1,1,1,52,1,0,1,60,1,2,2
9716,1.0,4.0,1.0,4.0,3.0,1.0,1.0,1.0,4.0,1.0,2.0,1.0,1.0,2.0,4.0,2.0,1.0,1.0,5.0,1.0,3,2,6,3,5,3,6,2,6,5,1,1,1,1,1,0,1,0,0,1,0,0,1,1,1,1,4,1,2,1,37,1,1,1,60,1,1,3
9717,4.0,4.0,1.0,2.0,5.0,2.0,3.0,5.0,3.0,3.0,1.0,5.0,5.0,3.0,5.0,1.0,2.0,5.0,5.0,3.0,7,6,6,6,4,1,5,6,3,2,1,0,0,1,1,0,0,0,0,1,0,0,0,0,1,1,4,3,2,2,32,1,4,1,10,2,3,2
9718,3.0,3.0,2.0,2.0,4.0,3.0,1.0,4.0,3.0,3.0,1.0,5.0,5.0,1.0,5.0,2.0,5.0,5.0,5.0,1.0,2,5,7,2,5,5,6,1,6,2,1,1,0,1,1,0,0,0,0,1,0,0,0,1,1,1,3,2,1,2,28,1,2,1,60,1,1,4
9719,1.0,2.0,5.0,4.0,5.0,5.0,5.0,4.0,5.0,4.0,4.0,4.0,2.0,3.0,5.0,1.0,1.0,1.0,4.0,1.0,2,6,1,2,7,6,6,6,6,2,1,1,1,1,1,0,0,1,0,1,0,0,1,1,1,1,3,1,2,2,28,1,7,1,60,1,3,5
9720,4.0,3.0,2.0,5.0,4.0,1.0,1.0,2.0,4.0,3.0,2.0,5.0,3.0,3.0,4.0,5.0,2.0,4.0,5.0,1.0,1,6,7,5,5,7,7,1,7,4,1,1,0,1,1,0,0,0,0,1,0,1,1,1,1,1,3,2,1,1,24,1,4,1,60,2,1,3
9721,5.0,4.0,2.0,4.0,5.0,4.0,1.0,2.0,5.0,3.0,2.0,5.0,4.0,2.0,4.0,2.0,2.0,4.0,5.0,3.0,7,4,7,5,7,5,7,1,5,5,1,1,1,1,1,1,0,0,0,1,1,0,1,1,1,1,4,1,1,1,47,1,4,1,60,1,2,2
9722,1.0,2.0,5.0,4.0,4.0,5.0,2.0,4.0,5.0,2.0,1.0,1.0,2.0,1.0,2.0,2.0,5.0,2.0,5.0,1.0,7,4,3,1,6,1,6,3,7,1,1,1,1,1,0,1,0,0,1,1,0,0,0,1,1,1,2,2,2,2,21,1,2,1,60,1,1,2
9723,1.0,4.0,4.0,4.0,4.0,2.0,2.0,4.0,4.0,4.0,2.0,4.0,4.0,4.0,4.0,4.0,4.0,2.0,5.0,1.0,6,3,6,7,3,2,7,2,2,2,1,1,1,1,1,0,0,0,0,1,0,1,1,1,1,1,3,3,2,1,28,1,12,1,0,1,2,2
9724,1.0,1.0,2.0,5.0,4.0,5.0,5.0,4.0,5.0,4.0,2.0,2.0,3.0,5.0,1.0,4.0,4.0,1.0,1.0,5.0,6,2,6,3,5,3,5,5,6,3,1,1,1,1,1,1,0,0,0,1,0,0,1,1,1,1,2,3,2,1,45,1,5,1,60,1,2,5
9725,2.0,5.0,4.0,5.0,3.0,4.0,2.0,4.0,5.0,5.0,3.0,2.0,3.0,5.0,4.0,5.0,4.0,5.0,3.0,1.0,2,3,6,4,7,7,7,5,6,4,1,1,1,1,1,0,0,0,0,1,0,0,1,1,1,1,3,1,2,1,29,1,7,1,60,2,1,2
9726,1.0,1.0,2.0,4.0,4.0,1.0,1.0,1.0,5.0,2.0,3.0,5.0,4.0,2.0,1.0,4.0,1.0,1.0,5.0,1.0,6,6,7,1,7,1,6,1,6,1,1,1,1,1,1,0,0,1,0,1,0,0,1,1,1,1,3,3,2,1,46,1,12,1,30,1,2,1
9727,2.0,4.0,2.0,4.0,2.0,1.0,1.0,2.0,4.0,4.0,2.0,1.0,1.0,3.0,4.0,1.0,2.0,3.0,5.0,1.0,3,5,5,1,3,6,5,4,6,1,1,1,1,1,1,0,0,0,0,0,0,0,1,1,1,1,4,2,2,1,30,1,1,1,60,1,1,2
9728,1.0,1.0,4.0,1.0,2.0,4.0,2.0,4.0,5.0,5.0,4.0,4.0,1.0,2.0,1.0,2.0,1.0,1.0,1.0,1.0,2,1,7,1,7,6,1,1,7,1,1,1,0,1,1,1,1,1,0,1,0,0,1,1,1,1,4,3,2,2,46,1,6,5,30,2,1,5
9729,4.0,3.0,4.0,5.0,2.0,4.0,2.0,4.0,4.0,3.0,1.0,5.0,2.0,3.0,4.0,1.0,5.0,4.0,2.0,2.0,5,3,7,2,5,4,5,2,7,1,1,1,1,1,1,0,1,0,0,1,0,1,1,1,1,1,3,3,1,1,49,1,6,1,60,1,2,2
9730,4.0,4.0,3.0,4.0,4.0,2.0,2.0,4.0,2.0,3.0,1.0,4.0,1.0,1.0,4.0,3.0,3.0,4.0,4.0,1.0,2,4,4,5,6,6,5,2,5,2,1,1,1,1,1,0,0,0,0,1,0,0,0,1,1,1,3,3,1,2,24,1,2,2,60,1,1,2
9731,3.0,2.0,5.0,5.0,2.0,4.0,4.0,1.0,5.0,5.0,4.0,1.0,3.0,4.0,3.0,5.0,4.0,1.0,5.0,1.0,4,5,7,5,6,5,7,5,5,4,1,1,0,1,1,1,0,0,0,1,0,0,1,1,1,1,3,3,2,1,45,1,6,1,60,1,2,3
9732,5.0,4.0,1.0,1.0,5.0,1.0,1.0,3.0,4.0,2.0,2.0,3.0,2.0,1.0,2.0,2.0,1.0,3.0,5.0,5.0,6,7,6,6,7,1,6,2,2,4,1,1,1,1,1,0,0,0,0,1,0,0,1,1,1,1,3,2,2,1,65,1,4,1,60,1,2,2
9733,5.0,2.0,2.0,2.0,4.0,1.0,2.0,3.0,4.0,1.0,1.0,5.0,2.0,2.0,2.0,1.0,2.0,2.0,5.0,2.0,3,6,7,2,7,7,3,1,3,3,1,1,0,1,1,0,0,1,0,1,0,0,1,1,1,1,3,2,2,1,21,1,1,3,60,1,1,2
9734,2.0,1.0,4.0,5.0,4.0,4.0,2.0,2.0,5.0,5.0,1.0,2.0,4.0,2.0,3.0,4.0,1.0,2.0,5.0,3.0,6,7,7,6,5,2,6,5,5,5,1,1,0,1,1,0,0,0,0,1,0,0,1,1,1,1,2,1,2,1,32,1,12,1,50,2,2,5
9735,5.0,4.0,1.0,1.0,3.0,1.0,1.0,5.0,3.0,3.0,1.0,5.0,4.0,2.0,4.0,1.0,5.0,4.0,5.0,4.0,1,6,7,3,5,7,2,4,7,7,1,1,0,1,1,0,0,0,0,1,0,0,1,1,1,1,1,2,2,1,17,1,4,1,70,2,1,2
9736,5.0,4.0,5.0,5.0,2.0,5.0,5.0,1.0,5.0,1.0,1.0,5.0,1.0,1.0,5.0,5.0,1.0,4.0,5.0,4.0,1,7,7,6,7,1,2,5,1,1,1,1,0,1,1,0,0,0,1,1,0,1,1,1,1,1,3,2,2,2,26,1,2,2,70,2,1,1
9737,2.0,1.0,4.0,2.0,4.0,4.0,2.0,4.0,4.0,2.0,1.0,4.0,3.0,3.0,1.0,1.0,2.0,4.0,4.0,2.0,1,7,5,3,5,7,7,5,3,2,1,1,0,1,1,0,0,0,0,1,0,0,1,1,1,1,2,3,1,1,33,1,7,1,60,1,1,1
9738,1.0,5.0,5.0,5.0,3.0,2.0,3.0,3.0,5.0,5.0,2.0,5.0,1.0,4.0,4.0,5.0,4.0,3.0,1.0,4.0,3,7,6,3,4,6,7,5,7,3,1,0,0,1,0,0,0,0,0,1,0,0,0,0,1,1,3,2,2,2,20,1,10,1,70,2,1,5
9739,1.0,3.0,5.0,5.0,5.0,5.0,5.0,1.0,5.0,5.0,5.0,1.0,1.0,5.0,2.0,1.0,3.0,1.0,5.0,5.0,6,2,7,6,6,4,7,2,3,1,0,0,0,1,1,0,1,0,0,1,0,0,1,1,0,1,4,3,1,2,53,1,8,1,10,1,2,3
9740,2.0,1.0,4.0,1.0,4.0,4.0,4.0,1.0,5.0,5.0,1.0,3.0,1.0,2.0,2.0,4.0,5.0,3.0,4.0,1.0,5,7,7,6,5,7,4,1,3,3,1,1,1,1,1,0,0,0,0,1,0,0,0,1,1,1,3,3,2,2,24,1,12,0,70,0,1,2
9741,2.0,3.0,4.0,5.0,3.0,2.0,1.0,2.0,3.0,2.0,2.0,1.0,2.0,2.0,4.0,2.0,1.0,5.0,5.0,2.0,7,6,4,5,7,1,7,1,3,1,1,1,0,1,1,0,0,0,0,1,0,0,0,0,1,1,3,3,2,2,29,1,1,2,60,1,1,1
9742,1.0,1.0,1.0,2.0,1.0,4.0,2.0,1.0,5.0,5.0,2.0,1.0,1.0,1.0,1.0,5.0,3.0,1.0,5.0,1.0,5,6,6,5,7,4,5,3,6,6,1,1,0,1,1,0,0,0,0,1,0,0,1,1,1,1,3,3,2,1,34,1,1,1,10,1,2,3
9743,1.0,4.0,1.0,1.0,5.0,1.0,1.0,2.0,4.0,1.0,1.0,5.0,4.0,1.0,5.0,1.0,1.0,4.0,5.0,5.0,2,6,1,6,7,7,6,5,3,1,1,1,0,1,1,0,0,0,0,1,0,0,1,1,1,1,3,1,2,1,36,2,4,2,60,1,1,1
9744,5.0,5.0,1.0,2.0,4.0,1.0,1.0,5.0,4.0,1.0,1.0,5.0,5.0,2.0,3.0,1.0,1.0,4.0,5.0,5.0,1,3,7,1,6,7,7,1,6,2,1,1,0,1,1,0,0,0,0,1,0,0,1,1,1,1,3,3,1,1,36,1,6,3,60,1,2,2
9745,2.0,4.0,1.0,4.0,2.0,1.0,1.0,1.0,5.0,4.0,4.0,4.0,3.0,4.0,2.0,1.0,3.0,1.0,5.0,3.0,5,1,3,1,7,5,7,3,7,1,1,1,1,1,1,0,0,0,0,1,0,0,1,1,1,1,2,3,2,1,70,1,12,2,60,1,3,2
9746,5.0,5.0,1.0,2.0,5.0,1.0,1.0,5.0,1.0,1.0,1.0,5.0,5.0,1.0,5.0,5.0,1.0,1.0,5.0,1.0,6,7,6,2,7,2,1,6,1,1,1,1,1,1,1,0,0,0,0,1,0,1,0,1,1,1,2,3,2,2,29,1,12,1,60,1,3,4
9747,5.0,5.0,2.0,3.0,1.0,4.0,2.0,4.0,5.0,3.0,5.0,1.0,1.0,3.0,4.0,5.0,1.0,1.0,4.0,5.0,5,1,5,1,7,5,5,7,6,2,1,1,1,1,1,0,1,0,0,1,1,0,1,1,1,1,2,3,1,2,19,2,1,1,70,1,1,2
9748,1.0,2.0,4.0,2.0,2.0,4.0,4.0,3.0,4.0,5.0,2.0,4.0,1.0,1.0,4.0,4.0,1.0,1.0,5.0,1.0,2,1,7,3,5,6,5,1,5,3,1,1,1,1,1,0,0,1,0,1,1,0,1,1,1,1,4,2,2,1,39,1,6,1,60,1,1,2
9749,4.0,4.0,4.0,5.0,4.0,2.0,2.0,4.0,5.0,4.0,1.0,4.0,1.0,2.0,4.0,1.0,1.0,5.0,5.0,1.0,1,6,6,5,3,6,6,2,6,5,1,1,1,1,1,0,1,0,0,1,0,0,1,1,1,1,3,3,2,0,66,1,2,4,60,1,3,11
9750,5.0,4.0,1.0,1.0,4.0,2.0,1.0,3.0,1.0,1.0,1.0,5.0,4.0,1.0,5.0,1.0,1.0,5.0,5.0,2.0,1,2,6,2,7,7,5,2,5,2,1,1,1,1,1,0,0,0,0,1,0,1,1,1,1,1,4,3,1,1,45,1,10,1,70,1,2,5
9751,1.0,3.0,4.0,2.0,4.0,5.0,5.0,5.0,5.0,4.0,1.0,4.0,3.0,2.0,4.0,1.0,4.0,4.0,5.0,2.0,2,6,7,7,3,7,5,2,2,7,1,1,1,1,1,0,1,0,0,1,1,0,1,1,1,1,3,1,2,1,57,2,2,1,60,0,3,4
9752,4.0,4.0,2.0,1.0,5.0,2.0,1.0,4.0,2.0,4.0,1.0,5.0,2.0,1.0,4.0,1.0,3.0,4.0,5.0,4.0,5,5,6,6,7,3,7,2,7,1,1,1,0,1,1,0,0,1,0,1,0,0,0,1,1,1,4,3,1,2,34,1,4,1,60,1,2,2
9753,2.0,1.0,5.0,2.0,2.0,5.0,5.0,4.0,5.0,5.0,2.0,5.0,1.0,2.0,2.0,1.0,2.0,2.0,2.0,1.0,3,7,6,5,5,4,6,1,3,3,1,1,0,1,1,0,0,0,0,1,1,0,0,1,1,1,2,3,2,2,21,1,4,1,60,1,1,2
9754,4.0,1.0,2.0,4.0,4.0,1.0,1.0,4.0,5.0,2.0,1.0,5.0,1.0,1.0,3.0,2.0,5.0,4.0,5.0,3.0,5,3,3,2,6,5,7,5,5,2,1,1,0,1,1,0,0,0,0,1,0,0,1,1,1,1,4,3,1,1,34,1,7,1,30,1,1,2
9755,3.0,3.0,4.0,1.0,3.0,2.0,2.0,5.0,5.0,5.0,1.0,3.0,1.0,1.0,1.0,4.0,4.0,4.0,5.0,3.0,4,1,5,1,5,5,4,2,6,2,1,1,0,1,1,0,0,0,0,1,0,0,1,1,1,1,3,3,1,2,30,1,1,1,10,2,1,0
9756,3.0,4.0,5.0,5.0,5.0,1.0,1.0,2.0,5.0,1.0,1.0,5.0,1.0,1.0,5.0,1.0,1.0,4.0,5.0,2.0,5,2,7,1,7,5,4,1,7,1,1,1,1,1,1,0,1,1,0,1,1,1,1,1,1,1,3,2,1,1,29,1,3,1,60,2,1,3
9757,3.0,4.0,4.0,4.0,3.0,2.0,2.0,4.0,3.0,3.0,3.0,4.0,3.0,3.0,4.0,2.0,2.0,4.0,4.0,1.0,5,3,5,5,6,4,6,2,5,3,1,1,0,0,1,0,0,0,0,1,0,1,0,1,1,1,3,3,2,1,22,1,12,1,70,1,1,2
9758,1.0,3.0,5.0,3.0,4.0,2.0,1.0,2.0,3.0,3.0,1.0,1.0,4.0,4.0,2.0,4.0,2.0,2.0,5.0,2.0,4,3,6,6,7,7,6,4,4,1,1,1,1,1,1,0,1,0,0,1,0,0,1,1,1,1,3,3,2,1,24,3,4,1,60,1,1,3
9759,4.0,5.0,2.0,2.0,2.0,1.0,1.0,2.0,4.0,2.0,2.0,2.0,2.0,3.0,4.0,1.0,1.0,4.0,5.0,1.0,6,2,6,2,6,3,6,2,6,2,1,1,1,1,1,0,1,1,0,1,1,0,1,1,1,1,4,3,1,1,38,1,2,1,60,1,2,2
9760,4.0,1.0,5.0,5.0,4.0,2.0,2.0,4.0,5.0,2.0,4.0,1.0,1.0,3.0,1.0,1.0,4.0,4.0,5.0,1.0,2,1,6,3,3,3,6,1,6,6,1,1,1,1,1,0,1,1,0,1,1,1,1,1,0,1,4,2,1,1,75,1,1,1,60,1,3,6
9761,1.0,1.0,4.0,5.0,1.0,2.0,3.0,1.0,5.0,5.0,1.0,1.0,1.0,5.0,1.0,5.0,5.0,1.0,1.0,1.0,3,1,6,1,7,3,7,1,7,1,1,1,0,1,1,0,1,0,0,1,0,0,1,1,1,1,3,3,2,2,23,1,8,1,10,1,1,2
9762,3.0,4.0,1.0,3.0,3.0,1.0,1.0,2.0,3.0,2.0,3.0,4.0,3.0,1.0,4.0,1.0,2.0,4.0,3.0,1.0,6,6,6,3,7,4,5,3,6,1,1,1,1,1,1,0,1,0,0,1,1,0,1,1,1,1,4,2,1,1,43,1,2,1,60,1,2,4
9763,2.0,3.0,4.0,2.0,4.0,1.0,1.0,3.0,5.0,2.0,1.0,4.0,1.0,2.0,3.0,3.0,4.0,3.0,4.0,1.0,3,6,4,7,6,4,3,1,3,2,1,1,1,1,1,0,0,0,0,1,1,0,1,1,1,0,3,3,2,1,29,1,4,1,60,1,2,3
9764,2.0,1.0,2.0,3.0,5.0,1.0,1.0,2.0,5.0,3.0,1.0,5.0,4.0,2.0,2.0,1.0,5.0,4.0,5.0,1.0,7,2,6,2,7,3,7,2,6,1,1,0,0,1,1,0,0,1,0,1,0,1,0,1,1,1,3,3,2,2,47,1,1,1,60,2,3,2
9765,1.0,4.0,1.0,4.0,1.0,4.0,1.0,1.0,5.0,5.0,1.0,5.0,4.0,1.0,5.0,2.0,1.0,2.0,5.0,5.0,5,5,3,2,4,6,3,0,3,1,1,1,1,1,1,0,1,1,0,1,0,0,1,1,1,1,3,2,1,1,59,1,6,1,60,1,2,3
9766,1.0,3.0,2.0,4.0,4.0,1.0,1.0,2.0,5.0,2.0,1.0,2.0,1.0,4.0,3.0,5.0,1.0,5.0,5.0,2.0,6,6,5,2,5,5,7,3,7,1,1,1,0,1,1,0,0,0,0,1,1,0,0,1,1,1,4,3,1,2,21,1,4,1,60,1,1,2
9767,2.0,4.0,2.0,5.0,4.0,4.0,4.0,1.0,5.0,5.0,2.0,1.0,2.0,4.0,1.0,4.0,4.0,2.0,4.0,1.0,3,5,7,6,5,1,6,1,5,1,1,1,0,1,1,0,1,0,1,1,0,0,0,1,1,1,2,3,1,1,45,1,7,1,60,1,2,6
9768,5.0,1.0,1.0,1.0,1.0,1.0,1.0,1.0,4.0,5.0,1.0,1.0,1.0,1.0,4.0,1.0,5.0,5.0,5.0,5.0,2,1,6,2,5,2,7,5,6,1,1,1,1,1,1,0,0,1,0,1,0,0,1,1,1,1,3,3,2,1,52,1,1,1,60,1,3,2
9769,2.0,4.0,5.0,4.0,2.0,5.0,4.0,2.0,5.0,4.0,1.0,5.0,1.0,1.0,1.0,5.0,4.0,3.0,2.0,1.0,1,2,7,1,6,7,6,1,7,1,1,1,0,1,1,0,0,1,0,1,1,0,0,1,1,1,4,3,2,2,39,1,4,1,60,1,2,3
9770,5.0,5.0,3.0,2.0,5.0,4.0,1.0,4.0,3.0,2.0,2.0,5.0,5.0,2.0,5.0,1.0,1.0,5.0,5.0,3.0,3,6,7,5,3,2,1,2,5,5,1,1,1,1,1,0,1,0,0,1,1,0,1,1,1,1,3,3,2,1,28,1,6,1,60,1,1,2
9771,1.0,1.0,1.0,4.0,4.0,4.0,1.0,3.0,5.0,4.0,1.0,2.0,3.0,5.0,3.0,2.0,3.0,4.0,5.0,1.0,5,5,6,5,7,3,6,1,5,1,1,1,1,1,1,0,0,0,0,0,1,1,1,1,1,1,3,1,2,1,38,1,7,2,60,1,1,3
9772,1.0,2.0,2.0,4.0,2.0,1.0,1.0,1.0,5.0,5.0,1.0,1.0,1.0,2.0,4.0,1.0,1.0,1.0,4.0,1.0,2,1,6,6,6,5,6,2,7,5,1,1,0,1,1,0,1,0,0,1,0,0,1,1,1,1,3,2,1,1,54,1,6,1,60,1,2,4
9773,5.0,4.0,1.0,2.0,5.0,1.0,1.0,5.0,2.0,1.0,1.0,4.0,5.0,1.0,4.0,2.0,1.0,4.0,5.0,1.0,6,7,7,4,5,1,1,3,4,3,1,1,1,1,1,0,0,1,0,1,1,0,1,1,1,1,3,2,1,1,31,1,2,1,70,2,1,2
9774,4.0,4.0,4.0,3.0,5.0,2.0,2.0,5.0,5.0,2.0,2.0,2.0,5.0,1.0,4.0,1.0,1.0,2.0,5.0,4.0,6,7,6,6,5,5,6,5,6,2,1,1,1,1,1,0,0,1,0,1,1,0,1,1,1,1,4,3,1,2,40,1,2,1,60,2,1,3
9775,4.0,4.0,2.0,2.0,4.0,2.0,2.0,4.0,4.0,4.0,1.0,4.0,1.0,2.0,4.0,3.0,2.0,2.0,4.0,1.0,6,3,6,6,5,2,5,2,2,3,0,0,1,0,0,1,1,1,1,0,1,1,0,0,0,0,4,1,2,1,31,1,1,1,60,1,1,2
9776,2.0,4.0,3.0,4.0,4.0,3.0,2.0,5.0,5.0,3.0,3.0,1.0,3.0,3.0,4.0,2.0,5.0,4.0,5.0,1.0,5,5,6,2,7,5,7,5,6,2,1,1,1,1,1,0,1,0,0,1,1,0,1,1,1,1,3,1,2,2,28,1,2,1,60,1,1,2
9777,4.0,5.0,2.0,1.0,5.0,2.0,2.0,4.0,4.0,1.0,1.0,4.0,5.0,2.0,5.0,3.0,1.0,5.0,5.0,4.0,2,7,5,6,6,7,6,6,5,5,1,1,0,1,1,0,0,0,0,1,0,0,1,1,1,1,4,3,1,1,33,1,2,1,60,2,1,3
9778,1.0,4.0,4.0,4.0,2.0,4.0,3.0,2.0,5.0,5.0,4.0,1.0,1.0,3.0,1.0,5.0,3.0,2.0,4.0,1.0,3,3,7,5,6,7,7,3,7,5,1,1,1,1,1,0,0,0,0,1,0,0,1,1,1,1,3,3,1,1,39,2,2,1,60,1,1,4
9779,2.0,4.0,4.0,2.0,5.0,1.0,1.0,2.0,2.0,1.0,1.0,2.0,4.0,1.0,5.0,1.0,1.0,5.0,5.0,3.0,1,5,6,7,6,7,6,3,3,2,1,1,1,1,1,0,1,1,0,1,1,1,1,1,1,1,4,2,2,1,32,1,2,2,10,1,2,1
9780,1.0,1.0,3.0,5.0,1.0,2.0,1.0,1.0,5.0,5.0,1.0,1.0,1.0,3.0,1.0,5.0,3.0,1.0,5.0,1.0,2,1,6,5,7,7,7,1,5,3,1,1,1,1,1,1,1,1,1,1,1,1,1,1,1,1,3,3,2,1,52,1,4,1,60,1,2,5
9781,1.0,2.0,4.0,4.0,2.0,4.0,2.0,1.0,3.0,4.0,1.0,2.0,2.0,2.0,5.0,1.0,4.0,4.0,5.0,1.0,5,1,5,1,6,7,5,6,3,2,1,1,1,1,1,0,0,1,0,1,1,0,1,1,1,1,3,2,1,1,20,1,1,2,60,1,1,2
9782,2.0,2.0,4.0,4.0,2.0,3.0,2.0,4.0,5.0,4.0,2.0,2.0,2.0,2.0,5.0,4.0,2.0,1.0,5.0,2.0,2,1,6,3,6,6,6,3,7,4,1,1,0,1,1,0,1,1,0,1,0,0,1,1,1,1,4,2,1,1,33,1,1,1,60,1,2,2
9783,5.0,4.0,2.0,5.0,4.0,1.0,1.0,4.0,4.0,4.0,1.0,4.0,2.0,2.0,5.0,1.0,1.0,5.0,4.0,2.0,0,0,0,0,6,0,0,0,0,0,1,1,0,1,1,0,1,1,0,1,1,0,1,1,1,1,3,1,2,1,62,1,7,1,60,1,2,4
9784,4.0,1.0,4.0,2.0,4.0,4.0,4.0,4.0,4.0,5.0,2.0,1.0,1.0,1.0,1.0,4.0,3.0,5.0,5.0,1.0,2,5,5,5,5,5,7,4,5,1,1,1,0,1,1,0,0,0,0,1,0,0,0,1,1,1,2,3,2,1,21,2,4,1,70,2,1,4
9785,4.0,4.0,4.0,3.0,4.0,4.0,3.0,2.0,5.0,4.0,2.0,5.0,4.0,2.0,4.0,4.0,1.0,3.0,5.0,2.0,2,6,7,7,6,7,4,2,1,2,1,1,1,1,1,0,0,1,0,1,0,0,1,1,1,1,4,1,1,1,43,1,2,1,60,1,1,2
9786,2.0,1.0,5.0,2.0,1.0,4.0,4.0,2.0,5.0,4.0,1.0,2.0,4.0,2.0,3.0,5.0,3.0,2.0,4.0,5.0,2,6,7,6,2,5,6,1,5,2,1,1,0,1,1,1,0,0,0,1,1,0,0,1,1,1,3,2,2,1,27,1,7,1,30,1,2,3
9787,3.0,4.0,3.0,2.0,4.0,1.0,1.0,2.0,4.0,2.0,1.0,5.0,3.0,1.0,3.0,4.0,1.0,2.0,4.0,3.0,4,4,2,6,4,4,7,6,4,3,1,1,0,1,1,0,0,0,0,1,0,0,0,1,1,1,3,2,2,1,33,1,1,2,70,1,3,3
9788,2.0,4.0,5.0,5.0,4.0,5.0,4.0,4.0,5.0,4.0,1.0,4.0,5.0,2.0,2.0,5.0,1.0,2.0,5.0,2.0,2,4,6,7,7,7,6,4,3,1,1,1,1,1,1,0,0,1,0,1,0,0,1,1,0,1,4,1,2,2,23,1,12,2,60,1,1,0
9789,5.0,4.0,4.0,2.0,5.0,1.0,2.0,1.0,5.0,5.0,1.0,5.0,4.0,1.0,4.0,5.0,3.0,2.0,5.0,5.0,5,6,7,4,3,5,4,2,6,2,1,1,0,1,1,1,0,0,0,1,0,0,1,1,1,1,3,3,2,1,32,1,7,1,60,1,2,3
9790,4.0,5.0,1.0,1.0,4.0,2.0,2.0,4.0,2.0,1.0,1.0,4.0,4.0,1.0,5.0,2.0,2.0,4.0,5.0,3.0,6,4,6,3,5,1,5,2,6,4,1,1,0,1,0,0,0,0,0,1,0,0,1,1,1,1,3,2,2,1,22,1,1,1,60,1,1,2
9791,4.0,4.0,4.0,4.0,2.0,3.0,2.0,2.0,2.0,5.0,1.0,2.0,1.0,4.0,4.0,4.0,1.0,1.0,5.0,5.0,6,3,5,1,7,2,7,4,6,3,1,1,1,1,1,0,0,0,0,1,0,0,1,1,1,1,3,1,1,2,32,1,12,1,60,1,1,4
9792,4.0,4.0,4.0,2.0,3.0,3.0,3.0,4.0,4.0,3.0,1.0,5.0,2.0,2.0,3.0,2.0,2.0,4.0,5.0,3.0,1,5,3,4,3,7,3,5,6,3,1,1,0,1,1,0,0,0,0,1,0,0,1,1,1,1,2,3,1,2,17,1,6,1,30,2,1,3
9793,1.0,4.0,5.0,5.0,1.0,4.0,4.0,5.0,5.0,4.0,1.0,5.0,1.0,2.0,4.0,4.0,2.0,1.0,5.0,3.0,1,3,3,5,5,6,6,4,7,4,1,1,1,1,1,0,1,0,0,1,0,0,1,1,1,1,4,1,2,1,63,1,12,1,60,2,1,0
9794,2.0,3.0,1.0,2.0,4.0,1.0,1.0,4.0,4.0,1.0,1.0,5.0,4.0,2.0,5.0,1.0,1.0,5.0,5.0,1.0,1,5,7,1,6,5,6,5,7,5,1,1,1,1,1,1,1,1,0,1,0,1,1,1,1,1,3,1,1,1,48,1,4,1,60,1,2,2
9795,3.0,4.0,2.0,4.0,4.0,2.0,3.0,4.0,3.0,2.0,2.0,4.0,2.0,2.0,2.0,1.0,5.0,4.0,5.0,1.0,1,6,5,6,7,5,3,5,3,3,1,1,0,1,1,0,0,0,0,1,0,0,1,1,1,1,2,1,1,1,35,1,1,1,60,1,1,3
9796,1.0,3.0,2.0,4.0,1.0,2.0,2.0,2.0,5.0,3.0,3.0,2.0,1.0,3.0,2.0,4.0,2.0,2.0,4.0,1.0,5,3,5,3,6,3,7,5,5,1,1,1,1,1,1,0,1,0,0,1,0,0,1,1,1,1,0,2,1,1,47,1,9,1,60,1,2,3
9797,4.0,2.0,2.0,2.0,4.0,2.0,2.0,2.0,3.0,1.0,2.0,4.0,5.0,2.0,5.0,2.0,1.0,4.0,5.0,4.0,7,5,7,1,4,2,5,1,7,5,1,1,0,1,1,0,0,0,0,1,0,0,1,1,1,1,4,2,2,1,27,1,6,1,60,1,2,3
9798,3.0,2.0,5.0,4.0,4.0,5.0,2.0,4.0,5.0,5.0,2.0,2.0,1.0,3.0,4.0,4.0,3.0,3.0,5.0,4.0,1,5,5,5,5,7,5,5,5,3,0,1,0,1,0,0,0,0,0,0,0,0,0,1,0,1,3,2,1,1,29,1,1,1,60,1,1,2
9799,5.0,1.0,2.0,4.0,4.0,1.0,1.0,4.0,1.0,4.0,1.0,5.0,3.0,1.0,4.0,5.0,1.0,5.0,5.0,3.0,5,7,7,1,7,4,6,1,7,2,1,1,0,1,1,0,1,1,0,1,1,0,1,1,1,1,4,3,1,2,35,1,4,1,60,1,2,0
9800,4.0,4.0,3.0,1.0,5.0,4.0,1.0,5.0,5.0,2.0,1.0,3.0,4.0,1.0,1.0,1.0,1.0,5.0,5.0,2.0,3,3,4,7,7,5,5,3,3,1,1,1,0,1,1,0,1,1,0,1,1,0,1,1,1,1,4,2,2,2,24,1,12,2,70,1,1,2
9801,5.0,1.0,4.0,5.0,5.0,5.0,3.0,5.0,5.0,2.0,2.0,1.0,2.0,1.0,1.0,2.0,1.0,4.0,5.0,1.0,6,6,6,2,6,5,5,1,6,3,1,1,0,1,0,0,0,1,0,1,0,0,0,1,1,1,2,2,1,2,24,2,12,1,60,1,2,3
9802,2.0,1.0,2.0,2.0,4.0,5.0,2.0,4.0,4.0,4.0,2.0,5.0,3.0,1.0,1.0,1.0,2.0,5.0,5.0,2.0,5,6,2,5,6,7,2,5,3,2,1,0,0,1,1,0,0,0,0,1,0,0,1,1,0,1,3,1,1,2,26,1,2,3,60,1,1,2
9803,5.0,2.0,1.0,1.0,5.0,1.0,2.0,5.0,5.0,1.0,1.0,5.0,5.0,1.0,5.0,1.0,5.0,5.0,5.0,1.0,2,4,6,6,5,7,7,6,6,1,1,1,1,1,1,0,0,0,1,1,0,0,0,1,1,1,2,2,2,1,42,3,7,1,30,1,3,2
9804,3.0,4.0,2.0,1.0,5.0,2.0,2.0,4.0,5.0,4.0,1.0,4.0,3.0,1.0,4.0,1.0,3.0,5.0,5.0,3.0,4,6,2,4,1,5,7,6,5,7,1,1,0,1,1,0,0,0,0,1,0,0,1,1,1,0,2,1,2,2,29,1,6,1,10,1,1,2
9805,1.0,2.0,2.0,3.0,5.0,1.0,1.0,4.0,4.0,4.0,2.0,4.0,2.0,2.0,3.0,2.0,4.0,4.0,4.0,1.0,5,3,5,6,6,3,6,2,3,1,1,1,1,1,1,0,1,1,0,1,1,0,1,1,1,1,4,2,2,1,64,1,1,1,60,1,2,1
9806,5.0,2.0,5.0,4.0,1.0,3.0,2.0,1.0,5.0,1.0,3.0,4.0,5.0,2.0,5.0,2.0,3.0,2.0,2.0,5.0,5,6,6,2,5,7,5,6,6,5,1,1,0,1,0,0,0,0,0,1,0,0,0,1,1,1,2,3,1,1,18,1,6,1,60,2,1,2
9807,1.0,1.0,1.0,1.0,4.0,2.0,2.0,5.0,3.0,5.0,2.0,5.0,4.0,2.0,2.0,1.0,1.0,4.0,5.0,1.0,6,7,6,5,6,4,6,2,7,1,1,1,1,1,1,0,0,0,0,1,0,0,0,1,1,1,2,3,1,2,37,1,2,1,60,1,1,1
9808,1.0,1.0,4.0,2.0,2.0,5.0,4.0,2.0,5.0,5.0,2.0,2.0,1.0,2.0,3.0,4.0,5.0,1.0,5.0,1.0,3,2,6,5,7,7,7,1,4,2,1,0,1,1,1,0,0,0,0,1,0,1,1,1,1,1,3,2,2,1,29,1,4,1,60,1,2,2
9809,5.0,5.0,5.0,4.0,4.0,1.0,1.0,1.0,3.0,1.0,1.0,5.0,4.0,4.0,5.0,1.0,1.0,3.0,5.0,1.0,7,6,7,1,7,4,7,1,7,2,1,1,1,1,1,0,0,1,0,1,1,1,1,1,1,1,3,1,2,1,25,1,0,4,60,1,1,3
9810,5.0,5.0,1.0,1.0,5.0,1.0,1.0,5.0,3.0,1.0,1.0,5.0,5.0,1.0,5.0,1.0,1.0,5.0,5.0,1.0,5,7,3,1,7,1,4,2,6,1,1,1,1,1,1,0,1,1,0,1,1,0,1,1,1,1,3,2,1,1,44,2,1,1,60,1,1,1
9811,3.0,5.0,1.0,2.0,5.0,1.0,1.0,1.0,3.0,4.0,1.0,5.0,4.0,1.0,5.0,1.0,1.0,5.0,5.0,4.0,3,7,5,4,6,7,4,6,7,1,1,1,0,1,1,0,0,1,0,1,0,0,1,1,1,1,2,3,1,1,23,1,1,1,30,1,1,2
9812,2.0,1.0,4.0,1.0,3.0,2.0,2.0,2.0,1.0,1.0,3.0,5.0,4.0,1.0,3.0,1.0,2.0,3.0,5.0,3.0,3,6,6,5,3,4,4,2,3,2,1,0,0,1,1,0,0,0,0,1,0,0,0,1,1,1,2,3,1,2,23,1,1,4,60,1,1,2
9813,4.0,5.0,1.0,2.0,4.0,2.0,1.0,2.0,3.0,2.0,1.0,4.0,4.0,2.0,2.0,2.0,1.0,4.0,5.0,2.0,1,5,3,5,6,5,3,5,1,1,1,1,1,1,1,0,1,0,0,1,0,0,1,1,1,1,1,3,1,1,38,1,2,1,60,2,3,2
9814,5.0,4.0,2.0,3.0,4.0,2.0,2.0,1.0,3.0,3.0,1.0,5.0,3.0,2.0,2.0,1.0,1.0,4.0,5.0,4.0,2,6,6,6,5,4,5,3,2,2,1,1,0,1,1,0,0,1,0,1,1,0,0,1,1,1,3,2,2,2,32,1,2,1,60,1,1,3
9815,4.0,4.0,2.0,5.0,5.0,1.0,1.0,4.0,5.0,4.0,2.0,5.0,1.0,2.0,3.0,4.0,1.0,4.0,5.0,2.0,3,2,6,2,7,3,5,2,5,2,1,1,1,1,1,0,1,0,0,1,1,0,1,1,1,1,4,3,2,1,62,1,4,1,60,1,1,11
9816,4.0,4.0,4.0,4.0,4.0,5.0,3.0,4.0,2.0,5.0,2.0,4.0,4.0,4.0,3.0,4.0,2.0,4.0,5.0,3.0,5,0,7,2,6,6,1,1,6,4,1,1,0,1,1,0,0,0,1,1,0,0,0,1,1,1,3,1,2,1,26,1,1,3,50,1,1,3
9817,4.0,2.0,3.0,3.0,3.0,2.0,2.0,2.0,3.0,4.0,1.0,3.0,1.0,3.0,3.0,2.0,4.0,1.0,4.0,1.0,6,1,5,5,5,5,6,3,3,4,1,1,1,1,1,0,1,0,0,1,0,0,1,1,1,1,4,2,2,1,26,1,4,1,60,2,1,3
9818,5.0,5.0,1.0,1.0,5.0,1.0,1.0,5.0,1.0,1.0,1.0,5.0,5.0,1.0,5.0,1.0,1.0,5.0,5.0,5.0,6,7,7,1,5,7,1,5,7,7,1,1,1,1,1,1,0,0,0,1,1,1,1,1,1,1,3,1,1,2,55,1,2,1,60,2,1,1
9819,1.0,1.0,3.0,4.0,3.0,5.0,5.0,3.0,5.0,5.0,3.0,1.0,4.0,3.0,3.0,5.0,5.0,1.0,3.0,1.0,7,1,7,1,6,6,4,1,7,4,1,1,1,1,1,0,0,0,0,1,0,0,1,1,1,1,4,3,2,1,56,1,6,1,60,1,2,3
9820,4.0,2.0,4.0,2.0,2.0,2.0,2.0,2.0,2.0,4.0,2.0,4.0,4.0,2.0,2.0,2.0,2.0,4.0,4.0,2.0,6,5,7,3,6,3,6,2,3,2,1,1,1,1,1,0,0,0,0,1,0,0,1,1,1,1,3,1,2,1,30,1,2,1,60,2,1,4
9821,5.0,5.0,4.0,3.0,4.0,2.0,1.0,3.0,4.0,1.0,1.0,3.0,1.0,1.0,4.0,2.0,1.0,4.0,1.0,3.0,6,5,6,1,7,5,5,4,6,2,1,1,0,1,1,1,0,0,1,1,0,0,1,1,1,1,2,3,2,2,21,1,10,1,20,2,1,2
9822,5.0,4.0,3.0,3.0,5.0,1.0,1.0,2.0,5.0,5.0,1.0,5.0,3.0,4.0,1.0,5.0,1.0,5.0,5.0,4.0,5,5,6,1,7,7,7,1,4,5,1,1,0,1,1,0,0,0,0,1,0,0,1,1,1,1,2,2,1,1,37,1,1,1,60,2,3,3
9823,1.0,2.0,2.0,3.0,2.0,1.0,2.0,4.0,4.0,2.0,2.0,2.0,2.0,2.0,2.0,3.0,2.0,2.0,4.0,2.0,4,2,6,3,3,4,6,2,6,4,1,1,0,1,1,0,0,0,0,1,0,0,1,1,1,1,2,3,1,2,21,1,8,1,10,2,1,1
9824,3.0,1.0,4.0,4.0,3.0,3.0,3.0,1.0,5.0,5.0,2.0,4.0,1.0,5.0,1.0,5.0,5.0,3.0,5.0,1.0,4,2,6,3,7,5,7,2,6,1,1,1,1,1,1,0,0,0,0,1,0,0,1,1,1,1,2,1,1,2,30,1,1,3,60,2,1,4
9825,5.0,5.0,1.0,1.0,4.0,1.0,1.0,5.0,2.0,2.0,1.0,4.0,5.0,1.0,4.0,1.0,2.0,4.0,5.0,2.0,1,6,7,6,7,7,1,2,5,2,1,1,0,1,1,0,1,1,0,1,0,0,1,1,1,1,2,1,2,1,21,2,2,4,0,2,1,1
9826,1.0,1.0,5.0,5.0,1.0,4.0,4.0,1.0,5.0,5.0,1.0,4.0,1.0,5.0,2.0,5.0,3.0,1.0,1.0,1.0,3,1,6,1,6,5,7,2,7,4,1,1,1,1,1,0,1,1,0,1,0,0,1,1,1,1,4,3,2,1,44,1,6,1,60,1,2,2
9827,4.0,5.0,2.0,1.0,4.0,2.0,1.0,4.0,2.0,1.0,1.0,2.0,1.0,1.0,5.0,1.0,5.0,2.0,5.0,4.0,1,6,7,2,5,7,2,1,7,4,0,1,0,1,1,1,0,0,0,1,0,0,1,1,1,1,4,1,1,1,24,1,1,1,60,1,1,3
9828,5.0,5.0,1.0,3.0,3.0,1.0,1.0,4.0,4.0,1.0,1.0,5.0,4.0,2.0,1.0,1.0,2.0,4.0,5.0,4.0,6,5,5,2,7,6,5,7,4,2,1,1,0,1,1,0,0,1,0,1,0,0,0,1,1,1,2,3,2,2,17,1,12,4,70,2,1,1
9829,4.0,1.0,3.0,2.0,5.0,4.0,2.0,2.0,5.0,5.0,2.0,5.0,5.0,2.0,2.0,2.0,1.0,4.0,5.0,4.0,0,0,7,0,0,0,0,0,0,0,1,1,1,1,1,1,0,1,1,1,0,0,1,1,1,1,3,2,2,1,72,1,2,1,60,1,3,3
9830,2.0,1.0,4.0,3.0,4.0,4.0,2.0,3.0,5.0,5.0,5.0,4.0,1.0,4.0,2.0,2.0,2.0,1.0,4.0,1.0,6,2,3,5,7,3,7,2,6,3,1,1,1,0,1,0,0,0,0,1,0,0,1,1,1,1,2,3,2,1,30,1,7,1,70,1,2,4
9831,1.0,5.0,1.0,5.0,1.0,1.0,1.0,4.0,5.0,1.0,1.0,5.0,2.0,2.0,4.0,5.0,1.0,4.0,5.0,1.0,7,2,6,1,7,1,7,5,7,5,1,1,1,1,1,1,0,1,0,1,0,0,1,1,1,1,3,3,1,1,25,1,2,1,60,2,1,2
9832,1.0,1.0,5.0,5.0,1.0,5.0,5.0,1.0,5.0,5.0,4.0,5.0,1.0,2.0,1.0,5.0,5.0,1.0,5.0,1.0,5,1,7,3,7,7,7,5,3,1,1,1,1,1,1,0,0,0,0,1,0,0,1,1,1,1,3,1,2,1,42,2,12,2,60,2,2,1
9833,1.0,4.0,3.0,3.0,2.0,4.0,2.0,4.0,5.0,5.0,1.0,3.0,1.0,1.0,4.0,3.0,1.0,4.0,5.0,4.0,2,7,6,7,6,5,4,3,3,5,1,1,1,1,1,0,0,0,0,1,0,1,1,1,1,1,3,1,2,1,27,1,1,1,60,1,1,2
9834,4.0,5.0,2.0,1.0,5.0,1.0,1.0,5.0,1.0,1.0,1.0,5.0,4.0,4.0,5.0,1.0,1.0,5.0,4.0,4.0,1,4,4,2,7,5,4,2,6,1,1,1,1,1,1,0,0,0,0,1,1,0,1,1,1,1,3,2,2,1,48,1,6,1,60,1,2,1
9835,4.0,5.0,5.0,1.0,3.0,1.0,5.0,1.0,5.0,4.0,1.0,5.0,1.0,1.0,3.0,1.0,5.0,4.0,3.0,1.0,2,3,4,7,7,7,7,7,5,1,1,1,1,1,1,0,0,1,0,1,0,0,1,1,1,1,2,2,2,2,20,1,6,1,10,2,1,2
9836,4.0,5.0,5.0,4.0,4.0,1.0,2.0,4.0,5.0,5.0,2.0,4.0,4.0,1.0,4.0,5.0,5.0,2.0,5.0,4.0,5,3,7,5,5,6,6,2,7,3,1,1,1,1,1,0,1,0,0,1,0,0,1,1,1,1,3,3,2,1,29,1,1,3,70,1,1,4
9837,5.0,5.0,1.0,1.0,4.0,1.0,1.0,5.0,1.0,1.0,1.0,5.0,5.0,1.0,2.0,3.0,4.0,2.0,3.0,3.0,4,5,1,5,7,7,5,4,5,1,0,0,0,1,0,0,0,1,0,1,0,0,0,1,1,1,3,3,2,2,25,1,2,2,60,2,1,1
9838,4.0,2.0,3.0,3.0,4.0,3.0,3.0,3.0,5.0,5.0,2.0,3.0,2.0,3.0,2.0,3.0,3.0,3.0,4.0,1.0,4,4,5,5,5,4,4,3,4,4,1,1,1,1,1,0,0,1,0,1,0,1,1,1,1,1,3,2,2,1,32,1,0,0,60,1,1,1
9839,1.0,1.0,4.0,2.0,2.0,4.0,2.0,4.0,5.0,5.0,2.0,1.0,2.0,3.0,5.0,4.0,2.0,4.0,4.0,1.0,6,1,3,3,6,3,7,1,5,2,1,0,0,1,1,0,0,0,0,1,0,0,0,1,0,1,4,2,2,1,45,1,4,1,60,1,2,1
9840,4.0,2.0,2.0,1.0,4.0,2.0,2.0,2.0,4.0,4.0,2.0,5.0,2.0,2.0,3.0,1.0,2.0,4.0,4.0,1.0,6,7,6,5,6,2,6,5,6,2,1,1,0,1,1,0,0,0,0,1,0,0,1,1,0,1,3,2,1,1,45,1,6,1,60,1,3,2
9841,4.0,4.0,5.0,4.0,2.0,5.0,2.0,1.0,5.0,5.0,1.0,5.0,1.0,4.0,1.0,5.0,3.0,1.0,4.0,2.0,5,1,7,6,5,5,5,1,3,2,1,1,0,1,1,0,0,0,0,1,0,0,0,1,1,1,4,2,2,1,27,1,1,1,60,1,1,3
9842,2.0,2.0,3.0,5.0,1.0,4.0,1.0,1.0,5.0,4.0,4.0,1.0,1.0,5.0,2.0,4.0,2.0,2.0,4.0,1.0,5,2,5,3,6,2,7,1,6,2,1,1,1,1,1,0,1,1,0,1,1,0,1,1,1,1,4,3,2,1,46,1,12,1,60,1,1,3
9843,2.0,4.0,2.0,4.0,2.0,2.0,2.0,4.0,5.0,3.0,1.0,3.0,1.0,3.0,1.0,1.0,3.0,4.0,5.0,1.0,3,5,4,6,5,5,7,7,3,2,1,1,1,1,1,0,0,0,0,1,0,0,1,1,1,1,3,1,2,1,47,2,1,1,60,1,2,2
9844,4.0,4.0,4.0,1.0,4.0,2.0,2.0,4.0,4.0,3.0,2.0,5.0,4.0,2.0,4.0,4.0,1.0,4.0,5.0,1.0,1,5,6,5,4,7,6,2,5,5,1,1,1,1,1,0,1,1,0,1,1,0,1,1,1,1,4,2,2,1,36,1,6,1,60,1,2,1
9845,2.0,4.0,2.0,4.0,1.0,1.0,1.0,1.0,5.0,4.0,1.0,2.0,2.0,4.0,4.0,2.0,2.0,2.0,5.0,1.0,7,3,5,1,5,3,7,5,3,3,1,1,0,1,1,0,0,0,0,1,0,0,1,1,1,1,2,2,1,1,19,1,6,1,60,1,1,3
9846,1.0,1.0,5.0,3.0,1.0,2.0,1.0,2.0,5.0,4.0,3.0,1.0,2.0,3.0,2.0,5.0,1.0,2.0,5.0,2.0,6,3,7,2,7,1,7,1,7,1,1,1,1,1,1,0,1,1,0,1,0,1,1,1,1,1,4,2,2,1,59,1,12,1,60,1,2,5
9847,1.0,3.0,4.0,4.0,1.0,2.0,4.0,2.0,5.0,5.0,3.0,2.0,5.0,2.0,2.0,4.0,2.0,2.0,1.0,3.0,2,4,6,4,3,6,7,3,4,2,1,1,1,0,1,0,1,0,0,1,0,0,1,1,1,1,3,1,1,1,27,1,6,1,60,1,1,1
9848,1.0,4.0,1.0,1.0,2.0,1.0,1.0,2.0,5.0,2.0,1.0,2.0,1.0,4.0,5.0,2.0,5.0,1.0,5.0,1.0,2,1,7,7,5,3,5,1,5,6,1,1,0,1,1,0,0,0,0,1,0,0,1,1,1,1,0,2,2,1,50,1,6,1,60,1,2,5
9849,5.0,5.0,4.0,4.0,5.0,1.0,1.0,4.0,4.0,1.0,1.0,4.0,5.0,5.0,4.0,1.0,2.0,2.0,4.0,1.0,6,1,7,2,7,5,6,2,6,1,1,1,1,1,1,0,0,0,0,1,0,0,1,1,1,1,4,2,2,1,49,1,1,1,60,1,2,1
9850,1.0,4.0,1.0,4.0,2.0,4.0,1.0,2.0,5.0,5.0,1.0,5.0,4.0,1.0,1.0,5.0,1.0,4.0,5.0,1.0,7,2,7,1,7,1,7,1,7,1,1,1,0,1,1,0,0,1,0,1,0,0,1,1,1,1,3,3,2,1,49,1,6,1,60,1,3,2
9851,1.0,2.0,5.0,3.0,4.0,4.0,2.0,1.0,5.0,4.0,3.0,3.0,1.0,4.0,3.0,5.0,2.0,4.0,1.0,1.0,5,2,6,5,6,5,7,2,6,5,1,1,1,1,1,0,1,1,0,1,1,0,1,1,1,1,3,3,2,1,65,1,7,1,60,1,2,7
9852,1.0,1.0,3.0,2.0,1.0,5.0,5.0,3.0,5.0,4.0,1.0,5.0,5.0,1.0,1.0,4.0,1.0,2.0,1.0,2.0,5,7,2,5,7,5,1,7,5,2,1,1,1,1,1,0,0,0,0,1,0,1,1,1,1,1,3,1,2,1,22,1,6,1,60,1,1,10
9853,4.0,4.0,4.0,2.0,4.0,1.0,1.0,4.0,5.0,2.0,1.0,5.0,4.0,2.0,1.0,1.0,1.0,4.0,5.0,4.0,6,6,6,3,6,5,3,3,5,2,1,1,0,1,1,0,0,1,0,1,0,0,1,1,1,1,3,3,1,1,49,1,2,1,60,1,2,1
9854,5.0,5.0,1.0,1.0,5.0,1.0,1.0,5.0,3.0,2.0,1.0,5.0,5.0,2.0,2.0,1.0,1.0,5.0,5.0,3.0,6,6,5,1,5,2,5,5,7,5,1,1,0,1,1,0,0,0,0,1,0,0,1,1,1,1,3,2,2,1,35,1,12,2,60,1,2,4
9855,4.0,4.0,1.0,2.0,5.0,1.0,1.0,5.0,3.0,2.0,1.0,4.0,5.0,2.0,4.0,1.0,1.0,4.0,5.0,4.0,5,5,6,1,7,5,4,5,3,2,1,1,1,1,1,0,0,1,0,1,0,0,1,1,1,1,2,2,1,1,35,2,1,1,60,2,2,1
9856,4.0,5.0,1.0,1.0,4.0,1.0,1.0,4.0,1.0,2.0,1.0,4.0,4.0,1.0,4.0,1.0,1.0,5.0,5.0,3.0,2,6,6,1,7,6,3,3,3,1,1,1,1,1,1,0,1,0,0,1,0,1,1,1,1,1,2,2,2,1,56,3,1,4,60,1,3,3
9857,3.0,3.0,3.0,5.0,4.0,1.0,1.0,1.0,5.0,4.0,2.0,1.0,4.0,5.0,3.0,1.0,1.0,4.0,5.0,1.0,3,2,5,2,7,5,6,4,7,5,1,1,0,1,1,0,0,0,0,1,0,0,1,1,1,1,4,1,1,1,32,1,1,1,60,1,1,3
9858,4.0,5.0,2.0,2.0,4.0,2.0,1.0,4.0,3.0,4.0,2.0,4.0,5.0,2.0,4.0,2.0,1.0,4.0,5.0,1.0,2,6,2,7,2,6,7,5,3,2,1,1,1,1,1,0,0,0,0,1,0,0,1,1,1,1,3,2,2,1,28,1,1,1,60,1,2,1
9859,2.0,1.0,4.0,1.0,4.0,4.0,4.0,2.0,5.0,2.0,2.0,5.0,4.0,2.0,4.0,5.0,1.0,1.0,5.0,4.0,5,4,7,2,6,5,5,1,7,3,1,1,1,1,1,0,1,1,0,1,0,0,1,1,1,1,3,2,2,1,49,1,4,1,60,1,1,2
9860,4.0,1.0,1.0,4.0,4.0,1.0,1.0,1.0,4.0,4.0,1.0,4.0,1.0,1.0,2.0,5.0,1.0,2.0,5.0,1.0,6,5,7,6,7,1,7,3,2,2,1,1,1,1,1,1,0,1,0,1,0,1,1,1,1,1,3,1,2,1,41,1,2,1,60,1,3,3
9861,2.0,1.0,2.0,4.0,2.0,5.0,4.0,2.0,5.0,3.0,1.0,5.0,2.0,4.0,1.0,2.0,2.0,1.0,3.0,1.0,2,1,5,2,7,6,6,6,3,5,1,0,0,0,1,0,0,1,0,1,0,0,0,1,1,1,3,3,1,1,28,2,6,1,60,2,1,2
9862,4.0,4.0,1.0,5.0,4.0,1.0,1.0,5.0,5.0,1.0,1.0,5.0,1.0,1.0,4.0,1.0,4.0,5.0,5.0,4.0,5,5,3,6,7,5,6,2,1,1,1,1,0,1,1,0,0,0,0,1,0,0,1,1,1,1,4,1,2,1,37,1,7,1,70,1,2,3
9863,2.0,4.0,2.0,4.0,2.0,4.0,2.0,2.0,5.0,5.0,2.0,4.0,2.0,3.0,4.0,2.0,2.0,5.0,5.0,4.0,7,1,6,6,3,3,7,5,4,3,0,0,0,0,0,1,1,0,1,0,0,0,0,0,0,0,4,2,1,1,50,1,4,1,60,1,2,2
9864,3.0,3.0,2.0,2.0,1.0,4.0,3.0,4.0,5.0,4.0,2.0,4.0,2.0,3.0,5.0,4.0,2.0,3.0,5.0,1.0,6,5,7,5,5,4,6,3,3,3,0,1,1,1,1,1,1,0,0,1,0,0,1,1,1,1,4,1,2,1,34,1,7,1,0,2,2,2
9865,2.0,5.0,2.0,4.0,1.0,1.0,1.0,4.0,4.0,4.0,1.0,2.0,1.0,4.0,2.0,5.0,2.0,4.0,4.0,1.0,5,2,5,4,5,7,7,1,5,2,1,0,0,1,1,0,0,0,0,1,0,0,0,0,1,1,2,2,2,1,18,1,4,1,60,1,1,3
9866,2.0,4.0,5.0,5.0,4.0,1.0,1.0,4.0,4.0,2.0,1.0,4.0,4.0,4.0,4.0,4.0,2.0,4.0,5.0,1.0,7,5,2,7,5,1,6,6,2,2,1,1,1,1,1,0,1,0,0,1,1,1,1,1,1,1,3,3,2,1,27,1,6,3,60,1,1,2
9867,5.0,1.0,1.0,4.0,4.0,2.0,2.0,4.0,4.0,5.0,1.0,5.0,1.0,2.0,3.0,4.0,2.0,4.0,5.0,1.0,6,6,5,1,7,2,5,2,6,1,1,1,1,1,1,0,1,0,0,1,1,0,1,1,1,1,4,3,1,1,56,1,1,3,60,2,1,4
9868,5.0,4.0,2.0,3.0,5.0,1.0,1.0,4.0,3.0,2.0,1.0,4.0,5.0,3.0,3.0,1.0,3.0,5.0,5.0,1.0,1,5,5,7,5,7,3,4,1,1,1,1,0,1,1,0,1,1,0,1,0,0,1,1,1,1,3,3,1,1,30,1,7,2,60,2,1,2
9869,2.0,4.0,2.0,5.0,3.0,5.0,4.0,2.0,5.0,5.0,1.0,1.0,1.0,4.0,4.0,5.0,4.0,5.0,1.0,1.0,1,6,5,6,5,7,5,2,2,2,1,1,0,1,1,0,0,0,0,1,0,0,1,1,1,1,3,2,2,1,26,1,5,1,60,1,1,2
9870,5.0,2.0,5.0,3.0,4.0,1.0,1.0,5.0,3.0,1.0,4.0,5.0,4.0,2.0,4.0,2.0,1.0,5.0,5.0,5.0,7,5,7,2,7,4,5,1,6,3,1,1,1,1,1,0,1,0,0,1,0,1,1,1,1,1,3,2,2,1,54,1,4,1,60,2,3,1
9871,2.0,2.0,2.0,4.0,4.0,4.0,1.0,2.0,4.0,4.0,2.0,5.0,4.0,1.0,4.0,1.0,1.0,5.0,5.0,4.0,2,6,6,6,6,3,6,2,3,2,1,1,1,1,1,0,0,0,0,1,0,0,1,1,1,1,3,3,2,1,27,1,2,4,60,1,1,3
9872,1.0,2.0,2.0,1.0,4.0,2.0,2.0,4.0,4.0,5.0,2.0,4.0,5.0,2.0,2.0,5.0,2.0,3.0,5.0,1.0,2,2,3,2,6,7,7,6,3,1,1,1,1,1,1,1,0,1,1,1,1,1,1,1,1,1,3,1,1,1,30,1,7,1,60,2,1,2
9873,2.0,3.0,2.0,3.0,2.0,2.0,4.0,2.0,3.0,5.0,1.0,2.0,2.0,2.0,4.0,1.0,3.0,2.0,4.0,3.0,2,5,6,3,5,6,5,3,5,3,1,1,0,1,1,0,0,0,0,1,0,0,1,1,1,1,3,2,2,1,23,1,7,1,60,1,1,3
9874,4.0,4.0,5.0,2.0,5.0,3.0,2.0,4.0,5.0,2.0,1.0,4.0,1.0,1.0,4.0,2.0,5.0,5.0,5.0,3.0,4,4,7,3,6,5,5,1,3,3,1,1,0,1,1,0,1,1,0,1,0,1,1,1,1,1,3,2,2,1,48,1,4,1,60,1,2,2
9875,1.0,5.0,2.0,3.0,4.0,4.0,4.0,2.0,5.0,5.0,1.0,2.0,5.0,1.0,1.0,5.0,4.0,5.0,5.0,5.0,2,5,6,7,6,5,7,2,2,1,1,1,1,1,1,1,0,1,0,1,0,0,1,1,1,1,2,2,2,1,33,1,1,2,60,2,2,0
9876,1.0,1.0,5.0,4.0,1.0,2.0,2.0,4.0,5.0,4.0,1.0,4.0,1.0,1.0,5.0,5.0,3.0,3.0,4.0,1.0,7,1,5,5,7,1,7,5,5,1,1,1,0,1,1,0,0,0,0,1,0,0,1,1,1,1,3,1,2,1,36,1,6,1,60,0,3,2
9877,5.0,2.0,2.0,4.0,1.0,1.0,1.0,2.0,4.0,4.0,2.0,5.0,4.0,2.0,4.0,2.0,1.0,2.0,4.0,1.0,2,3,6,1,5,5,5,1,6,3,1,1,0,1,1,1,0,0,0,1,0,1,1,1,1,1,3,2,1,1,35,1,6,1,60,1,1,2
9878,1.0,2.0,1.0,5.0,1.0,1.0,1.0,1.0,5.0,4.0,2.0,2.0,1.0,2.0,4.0,1.0,5.0,2.0,5.0,1.0,5,2,7,3,7,6,6,2,7,1,1,1,1,1,1,0,1,1,0,1,0,0,1,1,1,1,4,2,2,1,36,1,1,1,60,1,2,2
9879,4.0,5.0,2.0,1.0,5.0,2.0,1.0,2.0,5.0,2.0,1.0,5.0,1.0,1.0,4.0,1.0,5.0,5.0,5.0,5.0,1,7,7,5,5,6,4,2,2,3,1,1,0,1,1,0,1,0,0,1,0,0,1,1,1,1,4,3,1,1,59,1,2,1,10,1,3,3
9880,1.0,1.0,4.0,4.0,1.0,1.0,2.0,1.0,5.0,5.0,4.0,2.0,1.0,4.0,1.0,1.0,2.0,1.0,5.0,1.0,1,6,5,5,2,5,5,1,5,1,1,1,1,1,1,0,0,1,0,1,0,0,1,1,1,1,3,2,2,1,70,2,1,3,60,1,2,0
9881,2.0,2.0,4.0,5.0,4.0,2.0,2.0,1.0,2.0,4.0,2.0,4.0,1.0,4.0,4.0,4.0,2.0,2.0,5.0,1.0,7,5,7,2,7,1,6,1,7,2,1,1,0,1,1,1,0,1,0,1,0,0,1,1,1,1,3,2,2,1,22,1,2,1,60,1,1,3
9882,1.0,2.0,1.0,4.0,1.0,4.0,2.0,2.0,5.0,5.0,3.0,4.0,2.0,4.0,4.0,4.0,3.0,2.0,5.0,1.0,3,5,6,1,7,6,6,2,7,5,1,1,0,1,1,0,0,0,0,1,0,0,1,1,1,1,3,2,1,1,24,1,2,1,60,1,1,2
9883,3.0,4.0,1.0,5.0,1.0,1.0,1.0,2.0,3.0,2.0,1.0,4.0,1.0,4.0,3.0,4.0,1.0,1.0,5.0,3.0,3,2,6,2,7,6,5,3,5,1,1,1,0,1,1,0,0,0,0,1,0,0,1,1,1,1,4,2,1,1,50,1,2,1,60,1,2,3
9884,5.0,5.0,3.0,2.0,4.0,2.0,2.0,4.0,5.0,3.0,1.0,5.0,1.0,2.0,5.0,5.0,1.0,5.0,5.0,1.0,1,6,7,5,5,6,5,1,3,3,1,1,1,1,1,0,0,1,0,1,1,0,1,1,1,1,3,1,2,1,37,2,4,1,60,2,2,2
9885,5.0,4.0,1.0,4.0,2.0,1.0,1.0,1.0,4.0,1.0,1.0,5.0,4.0,1.0,5.0,1.0,1.0,5.0,5.0,1.0,6,3,6,6,6,3,6,4,6,6,1,1,1,1,1,0,1,0,0,1,1,0,1,1,1,1,3,3,2,1,71,1,6,1,60,1,2,4
9886,2.0,5.0,1.0,4.0,3.0,2.0,1.0,2.0,3.0,3.0,1.0,2.0,4.0,2.0,5.0,4.0,1.0,4.0,5.0,2.0,3,4,6,7,7,3,6,7,3,2,1,1,1,1,1,0,0,1,0,1,0,1,1,1,1,1,2,2,1,1,19,1,1,1,60,1,1,2
9887,4.0,4.0,2.0,2.0,1.0,2.0,2.0,2.0,5.0,2.0,1.0,3.0,5.0,2.0,4.0,2.0,2.0,2.0,2.0,2.0,2,3,5,5,7,6,6,5,5,2,1,1,1,1,1,0,1,1,0,1,0,1,1,1,1,1,2,1,1,1,43,1,7,1,60,2,2,5
9888,4.0,4.0,3.0,4.0,2.0,1.0,1.0,1.0,1.0,4.0,3.0,1.0,2.0,2.0,2.0,2.0,2.0,4.0,5.0,3.0,4,5,6,2,5,6,4,2,4,2,1,1,1,1,1,0,0,0,0,1,0,0,1,1,1,1,4,1,2,1,66,1,6,1,60,1,3,4
9889,2.0,1.0,1.0,4.0,4.0,1.0,1.0,4.0,5.0,5.0,1.0,5.0,2.0,1.0,1.0,1.0,5.0,5.0,5.0,4.0,1,6,7,6,5,7,6,5,7,6,1,1,0,1,1,0,0,1,0,1,0,0,1,1,1,1,4,3,1,1,68,1,2,1,60,2,2,2
9890,5.0,1.0,1.0,5.0,5.0,1.0,1.0,1.0,5.0,5.0,1.0,4.0,1.0,4.0,5.0,1.0,1.0,5.0,5.0,3.0,7,4,7,7,6,1,4,1,1,1,1,1,1,1,1,1,0,0,0,1,0,0,1,1,1,1,3,2,1,1,51,1,7,1,60,1,2,4
9891,1.0,2.0,2.0,5.0,1.0,2.0,2.0,1.0,5.0,5.0,2.0,1.0,1.0,3.0,2.0,4.0,5.0,2.0,1.0,2.0,2,5,5,3,4,6,6,5,3,2,1,1,1,1,1,0,1,0,0,1,1,0,1,1,1,1,4,1,1,1,65,1,4,1,60,2,2,4
9892,2.0,2.0,1.0,4.0,1.0,2.0,2.0,1.0,5.0,1.0,1.0,2.0,1.0,2.0,4.0,2.0,5.0,4.0,5.0,4.0,7,5,6,5,6,2,5,2,2,4,1,1,1,1,1,0,1,0,0,1,1,0,1,1,1,1,3,2,1,1,76,1,1,1,60,1,2,2
9893,1.0,2.0,2.0,2.0,3.0,2.0,1.0,1.0,4.0,3.0,2.0,5.0,2.0,2.0,3.0,1.0,2.0,4.0,4.0,3.0,5,6,3,5,5,5,5,3,4,2,1,1,0,1,1,1,0,1,0,1,0,0,1,1,1,1,3,3,2,1,22,1,1,1,70,2,1,2
9894,2.0,2.0,4.0,5.0,3.0,2.0,4.0,4.0,5.0,5.0,4.0,1.0,4.0,3.0,4.0,5.0,4.0,2.0,5.0,2.0,6,3,3,6,6,5,7,5,3,1,1,1,1,1,1,0,0,1,0,1,0,0,1,1,1,1,3,2,1,1,22,1,1,1,60,1,1,1
9895,3.0,4.0,3.0,4.0,4.0,4.0,2.0,4.0,5.0,4.0,2.0,3.0,5.0,4.0,4.0,2.0,2.0,3.0,5.0,5.0,4,2,6,3,4,1,5,4,4,4,1,0,0,0,1,0,0,0,0,0,0,0,0,0,0,1,2,3,1,1,37,2,1,1,30,1,2,1
9896,3.0,4.0,1.0,2.0,2.0,1.0,2.0,3.0,3.0,3.0,1.0,4.0,4.0,1.0,4.0,1.0,2.0,4.0,5.0,5.0,1,2,6,2,5,7,1,1,7,5,1,1,0,1,1,0,0,0,0,1,0,0,0,1,1,1,2,2,2,1,19,1,2,4,10,1,1,1
9897,1.0,4.0,2.0,4.0,1.0,1.0,1.0,1.0,5.0,2.0,1.0,2.0,2.0,2.0,3.0,4.0,2.0,4.0,5.0,1.0,5,2,7,2,5,6,6,2,7,3,1,1,1,1,1,0,1,1,0,1,0,1,1,1,1,1,3,3,2,1,31,1,7,1,60,1,1,2
9898,3.0,3.0,4.0,4.0,5.0,2.0,3.0,4.0,4.0,4.0,2.0,4.0,1.0,2.0,4.0,4.0,2.0,4.0,4.0,1.0,2,5,6,5,6,6,5,3,5,4,1,1,1,1,1,0,0,0,0,1,0,0,1,1,1,1,4,3,2,1,36,1,10,1,10,1,2,2
9899,2.0,4.0,3.0,4.0,4.0,4.0,2.0,4.0,5.0,4.0,2.0,2.0,3.0,5.0,4.0,2.0,1.0,2.0,3.0,1.0,7,1,5,2,3,3,6,2,5,4,0,0,1,0,0,1,1,1,1,0,1,1,1,0,0,0,3,2,2,1,29,1,7,1,60,1,2,2
9900,4.0,2.0,2.0,2.0,3.0,2.0,1.0,4.0,2.0,4.0,1.0,5.0,4.0,3.0,2.0,2.0,2.0,5.0,3.0,1.0,5,3,5,3,5,5,5,3,5,3,1,1,1,1,1,0,0,0,1,1,1,1,0,1,1,1,2,3,2,1,21,3,4,1,60,1,1,2
9901,1.0,2.0,4.0,5.0,2.0,4.0,2.0,2.0,5.0,5.0,4.0,2.0,2.0,4.0,4.0,4.0,4.0,2.0,5.0,2.0,3,1,6,5,3,3,7,2,5,3,1,1,1,1,1,0,0,0,0,1,0,0,0,1,1,1,3,2,2,1,54,1,7,1,60,2,2,5
9902,5.0,5.0,1.0,2.0,5.0,1.0,1.0,4.0,1.0,2.0,1.0,4.0,5.0,4.0,5.0,2.0,1.0,5.0,5.0,2.0,1,7,6,7,6,6,5,1,1,2,1,1,0,1,1,0,0,1,0,1,0,0,1,1,1,1,2,2,2,1,20,1,2,2,60,1,1,1
9903,2.0,4.0,1.0,1.0,5.0,2.0,1.0,4.0,5.0,2.0,1.0,5.0,5.0,1.0,5.0,1.0,1.0,4.0,5.0,1.0,5,2,6,1,7,6,2,5,6,2,1,1,0,1,1,1,1,1,0,1,0,1,1,1,1,1,2,3,1,1,21,1,1,2,60,1,1,4
9904,1.0,1.0,4.0,5.0,1.0,5.0,5.0,1.0,5.0,5.0,3.0,1.0,1.0,4.0,1.0,5.0,5.0,2.0,5.0,1.0,7,1,6,2,7,1,6,5,6,2,1,1,1,1,1,1,1,1,0,1,1,0,1,1,1,1,4,3,2,1,46,1,6,5,70,2,2,3
9905,5.0,5.0,3.0,4.0,5.0,2.0,1.0,4.0,5.0,4.0,2.0,5.0,2.0,1.0,2.0,4.0,1.0,1.0,4.0,1.0,1,2,6,7,6,7,5,2,6,2,1,1,1,1,1,0,1,1,0,1,0,0,1,1,1,1,3,3,2,1,34,1,6,1,60,2,2,3
9906,1.0,2.0,4.0,5.0,4.0,3.0,4.0,5.0,5.0,5.0,2.0,3.0,1.0,4.0,2.0,4.0,5.0,2.0,4.0,1.0,1,6,6,7,7,7,4,5,3,2,1,1,1,1,1,0,1,1,0,1,1,0,1,1,1,1,4,2,2,1,42,3,6,2,60,2,2,3
9907,5.0,1.0,1.0,1.0,5.0,1.0,5.0,1.0,4.0,5.0,1.0,5.0,1.0,1.0,1.0,1.0,1.0,5.0,5.0,1.0,1,3,7,1,7,2,7,1,7,1,1,1,1,1,1,0,0,0,0,1,0,0,1,1,1,1,2,3,2,1,50,1,1,1,30,2,3,9
9908,3.0,1.0,3.0,4.0,2.0,2.0,1.0,1.0,5.0,5.0,1.0,2.0,5.0,3.0,1.0,5.0,2.0,1.0,5.0,2.0,2,3,6,7,5,7,4,1,7,3,1,1,0,1,1,0,0,0,0,1,1,0,1,1,0,1,2,3,2,1,35,2,4,1,70,1,1,4
9909,4.0,2.0,1.0,2.0,4.0,2.0,2.0,4.0,5.0,2.0,1.0,4.0,4.0,2.0,1.0,1.0,1.0,4.0,5.0,2.0,6,5,5,3,5,1,6,5,3,2,1,1,1,1,1,1,0,0,1,1,0,0,1,1,1,1,3,1,2,1,49,1,1,1,60,2,1,4
9910,2.0,2.0,4.0,4.0,2.0,4.0,1.0,2.0,5.0,5.0,4.0,2.0,2.0,4.0,4.0,4.0,2.0,2.0,5.0,3.0,0,0,6,0,0,0,0,0,0,0,1,1,1,1,1,0,0,0,0,1,1,0,1,1,1,1,4,3,2,1,64,1,4,1,60,1,2,3
9911,1.0,2.0,2.0,4.0,1.0,3.0,2.0,2.0,5.0,5.0,5.0,4.0,2.0,2.0,4.0,2.0,5.0,1.0,4.0,1.0,1,2,6,5,3,7,5,5,6,3,1,1,0,1,1,0,0,0,0,1,0,0,1,1,1,1,3,2,2,1,46,2,12,1,60,1,3,6
9912,1.0,1.0,2.0,1.0,4.0,5.0,5.0,5.0,5.0,5.0,1.0,5.0,4.0,1.0,1.0,3.0,1.0,4.0,4.0,1.0,3,6,7,4,6,7,4,3,3,1,1,1,1,1,1,1,1,0,0,1,0,0,1,1,1,1,3,1,1,1,48,1,12,1,70,1,2,3
9913,2.0,1.0,4.0,4.0,4.0,1.0,4.0,5.0,5.0,5.0,1.0,5.0,1.0,5.0,1.0,1.0,5.0,4.0,4.0,2.0,6,5,5,7,6,5,7,6,1,1,1,1,0,1,1,0,0,0,0,1,0,0,1,1,1,1,3,2,2,1,36,1,7,1,60,1,2,0
9914,3.0,2.0,5.0,3.0,4.0,4.0,5.0,3.0,5.0,5.0,5.0,1.0,1.0,3.0,1.0,4.0,1.0,3.0,1.0,2.0,4,3,5,3,7,6,5,3,4,1,1,0,0,1,0,0,0,0,0,1,0,0,0,0,1,1,2,3,1,2,18,3,4,0,70,2,1,8
9915,2.0,4.0,3.0,2.0,4.0,4.0,2.0,2.0,3.0,2.0,2.0,2.0,2.0,2.0,4.0,2.0,5.0,3.0,4.0,4.0,2,5,6,3,5,5,4,3,3,5,1,1,0,1,1,0,0,0,0,1,0,0,1,1,1,1,4,3,1,1,27,2,2,1,60,2,1,2
9916,4.0,3.0,4.0,4.0,3.0,1.0,1.0,2.0,5.0,2.0,2.0,4.0,4.0,2.0,4.0,1.0,2.0,5.0,5.0,2.0,6,4,5,6,6,2,7,7,1,1,1,1,1,1,1,1,0,0,1,1,1,0,1,1,1,1,2,2,1,1,18,1,2,3,60,1,1,2
9917,5.0,5.0,1.0,3.0,4.0,1.0,1.0,2.0,4.0,3.0,1.0,5.0,4.0,2.0,2.0,3.0,1.0,3.0,3.0,3.0,2,4,7,1,6,6,1,2,6,1,1,1,0,1,1,0,0,1,0,1,0,0,1,1,1,1,3,2,1,1,24,1,2,1,60,1,1,2
9918,4.0,4.0,2.0,1.0,4.0,2.0,1.0,4.0,3.0,3.0,2.0,4.0,4.0,3.0,3.0,2.0,3.0,4.0,4.0,2.0,6,6,6,3,6,3,4,2,6,2,1,1,0,1,1,0,0,0,0,1,0,0,0,1,1,1,3,2,1,2,21,1,8,1,10,2,1,2
9919,5.0,5.0,1.0,1.0,5.0,1.0,5.0,5.0,2.0,4.0,1.0,5.0,5.0,1.0,5.0,1.0,1.0,5.0,5.0,5.0,3,6,3,7,5,7,0,1,3,4,1,0,0,1,1,1,0,0,0,1,0,1,1,1,1,1,4,1,2,2,28,1,6,1,40,1,1,4
9920,5.0,5.0,1.0,1.0,5.0,1.0,1.0,2.0,4.0,1.0,1.0,5.0,4.0,1.0,4.0,1.0,1.0,3.0,5.0,3.0,3,7,1,7,7,7,5,7,1,2,1,1,1,1,1,0,0,0,0,1,0,0,1,1,1,1,3,3,2,1,25,1,7,2,30,2,3,3
9921,4.0,5.0,2.0,3.0,5.0,1.0,1.0,4.0,3.0,2.0,2.0,5.0,5.0,1.0,4.0,1.0,1.0,4.0,5.0,3.0,5,6,3,1,7,5,1,5,3,1,1,1,0,1,1,0,0,1,0,1,1,0,1,1,1,1,3,1,1,1,21,1,2,3,60,1,1,2
9922,1.0,3.0,1.0,1.0,4.0,5.0,5.0,4.0,5.0,3.0,1.0,1.0,1.0,1.0,1.0,1.0,2.0,4.0,5.0,2.0,6,7,1,5,7,5,6,5,3,1,1,1,1,1,1,0,0,1,0,1,0,0,1,1,1,1,3,2,1,2,23,1,2,3,60,1,1,2
9923,2.0,4.0,5.0,5.0,4.0,4.0,3.0,4.0,5.0,5.0,1.0,2.0,4.0,5.0,3.0,4.0,1.0,4.0,1.0,2.0,6,6,6,5,6,3,6,1,5,3,1,0,0,1,1,1,0,0,0,1,0,0,1,1,1,1,3,3,1,2,26,1,6,1,10,1,1,3
9924,3.0,5.0,1.0,1.0,5.0,1.0,1.0,5.0,1.0,3.0,1.0,5.0,5.0,1.0,5.0,1.0,1.0,5.0,5.0,5.0,7,6,7,7,7,7,4,4,6,1,1,1,0,1,1,0,0,0,0,1,1,0,0,1,1,1,2,2,1,1,23,1,2,1,30,2,1,5
9925,5.0,4.0,2.0,1.0,5.0,2.0,3.0,3.0,2.0,1.0,2.0,4.0,5.0,1.0,4.0,1.0,3.0,3.0,5.0,1.0,1,5,4,5,6,6,6,4,4,5,0,1,1,1,1,0,0,1,0,1,0,0,1,1,1,1,3,3,2,2,21,1,1,2,70,1,1,1
9926,5.0,5.0,1.0,2.0,5.0,1.0,1.0,4.0,4.0,2.0,1.0,4.0,5.0,1.0,5.0,1.0,1.0,5.0,5.0,2.0,1,6,3,6,5,7,2,5,2,4,1,1,1,1,1,0,0,1,0,1,0,0,1,1,1,1,3,1,1,1,24,1,7,1,60,2,1,5
9927,1.0,1.0,5.0,3.0,5.0,1.0,1.0,1.0,5.0,5.0,3.0,5.0,1.0,3.0,1.0,5.0,4.0,3.0,5.0,3.0,1,4,6,6,4,6,6,1,6,4,1,1,0,1,1,0,1,0,0,1,0,0,1,1,1,1,3,2,1,2,34,1,2,1,70,2,1,2
9928,1.0,1.0,2.0,1.0,1.0,2.0,2.0,1.0,5.0,3.0,1.0,4.0,1.0,2.0,3.0,1.0,2.0,1.0,5.0,1.0,2,5,6,6,6,3,7,5,3,1,1,1,0,1,1,0,0,0,0,1,0,0,1,1,1,1,3,1,2,1,22,3,7,2,60,1,1,1
9929,1.0,4.0,4.0,4.0,5.0,2.0,2.0,2.0,5.0,4.0,2.0,4.0,2.0,1.0,2.0,2.0,1.0,4.0,5.0,2.0,2,2,7,1,6,7,3,1,5,3,1,1,0,1,1,0,0,1,0,1,0,0,1,1,1,1,3,1,3,1,56,3,1,1,60,2,2,1
9930,5.0,4.0,1.0,2.0,4.0,2.0,1.0,5.0,3.0,2.0,2.0,5.0,2.0,1.0,5.0,4.0,1.0,4.0,5.0,3.0,2,5,6,5,6,7,5,3,4,1,0,1,0,1,1,0,0,0,0,1,0,0,0,1,0,1,3,3,1,2,33,1,3,1,10,2,1,2
9931,5.0,3.0,5.0,5.0,4.0,4.0,3.0,5.0,5.0,3.0,1.0,5.0,5.0,4.0,2.0,2.0,4.0,4.0,5.0,5.0,4,2,5,5,6,6,6,5,5,2,1,1,1,1,1,0,1,1,0,1,0,0,1,1,1,1,3,3,1,2,50,1,8,1,10,2,2,2
9932,2.0,5.0,2.0,4.0,3.0,3.0,2.0,4.0,2.0,2.0,1.0,5.0,2.0,3.0,5.0,1.0,4.0,5.0,5.0,2.0,3,5,5,6,5,5,4,1,3,1,1,1,0,1,1,0,1,0,0,1,0,0,1,0,1,1,4,2,2,2,33,1,6,1,60,1,1,2
9933,4.0,4.0,5.0,5.0,2.0,2.0,5.0,5.0,5.0,3.0,2.0,5.0,2.0,5.0,2.0,3.0,5.0,4.0,3.0,1.0,6,4,5,5,7,1,3,1,5,1,1,1,0,1,1,0,0,0,0,1,0,1,0,1,1,1,0,3,1,2,21,2,8,1,10,1,1,2
9934,5.0,1.0,5.0,3.0,5.0,5.0,5.0,1.0,5.0,5.0,3.0,3.0,1.0,3.0,1.0,3.0,1.0,1.0,1.0,2.0,5,5,7,3,7,7,4,1,4,1,1,1,1,1,0,0,0,1,0,1,0,0,0,0,1,1,2,3,1,2,18,3,4,5,70,2,1,8
9935,4.0,4.0,5.0,4.0,4.0,2.0,1.0,2.0,5.0,1.0,1.0,4.0,1.0,1.0,4.0,5.0,1.0,5.0,5.0,1.0,5,5,5,5,5,6,7,5,6,2,1,1,0,1,1,0,1,1,0,1,0,0,1,1,1,1,4,2,2,1,44,1,6,1,60,2,2,1
9936,2.0,3.0,2.0,1.0,3.0,1.0,1.0,2.0,3.0,3.0,1.0,4.0,3.0,3.0,4.0,2.0,1.0,3.0,5.0,3.0,3,7,5,7,4,3,5,1,1,2,1,1,1,1,1,0,1,1,0,1,0,0,1,1,1,1,2,2,2,2,20,1,2,2,60,1,1,2
9937,5.0,4.0,2.0,2.0,4.0,2.0,2.0,5.0,4.0,5.0,2.0,4.0,4.0,4.0,4.0,2.0,1.0,4.0,5.0,1.0,5,7,5,2,1,6,5,5,7,6,0,1,0,1,1,0,0,1,0,1,0,0,0,1,1,1,3,3,2,2,23,1,6,1,60,2,1,2
9938,5.0,5.0,1.0,1.0,5.0,1.0,1.0,5.0,1.0,1.0,1.0,5.0,5.0,1.0,5.0,1.0,1.0,5.0,5.0,5.0,2,2,2,6,6,7,4,3,2,4,1,1,0,1,1,1,0,1,0,1,1,0,1,1,1,1,3,2,1,2,32,1,2,1,60,1,1,3
9939,2.0,1.0,2.0,1.0,1.0,3.0,3.0,1.0,5.0,4.0,2.0,5.0,2.0,2.0,2.0,4.0,4.0,2.0,5.0,2.0,2,7,7,2,7,7,3,3,7,1,1,1,1,1,1,0,0,0,0,1,0,0,1,1,1,1,3,2,1,1,23,1,2,2,30,1,1,4
9940,3.0,4.0,1.0,4.0,4.0,1.0,1.0,5.0,2.0,4.0,2.0,5.0,4.0,2.0,4.0,1.0,1.0,5.0,5.0,4.0,2,6,5,3,5,7,5,3,6,5,0,1,0,1,1,0,0,0,0,1,0,0,1,1,1,1,3,1,1,2,38,1,2,1,60,2,1,2
9941,5.0,4.0,2.0,3.0,3.0,1.0,2.0,4.0,5.0,3.0,1.0,5.0,3.0,5.0,2.0,4.0,2.0,4.0,4.0,3.0,5,4,3,3,7,7,6,4,5,1,1,1,0,1,1,0,0,0,0,1,0,0,1,1,1,1,3,2,2,2,31,2,6,1,10,2,1,4
9942,4.0,4.0,2.0,1.0,5.0,2.0,1.0,4.0,3.0,4.0,3.0,5.0,5.0,1.0,4.0,1.0,2.0,5.0,5.0,3.0,2,6,7,5,7,6,4,5,3,1,1,1,1,1,1,0,1,1,0,1,0,1,1,1,1,1,2,1,2,2,23,1,4,1,60,1,1,2
9943,2.0,1.0,2.0,3.0,4.0,1.0,2.0,2.0,5.0,2.0,2.0,3.0,4.0,2.0,1.0,2.0,1.0,1.0,5.0,3.0,4,7,7,5,5,2,1,1,6,2,1,1,0,1,1,0,0,0,0,1,0,0,1,1,1,1,4,2,2,1,33,1,1,1,60,1,1,1
9944,2.0,4.0,1.0,1.0,4.0,2.0,1.0,4.0,2.0,1.0,1.0,5.0,4.0,2.0,4.0,4.0,1.0,4.0,5.0,1.0,1,7,7,5,5,6,1,3,7,1,1,1,1,1,1,0,0,1,0,1,1,0,1,1,1,1,2,3,2,1,17,1,2,2,60,2,1,1
9945,2.0,3.0,2.0,4.0,4.0,3.0,1.0,2.0,4.0,2.0,2.0,2.0,1.0,3.0,4.0,3.0,4.0,4.0,5.0,4.0,3,4,6,6,4,5,5,3,2,3,1,1,1,1,1,0,1,1,0,1,0,0,1,1,1,1,2,2,2,2,19,1,8,1,70,2,1,2
9946,5.0,4.0,1.0,5.0,5.0,1.0,1.0,5.0,1.0,1.0,1.0,5.0,4.0,2.0,5.0,5.0,4.0,4.0,5.0,1.0,2,5,6,7,7,3,6,1,2,1,1,1,0,1,1,0,0,0,0,1,0,0,0,0,1,1,3,1,1,1,38,1,4,1,60,1,2,3
9947,5.0,3.0,1.0,1.0,5.0,3.0,3.0,1.0,3.0,3.0,1.0,5.0,5.0,2.0,5.0,5.0,1.0,5.0,5.0,2.0,6,7,3,4,5,5,5,0,6,2,1,1,0,1,1,1,0,1,0,1,0,0,1,1,1,1,3,2,1,2,23,1,2,4,30,1,1,3
9948,4.0,1.0,5.0,3.0,5.0,5.0,2.0,2.0,5.0,4.0,1.0,5.0,2.0,2.0,3.0,4.0,4.0,4.0,5.0,4.0,2,5,7,3,2,6,6,2,5,5,1,1,1,1,1,0,1,0,0,1,0,0,1,1,1,1,4,2,2,1,42,1,4,1,30,1,2,3
9949,2.0,2.0,5.0,3.0,4.0,4.0,3.0,4.0,4.0,3.0,1.0,4.0,2.0,1.0,3.0,1.0,2.0,5.0,5.0,2.0,2,5,6,2,5,6,5,2,6,4,1,1,0,1,1,0,0,0,0,1,0,0,1,1,1,1,4,1,2,2,39,1,2,1,60,1,1,1
9950,4.0,4.0,1.0,1.0,4.0,1.0,1.0,5.0,1.0,2.0,1.0,5.0,1.0,1.0,4.0,1.0,1.0,4.0,5.0,1.0,3,6,7,7,5,6,3,1,3,2,1,1,1,1,1,0,0,0,0,1,0,0,1,1,1,1,2,3,2,1,19,1,2,1,60,2,1,2
9951,3.0,5.0,3.0,5.0,3.0,1.0,1.0,1.0,3.0,1.0,1.0,5.0,1.0,3.0,5.0,2.0,5.0,5.0,5.0,5.0,7,4,6,1,6,1,6,6,7,2,1,1,0,1,0,0,0,0,0,1,1,0,0,1,1,1,1,3,1,2,36,1,2,1,70,2,1,2
9952,1.0,2.0,5.0,4.0,3.0,2.0,2.0,4.0,5.0,4.0,1.0,1.0,1.0,1.0,2.0,4.0,4.0,1.0,4.0,1.0,7,1,7,3,5,3,7,1,6,2,1,1,1,1,1,1,0,0,0,1,0,0,1,1,1,1,4,2,2,1,44,1,6,1,60,1,2,2
9953,3.0,2.0,5.0,1.0,5.0,4.0,5.0,4.0,5.0,5.0,1.0,5.0,1.0,1.0,5.0,2.0,1.0,2.0,1.0,3.0,5,3,1,6,5,2,5,2,4,1,1,1,0,1,1,0,1,0,0,1,0,0,1,1,1,1,4,3,1,1,34,1,10,1,10,2,1,3
9954,4.0,1.0,4.0,3.0,4.0,2.0,2.0,1.0,5.0,4.0,1.0,4.0,1.0,1.0,3.0,2.0,2.0,5.0,5.0,1.0,6,1,6,6,5,3,7,5,3,5,1,0,0,1,1,0,0,0,0,1,0,0,1,1,1,1,3,3,2,2,35,1,2,2,10,2,2,2
9955,5.0,1.0,4.0,1.0,5.0,1.0,1.0,5.0,4.0,2.0,1.0,5.0,5.0,3.0,5.0,1.0,2.0,5.0,5.0,2.0,5,6,4,4,2,5,5,5,7,4,1,1,1,1,1,0,0,0,0,1,0,1,1,1,1,1,2,3,1,1,18,1,1,1,10,2,1,3
9956,1.0,4.0,5.0,1.0,5.0,4.0,1.0,4.0,4.0,4.0,1.0,1.0,1.0,1.0,2.0,1.0,1.0,4.0,5.0,1.0,6,4,1,7,7,2,7,7,2,2,1,0,0,1,1,0,0,0,0,1,0,0,0,0,0,0,2,3,2,2,21,1,2,1,60,1,1,1
9957,5.0,4.0,2.0,5.0,4.0,4.0,1.0,1.0,5.0,5.0,1.0,5.0,2.0,2.0,4.0,1.0,1.0,4.0,2.0,1.0,2,5,7,1,7,6,2,1,7,6,1,1,1,1,1,0,0,1,0,1,0,0,1,0,1,1,3,3,2,1,55,1,4,1,60,1,1,6
9958,5.0,3.0,2.0,4.0,2.0,2.0,1.0,4.0,4.0,1.0,1.0,4.0,3.0,2.0,5.0,5.0,2.0,3.0,5.0,3.0,2,7,4,5,5,6,4,6,2,6,1,1,0,1,1,0,0,1,0,1,0,0,1,1,1,1,2,2,1,1,19,1,2,1,60,1,1,2
9959,1.0,3.0,2.0,3.0,4.0,2.0,1.0,4.0,4.0,4.0,1.0,4.0,5.0,1.0,3.0,2.0,1.0,4.0,5.0,3.0,6,5,7,3,6,1,5,1,6,4,1,1,1,1,1,0,0,0,0,1,0,0,1,1,1,1,3,2,1,1,44,1,1,1,60,1,2,1
9960,1.0,2.0,4.0,3.0,3.0,4.0,5.0,4.0,5.0,5.0,3.0,2.0,2.0,2.0,2.0,5.0,2.0,5.0,4.0,4.0,1,3,6,2,5,7,6,2,6,7,1,1,0,1,1,0,0,0,0,1,0,0,0,1,1,1,3,1,2,1,32,2,4,1,60,2,3,2
9961,5.0,5.0,3.0,3.0,5.0,2.0,3.0,4.0,4.0,5.0,1.0,4.0,1.0,2.0,2.0,3.0,2.0,2.0,4.0,1.0,7,2,4,3,6,5,6,1,4,5,1,1,0,1,1,0,0,1,0,1,0,0,0,0,1,1,4,3,2,2,24,1,7,1,60,2,1,2
9962,5.0,5.0,2.0,3.0,3.0,5.0,4.0,4.0,5.0,4.0,3.0,2.0,4.0,5.0,3.0,4.0,2.0,3.0,1.0,1.0,5,3,5,7,5,5,6,5,4,5,1,1,0,1,1,0,0,0,0,1,0,0,0,0,1,1,4,3,2,2,23,1,12,1,10,1,1,5
9963,4.0,4.0,5.0,4.0,4.0,5.0,4.0,4.0,5.0,5.0,3.0,1.0,1.0,1.0,4.0,2.0,1.0,4.0,2.0,4.0,6,5,5,4,3,2,3,3,5,3,1,1,0,1,1,0,0,1,0,1,0,0,1,1,1,1,2,2,1,1,26,2,7,1,60,2,2,2
9964,5.0,4.0,5.0,1.0,5.0,1.0,1.0,5.0,1.0,1.0,1.0,5.0,5.0,3.0,4.0,1.0,1.0,4.0,5.0,4.0,6,6,5,3,7,1,4,2,6,2,1,1,1,1,1,1,0,1,0,1,0,0,1,1,1,1,3,1,1,1,32,3,4,3,60,1,2,3
9965,2.0,2.0,2.0,4.0,5.0,1.0,1.0,1.0,5.0,2.0,1.0,3.0,2.0,1.0,3.0,2.0,1.0,4.0,5.0,1.0,1,1,2,5,7,7,7,7,5,1,0,1,0,1,1,0,0,0,0,1,0,0,1,1,1,1,2,2,2,1,23,2,1,1,60,2,1,7
9966,1.0,1.0,5.0,4.0,2.0,2.0,2.0,1.0,5.0,4.0,1.0,2.0,1.0,2.0,3.0,4.0,3.0,1.0,4.0,1.0,5,3,2,2,6,5,7,2,5,2,1,1,0,1,1,0,0,0,0,1,0,0,0,0,1,1,3,1,2,2,36,2,4,1,0,1,1,2
9967,5.0,3.0,5.0,1.0,2.0,3.0,2.0,2.0,5.0,2.0,3.0,5.0,1.0,2.0,4.0,1.0,2.0,4.0,5.0,1.0,1,6,6,5,4,7,3,4,3,3,1,1,1,1,1,0,0,0,0,1,0,0,1,1,1,1,4,1,2,1,28,1,6,1,60,1,1,2
9968,4.0,4.0,2.0,2.0,3.0,1.0,1.0,4.0,4.0,4.0,1.0,5.0,5.0,2.0,4.0,1.0,1.0,5.0,5.0,1.0,1,7,6,7,6,7,5,5,3,3,1,1,0,1,1,0,0,0,0,1,0,0,1,1,1,1,3,2,2,1,40,1,0,0,60,1,1,3
9969,3.0,1.0,3.0,4.0,1.0,2.0,1.0,2.0,5.0,2.0,3.0,1.0,2.0,1.0,1.0,4.0,1.0,1.0,5.0,1.0,5,4,7,3,7,2,6,3,6,1,1,1,1,1,1,0,0,0,0,1,0,0,1,1,1,1,3,2,1,1,34,1,1,1,60,1,2,11
9970,4.0,5.0,2.0,1.0,5.0,1.0,1.0,5.0,2.0,2.0,1.0,5.0,2.0,1.0,2.0,1.0,1.0,2.0,5.0,2.0,1,6,7,7,5,7,5,1,3,1,1,1,1,1,1,0,0,1,0,1,0,0,1,1,1,1,3,1,2,1,38,1,7,1,60,2,1,2
9971,5.0,4.0,1.0,4.0,5.0,5.0,5.0,5.0,5.0,1.0,2.0,5.0,4.0,1.0,3.0,4.0,1.0,4.0,4.0,1.0,5,1,7,6,7,7,6,1,6,2,1,1,0,1,1,0,0,1,0,1,0,0,0,0,1,1,3,3,2,1,35,1,6,2,30,1,1,4
9972,2.0,3.0,5.0,4.0,4.0,4.0,2.0,1.0,5.0,5.0,1.0,5.0,1.0,2.0,2.0,2.0,1.0,4.0,4.0,1.0,2,3,6,6,5,6,5,2,3,5,1,1,1,1,1,1,1,1,0,1,1,0,1,1,1,1,2,3,2,1,64,1,1,1,60,2,2,1
9973,1.0,2.0,2.0,3.0,1.0,1.0,2.0,1.0,5.0,5.0,3.0,1.0,1.0,3.0,3.0,2.0,2.0,1.0,1.0,1.0,5,4,7,4,7,1,6,1,7,1,1,1,1,1,1,0,1,1,0,1,1,0,1,1,1,1,4,2,1,1,52,2,1,1,60,1,2,5
9974,5.0,5.0,1.0,1.0,5.0,1.0,1.0,3.0,1.0,1.0,1.0,5.0,5.0,1.0,5.0,1.0,1.0,5.0,5.0,1.0,1,7,7,4,7,5,2,5,7,7,1,1,0,1,1,0,1,0,0,1,0,0,1,1,1,1,3,1,1,1,20,3,1,1,70,1,1,1
9975,1.0,1.0,2.0,5.0,4.0,4.0,2.0,2.0,5.0,4.0,3.0,1.0,3.0,2.0,2.0,2.0,1.0,1.0,5.0,2.0,2,6,7,5,5,6,7,1,3,3,1,1,0,1,1,0,0,0,0,1,0,0,0,1,1,1,0,2,1,1,50,1,1,3,60,1,2,3
9976,2.0,2.0,4.0,5.0,4.0,2.0,1.0,2.0,4.0,2.0,1.0,5.0,1.0,1.0,5.0,1.0,1.0,2.0,5.0,1.0,6,6,7,5,6,2,7,2,2,2,1,1,1,1,1,1,1,0,1,1,1,0,1,1,1,1,4,2,2,1,41,1,7,1,60,1,3,2
9977,1.0,1.0,4.0,2.0,4.0,2.0,4.0,4.0,5.0,5.0,2.0,4.0,2.0,1.0,4.0,3.0,2.0,5.0,5.0,3.0,3,1,6,2,5,6,6,2,6,1,1,1,0,1,1,0,0,0,0,1,0,0,1,1,1,1,3,1,2,2,42,1,4,1,60,1,1,2
9978,1.0,2.0,2.0,5.0,1.0,1.0,1.0,2.0,5.0,5.0,2.0,4.0,4.0,5.0,1.0,5.0,2.0,4.0,5.0,1.0,2,3,7,7,6,7,7,5,3,7,0,1,1,1,1,0,0,0,0,0,1,0,1,1,1,1,3,1,2,1,56,1,6,1,60,1,1,1
9979,4.0,3.0,1.0,3.0,3.0,1.0,1.0,2.0,4.0,2.0,2.0,3.0,2.0,3.0,3.0,1.0,3.0,4.0,5.0,2.0,7,1,5,1,7,2,7,5,6,3,1,1,1,1,1,0,0,0,0,1,0,1,1,1,1,1,3,3,2,1,38,1,8,1,10,1,1,2
9980,1.0,1.0,2.0,4.0,3.0,2.0,2.0,2.0,5.0,5.0,2.0,1.0,1.0,3.0,3.0,2.0,1.0,2.0,2.0,1.0,2,6,6,5,3,6,5,2,6,2,1,1,1,1,1,0,1,0,0,1,0,0,1,1,1,1,3,1,2,1,27,1,2,5,60,1,1,4
9981,1.0,1.0,1.0,3.0,4.0,1.0,1.0,1.0,5.0,1.0,1.0,4.0,1.0,1.0,2.0,5.0,5.0,1.0,1.0,1.0,2,1,6,4,5,7,7,5,6,3,1,1,1,1,1,1,1,0,0,1,0,1,1,1,1,1,4,2,2,1,30,2,4,1,60,1,2,2
9982,1.0,1.0,5.0,1.0,2.0,1.0,2.0,5.0,5.0,5.0,1.0,4.0,5.0,2.0,1.0,4.0,3.0,4.0,5.0,4.0,1,7,6,1,7,6,4,7,7,1,1,1,0,1,1,0,0,1,0,1,0,1,1,1,1,1,3,2,1,1,31,1,1,1,60,1,1,3
9983,5.0,2.0,1.0,1.0,5.0,1.0,1.0,1.0,2.0,1.0,1.0,4.0,4.0,2.0,3.0,2.0,5.0,5.0,5.0,5.0,5,3,6,6,6,6,6,6,3,4,1,1,1,1,1,1,1,0,1,1,1,1,1,1,1,1,2,1,1,2,19,1,4,2,60,1,1,1
9984,5.0,1.0,4.0,5.0,4.0,5.0,5.0,4.0,5.0,5.0,3.0,1.0,1.0,3.0,1.0,4.0,3.0,1.0,1.0,1.0,6,1,7,2,2,2,7,6,7,1,1,1,0,1,1,0,0,1,0,1,0,0,0,1,1,1,4,3,1,2,43,1,10,1,10,1,2,9
9985,5.0,4.0,2.0,2.0,5.0,1.0,1.0,2.0,3.0,2.0,1.0,4.0,5.0,1.0,4.0,1.0,1.0,5.0,5.0,1.0,3,3,6,1,7,5,2,1,5,1,1,1,1,1,1,0,1,1,0,1,1,0,1,1,1,1,4,2,2,1,31,1,1,3,60,1,2,0
9986,5.0,2.0,4.0,1.0,3.0,1.0,2.0,2.0,2.0,1.0,1.0,5.0,4.0,1.0,1.0,1.0,5.0,5.0,1.0,5.0,2,7,7,7,6,2,6,2,2,2,1,0,0,1,0,0,0,0,0,1,0,0,0,0,1,1,4,3,1,2,34,1,7,1,60,1,1,3
9987,2.0,2.0,3.0,5.0,1.0,2.0,1.0,1.0,4.0,3.0,3.0,2.0,1.0,3.0,1.0,2.0,3.0,1.0,5.0,1.0,6,4,6,5,6,3,4,3,4,5,1,1,1,1,1,0,0,0,0,1,0,0,1,1,1,1,4,0,2,1,33,1,12,1,60,1,1,2
9988,1.0,1.0,1.0,5.0,4.0,2.0,2.0,2.0,5.0,5.0,1.0,4.0,1.0,5.0,2.0,4.0,1.0,4.0,5.0,1.0,6,5,7,4,6,2,7,4,2,4,1,1,1,1,1,1,0,0,0,1,0,0,1,1,1,1,3,2,2,1,65,1,4,1,60,1,2,3
9989,3.0,4.0,3.0,3.0,4.0,2.0,2.0,5.0,3.0,3.0,2.0,5.0,3.0,3.0,3.0,3.0,1.0,3.0,5.0,2.0,2,4,6,5,5,5,5,3,3,3,1,1,0,1,1,0,0,1,0,1,0,0,1,1,1,1,4,3,1,2,27,1,7,1,60,2,1,1
9990,1.0,1.0,5.0,5.0,5.0,5.0,5.0,5.0,5.0,5.0,5.0,5.0,1.0,1.0,1.0,5.0,1.0,1.0,5.0,1.0,1,7,7,7,1,1,7,7,1,7,1,1,1,1,1,0,0,0,0,1,0,0,1,1,1,1,3,1,2,1,31,1,7,1,60,1,2,2
9991,2.0,2.0,2.0,4.0,4.0,4.0,2.0,2.0,5.0,4.0,2.0,2.0,2.0,2.0,4.0,4.0,1.0,3.0,4.0,1.0,1,2,7,1,1,7,3,4,7,6,1,1,1,1,1,0,1,1,0,1,0,0,1,1,1,1,4,2,1,1,48,1,1,1,60,1,1,2
9992,2.0,1.0,1.0,4.0,2.0,4.0,1.0,1.0,5.0,5.0,1.0,4.0,1.0,4.0,4.0,5.0,1.0,5.0,5.0,1.0,2,1,7,6,4,6,7,6,6,1,1,1,0,1,1,0,0,0,0,1,0,0,1,1,1,1,3,2,2,1,48,1,12,1,60,1,2,4
9993,4.0,2.0,3.0,4.0,2.0,1.0,1.0,4.0,4.0,2.0,2.0,1.0,2.0,1.0,3.0,3.0,2.0,2.0,5.0,1.0,3,5,6,2,6,7,6,2,7,2,1,1,0,1,1,0,0,1,0,1,0,0,1,1,1,1,4,1,2,1,34,1,1,1,60,1,2,2
9994,5.0,4.0,4.0,2.0,5.0,3.0,2.0,2.0,4.0,4.0,4.0,5.0,2.0,2.0,3.0,3.0,2.0,4.0,5.0,5.0,6,4,6,2,7,1,6,4,5,2,1,0,0,1,0,0,0,0,0,1,0,0,0,0,0,1,1,2,2,2,14,1,2,1,60,2,1,3
9995,4.0,5.0,1.0,1.0,4.0,1.0,1.0,1.0,2.0,2.0,1.0,4.0,3.0,1.0,3.0,1.0,1.0,4.0,5.0,3.0,6,7,5,4,6,1,4,5,7,6,1,1,1,1,1,0,0,1,0,1,0,1,1,1,1,1,4,3,1,1,26,1,1,1,60,1,1,1
9996,1.0,4.0,1.0,2.0,5.0,5.0,4.0,2.0,5.0,5.0,2.0,5.0,5.0,3.0,1.0,4.0,5.0,1.0,5.0,1.0,2,1,6,4,6,7,7,1,5,2,1,1,1,1,1,0,0,0,0,1,0,0,1,1,1,1,3,1,1,1,60,1,2,1,50,1,2,3
9997,2.0,5.0,1.0,1.0,5.0,1.0,1.0,4.0,2.0,1.0,1.0,5.0,5.0,2.0,5.0,1.0,1.0,5.0,5.0,1.0,6,5,7,2,7,2,7,1,7,2,1,1,0,1,1,0,1,1,0,1,1,1,1,1,1,1,4,1,2,1,45,1,6,1,60,1,2,2
9998,5.0,5.0,5.0,5.0,5.0,2.0,2.0,5.0,5.0,2.0,1.0,5.0,5.0,5.0,5.0,5.0,1.0,5.0,5.0,5.0,1,1,6,6,2,7,7,2,6,6,1,1,0,1,1,0,0,0,0,1,0,0,0,1,1,1,3,1,2,1,46,1,6,1,60,0,2,1
9999,5.0,5.0,1.0,1.0,5.0,5.0,5.0,1.0,5.0,5.0,5.0,5.0,5.0,5.0,5.0,5.0,5.0,5.0,5.0,5.0,2,5,1,7,7,2,7,7,1,2,1,1,0,1,1,0,1,0,0,1,1,0,1,1,1,1,2,3,2,1,34,1,7,2,70,2,1,7
10000,4.0,2.0,2.0,4.0,2.0,1.0,2.0,2.0,4.0,3.0,1.0,2.0,4.0,3.0,4.0,1.0,1.0,4.0,5.0,1.0,7,5,4,3,6,2,4,6,3,1,1,1,1,1,1,0,1,1,0,1,1,0,1,1,1,1,4,2,1,1,62,2,1,1,70,1,2,2
10001,2.0,2.0,4.0,3.0,2.0,2.0,2.0,1.0,4.0,4.0,1.0,4.0,3.0,1.0,5.0,1.0,1.0,2.0,5.0,2.0,2,5,2,5,5,3,6,2,6,3,1,1,1,1,1,0,1,1,0,1,1,0,1,1,1,1,3,2,1,1,34,2,1,3,60,1,1,2
10002,1.0,1.0,5.0,3.0,1.0,4.0,4.0,3.0,5.0,1.0,3.0,4.0,1.0,1.0,1.0,5.0,2.0,1.0,5.0,2.0,2,6,6,6,4,1,1,2,3,3,1,1,1,1,1,1,0,0,0,1,1,1,1,1,1,1,4,1,1,1,52,1,2,1,60,1,2,2
10003,5.0,4.0,3.0,1.0,5.0,1.0,1.0,5.0,4.0,3.0,1.0,5.0,2.0,1.0,4.0,1.0,1.0,4.0,5.0,4.0,3,5,6,5,7,7,6,3,5,1,1,1,0,1,1,0,0,1,0,1,1,0,0,1,1,1,3,3,2,1,23,1,1,4,70,2,1,2
10004,2.0,3.0,2.0,3.0,4.0,1.0,2.0,4.0,4.0,4.0,3.0,5.0,2.0,3.0,5.0,1.0,2.0,4.0,5.0,1.0,6,7,5,6,6,6,5,6,3,6,1,1,0,1,1,0,0,0,0,1,0,1,1,1,1,1,3,2,1,1,49,1,1,1,60,1,2,1
10005,3.0,3.0,1.0,3.0,3.0,1.0,1.0,5.0,3.0,5.0,3.0,5.0,2.0,1.0,5.0,1.0,1.0,3.0,5.0,5.0,7,7,5,1,1,7,1,7,7,5,0,0,0,0,1,0,0,0,0,1,0,0,0,0,1,0,4,2,1,2,22,2,10,0,0,1,1,4
10006,1.0,5.0,5.0,5.0,1.0,2.0,2.0,5.0,5.0,5.0,2.0,1.0,5.0,3.0,5.0,1.0,4.0,4.0,5.0,1.0,6,7,6,6,6,1,6,5,3,1,1,1,0,1,1,0,0,0,0,1,0,0,0,1,1,1,3,3,2,2,21,1,1,1,10,2,1,1
10007,4.0,5.0,3.0,4.0,5.0,1.0,2.0,5.0,3.0,3.0,1.0,4.0,4.0,2.0,4.0,2.0,3.0,4.0,5.0,3.0,7,5,6,5,6,3,7,1,2,4,1,1,1,1,1,0,0,1,0,0,0,0,0,1,1,1,3,2,2,2,24,1,4,1,60,1,1,3
10008,4.0,2.0,1.0,3.0,3.0,3.0,1.0,3.0,4.0,4.0,2.0,5.0,5.0,1.0,3.0,5.0,1.0,1.0,5.0,4.0,3,7,7,2,7,5,2,1,7,4,1,1,1,1,1,0,0,1,0,1,1,0,1,1,1,1,3,1,2,1,29,1,2,2,60,1,2,2
10009,1.0,2.0,4.0,4.0,2.0,4.0,4.0,2.0,5.0,5.0,4.0,1.0,1.0,3.0,3.0,4.0,1.0,1.0,5.0,1.0,6,6,5,2,6,1,3,2,5,3,1,1,1,1,1,1,1,1,0,1,1,1,1,1,1,1,3,2,1,1,47,2,6,1,60,1,2,3
10010,4.0,5.0,3.0,3.0,2.0,1.0,1.0,4.0,5.0,2.0,1.0,5.0,4.0,1.0,2.0,1.0,1.0,4.0,5.0,4.0,3,4,4,3,7,6,4,2,7,1,1,1,1,1,1,0,0,0,0,1,0,0,1,1,1,1,3,2,1,1,50,1,2,1,60,1,3,1
10011,1.0,2.0,4.0,1.0,4.0,2.0,2.0,1.0,5.0,5.0,1.0,4.0,1.0,4.0,2.0,2.0,4.0,2.0,5.0,1.0,5,2,7,5,6,6,7,5,6,2,1,1,0,1,1,0,0,0,0,1,0,0,1,1,1,1,4,3,2,1,24,1,2,1,60,2,1,2
10012,2.0,3.0,4.0,2.0,4.0,4.0,2.0,4.0,5.0,3.0,3.0,4.0,1.0,1.0,2.0,5.0,1.0,1.0,5.0,2.0,3,3,6,2,6,6,3,4,6,3,1,1,1,1,1,0,0,0,0,1,0,0,1,1,1,1,3,1,1,1,32,2,2,1,60,1,2,2
10013,3.0,2.0,2.0,4.0,3.0,4.0,2.0,1.0,5.0,4.0,1.0,2.0,1.0,2.0,3.0,1.0,4.0,4.0,3.0,1.0,3,4,5,6,7,5,5,5,4,2,1,1,0,1,1,0,0,0,0,1,0,0,1,1,1,1,3,2,1,1,42,1,6,1,60,2,2,2
10014,4.0,4.0,3.0,5.0,3.0,2.0,1.0,3.0,4.0,2.0,1.0,1.0,1.0,2.0,4.0,4.0,4.0,3.0,5.0,1.0,6,6,6,3,7,2,6,1,5,2,1,1,1,1,1,0,0,1,0,1,0,1,1,1,1,1,4,2,2,1,38,2,1,1,60,1,2,3
10015,2.0,3.0,3.0,2.0,3.0,1.0,2.0,4.0,3.0,2.0,1.0,5.0,4.0,2.0,4.0,1.0,2.0,5.0,5.0,1.0,6,5,4,2,6,4,7,5,6,4,1,1,1,1,1,0,0,0,0,1,0,0,1,1,1,1,2,2,1,1,17,2,1,1,70,2,1,2
10016,1.0,2.0,4.0,1.0,4.0,3.0,2.0,3.0,5.0,4.0,1.0,5.0,5.0,2.0,2.0,1.0,2.0,4.0,5.0,1.0,2,6,2,7,5,4,5,5,3,3,1,1,0,1,0,0,0,0,0,1,0,0,0,1,1,1,2,2,2,2,21,1,4,1,60,1,1,2
10017,4.0,5.0,2.0,3.0,3.0,2.0,1.0,4.0,3.0,2.0,2.0,5.0,4.0,2.0,5.0,2.0,1.0,4.0,5.0,1.0,5,7,3,1,6,3,4,7,7,3,1,1,1,1,1,0,1,1,0,1,0,0,1,1,1,1,4,2,1,1,26,1,2,2,60,1,2,2
10018,4.0,4.0,4.0,4.0,4.0,2.0,2.0,4.0,5.0,4.0,1.0,4.0,1.0,3.0,4.0,4.0,3.0,4.0,5.0,1.0,5,4,6,6,2,5,6,1,6,2,1,1,0,1,1,0,0,0,0,1,0,0,0,1,1,1,4,1,2,1,62,1,4,1,60,1,3,4
10019,5.0,5.0,3.0,2.0,5.0,1.0,1.0,5.0,3.0,2.0,1.0,5.0,5.0,2.0,5.0,3.0,1.0,5.0,1.0,4.0,4,6,7,6,5,6,5,3,2,4,1,1,0,1,1,0,0,0,0,1,0,0,0,0,1,1,3,2,2,1,31,1,4,1,60,2,2,2
10020,5.0,5.0,1.0,1.0,5.0,2.0,1.0,5.0,4.0,3.0,1.0,5.0,5.0,1.0,3.0,1.0,1.0,5.0,5.0,4.0,6,7,7,2,6,4,7,3,3,2,1,1,1,1,1,0,1,0,0,1,1,1,0,1,1,1,3,3,1,2,26,1,12,1,60,1,1,2
10021,5.0,4.0,1.0,5.0,5.0,3.0,5.0,2.0,5.0,5.0,5.0,5.0,3.0,5.0,2.0,5.0,4.0,1.0,4.0,1.0,6,2,7,6,6,7,7,5,6,2,1,1,1,1,1,0,0,1,0,1,0,0,1,1,1,1,2,1,2,1,19,1,6,1,60,1,1,2
10022,1.0,2.0,2.0,4.0,4.0,4.0,1.0,3.0,5.0,5.0,3.0,4.0,2.0,2.0,1.0,1.0,2.0,1.0,5.0,1.0,2,4,6,6,3,5,7,1,3,5,1,1,1,1,1,0,1,0,0,1,0,0,1,1,1,1,4,2,2,1,51,1,1,1,60,1,2,5
10023,1.0,1.0,2.0,2.0,1.0,2.0,2.0,1.0,4.0,5.0,1.0,5.0,1.0,1.0,1.0,1.0,1.0,3.0,4.0,1.0,5,4,7,5,3,2,7,2,3,1,1,1,0,1,1,1,0,0,0,1,0,0,1,1,1,1,3,3,2,1,43,2,7,1,70,1,1,5
10024,4.0,4.0,4.0,4.0,1.0,4.0,2.0,2.0,5.0,4.0,1.0,3.0,2.0,1.0,1.0,4.0,2.0,5.0,4.0,1.0,1,5,5,7,2,5,3,5,2,1,1,1,0,1,1,0,0,0,0,1,1,0,1,1,1,1,3,2,1,1,34,1,2,1,60,1,1,2
10025,2.0,2.0,2.0,2.0,2.0,4.0,4.0,1.0,3.0,4.0,4.0,2.0,4.0,2.0,4.0,4.0,4.0,2.0,5.0,1.0,2,6,6,5,6,6,2,2,5,1,1,1,0,1,1,0,0,0,0,1,0,0,1,1,1,1,2,2,1,1,20,1,1,1,60,1,1,2
10026,1.0,4.0,3.0,1.0,5.0,2.0,1.0,2.0,5.0,5.0,1.0,4.0,2.0,2.0,1.0,1.0,2.0,4.0,5.0,4.0,3,5,7,6,2,6,6,1,3,1,1,1,0,1,1,0,0,0,0,1,0,0,1,1,1,1,4,2,1,1,44,1,12,1,60,1,2,2
10027,5.0,2.0,2.0,1.0,1.0,5.0,2.0,1.0,5.0,5.0,1.0,5.0,1.0,2.0,2.0,1.0,2.0,4.0,1.0,2.0,4,3,5,5,6,5,6,1,6,5,1,1,1,1,1,0,0,0,0,1,0,0,0,1,1,1,3,1,2,1,72,1,6,1,0,1,2,3
10028,2.0,4.0,4.0,4.0,2.0,2.0,2.0,3.0,5.0,4.0,1.0,4.0,2.0,2.0,2.0,2.0,2.0,4.0,4.0,1.0,2,1,7,2,7,7,7,1,6,2,1,1,1,1,1,0,1,1,0,1,1,0,1,1,1,1,4,1,2,1,50,1,4,2,60,1,2,3
10029,2.0,5.0,2.0,5.0,1.0,5.0,5.0,1.0,5.0,5.0,1.0,4.0,2.0,4.0,4.0,1.0,3.0,4.0,5.0,5.0,5,1,7,7,5,3,7,5,2,1,1,1,0,1,1,0,0,0,0,1,0,0,1,0,1,1,3,2,2,1,37,1,3,1,60,1,2,1
10030,2.0,2.0,2.0,5.0,1.0,5.0,4.0,1.0,5.0,4.0,1.0,2.0,1.0,1.0,4.0,5.0,4.0,1.0,5.0,4.0,6,1,6,1,7,2,7,2,7,1,1,1,1,1,1,0,1,1,0,1,1,1,1,1,1,1,3,2,2,1,54,1,2,1,70,1,1,3
10031,5.0,4.0,4.0,1.0,4.0,4.0,1.0,5.0,1.0,1.0,1.0,5.0,5.0,2.0,5.0,1.0,1.0,4.0,5.0,1.0,7,1,7,1,7,1,7,5,6,2,1,0,0,1,0,0,0,0,0,1,0,0,0,1,1,1,2,3,1,2,20,1,2,1,60,1,1,2
10032,3.0,1.0,5.0,4.0,1.0,4.0,1.0,1.0,5.0,1.0,1.0,4.0,1.0,2.0,4.0,1.0,1.0,4.0,5.0,1.0,7,3,7,5,7,1,7,1,6,4,1,1,1,1,1,1,0,0,0,1,0,0,1,1,1,1,4,2,2,1,43,1,6,0,60,1,2,2
10033,5.0,5.0,1.0,2.0,5.0,1.0,1.0,5.0,5.0,2.0,1.0,2.0,4.0,1.0,5.0,1.0,1.0,4.0,5.0,2.0,6,3,4,7,6,1,7,1,7,2,1,1,1,1,1,0,0,1,0,1,0,0,1,1,1,1,3,3,2,1,50,1,6,1,60,1,2,3
10034,5.0,3.0,2.0,4.0,4.0,2.0,1.0,4.0,4.0,1.0,2.0,2.0,2.0,4.0,4.0,2.0,2.0,2.0,5.0,2.0,3,2,6,2,3,7,7,5,6,3,1,1,1,1,1,1,1,1,0,1,0,0,1,1,1,1,4,3,1,1,37,2,2,1,60,2,2,2
10035,4.0,4.0,4.0,2.0,5.0,1.0,1.0,4.0,5.0,1.0,2.0,5.0,5.0,1.0,4.0,1.0,1.0,5.0,5.0,1.0,6,5,7,3,6,3,7,1,3,2,1,1,1,1,1,0,0,0,0,1,1,0,1,1,1,1,4,1,1,1,52,1,12,1,70,1,2,4
10036,3.0,4.0,2.0,2.0,4.0,1.0,1.0,2.0,4.0,4.0,1.0,5.0,2.0,2.0,5.0,2.0,3.0,2.0,5.0,1.0,1,6,5,7,5,0,5,2,4,3,1,1,1,1,1,0,1,0,0,1,0,0,1,1,1,1,3,2,1,1,37,1,4,1,60,1,2,2
10037,4.0,2.0,1.0,2.0,4.0,1.0,1.0,1.0,4.0,1.0,1.0,4.0,5.0,1.0,4.0,4.0,4.0,5.0,5.0,1.0,6,5,7,5,7,1,5,1,6,1,1,1,1,1,1,0,0,0,0,0,0,0,1,1,1,1,4,3,2,1,50,1,12,1,30,2,3,2
10038,3.0,4.0,2.0,2.0,2.0,2.0,2.0,3.0,5.0,2.0,1.0,4.0,3.0,1.0,1.0,4.0,4.0,2.0,2.0,2.0,1,2,4,5,4,7,5,5,3,1,1,1,1,1,1,0,0,0,0,1,0,0,1,1,1,1,4,1,2,1,55,1,6,1,60,1,2,1
10039,1.0,1.0,4.0,5.0,3.0,5.0,5.0,1.0,5.0,5.0,3.0,2.0,1.0,3.0,1.0,4.0,2.0,2.0,5.0,1.0,2,1,7,1,7,6,5,1,7,3,1,1,1,1,1,0,0,0,0,1,0,0,1,1,1,1,2,1,2,1,51,1,1,1,60,1,3,5
10040,2.0,2.0,2.0,4.0,3.0,4.0,2.0,2.0,4.0,4.0,2.0,3.0,2.0,2.0,2.0,4.0,2.0,2.0,3.0,1.0,2,6,6,6,5,7,5,5,3,4,1,1,0,1,1,0,0,0,0,1,0,0,1,1,1,1,3,3,1,1,27,1,1,1,10,1,1,3
10041,4.0,4.0,5.0,1.0,4.0,4.0,1.0,4.0,5.0,3.0,1.0,4.0,4.0,1.0,1.0,1.0,1.0,1.0,5.0,4.0,3,5,6,5,6,5,3,1,6,2,1,1,1,1,1,0,0,0,0,1,1,0,1,1,1,1,4,2,2,1,58,1,2,1,60,1,2,4
10042,2.0,1.0,1.0,1.0,4.0,1.0,1.0,5.0,2.0,2.0,1.0,1.0,4.0,1.0,4.0,1.0,2.0,1.0,4.0,1.0,1,7,7,1,7,7,5,1,7,7,1,1,1,1,1,0,0,0,0,1,1,0,1,1,1,1,4,1,2,1,39,1,6,1,60,1,2,1
10043,5.0,3.0,4.0,1.0,4.0,1.0,1.0,2.0,4.0,4.0,1.0,5.0,4.0,3.0,4.0,1.0,2.0,2.0,5.0,4.0,6,4,7,1,7,5,3,2,7,1,1,1,0,1,1,1,0,0,0,1,0,0,1,1,1,1,3,1,1,1,21,1,2,1,60,1,1,1
10044,4.0,4.0,1.0,1.0,4.0,2.0,1.0,5.0,3.0,3.0,1.0,5.0,5.0,1.0,4.0,2.0,2.0,5.0,4.0,4.0,6,5,0,6,2,1,2,1,4,1,1,1,0,1,1,0,1,0,1,1,1,0,1,1,1,1,2,1,2,1,23,1,12,1,60,2,1,2
10045,1.0,2.0,5.0,4.0,5.0,4.0,1.0,2.0,5.0,4.0,2.0,5.0,3.0,1.0,4.0,1.0,5.0,2.0,5.0,5.0,6,2,6,1,7,5,5,5,6,2,1,1,1,1,1,0,1,1,0,1,1,0,1,1,1,1,4,3,1,2,56,1,1,1,60,1,2,1
10046,1.0,4.0,3.0,4.0,2.0,3.0,1.0,3.0,4.0,2.0,2.0,2.0,4.0,3.0,2.0,3.0,1.0,5.0,5.0,3.0,3,2,4,3,7,6,7,6,6,1,1,1,1,1,1,0,1,1,0,1,1,1,1,1,1,1,3,1,1,1,56,1,2,2,60,0,3,4
10047,4.0,2.0,5.0,4.0,4.0,5.0,4.0,4.0,5.0,5.0,1.0,5.0,4.0,1.0,1.0,2.0,1.0,4.0,5.0,5.0,1,7,5,6,7,3,5,1,3,1,1,1,0,1,1,0,0,0,0,1,0,0,1,1,1,1,3,1,2,1,28,1,4,1,60,2,1,2
10048,5.0,5.0,1.0,3.0,5.0,1.0,1.0,4.0,1.0,1.0,1.0,5.0,5.0,1.0,5.0,2.0,3.0,5.0,5.0,4.0,4,7,7,4,7,1,7,6,7,1,0,0,0,0,0,0,0,0,0,0,0,0,0,1,0,1,3,3,1,2,22,1,2,2,30,1,1,4
10049,4.0,4.0,2.0,2.0,4.0,1.0,1.0,2.0,2.0,2.0,2.0,3.0,2.0,2.0,4.0,1.0,4.0,4.0,4.0,2.0,5,5,7,5,5,2,4,1,4,4,1,1,0,1,1,0,0,0,0,1,0,0,1,1,1,1,4,2,2,1,25,1,7,1,60,1,1,2
10050,2.0,4.0,4.0,4.0,4.0,2.0,1.0,5.0,5.0,4.0,2.0,2.0,4.0,5.0,4.0,5.0,2.0,4.0,5.0,2.0,5,5,5,2,6,2,3,5,6,1,0,1,1,0,1,0,0,0,0,0,0,0,1,1,1,1,4,3,2,1,41,1,3,1,60,1,2,2
10051,1.0,1.0,5.0,5.0,5.0,5.0,5.0,1.0,5.0,5.0,5.0,1.0,1.0,5.0,1.0,5.0,5.0,1.0,1.0,1.0,6,1,7,1,7,6,7,1,7,1,1,1,0,1,1,0,1,0,0,1,0,0,1,1,1,1,4,1,2,1,47,1,6,1,30,1,3,3
10052,4.0,4.0,4.0,1.0,4.0,1.0,1.0,5.0,4.0,3.0,1.0,5.0,2.0,1.0,3.0,2.0,2.0,4.0,5.0,1.0,1,3,7,4,5,7,4,1,4,3,1,1,1,1,1,0,1,1,0,1,1,0,1,1,1,1,4,2,2,1,40,1,1,1,60,1,1,2
10053,1.0,3.0,1.0,4.0,1.0,4.0,1.0,2.0,5.0,3.0,1.0,3.0,1.0,1.0,4.0,1.0,4.0,2.0,5.0,4.0,6,6,7,2,6,4,4,1,6,2,1,1,1,1,1,0,1,0,0,1,0,0,1,1,1,1,4,3,2,1,40,1,7,1,10,1,1,0
10054,4.0,4.0,2.0,2.0,5.0,1.0,1.0,2.0,4.0,2.0,2.0,4.0,3.0,3.0,3.0,1.0,1.0,5.0,5.0,1.0,7,6,6,2,6,1,6,7,6,1,1,1,1,1,1,0,1,1,0,1,0,0,1,1,1,1,3,1,2,1,26,1,7,1,60,1,2,2
10055,2.0,5.0,4.0,4.0,3.0,4.0,1.0,2.0,4.0,2.0,1.0,5.0,4.0,2.0,3.0,1.0,1.0,4.0,5.0,1.0,6,1,6,4,5,4,6,4,7,3,1,1,1,1,1,0,1,1,0,1,1,0,1,1,1,1,3,2,2,1,67,1,9,2,60,1,2,4
10056,1.0,1.0,2.0,4.0,4.0,2.0,2.0,4.0,5.0,4.0,2.0,2.0,1.0,4.0,1.0,4.0,5.0,1.0,2.0,1.0,5,5,7,2,5,5,5,1,6,5,1,1,1,1,1,0,0,0,0,1,0,0,1,1,1,1,4,1,2,1,31,2,4,1,60,1,2,3
10057,5.0,1.0,5.0,1.0,5.0,1.0,1.0,5.0,5.0,1.0,1.0,5.0,1.0,1.0,1.0,5.0,1.0,1.0,5.0,5.0,1,5,7,7,7,3,4,1,4,1,1,1,1,1,1,0,0,1,0,1,0,1,1,1,1,1,3,1,2,1,43,3,7,2,10,1,2,3
10058,4.0,2.0,2.0,5.0,4.0,1.0,2.0,4.0,5.0,3.0,4.0,4.0,2.0,4.0,3.0,4.0,4.0,2.0,5.0,2.0,6,5,7,6,5,3,6,2,5,3,1,1,1,1,1,1,0,0,0,1,0,0,1,1,1,1,3,3,2,1,39,1,7,1,60,2,2,3
10059,5.0,2.0,1.0,2.0,1.0,1.0,1.0,1.0,3.0,1.0,1.0,5.0,3.0,1.0,4.0,1.0,3.0,4.0,5.0,5.0,6,5,7,3,7,4,3,4,6,1,1,1,1,1,1,0,0,1,1,1,1,1,1,1,1,1,4,3,1,1,29,2,2,2,60,1,1,2
10060,1.0,1.0,5.0,4.0,1.0,4.0,2.0,1.0,5.0,5.0,3.0,5.0,1.0,4.0,4.0,1.0,5.0,2.0,5.0,1.0,3,2,6,5,2,3,3,2,6,6,1,1,1,1,1,0,1,1,0,1,1,0,1,1,1,1,3,2,2,1,67,1,12,1,60,1,3,1
10061,1.0,1.0,5.0,5.0,3.0,1.0,1.0,2.0,5.0,5.0,1.0,4.0,4.0,3.0,3.0,4.0,5.0,5.0,5.0,1.0,3,5,5,3,2,2,7,4,5,2,1,1,1,1,1,0,0,0,0,1,0,0,0,1,1,1,2,2,2,1,60,1,1,1,60,1,1,2
10062,4.0,4.0,2.0,2.0,4.0,2.0,1.0,4.0,4.0,4.0,2.0,4.0,4.0,1.0,4.0,2.0,1.0,4.0,5.0,1.0,2,6,2,1,7,7,6,2,7,2,1,1,0,1,1,0,1,1,0,1,0,0,1,1,1,1,3,2,1,1,61,1,6,1,60,1,2,6
10063,5.0,4.0,3.0,2.0,4.0,1.0,1.0,2.0,1.0,1.0,1.0,4.0,4.0,1.0,5.0,1.0,5.0,3.0,5.0,1.0,6,4,5,6,5,1,6,1,2,1,1,1,0,1,1,0,0,0,0,1,1,0,1,1,1,1,4,3,2,2,24,1,7,2,60,1,1,1
10064,5.0,4.0,2.0,1.0,4.0,1.0,1.0,5.0,2.0,2.0,1.0,5.0,5.0,2.0,5.0,1.0,1.0,5.0,5.0,4.0,6,7,6,3,7,4,5,1,4,4,1,1,0,1,1,0,0,1,0,1,0,1,1,1,1,1,4,3,1,1,26,1,4,1,70,1,1,2
10065,2.0,2.0,4.0,4.0,2.0,5.0,5.0,4.0,4.0,5.0,4.0,2.0,4.0,2.0,4.0,2.0,1.0,2.0,3.0,2.0,6,5,6,6,7,7,6,5,6,4,1,1,1,1,1,0,0,1,0,1,0,0,1,1,1,1,4,2,1,1,67,2,6,1,60,2,2,2
10066,2.0,2.0,1.0,2.0,4.0,1.0,5.0,2.0,4.0,4.0,1.0,4.0,2.0,1.0,1.0,1.0,1.0,2.0,3.0,2.0,3,4,5,2,3,4,6,1,4,5,1,1,0,1,1,0,0,1,0,1,0,0,1,1,0,1,3,3,2,1,37,1,4,1,30,1,1,3
10067,1.0,1.0,1.0,4.0,1.0,1.0,1.0,4.0,5.0,3.0,2.0,5.0,1.0,5.0,2.0,5.0,1.0,2.0,5.0,1.0,5,6,6,5,2,5,7,4,2,6,1,1,0,1,0,1,0,0,0,1,0,0,0,1,1,1,4,3,2,2,46,3,4,1,60,2,3,2
10068,4.0,1.0,5.0,4.0,4.0,5.0,4.0,3.0,5.0,5.0,2.0,4.0,5.0,1.0,2.0,3.0,3.0,4.0,5.0,1.0,6,1,6,4,7,6,7,1,6,1,1,1,0,1,1,1,0,0,0,1,0,1,1,1,1,1,3,1,2,1,20,1,12,1,70,2,1,4
10069,4.0,4.0,2.0,4.0,2.0,2.0,2.0,2.0,5.0,2.0,2.0,4.0,4.0,2.0,4.0,2.0,2.0,4.0,5.0,2.0,6,2,6,1,7,1,7,2,6,1,1,1,1,1,1,0,1,1,0,1,1,0,1,1,1,1,3,2,2,1,51,1,2,1,60,1,2,1
10070,1.0,1.0,5.0,5.0,5.0,4.0,2.0,4.0,5.0,5.0,1.0,5.0,4.0,5.0,2.0,2.0,1.0,5.0,5.0,1.0,1,1,7,1,1,5,7,1,6,7,1,1,1,1,1,1,0,0,0,1,0,0,1,1,1,1,3,1,2,1,59,1,7,1,60,1,2,8
10071,4.0,4.0,1.0,2.0,5.0,1.0,1.0,4.0,2.0,2.0,1.0,5.0,4.0,1.0,5.0,1.0,1.0,4.0,5.0,2.0,1,6,7,1,3,6,2,1,6,1,1,1,1,1,1,0,0,0,0,1,1,1,1,1,1,1,4,2,2,1,42,1,1,1,60,1,2,2
10072,2.0,2.0,3.0,2.0,4.0,2.0,2.0,2.0,4.0,4.0,1.0,5.0,2.0,2.0,3.0,2.0,2.0,2.0,5.0,1.0,5,3,6,5,7,5,6,2,5,1,1,1,1,1,1,0,0,1,0,1,0,0,1,1,1,1,4,3,2,1,42,1,1,1,60,1,1,4
10073,2.0,1.0,4.0,2.0,4.0,1.0,1.0,1.0,4.0,5.0,1.0,1.0,1.0,2.0,1.0,5.0,1.0,2.0,5.0,2.0,5,6,6,5,6,5,2,3,5,3,1,1,1,1,1,0,0,0,1,1,0,0,1,1,1,1,2,3,1,2,37,1,1,1,70,2,2,2
10074,1.0,1.0,2.0,5.0,4.0,5.0,5.0,1.0,5.0,5.0,2.0,1.0,2.0,4.0,1.0,5.0,5.0,1.0,5.0,1.0,7,6,7,6,7,5,7,2,3,6,1,1,0,1,1,0,0,0,0,1,0,0,0,1,1,1,4,2,2,1,49,2,7,1,60,1,3,3
10075,2.0,2.0,4.0,2.0,3.0,2.0,2.0,2.0,5.0,2.0,1.0,4.0,2.0,2.0,2.0,2.0,2.0,2.0,5.0,1.0,3,5,6,5,6,2,5,1,3,5,1,1,0,1,1,0,1,0,1,1,0,1,1,1,1,1,3,3,2,1,24,1,1,1,60,1,1,3
10076,2.0,3.0,5.0,1.0,2.0,5.0,5.0,1.0,5.0,5.0,5.0,5.0,1.0,2.0,1.0,5.0,1.0,1.0,1.0,1.0,2,1,6,1,2,3,7,5,6,3,1,1,0,1,1,0,0,0,0,1,0,0,1,1,1,1,3,3,1,1,40,2,6,1,60,1,2,2
10077,2.0,2.0,4.0,4.0,1.0,5.0,3.0,2.0,4.0,4.0,2.0,4.0,2.0,3.0,3.0,5.0,4.0,2.0,1.0,1.0,3,5,5,3,5,4,5,3,6,3,1,1,0,1,1,0,0,0,0,1,0,1,1,1,1,1,2,3,2,1,28,1,4,1,60,1,1,4
10078,4.0,5.0,1.0,2.0,4.0,1.0,1.0,5.0,5.0,5.0,1.0,4.0,5.0,1.0,5.0,1.0,4.0,5.0,5.0,5.0,5,5,6,3,5,5,5,5,5,3,1,1,0,0,1,0,0,0,0,1,0,0,1,1,1,1,3,1,2,1,24,1,2,1,60,1,2,2
10079,1.0,1.0,3.0,4.0,1.0,4.0,2.0,1.0,5.0,4.0,3.0,1.0,2.0,3.0,2.0,3.0,2.0,1.0,4.0,1.0,5,5,7,2,4,5,6,2,6,4,1,1,0,1,1,1,0,0,0,1,0,0,1,1,1,1,3,2,1,1,26,1,2,1,60,1,2,4
10080,1.0,4.0,2.0,4.0,2.0,2.0,2.0,2.0,4.0,4.0,2.0,3.0,4.0,3.0,3.0,4.0,3.0,4.0,4.0,1.0,5,5,6,5,5,3,5,1,4,2,1,1,1,1,1,0,1,1,0,1,0,1,1,1,1,1,4,2,2,1,31,1,2,1,60,1,3,2
10081,2.0,3.0,3.0,4.0,2.0,5.0,5.0,4.0,5.0,5.0,2.0,4.0,4.0,2.0,3.0,5.0,2.0,2.0,5.0,2.0,6,1,7,6,5,6,7,4,4,1,1,1,1,1,1,1,0,0,0,1,0,1,1,1,1,1,4,1,2,1,37,3,7,1,60,2,3,4
10082,3.0,1.0,2.0,3.0,4.0,1.0,1.0,4.0,3.0,2.0,3.0,2.0,1.0,1.0,2.0,4.0,1.0,2.0,3.0,1.0,1,6,6,3,5,6,3,1,6,2,1,1,0,1,1,1,0,0,1,1,0,0,1,1,1,1,3,2,1,1,29,1,7,1,60,1,2,4
10083,5.0,3.0,5.0,5.0,1.0,1.0,1.0,4.0,5.0,3.0,1.0,4.0,1.0,3.0,3.0,5.0,1.0,1.0,3.0,3.0,6,7,3,2,5,4,7,5,5,3,1,1,1,1,1,0,1,1,0,1,0,0,1,1,1,1,3,3,1,2,27,1,4,1,70,1,1,3
10084,2.0,2.0,2.0,3.0,4.0,2.0,2.0,1.0,3.0,2.0,2.0,4.0,1.0,2.0,3.0,2.0,2.0,1.0,1.0,5.0,5,1,7,2,7,3,5,1,5,2,1,1,1,1,1,0,1,1,0,1,0,0,1,1,1,1,3,3,1,1,65,1,6,1,70,1,2,3
10085,1.0,5.0,3.0,4.0,2.0,4.0,4.0,2.0,5.0,4.0,2.0,5.0,4.0,3.0,1.0,3.0,1.0,2.0,4.0,3.0,3,4,7,3,7,4,3,2,5,1,1,1,1,1,1,0,1,0,0,1,0,1,1,1,1,1,3,1,1,1,61,1,2,1,60,1,2,4
10086,1.0,2.0,2.0,4.0,4.0,1.0,2.0,1.0,5.0,2.0,4.0,5.0,1.0,4.0,3.0,2.0,2.0,1.0,5.0,1.0,7,5,6,2,5,1,6,1,6,6,1,1,1,1,1,0,1,1,0,1,1,0,1,1,1,1,3,3,2,1,63,2,4,1,60,0,2,4
10087,2.0,4.0,4.0,2.0,1.0,2.0,1.0,2.0,4.0,1.0,2.0,4.0,2.0,3.0,4.0,1.0,3.0,4.0,5.0,1.0,3,5,7,4,7,5,6,1,6,1,0,0,1,0,0,1,0,1,0,0,1,0,0,0,0,0,3,3,1,1,25,1,7,1,60,1,1,1
10088,1.0,4.0,5.0,4.0,2.0,3.0,2.0,2.0,4.0,3.0,3.0,1.0,1.0,3.0,4.0,2.0,4.0,4.0,4.0,1.0,0,0,0,0,0,0,0,0,0,0,1,1,1,1,1,0,1,1,0,1,1,0,1,1,1,1,2,2,2,1,21,1,2,1,0,1,1,1
10089,1.0,1.0,3.0,2.0,4.0,2.0,2.0,4.0,5.0,5.0,1.0,4.0,3.0,3.0,3.0,1.0,2.0,1.0,4.0,3.0,5,2,5,3,5,3,7,3,6,1,1,1,1,1,1,0,1,0,0,1,0,1,1,1,1,1,4,1,2,1,59,1,12,2,70,2,2,1
10090,1.0,4.0,2.0,4.0,2.0,2.0,2.0,2.0,5.0,4.0,2.0,4.0,1.0,2.0,4.0,5.0,2.0,2.0,1.0,1.0,1,6,6,2,6,7,7,3,5,5,1,1,1,1,1,0,1,1,0,1,0,1,1,1,1,1,3,2,1,1,34,1,4,1,60,1,2,3
10091,1.0,2.0,2.0,2.0,2.0,4.0,1.0,4.0,5.0,5.0,2.0,2.0,4.0,2.0,2.0,3.0,1.0,5.0,2.0,1.0,2,6,7,5,7,7,7,1,6,3,1,1,0,1,1,0,0,1,1,1,1,0,1,1,1,1,3,2,1,1,27,1,4,1,60,1,1,1
10092,2.0,1.0,2.0,4.0,2.0,2.0,2.0,1.0,5.0,4.0,1.0,2.0,2.0,3.0,4.0,1.0,1.0,5.0,5.0,5.0,3,5,3,6,7,5,6,5,5,5,1,1,0,1,1,0,0,1,0,1,0,0,0,1,1,1,3,3,2,1,23,1,1,1,10,1,1,1
10093,4.0,5.0,4.0,4.0,4.0,4.0,1.0,2.0,5.0,2.0,2.0,1.0,2.0,1.0,5.0,5.0,1.0,4.0,1.0,1.0,5,7,6,2,5,6,5,2,5,6,1,1,0,1,1,0,0,1,0,1,0,0,1,1,1,1,3,2,2,1,20,1,4,1,60,2,1,3
10094,3.0,4.0,3.0,4.0,4.0,2.0,3.0,2.0,5.0,3.0,4.0,4.0,4.0,3.0,4.0,3.0,2.0,2.0,4.0,3.0,5,5,5,4,5,5,6,5,4,4,1,1,1,1,1,0,1,1,0,1,1,0,1,1,1,1,3,2,2,1,51,3,1,1,60,1,3,1
10095,1.0,1.0,4.0,3.0,2.0,5.0,4.0,2.0,5.0,5.0,3.0,1.0,1.0,3.0,1.0,5.0,2.0,1.0,5.0,1.0,6,6,6,6,7,2,6,5,5,2,1,1,0,1,1,0,1,1,0,1,0,0,1,1,1,1,3,3,1,1,30,2,2,1,60,1,3,4
10096,5.0,5.0,5.0,1.0,5.0,1.0,5.0,5.0,5.0,5.0,1.0,5.0,5.0,5.0,5.0,1.0,1.0,5.0,5.0,5.0,7,1,7,1,7,7,1,1,7,1,1,1,0,1,1,0,1,0,0,1,0,0,1,1,1,1,2,3,1,1,36,1,12,1,70,2,1,3
10097,2.0,1.0,4.0,1.0,2.0,2.0,2.0,2.0,5.0,3.0,2.0,4.0,2.0,2.0,1.0,4.0,4.0,2.0,1.0,1.0,6,1,5,2,6,1,7,4,5,3,1,1,1,1,1,0,1,1,0,1,1,0,1,1,1,1,4,3,2,1,45,1,6,1,70,1,1,3
10098,4.0,4.0,4.0,4.0,4.0,4.0,2.0,2.0,4.0,2.0,2.0,2.0,2.0,2.0,4.0,2.0,2.0,2.0,4.0,4.0,7,1,5,5,5,1,7,1,3,5,1,1,0,1,1,0,0,0,0,1,0,0,1,1,1,1,4,2,2,1,52,1,6,1,60,1,2,2
10099,3.0,4.0,3.0,1.0,4.0,2.0,1.0,5.0,4.0,5.0,2.0,4.0,1.0,2.0,1.0,5.0,4.0,4.0,5.0,4.0,6,6,3,5,3,5,7,6,3,5,1,1,0,1,1,0,0,0,0,1,0,0,1,0,1,1,2,3,3,2,18,1,2,2,60,2,1,2
10100,1.0,1.0,4.0,4.0,2.0,4.0,3.0,2.0,5.0,2.0,1.0,4.0,2.0,3.0,3.0,4.0,1.0,2.0,4.0,1.0,6,2,5,2,7,4,7,5,7,1,1,1,1,1,1,1,0,0,0,1,0,0,1,1,1,1,3,2,2,1,44,1,7,1,60,1,3,3
10101,4.0,5.0,4.0,3.0,4.0,2.0,1.0,4.0,5.0,2.0,1.0,4.0,4.0,2.0,4.0,2.0,2.0,4.0,5.0,2.0,3,4,5,6,5,2,5,5,2,2,1,1,0,1,1,0,0,0,0,1,0,0,1,1,1,1,4,2,2,1,47,1,1,1,60,2,2,1
10102,4.0,2.0,5.0,1.0,2.0,1.0,1.0,3.0,5.0,1.0,2.0,5.0,4.0,1.0,2.0,1.0,5.0,4.0,5.0,1.0,1,2,6,1,7,6,7,2,7,1,1,1,1,1,1,1,0,0,0,1,1,1,1,1,1,1,2,1,2,1,41,1,7,1,60,1,2,4
10103,5.0,5.0,5.0,1.0,5.0,1.0,1.0,5.0,5.0,5.0,5.0,5.0,5.0,5.0,5.0,5.0,1.0,5.0,5.0,5.0,1,1,7,1,7,7,1,1,7,1,1,1,1,1,1,0,1,0,0,1,0,0,1,1,1,1,2,3,1,1,36,1,4,1,70,2,1,3
10104,5.0,5.0,5.0,5.0,5.0,1.0,1.0,5.0,5.0,5.0,5.0,5.0,5.0,1.0,5.0,5.0,5.0,5.0,5.0,1.0,7,1,7,1,7,7,7,1,7,1,1,1,1,1,1,0,1,1,0,1,1,0,1,1,1,1,0,3,1,1,36,1,4,0,70,2,1,3
10105,2.0,1.0,5.0,1.0,1.0,4.0,2.0,1.0,5.0,5.0,1.0,1.0,1.0,2.0,2.0,1.0,2.0,2.0,5.0,5.0,6,5,3,2,2,4,6,5,5,2,1,1,0,1,1,0,0,0,0,1,0,0,1,1,1,1,2,3,1,1,44,1,7,1,0,1,2,2
10106,4.0,5.0,1.0,1.0,4.0,2.0,2.0,3.0,3.0,2.0,1.0,5.0,4.0,2.0,4.0,1.0,1.0,5.0,5.0,1.0,5,6,6,4,7,2,5,3,3,1,1,1,1,1,1,0,0,0,0,1,0,0,0,1,1,1,4,3,1,2,31,1,12,1,60,2,1,2
10107,3.0,1.0,3.0,2.0,3.0,5.0,4.0,1.0,5.0,2.0,2.0,2.0,1.0,2.0,1.0,4.0,2.0,2.0,1.0,1.0,3,2,5,1,5,5,5,3,7,3,1,1,1,1,1,0,1,1,0,1,1,1,1,1,1,1,4,3,1,1,53,1,7,1,60,1,2,2
10108,4.0,1.0,2.0,2.0,4.0,1.0,1.0,1.0,4.0,2.0,2.0,3.0,1.0,2.0,4.0,1.0,5.0,4.0,4.0,2.0,1,6,5,5,5,6,5,4,4,5,1,1,0,1,1,0,0,0,0,1,0,0,1,1,1,1,3,2,1,1,35,1,1,1,60,2,3,2
10109,4.0,1.0,5.0,5.0,4.0,1.0,2.0,5.0,5.0,3.0,3.0,5.0,2.0,3.0,1.0,2.0,1.0,5.0,5.0,1.0,3,5,7,6,4,6,7,1,5,7,1,1,1,1,1,0,1,0,0,1,1,0,1,1,1,1,4,2,2,1,56,1,7,1,60,1,2,2
10110,4.0,4.0,1.0,3.0,4.0,4.0,1.0,2.0,5.0,3.0,2.0,5.0,2.0,2.0,3.0,1.0,2.0,4.0,5.0,4.0,3,3,6,3,7,3,7,1,6,1,1,1,0,1,1,0,1,0,1,1,0,0,1,1,1,1,4,2,2,1,53,1,6,1,60,1,2,2
10111,4.0,5.0,4.0,5.0,5.0,5.0,2.0,3.0,5.0,5.0,2.0,5.0,2.0,2.0,4.0,2.0,1.0,5.0,5.0,1.0,6,6,6,5,7,2,7,4,7,3,1,1,1,1,1,1,1,1,0,1,1,1,1,1,1,1,4,1,2,1,54,1,6,1,60,1,3,8
10112,4.0,2.0,2.0,3.0,4.0,4.0,4.0,2.0,4.0,2.0,1.0,2.0,2.0,3.0,3.0,2.0,3.0,2.0,2.0,2.0,3,5,7,4,7,5,4,1,6,2,0,0,0,0,0,1,1,0,0,0,1,0,0,0,0,0,3,2,2,1,52,1,6,1,60,1,3,2
10113,4.0,4.0,5.0,4.0,5.0,1.0,2.0,4.0,4.0,3.0,2.0,2.0,3.0,3.0,5.0,2.0,4.0,5.0,4.0,1.0,6,5,4,7,6,3,6,3,4,4,1,1,0,1,1,0,0,0,1,1,0,1,1,1,1,1,3,2,2,1,18,1,6,2,60,1,1,2
10114,2.0,1.0,3.0,4.0,1.0,2.0,4.0,4.0,5.0,4.0,4.0,1.0,2.0,3.0,3.0,2.0,2.0,1.0,4.0,3.0,3,5,6,4,4,5,2,1,5,3,1,1,1,1,1,1,0,1,0,1,0,0,1,1,1,1,4,3,1,1,63,1,12,1,60,1,2,2
10115,5.0,1.0,2.0,2.0,4.0,4.0,2.0,4.0,4.0,4.0,1.0,4.0,2.0,2.0,4.0,4.0,2.0,3.0,5.0,2.0,4,6,6,5,5,2,7,0,1,4,1,1,0,1,1,1,1,0,1,1,0,0,0,1,1,1,3,3,2,1,23,1,2,1,60,1,1,3
10116,2.0,4.0,4.0,5.0,2.0,4.0,2.0,1.0,5.0,4.0,1.0,1.0,2.0,1.0,3.0,2.0,2.0,2.0,5.0,2.0,5,3,6,2,6,3,6,2,6,2,1,1,1,1,1,0,1,1,0,1,1,0,1,1,1,1,3,3,1,1,49,1,2,1,60,1,2,2
10117,3.0,3.0,2.0,1.0,4.0,3.0,1.0,5.0,5.0,2.0,3.0,5.0,1.0,1.0,3.0,1.0,1.0,2.0,5.0,1.0,7,7,6,6,5,1,5,4,3,1,1,1,1,1,1,1,0,0,0,1,0,1,1,1,1,1,3,2,2,1,42,2,7,1,60,2,2,3
10118,3.0,1.0,5.0,2.0,4.0,2.0,2.0,1.0,4.0,5.0,2.0,5.0,1.0,1.0,1.0,1.0,2.0,2.0,2.0,1.0,3,3,6,4,3,5,3,2,5,3,1,1,1,1,1,0,0,0,0,1,0,0,0,1,1,1,4,3,1,1,68,1,4,1,60,1,2,3
10119,2.0,2.0,1.0,5.0,1.0,2.0,2.0,4.0,5.0,4.0,1.0,3.0,2.0,3.0,3.0,1.0,2.0,4.0,5.0,1.0,6,6,7,3,2,2,6,1,5,7,1,1,0,1,1,0,1,0,0,1,0,0,1,1,1,1,3,3,2,1,28,1,4,1,60,1,1,4
10120,1.0,1.0,5.0,3.0,2.0,5.0,3.0,1.0,5.0,5.0,1.0,4.0,1.0,3.0,1.0,4.0,4.0,1.0,1.0,1.0,1,5,7,5,6,6,7,2,5,3,1,1,0,1,1,0,0,0,0,1,0,0,0,1,1,1,4,3,2,1,38,1,7,1,30,2,2,2
10121,3.0,4.0,3.0,1.0,4.0,1.0,1.0,4.0,4.0,3.0,1.0,4.0,3.0,1.0,4.0,3.0,4.0,4.0,4.0,1.0,2,5,3,4,2,5,5,5,4,6,1,1,1,1,1,0,0,0,0,1,0,0,1,1,1,1,3,2,2,1,35,1,1,2,60,1,1,2
10122,3.0,4.0,2.0,4.0,4.0,4.0,1.0,4.0,5.0,4.0,4.0,4.0,4.0,2.0,3.0,2.0,2.0,1.0,4.0,3.0,3,2,6,1,7,5,5,2,6,2,1,1,1,1,1,0,1,1,0,1,0,0,1,1,1,1,4,2,2,1,41,1,6,1,60,1,1,3
10123,5.0,4.0,2.0,3.0,4.0,2.0,1.0,4.0,5.0,5.0,1.0,5.0,5.0,1.0,2.0,5.0,2.0,4.0,5.0,3.0,1,6,6,1,5,0,6,2,6,2,1,1,0,1,0,0,0,0,0,1,0,0,0,0,1,1,2,1,1,2,20,1,10,1,10,1,1,2
10124,5.0,5.0,2.0,1.0,5.0,1.0,2.0,1.0,2.0,1.0,2.0,5.0,5.0,2.0,4.0,2.0,1.0,4.0,3.0,3.0,6,2,7,1,4,5,7,7,7,1,0,0,0,0,0,0,0,0,0,1,0,0,0,1,1,1,3,2,2,2,19,1,4,1,70,2,1,3
10125,1.0,4.0,2.0,2.0,4.0,4.0,4.0,5.0,4.0,5.0,4.0,5.0,4.0,1.0,4.0,2.0,2.0,4.0,5.0,2.0,6,5,6,6,3,2,5,2,5,3,1,1,0,1,1,1,0,0,0,1,0,0,0,1,1,1,4,1,2,1,29,1,7,1,60,1,2,1
10126,5.0,1.0,4.0,5.0,5.0,2.0,2.0,5.0,5.0,5.0,1.0,5.0,2.0,2.0,1.0,5.0,1.0,1.0,4.0,1.0,7,1,7,3,6,1,7,1,6,2,1,1,0,1,1,0,0,0,0,1,0,0,0,1,1,1,3,3,2,1,63,1,7,1,30,1,1,5
10127,2.0,1.0,1.0,3.0,5.0,1.0,1.0,2.0,4.0,1.0,1.0,5.0,1.0,2.0,5.0,1.0,1.0,4.0,5.0,5.0,5,5,6,2,7,5,5,2,7,1,1,1,0,1,1,0,0,0,0,1,0,0,1,1,1,1,0,2,1,1,38,1,1,5,60,2,2,3
10128,5.0,5.0,3.0,1.0,5.0,1.0,2.0,5.0,2.0,1.0,1.0,5.0,5.0,1.0,2.0,1.0,1.0,5.0,5.0,5.0,6,7,5,1,7,3,1,5,7,1,1,1,1,1,1,0,0,1,0,1,0,0,1,1,1,1,3,1,1,2,25,1,10,1,10,2,1,5
10129,2.0,5.0,2.0,3.0,4.0,1.0,2.0,1.0,2.0,2.0,2.0,4.0,4.0,3.0,4.0,1.0,1.0,3.0,4.0,2.0,3,5,3,6,6,6,6,5,3,2,1,1,1,1,1,1,0,0,0,1,1,1,1,1,1,1,3,2,2,1,22,1,6,1,60,1,1,2
10130,5.0,4.0,2.0,1.0,5.0,4.0,2.0,2.0,3.0,2.0,1.0,5.0,5.0,2.0,4.0,1.0,1.0,3.0,5.0,3.0,7,3,6,2,7,1,7,2,4,1,1,1,1,1,1,1,0,1,0,1,0,0,1,1,1,1,3,2,2,1,22,1,12,2,60,1,1,2
10131,1.0,2.0,3.0,4.0,4.0,2.0,2.0,1.0,5.0,5.0,2.0,4.0,4.0,4.0,1.0,5.0,5.0,2.0,2.0,1.0,6,5,7,5,7,5,6,3,6,3,1,1,1,1,1,0,0,0,0,1,0,0,1,1,1,1,3,3,2,1,44,1,6,1,60,1,2,3
10132,3.0,1.0,5.0,5.0,1.0,2.0,3.0,2.0,5.0,5.0,2.0,1.0,1.0,4.0,2.0,5.0,1.0,4.0,5.0,1.0,5,1,6,1,7,6,6,2,7,2,1,1,1,1,1,0,0,1,0,1,1,0,1,1,1,1,4,2,1,2,54,1,4,1,60,2,2,3
10133,2.0,1.0,2.0,3.0,4.0,4.0,2.0,2.0,4.0,4.0,2.0,5.0,1.0,1.0,2.0,2.0,3.0,4.0,5.0,3.0,6,5,5,5,5,5,5,3,5,1,1,1,0,1,1,0,0,0,0,1,1,0,1,1,1,1,2,3,1,2,24,1,2,1,60,2,1,1
10134,1.0,1.0,4.0,4.0,4.0,2.0,1.0,2.0,5.0,3.0,1.0,3.0,2.0,3.0,5.0,2.0,1.0,4.0,4.0,1.0,2,5,7,3,3,3,3,2,6,2,1,1,1,1,1,0,1,0,0,1,0,0,1,1,1,1,4,3,2,1,48,1,1,3,60,2,2,1
10135,5.0,3.0,1.0,4.0,4.0,1.0,1.0,2.0,5.0,4.0,1.0,4.0,4.0,5.0,4.0,4.0,1.0,5.0,4.0,1.0,5,5,5,1,7,2,5,1,6,5,1,1,0,1,1,0,0,0,0,1,0,0,1,1,1,1,3,2,2,1,39,1,7,1,60,1,2,2
10136,3.0,4.0,3.0,3.0,2.0,3.0,3.0,4.0,5.0,4.0,2.0,3.0,4.0,2.0,1.0,2.0,1.0,3.0,5.0,1.0,7,4,7,1,7,1,6,1,4,1,1,1,1,1,1,0,1,0,0,1,1,1,1,1,1,1,3,2,2,1,53,1,9,1,60,1,2,2
10137,1.0,3.0,1.0,5.0,1.0,2.0,2.0,1.0,5.0,5.0,1.0,2.0,1.0,3.0,1.0,4.0,1.0,1.0,5.0,1.0,3,1,7,1,7,6,7,2,7,4,1,1,1,1,1,1,0,0,0,1,1,0,1,1,1,1,3,1,2,1,40,1,1,1,60,1,3,2
10138,2.0,2.0,3.0,3.0,5.0,3.0,2.0,2.0,4.0,4.0,1.0,3.0,3.0,1.0,4.0,5.0,1.0,2.0,4.0,2.0,2,4,7,3,5,5,5,2,5,1,1,1,0,1,1,0,0,0,0,1,0,0,1,1,1,1,3,2,1,1,38,1,6,1,60,1,2,2
10139,1.0,1.0,3.0,5.0,1.0,5.0,2.0,1.0,5.0,2.0,1.0,1.0,1.0,2.0,2.0,5.0,2.0,4.0,5.0,1.0,6,6,7,6,6,4,6,1,3,3,1,1,0,1,1,0,0,0,0,1,0,0,0,1,1,1,2,3,2,1,20,1,7,1,30,1,1,2
10140,2.0,4.0,4.0,3.0,4.0,4.0,2.0,4.0,5.0,4.0,1.0,2.0,1.0,2.0,4.0,4.0,2.0,4.0,2.0,1.0,6,3,7,2,5,2,5,1,6,5,1,1,1,1,1,0,0,1,0,1,0,1,1,1,1,1,3,3,2,1,43,1,6,1,60,1,2,2
10141,2.0,2.0,1.0,4.0,4.0,5.0,1.0,4.0,5.0,2.0,1.0,4.0,4.0,1.0,4.0,2.0,1.0,2.0,5.0,1.0,5,5,6,1,5,7,3,1,6,2,1,1,1,1,1,0,0,0,0,1,0,0,1,1,1,1,4,3,1,1,42,1,6,1,60,1,2,2
10142,4.0,4.0,4.0,4.0,5.0,3.0,3.0,4.0,5.0,5.0,1.0,5.0,2.0,2.0,5.0,2.0,3.0,5.0,5.0,1.0,3,1,6,5,7,7,7,2,3,2,1,1,0,1,1,0,0,0,0,1,0,0,1,0,1,1,2,2,2,1,19,1,7,2,70,1,1,2
10143,2.0,4.0,2.0,5.0,3.0,4.0,1.0,4.0,5.0,4.0,2.0,3.0,2.0,3.0,3.0,4.0,3.0,3.0,5.0,1.0,3,5,3,4,5,6,5,4,4,4,1,1,0,1,1,0,0,0,0,1,0,0,1,1,1,1,3,2,1,1,21,1,2,1,60,1,1,5
10144,1.0,3.0,4.0,4.0,1.0,4.0,2.0,3.0,4.0,4.0,1.0,3.0,2.0,4.0,3.0,3.0,4.0,3.0,5.0,1.0,3,3,6,2,6,5,6,1,6,2,1,1,0,1,1,0,0,0,0,1,0,0,0,1,1,1,3,2,1,1,25,1,2,1,0,1,1,3
10145,2.0,3.0,4.0,4.0,4.0,3.0,1.0,4.0,5.0,3.0,2.0,3.0,3.0,3.0,4.0,2.0,2.0,3.0,5.0,2.0,3,4,4,5,6,5,6,4,5,2,1,1,1,1,1,0,1,0,0,1,0,0,1,1,1,1,4,2,2,1,37,1,12,1,60,1,2,4
10146,1.0,3.0,2.0,4.0,4.0,1.0,1.0,1.0,5.0,4.0,1.0,1.0,1.0,5.0,1.0,1.0,1.0,1.0,5.0,2.0,5,6,5,2,7,3,6,3,6,2,1,1,1,1,1,0,1,0,0,1,1,0,1,1,1,1,4,2,2,1,49,1,6,1,60,1,1,3
10147,2.0,2.0,2.0,3.0,4.0,2.0,1.0,4.0,5.0,4.0,2.0,5.0,2.0,2.0,2.0,1.0,2.0,1.0,5.0,4.0,2,3,7,1,6,5,6,1,7,3,1,1,1,1,1,1,1,0,0,1,0,1,1,1,1,1,4,1,2,1,53,1,6,1,60,1,2,2
10148,2.0,1.0,2.0,5.0,5.0,1.0,1.0,1.0,5.0,4.0,1.0,4.0,4.0,5.0,4.0,2.0,2.0,4.0,5.0,1.0,5,6,6,5,6,3,7,6,6,0,1,1,1,1,1,0,1,1,0,1,1,1,1,1,1,1,2,3,1,1,54,1,6,1,60,1,2,4
10149,4.0,4.0,2.0,1.0,5.0,1.0,1.0,5.0,4.0,1.0,1.0,2.0,4.0,1.0,5.0,1.0,1.0,4.0,5.0,1.0,4,6,1,5,6,1,7,5,2,1,1,1,1,1,1,0,0,0,0,1,0,0,1,1,1,1,3,3,2,1,42,3,4,1,60,1,1,1
10150,2.0,3.0,4.0,4.0,3.0,3.0,2.0,2.0,5.0,4.0,2.0,3.0,4.0,3.0,5.0,5.0,2.0,1.0,3.0,4.0,3,3,7,5,3,3,3,2,6,2,1,1,0,1,1,0,0,0,0,1,0,1,0,1,1,1,2,1,2,1,19,1,6,1,60,1,1,3
10151,2.0,1.0,4.0,2.0,5.0,4.0,5.0,2.0,4.0,5.0,1.0,4.0,1.0,1.0,4.0,2.0,1.0,2.0,5.0,1.0,5,5,5,5,7,2,7,1,5,2,1,1,1,1,1,0,1,1,0,1,1,0,1,1,1,1,3,1,2,1,47,1,7,1,60,1,2,4
10152,4.0,4.0,4.0,2.0,5.0,4.0,2.0,2.0,4.0,4.0,1.0,4.0,2.0,2.0,5.0,5.0,1.0,2.0,4.0,1.0,3,4,7,1,6,6,6,1,7,2,1,1,1,1,1,0,0,1,0,1,1,0,1,1,1,1,4,1,1,1,49,1,7,1,60,1,2,3
10153,1.0,2.0,5.0,4.0,4.0,4.0,1.0,2.0,5.0,3.0,1.0,5.0,2.0,3.0,4.0,1.0,2.0,2.0,5.0,1.0,3,5,5,6,3,2,6,2,3,5,1,1,0,1,1,0,0,0,0,1,0,0,1,1,1,1,4,2,2,1,42,1,4,1,60,1,1,3
10154,3.0,4.0,2.0,1.0,4.0,1.0,1.0,4.0,1.0,2.0,1.0,5.0,5.0,2.0,4.0,2.0,1.0,4.0,5.0,3.0,5,7,5,5,6,7,6,2,4,5,1,1,0,1,0,0,0,0,0,1,0,0,0,1,1,1,3,3,2,2,25,1,2,2,70,2,1,2
10155,4.0,2.0,1.0,4.0,4.0,1.0,1.0,1.0,5.0,5.0,1.0,5.0,4.0,3.0,4.0,2.0,4.0,2.0,5.0,4.0,6,5,6,5,7,7,6,4,5,1,1,1,1,1,1,0,0,1,0,1,0,0,1,1,1,1,3,2,2,1,35,2,12,1,60,1,2,2
10156,2.0,4.0,3.0,3.0,2.0,4.0,2.0,1.0,5.0,2.0,2.0,4.0,1.0,3.0,3.0,4.0,2.0,2.0,4.0,1.0,1,5,7,5,5,7,7,1,5,3,1,1,1,1,1,0,1,0,0,1,0,0,1,1,1,1,3,2,2,1,40,1,12,1,60,1,1,2
10157,4.0,4.0,1.0,4.0,4.0,2.0,2.0,2.0,4.0,4.0,1.0,2.0,5.0,3.0,2.0,5.0,1.0,4.0,5.0,2.0,2,6,7,1,7,6,5,2,6,1,1,1,0,1,1,0,0,0,0,1,0,0,1,1,1,1,3,1,1,1,28,2,4,1,60,1,2,4
10158,4.0,4.0,4.0,4.0,2.0,4.0,2.0,2.0,5.0,4.0,1.0,4.0,1.0,2.0,1.0,4.0,3.0,4.0,4.0,1.0,7,1,6,1,7,3,5,1,6,2,1,1,1,1,1,0,1,1,0,1,0,1,1,1,1,1,4,1,1,1,40,1,7,1,60,1,2,3
10159,4.0,4.0,4.0,2.0,4.0,2.0,2.0,4.0,5.0,2.0,1.0,5.0,2.0,1.0,4.0,2.0,3.0,2.0,5.0,5.0,2,5,6,5,6,5,6,2,6,5,1,1,0,1,1,0,0,0,0,1,0,0,0,1,1,1,2,1,2,1,21,1,2,1,60,1,1,4
10160,1.0,1.0,1.0,1.0,1.0,5.0,5.0,1.0,5.0,5.0,1.0,1.0,1.0,1.0,3.0,1.0,5.0,1.0,1.0,1.0,1,5,6,6,3,5,6,1,5,5,1,1,0,1,1,0,0,0,0,1,0,0,0,1,1,1,3,2,2,1,29,2,7,1,60,1,2,2
10161,2.0,1.0,2.0,2.0,4.0,4.0,1.0,3.0,5.0,4.0,1.0,4.0,4.0,2.0,5.0,4.0,1.0,4.0,5.0,1.0,3,5,6,2,5,3,7,6,5,3,1,1,0,1,1,0,0,0,0,1,0,0,1,1,1,1,3,3,1,1,46,1,4,1,60,1,1,2
10162,2.0,4.0,1.0,2.0,4.0,4.0,1.0,3.0,2.0,4.0,2.0,4.0,4.0,2.0,4.0,1.0,1.0,4.0,5.0,1.0,7,1,7,2,7,1,6,1,6,6,1,1,1,1,1,0,0,1,0,1,0,0,1,1,1,1,3,2,2,1,56,1,6,1,60,1,3,2
10163,5.0,1.0,2.0,1.0,1.0,1.0,1.0,5.0,2.0,2.0,1.0,5.0,4.0,2.0,5.0,1.0,1.0,5.0,5.0,2.0,1,7,2,6,6,7,1,7,2,6,1,1,0,1,1,0,0,1,0,1,0,0,1,1,1,1,2,1,1,1,18,1,2,2,60,1,1,1
10164,4.0,4.0,2.0,5.0,5.0,1.0,1.0,4.0,5.0,1.0,1.0,4.0,4.0,2.0,4.0,1.0,1.0,5.0,5.0,3.0,2,7,7,5,5,1,5,2,3,2,1,1,1,1,1,1,1,1,1,1,1,1,1,1,1,1,4,3,2,1,47,1,6,1,60,1,2,2
10165,1.0,1.0,5.0,5.0,1.0,5.0,4.0,1.0,4.0,2.0,2.0,1.0,5.0,5.0,1.0,5.0,3.0,4.0,5.0,1.0,2,5,5,5,5,4,5,1,5,3,1,1,0,1,1,0,0,0,0,1,0,0,1,1,1,1,3,3,1,1,21,1,2,1,60,2,1,2
10166,1.0,3.0,4.0,5.0,1.0,4.0,4.0,1.0,5.0,3.0,1.0,4.0,1.0,3.0,3.0,1.0,4.0,2.0,5.0,1.0,5,5,6,6,6,5,5,5,3,3,1,1,1,1,1,0,0,1,0,0,0,0,0,0,1,1,3,3,2,1,32,1,2,1,60,2,3,1
10167,3.0,2.0,2.0,2.0,4.0,2.0,5.0,4.0,4.0,2.0,2.0,5.0,2.0,2.0,2.0,1.0,1.0,4.0,5.0,1.0,7,3,7,5,5,1,6,1,6,5,1,1,0,1,1,0,0,0,0,1,0,0,1,1,1,1,4,2,1,1,50,2,6,1,60,1,2,3
10168,5.0,4.0,1.0,4.0,1.0,1.0,1.0,1.0,1.0,1.0,2.0,4.0,2.0,1.0,3.0,1.0,1.0,5.0,5.0,1.0,3,1,7,1,7,5,4,1,7,1,1,1,0,1,1,0,1,1,0,1,1,0,1,1,1,1,2,2,1,1,18,1,2,1,60,2,1,3
10169,4.0,1.0,1.0,1.0,5.0,1.0,1.0,5.0,5.0,1.0,1.0,5.0,1.0,1.0,2.0,1.0,5.0,5.0,5.0,1.0,1,3,3,7,3,3,7,1,6,7,1,1,1,1,1,0,1,1,0,1,0,1,1,1,1,1,3,2,2,1,62,1,4,1,60,1,2,3
10170,4.0,1.0,1.0,3.0,2.0,1.0,1.0,5.0,4.0,4.0,2.0,5.0,2.0,1.0,2.0,1.0,1.0,4.0,5.0,1.0,2,7,6,4,6,6,3,1,6,2,1,1,1,1,1,0,0,1,0,1,0,0,1,1,1,1,2,2,1,1,23,1,2,1,60,1,1,2
10171,5.0,2.0,1.0,4.0,5.0,1.0,1.0,2.0,4.0,5.0,2.0,5.0,5.0,2.0,5.0,5.0,1.0,4.0,5.0,1.0,7,2,5,5,7,1,7,5,6,2,1,1,1,1,1,1,1,0,1,1,0,0,1,1,1,1,3,2,2,1,43,1,4,1,60,1,2,2
10172,5.0,4.0,5.0,4.0,4.0,1.0,1.0,5.0,2.0,1.0,1.0,4.0,4.0,1.0,5.0,5.0,1.0,1.0,5.0,4.0,7,7,7,7,7,1,6,6,1,1,1,1,0,1,1,0,0,1,0,1,0,0,1,1,1,1,3,3,2,1,33,1,4,2,70,1,3,3
10173,4.0,4.0,1.0,2.0,4.0,1.0,1.0,4.0,3.0,4.0,2.0,3.0,4.0,2.0,4.0,1.0,1.0,5.0,5.0,1.0,3,5,7,2,6,7,6,4,6,3,1,1,0,1,1,1,0,0,0,1,0,0,1,1,1,1,3,2,1,1,23,1,1,1,60,1,1,2
10174,5.0,5.0,3.0,2.0,4.0,1.0,1.0,5.0,1.0,1.0,1.0,5.0,5.0,1.0,5.0,2.0,1.0,4.0,5.0,4.0,2,7,5,6,4,5,1,6,4,4,1,1,1,1,1,0,1,1,0,1,0,0,1,1,1,1,2,2,1,2,23,1,2,2,60,2,1,2
10175,1.0,4.0,4.0,5.0,1.0,2.0,1.0,1.0,5.0,5.0,4.0,1.0,1.0,2.0,1.0,4.0,1.0,1.0,2.0,1.0,6,3,2,5,7,1,7,5,3,2,1,1,0,1,1,0,0,0,0,1,0,0,0,1,1,1,3,2,2,1,32,1,6,1,60,1,2,3
10176,5.0,5.0,1.0,1.0,5.0,1.0,1.0,5.0,1.0,1.0,1.0,5.0,5.0,1.0,5.0,1.0,1.0,5.0,5.0,3.0,2,3,7,7,7,7,1,4,2,2,1,1,1,1,1,0,0,0,0,1,1,0,1,1,1,1,4,2,2,1,41,1,4,1,60,1,2,2
10177,1.0,1.0,1.0,4.0,2.0,1.0,1.0,2.0,5.0,2.0,5.0,2.0,1.0,2.0,2.0,4.0,3.0,2.0,5.0,1.0,6,6,7,1,7,5,6,2,3,3,1,1,0,1,1,0,0,0,0,1,0,0,1,1,1,1,3,2,2,1,46,2,7,1,60,1,2,2
10178,1.0,4.0,5.0,2.0,4.0,2.0,1.0,1.0,5.0,5.0,1.0,2.0,2.0,1.0,4.0,2.0,4.0,1.0,5.0,1.0,2,5,7,5,6,7,6,2,6,2,1,1,0,1,1,1,0,0,0,1,0,0,1,1,1,1,4,2,1,1,48,1,6,1,60,1,2,2
10179,1.0,2.0,3.0,2.0,3.0,2.0,1.0,1.0,5.0,5.0,1.0,2.0,1.0,1.0,4.0,5.0,2.0,2.0,4.0,2.0,5,5,5,5,4,5,6,3,6,2,1,1,0,1,1,0,0,0,0,1,0,0,1,1,1,1,4,3,2,2,27,1,4,1,70,2,1,2
10180,2.0,2.0,4.0,4.0,4.0,2.0,2.0,5.0,5.0,5.0,1.0,2.0,2.0,4.0,4.0,2.0,2.0,4.0,5.0,2.0,5,1,6,6,5,5,6,3,1,1,0,0,0,0,0,0,0,0,0,0,0,0,0,0,0,0,2,3,2,1,20,1,1,2,60,0,1,2
10181,5.0,5.0,1.0,1.0,5.0,1.0,1.0,4.0,5.0,1.0,1.0,5.0,5.0,1.0,5.0,1.0,1.0,5.0,5.0,1.0,6,7,3,6,7,2,3,3,2,4,1,1,0,1,1,0,0,0,0,1,0,0,1,1,1,1,3,3,1,1,29,2,1,1,10,1,2,2
10182,4.0,4.0,4.0,4.0,5.0,4.0,2.0,4.0,5.0,4.0,2.0,5.0,4.0,2.0,1.0,1.0,1.0,4.0,5.0,1.0,2,5,7,2,7,6,6,2,6,1,1,1,1,1,1,0,0,1,0,1,1,1,1,1,1,1,2,2,2,1,51,3,1,2,60,1,2,2
10183,5.0,5.0,2.0,5.0,2.0,1.0,1.0,2.0,4.0,2.0,1.0,5.0,5.0,5.0,5.0,2.0,1.0,2.0,5.0,1.0,5,3,2,6,7,3,7,4,3,6,1,1,0,1,1,0,0,0,0,1,0,0,0,1,1,1,2,2,2,1,24,1,6,1,60,2,1,2
10184,4.0,5.0,2.0,2.0,5.0,1.0,1.0,4.0,3.0,1.0,1.0,5.0,5.0,1.0,5.0,2.0,1.0,5.0,5.0,4.0,7,6,5,7,7,2,4,4,2,2,1,1,0,1,1,0,0,1,0,1,0,1,1,1,1,1,2,3,2,1,17,1,2,3,60,2,1,2
10185,5.0,5.0,1.0,1.0,4.0,1.0,1.0,5.0,4.0,1.0,1.0,5.0,5.0,2.0,4.0,1.0,1.0,5.0,3.0,1.0,3,2,2,1,7,3,2,7,6,1,1,1,0,1,1,0,0,1,0,1,0,0,1,1,1,1,2,2,1,1,18,1,1,1,60,2,1,3
10186,2.0,3.0,3.0,5.0,4.0,1.0,2.0,2.0,5.0,4.0,2.0,4.0,1.0,5.0,1.0,2.0,2.0,2.0,5.0,3.0,7,5,6,2,6,1,6,1,6,6,1,1,1,1,1,0,1,0,0,1,1,0,1,1,1,1,3,2,2,1,52,1,2,2,60,1,1,4
10187,2.0,1.0,5.0,3.0,2.0,4.0,4.0,3.0,5.0,3.0,1.0,4.0,2.0,2.0,2.0,1.0,4.0,4.0,5.0,1.0,2,5,7,5,7,6,7,1,4,1,1,1,0,1,1,0,0,0,0,1,0,0,0,1,1,1,4,3,2,1,31,2,2,2,60,1,3,2
10188,3.0,3.0,1.0,5.0,1.0,1.0,1.0,4.0,5.0,4.0,1.0,4.0,4.0,1.0,3.0,1.0,5.0,5.0,5.0,1.0,6,5,4,2,6,5,6,5,4,1,1,1,1,1,1,0,1,1,0,1,1,0,1,1,1,1,4,1,1,1,48,1,2,1,60,1,2,2
10189,5.0,4.0,1.0,3.0,5.0,1.0,1.0,4.0,1.0,3.0,1.0,5.0,3.0,2.0,4.0,1.0,1.0,5.0,5.0,1.0,3,4,3,3,5,7,5,5,5,4,1,1,1,1,1,0,0,0,0,1,0,0,1,1,1,1,3,2,1,1,21,1,1,1,60,1,1,3
10190,1.0,3.0,1.0,5.0,1.0,1.0,1.0,1.0,5.0,4.0,2.0,4.0,1.0,4.0,4.0,2.0,2.0,4.0,5.0,1.0,5,7,6,1,6,5,4,2,7,1,1,1,1,1,1,0,1,1,0,1,1,0,1,1,1,1,3,3,1,1,35,2,6,1,60,1,2,2
10191,1.0,2.0,4.0,3.0,2.0,3.0,4.0,2.0,5.0,4.0,2.0,1.0,1.0,2.0,2.0,4.0,2.0,3.0,4.0,3.0,1,3,4,2,5,5,5,2,6,2,1,1,1,1,1,0,1,0,0,1,0,0,1,1,1,1,3,2,2,1,58,1,2,1,60,2,3,6
10192,3.0,1.0,1.0,1.0,4.0,3.0,1.0,3.0,4.0,5.0,1.0,4.0,1.0,1.0,1.0,1.0,1.0,1.0,5.0,4.0,3,3,6,6,6,6,7,2,3,2,1,1,0,1,0,0,0,0,0,1,0,0,1,1,1,1,3,3,1,2,27,1,2,1,60,1,1,2
10193,5.0,5.0,1.0,1.0,5.0,1.0,1.0,5.0,1.0,1.0,1.0,5.0,5.0,1.0,5.0,2.0,4.0,2.0,4.0,5.0,3,7,7,7,4,7,2,7,4,2,1,1,0,1,1,0,0,0,0,1,0,0,1,1,1,1,3,2,1,1,20,1,6,1,60,2,1,2
10194,3.0,4.0,1.0,3.0,5.0,1.0,1.0,3.0,5.0,4.0,1.0,4.0,5.0,1.0,5.0,3.0,4.0,4.0,3.0,4.0,5,1,6,4,5,7,7,4,3,3,1,1,0,1,1,0,0,0,0,1,0,0,1,1,1,1,3,1,2,1,38,1,7,1,30,1,1,3
10195,1.0,5.0,5.0,5.0,1.0,2.0,3.0,5.0,5.0,5.0,2.0,1.0,5.0,2.0,5.0,1.0,1.0,5.0,5.0,1.0,6,7,6,7,6,1,6,5,3,2,1,1,0,1,1,0,0,0,0,1,0,0,0,1,1,1,3,3,2,2,21,1,1,1,10,2,1,1
10196,1.0,1.0,4.0,4.0,1.0,2.0,2.0,1.0,5.0,5.0,1.0,1.0,1.0,4.0,4.0,1.0,5.0,1.0,1.0,1.0,1,5,5,1,5,7,7,5,7,1,1,1,1,1,1,0,1,0,0,1,1,1,1,1,1,1,2,3,1,1,74,1,4,1,60,1,2,3
10197,3.0,4.0,2.0,3.0,2.0,3.0,3.0,4.0,3.0,5.0,2.0,3.0,4.0,1.0,4.0,4.0,4.0,4.0,5.0,1.0,2,6,6,7,6,7,6,5,5,2,1,1,1,1,1,0,0,0,0,1,0,1,1,1,1,1,3,2,1,1,27,1,6,1,60,1,1,4
10198,4.0,4.0,2.0,4.0,4.0,2.0,2.0,5.0,4.0,1.0,3.0,4.0,4.0,1.0,4.0,2.0,1.0,4.0,3.0,1.0,2,1,6,6,7,7,6,3,2,2,1,1,1,0,1,0,0,1,0,1,0,1,1,1,1,1,2,3,2,1,20,1,4,4,10,1,1,1
10199,2.0,4.0,2.0,4.0,2.0,1.0,1.0,1.0,5.0,4.0,1.0,4.0,2.0,4.0,1.0,5.0,3.0,2.0,5.0,2.0,1,6,6,7,6,2,5,5,1,2,1,1,1,1,1,0,0,0,0,1,0,0,1,1,1,1,3,2,2,1,47,1,7,1,60,2,3,5
10200,5.0,5.0,1.0,3.0,4.0,3.0,1.0,4.0,3.0,2.0,1.0,5.0,4.0,1.0,4.0,1.0,5.0,5.0,5.0,2.0,7,1,7,2,6,2,6,1,6,1,1,1,1,1,1,0,1,0,0,1,0,1,1,1,1,1,4,2,2,1,56,1,1,1,60,1,3,2
10201,5.0,5.0,1.0,1.0,5.0,1.0,1.0,5.0,1.0,1.0,1.0,5.0,4.0,1.0,5.0,1.0,1.0,4.0,5.0,3.0,3,7,1,7,4,4,3,6,1,1,1,1,1,1,1,0,1,1,0,1,0,0,1,1,1,1,4,1,2,2,27,3,2,2,60,2,1,1
10202,5.0,5.0,2.0,1.0,5.0,1.0,2.0,5.0,1.0,1.0,1.0,5.0,5.0,1.0,4.0,5.0,2.0,4.0,5.0,5.0,1,6,7,5,3,7,1,2,6,3,1,0,0,1,1,0,0,0,0,1,0,0,0,0,1,1,2,2,2,2,15,1,12,1,10,2,1,1
10203,1.0,1.0,2.0,4.0,3.0,2.0,1.0,2.0,5.0,5.0,1.0,1.0,3.0,2.0,2.0,2.0,1.0,4.0,5.0,2.0,5,2,6,1,7,6,6,2,7,3,1,1,1,1,1,0,1,1,0,1,0,0,1,1,1,1,3,3,1,1,49,1,7,1,60,1,2,3
10204,3.0,4.0,3.0,5.0,2.0,2.0,1.0,5.0,5.0,2.0,1.0,2.0,1.0,3.0,1.0,1.0,3.0,4.0,5.0,1.0,1,5,1,6,7,7,6,5,2,5,1,1,0,1,1,0,0,1,0,1,0,0,1,1,1,1,3,3,2,2,21,1,2,1,10,2,1,1
10205,2.0,1.0,2.0,2.0,3.0,2.0,1.0,2.0,5.0,5.0,2.0,5.0,1.0,5.0,2.0,2.0,1.0,4.0,5.0,1.0,6,6,4,5,7,7,7,2,1,2,1,1,0,1,1,0,0,0,0,1,0,1,0,1,1,1,3,3,2,2,23,1,5,1,60,2,1,2
10206,5.0,5.0,5.0,4.0,5.0,5.0,1.0,1.0,1.0,4.0,5.0,1.0,5.0,1.0,4.0,1.0,2.0,5.0,5.0,5.0,7,7,2,7,6,7,6,7,2,7,1,1,0,1,1,0,0,0,0,1,0,0,0,1,1,1,3,3,2,2,35,1,10,2,10,1,2,3
10207,5.0,5.0,3.0,3.0,5.0,1.0,2.0,5.0,5.0,4.0,1.0,5.0,4.0,1.0,5.0,1.0,2.0,4.0,3.0,3.0,5,1,6,2,5,6,5,7,5,2,1,1,1,1,1,0,0,0,0,1,0,0,1,1,1,1,3,2,1,2,21,3,6,1,70,2,1,5
10208,1.0,4.0,4.0,4.0,1.0,1.0,1.0,1.0,5.0,5.0,2.0,1.0,1.0,3.0,4.0,4.0,1.0,1.0,5.0,1.0,4,3,7,2,6,5,2,1,6,1,1,1,1,1,1,0,1,1,0,1,1,0,1,1,1,1,4,3,1,1,74,1,2,1,60,1,2,1
10209,5.0,4.0,5.0,2.0,4.0,4.0,5.0,2.0,5.0,3.0,5.0,3.0,4.0,2.0,3.0,2.0,3.0,3.0,5.0,1.0,7,5,6,7,7,1,7,2,4,5,1,0,0,1,1,0,0,0,0,1,0,0,0,1,1,1,2,3,2,2,19,1,10,1,10,2,1,3
10210,3.0,2.0,5.0,5.0,3.0,5.0,3.0,3.0,4.0,3.0,2.0,4.0,4.0,3.0,2.0,4.0,4.0,2.0,1.0,3.0,4,1,4,5,5,5,5,5,4,3,0,0,0,0,0,0,0,0,0,0,0,0,0,0,0,1,4,3,1,2,37,1,4,2,10,1,1,4
10211,5.0,5.0,1.0,1.0,5.0,1.0,1.0,1.0,1.0,1.0,1.0,5.0,4.0,1.0,5.0,1.0,5.0,5.0,5.0,5.0,2,3,2,2,2,6,2,6,5,2,1,1,0,1,1,0,1,1,0,1,0,0,1,1,1,1,3,3,1,2,21,2,2,1,60,1,1,2
10212,2.0,2.0,5.0,2.0,2.0,4.0,4.0,5.0,5.0,4.0,4.0,5.0,1.0,1.0,3.0,1.0,3.0,1.0,5.0,3.0,6,5,6,2,7,4,7,1,6,3,1,1,0,1,1,0,0,1,0,1,0,0,1,1,1,1,2,3,1,1,18,1,2,1,10,2,1,2
10213,5.0,5.0,1.0,1.0,5.0,1.0,1.0,5.0,4.0,1.0,1.0,4.0,5.0,1.0,4.0,1.0,1.0,5.0,5.0,5.0,7,6,5,2,6,1,6,5,6,3,1,1,1,1,1,0,1,0,0,1,1,0,1,1,1,1,3,3,1,2,22,1,2,1,60,1,1,1
10214,4.0,4.0,5.0,2.0,5.0,3.0,2.0,4.0,5.0,3.0,1.0,5.0,5.0,1.0,2.0,4.0,1.0,4.0,5.0,4.0,2,3,5,4,4,7,6,2,4,3,1,1,1,1,1,0,0,1,0,1,0,0,1,1,1,1,3,3,1,2,24,1,2,1,60,1,1,2
10215,4.0,4.0,4.0,2.0,4.0,2.0,2.0,3.0,2.0,2.0,2.0,4.0,2.0,1.0,5.0,3.0,2.0,4.0,4.0,1.0,4,3,5,3,5,3,5,3,7,3,0,1,0,0,0,0,1,0,0,0,0,0,1,0,1,1,4,3,1,1,26,1,4,1,60,1,1,3
10216,3.0,5.0,1.0,1.0,5.0,1.0,1.0,5.0,2.0,2.0,1.0,5.0,4.0,1.0,4.0,1.0,1.0,4.0,2.0,3.0,2,6,7,5,7,6,5,5,5,4,1,1,1,1,1,0,1,1,0,1,1,0,1,1,1,1,4,1,2,1,48,1,1,2,60,2,2,1
10217,5.0,5.0,1.0,1.0,5.0,4.0,1.0,5.0,2.0,4.0,1.0,4.0,5.0,1.0,5.0,1.0,1.0,5.0,5.0,5.0,7,6,7,1,6,1,6,1,7,2,1,1,1,1,1,1,1,0,0,1,0,0,1,1,1,1,4,2,1,1,50,1,6,1,60,1,2,2
10218,2.0,4.0,4.0,2.0,4.0,2.0,2.0,4.0,2.0,4.0,1.0,5.0,1.0,1.0,1.0,1.0,4.0,4.0,2.0,3.0,5,3,0,2,6,5,5,5,6,2,1,1,1,1,1,1,1,1,0,1,1,0,1,1,1,1,3,0,1,1,62,1,2,5,60,2,2,3
10219,1.0,4.0,1.0,3.0,4.0,4.0,1.0,1.0,5.0,1.0,3.0,2.0,1.0,2.0,3.0,1.0,5.0,1.0,5.0,1.0,3,4,6,2,3,4,6,3,5,3,1,1,1,1,1,0,0,1,0,1,0,0,1,1,1,1,3,3,2,2,27,1,4,1,10,1,1,4
10220,2.0,2.0,1.0,2.0,4.0,1.0,1.0,5.0,5.0,2.0,1.0,5.0,1.0,1.0,2.0,1.0,2.0,1.0,5.0,1.0,1,4,7,2,5,4,5,1,6,4,1,1,1,1,1,0,0,0,0,1,0,1,1,1,1,1,4,3,2,1,27,1,3,1,10,1,1,1
10221,5.0,1.0,2.0,1.0,4.0,1.0,2.0,5.0,5.0,5.0,1.0,5.0,4.0,1.0,3.0,4.0,4.0,3.0,5.0,1.0,5,2,7,5,7,7,7,1,7,1,1,1,0,1,1,0,1,0,0,1,0,0,1,1,1,1,4,3,1,2,48,1,8,1,10,1,2,1
10222,1.0,4.0,2.0,3.0,4.0,4.0,1.0,4.0,5.0,5.0,1.0,4.0,1.0,1.0,2.0,2.0,4.0,4.0,5.0,1.0,6,3,6,6,6,4,6,2,3,2,1,0,0,1,1,0,0,1,0,1,0,1,0,1,1,1,4,3,2,2,27,1,2,1,60,2,1,3
10223,3.0,5.0,4.0,1.0,5.0,3.0,2.0,2.0,5.0,4.0,1.0,5.0,2.0,1.0,3.0,4.0,2.0,4.0,5.0,5.0,1,2,6,7,5,7,7,4,5,1,0,1,1,1,1,0,1,1,0,1,0,0,1,1,1,1,3,3,2,2,20,1,4,5,30,2,1,4
10224,4.0,4.0,2.0,4.0,4.0,3.0,3.0,4.0,4.0,4.0,2.0,5.0,4.0,3.0,4.0,3.0,2.0,4.0,4.0,4.0,2,2,5,3,6,5,5,5,5,5,1,1,1,1,1,0,1,1,0,1,1,0,1,1,1,1,3,3,2,1,46,2,7,1,60,1,2,3
10225,5.0,5.0,1.0,4.0,2.0,1.0,1.0,2.0,1.0,1.0,4.0,5.0,2.0,1.0,5.0,4.0,1.0,5.0,5.0,1.0,3,7,2,1,7,6,1,6,7,7,1,1,0,1,1,0,0,1,0,1,1,0,0,0,1,1,2,2,1,2,22,1,6,2,60,2,1,1
10226,5.0,5.0,1.0,4.0,5.0,1.0,1.0,5.0,5.0,5.0,1.0,5.0,5.0,3.0,3.0,1.0,2.0,5.0,5.0,4.0,7,5,7,1,7,5,5,1,7,1,1,1,1,1,1,1,0,1,1,1,1,1,1,1,1,1,2,1,1,1,18,3,4,1,60,2,1,1
10227,4.0,4.0,5.0,1.0,1.0,2.0,1.0,3.0,1.0,4.0,1.0,5.0,4.0,1.0,5.0,1.0,2.0,5.0,5.0,1.0,2,1,2,3,3,5,6,7,3,1,1,1,1,1,1,0,0,0,0,1,0,0,1,1,1,1,4,1,2,1,33,1,2,1,60,1,2,3
10228,4.0,2.0,3.0,2.0,4.0,2.0,2.0,3.0,4.0,2.0,1.0,4.0,4.0,2.0,3.0,4.0,2.0,4.0,5.0,2.0,6,3,4,5,6,3,6,4,5,2,1,1,0,1,1,0,0,0,0,1,0,0,1,1,1,1,3,2,2,1,24,1,7,1,60,1,2,2
10229,5.0,1.0,3.0,1.0,1.0,2.0,1.0,4.0,1.0,2.0,3.0,3.0,4.0,1.0,4.0,1.0,5.0,5.0,3.0,1.0,7,4,7,1,7,7,5,2,6,1,0,0,0,0,1,0,0,0,0,0,1,0,0,0,0,1,4,3,1,2,23,1,10,1,20,2,1,2
10230,1.0,1.0,4.0,2.0,4.0,2.0,2.0,2.0,5.0,5.0,2.0,4.0,1.0,2.0,4.0,4.0,4.0,1.0,4.0,1.0,2,5,6,7,6,7,6,3,3,3,1,1,0,1,1,0,0,0,0,1,0,0,1,1,1,1,2,2,2,1,25,1,7,1,60,1,1,4
10231,4.0,3.0,4.0,3.0,4.0,5.0,4.0,4.0,4.0,3.0,1.0,4.0,5.0,1.0,4.0,1.0,1.0,3.0,4.0,2.0,1,1,7,1,1,7,5,1,7,1,1,1,1,1,1,0,0,1,0,1,1,1,1,1,1,1,2,2,2,2,18,2,4,2,10,2,1,3
10232,1.0,2.0,5.0,3.0,1.0,5.0,5.0,1.0,5.0,5.0,1.0,2.0,1.0,2.0,3.0,2.0,1.0,3.0,5.0,1.0,4,5,5,2,6,2,6,3,6,1,1,1,1,1,1,0,0,1,0,1,0,0,1,1,1,1,2,1,1,1,61,1,2,1,60,1,3,4
10233,1.0,2.0,5.0,4.0,5.0,5.0,2.0,4.0,4.0,4.0,1.0,4.0,3.0,3.0,5.0,2.0,1.0,1.0,5.0,5.0,3,6,7,5,4,1,3,3,4,1,1,1,1,1,1,1,0,0,1,1,0,0,1,1,1,1,3,1,1,1,38,1,1,1,60,1,2,2
10234,2.0,2.0,3.0,4.0,1.0,4.0,2.0,4.0,5.0,4.0,4.0,1.0,1.0,4.0,2.0,4.0,4.0,4.0,4.0,1.0,2,2,6,3,6,6,5,2,7,2,1,1,1,1,1,0,1,1,0,1,1,0,1,1,1,1,4,3,1,1,61,1,2,1,60,2,3,5
10235,5.0,1.0,1.0,5.0,5.0,1.0,1.0,5.0,5.0,5.0,1.0,5.0,1.0,1.0,1.0,1.0,1.0,5.0,5.0,5.0,6,1,7,1,7,1,1,1,7,1,1,1,1,1,1,0,0,1,0,1,0,0,1,1,1,1,3,2,2,1,51,1,4,1,60,2,2,2
10236,4.0,2.0,3.0,1.0,5.0,2.0,1.0,4.0,3.0,1.0,1.0,5.0,1.0,1.0,3.0,1.0,1.0,1.0,1.0,5.0,4,4,7,3,1,3,7,1,6,1,1,1,1,1,1,1,1,1,1,1,1,1,1,1,1,1,4,3,1,2,36,1,7,1,60,2,2,2
10237,3.0,2.0,1.0,5.0,1.0,3.0,1.0,1.0,5.0,4.0,1.0,1.0,1.0,2.0,4.0,1.0,5.0,2.0,5.0,1.0,7,2,7,6,7,2,7,1,6,1,1,1,1,1,1,0,0,0,0,1,0,0,1,1,1,1,4,3,2,1,28,1,7,1,60,1,2,2
10238,3.0,1.0,1.0,5.0,5.0,2.0,1.0,5.0,4.0,3.0,1.0,2.0,1.0,1.0,1.0,1.0,1.0,4.0,5.0,4.0,6,7,5,2,5,2,6,7,4,1,1,1,0,1,1,0,0,1,0,1,0,1,1,1,1,1,2,3,1,2,22,1,1,1,60,1,1,3
10239,2.0,2.0,4.0,5.0,2.0,4.0,4.0,2.0,5.0,3.0,2.0,2.0,4.0,4.0,2.0,5.0,2.0,2.0,4.0,2.0,3,2,6,2,3,6,6,2,6,2,1,1,0,1,1,0,0,0,0,1,0,0,0,0,1,1,3,1,2,1,47,2,4,1,60,1,1,2
10240,2.0,1.0,4.0,4.0,2.0,4.0,2.0,1.0,5.0,5.0,2.0,1.0,1.0,4.0,4.0,5.0,2.0,2.0,5.0,1.0,6,2,6,5,5,7,6,6,6,3,1,1,0,1,0,0,0,0,0,1,0,0,0,1,1,1,2,1,2,1,30,2,7,1,60,1,2,2
10241,3.0,4.0,5.0,4.0,5.0,4.0,4.0,5.0,5.0,5.0,1.0,4.0,2.0,1.0,4.0,5.0,2.0,4.0,5.0,5.0,1,7,7,1,7,3,7,1,7,1,1,1,0,1,1,0,1,1,0,1,0,0,1,1,1,1,4,1,1,1,55,1,1,1,30,1,2,8
10242,5.0,4.0,2.0,4.0,4.0,1.0,2.0,2.0,5.0,2.0,1.0,5.0,2.0,3.0,3.0,1.0,1.0,5.0,5.0,2.0,3,3,4,4,5,5,5,3,6,1,1,1,1,1,1,0,1,0,0,1,1,0,1,1,1,1,3,3,1,1,44,2,1,1,60,1,2,2
10243,2.0,4.0,5.0,3.0,3.0,5.0,4.0,2.0,5.0,5.0,3.0,4.0,2.0,2.0,3.0,4.0,5.0,4.0,3.0,1.0,6,1,7,5,5,6,7,4,6,3,1,1,1,1,1,0,0,0,0,1,0,1,0,1,1,1,3,3,2,1,56,1,6,1,60,1,2,3
10244,4.0,4.0,2.0,4.0,4.0,2.0,1.0,4.0,4.0,1.0,1.0,5.0,4.0,3.0,4.0,1.0,5.0,5.0,5.0,1.0,5,5,5,3,6,3,5,3,5,5,1,1,1,1,1,0,0,1,0,1,0,0,1,1,1,1,4,3,1,1,23,1,1,1,60,1,1,2
10245,5.0,4.0,1.0,4.0,5.0,1.0,1.0,2.0,4.0,4.0,2.0,5.0,4.0,1.0,5.0,4.0,5.0,2.0,5.0,1.0,7,1,6,2,7,1,6,5,6,2,1,1,1,1,1,0,0,0,1,1,0,0,1,1,1,1,3,2,2,1,43,1,4,1,60,1,2,2
10246,1.0,3.0,3.0,3.0,1.0,5.0,4.0,1.0,4.0,5.0,2.0,3.0,1.0,3.0,2.0,2.0,4.0,2.0,4.0,1.0,5,5,7,3,7,6,6,3,5,3,1,1,1,1,1,1,0,0,0,1,0,0,0,1,1,1,3,3,2,2,24,2,1,1,60,1,1,4
10247,4.0,4.0,2.0,5.0,5.0,1.0,1.0,4.0,4.0,4.0,2.0,5.0,4.0,1.0,2.0,1.0,1.0,5.0,5.0,4.0,3,2,3,4,6,3,7,2,6,1,1,1,1,1,1,1,0,0,0,1,0,0,1,1,1,1,2,2,2,1,57,1,6,1,60,2,3,3
10248,2.0,2.0,4.0,4.0,1.0,1.0,2.0,2.0,5.0,4.0,2.0,2.0,2.0,3.0,3.0,4.0,3.0,4.0,5.0,1.0,2,2,5,5,5,5,5,2,4,2,1,1,0,1,1,0,1,1,0,1,0,1,1,1,1,1,3,2,2,1,27,1,9,2,60,1,1,3
10249,4.0,1.0,3.0,4.0,2.0,1.0,2.0,4.0,5.0,3.0,2.0,1.0,1.0,4.0,1.0,3.0,2.0,1.0,5.0,2.0,5,1,7,2,5,4,6,3,6,6,1,1,1,1,1,0,1,1,0,1,0,0,0,1,1,1,3,1,1,1,49,1,7,1,60,1,3,5
10250,2.0,5.0,2.0,1.0,4.0,1.0,1.0,5.0,3.0,4.0,1.0,5.0,2.0,1.0,4.0,1.0,2.0,4.0,5.0,4.0,6,6,6,5,6,2,6,2,5,2,1,1,1,1,1,0,0,0,0,1,0,0,1,1,1,1,3,2,2,2,33,1,2,1,60,1,2,0
10251,3.0,4.0,4.0,2.0,4.0,4.0,2.0,2.0,5.0,5.0,2.0,4.0,2.0,4.0,3.0,2.0,2.0,1.0,5.0,2.0,1,6,6,4,6,7,3,5,4,4,1,1,1,1,1,0,0,1,0,1,0,1,1,1,1,1,0,3,2,1,38,2,2,1,60,1,1,3
10252,4.0,1.0,5.0,4.0,5.0,2.0,5.0,4.0,5.0,5.0,1.0,4.0,2.0,4.0,1.0,4.0,2.0,2.0,5.0,4.0,5,6,6,5,5,5,6,2,6,5,1,1,0,1,1,0,0,1,0,1,0,0,0,1,1,1,3,2,2,1,44,1,7,1,60,1,3,4
10253,5.0,5.0,5.0,4.0,4.0,1.0,4.0,5.0,5.0,4.0,3.0,5.0,1.0,5.0,3.0,2.0,2.0,2.0,4.0,4.0,7,3,7,7,7,7,3,7,1,2,0,1,0,0,0,0,1,0,0,1,0,0,1,0,0,0,3,3,2,2,21,2,10,1,70,1,1,2
10254,5.0,5.0,2.0,2.0,5.0,3.0,1.0,3.0,1.0,3.0,1.0,4.0,3.0,3.0,4.0,1.0,3.0,5.0,5.0,4.0,1,5,2,4,7,4,5,7,1,4,1,1,0,1,1,0,0,0,0,1,0,0,1,1,1,1,4,3,1,2,36,1,4,1,70,2,2,3
10255,2.0,4.0,2.0,5.0,2.0,4.0,4.0,2.0,4.0,2.0,4.0,2.0,4.0,4.0,2.0,4.0,3.0,2.0,4.0,2.0,6,3,5,3,6,3,7,5,5,3,1,1,1,1,1,0,0,1,0,1,1,0,1,1,1,1,4,2,2,1,46,1,7,1,60,1,1,4
10256,1.0,3.0,3.0,5.0,1.0,2.0,1.0,4.0,2.0,2.0,3.0,1.0,4.0,1.0,5.0,5.0,1.0,1.0,5.0,1.0,7,5,7,1,7,1,5,1,7,3,1,1,0,1,1,0,0,0,0,1,0,0,1,1,1,1,3,1,1,1,29,1,7,1,60,1,2,3
10257,4.0,2.0,4.0,4.0,4.0,1.0,2.0,4.0,5.0,2.0,2.0,2.0,4.0,3.0,4.0,4.0,2.0,4.0,4.0,2.0,5,2,5,2,5,3,6,2,5,4,1,1,1,1,0,0,0,0,0,1,0,0,1,1,1,1,3,2,2,1,33,1,6,1,60,1,2,2
10258,4.0,2.0,3.0,1.0,4.0,2.0,2.0,4.0,5.0,2.0,1.0,3.0,2.0,1.0,3.0,2.0,4.0,4.0,1.0,1.0,6,6,4,3,6,5,6,6,6,3,1,1,0,1,1,0,0,1,0,1,1,0,1,1,1,1,2,3,2,2,19,1,7,1,30,2,1,4
10259,3.0,5.0,5.0,1.0,5.0,2.0,5.0,4.0,2.0,2.0,1.0,4.0,5.0,1.0,5.0,1.0,5.0,5.0,5.0,5.0,1,7,6,7,3,6,5,6,1,3,1,1,1,1,1,0,0,0,0,1,0,0,0,1,1,1,2,3,2,1,41,2,12,1,60,2,3,1
10260,4.0,3.0,5.0,3.0,4.0,2.0,5.0,2.0,5.0,4.0,3.0,3.0,5.0,4.0,1.0,1.0,2.0,4.0,4.0,1.0,5,6,6,3,7,5,2,5,6,1,1,1,0,1,1,0,0,0,0,1,0,0,0,1,1,1,4,1,1,1,45,1,4,1,60,1,2,3
10261,1.0,1.0,5.0,5.0,1.0,5.0,5.0,1.0,5.0,4.0,1.0,2.0,1.0,3.0,1.0,3.0,1.0,4.0,4.0,3.0,7,7,6,1,7,1,6,6,6,1,1,1,1,1,1,0,1,1,0,1,0,1,1,1,1,1,3,1,1,1,46,1,1,2,60,1,2,2
10262,3.0,3.0,4.0,3.0,3.0,4.0,2.0,4.0,4.0,3.0,2.0,5.0,3.0,1.0,4.0,3.0,1.0,4.0,5.0,1.0,4,4,7,5,7,4,7,1,4,1,1,1,1,1,1,1,0,1,0,1,0,0,1,1,1,1,4,1,2,1,33,1,1,1,60,1,2,1
10263,4.0,4.0,2.0,2.0,4.0,1.0,1.0,4.0,4.0,1.0,1.0,4.0,5.0,1.0,5.0,1.0,4.0,4.0,5.0,1.0,6,3,2,5,5,1,6,5,2,5,1,1,0,1,1,0,0,0,0,1,0,0,0,1,1,1,4,2,2,1,26,1,7,1,30,2,1,2
10264,2.0,5.0,5.0,4.0,3.0,5.0,3.0,1.0,5.0,5.0,2.0,4.0,1.0,3.0,1.0,4.0,3.0,1.0,2.0,1.0,3,2,6,5,7,5,6,2,6,2,1,1,1,1,1,0,1,1,0,1,1,0,1,1,1,1,4,3,2,1,68,1,3,1,60,1,3,3
10265,4.0,4.0,2.0,1.0,4.0,1.0,1.0,4.0,5.0,2.0,1.0,4.0,5.0,1.0,4.0,1.0,1.0,2.0,1.0,4.0,1,2,7,5,6,6,3,1,6,2,1,1,0,1,1,0,0,0,0,1,0,0,1,1,1,1,4,3,1,1,56,1,6,1,60,1,2,5
10266,5.0,5.0,4.0,1.0,5.0,2.0,2.0,4.0,1.0,1.0,2.0,5.0,5.0,3.0,5.0,3.0,2.0,5.0,5.0,2.0,7,3,7,4,7,1,3,5,7,1,1,1,1,1,1,0,0,0,0,1,0,0,1,1,1,1,3,3,1,2,21,1,8,1,70,1,1,2
10267,1.0,1.0,3.0,1.0,4.0,1.0,1.0,1.0,5.0,5.0,1.0,1.0,1.0,1.0,1.0,1.0,5.0,3.0,5.0,1.0,5,5,5,2,7,6,6,1,6,1,1,1,1,1,1,0,1,1,0,1,1,0,1,1,1,1,3,1,2,1,50,1,1,1,60,1,2,2
10268,2.0,4.0,1.0,1.0,4.0,1.0,1.0,1.0,3.0,2.0,1.0,5.0,4.0,2.0,5.0,2.0,1.0,4.0,5.0,3.0,5,6,2,7,6,3,5,5,2,1,1,1,1,1,1,0,1,1,0,1,1,0,1,1,1,1,3,3,2,1,38,1,1,1,60,2,3,2
10269,2.0,2.0,4.0,4.0,2.0,4.0,5.0,4.0,4.0,3.0,3.0,2.0,1.0,5.0,2.0,4.0,3.0,3.0,5.0,4.0,7,5,6,5,6,1,4,5,4,2,1,1,0,1,1,0,0,0,0,1,0,0,0,1,1,1,2,1,2,1,18,1,12,1,70,2,1,3
10270,4.0,4.0,2.0,3.0,5.0,2.0,2.0,5.0,4.0,2.0,1.0,5.0,4.0,1.0,5.0,1.0,1.0,4.0,5.0,5.0,1,6,7,6,5,7,5,2,4,1,1,1,1,1,1,0,0,0,0,1,1,0,1,1,1,1,4,2,1,1,40,2,4,1,60,1,2,2
10271,3.0,1.0,5.0,5.0,3.0,1.0,1.0,1.0,5.0,5.0,1.0,2.0,1.0,2.0,4.0,4.0,4.0,4.0,5.0,1.0,6,5,7,2,6,4,6,1,6,6,1,1,0,1,1,0,1,0,0,1,0,0,1,1,1,1,3,3,2,1,48,1,2,2,60,1,2,2
10272,5.0,4.0,2.0,3.0,4.0,2.0,3.0,4.0,4.0,2.0,1.0,5.0,1.0,1.0,4.0,4.0,3.0,2.0,5.0,1.0,2,5,6,3,7,7,6,2,6,2,1,1,1,1,1,0,0,1,0,1,1,1,1,1,1,1,4,1,2,1,33,1,7,1,60,1,1,1
10273,2.0,2.0,3.0,4.0,2.0,2.0,2.0,2.0,5.0,3.0,2.0,1.0,1.0,5.0,4.0,5.0,4.0,1.0,4.0,1.0,3,5,5,5,5,6,6,3,6,4,1,1,1,1,1,0,1,1,0,1,0,0,1,1,1,1,3,2,2,1,34,1,1,1,60,1,3,2
10274,5.0,4.0,1.0,2.0,5.0,1.0,2.0,1.0,4.0,4.0,1.0,4.0,4.0,1.0,5.0,4.0,1.0,4.0,5.0,2.0,7,7,7,1,6,2,5,4,7,1,1,1,0,1,1,0,0,0,0,1,1,1,0,1,1,1,3,2,1,2,38,2,12,1,60,1,2,2
10275,2.0,4.0,2.0,4.0,3.0,1.0,1.0,2.0,5.0,3.0,1.0,4.0,2.0,2.0,4.0,2.0,4.0,4.0,4.0,2.0,5,1,6,1,5,1,6,2,6,2,1,1,0,1,1,0,1,1,0,1,0,0,1,1,1,1,4,3,1,1,60,1,7,1,30,1,2,3
10276,2.0,4.0,2.0,4.0,4.0,1.0,1.0,4.0,4.0,4.0,2.0,5.0,2.0,2.0,4.0,2.0,2.0,4.0,5.0,1.0,6,5,6,5,6,5,6,2,6,5,1,1,0,1,1,0,0,1,0,1,0,0,1,1,1,1,3,3,2,1,27,1,4,1,60,2,1,2
10277,4.0,4.0,5.0,1.0,4.0,4.0,1.0,5.0,5.0,3.0,1.0,5.0,2.0,1.0,4.0,2.0,1.0,4.0,5.0,4.0,2,2,7,3,7,5,3,1,7,1,1,1,1,1,1,0,0,1,0,1,0,0,1,1,1,1,3,1,2,1,34,1,2,1,60,2,2,3
10278,4.0,2.0,1.0,4.0,4.0,2.0,2.0,2.0,5.0,5.0,1.0,4.0,1.0,4.0,1.0,4.0,1.0,4.0,5.0,1.0,5,6,7,6,2,1,7,1,5,1,1,1,1,1,1,1,0,1,1,1,0,1,1,1,1,1,3,1,2,1,38,2,2,1,60,1,2,2
10279,4.0,4.0,4.0,4.0,5.0,2.0,2.0,4.0,1.0,3.0,1.0,5.0,2.0,4.0,4.0,4.0,1.0,4.0,1.0,1.0,3,1,7,5,7,5,7,5,3,1,1,1,1,1,1,0,1,1,0,1,1,0,1,1,1,1,4,2,2,1,40,1,9,1,60,1,2,4
10280,1.0,3.0,2.0,4.0,4.0,1.0,2.0,1.0,5.0,4.0,2.0,2.0,1.0,2.0,4.0,1.0,3.0,2.0,5.0,1.0,6,2,5,1,3,3,5,1,7,3,1,1,0,1,1,0,0,0,0,1,0,0,1,1,1,1,2,2,1,1,20,1,9,1,60,1,1,2
10281,2.0,2.0,1.0,2.0,3.0,1.0,1.0,4.0,3.0,2.0,1.0,5.0,4.0,1.0,5.0,1.0,1.0,4.0,5.0,1.0,7,6,7,2,5,1,1,2,6,4,1,1,0,1,1,0,0,0,1,1,0,0,1,1,1,1,2,2,1,1,47,1,7,1,60,1,2,4
10282,1.0,2.0,2.0,4.0,4.0,5.0,2.0,4.0,5.0,4.0,1.0,1.0,2.0,3.0,4.0,2.0,2.0,2.0,5.0,1.0,2,2,6,6,3,7,6,1,3,4,1,1,0,1,1,0,0,0,0,1,0,0,1,1,1,1,3,3,2,1,19,1,6,1,70,1,1,2
10283,4.0,1.0,3.0,1.0,2.0,5.0,4.0,1.0,5.0,4.0,1.0,5.0,4.0,4.0,1.0,1.0,3.0,1.0,1.0,1.0,5,5,5,5,6,2,5,1,3,6,1,1,1,1,1,0,1,0,0,1,0,0,1,1,1,1,4,1,2,1,49,1,6,1,60,1,1,4
10284,2.0,2.0,4.0,2.0,4.0,2.0,2.0,2.0,5.0,5.0,1.0,4.0,2.0,1.0,1.0,2.0,2.0,2.0,4.0,1.0,1,2,6,6,6,5,6,2,4,2,1,1,1,1,1,0,1,1,0,1,0,0,1,1,1,1,3,0,2,1,39,1,6,1,60,1,2,2
10285,5.0,1.0,2.0,4.0,4.0,1.0,1.0,1.0,3.0,1.0,1.0,2.0,3.0,1.0,1.0,1.0,5.0,4.0,5.0,3.0,4,6,6,6,6,2,6,1,6,2,1,1,1,1,1,0,0,0,0,1,1,0,1,1,1,1,3,3,1,1,48,1,1,1,60,1,2,2
10286,5.0,5.0,2.0,1.0,5.0,2.0,1.0,5.0,3.0,1.0,3.0,5.0,5.0,1.0,4.0,4.0,1.0,4.0,5.0,5.0,6,7,2,6,4,2,5,6,3,1,1,1,0,1,1,0,0,1,0,1,1,1,1,1,1,1,3,2,1,2,25,1,2,1,70,2,1,3
10287,4.0,5.0,3.0,1.0,4.0,2.0,4.0,2.0,5.0,5.0,2.0,5.0,4.0,3.0,1.0,2.0,4.0,2.0,4.0,4.0,6,6,6,2,7,2,7,7,6,2,1,0,0,1,0,0,0,0,0,1,0,0,0,0,1,1,2,3,2,2,21,1,0,1,60,1,1,1
10288,1.0,4.0,4.0,5.0,1.0,4.0,4.0,1.0,2.0,4.0,3.0,1.0,1.0,3.0,5.0,2.0,2.0,2.0,3.0,2.0,6,2,5,4,7,1,6,6,4,2,1,1,1,1,1,0,1,1,0,1,1,1,1,1,1,1,3,2,2,1,24,2,1,1,60,1,1,3
10289,5.0,3.0,1.0,3.0,3.0,1.0,1.0,1.0,5.0,5.0,1.0,5.0,1.0,1.0,5.0,4.0,5.0,4.0,5.0,1.0,4,1,6,3,7,7,6,4,7,2,1,1,0,1,1,0,0,0,0,1,0,0,0,1,1,1,3,2,1,2,20,2,8,1,10,2,1,1
10290,3.0,4.0,5.0,4.0,3.0,5.0,5.0,1.0,5.0,5.0,3.0,5.0,1.0,2.0,5.0,5.0,5.0,3.0,5.0,4.0,6,1,6,4,7,6,6,2,6,2,1,1,0,1,1,0,0,0,0,1,0,0,0,0,1,1,2,1,2,2,18,1,10,1,10,2,1,4
10291,2.0,4.0,2.0,3.0,2.0,2.0,1.0,1.0,4.0,4.0,1.0,3.0,2.0,3.0,3.0,2.0,2.0,4.0,4.0,1.0,1,1,6,2,6,7,5,5,5,5,1,1,1,1,1,0,1,1,0,1,1,0,1,1,1,1,4,1,2,1,45,1,6,1,60,1,1,2
10292,3.0,5.0,4.0,5.0,2.0,4.0,3.0,3.0,5.0,3.0,2.0,2.0,1.0,4.0,4.0,4.0,4.0,3.0,5.0,1.0,7,5,6,3,7,2,6,5,3,6,1,1,0,1,1,0,0,0,0,1,1,0,1,0,1,1,3,3,2,1,24,1,7,3,60,2,1,2
10293,2.0,3.0,1.0,3.0,2.0,1.0,1.0,2.0,2.0,2.0,1.0,1.0,4.0,1.0,2.0,1.0,1.0,2.0,5.0,4.0,5,1,3,2,7,3,6,5,6,2,1,1,1,1,1,0,1,1,0,1,1,0,1,1,1,1,3,2,1,1,57,1,6,1,60,2,2,4
10294,4.0,3.0,3.0,2.0,4.0,1.0,2.0,5.0,4.0,4.0,1.0,5.0,4.0,2.0,4.0,1.0,5.0,4.0,5.0,4.0,1,5,4,5,6,4,3,6,3,5,1,1,1,1,1,0,0,1,0,1,1,1,1,1,1,1,4,2,2,1,38,1,1,1,0,2,1,2
10295,1.0,1.0,4.0,2.0,2.0,4.0,3.0,2.0,5.0,5.0,2.0,2.0,1.0,1.0,1.0,4.0,2.0,3.0,3.0,1.0,6,2,6,2,7,1,7,1,5,2,1,1,0,1,1,1,0,0,0,1,0,0,1,1,1,1,3,2,2,1,30,1,6,1,60,1,1,2
10296,5.0,5.0,1.0,1.0,5.0,1.0,3.0,2.0,3.0,1.0,1.0,5.0,3.0,3.0,1.0,5.0,1.0,5.0,5.0,4.0,6,4,6,7,4,5,3,2,3,5,1,1,1,1,1,0,0,0,0,1,0,0,1,1,1,1,4,2,1,2,33,2,2,1,60,1,2,2
10297,5.0,4.0,2.0,2.0,3.0,1.0,2.0,5.0,4.0,4.0,3.0,4.0,1.0,2.0,3.0,1.0,4.0,4.0,4.0,1.0,5,5,6,4,7,4,6,2,5,1,1,1,1,1,1,0,0,1,0,1,0,0,1,1,1,1,4,3,1,2,44,1,4,1,60,2,1,2
10298,5.0,4.0,5.0,5.0,5.0,4.0,1.0,4.0,5.0,5.0,1.0,5.0,5.0,5.0,4.0,5.0,4.0,5.0,5.0,4.0,6,7,7,5,6,1,7,1,6,1,1,1,0,1,0,0,0,0,0,1,0,0,0,1,1,1,2,3,1,2,46,1,1,1,60,1,2,2
10299,2.0,4.0,4.0,3.0,2.0,2.0,2.0,2.0,4.0,2.0,1.0,2.0,1.0,2.0,4.0,1.0,2.0,4.0,5.0,2.0,6,4,5,1,5,1,6,5,6,3,1,1,0,1,1,0,1,0,0,1,1,0,1,1,1,1,3,1,1,1,31,1,1,1,10,1,2,0
10300,1.0,1.0,3.0,5.0,2.0,4.0,4.0,1.0,5.0,3.0,1.0,3.0,1.0,5.0,1.0,2.0,2.0,1.0,4.0,2.0,2,1,5,1,3,5,5,3,7,2,1,1,1,1,1,0,1,1,0,1,1,0,1,1,1,1,4,1,2,1,66,1,12,1,60,1,2,3
10301,1.0,2.0,4.0,4.0,3.0,4.0,4.0,1.0,5.0,4.0,3.0,5.0,2.0,2.0,2.0,3.0,3.0,2.0,5.0,1.0,4,3,7,1,6,4,6,2,6,2,1,1,1,1,1,0,0,0,0,1,0,0,1,1,1,1,3,1,1,1,46,1,12,1,70,1,1,3
10302,5.0,5.0,1.0,1.0,5.0,1.0,1.0,4.0,3.0,1.0,1.0,5.0,5.0,1.0,4.0,1.0,1.0,4.0,5.0,3.0,2,5,6,4,5,5,4,1,5,1,1,1,1,1,1,0,0,0,0,1,0,0,1,1,1,1,3,2,1,1,46,1,6,1,60,2,2,3
10303,2.0,4.0,5.0,2.0,4.0,2.0,4.0,2.0,2.0,4.0,1.0,5.0,4.0,1.0,4.0,1.0,2.0,2.0,1.0,2.0,1,5,5,5,3,7,6,5,7,2,1,1,1,1,1,0,0,1,0,1,0,1,1,1,1,1,3,1,2,1,35,1,6,1,60,1,2,2
10304,2.0,4.0,1.0,4.0,2.0,2.0,2.0,2.0,5.0,5.0,1.0,4.0,3.0,4.0,3.0,4.0,4.0,2.0,5.0,1.0,6,2,6,2,7,2,6,2,4,2,1,1,0,1,1,0,0,0,0,1,0,0,1,1,1,1,3,0,2,1,48,2,6,1,60,1,3,2
10305,5.0,5.0,1.0,1.0,5.0,1.0,1.0,5.0,5.0,3.0,1.0,5.0,3.0,1.0,5.0,1.0,1.0,5.0,5.0,4.0,2,5,7,5,3,7,6,2,7,3,1,1,0,1,1,1,0,0,1,1,0,0,0,1,1,1,2,2,2,1,20,1,2,1,60,2,1,1
10306,1.0,1.0,5.0,1.0,1.0,5.0,4.0,1.0,5.0,5.0,1.0,1.0,4.0,1.0,1.0,5.0,1.0,1.0,1.0,1.0,4,1,6,1,4,6,7,4,7,6,1,1,1,1,1,0,0,0,1,1,0,0,1,1,1,1,2,3,2,1,35,1,6,1,60,1,1,2
10307,2.0,2.0,4.0,5.0,1.0,5.0,5.0,1.0,5.0,5.0,3.0,1.0,1.0,4.0,2.0,5.0,2.0,1.0,5.0,1.0,2,4,6,1,5,7,6,1,7,2,1,1,1,1,1,0,1,1,0,1,1,0,1,1,1,1,3,2,2,1,49,1,4,1,60,1,2,4
10308,4.0,5.0,4.0,1.0,5.0,1.0,1.0,5.0,4.0,1.0,1.0,1.0,4.0,2.0,5.0,5.0,1.0,5.0,5.0,2.0,2,6,6,1,6,5,2,3,6,3,1,1,1,1,1,0,1,1,1,1,0,1,1,1,1,1,2,1,1,1,18,1,2,1,60,2,1,3
10309,3.0,5.0,3.0,2.0,3.0,3.0,2.0,3.0,4.0,3.0,1.0,3.0,2.0,2.0,2.0,2.0,3.0,4.0,4.0,2.0,2,5,5,5,5,5,6,4,4,2,1,1,1,1,1,0,0,1,1,1,0,1,1,1,1,1,3,2,1,1,31,1,6,1,60,2,1,3
10310,1.0,3.0,5.0,5.0,1.0,5.0,5.0,5.0,5.0,5.0,5.0,1.0,5.0,4.0,4.0,1.0,4.0,1.0,3.0,1.0,7,7,7,2,6,1,7,1,7,2,1,1,1,1,1,0,1,0,0,1,0,0,1,1,1,1,4,2,2,1,53,1,6,1,60,1,3,3
10311,4.0,4.0,2.0,1.0,1.0,2.0,2.0,2.0,5.0,2.0,1.0,2.0,1.0,2.0,4.0,1.0,2.0,4.0,2.0,4.0,2,5,6,7,5,5,6,5,5,3,1,1,0,1,1,0,0,0,0,1,0,0,1,1,1,1,2,2,2,1,19,2,6,2,60,1,1,4
10312,3.0,2.0,4.0,4.0,2.0,2.0,4.0,3.0,5.0,3.0,2.0,2.0,2.0,2.0,1.0,5.0,4.0,4.0,1.0,3.0,1,2,6,5,3,7,5,2,6,4,1,1,0,1,1,0,1,1,0,1,0,0,1,1,1,1,4,2,2,1,26,1,4,1,60,1,1,2
10313,3.0,3.0,1.0,1.0,4.0,1.0,1.0,5.0,5.0,3.0,1.0,5.0,5.0,1.0,3.0,1.0,1.0,2.0,5.0,1.0,3,6,5,6,6,4,4,5,2,2,1,1,0,1,1,0,0,1,0,1,0,0,1,1,1,1,3,1,1,1,45,1,6,1,60,2,2,1
10314,4.0,2.0,3.0,2.0,2.0,1.0,1.0,2.0,4.0,3.0,2.0,4.0,3.0,3.0,3.0,2.0,3.0,3.0,5.0,2.0,1,6,3,2,1,7,5,6,7,7,1,0,0,1,1,0,0,0,0,1,0,0,1,0,1,1,3,2,1,2,23,2,2,1,60,1,1,3
10315,2.0,2.0,4.0,5.0,5.0,5.0,4.0,1.0,5.0,5.0,3.0,4.0,2.0,4.0,2.0,3.0,4.0,2.0,4.0,1.0,2,1,7,5,6,7,6,1,6,3,1,1,1,1,1,0,0,0,0,1,0,0,1,1,1,1,3,1,2,1,22,1,1,1,60,1,1,5
10316,4.0,3.0,5.0,4.0,2.0,5.0,4.0,2.0,5.0,4.0,5.0,1.0,2.0,4.0,4.0,4.0,4.0,2.0,3.0,1.0,6,2,6,2,6,4,6,2,6,2,1,1,1,1,1,0,0,1,0,1,1,0,1,1,1,1,3,3,2,1,49,2,1,1,60,1,2,3
10317,5.0,5.0,3.0,1.0,5.0,1.0,4.0,2.0,4.0,4.0,1.0,5.0,5.0,2.0,4.0,2.0,5.0,5.0,1.0,4.0,7,6,2,5,7,2,7,6,2,2,1,1,0,1,1,0,1,0,0,1,0,0,1,1,1,1,3,3,1,2,49,3,2,1,60,1,2,4
10318,2.0,2.0,4.0,5.0,4.0,4.0,1.0,4.0,5.0,4.0,2.0,5.0,4.0,2.0,4.0,1.0,1.0,4.0,5.0,3.0,5,6,6,7,5,6,6,5,5,5,1,1,0,1,1,0,0,0,0,1,1,0,1,1,1,1,3,3,1,1,35,1,2,1,60,2,2,2
10319,1.0,1.0,4.0,5.0,1.0,3.0,5.0,1.0,5.0,5.0,2.0,2.0,1.0,3.0,1.0,5.0,5.0,3.0,5.0,1.0,6,3,6,2,7,3,6,2,6,2,1,1,1,1,1,0,0,1,0,1,0,0,1,1,1,1,3,2,2,1,67,1,12,0,60,1,3,3
10320,5.0,5.0,3.0,1.0,5.0,4.0,5.0,5.0,1.0,2.0,1.0,5.0,5.0,1.0,1.0,1.0,1.0,5.0,3.0,5.0,3,7,4,5,6,6,5,2,6,1,1,1,0,1,0,0,0,1,0,1,0,0,0,0,1,1,4,3,1,2,24,1,2,1,60,1,1,3
10321,3.0,4.0,2.0,2.0,4.0,3.0,4.0,3.0,3.0,3.0,1.0,4.0,3.0,2.0,4.0,2.0,4.0,4.0,5.0,2.0,6,4,6,4,5,2,7,5,2,4,1,1,0,1,1,0,0,1,0,1,0,0,0,1,1,1,3,3,2,2,26,1,1,1,70,1,1,2
10322,1.0,2.0,1.0,5.0,2.0,5.0,2.0,1.0,5.0,4.0,3.0,5.0,1.0,1.0,1.0,1.0,2.0,1.0,3.0,1.0,6,5,6,2,6,2,2,6,3,3,1,1,1,1,1,0,0,1,0,1,1,0,1,1,1,1,3,2,1,1,50,1,1,1,60,1,3,2
10323,1.0,3.0,3.0,5.0,2.0,4.0,2.0,1.0,5.0,5.0,4.0,1.0,3.0,5.0,4.0,4.0,4.0,2.0,3.0,1.0,7,1,3,1,7,3,7,5,7,4,1,1,1,1,1,0,0,0,0,1,0,1,1,1,1,1,4,2,2,1,51,1,6,1,60,1,2,5
10324,1.0,1.0,1.0,5.0,1.0,4.0,4.0,1.0,5.0,1.0,2.0,2.0,1.0,2.0,3.0,2.0,4.0,2.0,5.0,1.0,3,6,6,7,5,2,6,2,4,1,1,1,1,1,1,0,1,1,0,1,1,0,1,1,1,1,4,2,2,1,50,1,12,1,60,2,3,4
10325,1.0,1.0,1.0,5.0,1.0,2.0,2.0,2.0,5.0,4.0,2.0,1.0,1.0,3.0,1.0,5.0,5.0,1.0,5.0,1.0,6,3,3,2,7,6,6,2,6,2,1,1,1,1,1,0,0,1,0,1,0,1,1,1,1,1,3,2,2,1,56,2,7,1,60,2,1,1
10326,1.0,1.0,5.0,5.0,1.0,5.0,5.0,5.0,5.0,5.0,5.0,1.0,1.0,4.0,1.0,5.0,5.0,1.0,1.0,1.0,1,6,7,6,5,3,6,2,3,1,1,1,1,1,1,0,0,0,0,1,0,0,1,1,1,1,4,1,2,1,33,1,7,1,60,1,2,1
10327,5.0,5.0,4.0,1.0,4.0,2.0,2.0,2.0,4.0,2.0,2.0,4.0,1.0,1.0,4.0,1.0,4.0,2.0,4.0,1.0,5,7,6,5,5,6,6,4,2,1,1,1,1,1,1,0,0,1,0,1,1,0,1,1,0,1,4,3,1,2,34,1,4,1,70,1,1,1
10328,5.0,5.0,4.0,3.0,3.0,1.0,1.0,3.0,3.0,3.0,1.0,4.0,2.0,2.0,2.0,1.0,3.0,4.0,1.0,3.0,1,1,4,4,2,6,5,5,6,1,1,1,1,1,1,0,1,0,0,1,1,0,1,1,1,1,3,3,1,2,45,1,5,1,0,2,2,3
10329,5.0,5.0,5.0,5.0,5.0,5.0,5.0,5.0,5.0,5.0,5.0,5.0,5.0,5.0,5.0,5.0,5.0,5.0,5.0,5.0,1,4,4,6,5,4,2,4,3,7,1,1,0,0,1,0,1,0,1,1,1,1,0,0,1,1,1,1,1,1,19,1,12,2,70,2,1,2
10330,5.0,2.0,2.0,4.0,4.0,2.0,2.0,4.0,5.0,4.0,1.0,5.0,4.0,1.0,5.0,1.0,2.0,1.0,5.0,2.0,6,2,7,2,7,3,6,3,7,1,1,1,1,1,1,1,1,1,0,1,0,1,1,1,1,1,4,1,1,1,52,1,6,1,60,1,3,1
10331,3.0,2.0,2.0,2.0,5.0,2.0,2.0,4.0,3.0,4.0,1.0,5.0,4.0,3.0,4.0,1.0,1.0,3.0,4.0,4.0,6,4,6,5,5,3,4,3,3,3,1,1,1,1,1,0,1,0,0,1,0,0,1,1,1,1,4,3,1,1,53,2,1,3,60,1,2,2
10332,5.0,5.0,4.0,3.0,4.0,2.0,2.0,2.0,4.0,2.0,1.0,4.0,2.0,2.0,4.0,4.0,2.0,4.0,5.0,2.0,2,2,6,4,7,5,4,2,5,1,1,1,1,1,1,0,0,0,0,1,0,0,1,1,1,1,4,2,2,1,36,1,1,1,60,1,2,3
10333,2.0,4.0,1.0,4.0,4.0,1.0,2.0,2.0,4.0,2.0,3.0,4.0,4.0,2.0,4.0,2.0,1.0,3.0,5.0,4.0,5,3,6,1,6,5,4,3,7,2,1,1,1,1,1,0,0,0,0,1,0,0,1,1,1,1,3,1,2,1,35,1,1,1,60,1,2,1
10334,3.0,4.0,2.0,4.0,2.0,2.0,2.0,4.0,2.0,2.0,4.0,4.0,4.0,2.0,5.0,2.0,2.0,4.0,4.0,4.0,6,5,6,3,5,3,6,3,5,6,1,1,1,1,1,1,1,0,0,1,1,1,1,1,1,1,3,3,2,2,22,1,4,1,60,2,1,2
10335,4.0,1.0,1.0,5.0,4.0,2.0,2.0,1.0,1.0,5.0,2.0,2.0,2.0,2.0,2.0,5.0,4.0,4.0,2.0,1.0,6,1,6,1,6,5,7,5,7,1,1,1,1,1,1,0,0,1,0,1,0,0,1,1,1,1,4,3,2,1,50,1,7,1,30,1,2,3
10336,1.0,1.0,3.0,4.0,5.0,2.0,2.0,3.0,5.0,5.0,2.0,2.0,3.0,4.0,1.0,5.0,2.0,2.0,4.0,1.0,5,1,6,2,6,5,6,2,7,3,1,1,0,1,1,0,0,0,0,1,0,1,0,1,1,1,4,3,2,1,45,1,7,1,30,1,1,9
10337,2.0,3.0,2.0,4.0,4.0,4.0,2.0,4.0,5.0,4.0,1.0,5.0,2.0,2.0,1.0,5.0,1.0,4.0,4.0,4.0,5,1,6,1,6,2,7,1,7,2,1,1,1,0,1,0,0,0,0,1,0,0,1,1,1,1,4,2,1,1,60,1,5,1,60,1,3,4
10338,5.0,3.0,1.0,3.0,5.0,3.0,4.0,3.0,1.0,5.0,1.0,1.0,1.0,1.0,3.0,4.0,1.0,1.0,5.0,4.0,6,2,6,1,7,1,7,6,6,1,1,1,0,1,1,0,1,1,0,1,0,1,0,1,1,1,2,2,2,1,19,2,7,3,30,1,1,8
10339,2.0,4.0,2.0,4.0,3.0,2.0,1.0,4.0,4.0,2.0,2.0,2.0,4.0,4.0,4.0,1.0,2.0,4.0,5.0,2.0,5,6,7,7,6,3,5,3,3,3,1,1,1,1,1,0,0,0,0,1,0,0,1,1,1,1,2,3,2,1,37,1,1,2,60,1,2,3
10340,4.0,2.0,4.0,4.0,5.0,2.0,2.0,1.0,5.0,2.0,4.0,2.0,2.0,4.0,5.0,4.0,4.0,2.0,4.0,1.0,5,6,6,6,6,5,3,1,5,6,1,1,0,1,1,0,0,0,0,1,0,0,0,1,1,1,4,2,2,1,23,1,6,1,60,2,1,3
10341,1.0,3.0,1.0,3.0,1.0,1.0,1.0,2.0,4.0,4.0,2.0,3.0,2.0,1.0,3.0,2.0,1.0,3.0,5.0,2.0,4,5,6,2,7,7,2,1,6,2,1,1,1,1,1,1,0,0,0,1,0,0,1,1,1,1,2,3,1,1,31,3,6,1,60,1,3,3
10342,4.0,4.0,3.0,3.0,4.0,2.0,4.0,4.0,4.0,4.0,2.0,3.0,4.0,3.0,2.0,1.0,2.0,2.0,2.0,2.0,3,5,6,5,5,3,5,3,4,2,1,1,1,1,1,0,1,0,1,1,0,0,1,1,1,1,4,1,2,1,47,3,6,1,60,1,2,2
10343,5.0,4.0,1.0,1.0,5.0,5.0,1.0,3.0,4.0,2.0,1.0,5.0,5.0,1.0,5.0,1.0,1.0,5.0,5.0,3.0,6,7,2,7,5,5,7,6,1,4,1,1,1,1,1,0,0,0,0,1,0,0,1,1,1,1,2,2,3,1,19,1,2,5,70,1,1,2
10344,1.0,1.0,3.0,1.0,4.0,5.0,5.0,1.0,5.0,2.0,1.0,2.0,1.0,2.0,2.0,2.0,2.0,2.0,1.0,1.0,2,3,5,4,5,7,7,5,6,6,1,1,0,1,1,0,0,0,0,1,0,0,0,1,1,1,3,2,2,1,30,1,7,1,60,1,3,1
10345,1.0,1.0,3.0,4.0,1.0,5.0,5.0,2.0,5.0,5.0,2.0,1.0,1.0,2.0,4.0,5.0,1.0,1.0,5.0,1.0,3,6,7,2,6,5,7,1,7,1,1,1,0,1,1,0,0,0,0,1,0,0,0,1,1,1,2,1,2,1,20,1,2,1,60,1,1,3
10346,2.0,5.0,5.0,2.0,5.0,4.0,1.0,4.0,1.0,2.0,1.0,5.0,5.0,1.0,3.0,2.0,4.0,5.0,5.0,1.0,5,7,5,6,5,6,5,2,6,3,0,1,0,1,1,0,0,0,0,1,0,0,0,0,1,1,4,3,1,2,23,1,4,5,60,1,1,2
10347,1.0,4.0,4.0,5.0,4.0,4.0,1.0,2.0,5.0,2.0,4.0,2.0,2.0,4.0,5.0,5.0,2.0,1.0,1.0,1.0,2,1,6,5,3,7,7,1,5,5,1,1,1,1,1,0,1,1,0,1,0,0,1,1,1,1,4,2,2,1,25,3,4,1,60,1,1,3
10348,5.0,5.0,2.0,2.0,4.0,1.0,1.0,5.0,3.0,1.0,1.0,4.0,5.0,2.0,4.0,2.0,1.0,5.0,5.0,1.0,2,7,7,7,2,2,6,1,1,3,1,1,1,1,1,0,0,0,1,1,0,0,1,1,1,1,4,1,2,1,30,1,1,1,60,1,2,2
10349,4.0,2.0,3.0,4.0,4.0,2.0,1.0,2.0,5.0,5.0,2.0,5.0,3.0,3.0,4.0,2.0,3.0,2.0,4.0,1.0,2,5,5,5,5,4,5,2,4,4,1,1,1,1,1,0,0,0,0,1,0,0,1,1,1,1,3,2,1,1,53,1,4,1,60,1,2,2
10350,1.0,2.0,4.0,5.0,2.0,2.0,1.0,2.0,5.0,5.0,2.0,1.0,3.0,4.0,4.0,1.0,1.0,2.0,4.0,1.0,5,1,5,2,5,2,6,5,5,2,1,1,1,1,1,0,0,1,0,1,0,0,1,1,1,1,3,2,2,1,50,1,12,1,60,2,2,1
10351,5.0,4.0,1.0,2.0,4.0,1.0,1.0,4.0,2.0,2.0,2.0,5.0,1.0,2.0,4.0,1.0,1.0,3.0,5.0,4.0,6,7,5,1,7,5,3,1,7,1,1,1,1,1,1,0,1,1,0,1,1,0,1,1,1,1,3,2,1,1,35,1,1,1,70,1,2,2
10352,4.0,2.0,2.0,4.0,2.0,2.0,2.0,2.0,5.0,4.0,2.0,2.0,4.0,2.0,1.0,4.0,2.0,2.0,5.0,1.0,1,5,6,7,5,7,7,1,5,2,1,1,1,1,1,0,0,0,0,1,0,0,1,1,1,1,4,1,2,1,36,1,4,1,60,1,1,1
10353,2.0,4.0,5.0,4.0,1.0,4.0,2.0,1.0,5.0,3.0,3.0,4.0,4.0,2.0,4.0,4.0,4.0,4.0,4.0,2.0,5,6,6,5,6,5,6,3,5,3,1,1,0,1,1,1,0,0,0,1,0,0,1,1,1,1,3,2,2,1,23,1,4,1,60,1,1,2
10354,2.0,4.0,5.0,5.0,1.0,5.0,2.0,2.0,5.0,5.0,2.0,2.0,1.0,2.0,4.0,4.0,2.0,2.0,5.0,1.0,6,7,7,4,6,2,7,1,6,2,1,1,1,1,1,0,0,0,0,1,0,0,0,1,1,1,3,2,2,1,40,1,4,1,60,2,2,2
10355,3.0,3.0,3.0,3.0,4.0,2.0,2.0,1.0,4.0,2.0,1.0,3.0,5.0,5.0,4.0,3.0,2.0,4.0,5.0,5.0,4,3,7,5,7,5,6,5,7,2,1,1,0,1,1,0,0,0,0,1,0,0,0,1,1,1,3,2,2,1,19,1,4,1,70,1,1,1
10356,5.0,4.0,1.0,3.0,5.0,1.0,1.0,4.0,2.0,1.0,1.0,5.0,5.0,2.0,5.0,1.0,5.0,5.0,1.0,2.0,3,7,7,3,5,5,6,1,6,3,1,1,0,1,1,0,1,0,1,1,0,0,1,1,1,1,1,2,1,1,18,1,7,1,60,1,1,2
10357,1.0,1.0,5.0,2.0,1.0,2.0,1.0,3.0,5.0,5.0,1.0,1.0,1.0,4.0,2.0,1.0,4.0,1.0,1.0,1.0,6,4,5,5,7,2,7,5,5,1,1,1,1,1,1,0,1,0,0,1,1,0,1,1,1,1,3,1,2,1,40,1,6,1,60,1,1,2
10358,5.0,5.0,4.0,4.0,5.0,1.0,1.0,1.0,5.0,1.0,2.0,5.0,5.0,3.0,3.0,4.0,5.0,5.0,5.0,1.0,1,6,6,5,6,7,6,1,2,1,1,1,1,1,1,0,0,0,0,1,1,0,0,1,1,1,2,1,2,1,17,2,7,2,60,2,1,2
10359,1.0,2.0,4.0,2.0,4.0,5.0,5.0,1.0,5.0,5.0,5.0,1.0,2.0,4.0,4.0,1.0,1.0,4.0,1.0,1.0,2,2,3,1,3,7,7,5,7,3,1,1,1,1,1,0,1,0,0,1,0,0,1,1,1,1,4,1,1,1,59,1,6,1,50,1,2,3
10360,5.0,5.0,4.0,4.0,5.0,2.0,1.0,4.0,5.0,1.0,2.0,5.0,1.0,4.0,5.0,2.0,1.0,2.0,5.0,1.0,1,2,3,7,3,7,7,6,1,7,1,1,1,1,1,0,0,0,0,1,0,0,1,1,1,1,2,2,1,1,21,1,7,1,20,2,1,2
10361,1.0,1.0,4.0,5.0,1.0,2.0,2.0,3.0,5.0,3.0,2.0,1.0,1.0,2.0,3.0,5.0,5.0,1.0,4.0,1.0,6,5,7,5,4,3,6,1,5,4,1,1,0,1,1,0,0,0,1,1,0,0,1,1,1,1,0,2,2,1,25,1,4,1,60,1,1,3
10362,5.0,5.0,1.0,1.0,5.0,1.0,1.0,1.0,5.0,2.0,1.0,5.0,5.0,1.0,2.0,1.0,3.0,1.0,5.0,5.0,3,6,1,7,7,5,5,6,1,1,1,1,0,1,1,0,0,0,0,1,0,0,1,1,1,1,2,2,2,1,20,2,1,2,60,1,1,2
10363,4.0,4.0,1.0,1.0,4.0,1.0,1.0,3.0,1.0,4.0,1.0,4.0,4.0,1.0,3.0,1.0,1.0,4.0,5.0,2.0,6,4,6,1,7,1,6,1,4,2,1,1,0,1,1,0,1,0,0,1,0,0,1,1,1,1,4,3,1,1,65,1,1,1,60,1,2,3
10364,2.0,4.0,2.0,5.0,4.0,4.0,2.0,1.0,5.0,4.0,2.0,4.0,1.0,5.0,2.0,4.0,3.0,2.0,5.0,4.0,6,5,7,5,3,1,6,3,2,3,1,1,1,1,1,0,0,0,1,1,0,1,0,1,1,1,2,3,2,1,19,1,4,1,60,2,1,3
10365,5.0,5.0,3.0,1.0,4.0,1.0,1.0,3.0,4.0,4.0,1.0,5.0,4.0,1.0,4.0,1.0,1.0,3.0,4.0,2.0,2,5,5,5,6,7,5,1,5,1,1,1,1,1,1,1,0,0,0,1,1,0,1,1,1,1,3,2,1,1,26,1,4,1,70,1,1,2
10366,4.0,4.0,4.0,4.0,4.0,1.0,1.0,2.0,4.0,1.0,2.0,4.0,2.0,2.0,4.0,1.0,2.0,3.0,5.0,4.0,6,6,5,1,6,2,6,1,7,2,1,1,1,1,1,0,1,0,0,1,1,0,1,1,1,1,4,2,1,1,50,1,1,3,60,1,2,2
10367,3.0,4.0,2.0,2.0,5.0,3.0,2.0,5.0,3.0,2.0,1.0,5.0,2.0,1.0,4.0,1.0,3.0,5.0,5.0,1.0,5,1,7,3,7,6,6,2,4,2,1,1,1,1,1,0,0,1,0,1,0,0,1,0,1,1,3,3,2,1,32,1,12,1,30,2,1,3
10368,4.0,1.0,5.0,2.0,2.0,5.0,5.0,2.0,5.0,5.0,2.0,4.0,4.0,3.0,3.0,1.0,3.0,1.0,1.0,1.0,1,3,6,5,4,5,5,2,6,3,1,1,1,1,1,0,0,0,0,1,0,0,1,1,1,1,3,3,2,1,63,1,6,1,60,1,3,3
10369,1.0,1.0,4.0,4.0,2.0,3.0,5.0,2.0,5.0,5.0,3.0,2.0,3.0,4.0,3.0,5.0,2.0,1.0,5.0,1.0,2,2,6,3,2,6,4,1,6,2,1,1,0,1,1,0,1,1,0,1,0,0,1,1,1,1,4,2,2,1,49,2,7,1,60,1,2,2
10370,1.0,2.0,1.0,5.0,1.0,1.0,1.0,2.0,4.0,3.0,2.0,1.0,1.0,5.0,4.0,5.0,3.0,3.0,5.0,1.0,5,6,1,7,5,5,6,7,3,3,1,1,1,1,1,1,0,0,0,1,0,0,1,1,1,1,3,2,2,1,22,1,12,2,70,1,1,1
10371,2.0,1.0,4.0,5.0,2.0,4.0,2.0,1.0,5.0,2.0,2.0,4.0,1.0,2.0,5.0,2.0,2.0,3.0,5.0,2.0,2,2,6,2,5,7,3,3,7,5,1,1,0,1,1,0,1,1,0,1,0,0,1,1,1,1,3,2,1,1,22,1,1,1,10,2,1,2
10372,4.0,5.0,1.0,4.0,2.0,1.0,1.0,4.0,2.0,1.0,2.0,5.0,1.0,2.0,5.0,1.0,1.0,5.0,5.0,1.0,6,7,7,2,6,5,6,2,3,2,1,1,0,1,1,0,0,1,0,1,0,1,1,1,1,1,2,3,2,1,18,1,2,2,60,2,1,7
10373,4.0,2.0,4.0,2.0,4.0,4.0,1.0,4.0,5.0,2.0,1.0,5.0,2.0,1.0,4.0,1.0,1.0,4.0,4.0,1.0,2,3,5,7,5,7,6,5,3,1,1,1,0,1,1,0,0,0,0,1,0,0,1,1,1,1,2,1,2,1,20,1,1,1,60,1,1,2
10374,1.0,4.0,5.0,5.0,4.0,4.0,2.0,4.0,5.0,5.0,1.0,4.0,1.0,2.0,4.0,2.0,1.0,2.0,5.0,1.0,7,2,6,6,7,1,7,1,6,2,1,1,1,1,1,0,0,1,0,1,0,0,1,1,1,1,4,2,2,1,28,1,1,1,60,1,2,2
10375,5.0,5.0,3.0,1.0,5.0,2.0,4.0,4.0,5.0,2.0,1.0,5.0,3.0,2.0,1.0,2.0,1.0,2.0,5.0,1.0,3,4,5,7,5,7,4,5,4,3,0,1,0,1,1,0,0,1,0,1,0,0,1,1,1,1,3,3,2,1,23,1,12,2,70,2,1,3
10376,1.0,2.0,4.0,5.0,2.0,2.0,2.0,2.0,5.0,5.0,2.0,2.0,2.0,4.0,1.0,2.0,3.0,1.0,4.0,1.0,5,2,6,4,6,5,6,2,4,2,1,1,1,1,1,1,0,1,0,1,0,0,1,1,1,1,4,2,2,1,32,1,0,0,60,2,2,4
10377,1.0,2.0,2.0,3.0,5.0,1.0,1.0,1.0,2.0,4.0,1.0,4.0,2.0,1.0,3.0,1.0,1.0,4.0,5.0,1.0,7,3,3,1,7,1,6,4,3,1,1,1,1,1,1,0,1,1,0,1,1,0,1,1,1,1,2,1,2,1,38,1,6,2,60,1,2,2
10378,4.0,5.0,3.0,1.0,5.0,1.0,1.0,3.0,4.0,2.0,1.0,5.0,4.0,3.0,4.0,1.0,1.0,4.0,5.0,2.0,3,6,4,6,6,5,4,5,3,3,1,1,1,1,1,0,0,0,0,1,0,0,1,1,1,1,3,1,1,1,47,1,12,1,60,1,2,2
10379,2.0,2.0,2.0,4.0,4.0,4.0,1.0,1.0,3.0,4.0,5.0,4.0,4.0,1.0,5.0,1.0,1.0,4.0,4.0,4.0,4,2,7,1,6,6,6,1,7,1,1,1,0,1,0,0,0,0,0,1,0,0,1,1,1,1,4,2,1,1,43,1,1,1,30,1,2,2
10380,4.0,2.0,4.0,4.0,2.0,4.0,3.0,4.0,5.0,4.0,1.0,3.0,1.0,1.0,3.0,4.0,2.0,2.0,3.0,1.0,5,4,6,2,5,6,6,2,6,4,1,1,1,1,1,0,0,1,0,1,0,0,1,1,1,1,3,1,2,1,33,1,1,1,60,1,2,4
10381,2.0,2.0,5.0,4.0,4.0,2.0,2.0,4.0,4.0,4.0,4.0,4.0,1.0,2.0,4.0,1.0,4.0,2.0,4.0,1.0,3,5,6,5,3,2,6,5,3,5,1,1,1,1,1,0,1,0,0,1,0,1,1,1,1,1,4,3,2,2,36,1,4,1,70,2,1,3
10382,5.0,5.0,4.0,1.0,4.0,1.0,1.0,5.0,3.0,2.0,1.0,5.0,5.0,1.0,4.0,1.0,2.0,4.0,5.0,4.0,2,5,6,5,3,7,5,1,5,3,1,1,1,1,1,0,0,0,0,1,0,0,1,1,1,1,3,1,2,1,28,1,7,1,60,1,2,3
10383,2.0,2.0,3.0,3.0,1.0,4.0,3.0,2.0,5.0,5.0,1.0,1.0,1.0,4.0,4.0,5.0,2.0,2.0,5.0,1.0,6,4,4,5,6,2,6,3,3,1,1,1,1,1,1,0,0,0,0,1,1,0,1,1,1,1,3,2,2,1,38,1,12,1,60,1,1,2
10384,1.0,5.0,4.0,4.0,1.0,4.0,1.0,4.0,5.0,5.0,2.0,5.0,4.0,3.0,4.0,4.0,2.0,4.0,5.0,1.0,6,6,7,2,7,1,5,2,6,2,1,1,1,1,1,0,0,1,1,1,0,1,1,1,1,1,2,2,2,1,19,3,2,2,60,2,1,2
10385,2.0,3.0,2.0,4.0,2.0,4.0,3.0,2.0,5.0,5.0,4.0,3.0,2.0,4.0,3.0,4.0,4.0,2.0,4.0,1.0,6,4,6,2,5,2,7,4,5,1,1,1,0,1,1,0,0,1,0,1,0,0,0,1,1,1,3,3,2,1,22,1,1,1,60,1,1,2
10386,2.0,4.0,2.0,2.0,2.0,2.0,2.0,4.0,4.0,2.0,2.0,4.0,5.0,3.0,4.0,3.0,1.0,4.0,5.0,2.0,1,5,4,1,5,7,4,5,6,1,1,1,1,1,1,1,1,0,0,1,1,0,1,1,1,1,3,3,1,1,53,1,2,1,60,1,2,3
10387,5.0,2.0,4.0,5.0,4.0,2.0,5.0,4.0,5.0,5.0,1.0,5.0,4.0,1.0,1.0,1.0,1.0,1.0,5.0,1.0,1,6,7,5,6,7,3,2,7,1,1,1,1,1,1,1,1,1,0,1,1,0,1,1,1,1,3,2,1,1,45,1,2,1,60,1,2,2
10388,4.0,4.0,4.0,2.0,4.0,4.0,2.0,5.0,4.0,3.0,1.0,5.0,1.0,1.0,1.0,3.0,2.0,4.0,5.0,3.0,3,6,5,6,3,7,5,4,3,6,1,1,1,1,1,0,1,1,0,1,1,0,1,1,1,1,4,2,1,1,36,1,6,1,60,1,2,3
10389,2.0,4.0,3.0,1.0,2.0,1.0,2.0,4.0,3.0,5.0,2.0,2.0,1.0,2.0,4.0,1.0,2.0,4.0,5.0,1.0,5,5,3,6,6,3,7,5,5,3,1,1,1,1,1,0,0,0,0,1,1,0,1,1,1,1,2,3,2,1,35,1,6,2,60,1,2,3
10390,2.0,2.0,1.0,4.0,4.0,4.0,1.0,4.0,5.0,4.0,1.0,2.0,4.0,4.0,4.0,1.0,2.0,4.0,4.0,1.0,5,3,6,2,6,6,6,1,7,2,1,1,0,1,1,0,0,0,0,1,0,1,1,1,1,1,3,3,1,1,48,1,6,1,30,1,3,2
10391,3.0,4.0,1.0,2.0,3.0,2.0,1.0,3.0,5.0,3.0,1.0,2.0,4.0,2.0,4.0,4.0,1.0,4.0,5.0,2.0,3,5,6,4,5,6,6,3,6,3,1,1,1,1,1,0,1,1,0,1,0,1,1,1,1,1,4,3,2,1,45,1,1,1,60,1,2,4
10392,3.0,3.0,2.0,4.0,5.0,3.0,2.0,3.0,3.0,4.0,1.0,4.0,4.0,2.0,3.0,3.0,5.0,5.0,5.0,3.0,5,3,7,2,7,4,4,4,6,4,1,1,1,1,1,1,0,0,0,1,0,1,1,1,1,1,4,1,2,1,33,2,4,2,60,1,1,2
10393,4.0,5.0,4.0,4.0,4.0,5.0,5.0,1.0,4.0,2.0,1.0,5.0,4.0,4.0,4.0,2.0,1.0,4.0,5.0,5.0,6,5,7,6,6,5,5,1,5,5,1,1,0,1,1,0,0,1,0,1,0,1,1,1,1,1,3,1,1,1,50,1,6,1,60,1,2,3
10394,2.0,1.0,1.0,5.0,1.0,4.0,4.0,1.0,5.0,5.0,4.0,2.0,2.0,4.0,5.0,5.0,5.0,2.0,5.0,5.0,6,2,5,1,7,3,6,5,7,6,1,1,1,1,1,0,0,0,0,1,0,0,1,1,1,1,4,2,2,1,45,2,7,1,60,1,2,2
10395,5.0,5.0,2.0,3.0,4.0,1.0,1.0,2.0,2.0,1.0,1.0,4.0,4.0,1.0,5.0,2.0,2.0,2.0,5.0,2.0,7,2,3,1,7,1,6,5,2,1,1,1,0,1,1,1,1,1,0,1,0,0,1,1,1,1,4,2,2,1,30,1,1,1,0,1,1,3
10396,2.0,4.0,3.0,1.0,3.0,3.0,1.0,2.0,2.0,2.0,1.0,1.0,4.0,1.0,4.0,1.0,5.0,5.0,5.0,3.0,6,5,4,6,7,5,6,5,1,1,1,1,0,1,1,0,0,1,0,1,0,0,1,1,1,1,2,2,1,1,35,1,1,2,60,2,1,3
10397,1.0,3.0,3.0,3.0,4.0,1.0,1.0,3.0,5.0,5.0,1.0,5.0,4.0,2.0,4.0,1.0,1.0,4.0,5.0,1.0,5,3,6,1,5,3,6,5,6,3,1,1,0,1,1,1,0,0,1,1,0,0,1,1,1,1,4,2,1,1,35,1,12,1,0,1,2,2
10398,1.0,5.0,1.0,5.0,3.0,1.0,1.0,1.0,5.0,1.0,1.0,4.0,5.0,1.0,4.0,5.0,1.0,2.0,5.0,2.0,6,3,7,6,6,1,7,2,2,2,1,1,1,1,1,1,1,1,0,1,0,1,1,1,1,1,3,2,2,1,36,1,7,1,60,1,2,0
10399,2.0,2.0,1.0,1.0,5.0,1.0,1.0,5.0,4.0,4.0,1.0,5.0,5.0,3.0,4.0,1.0,1.0,5.0,5.0,5.0,1,6,5,2,7,7,2,1,7,1,0,0,0,0,1,0,0,0,0,1,0,0,0,1,0,1,3,1,2,1,38,1,7,1,60,1,1,3
10400,5.0,4.0,1.0,2.0,5.0,1.0,1.0,5.0,1.0,1.0,2.0,5.0,5.0,2.0,1.0,2.0,4.0,5.0,5.0,5.0,5,2,6,2,5,3,5,5,7,3,1,1,0,1,1,0,0,0,0,1,0,0,1,1,1,1,3,2,1,1,31,3,1,1,60,2,1,3
10401,1.0,2.0,1.0,5.0,1.0,4.0,4.0,2.0,5.0,5.0,3.0,1.0,2.0,4.0,4.0,2.0,3.0,2.0,4.0,1.0,7,5,6,3,7,1,6,2,6,1,1,1,1,1,1,1,0,0,0,1,0,0,1,1,1,1,4,2,1,1,30,1,9,3,60,1,1,3
10402,4.0,4.0,2.0,2.0,5.0,4.0,2.0,4.0,4.0,2.0,2.0,4.0,4.0,3.0,5.0,2.0,1.0,4.0,4.0,1.0,2,3,4,2,6,6,5,1,6,1,1,1,0,1,1,1,0,1,0,1,0,0,1,1,1,1,3,2,2,1,32,1,1,1,60,1,2,2
10403,3.0,1.0,1.0,5.0,4.0,1.0,1.0,4.0,4.0,4.0,2.0,4.0,2.0,2.0,3.0,1.0,1.0,5.0,5.0,1.0,7,6,0,0,0,0,0,0,0,0,1,1,0,1,1,0,0,0,0,1,0,0,1,1,1,1,3,2,1,1,40,2,2,1,60,1,2,2
10404,5.0,4.0,2.0,1.0,4.0,2.0,2.0,4.0,5.0,5.0,1.0,5.0,4.0,1.0,5.0,1.0,2.0,2.0,5.0,1.0,1,6,3,6,2,6,2,2,1,5,0,1,1,1,1,0,0,0,0,1,0,0,1,1,1,1,3,1,2,1,27,1,4,1,10,2,1,4
10405,5.0,5.0,1.0,1.0,1.0,1.0,1.0,5.0,1.0,2.0,1.0,4.0,4.0,3.0,5.0,4.0,1.0,5.0,5.0,1.0,6,7,7,5,7,3,4,5,6,6,0,0,0,0,0,0,1,0,0,0,0,0,0,0,0,0,2,3,1,1,15,3,2,1,60,2,1,2
10406,3.0,2.0,4.0,4.0,1.0,2.0,1.0,1.0,4.0,4.0,2.0,1.0,2.0,1.0,4.0,5.0,2.0,1.0,5.0,1.0,7,5,5,2,7,1,7,5,6,2,1,1,0,1,1,0,0,0,0,1,0,0,1,1,1,1,3,3,1,2,51,3,7,1,60,1,3,4
10407,4.0,1.0,3.0,4.0,4.0,2.0,4.0,4.0,5.0,4.0,1.0,4.0,3.0,2.0,2.0,2.0,2.0,5.0,4.0,2.0,1,6,6,6,5,6,5,3,3,4,1,1,0,1,1,0,0,0,0,0,0,0,0,1,1,1,4,2,2,1,33,1,1,1,70,1,1,3
10408,4.0,5.0,3.0,3.0,4.0,2.0,2.0,4.0,3.0,2.0,2.0,5.0,3.0,2.0,4.0,1.0,2.0,4.0,4.0,4.0,3,4,4,1,6,2,5,2,6,7,1,1,0,1,1,0,0,1,0,1,0,0,1,1,1,1,3,2,1,1,42,1,7,1,60,1,2,2
10409,5.0,5.0,1.0,5.0,5.0,5.0,5.0,5.0,5.0,5.0,1.0,1.0,2.0,4.0,5.0,5.0,2.0,2.0,1.0,5.0,6,5,6,2,6,5,6,1,6,2,1,1,0,1,1,0,0,0,1,1,0,0,1,1,1,1,3,3,2,2,34,1,5,1,10,2,2,5
10410,3.0,3.0,1.0,1.0,3.0,4.0,1.0,3.0,4.0,3.0,2.0,1.0,1.0,3.0,3.0,1.0,1.0,3.0,3.0,3.0,6,4,4,5,5,2,4,3,2,3,1,1,0,1,1,0,0,0,0,1,0,0,1,1,1,1,3,2,1,1,36,1,1,1,70,2,2,3
10411,4.0,1.0,4.0,2.0,2.0,4.0,3.0,2.0,5.0,1.0,1.0,4.0,2.0,3.0,3.0,4.0,1.0,5.0,5.0,2.0,4,1,6,2,6,4,7,1,4,3,1,1,1,1,1,0,1,0,0,1,0,0,1,1,1,1,4,2,2,1,41,1,1,1,10,2,1,2
10412,1.0,1.0,4.0,4.0,3.0,5.0,4.0,1.0,5.0,5.0,2.0,4.0,1.0,4.0,2.0,4.0,2.0,3.0,1.0,1.0,2,2,5,5,6,1,2,1,3,1,1,1,1,1,1,0,1,1,0,1,0,1,1,1,1,1,3,2,3,2,55,1,12,1,60,1,2,5
10413,5.0,5.0,2.0,2.0,5.0,4.0,1.0,2.0,4.0,1.0,2.0,5.0,1.0,1.0,4.0,5.0,1.0,5.0,5.0,5.0,2,5,7,2,7,5,5,1,7,1,1,1,1,1,1,0,1,1,0,1,1,0,1,1,1,1,2,3,1,2,30,1,1,1,10,2,1,3
10414,5.0,4.0,1.0,4.0,2.0,1.0,1.0,1.0,5.0,5.0,1.0,1.0,1.0,1.0,4.0,1.0,5.0,4.0,5.0,2.0,2,6,3,6,7,2,7,3,2,2,1,1,1,1,1,0,0,0,0,1,0,0,1,1,1,1,3,1,2,1,60,1,1,2,60,1,2,2
10415,2.0,4.0,2.0,5.0,4.0,4.0,2.0,2.0,5.0,4.0,5.0,2.0,2.0,4.0,4.0,2.0,4.0,2.0,2.0,2.0,5,6,6,1,5,6,5,5,7,6,0,1,0,1,0,0,0,1,0,1,0,0,1,1,0,1,2,1,1,2,20,1,10,1,10,1,1,2
10416,5.0,4.0,2.0,5.0,5.0,1.0,5.0,2.0,4.0,2.0,2.0,5.0,5.0,2.0,3.0,1.0,4.0,4.0,3.0,2.0,5,5,3,2,6,4,4,4,5,2,1,1,0,1,1,0,0,0,0,1,0,0,0,1,1,1,3,1,1,2,25,1,6,1,30,2,1,3
10417,1.0,1.0,3.0,2.0,2.0,1.0,1.0,1.0,5.0,5.0,1.0,2.0,2.0,3.0,1.0,5.0,1.0,2.0,3.0,1.0,7,2,6,1,5,1,6,1,6,3,1,1,1,1,1,0,0,0,0,1,0,0,1,1,1,1,3,2,2,1,26,1,6,2,60,2,2,3
10418,2.0,2.0,4.0,4.0,4.0,2.0,2.0,2.0,5.0,3.0,1.0,3.0,1.0,5.0,4.0,1.0,4.0,4.0,5.0,1.0,2,1,5,7,5,5,6,3,2,3,1,1,0,1,1,0,0,0,0,1,0,0,1,1,1,1,2,1,2,1,25,2,1,3,60,1,1,3
10419,4.0,5.0,1.0,1.0,5.0,1.0,3.0,4.0,2.0,1.0,1.0,5.0,3.0,1.0,4.0,2.0,1.0,5.0,5.0,5.0,1,7,1,7,5,4,5,7,1,1,1,1,1,1,1,0,0,1,0,1,0,1,1,1,1,1,3,1,1,2,38,1,2,1,60,1,1,3
10420,1.0,1.0,5.0,4.0,5.0,4.0,5.0,4.0,5.0,5.0,1.0,1.0,4.0,5.0,4.0,1.0,1.0,1.0,5.0,4.0,2,1,7,7,7,7,7,2,6,1,1,0,0,1,1,0,0,0,1,1,1,0,0,1,1,1,3,1,2,1,22,1,1,2,10,1,1,2
10421,5.0,2.0,4.0,2.0,4.0,2.0,2.0,5.0,4.0,4.0,1.0,5.0,1.0,1.0,4.0,1.0,5.0,1.0,5.0,4.0,2,1,6,7,6,7,6,1,4,4,1,1,0,1,1,0,0,0,0,1,0,0,0,0,1,1,4,3,2,2,30,1,10,1,20,2,0,12
10422,1.0,2.0,5.0,3.0,1.0,5.0,4.0,1.0,5.0,5.0,3.0,1.0,1.0,2.0,4.0,3.0,2.0,1.0,5.0,1.0,7,5,6,2,7,1,7,5,5,1,1,1,1,1,1,0,1,1,0,1,0,0,1,1,1,1,4,2,1,1,26,1,2,1,60,2,1,2
10423,5.0,4.0,4.0,5.0,3.0,1.0,2.0,5.0,5.0,3.0,3.0,4.0,2.0,5.0,4.0,5.0,4.0,4.0,3.0,5.0,6,6,5,6,5,5,5,5,5,4,0,0,0,0,1,0,0,0,0,1,0,0,0,0,0,1,4,1,2,2,22,2,7,1,70,1,1,0
10424,5.0,5.0,4.0,1.0,5.0,5.0,3.0,1.0,5.0,4.0,1.0,5.0,4.0,1.0,1.0,5.0,5.0,5.0,5.0,3.0,3,3,4,1,6,6,5,2,6,2,1,1,1,1,1,0,1,1,0,1,0,0,0,1,1,1,3,3,1,2,49,1,2,1,60,1,2,2
10425,3.0,4.0,2.0,3.0,3.0,1.0,1.0,2.0,5.0,1.0,1.0,5.0,4.0,3.0,2.0,1.0,2.0,4.0,5.0,2.0,7,7,6,4,6,1,4,3,4,3,1,1,0,1,1,0,0,0,0,1,0,0,1,1,1,1,4,3,1,1,35,1,8,1,10,1,1,2
10426,5.0,2.0,2.0,1.0,4.0,2.0,4.0,5.0,4.0,5.0,1.0,5.0,5.0,1.0,3.0,4.0,1.0,5.0,5.0,1.0,1,6,5,7,7,7,5,6,3,2,1,1,1,1,1,0,1,1,0,1,0,0,1,1,1,1,4,2,2,2,26,1,2,2,60,1,1,0
10427,5.0,5.0,1.0,1.0,5.0,1.0,1.0,5.0,1.0,1.0,1.0,5.0,5.0,1.0,5.0,5.0,1.0,1.0,5.0,3.0,1,4,7,4,4,6,1,7,1,1,1,1,0,1,1,0,0,0,0,1,0,0,1,1,1,1,3,3,1,1,18,1,2,1,60,2,1,2
10428,4.0,5.0,2.0,2.0,5.0,2.0,1.0,1.0,5.0,2.0,1.0,4.0,4.0,3.0,4.0,2.0,1.0,2.0,4.0,5.0,6,5,7,1,7,4,6,2,6,1,1,1,0,1,1,0,0,0,0,1,1,0,1,1,1,1,3,1,2,2,47,3,1,1,60,1,2,2
10429,4.0,5.0,2.0,2.0,5.0,1.0,1.0,5.0,3.0,2.0,1.0,5.0,3.0,2.0,4.0,1.0,5.0,4.0,5.0,3.0,5,3,1,5,5,1,3,6,3,3,1,1,0,1,1,0,0,0,0,1,0,0,1,1,1,1,4,2,2,1,30,1,6,2,30,1,2,2
10430,2.0,5.0,2.0,5.0,5.0,4.0,2.0,4.0,5.0,3.0,3.0,1.0,5.0,5.0,4.0,2.0,2.0,4.0,3.0,1.0,5,6,3,5,6,5,5,6,5,3,1,1,0,1,1,0,0,0,0,1,0,0,0,1,1,1,3,3,1,2,22,1,2,3,10,2,1,2
10431,1.0,5.0,4.0,4.0,4.0,2.0,1.0,2.0,5.0,2.0,1.0,4.0,2.0,3.0,4.0,2.0,1.0,2.0,5.0,4.0,1,5,5,6,3,6,5,3,3,5,1,1,0,1,1,0,1,1,0,1,0,0,1,1,1,1,3,2,1,1,35,2,9,1,60,1,2,2
10432,5.0,5.0,2.0,2.0,4.0,1.0,2.0,5.0,3.0,1.0,2.0,5.0,4.0,2.0,5.0,1.0,3.0,2.0,5.0,2.0,5,2,6,3,4,1,1,3,4,6,1,1,0,1,1,0,0,0,0,1,0,0,1,1,1,1,3,2,1,1,44,1,4,1,60,1,2,2
10433,1.0,2.0,4.0,1.0,2.0,5.0,5.0,1.0,5.0,5.0,3.0,1.0,1.0,3.0,3.0,1.0,3.0,1.0,3.0,3.0,1,6,6,4,7,7,7,0,5,4,1,1,0,1,1,0,0,0,0,1,0,0,1,1,1,1,3,3,2,2,34,1,4,1,70,2,1,5
10434,1.0,1.0,4.0,4.0,5.0,1.0,2.0,1.0,5.0,5.0,1.0,1.0,1.0,5.0,1.0,1.0,5.0,1.0,1.0,2.0,7,1,6,5,7,1,7,5,2,1,1,1,1,1,1,0,0,1,0,1,0,1,1,1,1,1,4,3,2,2,54,1,12,1,60,2,3,2
10435,1.0,2.0,5.0,5.0,3.0,5.0,5.0,1.0,5.0,5.0,4.0,2.0,1.0,4.0,4.0,4.0,3.0,1.0,5.0,2.0,7,5,7,1,7,1,7,2,7,1,1,1,0,1,1,0,0,0,0,1,0,0,1,1,1,1,3,3,2,1,25,1,4,1,60,2,1,2
10436,1.0,2.0,2.0,4.0,1.0,2.0,1.0,4.0,5.0,3.0,3.0,4.0,2.0,2.0,3.0,4.0,5.0,4.0,5.0,1.0,2,2,5,5,5,6,6,1,4,2,1,1,1,1,1,0,0,1,0,1,0,0,1,1,1,1,3,1,2,1,35,1,1,1,60,2,3,2
10437,5.0,3.0,3.0,1.0,5.0,3.0,5.0,5.0,3.0,3.0,1.0,3.0,5.0,3.0,1.0,3.0,3.0,1.0,5.0,5.0,4,6,7,1,7,4,4,1,4,1,1,1,0,1,1,0,0,0,0,1,0,0,0,1,1,1,3,3,2,2,48,1,3,1,10,1,1,3
10438,1.0,2.0,2.0,5.0,4.0,2.0,2.0,2.0,5.0,4.0,2.0,2.0,2.0,4.0,4.0,5.0,2.0,4.0,4.0,2.0,6,5,5,2,7,5,5,2,7,3,1,1,1,1,1,0,0,1,0,1,1,0,1,1,1,1,3,2,2,1,30,1,4,1,60,1,1,3
10439,5.0,3.0,3.0,3.0,3.0,3.0,1.0,4.0,4.0,3.0,2.0,4.0,4.0,2.0,4.0,4.0,2.0,3.0,4.0,4.0,6,6,7,1,4,2,4,2,7,2,1,1,0,1,1,0,0,0,0,1,0,0,1,1,1,1,3,2,1,1,31,1,6,1,60,1,1,2
10440,2.0,2.0,2.0,4.0,4.0,2.0,2.0,2.0,5.0,5.0,2.0,4.0,1.0,4.0,4.0,2.0,3.0,4.0,5.0,2.0,6,7,4,5,7,2,5,5,5,1,1,1,0,1,1,0,0,0,0,1,0,0,0,1,1,1,3,3,2,2,22,2,12,1,60,1,1,3
10441,5.0,1.0,2.0,3.0,4.0,4.0,4.0,4.0,5.0,5.0,5.0,3.0,5.0,2.0,5.0,4.0,2.0,4.0,5.0,1.0,3,6,7,3,7,4,4,4,7,3,1,1,0,0,1,0,0,0,0,1,0,0,0,1,1,1,2,3,1,1,18,1,7,1,60,2,1,2
10442,1.0,1.0,5.0,1.0,2.0,1.0,2.0,4.0,5.0,4.0,1.0,2.0,2.0,1.0,1.0,2.0,2.0,5.0,5.0,1.0,1,2,7,3,7,7,7,1,5,1,1,1,0,1,0,0,0,0,0,1,0,0,1,0,1,1,4,1,2,2,26,1,3,1,10,2,1,3
10443,4.0,4.0,2.0,3.0,5.0,1.0,3.0,2.0,4.0,3.0,3.0,5.0,5.0,2.0,4.0,4.0,2.0,3.0,5.0,1.0,5,5,5,5,3,6,5,5,3,5,0,1,0,1,0,0,0,0,0,0,0,0,0,0,0,0,3,3,1,2,21,1,1,1,10,2,1,2
10444,4.0,4.0,2.0,2.0,5.0,1.0,1.0,4.0,4.0,2.0,1.0,2.0,5.0,2.0,4.0,1.0,1.0,5.0,4.0,1.0,1,5,3,3,6,5,5,5,3,1,1,1,1,1,1,0,1,1,0,1,1,0,1,1,1,1,3,3,1,1,36,1,1,1,60,1,1,1
10445,4.0,5.0,2.0,1.0,4.0,1.0,1.0,4.0,1.0,1.0,2.0,4.0,5.0,3.0,5.0,1.0,1.0,5.0,5.0,3.0,4,7,7,6,4,4,3,5,1,2,1,0,0,0,1,0,0,0,0,0,0,0,0,0,1,1,0,3,2,2,17,2,2,1,70,2,1,1
10446,1.0,4.0,3.0,5.0,1.0,4.0,4.0,1.0,5.0,5.0,3.0,2.0,1.0,3.0,3.0,4.0,5.0,2.0,4.0,1.0,3,1,6,1,7,5,6,5,7,4,1,1,1,1,1,0,0,1,0,1,0,0,1,1,1,1,4,3,2,1,26,1,9,1,60,2,2,4
10447,1.0,1.0,1.0,5.0,2.0,5.0,5.0,2.0,5.0,1.0,5.0,2.0,1.0,4.0,1.0,5.0,5.0,1.0,1.0,2.0,2,3,7,5,7,7,7,1,6,2,1,1,1,1,1,0,0,1,0,1,0,0,1,1,1,1,3,3,2,1,49,1,4,1,60,1,2,4
10448,2.0,4.0,3.0,2.0,3.0,3.0,1.0,1.0,4.0,4.0,2.0,2.0,3.0,3.0,4.0,2.0,2.0,4.0,5.0,2.0,5,5,6,5,7,5,6,2,6,4,1,1,1,1,1,0,0,0,0,1,0,0,1,1,1,1,3,3,1,1,37,1,7,1,60,1,2,2
10449,5.0,5.0,1.0,2.0,5.0,1.0,1.0,5.0,2.0,1.0,2.0,5.0,4.0,1.0,5.0,1.0,1.0,4.0,5.0,4.0,2,2,7,2,6,6,5,2,7,2,1,1,1,1,1,1,1,1,0,1,1,0,1,1,1,1,4,1,1,1,59,1,1,1,60,1,2,3
10450,1.0,3.0,1.0,4.0,1.0,1.0,1.0,1.0,5.0,1.0,3.0,5.0,2.0,3.0,1.0,3.0,2.0,2.0,5.0,1.0,6,2,2,4,5,5,6,4,5,3,1,1,1,1,1,0,0,1,0,1,0,0,1,1,1,1,3,2,2,1,53,1,12,1,60,1,3,3
10451,5.0,5.0,1.0,1.0,5.0,1.0,1.0,5.0,1.0,1.0,1.0,5.0,5.0,1.0,5.0,1.0,1.0,5.0,5.0,5.0,7,6,7,2,7,1,2,2,7,1,1,1,1,1,1,1,1,1,0,1,1,0,1,1,1,1,4,3,1,1,67,1,4,1,60,0,2,0
10452,5.0,5.0,2.0,1.0,5.0,2.0,3.0,5.0,3.0,4.0,1.0,5.0,4.0,1.0,5.0,1.0,4.0,4.0,3.0,5.0,2,1,6,5,7,7,2,1,6,2,1,1,0,1,1,0,1,0,0,1,0,0,1,0,1,1,3,3,1,2,26,1,8,1,10,1,1,1
10453,1.0,1.0,4.0,1.0,2.0,2.0,1.0,5.0,5.0,2.0,2.0,5.0,1.0,1.0,2.0,1.0,1.0,1.0,5.0,1.0,1,6,7,2,6,3,5,1,5,1,1,1,1,1,1,0,1,0,0,1,0,1,1,1,1,1,0,3,2,1,45,1,12,1,60,1,1,3
10454,3.0,4.0,4.0,4.0,5.0,3.0,2.0,1.0,3.0,2.0,1.0,4.0,2.0,4.0,4.0,3.0,1.0,3.0,5.0,1.0,5,4,4,5,6,6,7,5,5,1,1,1,1,1,1,0,0,1,0,1,0,0,1,1,1,1,3,3,2,1,52,1,12,1,60,1,1,0
10455,5.0,5.0,2.0,1.0,4.0,4.0,1.0,5.0,4.0,5.0,2.0,5.0,5.0,2.0,5.0,2.0,1.0,5.0,5.0,2.0,1,6,6,5,6,7,6,1,3,5,1,0,0,1,0,0,0,0,0,1,0,0,1,1,1,1,4,3,1,2,21,1,1,1,60,1,1,2
10456,5.0,4.0,1.0,2.0,4.0,2.0,1.0,5.0,4.0,5.0,1.0,5.0,4.0,1.0,1.0,3.0,2.0,4.0,5.0,1.0,5,3,7,3,7,5,6,3,7,1,1,1,0,1,1,0,1,0,0,1,0,0,1,1,1,1,4,2,2,2,25,1,2,1,70,2,1,2
10457,2.0,3.0,4.0,3.0,1.0,4.0,3.0,1.0,5.0,5.0,1.0,3.0,1.0,1.0,1.0,3.0,2.0,1.0,4.0,1.0,5,5,6,6,6,6,6,2,5,1,1,1,1,1,1,0,1,1,0,1,0,1,1,1,1,1,4,3,2,1,31,1,1,1,60,1,1,3
10458,4.0,3.0,1.0,5.0,4.0,4.0,2.0,4.0,4.0,4.0,1.0,4.0,4.0,5.0,4.0,2.0,4.0,5.0,5.0,4.0,7,7,6,5,6,4,6,3,3,1,1,1,0,1,1,0,0,0,0,1,0,0,1,1,0,1,3,3,2,1,24,1,4,1,60,1,1,3
10459,4.0,4.0,3.0,2.0,4.0,3.0,3.0,3.0,3.0,3.0,2.0,5.0,4.0,3.0,4.0,3.0,3.0,4.0,4.0,4.0,4,5,5,5,3,5,5,5,4,3,1,1,0,1,1,0,0,0,0,1,0,0,1,1,1,1,1,3,1,2,17,1,12,1,70,2,1,2
10460,3.0,1.0,4.0,2.0,4.0,4.0,1.0,2.0,5.0,1.0,2.0,5.0,2.0,3.0,4.0,1.0,3.0,2.0,5.0,1.0,2,2,7,5,7,7,6,2,5,1,1,1,1,1,1,0,0,1,0,1,1,0,1,1,1,1,3,1,2,1,33,1,2,1,60,2,3,3
10461,2.0,5.0,3.0,3.0,4.0,1.0,1.0,4.0,3.0,2.0,2.0,5.0,4.0,2.0,5.0,1.0,3.0,4.0,4.0,2.0,7,5,3,5,6,1,5,4,2,1,1,1,0,1,1,0,0,0,0,1,0,0,1,1,1,1,2,2,1,1,18,1,4,1,60,2,1,1
10462,4.0,5.0,4.0,3.0,2.0,1.0,1.0,2.0,2.0,1.0,2.0,4.0,2.0,4.0,5.0,4.0,3.0,4.0,4.0,1.0,7,1,5,3,7,2,7,5,6,4,1,1,1,1,1,0,0,1,0,1,0,0,1,1,1,1,2,2,2,1,18,1,2,1,70,2,1,1
10463,3.0,5.0,2.0,3.0,4.0,2.0,1.0,1.0,4.0,4.0,1.0,5.0,4.0,1.0,5.0,2.0,2.0,4.0,5.0,2.0,6,6,6,5,5,3,3,1,3,2,0,0,0,0,0,0,1,0,0,1,0,0,0,0,0,0,3,3,1,2,23,1,12,1,10,1,1,3
10464,2.0,2.0,3.0,3.0,2.0,1.0,2.0,2.0,5.0,4.0,2.0,2.0,1.0,4.0,3.0,2.0,3.0,1.0,4.0,2.0,1,1,6,5,5,7,7,2,5,2,1,1,0,1,1,0,0,0,0,1,0,0,1,1,1,1,3,3,2,1,27,1,7,1,60,1,1,3
10465,5.0,2.0,1.0,1.0,5.0,1.0,3.0,1.0,3.0,1.0,1.0,5.0,1.0,1.0,3.0,1.0,3.0,3.0,1.0,1.0,5,1,7,1,7,3,5,1,6,3,1,1,1,1,1,0,1,1,1,1,1,0,1,1,1,1,4,1,2,1,58,1,7,1,30,0,3,5
10466,1.0,4.0,4.0,2.0,5.0,5.0,3.0,2.0,5.0,5.0,3.0,4.0,1.0,1.0,4.0,4.0,1.0,2.0,3.0,1.0,1,5,6,6,2,7,6,5,3,1,1,1,0,1,1,0,0,1,0,1,0,0,1,1,1,1,3,2,1,1,23,1,1,1,60,1,1,3
10467,1.0,3.0,5.0,4.0,3.0,4.0,4.0,4.0,5.0,5.0,1.0,4.0,1.0,4.0,3.0,4.0,4.0,2.0,1.0,3.0,5,2,7,3,5,5,7,1,6,2,1,1,0,1,1,0,0,0,0,1,0,0,0,1,1,1,4,2,2,1,51,1,7,1,60,1,2,2
10468,4.0,1.0,1.0,3.0,3.0,1.0,1.0,2.0,5.0,2.0,1.0,4.0,2.0,2.0,2.0,2.0,3.0,3.0,5.0,3.0,1,6,7,5,6,7,2,3,5,2,1,1,0,1,1,0,0,0,0,1,0,0,0,1,1,1,3,2,2,1,20,1,12,2,30,1,1,4
10469,1.0,1.0,1.0,1.0,5.0,5.0,5.0,1.0,5.0,1.0,1.0,5.0,5.0,1.0,1.0,1.0,1.0,1.0,5.0,1.0,5,2,6,2,7,6,5,2,6,2,1,1,1,1,1,0,0,1,0,1,1,0,1,1,1,1,4,2,2,1,59,1,6,1,60,1,3,2
10470,1.0,4.0,4.0,5.0,3.0,5.0,5.0,5.0,5.0,5.0,2.0,4.0,1.0,1.0,5.0,4.0,1.0,2.0,3.0,1.0,2,2,7,3,7,5,2,1,5,6,1,1,1,1,1,0,1,1,0,1,1,0,1,1,1,1,4,1,2,1,42,1,6,1,60,2,3,2
10471,1.0,1.0,2.0,1.0,1.0,4.0,5.0,4.0,5.0,5.0,1.0,2.0,1.0,1.0,1.0,2.0,2.0,3.0,5.0,2.0,4,1,5,5,5,5,7,5,5,6,1,1,1,1,1,0,0,1,0,1,1,1,1,1,1,1,3,2,1,1,33,1,7,1,60,1,1,4
10472,3.0,4.0,2.0,4.0,4.0,2.0,2.0,2.0,4.0,3.0,1.0,2.0,1.0,1.0,3.0,1.0,3.0,3.0,5.0,2.0,3,2,6,2,4,6,5,4,7,5,1,1,0,1,1,0,0,0,0,1,0,0,1,1,1,1,3,3,1,2,25,1,2,1,20,2,1,5
10473,4.0,5.0,1.0,1.0,5.0,2.0,1.0,4.0,1.0,1.0,1.0,5.0,4.0,2.0,5.0,1.0,1.0,5.0,5.0,5.0,5,1,6,5,5,6,6,5,5,5,1,1,0,1,1,0,0,1,0,1,0,0,1,1,1,1,2,2,1,1,30,1,12,2,30,2,1,3
10474,5.0,3.0,1.0,1.0,2.0,1.0,1.0,5.0,2.0,1.0,1.0,5.0,4.0,1.0,4.0,1.0,1.0,5.0,5.0,1.0,6,2,6,1,6,2,2,3,7,3,1,1,0,1,1,0,1,0,0,1,0,0,1,1,1,1,4,2,1,1,40,1,1,1,60,2,2,2
10475,1.0,4.0,4.0,5.0,4.0,4.0,1.0,2.0,4.0,5.0,3.0,2.0,4.0,4.0,4.0,5.0,3.0,4.0,5.0,1.0,6,5,5,5,6,5,6,4,6,2,1,1,0,1,1,0,0,0,0,1,0,0,1,1,1,1,2,2,2,1,19,2,1,2,60,1,1,3
10476,1.0,1.0,4.0,4.0,2.0,4.0,4.0,1.0,5.0,5.0,4.0,1.0,1.0,3.0,1.0,5.0,4.0,1.0,1.0,1.0,6,2,6,1,4,6,6,2,6,2,1,1,0,1,1,0,0,1,0,1,0,0,1,1,1,1,4,1,1,1,40,1,6,1,60,1,2,3
10477,4.0,1.0,1.0,2.0,5.0,2.0,5.0,5.0,5.0,4.0,1.0,5.0,5.0,4.0,3.0,2.0,4.0,5.0,4.0,2.0,2,7,6,5,5,7,7,2,6,1,0,1,0,1,1,0,0,0,0,1,0,0,0,1,1,1,3,3,2,1,20,1,7,1,30,1,1,4
10478,1.0,2.0,3.0,2.0,4.0,2.0,2.0,1.0,5.0,2.0,1.0,1.0,1.0,4.0,5.0,1.0,2.0,2.0,5.0,2.0,2,3,5,3,6,7,5,6,6,2,1,1,0,1,1,0,0,0,0,1,0,0,1,1,1,1,3,2,2,1,19,1,6,1,20,1,1,2
10479,4.0,4.0,1.0,5.0,4.0,4.0,2.0,2.0,5.0,4.0,4.0,4.0,4.0,4.0,2.0,2.0,1.0,1.0,4.0,2.0,5,2,7,1,7,6,2,1,7,2,1,1,1,1,1,0,1,1,0,1,0,0,1,1,1,1,4,3,1,1,47,1,4,1,70,1,2,4
10480,1.0,1.0,1.0,5.0,4.0,2.0,1.0,1.0,5.0,5.0,1.0,2.0,1.0,3.0,3.0,2.0,1.0,1.0,5.0,1.0,2,5,7,3,6,5,7,1,6,2,1,1,1,1,1,0,0,1,0,1,1,0,0,1,1,1,3,3,2,1,36,1,1,1,60,1,2,3
10481,2.0,3.0,1.0,5.0,1.0,2.0,2.0,4.0,5.0,2.0,1.0,2.0,1.0,2.0,4.0,5.0,1.0,4.0,5.0,1.0,5,3,6,1,6,5,5,2,5,2,1,1,1,1,1,0,1,1,0,1,1,0,1,1,1,1,4,2,1,1,53,2,6,1,60,1,2,3
10482,4.0,5.0,1.0,1.0,5.0,1.0,1.0,4.0,2.0,1.0,1.0,5.0,4.0,1.0,5.0,1.0,1.0,5.0,5.0,1.0,3,5,7,2,5,6,2,2,7,5,0,0,0,0,0,0,0,0,0,0,0,0,0,1,0,1,3,3,1,2,26,1,1,1,60,2,1,1
10483,2.0,2.0,5.0,3.0,2.0,5.0,3.0,2.0,5.0,4.0,2.0,2.0,1.0,3.0,4.0,3.0,3.0,2.0,5.0,1.0,5,7,7,4,5,6,6,3,4,4,1,1,0,1,1,1,1,1,0,1,0,0,1,1,1,1,4,3,2,1,34,1,1,1,60,1,2,3
10484,1.0,3.0,4.0,4.0,4.0,3.0,3.0,2.0,5.0,5.0,2.0,4.0,1.0,3.0,2.0,4.0,1.0,1.0,5.0,5.0,1,4,7,2,5,7,7,1,7,2,1,1,0,1,1,0,0,1,0,1,0,0,1,1,1,1,4,3,1,1,42,2,2,1,60,2,2,2
10485,3.0,2.0,3.0,1.0,4.0,2.0,1.0,3.0,1.0,2.0,1.0,4.0,2.0,2.0,5.0,4.0,2.0,3.0,5.0,1.0,6,2,3,4,7,1,5,5,4,4,1,1,1,1,1,0,0,1,0,1,0,1,1,0,1,1,2,1,1,1,19,1,1,1,60,1,1,3
10486,5.0,5.0,3.0,3.0,4.0,2.0,1.0,4.0,5.0,2.0,1.0,4.0,4.0,3.0,3.0,1.0,4.0,4.0,5.0,4.0,6,5,6,2,7,2,4,2,7,2,1,1,1,1,1,0,0,1,1,1,0,0,1,1,1,1,4,3,1,1,44,1,4,1,70,1,1,2
10487,2.0,2.0,4.0,4.0,2.0,4.0,2.0,2.0,4.0,2.0,2.0,4.0,2.0,4.0,5.0,2.0,2.0,4.0,4.0,2.0,7,6,6,5,7,2,7,5,5,3,1,1,0,1,1,1,1,1,0,1,0,0,0,1,1,1,4,1,2,1,41,1,6,1,60,1,2,2
10488,3.0,3.0,2.0,4.0,2.0,1.0,1.0,3.0,3.0,2.0,2.0,4.0,2.0,1.0,4.0,1.0,1.0,3.0,5.0,1.0,6,7,5,6,4,1,3,5,2,2,1,1,1,1,1,0,0,0,0,1,0,0,1,1,1,1,3,3,1,1,39,1,1,1,70,2,1,1
10489,4.0,4.0,1.0,3.0,2.0,1.0,1.0,1.0,3.0,4.0,1.0,4.0,2.0,3.0,5.0,1.0,3.0,4.0,5.0,1.0,7,6,2,2,7,5,4,6,2,1,1,1,0,1,1,0,0,1,0,1,0,0,1,1,1,1,3,2,2,1,26,1,1,2,60,2,2,2
10490,5.0,5.0,1.0,5.0,4.0,5.0,5.0,4.0,5.0,5.0,4.0,5.0,5.0,1.0,1.0,1.0,5.0,5.0,4.0,1.0,6,4,6,2,6,6,6,3,6,2,1,1,1,1,1,0,1,1,0,1,1,0,1,1,1,1,4,1,1,2,62,1,1,1,70,1,2,8
10491,5.0,5.0,5.0,3.0,1.0,5.0,5.0,5.0,5.0,5.0,1.0,1.0,5.0,2.0,1.0,5.0,1.0,1.0,5.0,1.0,6,7,7,4,7,4,7,1,7,1,1,1,0,1,1,0,0,1,0,1,1,1,1,1,1,1,3,2,2,2,36,1,4,1,70,1,2,2
10492,5.0,4.0,3.0,5.0,5.0,1.0,1.0,5.0,5.0,5.0,3.0,5.0,3.0,1.0,5.0,1.0,3.0,4.0,4.0,3.0,5,7,7,1,7,2,6,6,6,2,1,1,1,1,1,0,1,0,0,1,0,0,1,1,1,1,3,3,1,1,26,1,4,1,30,2,1,2
10493,5.0,4.0,2.0,2.0,4.0,4.0,4.0,2.0,5.0,4.0,1.0,5.0,5.0,1.0,1.0,1.0,2.0,1.0,3.0,2.0,5,3,7,2,7,7,5,2,6,5,1,1,1,1,1,0,0,0,0,1,1,0,1,1,1,1,2,3,1,1,32,2,1,1,50,1,2,3
10494,4.0,4.0,1.0,4.0,5.0,1.0,1.0,2.0,4.0,5.0,1.0,5.0,4.0,2.0,4.0,2.0,5.0,4.0,5.0,4.0,6,1,7,1,6,5,6,1,6,3,1,1,0,1,1,0,0,0,0,1,0,1,1,1,1,1,3,2,2,1,72,1,12,1,60,2,3,1
10495,2.0,2.0,4.0,5.0,2.0,4.0,2.0,2.0,5.0,2.0,3.0,4.0,1.0,3.0,1.0,5.0,5.0,4.0,1.0,2.0,6,3,7,1,6,1,5,1,6,3,1,1,1,1,1,0,1,1,0,1,0,0,1,1,1,1,4,2,1,1,65,1,4,1,60,1,2,12
10496,4.0,4.0,3.0,3.0,5.0,2.0,2.0,3.0,5.0,1.0,1.0,3.0,5.0,2.0,4.0,3.0,2.0,4.0,5.0,3.0,3,4,6,2,7,6,4,5,4,5,1,1,1,1,1,0,0,0,0,1,0,0,1,1,1,1,3,3,1,1,45,1,4,1,70,1,2,6
10497,2.0,4.0,4.0,5.0,2.0,4.0,1.0,1.0,5.0,4.0,1.0,2.0,1.0,4.0,2.0,5.0,4.0,4.0,5.0,1.0,2,5,5,7,6,7,7,5,3,3,1,1,1,1,1,0,0,0,0,1,1,0,1,1,1,1,3,3,1,1,20,1,2,1,60,1,1,2
10498,2.0,1.0,4.0,4.0,1.0,5.0,5.0,2.0,5.0,5.0,2.0,1.0,1.0,4.0,3.0,4.0,5.0,2.0,2.0,1.0,6,5,7,1,7,1,6,2,6,2,1,1,0,1,1,0,0,0,0,1,0,0,1,1,1,1,3,1,2,1,25,1,4,1,60,1,1,2
10499,4.0,2.0,4.0,4.0,2.0,2.0,3.0,3.0,5.0,5.0,1.0,2.0,2.0,3.0,4.0,4.0,3.0,2.0,4.0,1.0,1,6,7,4,5,6,3,1,6,3,1,1,0,1,1,0,0,0,0,1,0,0,1,1,1,1,3,2,2,1,27,2,4,1,60,1,1,3
10500,1.0,3.0,2.0,4.0,5.0,4.0,1.0,3.0,3.0,1.0,2.0,3.0,1.0,1.0,5.0,5.0,1.0,1.0,4.0,4.0,7,7,7,7,7,1,7,1,7,1,0,0,0,0,0,0,0,0,0,0,0,0,0,0,0,0,3,2,2,1,25,1,4,1,60,1,1,2
10501,3.0,4.0,2.0,5.0,1.0,3.0,2.0,1.0,4.0,4.0,2.0,2.0,2.0,3.0,3.0,5.0,1.0,1.0,4.0,1.0,6,7,6,4,7,5,7,3,4,2,1,1,0,1,1,0,0,0,0,1,0,0,1,1,1,1,4,1,2,1,25,1,7,1,60,1,1,2
10502,1.0,1.0,4.0,5.0,1.0,4.0,1.0,1.0,5.0,4.0,1.0,1.0,1.0,3.0,4.0,5.0,1.0,3.0,5.0,1.0,6,6,7,2,5,2,5,3,6,4,1,1,0,1,1,0,1,1,0,1,1,0,1,1,1,1,4,2,1,1,30,1,2,1,60,1,2,3
10503,3.0,4.0,4.0,5.0,2.0,1.0,1.0,1.0,5.0,4.0,1.0,1.0,2.0,1.0,4.0,4.0,2.0,1.0,4.0,1.0,7,1,6,4,6,1,7,1,6,2,1,1,1,1,1,0,0,1,0,1,0,0,1,1,1,1,4,1,2,1,39,1,12,1,60,2,2,2
10504,4.0,4.0,1.0,3.0,5.0,1.0,1.0,4.0,2.0,2.0,3.0,5.0,4.0,2.0,4.0,2.0,1.0,5.0,5.0,2.0,6,5,5,1,7,2,4,3,7,2,1,1,0,1,1,0,1,1,0,1,1,0,1,1,1,1,4,2,1,1,44,1,2,1,60,2,2,3
10505,5.0,4.0,2.0,2.0,5.0,4.0,1.0,5.0,3.0,1.0,1.0,5.0,5.0,1.0,5.0,1.0,1.0,2.0,5.0,3.0,1,6,7,5,7,1,1,4,3,7,1,1,0,1,1,0,0,0,0,1,0,0,1,1,1,1,3,2,2,1,37,1,2,1,60,1,2,2
10506,5.0,1.0,5.0,5.0,5.0,1.0,2.0,5.0,5.0,5.0,1.0,5.0,3.0,4.0,1.0,5.0,1.0,4.0,5.0,1.0,1,5,7,5,6,7,7,1,7,2,1,1,0,1,1,0,0,0,0,1,0,0,1,1,1,1,3,3,1,1,33,1,4,1,10,1,1,1
10507,2.0,2.0,4.0,4.0,1.0,5.0,5.0,1.0,5.0,5.0,4.0,1.0,1.0,2.0,2.0,3.0,4.0,1.0,5.0,2.0,5,6,1,5,3,5,6,7,3,3,1,1,1,1,1,0,0,0,0,1,0,0,1,1,1,1,2,2,1,1,19,1,2,1,60,2,1,2
10508,5.0,3.0,2.0,2.0,5.0,2.0,1.0,5.0,3.0,1.0,1.0,4.0,5.0,1.0,5.0,1.0,1.0,4.0,5.0,4.0,7,6,7,1,7,3,1,1,7,4,1,1,0,1,1,1,0,0,0,0,0,0,1,0,1,1,3,3,1,1,32,1,2,1,60,1,1,4
10509,2.0,2.0,4.0,5.0,2.0,2.0,2.0,2.0,5.0,4.0,2.0,1.0,2.0,2.0,2.0,2.0,2.0,4.0,4.0,1.0,6,5,7,5,6,2,7,1,5,2,1,1,0,1,1,0,0,0,0,1,0,0,0,1,1,1,2,3,2,1,20,1,7,1,60,1,2,1
10510,4.0,1.0,5.0,1.0,1.0,3.0,5.0,1.0,5.0,3.0,1.0,1.0,1.0,1.0,2.0,5.0,1.0,1.0,2.0,1.0,6,4,5,5,7,4,5,4,4,2,1,1,0,1,1,1,0,0,0,1,0,0,0,1,1,1,3,3,2,2,33,1,10,1,20,1,1,0
10511,5.0,4.0,2.0,2.0,4.0,3.0,2.0,5.0,4.0,3.0,1.0,4.0,2.0,2.0,4.0,2.0,3.0,4.0,4.0,2.0,5,6,5,5,5,2,3,2,2,3,1,1,0,1,1,0,0,0,0,1,0,0,1,1,1,1,4,3,1,1,39,1,2,1,60,2,2,4
10512,3.0,3.0,2.0,3.0,2.0,2.0,2.0,4.0,4.0,4.0,3.0,5.0,1.0,2.0,2.0,2.0,3.0,4.0,4.0,1.0,2,3,6,4,5,7,5,5,7,1,1,1,0,1,1,0,0,0,0,1,0,0,1,1,1,1,3,2,1,1,26,1,1,1,60,1,1,2
10513,1.0,2.0,2.0,4.0,3.0,5.0,5.0,4.0,5.0,4.0,2.0,4.0,1.0,4.0,4.0,4.0,2.0,1.0,4.0,3.0,5,2,6,4,7,7,3,3,6,2,1,1,0,1,1,0,0,1,0,1,0,0,1,1,1,1,4,2,1,1,67,2,6,1,60,1,2,2
10514,3.0,4.0,2.0,3.0,4.0,2.0,2.0,1.0,4.0,2.0,1.0,5.0,2.0,3.0,4.0,2.0,1.0,2.0,4.0,2.0,1,5,5,7,6,7,5,5,5,2,1,1,1,1,1,0,0,1,0,1,0,0,1,1,1,1,3,1,2,1,22,1,6,4,60,1,1,1
10515,5.0,5.0,1.0,1.0,5.0,1.0,1.0,5.0,1.0,1.0,1.0,5.0,5.0,1.0,5.0,1.0,1.0,5.0,5.0,5.0,3,5,7,1,7,6,2,4,7,5,1,1,1,1,1,0,1,0,0,1,0,0,1,1,1,1,3,1,1,1,27,1,1,1,60,2,2,2
10516,5.0,5.0,3.0,1.0,5.0,1.0,1.0,5.0,5.0,2.0,1.0,5.0,4.0,2.0,4.0,1.0,1.0,4.0,5.0,1.0,3,1,5,4,6,2,2,5,6,1,1,1,1,1,1,0,1,1,0,1,1,0,1,1,1,1,4,2,2,1,64,1,6,1,60,1,2,4
10517,1.0,1.0,5.0,5.0,1.0,4.0,5.0,1.0,5.0,5.0,5.0,1.0,1.0,5.0,1.0,5.0,1.0,1.0,1.0,1.0,2,6,6,2,6,4,7,2,6,2,1,1,1,1,1,0,0,1,0,1,0,0,1,1,1,1,3,3,2,1,58,1,7,1,60,1,2,2
10518,3.0,4.0,1.0,4.0,2.0,1.0,1.0,2.0,2.0,2.0,1.0,5.0,1.0,4.0,4.0,2.0,2.0,2.0,5.0,1.0,6,3,7,1,5,1,5,1,7,7,1,1,1,1,1,0,0,0,0,1,0,0,1,1,1,1,3,3,2,1,48,1,1,1,60,1,3,3
10519,1.0,1.0,3.0,5.0,1.0,5.0,1.0,1.0,5.0,5.0,3.0,4.0,1.0,5.0,1.0,5.0,2.0,1.0,5.0,4.0,4,2,5,4,7,4,4,4,4,1,1,1,1,1,1,1,1,1,1,1,1,1,1,1,1,1,4,1,1,1,62,2,3,3,60,1,1,2
10520,5.0,2.0,1.0,2.0,5.0,1.0,1.0,5.0,2.0,1.0,4.0,5.0,2.0,2.0,4.0,1.0,2.0,4.0,2.0,3.0,1,5,6,3,1,6,2,1,6,3,1,1,0,1,1,0,1,0,0,1,0,1,1,1,1,1,2,2,1,1,14,1,7,1,60,2,1,2
10521,5.0,4.0,2.0,2.0,4.0,1.0,1.0,5.0,4.0,2.0,1.0,5.0,5.0,1.0,2.0,3.0,1.0,4.0,5.0,1.0,2,6,7,2,6,7,3,1,6,4,1,1,1,1,1,0,0,1,1,1,0,1,1,1,1,1,3,1,2,1,21,1,6,1,60,1,1,2
10522,3.0,2.0,4.0,4.0,1.0,2.0,2.0,2.0,5.0,4.0,3.0,1.0,2.0,4.0,2.0,4.0,3.0,2.0,4.0,1.0,6,2,6,4,5,4,6,2,6,5,1,1,1,1,1,0,1,0,0,1,0,0,0,1,1,1,3,2,2,1,24,1,6,1,60,1,2,3
10523,2.0,4.0,2.0,2.0,4.0,2.0,1.0,4.0,4.0,4.0,2.0,5.0,4.0,2.0,2.0,2.0,2.0,4.0,4.0,2.0,5,2,4,4,6,2,7,5,5,3,1,1,0,1,1,0,0,0,0,1,0,0,1,1,1,1,4,2,2,1,47,1,7,1,60,2,3,2
10524,2.0,5.0,2.0,4.0,2.0,2.0,2.0,4.0,4.0,2.0,4.0,3.0,2.0,2.0,4.0,2.0,2.0,2.0,5.0,2.0,2,3,5,1,6,6,5,2,6,5,1,1,0,1,1,0,0,0,0,1,0,0,1,1,1,1,3,2,1,1,24,1,4,1,60,1,2,3
10525,2.0,3.0,2.0,4.0,3.0,4.0,4.0,2.0,5.0,3.0,1.0,4.0,3.0,4.0,3.0,5.0,2.0,3.0,5.0,1.0,6,7,5,6,6,5,7,2,2,3,1,1,1,1,1,0,0,0,0,1,0,0,1,1,1,1,2,2,2,1,18,1,7,1,70,2,1,2
10526,1.0,1.0,1.0,4.0,1.0,5.0,5.0,2.0,5.0,5.0,5.0,1.0,1.0,3.0,3.0,4.0,5.0,1.0,5.0,1.0,4,1,7,1,6,5,5,1,6,4,1,1,0,1,1,1,0,1,0,1,1,1,0,1,1,1,3,2,2,1,39,1,7,3,70,1,3,4
10527,5.0,4.0,1.0,2.0,5.0,1.0,1.0,5.0,4.0,5.0,1.0,5.0,5.0,1.0,3.0,5.0,1.0,5.0,5.0,5.0,2,5,5,5,6,6,4,6,5,4,1,1,1,1,1,0,0,0,0,1,0,0,1,1,1,1,0,3,1,1,50,1,4,1,10,2,2,4
10528,5.0,4.0,1.0,1.0,5.0,1.0,1.0,5.0,1.0,1.0,1.0,5.0,4.0,2.0,5.0,1.0,1.0,4.0,5.0,4.0,6,7,7,5,5,1,3,6,3,2,1,1,0,1,1,0,0,1,0,1,0,0,1,1,1,1,3,2,1,1,20,1,4,1,60,1,1,2
10529,1.0,4.0,5.0,5.0,1.0,1.0,1.0,5.0,5.0,5.0,2.0,5.0,4.0,4.0,4.0,4.0,1.0,5.0,5.0,5.0,6,5,2,2,6,1,6,5,5,7,1,1,1,1,1,0,1,0,0,1,0,0,1,1,1,1,3,3,2,1,68,1,1,1,60,1,2,3
10530,5.0,2.0,4.0,2.0,4.0,2.0,4.0,2.0,5.0,4.0,4.0,4.0,1.0,2.0,2.0,4.0,1.0,2.0,5.0,4.0,5,1,5,3,7,2,7,1,6,1,1,1,0,1,1,0,0,0,0,1,0,0,1,1,1,1,4,2,2,1,55,1,10,1,30,1,2,1
10531,2.0,4.0,2.0,3.0,2.0,2.0,2.0,4.0,5.0,5.0,2.0,4.0,1.0,4.0,2.0,4.0,3.0,2.0,5.0,1.0,3,2,6,2,5,6,6,5,5,5,1,1,1,1,1,0,0,0,0,1,0,0,1,1,1,1,3,3,2,1,37,1,1,1,70,1,1,2
10532,3.0,4.0,3.0,3.0,4.0,1.0,2.0,5.0,5.0,2.0,1.0,5.0,1.0,1.0,5.0,2.0,2.0,4.0,5.0,1.0,1,7,2,7,2,3,6,1,2,2,1,1,1,1,1,0,0,0,0,1,0,0,1,1,1,1,4,2,2,2,34,1,1,1,60,1,2,2
10533,1.0,4.0,1.0,1.0,1.0,1.0,1.0,1.0,4.0,4.0,2.0,5.0,1.0,2.0,4.0,1.0,2.0,4.0,5.0,1.0,7,5,5,2,6,1,7,2,5,1,1,1,1,1,1,0,0,0,0,1,1,0,1,1,1,1,3,2,2,1,72,3,12,1,70,2,2,7
10534,5.0,5.0,1.0,1.0,3.0,1.0,1.0,5.0,1.0,1.0,1.0,5.0,5.0,1.0,5.0,5.0,1.0,4.0,5.0,3.0,7,4,5,3,6,4,1,7,4,1,1,1,0,1,1,0,0,0,0,1,0,0,1,1,1,1,1,2,1,1,16,1,12,2,10,2,1,3
10535,1.0,1.0,4.0,5.0,2.0,5.0,5.0,1.0,5.0,5.0,1.0,1.0,1.0,2.0,1.0,1.0,4.0,1.0,5.0,2.0,1,2,7,2,6,7,7,1,7,5,1,1,1,1,1,0,0,0,0,1,0,0,1,1,1,1,3,2,1,1,49,1,7,2,60,1,3,1
10536,4.0,4.0,2.0,3.0,2.0,1.0,1.0,2.0,2.0,2.0,1.0,5.0,3.0,4.0,5.0,3.0,1.0,1.0,5.0,4.0,7,5,7,2,6,2,1,5,4,1,1,1,0,1,1,0,1,1,0,1,0,0,1,1,1,1,4,2,1,1,36,1,2,1,60,1,2,2
10537,4.0,4.0,4.0,4.0,2.0,1.0,1.0,4.0,5.0,5.0,1.0,4.0,1.0,1.0,4.0,5.0,1.0,4.0,4.0,1.0,6,3,3,2,5,1,5,4,6,3,1,1,0,1,1,0,0,0,0,1,0,0,0,1,1,1,3,1,1,1,46,2,4,1,50,1,2,2
10538,3.0,5.0,2.0,3.0,3.0,4.0,1.0,2.0,5.0,5.0,1.0,4.0,5.0,3.0,4.0,4.0,2.0,4.0,4.0,5.0,5,6,6,5,7,7,6,5,4,3,0,1,0,0,0,0,0,0,0,0,0,0,0,0,0,0,1,2,1,1,15,2,1,2,30,1,1,3
10539,4.0,3.0,1.0,4.0,5.0,4.0,1.0,4.0,5.0,2.0,3.0,3.0,1.0,1.0,2.0,1.0,5.0,4.0,4.0,4.0,3,2,7,2,7,6,2,4,4,2,1,1,0,1,1,1,0,0,0,1,0,0,0,1,1,1,3,2,1,1,28,1,7,1,60,2,1,4
10540,1.0,1.0,4.0,5.0,1.0,5.0,5.0,4.0,5.0,1.0,1.0,1.0,1.0,5.0,1.0,5.0,1.0,1.0,4.0,1.0,5,1,7,2,6,5,7,1,7,1,1,1,1,1,1,0,0,0,0,1,0,1,0,1,1,1,3,1,2,1,40,2,12,1,60,1,1,2
10541,5.0,5.0,5.0,1.0,5.0,5.0,5.0,1.0,5.0,5.0,1.0,2.0,5.0,1.0,1.0,2.0,1.0,4.0,5.0,5.0,2,2,6,2,7,7,5,5,3,5,1,1,1,1,1,0,0,0,0,1,0,0,1,1,1,1,3,2,1,1,68,1,6,1,60,1,2,2
10542,2.0,1.0,2.0,4.0,5.0,2.0,1.0,2.0,4.0,2.0,1.0,4.0,1.0,1.0,5.0,4.0,1.0,4.0,5.0,1.0,7,1,6,1,7,1,6,1,6,5,1,1,1,1,1,0,1,1,0,1,0,0,1,1,1,0,4,2,2,1,45,1,1,1,60,1,2,2
10543,4.0,5.0,3.0,5.0,5.0,2.0,1.0,2.0,4.0,4.0,3.0,5.0,5.0,1.0,5.0,5.0,1.0,4.0,5.0,5.0,1,1,6,1,5,7,7,3,7,3,1,1,0,1,1,0,0,1,0,1,0,0,1,1,1,1,3,2,1,1,23,1,4,1,60,1,1,2
10544,2.0,3.0,3.0,5.0,4.0,2.0,1.0,2.0,5.0,3.0,2.0,4.0,1.0,3.0,4.0,4.0,1.0,2.0,5.0,1.0,3,4,7,3,4,6,6,3,7,6,1,1,0,1,1,0,1,0,0,1,0,0,1,1,1,1,3,1,1,1,31,1,4,1,60,2,2,3
10545,4.0,4.0,4.0,5.0,2.0,1.0,1.0,1.0,5.0,1.0,1.0,4.0,1.0,1.0,4.0,2.0,2.0,4.0,1.0,1.0,3,1,7,5,5,5,6,2,5,6,1,1,1,1,1,0,0,1,0,1,0,0,1,1,1,1,3,2,2,1,31,1,6,1,60,1,2,2
10546,1.0,2.0,4.0,3.0,4.0,4.0,4.0,1.0,5.0,5.0,1.0,3.0,4.0,2.0,1.0,2.0,1.0,2.0,5.0,1.0,1,3,6,2,5,6,7,2,7,5,1,1,1,1,1,0,0,0,0,1,0,1,1,1,1,1,3,1,2,1,52,1,1,1,60,1,2,2
10547,2.0,4.0,2.0,4.0,2.0,1.0,1.0,1.0,4.0,2.0,1.0,5.0,2.0,2.0,4.0,1.0,2.0,4.0,5.0,1.0,1,6,6,5,1,5,6,2,5,5,1,1,0,1,1,0,0,0,0,1,0,0,1,1,1,1,3,2,2,1,22,1,5,1,60,1,1,5
10548,2.0,2.0,3.0,4.0,2.0,2.0,3.0,2.0,5.0,4.0,2.0,1.0,2.0,4.0,2.0,2.0,2.0,2.0,4.0,1.0,6,2,6,4,5,2,7,1,5,3,1,1,0,1,0,0,0,0,0,1,0,0,1,1,1,1,4,3,2,1,28,1,2,5,70,1,1,2
10549,1.0,4.0,2.0,5.0,4.0,5.0,4.0,1.0,5.0,5.0,1.0,2.0,1.0,2.0,4.0,4.0,4.0,1.0,5.0,1.0,7,5,5,1,6,1,7,6,6,3,1,1,1,1,1,1,0,1,0,1,0,1,1,1,1,1,2,3,2,1,55,1,1,1,60,1,3,1
10550,1.0,1.0,4.0,5.0,1.0,3.0,2.0,1.0,5.0,4.0,3.0,1.0,2.0,3.0,3.0,4.0,1.0,1.0,3.0,1.0,5,5,6,3,4,5,7,2,5,2,1,1,1,1,1,0,0,0,0,1,0,0,1,1,1,1,3,2,2,1,50,1,5,1,60,1,2,3
10551,1.0,4.0,2.0,4.0,5.0,2.0,2.0,2.0,5.0,4.0,2.0,2.0,4.0,2.0,3.0,2.0,5.0,3.0,4.0,1.0,2,3,7,2,6,7,5,1,6,2,1,1,0,1,1,0,0,0,0,1,0,0,0,1,1,1,3,3,2,1,53,1,6,1,60,1,1,3
10552,1.0,5.0,3.0,3.0,4.0,1.0,1.0,5.0,1.0,5.0,1.0,4.0,4.0,2.0,4.0,4.0,3.0,4.0,1.0,2.0,6,5,7,1,6,1,3,3,7,1,1,1,1,1,1,0,0,0,0,1,0,0,1,1,1,1,3,3,2,1,35,1,7,1,60,2,1,3
10553,1.0,2.0,2.0,2.0,2.0,1.0,1.0,4.0,4.0,2.0,2.0,2.0,1.0,2.0,4.0,4.0,2.0,2.0,5.0,1.0,2,3,6,3,5,6,5,1,5,6,1,1,1,1,1,0,0,0,0,1,0,0,1,1,1,1,3,2,2,1,21,1,6,1,60,1,1,2
10554,5.0,1.0,4.0,4.0,3.0,3.0,4.0,3.0,5.0,5.0,1.0,5.0,4.0,1.0,1.0,1.0,1.0,1.0,1.0,3.0,4,4,7,4,4,4,4,1,6,4,1,1,0,1,1,1,0,1,0,1,0,0,1,1,1,1,3,3,1,1,34,1,4,1,60,1,2,3
10555,2.0,5.0,4.0,4.0,1.0,4.0,2.0,3.0,5.0,3.0,1.0,2.0,2.0,2.0,3.0,4.0,2.0,4.0,5.0,2.0,5,6,6,5,4,3,7,2,3,2,1,1,0,1,1,0,0,0,0,1,0,0,1,1,1,1,3,2,2,1,32,1,2,2,60,2,2,2
10556,4.0,3.0,1.0,1.0,3.0,1.0,1.0,2.0,3.0,3.0,2.0,4.0,4.0,2.0,5.0,1.0,1.0,2.0,4.0,2.0,3,5,4,1,6,6,3,7,6,6,1,1,1,1,1,1,0,1,1,1,0,0,1,1,1,1,3,2,2,1,58,1,6,0,60,1,2,4
10557,2.0,4.0,5.0,3.0,2.0,3.0,5.0,4.0,5.0,5.0,3.0,4.0,2.0,4.0,1.0,5.0,1.0,2.0,3.0,1.0,7,1,6,1,7,2,7,6,7,1,1,1,0,1,1,0,0,1,0,1,0,0,0,1,1,1,4,3,1,2,23,1,8,1,10,1,1,2
10558,5.0,5.0,2.0,5.0,1.0,2.0,1.0,5.0,4.0,1.0,1.0,5.0,1.0,1.0,4.0,1.0,1.0,5.0,1.0,1.0,6,4,7,5,6,1,7,1,6,1,1,1,1,1,1,0,1,1,0,1,0,1,1,1,1,1,4,3,2,1,59,1,9,1,60,1,2,1
10559,2.0,4.0,2.0,5.0,1.0,2.0,2.0,2.0,5.0,4.0,2.0,4.0,1.0,2.0,4.0,3.0,3.0,4.0,5.0,1.0,2,2,6,5,5,5,7,1,5,1,1,1,0,1,1,0,0,1,0,1,1,0,1,1,1,1,3,1,2,1,45,1,7,1,60,1,3,4
10560,4.0,4.0,2.0,3.0,3.0,3.0,2.0,3.0,3.0,3.0,2.0,4.0,2.0,3.0,4.0,3.0,2.0,4.0,3.0,2.0,6,3,6,3,6,4,3,3,6,5,1,1,0,1,1,0,0,0,0,1,0,1,1,1,1,1,3,2,1,1,29,1,4,1,60,1,1,2
10561,1.0,2.0,4.0,2.0,3.0,5.0,4.0,1.0,5.0,3.0,1.0,1.0,1.0,2.0,2.0,2.0,4.0,2.0,1.0,2.0,2,1,7,1,5,6,6,2,7,1,1,1,0,1,1,0,1,1,0,1,1,0,1,1,1,1,4,2,1,1,54,1,6,1,60,1,2,3
10562,4.0,1.0,1.0,2.0,4.0,1.0,1.0,5.0,5.0,3.0,2.0,1.0,4.0,1.0,3.0,3.0,5.0,3.0,5.0,3.0,6,6,6,6,6,1,5,4,3,1,1,1,1,1,1,0,0,1,0,1,0,0,1,1,1,1,3,2,2,1,19,1,4,1,60,1,1,1
10563,1.0,1.0,1.0,2.0,2.0,1.0,1.0,1.0,5.0,4.0,1.0,1.0,5.0,2.0,4.0,1.0,3.0,5.0,5.0,1.0,6,5,5,3,6,3,7,1,6,1,1,1,0,1,1,0,0,0,0,1,0,0,1,1,1,1,4,2,1,1,34,1,12,3,60,1,1,2
10564,2.0,1.0,3.0,4.0,1.0,3.0,2.0,2.0,5.0,4.0,1.0,2.0,3.0,2.0,2.0,4.0,2.0,4.0,4.0,2.0,5,4,5,3,5,5,5,3,5,3,1,1,0,1,1,1,0,0,0,1,0,0,1,1,1,1,4,2,2,1,37,1,7,1,60,1,3,3
10565,5.0,1.0,5.0,5.0,1.0,1.0,1.0,1.0,5.0,4.0,1.0,5.0,1.0,5.0,4.0,1.0,1.0,4.0,5.0,4.0,6,2,7,6,7,1,7,4,5,1,1,1,1,1,1,0,0,0,0,1,0,0,1,1,1,1,4,2,2,1,59,1,6,1,60,1,2,3
10566,5.0,3.0,2.0,1.0,4.0,1.0,1.0,4.0,2.0,4.0,3.0,4.0,2.0,1.0,1.0,3.0,3.0,4.0,4.0,2.0,1,1,5,4,3,6,6,5,6,5,0,0,0,0,0,0,0,0,0,0,0,0,0,0,0,0,2,2,1,2,23,1,1,2,10,2,1,0
10567,1.0,1.0,4.0,4.0,2.0,4.0,4.0,1.0,5.0,5.0,2.0,2.0,1.0,4.0,1.0,2.0,2.0,1.0,5.0,1.0,2,5,7,1,6,5,2,1,6,4,1,1,1,1,1,0,1,1,0,1,1,0,1,1,1,1,3,2,1,1,59,1,1,1,60,1,2,4
10568,4.0,1.0,2.0,4.0,4.0,2.0,4.0,2.0,4.0,5.0,3.0,1.0,1.0,2.0,3.0,2.0,2.0,3.0,5.0,1.0,5,1,6,6,6,5,6,4,5,3,0,1,0,0,0,0,0,0,0,0,0,0,0,1,0,1,3,1,2,2,22,1,4,1,60,1,1,2
10569,2.0,5.0,2.0,4.0,5.0,1.0,1.0,5.0,5.0,2.0,1.0,5.0,2.0,2.0,5.0,1.0,1.0,2.0,5.0,5.0,1,2,3,6,6,7,5,6,5,3,1,1,1,1,1,1,0,0,0,1,0,0,1,1,1,1,3,3,2,1,23,1,0,1,30,1,1,2
10570,5.0,5.0,4.0,5.0,2.0,1.0,1.0,2.0,2.0,1.0,1.0,4.0,2.0,1.0,5.0,1.0,4.0,4.0,5.0,2.0,4,5,6,5,7,5,5,4,3,1,1,1,1,1,1,0,1,1,0,1,0,0,1,1,1,1,4,2,2,1,36,1,1,1,60,1,1,3
10571,2.0,2.0,2.0,4.0,2.0,1.0,4.0,2.0,5.0,2.0,3.0,1.0,1.0,4.0,2.0,2.0,1.0,4.0,5.0,4.0,3,2,5,2,6,6,6,4,5,3,1,1,0,1,1,0,0,0,0,1,0,1,1,1,1,1,3,3,2,1,37,3,3,1,60,1,2,3
10572,1.0,4.0,4.0,5.0,4.0,5.0,5.0,4.0,5.0,5.0,2.0,2.0,5.0,4.0,4.0,5.0,5.0,2.0,5.0,1.0,1,3,5,2,3,6,7,2,3,3,1,1,0,1,1,0,0,0,0,1,0,0,0,1,1,1,2,1,2,1,44,1,2,1,60,1,3,2
10573,2.0,3.0,2.0,4.0,4.0,2.0,2.0,2.0,5.0,2.0,3.0,3.0,3.0,3.0,4.0,4.0,4.0,2.0,4.0,3.0,3,5,6,4,5,6,6,5,6,3,1,1,1,1,1,1,1,1,0,1,1,1,1,1,1,1,3,1,2,1,23,1,4,1,60,1,1,4
10574,4.0,4.0,2.0,2.0,4.0,3.0,2.0,5.0,4.0,3.0,3.0,5.0,5.0,2.0,4.0,1.0,3.0,4.0,5.0,4.0,3,4,6,6,6,7,2,6,2,3,1,1,0,1,1,0,0,0,0,1,0,0,1,1,1,1,1,3,1,2,15,2,2,1,70,2,1,3
10575,3.0,4.0,2.0,4.0,3.0,1.0,1.0,1.0,5.0,4.0,2.0,2.0,1.0,4.0,4.0,4.0,2.0,2.0,5.0,1.0,7,3,5,4,7,1,7,5,6,3,1,1,0,1,1,0,0,1,0,1,0,0,1,1,1,1,4,2,2,1,47,1,3,1,60,1,2,2
10576,5.0,5.0,3.0,1.0,4.0,2.0,3.0,5.0,2.0,3.0,2.0,5.0,5.0,1.0,2.0,1.0,1.0,5.0,5.0,1.0,6,5,5,7,5,1,2,4,2,1,1,1,1,1,1,0,1,1,0,1,1,0,1,1,1,1,2,2,1,1,18,1,1,1,60,1,1,1
10577,5.0,5.0,1.0,1.0,5.0,1.0,1.0,4.0,1.0,2.0,1.0,5.0,4.0,2.0,5.0,1.0,1.0,5.0,5.0,1.0,3,7,6,2,7,1,1,3,1,2,1,1,1,1,1,0,1,1,0,1,0,0,1,1,1,1,3,2,1,1,36,1,4,1,60,1,2,3
10578,4.0,1.0,2.0,3.0,1.0,2.0,1.0,1.0,5.0,2.0,1.0,4.0,5.0,4.0,2.0,1.0,1.0,1.0,5.0,1.0,1,4,5,5,7,6,7,5,2,1,1,1,1,1,1,0,0,0,0,1,0,0,1,1,1,1,0,0,2,1,56,0,0,0,0,0,0,5
10579,1.0,1.0,2.0,5.0,4.0,4.0,2.0,1.0,5.0,5.0,1.0,1.0,1.0,3.0,1.0,3.0,5.0,4.0,5.0,1.0,0,0,6,0,6,0,7,0,0,0,1,1,0,1,1,0,0,0,0,1,0,0,0,0,0,1,2,3,1,1,77,1,6,1,70,1,2,2
10580,3.0,2.0,2.0,4.0,3.0,4.0,3.0,3.0,5.0,4.0,1.0,4.0,2.0,3.0,2.0,3.0,5.0,2.0,4.0,1.0,6,2,6,5,5,6,6,5,6,4,0,0,0,0,0,0,0,0,0,1,0,0,0,0,0,1,3,1,1,2,23,1,12,1,10,2,1,4
10581,1.0,2.0,1.0,1.0,4.0,1.0,1.0,5.0,5.0,2.0,1.0,5.0,3.0,1.0,4.0,1.0,2.0,4.0,5.0,1.0,3,5,3,7,3,4,6,2,3,3,1,1,0,1,1,0,0,0,0,1,0,0,1,1,1,1,3,2,2,1,28,1,7,1,60,1,1,2
10582,2.0,4.0,5.0,3.0,5.0,5.0,3.0,4.0,5.0,3.0,5.0,2.0,2.0,2.0,5.0,4.0,2.0,4.0,4.0,1.0,6,5,6,6,5,3,7,3,5,5,1,1,0,1,1,0,0,0,0,1,0,0,1,1,1,1,2,3,1,1,18,1,4,2,10,2,1,2
10583,3.0,3.0,3.0,4.0,4.0,2.0,1.0,2.0,5.0,2.0,1.0,4.0,1.0,2.0,4.0,1.0,1.0,4.0,5.0,1.0,3,5,5,5,6,3,6,5,3,1,1,1,0,1,1,0,0,1,0,1,0,0,1,1,1,1,3,3,2,1,32,1,7,1,60,1,1,3
10584,4.0,1.0,1.0,1.0,4.0,1.0,1.0,1.0,4.0,4.0,1.0,1.0,1.0,1.0,1.0,1.0,1.0,5.0,5.0,1.0,7,7,1,5,7,7,4,5,6,7,1,0,0,0,0,0,0,0,0,0,0,0,0,0,0,0,1,3,1,1,14,1,7,5,70,2,1,4
10585,3.0,4.0,2.0,5.0,1.0,2.0,2.0,2.0,5.0,3.0,3.0,2.0,1.0,4.0,4.0,2.0,2.0,2.0,4.0,1.0,5,2,5,2,5,3,7,1,6,2,1,1,1,0,1,0,0,0,0,0,0,0,0,1,0,1,2,2,2,1,31,1,2,2,60,1,2,2
10586,1.0,2.0,2.0,4.0,2.0,1.0,1.0,2.0,5.0,5.0,1.0,4.0,1.0,4.0,5.0,4.0,4.0,2.0,5.0,1.0,1,1,7,2,2,5,6,1,6,7,1,1,1,1,1,0,1,1,0,1,0,1,1,1,1,1,4,2,2,1,46,1,6,1,60,1,2,2
10587,5.0,5.0,1.0,1.0,5.0,4.0,5.0,5.0,5.0,3.0,1.0,5.0,1.0,1.0,5.0,5.0,1.0,4.0,5.0,1.0,1,1,7,1,6,5,7,1,7,4,1,1,0,1,1,0,0,0,0,1,0,0,1,1,1,1,4,1,2,1,40,1,7,1,70,1,2,7
10588,2.0,5.0,3.0,5.0,4.0,2.0,1.0,5.0,5.0,2.0,2.0,5.0,2.0,4.0,5.0,5.0,2.0,4.0,5.0,1.0,1,6,3,3,7,7,5,7,4,5,1,1,1,1,1,0,0,0,0,1,1,0,1,1,1,1,2,2,1,1,30,1,1,1,10,1,1,2
10589,4.0,1.0,1.0,5.0,4.0,1.0,1.0,2.0,5.0,5.0,1.0,1.0,2.0,5.0,1.0,2.0,2.0,1.0,5.0,1.0,6,5,6,2,7,2,6,1,6,1,1,1,1,1,1,0,1,0,0,1,0,0,1,1,1,1,4,3,2,1,45,1,1,1,60,2,2,2
10590,2.0,4.0,4.0,4.0,2.0,2.0,2.0,2.0,3.0,2.0,1.0,4.0,2.0,2.0,4.0,2.0,4.0,2.0,5.0,1.0,1,5,5,6,5,4,6,2,2,2,1,1,1,1,1,0,1,1,0,1,1,0,1,1,1,1,3,2,2,1,35,1,1,1,60,1,2,2
10591,5.0,4.0,5.0,2.0,4.0,3.0,1.0,4.0,5.0,2.0,4.0,5.0,3.0,2.0,4.0,5.0,4.0,4.0,3.0,2.0,2,5,7,1,6,6,3,1,6,1,1,1,1,1,1,0,1,1,0,1,1,1,1,1,1,1,0,2,2,1,48,2,5,2,60,1,2,4
10592,5.0,2.0,2.0,1.0,3.0,5.0,2.0,4.0,5.0,5.0,1.0,1.0,2.0,2.0,5.0,1.0,4.0,1.0,1.0,1.0,3,6,4,6,5,4,5,3,5,5,1,1,0,1,1,0,0,1,0,1,0,0,0,0,1,1,2,2,1,1,17,1,7,1,30,2,1,1
10593,4.0,2.0,2.0,3.0,3.0,1.0,1.0,3.0,4.0,2.0,1.0,2.0,2.0,1.0,3.0,4.0,1.0,4.0,5.0,4.0,4,4,6,2,5,7,5,3,7,4,1,1,0,1,1,0,0,0,0,1,0,0,1,1,1,1,2,2,1,1,38,1,1,1,60,1,3,3
10594,5.0,5.0,5.0,3.0,5.0,1.0,1.0,5.0,2.0,1.0,1.0,5.0,5.0,5.0,5.0,1.0,5.0,5.0,5.0,1.0,2,2,1,6,7,6,6,6,2,2,1,1,1,1,1,0,1,0,0,1,1,0,1,1,1,1,4,1,2,1,45,1,1,1,0,2,2,3
10595,3.0,1.0,1.0,5.0,1.0,3.0,1.0,1.0,5.0,5.0,3.0,4.0,1.0,3.0,1.0,2.0,2.0,2.0,5.0,1.0,6,1,6,3,5,6,7,1,6,1,1,1,1,1,1,0,0,0,0,1,0,0,1,1,1,1,4,3,2,1,51,2,7,1,60,2,2,3
10596,3.0,3.0,4.0,4.0,2.0,5.0,2.0,1.0,5.0,5.0,2.0,2.0,1.0,4.0,5.0,2.0,5.0,4.0,1.0,1.0,7,6,2,6,6,1,1,1,6,2,1,1,0,1,1,0,1,0,1,1,0,1,1,1,1,1,3,2,2,1,68,1,4,1,60,1,0,3
10597,5.0,4.0,2.0,5.0,4.0,2.0,2.0,1.0,5.0,3.0,2.0,2.0,1.0,1.0,2.0,5.0,1.0,2.0,3.0,3.0,4,1,7,1,7,5,5,1,7,1,1,1,1,1,1,0,0,0,0,1,0,0,1,1,1,1,4,1,1,1,56,1,6,1,60,1,2,4
10598,4.0,5.0,5.0,5.0,2.0,2.0,2.0,2.0,3.0,5.0,4.0,2.0,2.0,1.0,1.0,1.0,1.0,1.0,5.0,3.0,7,6,7,2,7,2,4,2,7,2,1,0,0,1,0,0,0,0,0,0,0,0,0,0,1,1,3,2,1,2,25,1,7,1,60,1,1,3
10599,1.0,4.0,2.0,5.0,4.0,3.0,1.0,1.0,5.0,3.0,1.0,3.0,1.0,1.0,4.0,4.0,2.0,4.0,5.0,1.0,2,1,5,4,6,7,4,3,7,4,1,1,0,1,1,0,0,0,0,1,0,0,1,1,1,1,2,2,1,1,19,1,2,1,60,2,1,4
10600,4.0,4.0,1.0,4.0,2.0,2.0,1.0,5.0,4.0,1.0,1.0,1.0,4.0,1.0,5.0,1.0,3.0,5.0,5.0,3.0,7,5,7,3,5,2,5,6,6,1,1,1,1,1,1,0,0,0,0,1,0,0,1,1,1,1,2,2,2,1,19,1,6,3,60,2,1,2
10601,4.0,5.0,2.0,2.0,5.0,2.0,4.0,4.0,1.0,4.0,2.0,4.0,4.0,2.0,5.0,1.0,2.0,4.0,5.0,3.0,3,3,5,3,6,6,4,3,5,4,1,1,0,1,1,0,0,1,0,1,0,0,1,1,1,1,4,1,1,2,26,1,8,1,10,1,1,3
10602,5.0,4.0,5.0,2.0,5.0,1.0,1.0,5.0,3.0,1.0,1.0,5.0,5.0,3.0,1.0,2.0,4.0,2.0,5.0,1.0,1,6,7,1,7,5,4,4,3,1,1,1,1,1,1,0,1,1,0,1,0,1,1,1,1,1,3,3,2,2,29,1,2,2,70,2,3,2
10603,2.0,3.0,2.0,3.0,5.0,1.0,2.0,2.0,3.0,3.0,1.0,3.0,2.0,3.0,3.0,4.0,1.0,4.0,5.0,3.0,1,3,4,3,5,5,5,5,5,1,1,1,1,1,1,0,1,0,0,1,0,1,1,1,1,1,2,1,1,1,40,1,12,1,60,2,1,4
10604,5.0,5.0,2.0,2.0,5.0,1.0,2.0,2.0,4.0,4.0,1.0,5.0,5.0,4.0,4.0,1.0,1.0,5.0,5.0,5.0,2,7,7,5,7,7,3,1,6,4,1,1,0,1,1,0,0,0,0,1,0,0,1,1,1,1,2,2,1,2,31,1,2,1,10,1,3,2
10605,3.0,3.0,5.0,4.0,3.0,3.0,2.0,2.0,5.0,4.0,2.0,1.0,1.0,2.0,3.0,4.0,2.0,5.0,5.0,1.0,6,5,6,2,7,4,6,1,7,2,1,1,0,1,1,0,0,1,0,1,0,0,0,0,1,1,2,1,1,2,21,2,0,0,60,2,1,0
10606,5.0,5.0,5.0,2.0,5.0,1.0,1.0,4.0,5.0,2.0,1.0,5.0,4.0,5.0,4.0,2.0,1.0,1.0,5.0,1.0,6,7,6,2,4,1,7,1,2,5,0,1,0,1,1,0,0,0,0,1,0,0,0,1,1,1,2,3,1,2,19,1,1,1,10,2,1,2
10607,5.0,5.0,5.0,4.0,5.0,3.0,3.0,2.0,5.0,2.0,1.0,5.0,2.0,3.0,3.0,4.0,1.0,5.0,3.0,4.0,6,2,7,1,7,4,6,1,6,4,1,1,0,1,1,0,0,0,0,1,0,0,1,0,1,1,4,3,2,2,27,1,8,2,10,2,1,2
10608,5.0,5.0,5.0,3.0,1.0,5.0,1.0,5.0,5.0,1.0,1.0,5.0,4.0,1.0,3.0,5.0,5.0,5.0,1.0,2.0,7,5,6,3,7,4,6,6,5,1,0,0,0,1,0,0,0,0,0,1,0,0,0,0,1,1,3,3,1,2,21,1,6,1,10,1,1,3
10609,4.0,2.0,2.0,4.0,2.0,2.0,2.0,2.0,5.0,5.0,1.0,4.0,2.0,2.0,2.0,2.0,1.0,4.0,5.0,4.0,6,5,5,3,5,3,5,2,3,2,1,1,0,1,1,0,0,0,0,1,0,0,1,1,1,1,3,2,2,2,36,2,4,1,60,2,2,1
10610,2.0,2.0,2.0,5.0,4.0,4.0,2.0,3.0,4.0,2.0,2.0,2.0,4.0,2.0,4.0,4.0,1.0,4.0,4.0,3.0,6,6,4,3,5,3,7,2,5,2,1,1,1,1,0,0,0,0,0,0,1,0,0,1,1,1,3,3,1,2,33,1,7,1,60,1,3,2
10611,5.0,4.0,1.0,1.0,4.0,1.0,1.0,3.0,2.0,2.0,1.0,5.0,5.0,1.0,4.0,1.0,3.0,4.0,5.0,5.0,5,5,2,7,6,7,7,7,1,4,1,1,0,1,1,0,0,0,1,1,0,1,0,1,1,1,3,3,1,2,27,1,10,1,10,2,1,3
10612,4.0,4.0,3.0,1.0,5.0,2.0,1.0,3.0,1.0,1.0,1.0,4.0,3.0,1.0,3.0,1.0,1.0,5.0,5.0,3.0,5,7,6,4,7,5,6,2,4,2,0,1,1,1,1,0,0,1,1,1,1,1,1,1,1,1,3,3,1,2,23,1,4,2,70,1,1,1
10613,4.0,5.0,1.0,3.0,5.0,1.0,1.0,4.0,4.0,4.0,1.0,5.0,4.0,1.0,5.0,2.0,1.0,5.0,5.0,1.0,7,6,7,7,7,5,6,5,3,2,0,1,0,1,1,0,0,1,0,1,0,0,1,1,1,1,3,3,2,1,21,1,7,2,10,2,1,1
10614,5.0,5.0,1.0,3.0,5.0,1.0,5.0,4.0,1.0,5.0,1.0,4.0,5.0,2.0,5.0,1.0,3.0,5.0,4.0,5.0,5,7,7,4,7,7,2,1,7,1,0,0,0,0,0,0,0,0,0,0,0,0,0,1,1,0,4,3,1,2,23,2,2,1,60,1,1,0
10615,5.0,5.0,1.0,1.0,5.0,1.0,1.0,5.0,1.0,1.0,1.0,5.0,4.0,2.0,5.0,1.0,1.0,5.0,5.0,5.0,7,2,7,6,7,2,1,2,6,2,1,1,1,1,1,0,1,1,0,1,1,0,1,1,1,1,3,1,1,2,27,1,2,2,60,1,1,1
10616,2.0,4.0,2.0,5.0,4.0,1.0,1.0,4.0,5.0,5.0,2.0,5.0,4.0,2.0,1.0,1.0,1.0,5.0,5.0,2.0,3,5,5,6,6,5,7,7,5,6,1,1,0,1,1,0,0,0,0,1,0,0,1,1,1,1,3,2,2,1,41,1,7,1,60,1,3,1
10617,1.0,4.0,5.0,2.0,2.0,3.0,5.0,4.0,5.0,5.0,1.0,5.0,2.0,1.0,5.0,3.0,1.0,3.0,5.0,2.0,5,3,2,5,6,5,7,5,6,2,1,1,1,1,1,0,0,0,0,1,0,0,1,1,1,1,3,2,2,1,29,2,4,1,60,1,1,1
10618,4.0,5.0,5.0,5.0,5.0,1.0,1.0,1.0,5.0,5.0,1.0,5.0,1.0,5.0,5.0,1.0,5.0,5.0,5.0,1.0,3,5,5,7,5,3,5,3,1,3,1,1,1,1,1,0,0,0,0,1,0,0,1,1,1,1,2,2,2,2,21,1,4,1,60,2,1,2
10619,2.0,4.0,2.0,4.0,4.0,4.0,3.0,5.0,5.0,2.0,2.0,4.0,4.0,2.0,2.0,3.0,4.0,3.0,4.0,3.0,7,5,7,6,5,1,7,1,4,4,1,1,1,1,1,1,1,1,1,1,1,1,1,1,1,1,3,3,2,2,78,1,6,1,60,1,2,3
10620,5.0,2.0,2.0,5.0,2.0,3.0,1.0,4.0,4.0,2.0,2.0,4.0,3.0,2.0,4.0,2.0,2.0,4.0,5.0,2.0,5,5,6,5,6,5,5,1,3,2,1,1,0,1,1,0,0,0,0,1,0,0,1,1,1,1,4,2,1,1,30,1,0,1,60,1,2,2
10621,5.0,5.0,1.0,1.0,5.0,1.0,1.0,2.0,3.0,2.0,1.0,5.0,5.0,1.0,1.0,1.0,1.0,5.0,5.0,5.0,1,7,7,1,5,5,2,1,2,1,1,1,1,1,1,1,0,0,0,1,0,0,1,1,1,1,2,2,2,1,53,1,1,1,60,2,3,4
10622,5.0,5.0,3.0,3.0,5.0,3.0,2.0,5.0,3.0,3.0,2.0,5.0,2.0,1.0,4.0,1.0,2.0,4.0,4.0,2.0,3,5,5,4,7,5,5,3,3,3,1,1,0,1,1,0,0,1,0,1,0,0,1,1,1,1,3,3,1,1,34,2,7,1,60,2,2,2
10623,4.0,4.0,5.0,3.0,4.0,1.0,1.0,4.0,5.0,2.0,1.0,4.0,1.0,2.0,3.0,1.0,3.0,2.0,5.0,2.0,3,5,6,2,7,6,5,3,6,2,1,1,0,1,1,0,0,1,0,1,0,0,1,1,1,1,4,3,2,1,33,1,12,1,10,2,1,2
10624,5.0,4.0,2.0,4.0,4.0,3.0,5.0,4.0,5.0,4.0,3.0,5.0,3.0,2.0,2.0,3.0,4.0,4.0,4.0,1.0,5,5,6,6,5,4,3,2,4,2,1,1,0,1,1,0,0,0,0,0,0,0,1,1,1,0,3,1,1,2,26,1,7,1,60,1,1,2
10625,1.0,4.0,3.0,4.0,2.0,1.0,1.0,1.0,4.0,2.0,2.0,1.0,3.0,2.0,5.0,2.0,3.0,3.0,4.0,2.0,3,3,5,2,4,2,2,3,6,2,1,1,1,1,0,1,0,0,0,1,0,1,1,1,1,1,3,2,2,1,45,2,6,1,60,1,1,6
10626,5.0,2.0,5.0,3.0,4.0,1.0,1.0,1.0,5.0,4.0,2.0,5.0,2.0,3.0,5.0,2.0,4.0,2.0,5.0,2.0,3,6,6,2,5,2,2,2,6,2,1,1,1,1,1,0,0,0,0,1,0,0,1,1,1,1,2,2,1,1,17,1,6,1,60,2,1,2
10627,5.0,5.0,1.0,1.0,5.0,1.0,1.0,5.0,1.0,1.0,1.0,1.0,1.0,1.0,5.0,1.0,1.0,5.0,1.0,5.0,7,1,7,1,7,1,1,1,7,1,1,1,1,1,1,1,1,1,1,1,0,1,1,1,1,1,3,3,1,1,27,3,2,1,70,2,1,3
10628,2.0,1.0,2.0,5.0,1.0,1.0,3.0,2.0,4.0,3.0,2.0,2.0,1.0,2.0,4.0,3.0,1.0,4.0,5.0,1.0,6,5,7,5,5,3,4,1,4,2,1,1,1,1,1,1,1,1,0,1,0,1,1,1,1,1,3,3,2,1,50,3,4,1,60,1,2,4
10629,4.0,4.0,5.0,4.0,5.0,1.0,2.0,5.0,5.0,4.0,1.0,4.0,5.0,1.0,2.0,5.0,2.0,5.0,5.0,5.0,3,6,7,5,7,7,7,3,3,1,1,1,0,1,1,0,0,0,0,1,0,0,1,1,1,1,3,2,1,2,29,1,3,3,10,1,1,2
10630,2.0,3.0,1.0,3.0,4.0,4.0,4.0,4.0,4.0,4.0,2.0,4.0,2.0,2.0,4.0,4.0,2.0,4.0,4.0,1.0,5,4,6,2,5,5,6,1,5,2,0,0,0,0,0,0,0,0,0,0,0,0,0,0,0,1,3,2,1,1,43,1,7,1,60,1,3,2
10631,4.0,4.0,2.0,3.0,3.0,1.0,2.0,1.0,4.0,2.0,1.0,5.0,4.0,3.0,3.0,1.0,2.0,4.0,5.0,2.0,6,3,3,5,7,1,7,6,3,1,1,1,1,1,1,1,0,1,0,1,1,0,1,1,1,1,3,1,1,1,33,1,1,1,60,2,2,2
10632,4.0,3.0,1.0,1.0,5.0,1.0,2.0,4.0,4.0,1.0,1.0,4.0,5.0,1.0,1.0,1.0,1.0,4.0,5.0,2.0,2,5,7,1,6,3,1,1,6,3,1,1,1,1,1,0,0,0,0,1,1,0,1,1,1,1,4,3,2,1,34,1,2,1,60,1,2,2
10633,1.0,1.0,4.0,4.0,2.0,5.0,5.0,2.0,5.0,5.0,4.0,5.0,1.0,4.0,2.0,5.0,3.0,4.0,5.0,1.0,6,4,6,3,5,1,7,2,7,5,1,1,1,1,1,0,0,0,0,1,0,0,1,1,1,1,3,2,2,1,42,1,7,2,60,2,2,2
10634,1.0,1.0,4.0,4.0,1.0,5.0,5.0,1.0,5.0,5.0,1.0,1.0,3.0,3.0,1.0,5.0,3.0,4.0,3.0,1.0,6,1,6,2,6,1,7,6,5,1,1,1,0,1,1,1,0,1,0,1,0,1,1,1,1,1,4,2,2,1,21,1,6,1,30,2,1,2
10635,1.0,1.0,2.0,5.0,1.0,1.0,1.0,1.0,5.0,4.0,2.0,1.0,2.0,2.0,2.0,5.0,2.0,1.0,1.0,1.0,7,5,6,1,7,1,7,5,6,2,1,1,0,1,1,0,0,1,0,1,1,0,1,1,1,1,4,2,2,1,42,1,9,1,60,1,1,6
10636,2.0,2.0,5.0,3.0,3.0,4.0,4.0,4.0,5.0,3.0,1.0,2.0,2.0,3.0,2.0,1.0,1.0,2.0,5.0,1.0,6,5,3,7,6,2,6,1,2,1,1,1,0,1,1,1,0,0,0,1,0,1,0,1,1,1,4,2,2,1,18,2,2,1,60,2,1,2
10637,1.0,1.0,4.0,4.0,2.0,4.0,5.0,1.0,5.0,3.0,4.0,1.0,1.0,4.0,4.0,1.0,1.0,1.0,1.0,1.0,6,1,7,5,6,2,7,1,6,1,1,1,1,1,1,0,1,0,0,1,0,0,1,1,1,1,0,3,1,1,55,1,4,1,60,1,2,1
10638,3.0,4.0,2.0,2.0,4.0,2.0,2.0,2.0,2.0,2.0,1.0,5.0,5.0,1.0,3.0,1.0,2.0,3.0,5.0,1.0,1,7,3,5,7,7,4,3,3,3,1,1,0,1,1,0,0,1,0,1,0,0,1,1,0,1,3,2,2,2,23,3,1,4,60,1,1,3
10639,3.0,4.0,3.0,1.0,5.0,3.0,2.0,1.0,4.0,5.0,1.0,4.0,5.0,3.0,5.0,2.0,2.0,2.0,3.0,4.0,5,5,6,4,5,3,4,3,5,3,1,1,1,1,1,1,1,1,0,1,1,0,1,1,1,1,4,3,1,1,45,1,12,1,60,1,2,1
10640,5.0,5.0,1.0,1.0,5.0,1.0,1.0,5.0,1.0,1.0,1.0,5.0,5.0,1.0,5.0,1.0,1.0,5.0,5.0,3.0,5,7,3,2,3,1,1,7,2,1,1,1,1,1,1,0,0,0,0,1,0,1,0,1,1,1,1,2,1,1,15,1,7,3,60,2,1,3
10641,1.0,1.0,5.0,5.0,1.0,5.0,4.0,1.0,5.0,5.0,1.0,1.0,3.0,1.0,1.0,4.0,1.0,5.0,5.0,1.0,1,5,7,2,5,6,3,1,6,6,1,1,1,1,1,0,1,0,0,1,1,0,1,1,1,1,3,3,1,1,44,1,2,1,60,1,2,3
10642,4.0,3.0,3.0,2.0,5.0,3.0,2.0,5.0,4.0,3.0,3.0,4.0,4.0,3.0,3.0,2.0,2.0,4.0,4.0,2.0,3,6,6,2,6,2,4,2,6,4,1,1,0,1,0,0,0,0,0,1,1,0,0,0,1,1,3,3,1,2,27,1,2,1,60,2,2,2
10643,5.0,4.0,5.0,4.0,5.0,1.0,1.0,2.0,5.0,2.0,3.0,5.0,3.0,2.0,3.0,5.0,2.0,3.0,5.0,4.0,1,6,7,5,5,1,6,1,5,1,1,1,1,1,1,0,1,1,0,1,1,1,1,1,1,1,4,2,1,1,48,2,1,1,60,1,2,2
10644,4.0,5.0,2.0,1.0,4.0,1.0,1.0,5.0,5.0,5.0,1.0,5.0,4.0,1.0,2.0,1.0,4.0,4.0,4.0,3.0,6,6,6,2,4,4,7,6,6,5,1,1,1,1,1,0,1,1,0,1,1,0,1,1,1,1,4,2,2,1,60,1,6,3,60,1,3,5
10645,4.0,4.0,4.0,1.0,4.0,4.0,2.0,4.0,5.0,4.0,1.0,5.0,1.0,2.0,3.0,1.0,2.0,4.0,4.0,1.0,5,6,5,7,5,3,5,5,2,5,1,1,1,1,1,0,0,1,0,1,0,1,1,1,1,1,4,1,2,1,39,1,6,1,60,1,1,1
10646,5.0,4.0,2.0,1.0,4.0,1.0,1.0,5.0,4.0,1.0,1.0,2.0,1.0,1.0,5.0,1.0,1.0,2.0,5.0,1.0,2,6,7,1,3,6,6,2,7,1,1,1,1,1,1,0,0,0,0,1,0,0,1,1,1,1,0,3,2,1,39,1,2,1,60,1,2,2
10647,1.0,2.0,3.0,4.0,4.0,4.0,2.0,3.0,5.0,4.0,3.0,3.0,2.0,4.0,4.0,2.0,1.0,2.0,4.0,1.0,5,2,7,6,5,4,6,1,5,5,1,1,0,1,1,0,1,0,0,1,0,1,1,1,1,1,4,2,2,1,44,1,6,1,60,1,2,2
10648,1.0,2.0,4.0,3.0,5.0,4.0,4.0,4.0,4.0,5.0,2.0,2.0,3.0,3.0,2.0,4.0,1.0,4.0,5.0,1.0,3,2,6,4,3,7,6,5,3,4,1,1,0,1,1,0,0,1,0,1,0,0,0,1,1,1,3,1,2,2,20,1,4,1,10,2,1,3
10649,1.0,2.0,2.0,5.0,1.0,4.0,3.0,1.0,5.0,4.0,3.0,4.0,1.0,3.0,4.0,2.0,3.0,4.0,4.0,2.0,3,2,7,5,6,5,7,2,6,2,1,1,1,1,1,0,0,1,0,1,0,0,1,1,1,1,3,0,2,1,66,1,6,1,60,1,3,2
10650,1.0,1.0,5.0,5.0,1.0,4.0,5.0,1.0,5.0,5.0,4.0,1.0,1.0,5.0,1.0,5.0,1.0,1.0,5.0,1.0,1,7,7,7,7,7,7,1,5,6,1,1,0,1,1,0,1,0,0,1,0,0,1,1,1,1,3,2,1,1,56,1,2,1,60,1,2,4
10651,1.0,1.0,5.0,2.0,4.0,5.0,5.0,5.0,5.0,5.0,4.0,5.0,2.0,2.0,4.0,4.0,3.0,1.0,5.0,1.0,1,2,7,5,6,7,6,1,6,5,1,1,0,0,1,0,0,0,0,1,0,0,0,0,1,1,2,3,1,1,21,1,6,1,60,1,1,2
10652,1.0,1.0,4.0,4.0,3.0,4.0,4.0,1.0,5.0,5.0,3.0,3.0,1.0,2.0,2.0,2.0,2.0,2.0,1.0,2.0,6,4,5,2,6,2,6,2,7,3,1,1,0,1,1,0,0,0,0,1,0,0,0,1,1,1,3,3,1,2,24,1,7,1,70,2,1,2
10653,5.0,1.0,5.0,4.0,5.0,5.0,2.0,5.0,4.0,2.0,1.0,5.0,4.0,1.0,4.0,4.0,5.0,4.0,2.0,4.0,7,5,7,3,6,1,5,1,5,5,1,1,0,1,1,0,0,1,0,1,0,0,1,1,1,1,2,1,2,1,21,1,7,1,60,1,3,2
10654,3.0,3.0,2.0,4.0,4.0,1.0,2.0,2.0,3.0,4.0,1.0,4.0,3.0,3.0,3.0,1.0,1.0,4.0,5.0,1.0,4,5,2,5,6,3,3,6,3,3,1,1,1,1,1,0,1,0,0,1,1,1,1,1,1,1,3,2,1,1,23,1,2,1,60,2,1,2
10655,5.0,5.0,1.0,2.0,5.0,2.0,1.0,5.0,5.0,5.0,1.0,5.0,4.0,1.0,4.0,4.0,5.0,4.0,5.0,5.0,0,0,0,0,7,0,0,0,0,0,0,0,0,0,0,0,0,0,0,0,0,0,0,0,0,0,2,2,2,1,23,1,6,1,60,1,1,1
10656,4.0,5.0,4.0,5.0,1.0,3.0,4.0,4.0,5.0,2.0,4.0,4.0,2.0,2.0,3.0,2.0,2.0,1.0,5.0,2.0,1,2,2,3,6,6,6,4,4,4,1,1,0,1,1,0,0,0,0,1,0,0,0,1,1,1,3,3,1,2,22,1,8,1,10,2,1,3
10657,5.0,1.0,4.0,1.0,5.0,1.0,1.0,5.0,5.0,1.0,1.0,5.0,1.0,1.0,4.0,1.0,1.0,1.0,5.0,5.0,3,2,6,5,6,7,5,1,3,1,1,1,1,1,1,0,0,1,0,1,0,0,1,1,1,1,3,3,1,2,29,1,7,5,60,1,1,0
10658,5.0,5.0,1.0,1.0,4.0,1.0,1.0,4.0,1.0,1.0,1.0,5.0,3.0,1.0,4.0,1.0,1.0,5.0,5.0,1.0,3,7,5,5,5,3,1,5,5,5,1,1,0,1,0,0,0,0,0,1,0,0,1,1,1,1,3,3,1,1,21,1,2,1,60,1,1,1
10659,2.0,2.0,1.0,3.0,4.0,3.0,1.0,2.0,4.0,5.0,1.0,3.0,2.0,2.0,1.0,5.0,2.0,2.0,5.0,1.0,5,2,6,2,7,4,6,5,6,2,1,1,1,1,1,0,0,0,0,1,0,0,1,1,1,1,3,1,1,1,28,1,7,1,70,2,2,1
10660,2.0,4.0,2.0,1.0,4.0,1.0,1.0,4.0,4.0,3.0,1.0,5.0,5.0,1.0,5.0,1.0,3.0,3.0,5.0,3.0,2,3,4,5,3,6,5,5,4,3,1,1,0,1,1,0,0,0,0,1,0,0,1,1,1,1,4,2,2,1,32,3,7,1,30,1,1,5
10661,3.0,4.0,5.0,2.0,3.0,4.0,1.0,4.0,5.0,4.0,1.0,5.0,2.0,2.0,4.0,1.0,1.0,5.0,5.0,2.0,5,6,6,4,6,3,7,2,6,1,1,1,1,1,1,0,0,1,0,1,0,0,1,1,1,1,3,3,2,1,26,1,1,2,60,1,1,4
10662,3.0,4.0,2.0,5.0,4.0,2.0,2.0,4.0,5.0,3.0,2.0,3.0,1.0,1.0,5.0,2.0,1.0,4.0,5.0,1.0,2,6,5,5,6,7,7,2,5,5,1,1,0,1,1,0,0,0,0,1,0,0,0,0,1,1,2,2,1,2,24,2,1,1,60,1,1,3
10663,4.0,5.0,2.0,4.0,5.0,1.0,5.0,5.0,5.0,5.0,1.0,5.0,2.0,1.0,2.0,1.0,3.0,5.0,5.0,5.0,6,6,7,2,7,3,6,1,1,1,1,1,0,1,1,0,1,1,0,1,0,0,0,0,1,1,3,1,1,1,26,1,1,1,30,2,1,6
10664,1.0,1.0,1.0,5.0,1.0,5.0,5.0,1.0,5.0,5.0,5.0,3.0,1.0,2.0,1.0,5.0,5.0,1.0,5.0,1.0,2,1,7,1,7,4,7,1,7,1,1,1,0,1,1,0,0,0,0,1,0,0,1,1,1,1,3,3,2,2,54,1,2,1,10,1,2,4
10665,4.0,5.0,3.0,3.0,5.0,4.0,3.0,3.0,5.0,5.0,4.0,2.0,2.0,4.0,4.0,5.0,2.0,4.0,4.0,4.0,6,5,7,7,6,2,6,1,3,2,1,0,0,1,1,0,0,0,0,1,0,0,0,1,1,1,2,2,2,1,14,1,4,1,60,2,1,2
10666,5.0,2.0,1.0,1.0,2.0,1.0,1.0,5.0,2.0,1.0,2.0,1.0,1.0,1.0,1.0,1.0,1.0,4.0,5.0,5.0,2,6,5,4,5,7,6,1,6,7,1,0,0,1,0,0,0,0,0,1,0,0,0,0,1,1,1,2,1,2,14,1,12,1,10,2,1,0
10667,2.0,2.0,2.0,3.0,4.0,2.0,2.0,2.0,1.0,2.0,3.0,4.0,3.0,3.0,2.0,5.0,2.0,4.0,5.0,5.0,5,5,7,5,5,5,6,1,3,2,1,0,0,1,1,0,0,0,0,1,0,0,0,0,1,1,1,2,1,1,14,1,4,1,60,2,1,3
10668,1.0,1.0,4.0,3.0,3.0,5.0,5.0,1.0,5.0,4.0,2.0,2.0,1.0,2.0,4.0,5.0,2.0,2.0,3.0,1.0,7,5,7,3,6,3,5,2,5,5,1,1,0,1,1,0,0,0,0,1,0,0,0,1,1,1,2,2,2,1,14,1,6,1,70,2,1,4
10669,2.0,4.0,5.0,3.0,3.0,4.0,5.0,4.0,5.0,3.0,1.0,1.0,5.0,1.0,2.0,5.0,4.0,5.0,1.0,3.0,5,7,6,1,7,1,5,1,6,4,1,0,1,0,1,1,1,1,1,1,0,1,1,1,1,1,1,2,1,1,14,3,12,1,70,2,1,0
10670,5.0,2.0,5.0,3.0,5.0,4.0,5.0,2.0,2.0,3.0,3.0,5.0,5.0,3.0,5.0,4.0,2.0,4.0,1.0,1.0,6,4,6,7,6,4,6,4,6,3,1,0,0,1,1,0,0,0,0,1,0,0,0,0,1,1,1,3,2,2,13,1,7,1,10,2,1,3
10671,4.0,2.0,3.0,1.0,4.0,3.0,1.0,4.0,5.0,2.0,2.0,2.0,4.0,1.0,5.0,2.0,3.0,5.0,5.0,1.0,6,2,7,2,5,5,6,1,7,1,1,0,0,1,0,0,0,0,0,0,0,0,0,0,1,1,1,2,2,1,14,1,7,1,60,2,1,2
10672,5.0,4.0,2.0,1.0,5.0,5.0,3.0,3.0,3.0,5.0,1.0,5.0,5.0,1.0,5.0,1.0,1.0,4.0,5.0,4.0,2,7,7,4,7,6,2,1,5,4,1,1,1,1,1,0,0,0,0,1,0,1,1,1,1,1,1,2,2,1,14,1,4,1,60,2,1,3
10673,5.0,5.0,2.0,2.0,5.0,2.0,1.0,5.0,2.0,2.0,2.0,5.0,4.0,4.0,2.0,2.0,1.0,4.0,5.0,4.0,6,6,6,7,3,2,2,1,1,1,0,1,0,1,1,0,0,1,0,1,1,0,1,1,1,1,4,2,1,1,39,1,4,3,60,1,2,3
10674,5.0,2.0,3.0,2.0,2.0,5.0,2.0,2.0,3.0,4.0,4.0,2.0,1.0,4.0,2.0,3.0,3.0,3.0,5.0,1.0,5,4,6,3,5,2,5,3,6,6,1,0,0,1,1,0,0,0,0,1,0,0,0,0,0,1,1,2,1,1,14,1,4,1,70,2,1,3
10675,1.0,1.0,1.0,5.0,1.0,2.0,2.0,5.0,5.0,5.0,1.0,2.0,4.0,4.0,1.0,5.0,2.0,1.0,3.0,2.0,2,1,3,2,6,7,6,4,7,3,1,0,0,1,1,0,0,0,0,1,0,0,0,1,0,1,3,1,1,1,59,1,6,1,60,1,3,3
10676,3.0,2.0,4.0,2.0,5.0,2.0,2.0,1.0,5.0,3.0,1.0,5.0,1.0,1.0,4.0,1.0,2.0,2.0,4.0,1.0,4,5,6,2,7,6,6,5,6,2,1,1,0,1,1,0,0,1,0,1,0,0,1,0,1,1,4,3,1,2,35,1,1,1,60,2,3,2
10677,3.0,4.0,1.0,1.0,5.0,5.0,1.0,5.0,5.0,3.0,3.0,5.0,1.0,1.0,3.0,1.0,1.0,4.0,5.0,2.0,2,2,6,1,5,7,3,5,7,3,1,1,0,1,1,0,0,1,0,1,0,0,1,1,1,1,3,2,1,1,33,1,1,1,60,2,2,2
10678,2.0,4.0,3.0,5.0,1.0,5.0,1.0,1.0,5.0,3.0,1.0,1.0,4.0,4.0,1.0,4.0,2.0,4.0,5.0,1.0,6,2,5,3,7,3,6,5,6,1,1,1,0,1,1,0,0,0,0,1,0,0,1,1,1,1,3,2,1,1,30,1,3,2,30,1,1,3
10679,1.0,2.0,2.0,2.0,4.0,4.0,2.0,2.0,5.0,4.0,1.0,2.0,2.0,2.0,2.0,2.0,1.0,4.0,5.0,2.0,2,5,7,7,5,5,6,3,1,1,1,1,0,1,1,0,0,1,0,1,0,0,1,1,1,1,3,2,2,1,32,1,2,2,60,1,1,1
10680,1.0,4.0,2.0,5.0,2.0,2.0,1.0,1.0,5.0,3.0,1.0,4.0,2.0,4.0,2.0,1.0,4.0,1.0,5.0,1.0,1,4,4,5,6,6,6,1,4,1,1,1,1,1,1,0,1,1,0,1,0,0,1,1,1,1,4,2,2,1,39,1,7,1,60,2,2,3
10681,2.0,5.0,2.0,1.0,4.0,2.0,4.0,5.0,5.0,4.0,2.0,3.0,4.0,1.0,3.0,4.0,2.0,4.0,5.0,1.0,2,5,6,3,6,6,5,2,6,2,1,1,0,1,1,0,0,1,0,1,0,0,0,1,1,1,2,2,2,2,21,1,1,1,60,1,1,0
10682,4.0,5.0,1.0,2.0,5.0,1.0,1.0,5.0,5.0,2.0,1.0,5.0,5.0,1.0,2.0,1.0,5.0,5.0,5.0,5.0,2,6,6,7,7,5,7,2,5,1,1,1,1,1,1,1,0,1,0,1,0,0,1,1,1,1,2,2,2,1,33,1,1,2,70,2,2,0
10683,2.0,2.0,4.0,5.0,4.0,1.0,1.0,3.0,5.0,4.0,3.0,2.0,1.0,1.0,5.0,5.0,1.0,3.0,5.0,1.0,3,2,5,6,6,6,6,4,2,5,1,1,0,1,1,0,0,0,0,1,0,0,1,1,1,1,4,1,2,1,27,1,7,1,60,2,2,2
10684,4.0,4.0,4.0,3.0,4.0,2.0,2.0,2.0,5.0,3.0,1.0,2.0,4.0,1.0,4.0,3.0,2.0,4.0,4.0,1.0,7,5,6,7,3,1,6,5,5,2,1,1,0,1,1,0,0,0,0,1,0,1,1,1,1,1,2,2,2,1,18,1,6,1,60,2,1,2
10685,5.0,5.0,1.0,1.0,5.0,1.0,1.0,5.0,1.0,1.0,1.0,5.0,5.0,1.0,5.0,1.0,1.0,5.0,1.0,5.0,7,7,7,6,7,2,6,5,2,1,1,1,1,1,1,0,1,1,0,1,1,0,1,1,1,1,3,3,1,1,50,1,9,1,60,1,1,4
10686,4.0,2.0,1.0,2.0,5.0,2.0,2.0,1.0,3.0,2.0,1.0,5.0,1.0,1.0,2.0,1.0,2.0,1.0,5.0,3.0,6,5,6,1,6,1,4,1,6,2,1,1,1,1,1,0,1,1,0,1,1,0,1,1,1,1,4,3,2,1,52,1,12,1,60,1,2,6
10687,1.0,2.0,2.0,1.0,2.0,3.0,2.0,1.0,5.0,4.0,2.0,2.0,1.0,1.0,4.0,1.0,3.0,5.0,3.0,4.0,7,5,6,1,7,1,4,2,6,2,0,0,0,0,1,0,0,0,0,0,0,0,0,0,0,1,2,3,2,1,20,1,4,1,60,1,1,3
10688,2.0,1.0,5.0,4.0,2.0,3.0,2.0,1.0,5.0,2.0,1.0,4.0,1.0,1.0,3.0,1.0,4.0,4.0,2.0,1.0,3,5,7,5,6,3,7,1,6,1,1,1,1,1,1,1,1,1,0,1,0,0,1,1,1,1,2,2,2,1,23,1,7,1,60,1,1,1
10689,4.0,4.0,2.0,3.0,5.0,1.0,1.0,4.0,4.0,1.0,2.0,5.0,2.0,4.0,5.0,3.0,5.0,4.0,5.0,5.0,2,5,5,5,5,5,3,4,3,5,1,1,1,1,1,0,0,0,0,1,1,0,1,1,1,1,3,2,2,1,49,1,2,1,60,1,2,7
10690,1.0,2.0,3.0,2.0,1.0,1.0,2.0,5.0,2.0,4.0,2.0,2.0,1.0,2.0,4.0,5.0,1.0,2.0,5.0,1.0,5,5,7,3,3,3,7,1,6,3,1,1,0,1,1,0,0,1,0,1,0,1,0,1,1,1,4,2,2,1,25,1,1,1,20,1,1,1
10691,4.0,4.0,4.0,5.0,2.0,1.0,3.0,5.0,5.0,4.0,1.0,4.0,5.0,2.0,3.0,2.0,5.0,4.0,5.0,1.0,5,2,5,5,6,7,7,7,6,3,1,1,0,1,1,0,0,1,0,1,0,1,1,1,1,1,3,3,2,2,23,1,8,1,10,2,1,2
10692,5.0,4.0,1.0,5.0,5.0,2.0,2.0,2.0,5.0,4.0,2.0,5.0,5.0,4.0,4.0,4.0,2.0,4.0,4.0,1.0,6,2,7,5,6,3,7,1,7,3,1,1,0,1,1,0,0,1,0,1,0,0,0,1,1,1,3,2,2,1,46,1,7,1,60,1,2,2
10693,1.0,1.0,5.0,4.0,2.0,3.0,4.0,1.0,5.0,4.0,2.0,5.0,1.0,1.0,4.0,2.0,4.0,2.0,2.0,1.0,7,1,6,6,7,1,7,1,6,2,1,1,0,1,1,0,0,0,0,1,0,0,1,1,1,1,4,1,2,1,28,1,0,1,60,2,2,4
10694,5.0,5.0,1.0,1.0,5.0,3.0,2.0,5.0,5.0,1.0,3.0,5.0,1.0,1.0,1.0,1.0,1.0,4.0,5.0,3.0,1,4,7,2,6,6,4,1,6,5,1,1,1,1,1,0,0,0,0,1,0,0,1,1,1,1,4,3,1,2,61,1,2,1,60,2,2,2
10695,5.0,4.0,1.0,1.0,2.0,1.0,1.0,1.0,1.0,2.0,1.0,4.0,2.0,2.0,5.0,1.0,2.0,4.0,5.0,2.0,5,7,6,3,7,5,2,3,5,5,1,1,0,1,1,0,0,0,0,1,0,0,1,1,1,1,4,3,1,2,31,1,1,1,60,1,1,2
10696,1.0,4.0,2.0,2.0,5.0,1.0,2.0,4.0,5.0,4.0,1.0,2.0,2.0,4.0,4.0,2.0,2.0,5.0,5.0,4.0,1,2,5,5,5,6,6,3,5,5,1,1,0,1,1,0,0,0,0,1,0,0,1,1,1,1,2,3,2,1,19,1,4,0,60,1,1,3
10697,1.0,1.0,3.0,4.0,2.0,2.0,1.0,2.0,3.0,4.0,1.0,2.0,3.0,2.0,4.0,3.0,3.0,1.0,5.0,1.0,6,5,4,5,5,1,7,4,4,2,1,1,1,1,1,1,0,1,0,1,1,0,1,1,1,0,4,1,2,2,32,1,6,1,60,1,2,2
10698,5.0,1.0,3.0,1.0,5.0,1.0,1.0,1.0,3.0,5.0,1.0,5.0,5.0,1.0,1.0,1.0,5.0,5.0,5.0,3.0,4,5,1,1,7,1,1,7,7,1,1,0,0,1,1,0,0,0,0,0,0,0,0,1,1,1,1,2,2,2,14,3,7,1,60,2,1,3
10699,1.0,1.0,4.0,1.0,5.0,4.0,5.0,2.0,5.0,5.0,3.0,5.0,1.0,1.0,3.0,1.0,2.0,1.0,4.0,1.0,1,5,7,2,5,5,7,1,6,6,1,1,1,1,1,0,1,1,0,1,0,1,1,1,1,1,3,3,2,1,46,1,6,1,70,2,3,4
10700,4.0,3.0,3.0,3.0,3.0,3.0,3.0,4.0,3.0,2.0,2.0,3.0,5.0,2.0,3.0,2.0,3.0,5.0,3.0,3.0,6,6,6,5,7,5,5,4,4,2,1,1,1,1,1,1,0,1,1,1,0,1,1,1,1,1,3,3,1,2,38,1,4,1,60,1,1,4
10701,5.0,3.0,1.0,1.0,5.0,2.0,1.0,3.0,1.0,1.0,1.0,5.0,5.0,1.0,4.0,1.0,1.0,5.0,5.0,4.0,1,4,5,4,7,7,4,5,6,2,0,0,0,0,0,0,0,0,0,0,0,0,0,0,0,0,2,3,1,2,16,2,3,0,10,2,1,2
10702,5.0,5.0,4.0,1.0,5.0,1.0,1.0,2.0,1.0,1.0,1.0,4.0,5.0,1.0,5.0,1.0,5.0,2.0,5.0,2.0,6,7,5,1,7,2,5,2,6,7,1,1,0,1,1,0,0,0,0,1,0,0,1,1,1,1,3,2,1,1,22,2,4,2,60,1,1,4
10703,1.0,2.0,5.0,5.0,1.0,4.0,1.0,1.0,5.0,5.0,1.0,4.0,1.0,1.0,4.0,4.0,5.0,1.0,5.0,1.0,5,1,6,7,7,7,7,5,5,1,1,1,1,1,1,1,1,1,1,1,1,1,1,1,1,1,3,2,2,1,45,1,1,5,60,1,2,1
10704,4.0,4.0,3.0,4.0,4.0,1.0,1.0,1.0,2.0,2.0,1.0,5.0,2.0,2.0,4.0,1.0,5.0,5.0,4.0,3.0,3,7,5,5,4,3,6,3,2,3,1,1,0,1,1,0,0,0,0,1,0,0,0,1,1,1,3,1,2,2,26,1,2,1,70,2,1,2
10705,2.0,2.0,4.0,4.0,4.0,1.0,2.0,2.0,5.0,2.0,1.0,2.0,1.0,4.0,1.0,4.0,4.0,1.0,3.0,1.0,5,5,7,6,4,4,7,1,4,1,1,1,0,1,1,0,0,0,0,1,0,0,1,1,1,1,3,2,2,1,41,1,4,1,60,2,2,1
10706,1.0,2.0,5.0,5.0,1.0,5.0,2.0,2.0,5.0,4.0,2.0,2.0,3.0,3.0,1.0,5.0,4.0,1.0,3.0,1.0,7,5,6,2,6,2,7,1,6,3,1,1,0,1,1,0,0,0,0,1,0,0,1,1,1,1,3,2,1,1,21,2,4,1,60,1,1,3
10707,4.0,1.0,2.0,2.0,4.0,1.0,1.0,3.0,5.0,1.0,2.0,2.0,1.0,2.0,4.0,1.0,2.0,1.0,5.0,1.0,2,2,5,5,6,7,5,5,4,5,1,1,0,1,1,0,0,0,0,1,0,0,1,1,1,1,2,2,2,1,19,2,1,4,10,1,1,2
10708,5.0,5.0,2.0,1.0,4.0,1.0,1.0,4.0,1.0,1.0,1.0,5.0,5.0,1.0,4.0,2.0,1.0,5.0,5.0,3.0,4,7,6,5,6,5,2,6,4,2,1,1,1,1,1,1,0,1,0,1,1,0,1,1,1,1,3,1,1,1,25,1,1,1,60,1,1,2
10709,5.0,5.0,2.0,1.0,5.0,1.0,1.0,4.0,5.0,1.0,1.0,3.0,5.0,1.0,5.0,1.0,1.0,5.0,3.0,5.0,7,7,7,1,3,1,5,1,6,1,1,1,0,1,1,0,0,1,0,1,0,1,0,1,1,1,2,3,1,1,20,1,9,1,60,1,1,1
10710,5.0,5.0,1.0,2.0,4.0,1.0,1.0,5.0,3.0,3.0,1.0,5.0,4.0,2.0,5.0,2.0,1.0,5.0,5.0,4.0,2,7,5,6,6,7,2,4,6,4,1,1,0,1,1,0,0,0,0,1,1,0,1,1,1,1,3,3,1,1,22,1,7,1,70,1,1,3
10711,5.0,5.0,3.0,1.0,5.0,1.0,1.0,2.0,2.0,2.0,1.0,5.0,5.0,1.0,5.0,4.0,1.0,4.0,5.0,2.0,2,5,5,6,5,6,2,3,3,2,1,1,1,1,1,0,0,0,0,1,0,0,1,1,1,1,2,0,1,1,19,1,2,1,60,1,1,2
10712,5.0,1.0,5.0,5.0,5.0,1.0,2.0,1.0,5.0,5.0,1.0,4.0,1.0,1.0,5.0,1.0,1.0,5.0,5.0,1.0,7,6,7,7,7,7,7,4,6,3,1,1,0,1,1,0,0,0,0,1,0,0,1,1,1,1,2,3,1,1,44,1,4,1,60,1,1,2
10713,1.0,3.0,2.0,5.0,1.0,4.0,3.0,1.0,5.0,2.0,1.0,4.0,1.0,2.0,1.0,1.0,4.0,4.0,5.0,1.0,5,1,4,2,4,5,6,3,7,1,1,1,0,1,1,0,0,0,0,1,0,0,1,1,1,1,3,3,2,1,60,2,6,1,60,0,2,5
10714,3.0,5.0,3.0,2.0,3.0,2.0,2.0,2.0,5.0,2.0,2.0,5.0,2.0,1.0,2.0,1.0,2.0,2.0,5.0,4.0,4,2,6,1,4,5,6,3,6,2,1,1,1,1,1,0,1,1,0,1,1,1,1,1,1,1,4,3,2,1,28,3,1,4,70,2,1,2
10715,5.0,5.0,2.0,2.0,4.0,2.0,1.0,4.0,2.0,2.0,1.0,4.0,4.0,1.0,4.0,2.0,2.0,5.0,5.0,2.0,3,3,6,5,3,3,2,2,6,3,1,1,1,1,1,0,1,1,0,1,1,1,1,1,1,1,2,2,1,1,18,1,4,1,60,2,1,2
10716,2.0,4.0,2.0,4.0,2.0,4.0,4.0,3.0,4.0,5.0,1.0,4.0,1.0,3.0,2.0,1.0,4.0,4.0,5.0,3.0,5,7,6,6,6,2,4,4,3,2,1,1,1,1,1,0,0,1,0,1,1,0,1,1,1,1,3,3,1,2,39,1,1,1,60,1,2,2
10717,2.0,4.0,2.0,2.0,2.0,1.0,2.0,4.0,2.0,2.0,1.0,5.0,1.0,2.0,4.0,2.0,1.0,2.0,5.0,2.0,3,1,7,2,7,4,6,1,6,2,1,1,1,0,1,0,1,0,0,1,1,1,1,1,1,1,3,3,1,1,60,1,4,1,60,1,2,3
10718,5.0,5.0,1.0,1.0,5.0,1.0,1.0,5.0,1.0,1.0,1.0,5.0,5.0,1.0,5.0,1.0,1.0,5.0,5.0,4.0,4,7,7,7,4,4,4,4,5,4,1,1,0,1,1,0,0,0,0,1,0,0,1,1,1,0,4,1,1,1,39,2,4,1,60,1,3,3
10719,3.0,1.0,4.0,3.0,1.0,4.0,2.0,2.0,5.0,5.0,1.0,3.0,2.0,3.0,3.0,4.0,3.0,3.0,5.0,4.0,7,6,5,5,5,4,7,2,3,2,1,1,0,1,1,0,0,1,0,1,0,0,0,0,1,1,4,3,1,2,23,1,10,1,60,1,1,2
10720,2.0,1.0,3.0,4.0,2.0,1.0,1.0,2.0,5.0,3.0,1.0,5.0,1.0,3.0,5.0,5.0,1.0,4.0,5.0,5.0,2,1,6,2,6,6,4,2,6,2,1,1,1,1,1,0,0,0,0,1,0,0,1,1,1,1,3,3,1,1,56,1,2,1,60,1,2,4
10721,1.0,1.0,4.0,5.0,4.0,4.0,4.0,4.0,5.0,5.0,4.0,5.0,5.0,4.0,4.0,2.0,2.0,1.0,5.0,1.0,7,5,2,5,6,2,7,5,3,2,1,1,1,1,1,0,0,0,0,1,0,0,0,1,1,1,3,3,2,1,48,1,6,3,60,1,3,1
10722,4.0,1.0,2.0,4.0,5.0,1.0,1.0,1.0,5.0,4.0,1.0,5.0,4.0,1.0,5.0,1.0,1.0,5.0,5.0,1.0,3,5,7,2,7,7,7,5,6,3,1,1,0,1,1,0,0,0,0,1,0,0,1,1,1,1,3,1,1,1,29,3,7,2,60,1,2,2
10723,1.0,2.0,5.0,5.0,2.0,4.0,4.0,1.0,5.0,4.0,1.0,1.0,2.0,4.0,4.0,2.0,2.0,4.0,1.0,1.0,2,2,6,6,7,3,7,7,2,1,1,1,1,1,1,0,0,1,0,1,0,0,1,1,1,1,3,2,2,1,39,3,6,1,60,1,2,3
10724,5.0,5.0,2.0,1.0,5.0,1.0,1.0,1.0,5.0,1.0,1.0,5.0,5.0,1.0,5.0,1.0,1.0,5.0,5.0,5.0,5,7,2,7,3,5,2,7,1,1,1,1,1,1,1,0,0,1,0,1,1,0,1,1,1,1,3,2,2,2,29,1,2,2,60,1,1,1
10725,2.0,2.0,2.0,2.0,5.0,4.0,2.0,5.0,5.0,4.0,5.0,4.0,1.0,2.0,1.0,2.0,5.0,4.0,4.0,1.0,1,1,6,1,6,6,6,1,7,4,1,1,0,1,1,0,0,1,0,1,0,1,1,1,1,1,3,2,2,1,53,1,2,1,60,1,2,3
10726,2.0,4.0,3.0,4.0,4.0,4.0,3.0,4.0,5.0,4.0,3.0,2.0,3.0,2.0,4.0,3.0,4.0,4.0,3.0,3.0,6,4,7,5,6,3,6,4,4,5,1,1,0,1,1,0,0,1,0,1,0,0,1,1,1,1,3,3,1,1,28,2,1,1,60,1,1,3
10727,3.0,5.0,2.0,4.0,4.0,2.0,2.0,3.0,1.0,2.0,2.0,5.0,4.0,3.0,5.0,2.0,2.0,5.0,5.0,2.0,7,6,7,3,6,1,4,2,5,3,1,1,1,1,1,1,0,1,0,1,1,0,1,1,1,1,3,2,2,1,21,1,1,1,60,1,1,3
10728,1.0,4.0,1.0,4.0,1.0,4.0,2.0,1.0,5.0,5.0,1.0,5.0,4.0,1.0,1.0,1.0,1.0,1.0,5.0,1.0,6,1,7,2,7,1,7,3,6,1,1,1,1,1,1,0,0,0,0,1,0,0,0,1,1,1,3,3,2,1,60,1,6,1,60,1,2,3
10729,4.0,4.0,4.0,4.0,2.0,2.0,2.0,2.0,5.0,4.0,2.0,5.0,1.0,4.0,5.0,4.0,2.0,4.0,5.0,4.0,6,1,7,5,6,2,5,5,6,3,1,1,0,1,1,0,0,1,0,1,0,0,1,1,1,1,3,2,1,1,63,1,4,1,60,1,2,3
10730,3.0,5.0,5.0,5.0,1.0,2.0,2.0,4.0,5.0,5.0,5.0,1.0,1.0,1.0,1.0,5.0,1.0,1.0,5.0,1.0,7,2,6,2,7,3,5,5,1,1,1,1,0,1,1,0,0,0,0,1,0,0,0,1,1,1,3,3,2,1,35,1,7,1,60,2,1,2
10731,3.0,4.0,2.0,1.0,4.0,1.0,2.0,4.0,3.0,2.0,1.0,4.0,2.0,4.0,4.0,1.0,1.0,4.0,4.0,5.0,2,6,1,6,2,5,5,6,2,5,1,1,0,1,1,0,1,0,0,1,0,0,1,1,1,1,4,2,2,1,57,1,6,1,60,2,1,3
10732,5.0,5.0,2.0,1.0,5.0,1.0,1.0,5.0,5.0,1.0,1.0,5.0,5.0,1.0,5.0,1.0,1.0,5.0,5.0,5.0,1,2,7,2,6,7,6,1,5,3,1,1,1,1,1,0,1,1,0,1,1,1,1,1,1,1,4,2,2,1,47,1,6,1,60,1,2,4
10733,3.0,4.0,2.0,2.0,5.0,2.0,1.0,4.0,2.0,1.0,1.0,5.0,3.0,1.0,4.0,1.0,1.0,5.0,5.0,1.0,3,5,5,6,6,4,5,2,1,1,1,1,1,1,1,0,0,1,0,1,1,0,1,1,1,1,2,2,1,1,38,1,2,1,60,1,2,1
10734,1.0,1.0,2.0,3.0,4.0,3.0,3.0,1.0,5.0,5.0,1.0,3.0,1.0,2.0,3.0,2.0,1.0,4.0,3.0,1.0,7,7,7,7,6,5,5,7,3,3,1,1,0,1,1,0,1,0,0,1,0,0,0,1,1,1,3,3,2,2,23,1,4,1,10,1,1,4
10735,2.0,5.0,1.0,2.0,2.0,1.0,1.0,4.0,3.0,3.0,1.0,5.0,1.0,1.0,5.0,5.0,1.0,4.0,5.0,1.0,2,3,5,2,7,6,7,6,7,1,1,1,1,1,1,0,0,0,0,1,0,0,1,1,1,1,3,2,1,1,24,1,2,1,60,1,1,3
10736,4.0,4.0,5.0,2.0,4.0,3.0,2.0,4.0,4.0,2.0,1.0,4.0,4.0,2.0,4.0,1.0,1.0,4.0,5.0,3.0,3,5,7,2,7,6,3,4,7,2,1,1,1,1,1,0,0,1,0,1,0,0,1,1,1,1,2,3,1,1,21,1,6,1,60,2,1,2
10737,2.0,4.0,5.0,4.0,4.0,2.0,4.0,4.0,5.0,2.0,1.0,4.0,1.0,2.0,1.0,2.0,1.0,1.0,5.0,1.0,2,2,7,3,6,6,4,1,7,2,1,1,1,1,1,0,1,1,0,1,1,1,1,1,1,1,4,2,1,1,47,2,2,1,60,2,2,2
10738,1.0,1.0,5.0,5.0,4.0,1.0,1.0,4.0,5.0,5.0,1.0,1.0,5.0,1.0,1.0,1.0,1.0,3.0,5.0,5.0,5,5,1,7,7,5,7,1,5,1,1,0,0,1,1,0,0,0,0,1,0,0,0,0,1,1,3,3,2,2,37,1,8,0,10,1,3,2
10739,2.0,4.0,2.0,2.0,5.0,2.0,2.0,5.0,4.0,5.0,2.0,5.0,4.0,2.0,4.0,5.0,1.0,3.0,5.0,3.0,6,7,7,4,6,5,6,5,7,1,1,1,1,1,1,0,0,1,0,1,0,0,1,1,1,1,3,3,1,2,24,1,2,1,70,1,1,1
10740,1.0,4.0,1.0,4.0,5.0,1.0,1.0,4.0,4.0,1.0,1.0,4.0,4.0,1.0,5.0,1.0,1.0,4.0,5.0,4.0,3,5,7,5,7,3,6,1,5,2,1,1,1,1,1,0,1,1,0,1,1,1,1,1,1,1,4,2,2,1,42,1,1,1,70,1,2,4
10741,1.0,2.0,4.0,4.0,1.0,2.0,2.0,1.0,5.0,5.0,3.0,1.0,1.0,4.0,1.0,3.0,3.0,2.0,5.0,1.0,4,4,4,5,7,4,6,4,2,1,1,1,1,1,1,0,0,1,0,1,0,0,1,1,1,1,3,2,3,1,39,1,12,5,0,2,1,3
10742,2.0,1.0,1.0,2.0,1.0,2.0,5.0,3.0,5.0,2.0,1.0,5.0,2.0,2.0,1.0,1.0,2.0,5.0,1.0,1.0,5,1,4,2,6,5,6,2,6,1,1,1,1,1,1,0,1,0,0,1,1,0,1,1,1,1,4,2,1,1,44,1,7,1,60,1,2,3
10743,5.0,4.0,1.0,4.0,5.0,1.0,1.0,5.0,4.0,2.0,2.0,4.0,4.0,2.0,4.0,1.0,1.0,5.0,3.0,2.0,6,5,5,2,7,1,6,6,6,1,1,1,1,1,1,0,0,1,0,1,0,0,1,1,1,1,3,2,2,1,27,1,5,1,60,1,1,3
10744,1.0,2.0,1.0,4.0,4.0,2.0,2.0,2.0,5.0,5.0,2.0,5.0,1.0,4.0,2.0,1.0,2.0,2.0,5.0,4.0,2,5,5,3,6,6,5,6,3,2,1,1,1,1,1,0,0,0,0,1,0,0,1,1,1,1,3,1,1,1,66,1,1,1,60,1,1,2
10745,5.0,5.0,1.0,1.0,4.0,4.0,1.0,2.0,3.0,2.0,1.0,5.0,3.0,1.0,4.0,1.0,1.0,3.0,5.0,5.0,2,7,7,5,2,6,3,1,7,1,1,1,0,1,1,0,0,0,0,1,0,0,1,1,1,1,2,1,1,1,19,1,2,1,60,1,1,2
10746,1.0,1.0,2.0,4.0,5.0,4.0,1.0,1.0,5.0,5.0,1.0,1.0,2.0,4.0,1.0,5.0,3.0,2.0,4.0,3.0,6,5,6,3,7,2,6,2,5,2,1,1,1,1,1,0,0,0,0,1,0,0,1,1,1,1,2,3,1,1,19,1,4,1,60,1,1,3
10747,3.0,1.0,2.0,2.0,4.0,4.0,4.0,4.0,5.0,2.0,2.0,5.0,2.0,2.0,4.0,3.0,2.0,1.0,1.0,1.0,1,5,7,5,7,7,5,1,6,2,1,1,0,1,1,1,0,0,1,1,0,0,1,1,1,1,3,3,2,1,32,1,6,1,60,1,2,3
10748,1.0,1.0,2.0,1.0,5.0,3.0,2.0,1.0,5.0,4.0,1.0,4.0,1.0,1.0,2.0,2.0,4.0,3.0,5.0,3.0,1,6,7,6,5,7,1,4,6,6,1,1,1,1,1,0,0,0,1,1,0,0,1,1,1,1,3,2,1,1,20,1,1,1,60,1,1,2
10749,5.0,5.0,1.0,1.0,5.0,1.0,1.0,5.0,2.0,1.0,1.0,5.0,5.0,1.0,5.0,1.0,1.0,5.0,5.0,5.0,1,3,6,2,6,7,5,2,7,1,1,1,1,1,1,0,1,1,0,1,0,0,1,1,1,1,4,2,1,1,60,1,1,1,60,0,2,3
10750,5.0,3.0,1.0,1.0,4.0,1.0,1.0,5.0,4.0,1.0,1.0,5.0,4.0,1.0,5.0,1.0,1.0,5.0,5.0,4.0,6,5,6,3,5,1,5,2,4,2,1,1,1,1,1,0,1,1,0,1,1,0,1,1,1,1,4,2,2,1,60,1,4,1,60,1,2,2
10751,5.0,1.0,2.0,1.0,2.0,1.0,1.0,2.0,2.0,2.0,1.0,4.0,2.0,1.0,3.0,1.0,1.0,2.0,5.0,1.0,6,6,3,3,6,3,3,4,6,3,1,1,0,1,1,1,0,1,0,1,0,0,1,1,1,1,3,2,1,1,28,1,1,1,70,1,1,2
10752,5.0,5.0,1.0,1.0,5.0,1.0,1.0,5.0,1.0,3.0,4.0,5.0,4.0,1.0,2.0,5.0,4.0,5.0,5.0,1.0,6,5,7,6,7,2,6,7,3,1,1,1,0,1,0,0,0,1,0,0,0,0,1,1,0,1,4,3,2,2,22,1,4,2,50,1,1,3
10753,1.0,1.0,5.0,5.0,1.0,5.0,2.0,1.0,5.0,5.0,1.0,4.0,1.0,3.0,4.0,5.0,3.0,1.0,1.0,1.0,5,1,7,1,6,5,7,1,7,6,1,1,0,1,1,0,0,1,0,1,1,0,1,1,1,1,4,2,2,1,67,1,4,1,60,1,2,3
10754,1.0,4.0,3.0,4.0,3.0,2.0,3.0,4.0,5.0,5.0,2.0,4.0,2.0,1.0,3.0,2.0,3.0,2.0,5.0,1.0,7,7,4,7,4,1,6,5,3,7,1,1,1,1,1,0,1,1,0,1,1,0,1,1,1,1,4,2,1,1,47,1,8,2,10,1,2,2
10755,2.0,2.0,4.0,4.0,1.0,4.0,3.0,1.0,5.0,5.0,5.0,2.0,1.0,5.0,3.0,3.0,4.0,4.0,4.0,1.0,7,2,6,2,6,1,6,4,6,1,1,1,1,1,1,1,1,1,0,1,0,1,1,1,1,1,3,2,2,1,59,1,4,1,60,2,3,4
10756,3.0,2.0,2.0,4.0,4.0,2.0,2.0,2.0,1.0,2.0,2.0,4.0,2.0,1.0,2.0,4.0,2.0,4.0,5.0,2.0,5,3,5,1,5,1,5,5,5,2,1,1,1,1,1,0,1,0,0,1,0,0,1,1,1,1,3,2,1,1,19,1,6,1,60,1,1,3
10757,4.0,1.0,5.0,5.0,1.0,5.0,5.0,1.0,5.0,5.0,4.0,1.0,1.0,4.0,1.0,5.0,5.0,2.0,5.0,1.0,6,5,7,5,6,1,7,1,2,1,1,1,1,1,1,1,0,0,0,1,0,1,1,1,1,1,3,2,2,1,46,1,9,1,60,1,2,3
10758,2.0,4.0,2.0,2.0,4.0,2.0,1.0,2.0,4.0,5.0,2.0,5.0,4.0,2.0,4.0,2.0,2.0,4.0,5.0,4.0,2,3,6,6,5,5,2,3,3,2,1,1,1,1,1,0,1,1,0,1,1,0,1,1,1,1,4,2,2,1,41,1,2,1,60,1,3,5
10759,4.0,4.0,1.0,3.0,5.0,1.0,1.0,5.0,4.0,4.0,1.0,2.0,5.0,3.0,3.0,1.0,1.0,4.0,5.0,3.0,4,5,6,5,5,1,5,4,5,6,1,1,1,1,1,0,1,1,0,1,1,1,1,1,1,1,4,2,1,1,48,1,6,1,10,1,2,1
10760,1.0,4.0,3.0,4.0,2.0,1.0,1.0,3.0,3.0,5.0,4.0,5.0,4.0,2.0,4.0,3.0,2.0,2.0,5.0,1.0,5,3,5,2,6,4,6,5,6,2,1,1,1,1,1,0,1,1,0,1,1,0,1,1,1,1,4,3,2,1,65,1,1,1,60,2,2,3
10761,1.0,1.0,5.0,5.0,2.0,5.0,2.0,1.0,5.0,5.0,2.0,2.0,1.0,4.0,1.0,5.0,4.0,4.0,5.0,1.0,7,1,5,1,7,2,7,5,4,2,1,1,0,1,1,1,0,1,0,1,0,0,0,1,1,1,3,1,2,1,31,1,1,1,60,1,1,1
10762,1.0,1.0,4.0,5.0,2.0,5.0,5.0,1.0,5.0,1.0,1.0,4.0,1.0,4.0,1.0,5.0,5.0,1.0,5.0,1.0,1,6,6,4,5,5,6,1,2,2,1,1,1,1,1,1,1,0,0,1,0,0,1,1,1,1,4,3,2,1,51,1,7,3,60,1,1,4
10763,1.0,5.0,1.0,1.0,5.0,1.0,1.0,5.0,5.0,1.0,1.0,5.0,1.0,1.0,5.0,1.0,1.0,5.0,5.0,5.0,2,6,7,5,3,5,3,5,5,3,1,1,0,1,1,1,0,0,0,1,0,0,1,1,1,1,3,1,1,1,40,1,7,1,60,1,1,3
10764,1.0,1.0,5.0,5.0,1.0,4.0,5.0,4.0,5.0,1.0,1.0,1.0,1.0,1.0,1.0,5.0,1.0,5.0,5.0,1.0,1,4,3,6,1,7,5,6,6,4,1,1,1,1,1,0,0,1,0,1,0,0,1,1,1,1,4,1,2,1,47,1,6,1,60,1,2,2
10765,4.0,4.0,2.0,1.0,5.0,1.0,1.0,5.0,5.0,1.0,1.0,5.0,2.0,1.0,5.0,1.0,1.0,5.0,5.0,5.0,3,6,7,5,7,5,3,2,4,1,1,1,1,1,1,0,0,1,0,1,0,0,1,1,1,1,4,2,1,1,45,3,0,1,0,2,2,0
10766,4.0,5.0,2.0,1.0,4.0,1.0,1.0,2.0,3.0,2.0,1.0,5.0,5.0,1.0,3.0,1.0,1.0,5.0,5.0,3.0,1,7,7,4,4,7,4,1,5,5,1,1,0,1,1,1,0,1,0,1,0,1,1,1,1,1,4,3,1,1,29,1,2,3,60,1,1,3
10767,3.0,4.0,3.0,4.0,3.0,4.0,1.0,1.0,1.0,2.0,2.0,1.0,2.0,3.0,3.0,1.0,4.0,4.0,5.0,4.0,6,6,2,6,5,5,6,6,4,3,1,1,1,1,1,0,0,0,1,1,0,0,1,1,1,1,2,3,1,1,19,1,2,1,10,2,1,2
10768,5.0,5.0,1.0,1.0,5.0,2.0,1.0,5.0,1.0,1.0,1.0,5.0,5.0,1.0,5.0,1.0,5.0,5.0,5.0,4.0,7,5,3,2,7,4,1,1,6,1,1,1,0,1,1,0,0,0,0,1,0,0,1,1,1,1,4,3,1,2,35,1,2,3,10,2,1,1
10769,4.0,4.0,2.0,2.0,3.0,2.0,2.0,4.0,1.0,1.0,1.0,5.0,4.0,2.0,4.0,1.0,2.0,4.0,5.0,4.0,2,1,5,7,4,3,3,6,4,2,1,1,0,1,1,0,0,1,0,1,0,1,1,1,1,1,2,3,2,1,18,3,1,2,60,2,1,3
10770,4.0,3.0,1.0,2.0,4.0,1.0,1.0,3.0,2.0,2.0,1.0,4.0,2.0,2.0,3.0,1.0,2.0,3.0,5.0,1.0,2,6,4,5,6,5,4,2,4,1,1,1,1,1,1,0,1,1,0,1,0,0,1,1,1,1,3,2,2,1,30,1,12,1,50,1,1,2
10771,5.0,5.0,4.0,1.0,3.0,3.0,5.0,4.0,4.0,5.0,1.0,5.0,4.0,1.0,1.0,4.0,5.0,5.0,1.0,4.0,2,6,7,5,7,6,5,3,6,1,1,1,0,1,1,0,0,0,0,1,0,0,0,1,1,1,2,1,1,2,22,1,10,1,20,2,1,3
10772,3.0,3.0,2.0,4.0,3.0,3.0,2.0,4.0,5.0,4.0,1.0,1.0,4.0,4.0,1.0,4.0,1.0,3.0,5.0,2.0,3,3,5,3,5,5,4,5,5,3,1,1,0,1,1,0,0,0,0,1,0,0,1,1,1,1,3,1,1,1,31,2,1,1,60,1,1,2
10773,1.0,2.0,2.0,4.0,4.0,4.0,3.0,2.0,5.0,5.0,3.0,2.0,1.0,3.0,4.0,5.0,4.0,2.0,3.0,1.0,4,3,2,7,4,5,6,5,3,1,1,1,1,1,1,0,0,0,0,1,0,0,1,1,1,1,4,2,2,1,26,1,12,3,60,1,2,3
10774,2.0,3.0,4.0,4.0,2.0,4.0,4.0,3.0,4.0,5.0,3.0,2.0,4.0,3.0,3.0,4.0,4.0,2.0,4.0,2.0,5,3,6,3,4,6,7,1,6,5,1,1,0,1,1,0,0,1,0,1,0,0,1,1,1,1,2,3,2,2,20,1,8,1,10,2,1,1
10775,4.0,4.0,3.0,3.0,5.0,2.0,3.0,3.0,1.0,1.0,4.0,5.0,4.0,1.0,4.0,2.0,4.0,4.0,5.0,4.0,3,5,6,4,6,5,6,3,6,1,1,1,1,1,1,0,1,1,0,1,1,1,1,1,1,1,3,3,2,2,33,2,2,1,60,1,3,2
10776,5.0,5.0,1.0,1.0,5.0,1.0,1.0,5.0,1.0,1.0,1.0,5.0,5.0,1.0,5.0,1.0,1.0,5.0,5.0,3.0,4,5,6,5,6,5,3,2,5,2,1,1,0,1,1,0,0,0,0,1,0,0,1,1,1,1,2,3,1,1,18,1,7,1,50,2,1,3
10777,3.0,2.0,4.0,4.0,4.0,2.0,2.0,2.0,5.0,2.0,1.0,4.0,4.0,3.0,2.0,4.0,2.0,4.0,5.0,3.0,5,1,7,2,5,5,7,2,2,3,1,1,0,1,1,0,0,0,0,1,0,0,1,1,1,1,4,2,2,1,47,1,7,1,60,1,2,3
10778,2.0,1.0,5.0,4.0,3.0,4.0,2.0,3.0,5.0,3.0,2.0,2.0,2.0,3.0,3.0,5.0,1.0,2.0,5.0,1.0,5,6,7,6,7,7,7,5,6,2,1,1,1,1,1,0,0,1,1,1,0,1,1,1,1,1,3,1,2,1,33,3,1,1,50,2,3,1
10779,1.0,3.0,1.0,4.0,4.0,1.0,1.0,4.0,3.0,2.0,2.0,4.0,2.0,2.0,3.0,4.0,1.0,5.0,5.0,4.0,6,6,7,2,3,5,6,1,6,6,1,1,0,1,1,0,0,1,0,1,0,0,1,1,1,1,3,2,1,1,37,1,2,1,60,1,2,2
10780,5.0,5.0,2.0,1.0,5.0,1.0,1.0,5.0,1.0,5.0,1.0,5.0,5.0,1.0,3.0,1.0,5.0,5.0,5.0,2.0,7,4,6,7,7,5,4,2,3,1,1,1,0,1,1,0,0,0,0,1,0,0,0,1,1,1,3,1,1,2,29,1,8,0,10,2,1,2
10781,2.0,1.0,5.0,3.0,4.0,2.0,3.0,4.0,5.0,3.0,1.0,4.0,1.0,1.0,5.0,2.0,5.0,4.0,4.0,1.0,2,5,7,7,4,3,4,3,1,3,1,1,1,1,1,0,0,0,0,1,0,0,0,1,1,1,2,1,1,1,34,2,7,1,60,1,2,2
10782,5.0,5.0,1.0,1.0,5.0,1.0,1.0,5.0,5.0,1.0,1.0,5.0,5.0,1.0,5.0,1.0,1.0,5.0,5.0,5.0,4,1,7,5,7,6,1,4,7,1,1,1,1,1,1,0,1,1,0,1,0,0,1,1,1,1,3,3,1,2,23,2,2,1,30,1,1,4
10783,5.0,5.0,2.0,4.0,5.0,4.0,5.0,5.0,5.0,5.0,4.0,5.0,1.0,3.0,3.0,5.0,1.0,4.0,5.0,5.0,6,5,6,7,6,1,2,1,3,5,1,0,0,1,1,0,0,0,0,1,0,0,0,0,0,1,4,1,2,2,30,1,8,2,10,2,2,4
10784,5.0,4.0,1.0,3.0,5.0,1.0,1.0,4.0,4.0,1.0,1.0,4.0,4.0,2.0,5.0,1.0,1.0,4.0,5.0,2.0,1,3,5,5,4,6,7,2,3,3,1,1,0,1,1,0,0,0,0,1,0,0,1,1,1,1,2,2,2,1,27,3,6,2,60,1,1,2
10785,2.0,4.0,1.0,1.0,4.0,1.0,1.0,3.0,1.0,1.0,1.0,5.0,5.0,1.0,5.0,1.0,1.0,5.0,5.0,3.0,3,1,7,1,6,5,3,1,7,1,1,1,1,1,1,0,0,0,0,1,0,0,1,1,1,1,3,2,2,1,33,1,1,1,10,1,1,1
10786,1.0,2.0,5.0,1.0,4.0,1.0,1.0,1.0,5.0,4.0,3.0,4.0,4.0,3.0,1.0,1.0,1.0,1.0,1.0,1.0,3,1,7,5,6,6,6,2,2,1,1,1,0,1,1,1,0,0,0,1,1,1,1,1,1,1,3,2,1,1,52,2,7,1,50,1,2,3
10787,5.0,5.0,5.0,5.0,5.0,5.0,2.0,1.0,5.0,5.0,1.0,3.0,1.0,3.0,3.0,2.0,3.0,5.0,2.0,3.0,4,2,6,6,5,6,6,2,6,2,0,0,0,0,1,0,0,1,1,1,0,1,0,1,1,1,4,3,2,2,24,1,8,2,10,1,1,2
10788,2.0,1.0,5.0,5.0,5.0,2.0,2.0,2.0,5.0,5.0,5.0,2.0,2.0,2.0,2.0,2.0,4.0,2.0,5.0,1.0,7,2,7,3,7,2,7,1,7,3,1,1,0,1,1,0,1,0,1,1,1,1,0,0,0,1,4,3,2,2,24,1,8,1,10,0,1,3
10789,5.0,4.0,1.0,1.0,4.0,3.0,1.0,4.0,4.0,2.0,1.0,4.0,2.0,3.0,4.0,1.0,2.0,2.0,5.0,1.0,5,2,6,2,7,3,4,3,6,2,1,1,1,1,1,0,0,1,0,1,0,0,1,1,1,1,2,3,2,2,24,1,1,2,70,2,1,3
10790,5.0,5.0,4.0,1.0,5.0,1.0,1.0,5.0,1.0,1.0,1.0,5.0,1.0,1.0,5.0,1.0,1.0,5.0,1.0,5.0,1,7,7,7,5,7,5,7,2,6,1,1,1,1,1,0,1,0,0,1,0,0,1,1,1,1,3,1,1,1,34,1,6,1,60,2,1,4
10791,5.0,4.0,4.0,4.0,4.0,4.0,2.0,5.0,1.0,4.0,3.0,2.0,3.0,4.0,4.0,4.0,4.0,3.0,5.0,1.0,6,6,6,6,6,2,3,6,6,1,1,1,0,1,1,0,0,0,0,1,0,0,0,1,1,1,3,3,1,2,20,1,8,1,10,2,1,2
10792,4.0,5.0,5.0,4.0,5.0,4.0,5.0,5.0,5.0,5.0,2.0,5.0,5.0,2.0,4.0,1.0,2.0,4.0,4.0,4.0,3,6,5,6,6,5,5,3,3,3,1,1,0,1,1,0,1,1,0,1,0,0,1,1,1,1,4,3,1,2,18,2,7,1,10,2,1,2
10793,3.0,5.0,1.0,4.0,4.0,1.0,1.0,4.0,2.0,4.0,2.0,4.0,4.0,3.0,4.0,1.0,5.0,4.0,5.0,4.0,3,6,5,5,7,6,5,6,6,1,1,1,1,1,1,0,1,1,0,1,1,0,0,1,1,1,4,2,2,1,51,1,6,1,60,1,2,1
10794,2.0,1.0,5.0,2.0,4.0,2.0,5.0,2.0,5.0,5.0,3.0,5.0,2.0,1.0,3.0,4.0,5.0,3.0,5.0,1.0,2,5,5,6,2,2,3,1,3,3,1,1,1,1,1,0,0,0,0,1,0,0,1,1,1,1,3,2,1,1,62,1,6,1,60,2,2,5
10795,1.0,4.0,4.0,1.0,4.0,4.0,3.0,1.0,5.0,4.0,2.0,4.0,2.0,2.0,1.0,4.0,1.0,2.0,5.0,1.0,6,5,6,7,7,5,7,3,1,2,0,1,0,1,0,0,0,0,0,1,0,0,0,1,1,1,3,2,2,2,28,1,4,1,60,2,1,4
10796,5.0,5.0,1.0,1.0,5.0,1.0,1.0,5.0,2.0,4.0,1.0,5.0,5.0,1.0,5.0,1.0,1.0,4.0,5.0,1.0,5,2,7,1,7,7,6,3,6,6,1,1,0,1,1,0,0,0,0,1,0,1,0,1,1,1,3,3,2,2,45,1,12,1,30,2,1,5
10797,5.0,5.0,1.0,5.0,5.0,1.0,1.0,5.0,1.0,1.0,1.0,5.0,5.0,1.0,5.0,5.0,3.0,5.0,5.0,5.0,4,6,6,6,6,7,7,5,6,2,1,1,0,1,1,0,0,0,0,1,0,0,1,1,1,1,3,3,1,2,43,1,12,3,20,2,1,1
10798,5.0,1.0,2.0,4.0,4.0,1.0,1.0,4.0,5.0,5.0,1.0,5.0,5.0,5.0,2.0,2.0,1.0,1.0,4.0,4.0,5,7,7,5,7,1,2,7,6,1,1,1,0,1,1,0,0,0,0,1,0,0,1,1,1,1,3,3,1,1,29,1,4,1,60,1,2,2
10799,3.0,4.0,1.0,1.0,5.0,1.0,1.0,5.0,5.0,2.0,1.0,4.0,4.0,1.0,3.0,2.0,2.0,4.0,5.0,1.0,5,6,6,6,7,3,7,6,2,1,1,1,0,1,1,0,0,0,1,1,0,0,0,1,1,1,4,3,2,2,34,1,10,1,20,2,3,3
10800,4.0,5.0,2.0,5.0,4.0,3.0,2.0,5.0,5.0,5.0,2.0,4.0,1.0,5.0,1.0,2.0,4.0,5.0,1.0,1.0,3,5,6,6,7,7,6,2,6,1,1,1,0,1,1,0,0,1,1,1,0,1,1,1,1,1,4,3,2,2,25,1,12,1,20,1,1,2
10801,2.0,2.0,2.0,3.0,4.0,1.0,1.0,3.0,4.0,5.0,1.0,2.0,2.0,1.0,3.0,5.0,3.0,3.0,5.0,1.0,6,5,7,4,7,3,7,2,6,2,1,1,0,1,1,0,0,0,0,1,1,0,0,1,1,1,3,3,1,1,22,1,2,2,30,1,1,6
10802,1.0,1.0,5.0,5.0,1.0,5.0,1.0,1.0,5.0,2.0,1.0,1.0,1.0,5.0,2.0,5.0,5.0,4.0,5.0,1.0,2,2,5,6,5,6,6,2,5,1,1,1,1,1,1,0,1,1,1,1,1,0,1,1,1,1,3,2,2,1,27,1,2,2,60,1,2,4
10803,3.0,1.0,4.0,4.0,2.0,4.0,2.0,2.0,5.0,2.0,1.0,4.0,4.0,1.0,3.0,1.0,1.0,2.0,5.0,1.0,5,5,3,2,7,2,7,6,4,1,1,1,0,1,1,0,0,0,0,1,0,0,1,1,1,1,4,1,2,1,52,1,9,1,60,1,3,2
10804,2.0,1.0,5.0,5.0,1.0,2.0,2.0,4.0,5.0,5.0,1.0,2.0,1.0,4.0,1.0,5.0,2.0,4.0,5.0,1.0,3,1,6,1,7,2,7,6,7,1,1,1,1,1,1,0,1,0,0,1,1,0,1,1,1,1,3,3,2,1,66,1,12,1,70,1,2,2
10805,4.0,3.0,4.0,3.0,4.0,1.0,2.0,4.0,2.0,2.0,2.0,4.0,2.0,1.0,4.0,1.0,2.0,4.0,5.0,3.0,7,4,7,6,5,1,6,1,3,5,0,1,0,1,0,0,0,1,0,1,0,1,1,1,1,1,3,3,2,2,20,1,7,1,60,1,1,2
10806,4.0,5.0,5.0,2.0,4.0,4.0,1.0,2.0,4.0,2.0,1.0,5.0,4.0,2.0,4.0,1.0,2.0,5.0,5.0,3.0,1,7,6,7,3,7,5,2,4,2,1,1,0,1,1,0,0,0,0,1,0,0,1,1,1,1,3,2,1,1,27,1,1,1,60,2,1,2
10807,4.0,4.0,1.0,2.0,4.0,2.0,1.0,4.0,3.0,1.0,1.0,5.0,5.0,1.0,4.0,1.0,1.0,4.0,5.0,2.0,5,6,4,1,5,3,3,3,6,4,1,1,1,1,1,0,1,1,0,1,1,0,1,1,1,1,4,2,1,1,36,1,1,1,60,1,1,3
10808,2.0,3.0,2.0,5.0,4.0,2.0,1.0,2.0,4.0,1.0,1.0,2.0,2.0,2.0,4.0,4.0,1.0,4.0,5.0,2.0,1,5,6,7,5,7,6,6,2,5,1,1,1,1,1,0,1,1,0,1,1,1,1,1,1,1,3,2,2,1,32,1,4,1,60,1,3,2
10809,3.0,3.0,4.0,3.0,2.0,3.0,2.0,5.0,5.0,3.0,1.0,2.0,2.0,1.0,4.0,1.0,1.0,3.0,3.0,2.0,3,4,5,5,2,5,5,6,4,2,1,1,0,1,1,0,0,0,0,1,0,0,0,1,1,1,1,2,2,1,16,1,12,5,60,2,1,3
10810,4.0,3.0,4.0,1.0,2.0,5.0,5.0,2.0,5.0,4.0,1.0,3.0,4.0,1.0,4.0,5.0,3.0,3.0,1.0,2.0,6,6,5,3,6,6,6,4,4,5,1,1,0,1,1,0,0,0,0,1,0,0,0,0,1,1,1,3,1,1,16,1,7,1,30,2,1,2
10811,1.0,2.0,4.0,5.0,5.0,4.0,2.0,2.0,5.0,4.0,2.0,1.0,1.0,2.0,4.0,5.0,4.0,4.0,5.0,1.0,6,2,7,1,6,2,6,1,7,2,1,1,0,1,1,0,0,0,0,1,1,1,0,1,1,1,3,3,2,1,26,1,4,2,60,1,1,3
10812,4.0,5.0,1.0,4.0,4.0,1.0,1.0,4.0,2.0,1.0,2.0,2.0,2.0,1.0,3.0,1.0,1.0,5.0,5.0,1.0,4,7,6,1,7,6,3,2,7,1,1,1,1,1,1,0,0,0,0,1,0,1,1,1,1,1,4,1,1,1,33,1,1,1,60,2,2,3
10813,2.0,2.0,2.0,4.0,3.0,2.0,2.0,2.0,2.0,2.0,2.0,2.0,4.0,2.0,4.0,2.0,4.0,1.0,5.0,1.0,3,5,6,2,7,5,6,2,4,1,1,1,1,1,1,0,1,1,0,1,1,0,1,1,1,1,4,2,1,1,46,3,2,1,60,1,2,2
10814,5.0,5.0,1.0,1.0,5.0,1.0,2.0,5.0,2.0,2.0,1.0,5.0,4.0,4.0,1.0,2.0,1.0,5.0,5.0,2.0,5,5,5,6,6,6,3,2,2,3,1,1,0,1,1,0,0,0,0,1,0,0,0,1,1,1,2,3,2,1,17,1,6,1,30,2,1,4
10815,5.0,2.0,2.0,3.0,5.0,2.0,1.0,4.0,3.0,2.0,1.0,5.0,3.0,2.0,4.0,1.0,1.0,5.0,5.0,1.0,2,5,6,5,3,6,2,6,6,6,1,1,0,1,1,0,0,0,0,0,0,0,1,1,1,1,2,3,1,1,20,1,7,1,30,2,1,2
10816,1.0,3.0,2.0,3.0,1.0,1.0,2.0,1.0,2.0,2.0,2.0,4.0,2.0,1.0,4.0,1.0,4.0,5.0,4.0,1.0,6,4,3,5,7,2,7,4,3,1,1,1,1,1,1,0,1,1,0,1,1,1,1,1,1,1,4,0,2,2,47,3,1,1,60,1,2,1
10817,2.0,4.0,2.0,4.0,4.0,1.0,2.0,1.0,5.0,5.0,2.0,1.0,1.0,4.0,4.0,1.0,4.0,4.0,5.0,1.0,1,3,4,3,7,6,7,7,4,3,1,1,1,1,1,0,1,1,0,1,1,0,1,1,1,1,3,2,1,1,32,1,2,2,60,1,1,2
10818,2.0,4.0,4.0,3.0,5.0,4.0,1.0,4.0,5.0,4.0,1.0,5.0,5.0,2.0,2.0,5.0,5.0,4.0,5.0,2.0,6,6,7,2,5,3,5,6,6,2,1,1,1,1,1,1,0,0,0,1,1,0,0,1,1,1,1,3,2,2,16,1,2,2,60,2,1,2
10819,5.0,4.0,2.0,4.0,5.0,2.0,2.0,2.0,5.0,3.0,2.0,4.0,3.0,4.0,4.0,5.0,5.0,4.0,4.0,1.0,7,4,6,3,7,1,6,5,7,1,0,0,0,0,0,0,0,0,0,0,0,0,0,0,0,1,2,1,2,1,28,1,7,1,60,1,1,2
10820,3.0,4.0,2.0,3.0,5.0,1.0,1.0,4.0,3.0,1.0,2.0,4.0,4.0,2.0,5.0,1.0,1.0,1.0,4.0,2.0,7,7,7,6,7,1,3,4,1,1,1,1,0,1,1,0,0,0,0,1,0,0,0,1,1,1,3,3,1,1,37,1,4,1,60,1,2,2
10821,1.0,4.0,2.0,4.0,4.0,1.0,1.0,2.0,3.0,2.0,2.0,2.0,2.0,2.0,4.0,2.0,2.0,1.0,5.0,1.0,6,2,5,4,5,3,6,5,6,2,1,1,1,1,1,0,0,0,0,1,0,0,1,1,1,1,3,2,2,1,35,1,4,1,60,2,1,4
10822,4.0,5.0,5.0,1.0,5.0,2.0,5.0,4.0,5.0,3.0,1.0,5.0,1.0,1.0,5.0,2.0,4.0,4.0,1.0,2.0,4,5,5,5,5,5,5,6,3,1,1,1,0,1,1,0,0,0,0,1,0,0,0,1,1,1,2,2,1,1,19,1,7,1,60,2,1,3
10823,5.0,5.0,1.0,1.0,5.0,2.0,2.0,1.0,5.0,5.0,1.0,5.0,4.0,1.0,1.0,2.0,5.0,5.0,5.0,2.0,5,7,7,7,7,6,5,1,1,1,1,1,1,1,1,0,1,1,1,1,0,0,1,1,1,1,4,2,1,1,55,1,7,3,0,2,1,0
10824,1.0,4.0,1.0,3.0,5.0,4.0,1.0,1.0,5.0,5.0,1.0,5.0,1.0,1.0,4.0,2.0,1.0,2.0,4.0,5.0,7,2,7,5,7,1,6,2,7,1,1,1,0,1,1,0,0,0,0,1,0,0,1,1,1,1,4,3,1,2,33,1,2,1,60,1,1,1
10825,5.0,4.0,5.0,3.0,3.0,5.0,5.0,4.0,5.0,5.0,2.0,5.0,1.0,3.0,4.0,5.0,2.0,4.0,5.0,3.0,6,7,5,5,7,2,6,1,5,1,1,1,0,1,1,1,0,1,0,1,0,1,0,1,1,1,3,3,2,2,39,1,7,1,60,2,3,2
10826,4.0,4.0,4.0,4.0,2.0,2.0,2.0,3.0,5.0,5.0,4.0,2.0,3.0,3.0,4.0,2.0,3.0,4.0,3.0,2.0,7,4,6,2,7,2,6,3,6,6,1,0,0,1,0,0,0,0,0,0,0,0,0,0,0,1,0,2,1,2,28,2,6,1,60,1,1,2
10827,2.0,4.0,4.0,2.0,3.0,4.0,2.0,2.0,5.0,4.0,3.0,2.0,2.0,3.0,3.0,2.0,2.0,3.0,5.0,1.0,3,6,4,5,5,6,6,3,3,2,1,0,0,1,0,0,0,0,0,1,0,0,0,0,1,1,2,3,2,2,19,1,2,1,60,2,1,1
10828,1.0,1.0,2.0,1.0,5.0,1.0,1.0,1.0,5.0,5.0,1.0,4.0,1.0,4.0,1.0,1.0,1.0,1.0,5.0,1.0,5,5,5,1,6,5,7,5,7,1,1,1,0,1,1,0,0,0,0,1,0,0,1,1,1,1,4,3,2,1,37,1,6,1,60,1,1,2
10829,5.0,5.0,1.0,2.0,5.0,1.0,5.0,4.0,2.0,1.0,1.0,5.0,3.0,1.0,5.0,1.0,2.0,5.0,2.0,4.0,1,7,6,6,5,5,3,2,1,6,1,1,1,1,1,0,0,1,0,1,1,0,1,1,1,1,3,3,1,2,22,3,4,3,60,2,1,2
10830,2.0,2.0,1.0,4.0,4.0,1.0,1.0,2.0,4.0,2.0,1.0,4.0,2.0,2.0,5.0,2.0,2.0,4.0,5.0,4.0,6,7,4,2,3,3,1,3,6,7,1,1,1,0,1,0,0,0,0,1,0,0,0,1,1,1,3,2,2,1,21,1,2,1,60,1,1,2
10831,1.0,1.0,5.0,5.0,4.0,5.0,5.0,1.0,5.0,5.0,1.0,5.0,1.0,4.0,1.0,5.0,1.0,1.0,5.0,1.0,6,5,1,4,7,7,7,7,4,1,1,1,0,1,1,0,0,0,0,1,0,0,0,1,1,1,2,2,2,1,39,1,12,1,60,1,1,2
10832,4.0,2.0,3.0,2.0,5.0,2.0,2.0,3.0,4.0,4.0,1.0,5.0,4.0,2.0,1.0,2.0,4.0,4.0,5.0,3.0,1,7,2,2,6,7,4,5,3,6,1,1,1,1,1,0,0,1,0,1,0,0,1,1,1,1,3,3,1,2,25,1,1,1,70,1,1,2
10833,1.0,1.0,1.0,3.0,1.0,4.0,3.0,1.0,5.0,2.0,3.0,1.0,1.0,3.0,1.0,3.0,5.0,5.0,3.0,1.0,5,1,6,3,5,4,7,1,7,4,1,1,1,1,1,0,0,0,0,1,0,0,1,1,1,1,3,0,2,1,36,1,7,1,30,1,2,2
10834,3.0,1.0,5.0,5.0,3.0,3.0,1.0,1.0,5.0,1.0,5.0,3.0,1.0,1.0,3.0,5.0,1.0,1.0,5.0,1.0,1,7,7,4,4,7,7,1,4,1,1,1,1,1,1,0,0,0,0,1,0,0,1,1,1,1,3,1,1,1,44,1,12,1,60,1,3,3
10835,3.0,5.0,4.0,1.0,4.0,2.0,2.0,3.0,5.0,3.0,2.0,5.0,1.0,1.0,4.0,2.0,3.0,4.0,5.0,1.0,6,7,6,4,7,5,7,3,3,1,1,1,0,1,0,0,0,1,0,1,0,0,0,1,1,1,3,3,2,2,27,1,1,1,60,2,1,2
10836,4.0,3.0,1.0,3.0,4.0,2.0,2.0,4.0,4.0,3.0,2.0,4.0,3.0,3.0,4.0,5.0,5.0,3.0,5.0,4.0,6,2,3,1,6,5,6,2,3,2,1,1,0,1,1,0,0,0,0,1,0,1,1,1,1,1,2,2,2,1,29,1,4,1,0,2,2,4
10837,3.0,4.0,4.0,4.0,2.0,2.0,1.0,3.0,5.0,2.0,1.0,3.0,3.0,3.0,4.0,4.0,1.0,4.0,5.0,1.0,3,1,6,2,6,4,6,2,7,4,1,1,1,1,1,0,0,1,0,1,0,0,1,1,1,1,4,2,2,1,46,1,12,1,60,1,2,2
10838,3.0,5.0,1.0,4.0,4.0,3.0,2.0,5.0,5.0,5.0,1.0,5.0,5.0,1.0,1.0,4.0,1.0,4.0,4.0,3.0,7,6,3,5,6,5,7,5,7,1,1,1,1,1,1,0,0,0,0,1,1,0,0,1,1,1,3,2,2,2,21,2,7,1,60,1,1,2
10839,2.0,1.0,4.0,4.0,4.0,3.0,3.0,3.0,4.0,3.0,1.0,4.0,1.0,3.0,4.0,1.0,3.0,4.0,5.0,1.0,7,7,6,3,7,1,5,4,4,1,1,1,1,1,1,0,1,0,0,1,0,0,1,1,1,1,3,3,2,1,20,1,1,1,60,1,1,2
10840,2.0,5.0,3.0,1.0,4.0,2.0,3.0,2.0,2.0,5.0,4.0,4.0,5.0,1.0,3.0,5.0,2.0,3.0,5.0,1.0,7,4,4,1,6,2,6,3,3,2,1,0,0,1,0,0,0,1,0,1,0,0,0,0,1,1,3,3,2,2,33,1,4,1,60,2,1,2
10841,3.0,3.0,2.0,5.0,3.0,2.0,1.0,4.0,5.0,3.0,2.0,4.0,2.0,1.0,4.0,1.0,1.0,2.0,5.0,1.0,7,3,7,1,7,1,7,2,6,1,1,1,1,1,1,0,1,1,0,1,1,0,1,1,1,1,3,3,1,1,63,1,7,1,60,2,2,5
10842,4.0,5.0,2.0,3.0,3.0,1.0,1.0,5.0,1.0,1.0,1.0,4.0,2.0,1.0,5.0,5.0,1.0,5.0,5.0,1.0,2,7,5,5,7,3,4,6,7,7,1,1,0,1,1,0,0,0,0,1,0,0,1,1,1,1,2,1,1,1,22,1,1,1,60,1,1,2
10843,1.0,1.0,3.0,5.0,1.0,3.0,2.0,1.0,5.0,5.0,4.0,1.0,1.0,4.0,3.0,5.0,4.0,1.0,3.0,1.0,4,2,6,4,6,4,7,5,7,6,1,1,1,1,1,0,0,0,0,1,0,0,1,1,1,1,3,2,2,1,52,1,6,1,60,1,2,6
10844,4.0,2.0,4.0,2.0,1.0,2.0,2.0,3.0,5.0,2.0,1.0,4.0,4.0,2.0,4.0,2.0,2.0,2.0,5.0,3.0,2,6,6,1,6,6,4,1,7,1,1,1,0,1,1,0,0,0,0,1,0,0,0,1,1,1,3,3,1,1,34,1,7,1,50,1,2,2
10845,1.0,4.0,2.0,3.0,4.0,1.0,1.0,4.0,4.0,2.0,2.0,3.0,2.0,2.0,4.0,2.0,2.0,2.0,5.0,3.0,1,5,3,6,4,6,5,6,3,2,1,1,1,1,1,1,0,1,0,1,0,0,1,1,1,1,3,1,2,1,33,1,2,2,60,1,1,2
10846,1.0,4.0,2.0,5.0,2.0,5.0,5.0,3.0,5.0,5.0,2.0,1.0,2.0,2.0,4.0,5.0,5.0,4.0,5.0,3.0,7,1,7,2,7,2,7,4,6,3,1,1,1,1,1,1,0,1,0,1,1,1,1,1,1,1,4,0,2,1,47,2,7,1,60,1,3,2
10847,2.0,4.0,2.0,4.0,2.0,2.0,1.0,4.0,4.0,2.0,2.0,5.0,2.0,4.0,4.0,1.0,2.0,4.0,5.0,1.0,1,5,5,2,6,5,4,5,5,2,1,1,0,1,1,1,1,0,0,1,0,1,1,1,1,1,4,2,2,1,54,1,12,3,60,1,2,2
10848,1.0,1.0,2.0,5.0,1.0,2.0,2.0,1.0,5.0,5.0,2.0,1.0,1.0,4.0,1.0,5.0,1.0,1.0,3.0,1.0,6,2,7,2,7,3,7,3,5,1,1,1,1,1,1,0,0,0,0,1,0,1,1,1,1,1,3,2,2,1,44,1,12,1,70,2,2,3
10849,5.0,1.0,3.0,4.0,4.0,2.0,1.0,5.0,4.0,5.0,1.0,1.0,5.0,1.0,5.0,3.0,1.0,4.0,4.0,3.0,7,5,6,5,6,4,4,4,4,1,1,1,0,1,1,0,0,0,0,1,0,0,1,1,1,1,3,3,1,1,24,2,7,1,30,1,1,3
10850,4.0,3.0,1.0,5.0,5.0,1.0,2.0,2.0,2.0,5.0,1.0,5.0,2.0,2.0,4.0,1.0,2.0,3.0,5.0,4.0,2,6,6,5,6,7,5,5,7,1,1,1,0,1,1,0,0,0,0,1,0,1,1,1,1,1,3,2,1,1,42,1,6,1,60,1,2,1
10851,4.0,4.0,3.0,4.0,2.0,1.0,2.0,2.0,5.0,2.0,1.0,3.0,2.0,1.0,4.0,4.0,2.0,3.0,5.0,1.0,2,5,3,7,5,7,5,2,5,2,1,1,1,1,1,0,0,0,0,1,0,1,1,1,1,1,2,1,2,1,20,2,1,1,60,1,1,3
10852,2.0,3.0,4.0,3.0,3.0,3.0,2.0,2.0,5.0,4.0,2.0,1.0,4.0,2.0,3.0,2.0,1.0,2.0,5.0,2.0,2,5,6,5,6,3,4,4,3,2,1,1,1,1,1,0,0,0,0,1,0,0,1,1,1,1,4,1,2,1,37,1,12,1,60,1,2,4
10853,2.0,4.0,5.0,4.0,2.0,2.0,1.0,2.0,5.0,4.0,1.0,4.0,4.0,3.0,4.0,1.0,2.0,2.0,4.0,1.0,5,2,1,4,6,3,4,2,1,2,1,1,0,1,1,0,0,0,0,1,1,1,0,1,1,1,3,3,1,1,41,2,4,1,70,1,2,3
10854,1.0,1.0,3.0,2.0,3.0,5.0,3.0,2.0,5.0,5.0,1.0,3.0,1.0,3.0,2.0,4.0,4.0,5.0,5.0,3.0,4,1,7,1,7,4,7,4,7,1,1,1,0,1,1,0,0,0,0,1,0,0,0,1,1,1,3,3,2,1,57,1,6,1,60,1,2,3
10855,1.0,3.0,3.0,4.0,2.0,4.0,4.0,2.0,3.0,4.0,3.0,2.0,2.0,3.0,4.0,4.0,2.0,4.0,4.0,1.0,6,2,4,2,6,2,6,5,6,3,1,1,0,1,1,0,0,1,0,1,0,0,1,1,1,1,4,3,1,2,31,1,2,1,60,1,1,2
10856,1.0,1.0,5.0,1.0,5.0,5.0,5.0,4.0,5.0,5.0,1.0,5.0,4.0,1.0,1.0,1.0,1.0,1.0,5.0,4.0,7,5,7,4,7,1,6,5,4,1,1,1,1,1,1,1,1,1,1,1,1,1,1,1,1,1,3,3,2,1,48,1,6,1,60,2,2,1
10857,2.0,5.0,3.0,5.0,2.0,1.0,2.0,4.0,5.0,2.0,1.0,5.0,1.0,1.0,2.0,5.0,5.0,4.0,5.0,2.0,3,3,6,4,5,6,7,1,7,7,1,1,0,1,1,0,0,0,0,1,0,0,0,1,1,1,2,2,2,1,56,1,7,1,60,1,2,1
10858,5.0,4.0,3.0,1.0,4.0,3.0,1.0,4.0,4.0,2.0,1.0,5.0,2.0,2.0,3.0,1.0,4.0,4.0,4.0,5.0,5,4,5,2,5,3,6,5,3,3,1,1,0,1,1,0,0,0,0,1,0,0,0,0,1,1,2,3,2,1,18,1,8,1,10,2,1,2
10859,2.0,3.0,2.0,3.0,5.0,1.0,1.0,2.0,2.0,3.0,1.0,4.0,4.0,2.0,5.0,1.0,3.0,4.0,5.0,1.0,1,7,2,7,2,2,5,6,1,2,1,1,1,1,1,0,0,0,0,1,0,0,1,1,1,1,2,2,2,1,28,1,9,5,60,1,1,3
10860,1.0,2.0,1.0,2.0,3.0,4.0,2.0,3.0,4.0,4.0,2.0,3.0,4.0,1.0,4.0,3.0,1.0,2.0,4.0,4.0,5,5,7,3,7,4,6,5,6,1,1,1,0,1,1,0,0,0,0,1,0,0,1,1,1,1,3,2,1,1,37,1,6,1,60,1,2,1
10861,4.0,5.0,5.0,1.0,5.0,5.0,5.0,1.0,5.0,1.0,1.0,3.0,1.0,1.0,5.0,3.0,1.0,3.0,5.0,1.0,1,6,7,6,7,7,7,1,2,1,1,1,1,1,1,0,0,1,0,1,0,0,1,1,1,1,1,1,1,1,23,2,7,1,60,2,1,5
10862,4.0,1.0,2.0,3.0,3.0,1.0,1.0,4.0,3.0,3.0,1.0,4.0,4.0,1.0,4.0,2.0,3.0,4.0,5.0,1.0,2,7,6,4,7,3,2,5,3,7,1,1,1,1,1,1,0,0,1,1,1,0,1,1,1,1,3,1,1,1,39,1,12,1,60,1,2,2
10863,2.0,1.0,4.0,3.0,2.0,5.0,4.0,1.0,5.0,4.0,2.0,2.0,1.0,3.0,2.0,3.0,5.0,2.0,5.0,1.0,3,1,6,4,6,6,5,3,6,3,1,1,1,1,1,0,1,1,0,1,1,0,1,1,1,1,4,2,1,1,65,1,2,1,60,1,1,3
10864,4.0,3.0,3.0,1.0,2.0,1.0,2.0,4.0,5.0,1.0,2.0,5.0,4.0,2.0,5.0,1.0,1.0,2.0,5.0,2.0,3,2,6,2,6,5,7,1,4,2,1,1,1,1,1,0,1,0,0,1,1,0,1,1,1,1,3,1,1,1,21,1,7,1,60,1,1,5
10865,5.0,2.0,2.0,4.0,5.0,1.0,1.0,5.0,2.0,3.0,2.0,4.0,5.0,2.0,5.0,1.0,2.0,4.0,5.0,1.0,2,6,3,6,6,6,6,6,6,2,1,1,0,1,1,0,0,0,0,1,0,0,1,1,1,1,3,2,1,1,25,1,7,1,60,2,2,9
10866,1.0,1.0,1.0,5.0,1.0,5.0,5.0,1.0,5.0,4.0,1.0,4.0,1.0,1.0,1.0,5.0,1.0,4.0,5.0,4.0,7,5,2,6,6,4,7,1,4,1,1,1,0,1,1,0,0,0,0,1,0,0,0,1,1,1,3,2,2,1,57,1,4,2,70,1,1,6
10867,1.0,1.0,1.0,4.0,1.0,4.0,4.0,4.0,5.0,4.0,2.0,1.0,1.0,3.0,4.0,5.0,2.0,2.0,4.0,1.0,2,2,6,2,5,6,6,2,6,4,1,1,0,1,1,0,0,0,0,1,0,0,1,1,1,1,3,2,1,1,40,1,5,1,60,1,2,1
10868,1.0,2.0,5.0,1.0,5.0,4.0,5.0,1.0,5.0,5.0,4.0,5.0,5.0,1.0,1.0,3.0,1.0,1.0,4.0,1.0,6,1,2,7,7,2,6,7,5,1,1,1,0,1,1,0,0,0,0,1,0,0,1,1,1,1,2,3,1,1,31,1,6,1,60,2,3,3
10869,3.0,3.0,1.0,3.0,4.0,2.0,1.0,5.0,4.0,4.0,1.0,4.0,1.0,1.0,4.0,1.0,4.0,5.0,5.0,1.0,5,7,7,7,7,1,5,1,3,1,1,1,0,1,1,0,0,0,0,1,0,0,1,1,1,1,4,2,2,2,31,1,9,3,60,1,2,2
10870,2.0,3.0,3.0,3.0,3.0,3.0,2.0,4.0,2.0,3.0,2.0,4.0,4.0,2.0,2.0,2.0,2.0,4.0,5.0,4.0,3,2,6,2,6,4,4,2,6,4,1,1,1,1,1,0,0,0,0,1,0,0,1,1,1,1,3,3,2,1,45,1,4,1,60,1,1,4
10871,1.0,1.0,4.0,5.0,4.0,4.0,2.0,1.0,5.0,5.0,1.0,4.0,1.0,2.0,1.0,1.0,2.0,1.0,4.0,1.0,3,5,6,5,6,5,6,2,5,3,1,1,0,1,1,0,0,0,0,1,0,0,1,1,1,1,3,3,2,1,43,1,6,1,60,2,3,3
10872,4.0,4.0,2.0,2.0,4.0,2.0,1.0,5.0,2.0,3.0,3.0,4.0,1.0,2.0,4.0,3.0,1.0,4.0,5.0,1.0,3,7,4,5,7,3,4,5,3,1,1,1,1,1,1,0,1,1,0,1,0,0,1,1,1,1,3,2,1,2,29,1,2,1,10,1,1,2
10873,3.0,4.0,2.0,4.0,4.0,4.0,2.0,4.0,5.0,3.0,1.0,4.0,3.0,3.0,4.0,3.0,3.0,4.0,5.0,3.0,1,6,7,5,6,6,7,3,6,1,1,1,1,1,1,0,0,0,1,1,0,1,1,1,1,1,4,3,2,1,30,1,7,1,60,1,1,1
10874,1.0,2.0,4.0,3.0,2.0,4.0,2.0,4.0,5.0,4.0,2.0,4.0,2.0,2.0,2.0,4.0,2.0,2.0,5.0,1.0,6,5,7,2,6,3,5,3,6,2,1,1,1,1,1,0,0,1,0,1,1,0,0,1,1,1,3,2,2,1,46,1,1,1,60,1,2,2
10875,1.0,2.0,3.0,4.0,4.0,1.0,1.0,2.0,5.0,4.0,1.0,1.0,1.0,3.0,5.0,2.0,2.0,4.0,5.0,1.0,2,1,6,2,7,6,7,2,5,2,1,1,1,1,1,0,1,1,0,1,0,0,1,1,1,1,3,3,2,1,43,1,12,3,60,1,3,2
10876,1.0,1.0,3.0,2.0,2.0,5.0,4.0,2.0,2.0,5.0,1.0,5.0,1.0,1.0,1.0,2.0,5.0,1.0,5.0,2.0,2,7,7,2,7,5,6,1,6,1,1,1,0,1,1,0,0,0,0,1,0,0,1,1,1,1,4,3,2,1,54,1,1,1,60,1,1,3
10877,4.0,4.0,4.0,1.0,5.0,2.0,1.0,2.0,5.0,2.0,2.0,2.0,1.0,3.0,5.0,1.0,1.0,1.0,5.0,1.0,6,4,7,1,7,1,3,5,5,2,1,1,1,1,1,0,0,1,0,1,0,0,0,1,1,1,2,1,2,1,40,2,2,1,60,1,2,4
10878,5.0,5.0,1.0,1.0,5.0,1.0,1.0,5.0,1.0,1.0,1.0,5.0,5.0,1.0,5.0,1.0,1.0,5.0,5.0,5.0,7,7,7,1,5,1,2,5,2,1,1,1,1,1,1,1,1,1,1,1,0,1,1,1,1,1,3,3,2,1,46,1,1,1,60,1,2,2
10879,1.0,1.0,3.0,4.0,1.0,5.0,5.0,2.0,5.0,5.0,2.0,4.0,1.0,1.0,3.0,5.0,3.0,1.0,1.0,2.0,6,2,6,1,7,5,7,1,6,5,1,1,0,1,1,1,1,0,0,1,0,0,0,0,1,1,4,3,2,1,42,1,7,1,30,1,3,2
10880,1.0,1.0,5.0,5.0,2.0,4.0,5.0,2.0,5.0,4.0,2.0,2.0,1.0,2.0,4.0,4.0,1.0,1.0,1.0,1.0,5,1,7,1,7,6,7,1,7,2,1,1,1,1,1,0,1,0,0,1,0,0,1,1,1,1,4,3,2,1,67,1,4,3,60,1,1,3
10881,1.0,4.0,4.0,5.0,1.0,4.0,4.0,2.0,5.0,5.0,2.0,1.0,1.0,4.0,4.0,4.0,2.0,1.0,3.0,3.0,7,6,7,4,6,1,1,1,6,6,1,1,0,1,1,0,0,0,0,1,0,0,1,1,1,1,4,1,1,1,52,1,5,1,60,1,2,4
10882,4.0,5.0,3.0,4.0,5.0,3.0,3.0,4.0,5.0,4.0,1.0,5.0,1.0,1.0,5.0,1.0,1.0,4.0,5.0,5.0,1,5,6,7,6,5,7,1,2,5,1,1,0,0,0,0,0,0,0,1,0,0,0,0,1,1,3,3,1,2,25,1,2,3,10,2,1,3
10883,5.0,4.0,4.0,2.0,4.0,1.0,1.0,4.0,2.0,2.0,2.0,5.0,5.0,2.0,5.0,4.0,2.0,5.0,5.0,3.0,2,6,2,6,2,6,2,5,4,2,1,1,0,1,1,0,1,0,0,1,0,0,1,1,1,1,3,2,1,1,25,1,4,1,60,1,1,3
10884,5.0,5.0,1.0,2.0,5.0,1.0,1.0,5.0,1.0,1.0,1.0,5.0,5.0,1.0,5.0,1.0,1.0,5.0,5.0,5.0,5,6,6,5,5,5,3,6,2,6,1,1,1,1,1,1,1,1,1,1,0,1,1,1,1,1,3,2,1,1,20,1,1,1,60,1,1,3
10885,2.0,1.0,2.0,3.0,3.0,2.0,2.0,4.0,4.0,4.0,1.0,1.0,2.0,3.0,2.0,4.0,2.0,2.0,5.0,1.0,6,5,4,3,7,3,4,3,5,3,1,1,1,1,1,0,1,0,0,1,0,0,1,1,1,1,3,2,2,1,31,2,12,2,60,1,1,3
10886,2.0,2.0,2.0,4.0,4.0,1.0,1.0,4.0,2.0,3.0,2.0,5.0,4.0,2.0,5.0,3.0,1.0,4.0,4.0,1.0,3,2,5,5,6,5,7,1,6,2,1,1,1,1,1,0,0,1,0,1,1,0,1,1,1,1,4,2,2,1,40,1,1,1,60,1,2,2
10887,1.0,2.0,3.0,3.0,2.0,2.0,2.0,4.0,5.0,4.0,3.0,4.0,1.0,4.0,2.0,4.0,5.0,3.0,5.0,1.0,6,6,7,5,5,6,6,2,6,2,1,1,1,1,1,0,1,1,0,1,0,0,0,1,1,1,3,3,2,1,22,1,8,1,70,2,0,4
10888,5.0,4.0,2.0,2.0,5.0,1.0,1.0,5.0,3.0,2.0,1.0,4.0,5.0,1.0,1.0,1.0,1.0,4.0,5.0,3.0,6,4,6,2,7,2,1,5,2,2,1,0,0,1,1,0,0,0,0,1,0,0,0,1,1,1,3,1,1,1,18,1,2,1,60,1,1,5
10889,5.0,5.0,3.0,1.0,4.0,2.0,3.0,5.0,2.0,2.0,1.0,4.0,4.0,1.0,5.0,2.0,3.0,5.0,5.0,1.0,1,6,5,6,5,7,5,1,7,1,0,1,1,1,1,1,1,1,1,1,1,1,1,1,1,1,2,3,2,2,19,1,7,1,60,1,1,1
10890,2.0,1.0,4.0,5.0,2.0,5.0,5.0,2.0,5.0,5.0,3.0,4.0,1.0,5.0,1.0,2.0,3.0,1.0,4.0,1.0,6,2,7,2,6,6,7,1,6,2,1,1,1,1,1,0,1,1,0,1,0,0,1,1,1,1,4,3,2,2,30,1,8,1,10,1,1,2
10891,1.0,2.0,5.0,5.0,2.0,4.0,5.0,1.0,5.0,5.0,2.0,1.0,1.0,3.0,2.0,4.0,2.0,1.0,3.0,1.0,5,3,3,3,6,6,6,5,4,4,1,1,1,1,1,0,1,1,0,1,0,0,1,1,1,1,4,2,2,1,52,1,4,1,60,2,2,1
10892,1.0,4.0,1.0,4.0,2.0,1.0,1.0,4.0,3.0,2.0,1.0,1.0,1.0,2.0,3.0,1.0,1.0,2.0,5.0,1.0,6,6,2,3,7,4,4,5,7,1,1,1,1,1,1,0,1,0,0,1,1,0,1,1,1,1,3,2,2,1,21,1,2,2,10,1,1,2
10893,5.0,2.0,2.0,1.0,4.0,4.0,2.0,4.0,5.0,5.0,1.0,2.0,1.0,1.0,4.0,1.0,3.0,4.0,5.0,3.0,3,2,5,5,5,6,6,4,6,5,1,1,0,1,1,0,0,0,0,1,0,0,0,1,1,1,3,3,2,2,21,1,8,1,10,2,1,3
10894,5.0,5.0,2.0,3.0,3.0,2.0,1.0,4.0,2.0,2.0,2.0,5.0,5.0,3.0,2.0,4.0,3.0,3.0,5.0,1.0,2,5,1,3,6,7,5,4,7,1,1,1,1,1,1,1,0,1,1,1,1,1,1,1,1,1,2,2,1,1,19,2,2,1,60,1,1,3
10895,4.0,5.0,4.0,4.0,5.0,3.0,2.0,4.0,5.0,5.0,1.0,5.0,5.0,3.0,4.0,4.0,5.0,1.0,5.0,1.0,1,2,6,2,5,7,6,6,7,5,1,1,0,1,1,0,0,0,0,1,0,0,0,1,1,1,2,2,3,1,18,3,12,1,60,2,1,4
10896,1.0,3.0,5.0,3.0,4.0,5.0,5.0,4.0,5.0,5.0,1.0,3.0,5.0,2.0,2.0,2.0,2.0,4.0,5.0,1.0,7,5,7,3,7,4,6,2,6,1,1,1,0,1,1,0,0,0,0,1,0,0,1,0,1,1,1,2,1,1,16,1,7,1,30,2,1,3
10897,5.0,1.0,3.0,1.0,4.0,5.0,5.0,5.0,3.0,2.0,1.0,3.0,3.0,1.0,4.0,1.0,1.0,4.0,3.0,5.0,6,4,7,7,5,7,7,2,3,3,1,1,1,1,1,0,0,0,0,1,0,1,1,1,1,1,1,2,2,1,16,1,4,1,60,2,1,1
10898,4.0,4.0,3.0,3.0,5.0,2.0,5.0,3.0,3.0,5.0,1.0,5.0,4.0,4.0,4.0,2.0,4.0,3.0,5.0,1.0,2,7,3,6,6,6,5,7,4,3,1,1,0,1,1,0,0,0,0,1,0,0,1,1,1,1,3,2,2,2,21,1,8,2,10,2,1,2
10899,5.0,5.0,3.0,1.0,5.0,1.0,4.0,5.0,4.0,1.0,1.0,5.0,5.0,1.0,1.0,1.0,1.0,5.0,5.0,5.0,2,1,6,1,7,6,5,7,4,1,0,0,0,0,0,0,0,0,0,0,0,0,0,1,0,0,3,3,1,2,19,1,2,1,60,1,1,2
10900,3.0,5.0,2.0,1.0,5.0,2.0,1.0,5.0,2.0,1.0,1.0,4.0,5.0,1.0,4.0,1.0,1.0,5.0,5.0,5.0,4,7,5,1,7,4,7,5,7,4,1,0,0,1,0,0,0,0,0,1,0,0,0,0,1,1,3,2,1,2,30,1,2,1,60,1,1,2
10901,2.0,3.0,4.0,2.0,2.0,1.0,2.0,4.0,5.0,2.0,2.0,3.0,1.0,2.0,3.0,2.0,2.0,3.0,5.0,1.0,3,4,3,6,5,5,6,4,3,5,1,1,0,1,1,0,0,0,0,1,0,0,1,1,1,1,3,3,2,2,31,1,4,1,60,2,2,2
10902,2.0,1.0,4.0,4.0,2.0,5.0,5.0,1.0,5.0,5.0,4.0,4.0,3.0,3.0,1.0,5.0,4.0,2.0,4.0,1.0,6,5,5,2,6,2,4,3,5,2,1,1,0,1,1,0,0,0,0,1,0,0,0,0,1,1,2,1,2,1,27,2,7,1,60,1,1,3
10903,2.0,1.0,4.0,4.0,4.0,4.0,2.0,3.0,5.0,4.0,3.0,2.0,1.0,2.0,1.0,3.0,3.0,3.0,3.0,4.0,4,6,5,3,4,3,2,2,4,1,1,1,0,1,1,0,0,0,1,1,0,0,0,1,1,1,1,3,2,1,13,1,5,1,30,2,1,3
10904,4.0,4.0,2.0,3.0,1.0,2.0,2.0,2.0,4.0,4.0,2.0,2.0,1.0,2.0,4.0,1.0,1.0,2.0,4.0,1.0,3,1,7,3,3,5,7,1,6,5,1,1,1,1,1,0,1,0,0,1,0,0,1,1,1,1,4,2,2,1,31,1,6,1,60,1,2,2
10905,1.0,4.0,4.0,4.0,1.0,4.0,1.0,1.0,5.0,3.0,1.0,4.0,3.0,4.0,2.0,2.0,2.0,1.0,5.0,1.0,1,5,6,1,7,7,7,5,7,2,1,1,1,1,1,0,0,0,0,1,0,0,1,1,1,1,3,1,2,1,29,1,1,1,60,1,1,2
10906,4.0,5.0,2.0,3.0,5.0,1.0,1.0,4.0,4.0,5.0,1.0,4.0,3.0,1.0,4.0,3.0,2.0,5.0,5.0,5.0,5,4,3,2,6,2,6,5,1,1,0,1,0,1,0,0,0,1,1,0,0,0,1,1,0,0,2,2,1,2,21,1,2,0,10,1,1,2
10907,5.0,5.0,1.0,4.0,5.0,2.0,5.0,4.0,2.0,2.0,1.0,5.0,2.0,3.0,5.0,4.0,3.0,5.0,2.0,5.0,7,4,4,7,4,1,6,5,6,5,1,1,0,1,1,0,0,0,0,1,0,0,0,1,1,1,3,3,1,2,23,1,4,1,60,1,1,3
10908,5.0,1.0,1.0,1.0,5.0,1.0,5.0,5.0,1.0,1.0,1.0,5.0,5.0,1.0,1.0,1.0,1.0,5.0,5.0,5.0,7,7,7,4,7,1,4,1,4,1,1,1,0,1,1,0,0,1,0,1,0,0,0,0,1,1,3,3,1,2,34,1,10,1,10,1,2,10
10909,5.0,5.0,1.0,1.0,1.0,1.0,1.0,2.0,1.0,1.0,1.0,5.0,2.0,1.0,2.0,1.0,5.0,1.0,2.0,3.0,7,5,3,3,6,2,2,7,4,1,1,1,0,1,1,0,0,0,0,1,0,0,0,0,1,1,3,2,1,2,25,1,7,4,30,2,3,4
10910,4.0,4.0,4.0,4.0,2.0,1.0,1.0,3.0,5.0,2.0,2.0,4.0,2.0,2.0,4.0,4.0,1.0,4.0,4.0,4.0,6,2,6,4,7,2,6,2,6,2,1,1,1,1,1,0,1,1,0,1,1,1,1,1,1,1,4,3,1,1,70,1,4,1,60,1,2,5
10911,2.0,2.0,2.0,2.0,4.0,1.0,1.0,4.0,5.0,4.0,1.0,4.0,4.0,4.0,1.0,2.0,1.0,2.0,1.0,1.0,1,1,6,3,7,7,7,2,7,2,1,1,0,1,1,0,0,0,0,1,0,0,0,1,1,1,2,3,2,1,42,1,6,1,60,1,2,6
10912,2.0,4.0,2.0,3.0,1.0,2.0,1.0,4.0,4.0,4.0,3.0,4.0,2.0,3.0,4.0,1.0,1.0,4.0,5.0,2.0,6,4,6,2,6,2,5,5,6,5,1,1,0,1,1,0,0,0,0,1,0,0,1,1,1,1,3,1,1,1,25,1,6,1,60,1,1,2
10913,1.0,1.0,4.0,5.0,1.0,5.0,5.0,1.0,5.0,5.0,5.0,1.0,3.0,3.0,1.0,2.0,1.0,1.0,3.0,3.0,2,5,6,6,6,5,4,4,3,4,1,1,0,1,1,0,1,0,0,1,0,0,1,1,1,1,3,2,2,1,59,1,6,1,60,1,2,6
10914,2.0,4.0,2.0,2.0,2.0,2.0,2.0,3.0,2.0,2.0,2.0,2.0,2.0,3.0,5.0,2.0,4.0,4.0,4.0,2.0,6,4,6,1,5,2,3,3,6,3,1,1,0,1,1,1,0,0,0,1,0,0,1,1,1,1,1,2,3,1,15,1,4,4,40,2,1,4
10915,3.0,1.0,1.0,1.0,5.0,2.0,1.0,2.0,5.0,5.0,1.0,5.0,5.0,3.0,3.0,1.0,1.0,1.0,5.0,1.0,0,0,0,0,0,0,0,0,0,0,1,1,0,1,1,0,1,0,0,1,0,0,1,1,1,1,4,3,2,1,58,2,7,1,30,1,2,3
10916,5.0,5.0,1.0,1.0,5.0,1.0,1.0,5.0,1.0,1.0,1.0,5.0,5.0,1.0,5.0,5.0,1.0,5.0,5.0,5.0,3,5,5,4,7,4,4,4,4,7,1,1,0,1,1,0,0,0,1,1,0,1,1,1,1,1,1,3,1,1,15,1,2,1,10,2,1,2
10917,3.0,2.0,4.0,2.0,4.0,2.0,2.0,4.0,3.0,2.0,2.0,5.0,4.0,2.0,2.0,3.0,3.0,4.0,5.0,1.0,3,2,7,6,7,6,5,2,3,2,1,1,0,1,1,0,0,0,0,1,0,0,1,1,1,1,2,3,1,1,21,1,6,1,60,1,1,3
10918,3.0,2.0,3.0,4.0,4.0,2.0,3.0,2.0,5.0,5.0,2.0,3.0,2.0,3.0,2.0,5.0,4.0,2.0,4.0,3.0,7,2,7,3,6,6,5,1,7,4,1,1,0,1,1,0,0,0,0,1,0,0,1,1,1,1,3,3,1,1,52,2,7,1,30,2,1,2
10919,4.0,5.0,1.0,2.0,4.0,1.0,2.0,1.0,4.0,2.0,1.0,5.0,2.0,1.0,4.0,3.0,4.0,4.0,5.0,1.0,5,3,5,4,5,6,6,5,6,5,1,1,1,1,1,1,0,0,0,1,1,0,1,1,1,1,3,2,2,1,25,1,10,1,30,2,1,3
10920,3.0,5.0,3.0,1.0,5.0,3.0,1.0,5.0,2.0,3.0,1.0,5.0,3.0,1.0,4.0,1.0,1.0,4.0,5.0,3.0,3,6,6,6,4,2,5,4,3,1,1,1,1,1,1,0,0,1,1,1,1,1,1,1,1,1,3,3,2,1,37,1,2,2,60,1,3,4
10921,4.0,5.0,3.0,5.0,5.0,2.0,2.0,2.0,5.0,2.0,1.0,4.0,2.0,1.0,4.0,3.0,1.0,2.0,5.0,3.0,6,4,7,4,7,3,5,5,6,5,1,1,1,1,1,0,0,0,0,1,0,0,1,1,1,1,3,2,2,1,53,1,12,2,60,1,2,3
10922,3.0,1.0,2.0,1.0,4.0,1.0,2.0,4.0,3.0,5.0,1.0,2.0,3.0,2.0,2.0,2.0,2.0,3.0,5.0,2.0,6,6,7,6,7,3,4,3,4,1,1,1,0,1,1,0,0,0,0,1,0,1,1,1,1,1,2,3,2,1,17,1,4,2,60,2,1,2
10923,4.0,2.0,3.0,2.0,3.0,3.0,5.0,1.0,5.0,3.0,1.0,4.0,1.0,2.0,4.0,5.0,2.0,5.0,5.0,2.0,6,2,7,4,7,3,7,1,7,2,1,1,0,1,1,0,0,0,0,1,0,0,1,0,1,1,3,2,1,1,40,1,2,1,60,1,2,2
10924,4.0,4.0,1.0,1.0,4.0,1.0,1.0,1.0,4.0,1.0,1.0,5.0,3.0,1.0,4.0,1.0,3.0,4.0,4.0,2.0,5,3,6,5,7,5,5,1,6,3,1,1,1,1,1,0,0,0,0,1,0,0,1,1,1,1,3,2,2,1,43,1,12,1,60,1,1,2
10925,1.0,3.0,5.0,3.0,4.0,1.0,1.0,4.0,3.0,3.0,1.0,5.0,1.0,2.0,5.0,2.0,2.0,4.0,5.0,1.0,1,1,5,2,5,7,5,7,6,5,0,1,0,1,1,0,0,0,0,1,0,0,0,0,1,1,3,3,1,2,24,1,2,1,60,1,1,2
10926,3.0,1.0,3.0,5.0,5.0,5.0,5.0,5.0,5.0,5.0,3.0,5.0,2.0,3.0,2.0,4.0,1.0,1.0,5.0,1.0,6,5,7,6,7,5,7,6,6,6,1,1,1,1,1,0,0,1,0,1,1,0,1,1,1,1,3,3,2,1,30,1,1,1,60,1,1,2
10927,5.0,5.0,1.0,1.0,5.0,2.0,1.0,5.0,3.0,5.0,1.0,5.0,3.0,1.0,5.0,1.0,5.0,5.0,5.0,1.0,1,7,4,7,3,7,4,7,1,1,1,1,0,1,1,0,0,0,0,1,0,0,1,1,1,1,3,2,1,1,37,3,4,1,60,1,1,1
10928,1.0,4.0,1.0,2.0,2.0,1.0,1.0,4.0,5.0,4.0,2.0,5.0,2.0,2.0,5.0,1.0,2.0,4.0,5.0,5.0,7,5,7,2,6,1,7,1,6,1,1,1,1,1,1,0,0,0,0,1,0,0,1,1,1,1,3,2,2,1,69,1,6,1,60,2,2,3
10929,4.0,3.0,2.0,3.0,4.0,1.0,1.0,3.0,2.0,2.0,1.0,5.0,3.0,1.0,4.0,1.0,1.0,5.0,5.0,2.0,3,7,4,6,5,4,6,4,4,2,1,1,1,1,1,0,1,1,0,1,0,0,1,1,1,1,4,1,2,1,28,1,2,2,60,1,1,3
10930,1.0,1.0,5.0,4.0,2.0,5.0,5.0,1.0,5.0,5.0,3.0,1.0,1.0,3.0,2.0,3.0,5.0,1.0,1.0,1.0,3,1,6,2,5,5,7,2,7,4,1,1,0,1,1,0,1,1,0,1,1,0,1,1,1,1,4,2,1,1,60,1,9,1,60,1,2,3
10931,1.0,1.0,4.0,4.0,4.0,3.0,2.0,4.0,5.0,4.0,3.0,2.0,1.0,4.0,2.0,4.0,2.0,3.0,5.0,1.0,3,2,6,5,6,7,5,6,7,1,1,1,0,1,1,0,0,1,0,0,1,0,1,1,1,1,3,2,1,1,26,1,6,1,30,1,1,3
10932,2.0,4.0,4.0,5.0,4.0,5.0,3.0,4.0,5.0,3.0,1.0,3.0,3.0,1.0,1.0,5.0,1.0,1.0,3.0,1.0,2,6,4,6,7,6,6,4,3,1,0,0,0,1,0,0,0,1,0,0,0,0,0,0,1,1,3,3,2,2,19,1,10,1,10,1,2,2
10933,1.0,2.0,4.0,5.0,2.0,4.0,2.0,1.0,5.0,2.0,4.0,2.0,1.0,4.0,2.0,5.0,2.0,4.0,4.0,1.0,3,5,7,5,7,5,5,3,6,3,1,1,0,1,1,0,0,1,0,1,0,0,1,1,1,1,3,3,1,1,32,1,6,1,60,2,2,2
10934,3.0,4.0,2.0,2.0,2.0,2.0,1.0,3.0,2.0,2.0,2.0,4.0,2.0,2.0,5.0,1.0,1.0,5.0,5.0,1.0,6,4,6,1,6,2,5,1,4,1,1,1,1,1,1,0,1,0,0,1,1,0,1,1,1,1,3,3,2,1,60,1,7,1,60,1,3,3
10935,4.0,5.0,1.0,3.0,5.0,1.0,1.0,2.0,3.0,1.0,1.0,4.0,2.0,3.0,4.0,5.0,1.0,3.0,4.0,4.0,3,6,7,1,3,3,2,4,7,2,1,1,1,1,1,1,1,1,0,1,0,0,1,1,1,1,3,3,1,1,23,1,1,1,60,1,1,2
10936,1.0,3.0,5.0,5.0,1.0,5.0,1.0,1.0,5.0,3.0,2.0,2.0,2.0,2.0,4.0,2.0,2.0,1.0,5.0,1.0,6,3,5,2,7,1,7,4,2,1,1,1,1,1,1,1,1,1,0,1,1,0,1,1,1,1,4,2,1,2,67,1,1,1,60,1,2,2
10937,5.0,3.0,2.0,2.0,3.0,1.0,1.0,1.0,3.0,1.0,2.0,3.0,3.0,1.0,5.0,1.0,1.0,5.0,5.0,2.0,1,7,7,3,7,5,5,1,7,1,1,1,0,1,1,0,0,0,0,1,0,0,1,1,1,1,3,2,1,2,22,1,2,3,60,2,1,2
10938,5.0,4.0,4.0,2.0,1.0,3.0,2.0,4.0,5.0,3.0,4.0,5.0,1.0,1.0,3.0,2.0,1.0,5.0,3.0,5.0,7,6,6,1,7,4,5,4,7,1,1,1,1,1,1,0,1,1,1,1,0,0,1,1,1,1,3,3,1,2,20,1,12,1,70,2,1,1
10939,3.0,3.0,4.0,3.0,2.0,1.0,2.0,2.0,5.0,3.0,1.0,3.0,3.0,3.0,4.0,2.0,4.0,3.0,4.0,1.0,6,1,6,4,7,2,7,5,5,1,1,1,1,1,1,0,1,1,0,1,1,0,1,1,1,1,3,3,2,1,56,1,1,1,60,1,2,4
10940,5.0,5.0,2.0,1.0,4.0,1.0,2.0,5.0,4.0,2.0,1.0,1.0,4.0,3.0,1.0,1.0,2.0,1.0,5.0,3.0,1,6,7,4,5,7,6,1,6,4,1,1,1,1,1,0,1,1,1,1,0,0,1,1,1,1,4,2,2,2,23,1,2,1,60,1,1,2
10941,3.0,4.0,2.0,1.0,5.0,1.0,1.0,4.0,2.0,2.0,4.0,5.0,5.0,1.0,4.0,2.0,2.0,1.0,5.0,1.0,4,5,6,2,7,5,2,4,6,2,1,1,1,1,1,1,1,1,1,1,1,0,1,1,1,1,4,3,2,1,30,1,2,4,60,1,1,4
10942,5.0,5.0,1.0,4.0,5.0,2.0,4.0,4.0,4.0,1.0,1.0,5.0,5.0,2.0,5.0,1.0,1.0,5.0,5.0,4.0,6,2,7,2,6,2,7,2,6,1,1,1,0,1,1,0,0,1,0,1,1,0,0,1,1,1,3,1,2,1,44,2,12,1,60,1,3,2
10943,2.0,4.0,1.0,4.0,4.0,4.0,2.0,4.0,5.0,5.0,4.0,4.0,3.0,3.0,4.0,2.0,3.0,2.0,5.0,4.0,5,5,5,2,6,4,6,3,6,2,1,1,1,1,1,0,0,0,0,1,1,0,1,1,1,1,4,3,2,1,43,1,2,2,10,1,2,3
10944,1.0,4.0,4.0,5.0,2.0,1.0,1.0,3.0,5.0,2.0,5.0,1.0,1.0,2.0,4.0,4.0,2.0,2.0,5.0,4.0,3,6,5,3,3,4,4,2,2,6,1,1,0,1,1,0,0,0,0,1,0,0,1,1,1,1,3,2,2,1,40,1,6,1,60,2,2,3
10945,2.0,1.0,5.0,3.0,3.0,5.0,5.0,1.0,5.0,4.0,1.0,3.0,1.0,3.0,1.0,5.0,1.0,1.0,1.0,5.0,4,1,4,5,5,6,7,1,4,1,1,1,1,1,1,1,1,0,0,1,0,0,1,1,1,1,3,1,1,1,47,2,7,2,60,2,3,4
10946,1.0,1.0,4.0,4.0,1.0,4.0,2.0,1.0,5.0,5.0,1.0,4.0,1.0,1.0,1.0,2.0,4.0,5.0,4.0,1.0,6,3,7,2,1,5,7,1,6,2,1,1,1,1,1,0,0,0,0,1,0,0,1,1,1,1,3,3,1,2,30,1,1,1,70,1,1,3
10947,2.0,1.0,1.0,1.0,4.0,5.0,1.0,4.0,2.0,1.0,1.0,5.0,5.0,1.0,5.0,1.0,1.0,5.0,5.0,3.0,7,5,6,2,7,3,6,1,7,2,1,1,0,1,1,0,0,1,0,1,0,0,0,1,1,1,3,3,1,1,21,1,1,1,70,1,1,1
10948,4.0,2.0,5.0,5.0,2.0,5.0,2.0,1.0,5.0,2.0,2.0,4.0,1.0,5.0,2.0,5.0,5.0,2.0,4.0,1.0,1,1,7,7,7,5,7,6,7,1,1,1,1,1,1,0,0,1,0,1,0,0,1,1,1,1,3,3,1,1,30,1,3,1,10,1,1,4
10949,1.0,1.0,3.0,4.0,4.0,4.0,2.0,1.0,4.0,5.0,1.0,1.0,2.0,4.0,1.0,2.0,3.0,4.0,5.0,1.0,1,3,5,5,3,3,6,1,3,3,1,1,0,1,1,0,0,0,0,1,0,0,1,1,1,1,3,3,2,1,47,1,1,1,60,1,3,2
10950,4.0,1.0,5.0,5.0,1.0,5.0,4.0,1.0,4.0,5.0,1.0,5.0,1.0,1.0,4.0,2.0,5.0,1.0,5.0,1.0,7,1,7,6,3,1,7,1,5,1,1,1,1,1,1,0,1,0,0,1,0,0,1,1,1,1,3,3,2,1,60,1,9,1,60,1,2,3
10951,4.0,1.0,1.0,4.0,2.0,1.0,1.0,1.0,5.0,1.0,1.0,4.0,1.0,1.0,5.0,1.0,1.0,3.0,5.0,5.0,6,1,6,1,6,1,7,1,7,2,1,1,1,1,1,0,1,1,0,1,0,0,1,1,1,1,3,2,1,2,56,1,1,1,60,1,2,7
10952,1.0,4.0,1.0,5.0,2.0,2.0,1.0,1.0,5.0,1.0,1.0,5.0,3.0,1.0,4.0,1.0,1.0,2.0,5.0,1.0,1,5,6,1,7,3,1,1,5,2,1,1,1,1,1,0,0,1,0,1,0,0,1,1,1,1,4,1,2,1,33,1,2,2,60,2,2,3
10953,4.0,5.0,1.0,3.0,4.0,1.0,1.0,4.0,4.0,2.0,1.0,4.0,4.0,3.0,4.0,3.0,3.0,5.0,5.0,3.0,3,1,3,2,6,4,5,6,7,2,1,1,1,1,0,0,1,0,0,1,0,1,1,0,1,1,2,3,2,2,20,1,7,2,60,1,1,2
10954,5.0,5.0,5.0,2.0,2.0,1.0,1.0,5.0,5.0,4.0,2.0,5.0,4.0,3.0,4.0,1.0,1.0,2.0,5.0,1.0,1,6,6,3,7,7,2,5,7,1,1,1,0,1,1,0,0,1,0,1,0,0,1,1,1,1,3,2,1,1,22,1,1,2,60,2,1,1
10955,1.0,1.0,1.0,5.0,1.0,3.0,2.0,1.0,5.0,1.0,2.0,1.0,1.0,3.0,2.0,2.0,4.0,4.0,5.0,4.0,2,4,5,3,4,5,6,2,4,2,1,1,0,1,1,0,0,0,0,1,0,0,1,1,1,1,2,2,3,1,21,1,1,2,60,1,1,2
10956,5.0,4.0,1.0,1.0,4.0,1.0,2.0,4.0,3.0,4.0,1.0,5.0,4.0,1.0,4.0,1.0,1.0,4.0,5.0,4.0,1,6,5,7,4,5,5,2,2,3,1,1,1,1,1,1,0,0,0,1,0,1,1,1,1,0,4,1,2,1,31,1,1,1,60,1,1,3
10957,4.0,2.0,5.0,5.0,2.0,4.0,2.0,4.0,5.0,1.0,4.0,5.0,1.0,2.0,2.0,4.0,4.0,1.0,2.0,1.0,5,5,6,7,3,6,7,1,2,5,1,1,0,1,1,0,0,0,0,1,0,0,0,0,1,1,3,3,2,1,25,2,7,1,30,2,1,1
10958,2.0,1.0,4.0,5.0,2.0,2.0,2.0,1.0,5.0,2.0,2.0,2.0,1.0,4.0,3.0,4.0,4.0,4.0,5.0,1.0,2,2,7,2,6,6,7,1,6,2,1,1,1,1,1,0,1,0,0,1,1,0,1,1,1,1,3,2,2,1,56,1,9,1,60,1,2,2
10959,5.0,5.0,1.0,4.0,3.0,5.0,2.0,5.0,2.0,1.0,1.0,5.0,1.0,5.0,4.0,5.0,5.0,1.0,1.0,1.0,5,7,1,2,7,6,6,1,6,1,0,0,0,0,0,0,0,0,0,0,0,0,0,1,0,0,3,3,1,2,22,1,2,1,70,2,1,2
10960,5.0,5.0,2.0,1.0,5.0,2.0,2.0,5.0,3.0,1.0,1.0,5.0,4.0,1.0,4.0,1.0,1.0,2.0,5.0,5.0,1,6,6,5,7,4,1,1,7,1,1,1,1,1,1,1,1,1,0,1,1,1,1,1,1,1,3,2,2,1,36,1,7,1,70,1,1,2
10961,4.0,2.0,5.0,4.0,2.0,4.0,4.0,2.0,3.0,4.0,2.0,2.0,2.0,2.0,4.0,5.0,1.0,5.0,4.0,1.0,6,2,5,3,7,2,6,3,5,1,0,0,0,0,1,0,0,1,0,0,0,0,0,0,0,1,2,3,1,1,23,2,1,2,70,2,1,4
10962,1.0,1.0,4.0,3.0,2.0,4.0,2.0,1.0,5.0,4.0,2.0,2.0,1.0,2.0,3.0,1.0,5.0,3.0,1.0,2.0,5,6,6,7,5,5,6,1,3,1,1,1,0,1,1,0,0,0,0,1,0,0,1,1,1,1,3,2,1,1,23,1,4,1,60,1,2,4
10963,1.0,1.0,5.0,4.0,1.0,5.0,5.0,3.0,5.0,5.0,1.0,4.0,2.0,2.0,2.0,5.0,1.0,2.0,2.0,1.0,7,5,4,3,5,1,7,1,3,4,1,1,1,1,1,0,1,1,0,1,0,0,1,1,1,1,4,3,2,1,32,1,6,1,30,2,1,1
10964,5.0,5.0,1.0,1.0,5.0,1.0,1.0,4.0,1.0,1.0,1.0,5.0,5.0,1.0,5.0,1.0,1.0,5.0,4.0,4.0,5,7,7,1,7,3,7,1,6,1,1,1,0,1,1,0,0,1,0,1,0,1,1,1,1,1,2,3,1,2,35,3,2,3,60,2,1,4
10965,2.0,2.0,4.0,4.0,2.0,3.0,3.0,4.0,4.0,4.0,2.0,4.0,2.0,3.0,3.0,2.0,2.0,4.0,4.0,2.0,4,2,6,5,5,4,4,1,6,3,1,1,1,1,1,0,0,0,0,1,0,0,1,1,1,1,3,2,2,1,51,1,9,1,60,2,2,1
10966,2.0,4.0,5.0,5.0,4.0,4.0,2.0,1.0,5.0,4.0,4.0,2.0,5.0,1.0,4.0,4.0,1.0,4.0,5.0,1.0,5,2,6,1,5,6,5,2,7,2,1,1,1,1,1,1,0,1,0,1,0,0,1,1,1,1,3,3,2,1,51,1,7,1,60,2,1,2
10967,2.0,2.0,4.0,4.0,1.0,2.0,2.0,1.0,5.0,5.0,4.0,4.0,1.0,2.0,2.0,1.0,2.0,5.0,4.0,2.0,6,5,7,5,5,1,2,1,3,2,1,1,1,1,1,1,0,0,0,1,0,0,1,1,1,1,2,3,2,1,27,1,9,1,50,1,1,4
10968,5.0,5.0,2.0,1.0,4.0,1.0,4.0,4.0,1.0,1.0,1.0,5.0,5.0,2.0,4.0,1.0,4.0,4.0,2.0,5.0,5,6,4,6,6,6,4,7,3,5,1,1,0,1,1,0,0,0,0,1,0,0,0,1,1,1,3,3,2,1,23,1,2,1,10,2,1,2
10969,2.0,1.0,4.0,3.0,4.0,4.0,4.0,2.0,5.0,5.0,3.0,5.0,1.0,2.0,3.0,5.0,3.0,2.0,4.0,1.0,3,1,6,4,7,3,6,1,4,6,1,1,0,1,1,0,0,1,0,1,0,0,0,1,1,0,3,2,2,1,33,1,7,1,50,2,3,2
10970,4.0,4.0,3.0,4.0,4.0,2.0,2.0,3.0,4.0,4.0,1.0,2.0,2.0,3.0,4.0,2.0,2.0,2.0,5.0,1.0,5,5,6,5,5,4,4,5,5,7,1,1,0,1,1,0,0,0,0,1,0,0,1,1,1,1,3,1,2,1,26,1,7,1,60,2,1,2
10971,4.0,5.0,2.0,3.0,4.0,1.0,1.0,3.0,4.0,4.0,1.0,4.0,3.0,2.0,5.0,2.0,3.0,5.0,1.0,4.0,6,5,3,5,6,2,6,3,3,3,1,0,0,1,1,0,0,0,0,1,0,0,1,0,1,1,2,3,1,2,20,1,10,0,30,2,1,7
10972,3.0,4.0,3.0,4.0,4.0,3.0,3.0,2.0,5.0,5.0,2.0,5.0,4.0,1.0,3.0,1.0,4.0,3.0,4.0,2.0,1,3,5,2,6,7,3,5,5,4,1,1,1,1,1,0,0,1,0,1,0,0,1,1,1,1,3,3,2,2,19,2,4,1,10,2,1,2
10973,1.0,3.0,4.0,5.0,1.0,5.0,4.0,1.0,5.0,5.0,3.0,1.0,1.0,3.0,1.0,5.0,2.0,1.0,5.0,1.0,6,2,5,1,6,1,7,5,7,1,1,0,0,1,1,0,0,0,0,1,0,0,0,1,1,1,1,2,1,1,45,1,7,1,60,1,1,3
10974,1.0,3.0,1.0,5.0,4.0,1.0,1.0,1.0,5.0,4.0,1.0,2.0,1.0,4.0,1.0,1.0,3.0,2.0,3.0,3.0,1,1,7,5,6,5,6,5,6,2,1,1,0,1,1,0,0,0,0,1,0,0,1,1,1,1,3,2,2,1,29,1,6,1,60,1,2,2
10975,5.0,5.0,3.0,4.0,5.0,4.0,1.0,4.0,2.0,1.0,1.0,4.0,1.0,1.0,5.0,4.0,4.0,5.0,4.0,1.0,6,6,6,2,6,1,7,5,6,3,1,1,0,1,1,0,0,1,0,1,0,0,0,1,1,1,3,2,2,2,26,1,4,1,60,2,1,2
10976,4.0,2.0,2.0,3.0,2.0,2.0,4.0,1.0,3.0,4.0,1.0,2.0,2.0,3.0,3.0,1.0,3.0,3.0,3.0,1.0,5,4,7,5,7,4,6,1,5,7,1,1,0,1,1,0,0,0,0,1,0,1,1,1,1,1,3,2,2,1,31,1,4,1,30,1,1,5
10977,2.0,4.0,1.0,4.0,4.0,1.0,1.0,2.0,5.0,1.0,1.0,4.0,3.0,2.0,4.0,1.0,1.0,2.0,5.0,1.0,2,7,5,5,6,3,7,6,5,2,1,1,1,1,1,0,1,0,0,1,1,1,1,1,1,1,3,3,2,1,53,1,6,1,60,1,1,1
10978,4.0,2.0,4.0,2.0,5.0,4.0,3.0,4.0,5.0,2.0,1.0,5.0,4.0,3.0,3.0,1.0,3.0,4.0,1.0,5.0,2,5,6,6,6,6,5,6,4,1,1,1,1,1,1,0,0,1,0,1,0,0,1,1,1,1,4,3,2,1,47,1,6,1,60,2,2,4
10979,1.0,4.0,5.0,5.0,2.0,5.0,5.0,1.0,3.0,2.0,2.0,2.0,1.0,4.0,1.0,5.0,1.0,4.0,4.0,1.0,7,6,7,6,6,5,7,5,3,1,1,1,0,1,1,0,0,1,0,1,0,0,1,1,1,1,4,2,2,1,49,1,1,1,60,2,2,6
10980,5.0,1.0,3.0,1.0,5.0,5.0,4.0,4.0,5.0,5.0,1.0,5.0,1.0,1.0,1.0,4.0,1.0,1.0,2.0,3.0,1,7,7,5,2,7,1,1,6,2,0,1,0,1,1,0,0,1,0,1,0,0,1,1,1,1,3,3,2,2,19,3,7,1,30,1,1,2
10981,5.0,5.0,5.0,1.0,4.0,1.0,1.0,3.0,3.0,2.0,1.0,5.0,4.0,1.0,3.0,1.0,5.0,4.0,4.0,1.0,5,2,3,1,7,4,5,5,3,1,1,1,1,1,1,0,1,1,0,1,0,1,0,1,1,1,4,3,2,2,27,1,12,1,30,2,1,4
10982,5.0,2.0,2.0,1.0,5.0,1.0,2.0,5.0,3.0,1.0,1.0,5.0,5.0,2.0,5.0,2.0,1.0,4.0,5.0,3.0,3,1,7,2,6,7,6,1,6,1,1,1,1,1,1,0,1,1,0,1,1,0,1,1,1,1,4,2,1,2,51,1,12,0,60,2,2,2
10983,2.0,2.0,4.0,2.0,3.0,2.0,2.0,2.0,4.0,2.0,2.0,1.0,1.0,2.0,4.0,1.0,4.0,3.0,5.0,1.0,3,5,6,7,2,7,6,2,2,3,1,1,1,1,1,0,0,1,0,1,0,0,1,1,1,1,2,1,2,1,20,1,2,1,60,1,1,2
10984,1.0,2.0,4.0,2.0,2.0,2.0,2.0,2.0,3.0,2.0,2.0,5.0,1.0,2.0,4.0,5.0,1.0,4.0,3.0,1.0,5,4,4,4,5,5,6,1,4,1,1,1,0,1,1,1,0,1,0,1,0,0,1,0,1,1,4,3,2,2,44,1,7,1,60,2,2,1
10985,3.0,3.0,5.0,2.0,3.0,3.0,3.0,3.0,5.0,5.0,2.0,4.0,5.0,2.0,3.0,5.0,1.0,4.0,5.0,3.0,2,4,7,5,7,6,4,1,4,1,1,1,1,0,1,0,1,0,0,1,1,0,1,1,1,0,3,2,2,1,34,1,12,2,60,2,1,3
10986,3.0,2.0,5.0,4.0,4.0,1.0,2.0,2.0,5.0,2.0,1.0,4.0,3.0,2.0,4.0,1.0,4.0,5.0,5.0,3.0,7,5,5,5,7,2,5,3,4,1,1,1,1,1,1,0,1,1,0,1,1,0,1,1,1,1,3,2,2,1,37,1,6,3,60,2,3,2
10987,5.0,5.0,2.0,4.0,4.0,4.0,1.0,4.0,2.0,2.0,1.0,5.0,5.0,2.0,3.0,2.0,2.0,5.0,5.0,4.0,6,5,4,5,6,5,6,7,3,2,0,0,0,1,1,0,1,1,1,1,0,0,1,1,1,1,4,1,2,2,25,1,1,1,60,1,1,3
10988,1.0,1.0,2.0,4.0,1.0,1.0,2.0,1.0,5.0,2.0,1.0,2.0,1.0,2.0,4.0,5.0,3.0,2.0,4.0,1.0,3,2,7,3,5,6,7,1,6,3,1,1,1,1,1,1,1,1,0,1,1,1,1,1,1,1,4,1,2,1,33,1,4,1,60,1,1,2
10989,4.0,5.0,1.0,4.0,4.0,1.0,1.0,5.0,1.0,1.0,1.0,5.0,4.0,4.0,5.0,1.0,5.0,5.0,5.0,3.0,7,3,6,2,7,6,6,1,6,1,1,1,0,1,1,0,0,0,0,1,0,0,1,0,1,1,3,3,1,1,43,1,7,2,30,2,3,3
10990,3.0,4.0,4.0,3.0,2.0,3.0,2.0,4.0,4.0,2.0,2.0,2.0,2.0,2.0,4.0,4.0,4.0,4.0,4.0,1.0,6,2,3,5,5,5,5,3,3,3,1,1,0,1,1,0,0,0,0,1,0,0,0,1,1,1,3,1,2,1,30,1,1,1,60,1,1,0
10991,4.0,5.0,1.0,1.0,5.0,1.0,1.0,4.0,2.0,1.0,1.0,5.0,5.0,2.0,4.0,1.0,1.0,5.0,5.0,5.0,6,2,6,1,7,1,4,2,7,3,1,1,0,1,1,1,0,0,0,1,1,0,1,1,1,1,4,1,1,2,34,1,1,2,60,2,1,1
10992,5.0,1.0,1.0,1.0,5.0,1.0,5.0,5.0,4.0,5.0,1.0,5.0,5.0,2.0,4.0,4.0,1.0,5.0,5.0,5.0,3,7,7,6,7,7,5,3,3,2,1,1,0,1,1,0,0,0,0,1,0,0,1,1,1,1,3,3,2,2,32,1,1,5,0,2,1,5
10993,1.0,1.0,5.0,4.0,5.0,5.0,5.0,4.0,5.0,5.0,2.0,5.0,1.0,5.0,2.0,4.0,1.0,5.0,5.0,1.0,6,5,7,2,7,5,7,1,6,5,1,1,0,1,1,0,1,0,0,1,0,0,1,1,1,1,4,2,1,2,40,1,8,1,10,1,2,9
10994,5.0,5.0,2.0,2.0,3.0,1.0,1.0,2.0,3.0,1.0,3.0,4.0,5.0,1.0,2.0,1.0,3.0,5.0,4.0,3.0,1,7,1,4,6,4,6,7,4,5,1,1,0,1,1,0,0,0,0,1,0,0,1,1,1,1,2,2,1,2,24,1,12,1,60,1,1,1
10995,4.0,4.0,3.0,1.0,4.0,3.0,2.0,3.0,5.0,5.0,1.0,4.0,5.0,1.0,5.0,5.0,5.0,5.0,1.0,4.0,6,5,7,2,6,6,5,2,4,4,1,0,1,1,0,0,1,0,1,1,0,1,0,0,1,1,4,3,1,2,29,1,10,5,20,2,1,5
10996,5.0,5.0,3.0,1.0,5.0,1.0,1.0,5.0,4.0,1.0,1.0,5.0,5.0,1.0,5.0,2.0,1.0,5.0,5.0,5.0,1,4,6,1,7,5,1,1,4,5,1,1,1,1,1,0,0,0,1,1,0,0,1,1,1,1,3,2,1,1,59,1,12,1,60,1,2,2
10997,1.0,1.0,2.0,1.0,4.0,4.0,4.0,1.0,4.0,2.0,1.0,4.0,1.0,1.0,5.0,1.0,1.0,2.0,5.0,1.0,2,5,5,7,5,6,5,2,1,1,1,1,0,1,1,0,0,1,0,1,0,0,1,1,1,1,4,1,2,2,41,1,1,2,60,2,3,1
10998,2.0,1.0,5.0,4.0,3.0,5.0,4.0,1.0,5.0,5.0,5.0,1.0,5.0,1.0,1.0,4.0,1.0,1.0,1.0,3.0,2,1,7,1,7,4,7,2,6,4,1,1,0,1,1,0,0,1,1,1,1,1,0,1,1,1,4,1,1,2,32,1,10,1,10,2,2,7
10999,2.0,1.0,5.0,2.0,3.0,5.0,5.0,4.0,5.0,5.0,1.0,4.0,4.0,2.0,3.0,5.0,2.0,1.0,5.0,1.0,2,5,7,1,7,6,5,1,5,2,1,1,1,1,1,1,0,1,1,1,0,0,1,1,1,1,3,2,2,1,28,3,12,5,70,1,2,5
11000,4.0,4.0,4.0,4.0,3.0,2.0,2.0,1.0,5.0,4.0,1.0,3.0,4.0,2.0,4.0,5.0,4.0,4.0,4.0,2.0,6,5,7,1,6,3,5,2,6,1,1,1,1,1,1,1,1,1,1,1,0,0,1,1,1,1,4,3,1,1,45,1,6,1,60,1,2,4
11001,4.0,4.0,3.0,1.0,5.0,2.0,2.0,5.0,4.0,2.0,1.0,4.0,5.0,2.0,4.0,3.0,1.0,4.0,2.0,1.0,4,5,6,4,5,5,5,3,7,4,1,1,0,1,1,0,0,0,0,1,0,0,1,1,1,1,4,2,1,1,27,1,1,3,60,1,2,2
11002,2.0,2.0,2.0,1.0,1.0,1.0,2.0,2.0,4.0,4.0,1.0,5.0,2.0,4.0,4.0,2.0,1.0,4.0,5.0,3.0,2,6,5,4,4,5,5,5,5,1,0,1,0,0,0,0,0,0,0,1,0,0,0,0,0,0,4,3,1,1,39,1,1,1,60,1,2,2
11003,1.0,2.0,1.0,5.0,2.0,1.0,2.0,2.0,4.0,5.0,2.0,4.0,1.0,4.0,1.0,4.0,2.0,2.0,5.0,1.0,6,6,6,2,6,6,6,6,6,1,1,1,0,1,1,0,0,0,0,1,0,0,0,1,1,1,4,2,1,2,51,1,12,1,60,1,2,2
11004,5.0,5.0,2.0,1.0,5.0,2.0,1.0,1.0,3.0,1.0,1.0,5.0,5.0,1.0,5.0,1.0,1.0,1.0,5.0,3.0,6,6,3,5,7,2,7,5,3,1,1,1,1,1,1,1,0,1,0,1,0,0,0,1,1,1,3,2,1,2,34,1,7,1,60,1,1,4
11005,5.0,4.0,5.0,5.0,5.0,4.0,5.0,1.0,5.0,5.0,3.0,3.0,3.0,5.0,5.0,5.0,3.0,3.0,3.0,1.0,7,0,7,1,7,6,6,1,7,2,0,0,0,0,0,0,0,0,0,0,0,0,0,0,0,0,3,2,2,2,46,1,4,5,10,1,2,1
11006,3.0,2.0,5.0,4.0,4.0,4.0,2.0,4.0,5.0,5.0,3.0,1.0,1.0,3.0,2.0,4.0,1.0,4.0,4.0,2.0,4,5,5,6,4,5,6,6,6,3,1,1,0,1,1,0,0,1,0,1,0,0,1,1,1,1,2,3,2,2,21,1,3,1,10,2,1,2
11007,3.0,2.0,5.0,2.0,4.0,3.0,1.0,1.0,5.0,4.0,3.0,5.0,4.0,1.0,1.0,2.0,1.0,3.0,5.0,1.0,1,4,6,2,4,7,1,1,7,7,1,1,1,1,1,0,0,0,0,1,0,1,1,1,1,1,4,1,2,1,57,1,6,1,60,2,1,6
11008,3.0,4.0,1.0,1.0,5.0,1.0,1.0,4.0,2.0,2.0,1.0,5.0,4.0,1.0,4.0,2.0,1.0,3.0,3.0,4.0,3,6,4,3,5,5,5,4,6,2,1,1,0,1,1,1,0,1,0,1,0,1,1,1,1,1,2,2,3,1,19,1,12,4,60,2,1,3
11009,5.0,4.0,4.0,4.0,5.0,4.0,1.0,1.0,4.0,4.0,4.0,4.0,1.0,2.0,5.0,4.0,2.0,5.0,3.0,5.0,6,4,7,6,7,3,6,1,4,1,1,1,1,1,1,0,0,1,0,1,0,1,1,1,1,1,4,3,1,1,71,1,4,1,0,1,2,0
11010,1.0,1.0,5.0,5.0,1.0,4.0,4.0,1.0,5.0,5.0,5.0,1.0,1.0,5.0,2.0,5.0,5.0,1.0,5.0,1.0,2,1,7,1,7,6,7,2,7,3,1,1,1,1,1,1,0,0,0,1,0,0,1,1,1,1,3,1,2,1,49,1,1,1,60,1,2,2
11011,4.0,4.0,1.0,1.0,4.0,1.0,1.0,4.0,5.0,1.0,1.0,1.0,3.0,4.0,1.0,1.0,3.0,4.0,5.0,1.0,3,6,7,5,6,6,4,6,4,1,1,1,1,1,0,0,0,1,0,1,0,0,0,1,1,1,3,1,1,2,25,1,2,3,60,2,1,1
11012,5.0,5.0,3.0,1.0,4.0,1.0,2.0,2.0,4.0,4.0,2.0,5.0,3.0,4.0,4.0,5.0,1.0,3.0,5.0,2.0,2,5,6,6,6,5,7,3,2,1,1,1,1,1,1,0,1,1,0,1,1,0,1,1,1,1,3,2,2,1,36,1,2,1,60,1,1,1
11013,5.0,3.0,3.0,2.0,4.0,1.0,1.0,4.0,2.0,3.0,2.0,4.0,3.0,2.0,3.0,3.0,4.0,3.0,3.0,2.0,5,7,2,6,7,4,5,4,5,1,1,1,0,1,1,1,0,1,0,1,1,0,1,1,1,1,4,3,1,1,25,1,4,1,60,1,1,2
11014,2.0,2.0,3.0,5.0,3.0,4.0,4.0,4.0,5.0,4.0,1.0,4.0,4.0,5.0,4.0,5.0,4.0,3.0,5.0,5.0,6,5,7,3,5,4,6,1,5,4,1,1,0,1,1,0,0,0,0,1,0,0,1,1,1,1,4,2,2,1,23,1,7,1,60,1,3,2
11015,4.0,4.0,2.0,2.0,4.0,2.0,2.0,4.0,2.0,2.0,2.0,4.0,4.0,2.0,5.0,5.0,2.0,4.0,4.0,2.0,5,3,3,5,6,3,3,5,3,3,1,1,0,1,0,0,0,0,0,1,0,1,1,1,1,1,2,2,1,2,24,1,1,1,30,2,1,2
11016,2.0,4.0,4.0,3.0,2.0,4.0,1.0,2.0,5.0,4.0,1.0,5.0,2.0,1.0,2.0,1.0,3.0,2.0,4.0,2.0,5,6,7,5,5,6,1,1,2,3,1,1,0,1,1,0,0,0,0,1,0,0,1,1,1,1,3,2,1,1,30,1,2,1,60,1,1,3
11017,2.0,2.0,3.0,4.0,3.0,2.0,1.0,2.0,5.0,3.0,3.0,2.0,4.0,2.0,1.0,4.0,2.0,4.0,5.0,2.0,1,5,6,1,6,6,3,3,7,3,1,1,1,1,1,0,1,1,0,1,0,1,1,1,1,1,4,3,1,1,34,1,2,1,60,2,2,1
11018,4.0,4.0,4.0,5.0,4.0,1.0,1.0,1.0,4.0,4.0,2.0,5.0,2.0,5.0,4.0,4.0,1.0,4.0,5.0,1.0,6,7,6,5,6,2,6,1,5,6,1,1,0,1,1,0,0,0,0,1,0,0,1,1,1,1,3,2,1,1,26,1,2,1,60,1,1,2
11019,1.0,1.0,1.0,3.0,1.0,5.0,3.0,1.0,5.0,5.0,2.0,1.0,1.0,3.0,1.0,5.0,1.0,1.0,5.0,1.0,5,1,6,3,5,5,7,5,6,5,1,1,0,1,1,0,0,0,0,1,0,0,1,0,1,1,3,2,2,1,43,2,7,1,60,1,2,2
11020,1.0,1.0,5.0,5.0,4.0,4.0,5.0,1.0,5.0,5.0,2.0,4.0,5.0,5.0,4.0,2.0,2.0,1.0,4.0,3.0,6,6,6,5,6,2,6,2,2,2,1,1,1,1,1,0,0,1,0,1,0,0,1,1,1,1,3,2,2,1,58,1,4,1,60,1,2,5
11021,5.0,5.0,1.0,1.0,5.0,1.0,1.0,5.0,2.0,1.0,1.0,5.0,1.0,1.0,5.0,1.0,1.0,5.0,5.0,5.0,6,7,7,2,7,3,2,4,7,2,0,1,1,1,1,0,0,1,0,1,0,0,1,1,1,1,4,3,1,2,27,1,2,1,60,2,1,2
11022,5.0,5.0,3.0,1.0,5.0,1.0,1.0,5.0,2.0,2.0,1.0,5.0,4.0,1.0,4.0,1.0,2.0,5.0,3.0,4.0,5,4,3,4,6,7,5,6,4,4,1,1,0,1,1,0,0,0,0,1,0,0,0,1,1,1,3,3,1,2,22,1,8,1,10,1,1,2
11023,2.0,2.0,2.0,5.0,5.0,1.0,1.0,2.0,5.0,2.0,1.0,4.0,2.0,2.0,1.0,2.0,1.0,5.0,4.0,1.0,3,2,3,2,6,3,6,3,7,3,1,1,0,1,1,1,0,0,0,1,0,0,1,1,1,1,3,2,1,1,40,2,6,1,60,1,2,3
11024,1.0,1.0,2.0,4.0,2.0,2.0,1.0,1.0,5.0,4.0,1.0,1.0,1.0,5.0,4.0,2.0,2.0,1.0,5.0,1.0,7,6,6,6,6,1,5,5,3,3,0,0,0,0,1,0,0,0,0,0,0,0,0,0,0,1,3,2,2,1,21,1,4,3,60,1,1,2
11025,1.0,2.0,4.0,4.0,1.0,2.0,1.0,2.0,2.0,1.0,2.0,4.0,1.0,4.0,4.0,2.0,2.0,2.0,5.0,1.0,5,2,7,5,7,6,6,1,7,2,1,1,1,1,1,0,0,0,0,1,0,0,1,1,1,1,3,1,2,1,57,1,4,1,60,1,1,5
11026,2.0,5.0,3.0,5.0,4.0,1.0,2.0,1.0,4.0,4.0,3.0,1.0,1.0,3.0,5.0,3.0,5.0,4.0,5.0,2.0,5,1,6,1,7,5,7,6,7,3,0,0,0,0,0,0,0,0,0,0,0,0,0,0,0,0,3,2,1,2,20,1,10,5,20,2,1,5
11027,4.0,5.0,1.0,5.0,5.0,1.0,1.0,5.0,2.0,2.0,1.0,5.0,3.0,1.0,5.0,4.0,5.0,1.0,5.0,5.0,6,6,2,1,7,1,6,1,7,2,1,1,1,1,1,1,1,0,0,1,0,0,1,1,1,1,3,1,1,1,24,3,2,1,60,2,1,2
11028,1.0,1.0,4.0,5.0,1.0,2.0,4.0,1.0,5.0,5.0,3.0,1.0,1.0,1.0,2.0,5.0,2.0,1.0,4.0,1.0,1,3,6,7,7,6,7,2,4,1,1,1,1,1,1,0,0,0,0,1,0,1,1,1,1,1,4,1,2,1,52,1,6,1,60,1,3,5
11029,3.0,4.0,1.0,3.0,4.0,3.0,1.0,2.0,3.0,3.0,2.0,4.0,4.0,2.0,4.0,1.0,1.0,4.0,5.0,1.0,5,2,5,6,5,2,4,1,2,1,1,1,1,1,1,0,1,0,0,1,0,1,1,1,1,1,3,2,2,1,46,1,7,1,60,1,3,2
11030,4.0,5.0,5.0,2.0,5.0,4.0,4.0,4.0,2.0,3.0,2.0,5.0,4.0,2.0,5.0,2.0,1.0,4.0,5.0,5.0,3,6,4,5,5,2,3,5,5,5,1,1,1,1,1,0,0,0,0,1,0,0,1,1,1,1,0,1,2,2,33,2,4,1,10,2,3,4
11031,1.0,1.0,4.0,4.0,3.0,4.0,3.0,1.0,5.0,4.0,1.0,4.0,1.0,5.0,1.0,5.0,3.0,4.0,5.0,1.0,5,3,6,4,5,5,6,1,6,4,1,1,0,1,1,0,0,0,0,1,0,0,0,1,1,1,3,3,2,1,57,1,4,1,60,1,1,4
11032,4.0,4.0,1.0,4.0,2.0,2.0,1.0,4.0,2.0,1.0,2.0,5.0,4.0,2.0,5.0,2.0,2.0,4.0,4.0,4.0,6,2,6,1,6,5,6,2,7,5,1,1,1,1,1,0,1,1,0,1,1,1,1,1,1,1,4,1,1,1,55,1,6,4,60,1,1,2
11033,2.0,4.0,2.0,4.0,4.0,4.0,4.0,2.0,4.0,4.0,2.0,4.0,2.0,3.0,2.0,2.0,3.0,2.0,4.0,1.0,2,4,5,6,3,6,6,2,4,5,1,1,0,1,1,0,0,0,0,1,0,0,1,1,1,1,4,2,2,1,29,1,4,1,60,1,2,2
11034,1.0,4.0,4.0,5.0,1.0,2.0,2.0,1.0,5.0,4.0,1.0,4.0,1.0,2.0,5.0,4.0,1.0,4.0,5.0,1.0,1,6,6,5,2,6,5,1,7,5,1,1,1,1,1,0,1,1,0,1,0,0,1,1,1,1,3,3,1,1,48,1,1,1,60,1,2,2
11035,5.0,5.0,4.0,4.0,4.0,1.0,1.0,4.0,1.0,1.0,1.0,5.0,1.0,1.0,5.0,1.0,1.0,1.0,4.0,1.0,4,1,7,5,3,5,6,2,6,5,1,1,1,1,1,1,1,1,0,1,0,0,1,1,1,1,4,2,2,1,37,1,7,1,60,1,2,4
11036,1.0,1.0,2.0,3.0,3.0,4.0,2.0,2.0,4.0,4.0,1.0,2.0,4.0,1.0,3.0,5.0,1.0,3.0,5.0,1.0,3,1,6,1,7,4,1,5,6,1,1,1,0,1,1,0,0,0,0,1,0,0,1,1,1,0,2,3,2,1,26,1,7,1,30,1,3,4
11037,1.0,4.0,1.0,4.0,5.0,3.0,2.0,5.0,5.0,5.0,1.0,5.0,1.0,1.0,1.0,3.0,1.0,4.0,5.0,2.0,7,7,7,1,7,2,4,1,3,1,1,1,1,1,1,0,1,1,0,1,1,0,1,1,1,1,4,3,1,1,30,3,9,3,70,1,1,3
11038,5.0,4.0,2.0,2.0,4.0,1.0,1.0,5.0,1.0,5.0,1.0,5.0,5.0,2.0,5.0,1.0,1.0,5.0,5.0,4.0,5,3,7,7,2,1,2,4,7,1,1,1,1,1,1,1,1,1,1,1,1,1,1,1,1,1,3,3,1,2,34,3,9,1,10,1,1,1
11039,2.0,3.0,3.0,2.0,3.0,4.0,4.0,2.0,5.0,3.0,1.0,1.0,2.0,2.0,2.0,4.0,3.0,3.0,5.0,1.0,1,5,2,5,5,6,6,5,4,4,1,1,1,1,1,0,0,0,0,1,0,0,1,1,1,1,3,2,2,1,19,1,1,2,60,1,1,4
11040,5.0,5.0,5.0,4.0,5.0,3.0,4.0,4.0,2.0,5.0,2.0,4.0,5.0,3.0,4.0,2.0,1.0,4.0,5.0,5.0,2,2,5,6,6,7,6,2,3,6,1,1,0,1,1,0,0,0,0,1,0,0,1,1,1,1,4,3,1,1,33,2,12,1,30,1,1,3
11041,2.0,4.0,4.0,4.0,2.0,2.0,2.0,2.0,5.0,4.0,4.0,4.0,1.0,4.0,1.0,2.0,2.0,1.0,4.0,4.0,6,1,7,1,6,2,5,2,7,3,1,1,1,1,1,0,1,0,0,1,0,1,1,1,1,1,0,2,2,1,65,1,7,1,60,1,2,2
11042,3.0,2.0,3.0,4.0,5.0,1.0,1.0,1.0,5.0,3.0,1.0,5.0,5.0,3.0,4.0,4.0,1.0,1.0,5.0,1.0,2,6,6,1,7,7,4,2,6,4,0,1,0,1,1,0,0,0,0,1,0,0,1,0,1,1,3,2,1,1,35,1,2,1,10,1,2,2
11043,5.0,5.0,1.0,2.0,4.0,4.0,2.0,5.0,5.0,3.0,1.0,4.0,2.0,1.0,1.0,4.0,2.0,2.0,5.0,3.0,3,6,6,7,7,4,3,3,2,3,0,1,0,1,1,0,0,0,0,1,0,0,0,1,1,1,2,3,2,1,26,1,2,1,30,1,1,4
11044,4.0,3.0,4.0,1.0,4.0,1.0,1.0,2.0,4.0,2.0,3.0,2.0,2.0,2.0,4.0,2.0,2.0,4.0,5.0,1.0,7,6,4,5,7,1,7,5,3,1,1,1,0,1,1,0,0,0,0,1,1,0,1,1,1,1,3,3,2,2,34,1,4,1,60,1,2,2
11045,1.0,2.0,1.0,5.0,1.0,1.0,1.0,1.0,5.0,4.0,4.0,2.0,2.0,2.0,1.0,1.0,3.0,2.0,5.0,1.0,1,2,6,5,7,5,7,5,7,2,1,1,0,1,1,0,0,0,0,1,0,0,1,1,1,1,3,1,2,1,23,1,1,2,60,1,1,2
11046,2.0,4.0,2.0,3.0,5.0,2.0,2.0,4.0,5.0,4.0,1.0,5.0,2.0,3.0,2.0,1.0,2.0,2.0,5.0,3.0,1,3,7,6,3,4,4,2,5,4,1,1,1,1,1,0,0,0,0,1,0,0,1,1,1,1,4,3,2,1,41,1,6,1,60,1,2,2
11047,5.0,3.0,1.0,4.0,4.0,3.0,1.0,3.0,5.0,2.0,1.0,5.0,4.0,1.0,3.0,2.0,1.0,1.0,5.0,3.0,7,4,7,1,7,4,6,1,7,1,1,1,1,1,1,0,0,1,0,1,1,0,1,1,1,1,4,3,1,1,45,1,4,1,30,2,3,0
11048,2.0,4.0,1.0,1.0,3.0,1.0,1.0,4.0,5.0,2.0,1.0,3.0,2.0,1.0,3.0,1.0,1.0,4.0,5.0,3.0,1,5,5,2,7,7,3,5,7,1,1,1,1,1,1,0,1,0,0,1,1,0,1,1,1,1,1,2,1,1,68,2,2,1,60,1,2,6
11049,3.0,2.0,3.0,2.0,1.0,3.0,2.0,3.0,4.0,4.0,2.0,3.0,3.0,1.0,4.0,2.0,2.0,2.0,4.0,4.0,5,1,7,3,5,6,4,2,7,1,1,1,0,1,1,0,0,0,0,1,0,0,1,0,1,1,2,2,1,1,20,2,7,2,60,1,1,1
11050,5.0,4.0,5.0,2.0,5.0,1.0,2.0,4.0,4.0,2.0,2.0,4.0,2.0,2.0,4.0,1.0,3.0,5.0,5.0,5.0,1,2,2,6,2,7,2,5,5,6,1,1,0,1,1,0,0,1,0,1,0,0,1,1,1,1,2,2,1,1,22,1,2,1,10,1,1,2
11051,4.0,5.0,2.0,2.0,5.0,2.0,1.0,4.0,4.0,4.0,1.0,5.0,2.0,4.0,5.0,1.0,4.0,5.0,5.0,2.0,2,7,6,5,3,5,5,3,5,5,1,1,0,1,1,0,0,0,0,1,0,0,0,1,1,1,2,3,2,2,20,1,2,1,10,2,1,1
11052,3.0,4.0,2.0,2.0,5.0,1.0,1.0,5.0,3.0,2.0,1.0,5.0,4.0,1.0,3.0,1.0,1.0,4.0,5.0,4.0,6,2,7,1,7,4,7,1,7,2,1,1,0,1,1,0,0,0,0,1,0,0,1,1,1,1,4,2,2,1,37,1,1,1,60,2,3,2
11053,5.0,4.0,1.0,2.0,2.0,2.0,2.0,4.0,2.0,2.0,2.0,5.0,4.0,1.0,5.0,1.0,1.0,4.0,5.0,4.0,1,5,2,6,4,6,2,5,2,3,0,1,1,1,0,0,1,0,0,0,0,0,0,0,0,0,2,3,1,2,21,1,1,1,50,2,1,4
11054,2.0,4.0,4.0,2.0,1.0,2.0,1.0,4.0,5.0,4.0,1.0,5.0,3.0,1.0,5.0,1.0,3.0,5.0,5.0,1.0,1,5,6,5,6,6,7,5,5,1,1,1,0,1,1,0,0,0,0,1,0,0,1,1,1,1,4,3,2,1,37,1,7,1,60,1,2,0
11055,5.0,5.0,5.0,1.0,5.0,2.0,2.0,1.0,3.0,5.0,5.0,5.0,2.0,5.0,1.0,5.0,4.0,5.0,1.0,5.0,6,4,3,3,5,1,6,5,6,1,0,0,0,1,0,0,0,0,0,1,0,0,0,0,0,1,3,1,1,2,24,1,3,1,70,1,1,3
11056,5.0,5.0,2.0,5.0,5.0,4.0,2.0,5.0,3.0,2.0,2.0,3.0,5.0,1.0,4.0,3.0,1.0,2.0,5.0,3.0,4,5,7,5,4,7,5,2,5,3,1,1,1,1,1,1,0,0,0,1,0,0,1,1,1,1,3,3,2,1,21,1,5,1,60,2,1,3
11057,2.0,1.0,5.0,3.0,1.0,2.0,2.0,2.0,5.0,4.0,1.0,1.0,4.0,1.0,2.0,1.0,1.0,1.0,5.0,3.0,7,4,7,5,7,1,7,1,3,1,1,1,1,1,1,1,0,0,0,1,0,0,1,1,1,1,4,3,2,1,28,1,1,1,60,1,2,2
11058,2.0,3.0,4.0,3.0,2.0,2.0,2.0,3.0,3.0,2.0,4.0,3.0,2.0,1.0,5.0,4.0,5.0,2.0,4.0,1.0,5,6,4,5,7,5,6,5,6,3,1,0,0,1,1,0,0,0,0,1,0,1,0,0,1,1,4,3,2,1,28,2,8,1,10,1,1,0
11059,4.0,4.0,5.0,3.0,5.0,3.0,3.0,5.0,5.0,5.0,1.0,4.0,1.0,3.0,4.0,5.0,3.0,5.0,5.0,3.0,1,1,7,7,6,7,5,1,3,1,1,1,0,1,1,0,1,0,0,1,0,0,1,1,1,1,4,3,2,2,39,1,2,1,60,2,3,2
11060,5.0,1.0,2.0,4.0,1.0,4.0,2.0,4.0,5.0,5.0,3.0,5.0,1.0,4.0,1.0,5.0,5.0,2.0,2.0,1.0,2,1,7,1,7,4,7,5,7,2,1,1,1,1,1,1,0,1,0,1,1,0,1,1,1,1,3,3,2,1,30,1,5,1,60,2,2,5
11061,1.0,4.0,1.0,3.0,1.0,4.0,1.0,1.0,5.0,5.0,1.0,1.0,3.0,1.0,2.0,2.0,1.0,1.0,5.0,1.0,1,3,3,5,6,1,5,3,3,1,1,1,0,1,1,0,1,1,0,1,1,0,1,1,1,1,4,2,2,1,30,1,6,1,30,1,1,3
11062,2.0,4.0,3.0,3.0,4.0,1.0,1.0,5.0,5.0,4.0,1.0,2.0,5.0,1.0,5.0,5.0,1.0,5.0,5.0,1.0,7,7,2,5,6,1,4,1,4,3,1,1,0,1,1,1,0,0,0,1,0,0,1,1,1,1,3,2,2,1,32,1,2,1,60,1,2,2
11063,2.0,4.0,3.0,2.0,2.0,1.0,1.0,2.0,5.0,3.0,1.0,4.0,1.0,3.0,2.0,4.0,2.0,4.0,5.0,2.0,7,5,4,1,3,1,6,4,3,2,1,1,0,1,1,0,0,0,0,1,0,0,1,1,1,1,2,2,2,1,18,1,7,1,50,2,1,3
11064,1.0,1.0,2.0,2.0,2.0,4.0,4.0,3.0,5.0,1.0,2.0,4.0,2.0,2.0,2.0,4.0,3.0,3.0,4.0,1.0,2,2,5,4,6,5,5,5,4,2,1,1,1,1,1,0,0,0,0,1,0,0,1,1,1,1,4,2,2,2,24,1,8,2,10,2,1,2
11065,3.0,2.0,2.0,2.0,4.0,5.0,2.0,2.0,5.0,3.0,2.0,1.0,1.0,4.0,3.0,4.0,3.0,4.0,2.0,4.0,6,2,5,2,6,5,6,4,6,5,1,0,0,1,0,0,1,0,0,0,0,0,0,1,1,1,3,1,1,2,62,1,7,2,60,1,3,3
11066,2.0,1.0,2.0,3.0,2.0,3.0,2.0,2.0,5.0,5.0,2.0,5.0,2.0,4.0,2.0,5.0,4.0,2.0,5.0,2.0,7,3,6,2,7,1,7,1,0,2,1,1,1,1,1,0,1,1,0,1,1,1,1,1,1,1,4,3,2,1,60,1,7,1,30,1,2,3
11067,5.0,2.0,1.0,1.0,5.0,1.0,1.0,4.0,3.0,2.0,1.0,5.0,3.0,4.0,2.0,1.0,1.0,4.0,5.0,1.0,3,5,6,4,6,7,4,2,6,1,1,1,1,1,1,1,1,0,0,1,1,0,1,1,1,1,3,3,1,2,28,1,1,1,70,2,1,1
11068,5.0,5.0,1.0,1.0,5.0,2.0,1.0,5.0,1.0,1.0,1.0,5.0,5.0,3.0,5.0,1.0,2.0,5.0,5.0,5.0,5,6,5,5,6,2,4,2,6,5,1,0,0,1,1,0,0,0,0,1,1,0,1,0,1,1,3,2,1,2,39,1,2,1,60,1,2,2
11069,5.0,5.0,1.0,3.0,5.0,1.0,1.0,5.0,3.0,1.0,1.0,5.0,5.0,1.0,5.0,1.0,1.0,5.0,5.0,2.0,3,2,4,4,5,6,5,3,6,5,1,1,0,1,1,0,0,0,0,1,0,0,1,1,1,1,4,3,1,1,35,1,1,2,60,1,1,1
11070,5.0,5.0,2.0,2.0,5.0,1.0,1.0,5.0,4.0,1.0,2.0,4.0,2.0,1.0,5.0,1.0,1.0,5.0,5.0,1.0,1,6,7,1,1,7,5,3,7,1,1,1,1,1,1,0,1,0,0,1,0,1,1,1,1,1,4,2,2,1,46,1,4,1,60,1,2,2
11071,2.0,4.0,2.0,5.0,2.0,1.0,1.0,1.0,5.0,5.0,1.0,4.0,1.0,2.0,1.0,5.0,2.0,5.0,5.0,1.0,7,1,6,1,7,3,7,5,6,1,1,1,1,1,1,0,0,1,0,1,1,0,1,1,1,1,3,2,1,1,39,1,4,1,10,1,2,4
11072,4.0,4.0,2.0,4.0,5.0,4.0,1.0,2.0,2.0,4.0,3.0,5.0,1.0,1.0,3.0,1.0,2.0,4.0,3.0,3.0,2,5,2,6,7,7,2,4,3,5,1,1,0,1,0,0,0,0,0,1,0,0,0,1,1,1,3,3,2,2,27,1,6,1,10,1,1,3
11073,4.0,2.0,1.0,2.0,5.0,1.0,1.0,5.0,2.0,1.0,1.0,5.0,4.0,1.0,4.0,1.0,1.0,5.0,5.0,3.0,5,7,2,5,7,5,4,7,2,1,1,1,1,1,1,0,0,1,0,1,1,1,1,1,1,1,4,2,2,1,32,1,2,2,60,1,1,4
11074,3.0,2.0,1.0,1.0,5.0,1.0,1.0,5.0,3.0,1.0,1.0,5.0,5.0,1.0,1.0,1.0,1.0,5.0,5.0,5.0,2,7,5,6,3,5,3,6,2,1,1,1,1,1,1,0,0,0,0,1,0,1,1,1,1,1,3,2,2,1,40,1,1,1,60,1,1,2
11075,2.0,4.0,1.0,2.0,4.0,1.0,1.0,2.0,4.0,2.0,1.0,4.0,3.0,2.0,4.0,2.0,4.0,1.0,5.0,2.0,4,5,3,1,3,4,4,5,6,2,1,1,0,1,1,0,0,1,0,1,0,0,1,1,1,1,4,2,1,2,30,1,2,1,60,2,2,2
11076,1.0,4.0,3.0,5.0,1.0,1.0,1.0,5.0,5.0,2.0,2.0,3.0,5.0,4.0,4.0,5.0,4.0,4.0,5.0,1.0,7,5,6,1,7,3,6,4,7,4,1,1,1,1,1,0,0,0,0,1,0,0,1,1,1,1,3,2,1,1,47,1,1,3,60,1,1,4
11077,4.0,1.0,2.0,2.0,4.0,5.0,5.0,5.0,5.0,2.0,1.0,4.0,1.0,1.0,2.0,4.0,4.0,5.0,1.0,4.0,5,5,3,5,3,6,7,1,3,6,0,1,1,1,1,0,0,0,0,1,1,0,1,1,1,1,3,3,1,2,47,1,4,1,60,2,2,2
11078,4.0,4.0,3.0,4.0,4.0,4.0,2.0,2.0,4.0,2.0,1.0,4.0,2.0,2.0,4.0,2.0,1.0,2.0,4.0,4.0,4,5,7,5,3,7,5,2,7,5,1,1,0,1,0,0,0,0,0,1,0,0,1,1,1,1,2,2,1,2,20,1,4,4,60,1,1,2
11079,3.0,4.0,3.0,3.0,4.0,4.0,4.0,5.0,4.0,4.0,2.0,4.0,4.0,2.0,2.0,2.0,2.0,3.0,5.0,2.0,3,2,5,7,6,6,7,2,4,2,1,1,1,1,1,0,0,1,0,1,1,0,1,1,1,1,3,1,2,1,43,1,2,1,60,2,3,3
11080,5.0,5.0,1.0,1.0,5.0,1.0,1.0,1.0,1.0,1.0,1.0,5.0,5.0,1.0,5.0,1.0,1.0,5.0,5.0,5.0,1,3,5,2,5,7,1,3,6,2,1,1,1,1,1,0,0,1,0,1,1,0,1,0,1,1,2,3,1,2,19,1,4,1,60,2,1,1
11081,2.0,4.0,2.0,2.0,5.0,1.0,1.0,4.0,4.0,4.0,1.0,5.0,4.0,3.0,3.0,1.0,2.0,4.0,5.0,1.0,1,3,7,2,7,7,3,3,6,3,1,1,1,1,1,0,0,0,0,1,1,0,1,1,1,1,4,3,2,2,38,1,1,2,60,1,1,2
11082,5.0,1.0,2.0,4.0,4.0,4.0,4.0,1.0,5.0,5.0,1.0,4.0,1.0,2.0,2.0,2.0,1.0,2.0,4.0,2.0,4,5,6,5,3,5,5,5,2,2,1,1,0,1,1,0,0,0,0,1,0,0,1,1,1,1,4,3,2,1,32,1,7,1,10,1,1,4
11083,3.0,4.0,5.0,5.0,2.0,5.0,4.0,2.0,5.0,5.0,3.0,2.0,1.0,4.0,3.0,2.0,5.0,2.0,5.0,1.0,3,4,4,5,7,4,5,6,4,3,1,1,1,1,1,0,0,1,0,1,0,0,1,1,0,1,3,1,2,2,24,1,1,2,70,2,1,2
11084,2.0,3.0,2.0,2.0,2.0,1.0,1.0,2.0,4.0,2.0,1.0,2.0,1.0,1.0,5.0,1.0,1.0,4.0,5.0,1.0,3,1,3,5,3,4,5,5,3,4,1,1,1,1,1,0,0,1,0,1,0,0,1,1,1,1,3,2,1,1,26,1,2,1,60,2,1,2
11085,3.0,3.0,1.0,2.0,4.0,1.0,1.0,2.0,4.0,2.0,1.0,2.0,1.0,2.0,4.0,3.0,2.0,3.0,4.0,2.0,5,6,4,6,3,3,7,2,5,5,1,1,0,1,1,0,0,0,0,1,0,0,1,1,1,1,3,2,1,2,32,1,2,1,60,1,2,2
11086,2.0,3.0,3.0,4.0,2.0,2.0,2.0,2.0,4.0,4.0,1.0,2.0,2.0,3.0,3.0,1.0,3.0,2.0,3.0,2.0,2,2,5,2,5,6,6,4,6,3,1,1,0,1,1,0,1,0,0,1,0,0,1,1,1,1,4,2,2,2,28,1,4,2,10,2,1,6
11087,5.0,3.0,3.0,3.0,4.0,1.0,1.0,4.0,2.0,1.0,1.0,5.0,4.0,1.0,4.0,2.0,1.0,4.0,5.0,4.0,3,7,5,7,4,2,6,1,1,4,1,0,0,0,1,0,0,1,0,1,0,0,1,1,1,1,2,3,1,0,20,1,1,2,70,2,1,5
11088,3.0,1.0,3.0,1.0,4.0,5.0,4.0,1.0,5.0,5.0,1.0,5.0,3.0,1.0,1.0,1.0,3.0,4.0,4.0,3.0,2,6,5,5,6,4,2,6,4,1,1,1,0,1,1,0,0,0,0,1,0,0,1,1,1,1,2,3,3,2,27,1,12,4,60,2,1,3
11089,5.0,5.0,2.0,3.0,3.0,1.0,2.0,4.0,4.0,2.0,2.0,4.0,4.0,2.0,3.0,2.0,1.0,4.0,5.0,1.0,7,5,6,5,5,2,7,5,5,3,0,1,0,0,1,0,0,0,0,1,0,0,1,1,1,1,4,2,2,1,24,1,6,1,60,1,2,2
11090,5.0,4.0,1.0,2.0,5.0,1.0,2.0,1.0,3.0,4.0,2.0,3.0,1.0,3.0,3.0,5.0,5.0,2.0,4.0,4.0,5,6,6,5,3,7,5,3,3,3,1,0,0,1,0,0,0,1,0,1,0,0,0,0,1,1,2,2,1,2,19,1,10,2,70,2,1,5
11091,4.0,3.0,1.0,1.0,2.0,1.0,1.0,3.0,5.0,2.0,1.0,2.0,1.0,1.0,5.0,1.0,5.0,5.0,5.0,1.0,2,6,6,1,7,7,6,6,7,1,1,1,0,1,1,1,0,0,0,1,0,0,1,1,1,1,4,1,1,1,26,1,1,1,60,1,1,2
11092,1.0,4.0,2.0,4.0,1.0,2.0,2.0,2.0,5.0,4.0,2.0,1.0,4.0,2.0,2.0,5.0,3.0,1.0,4.0,1.0,5,5,7,5,3,3,6,2,6,5,1,1,0,1,1,0,0,0,0,1,0,0,0,1,1,1,3,2,2,1,33,2,7,1,60,2,2,2
11093,4.0,5.0,2.0,2.0,4.0,3.0,2.0,4.0,4.0,2.0,2.0,5.0,4.0,2.0,4.0,3.0,3.0,3.0,4.0,1.0,3,5,4,5,4,4,5,3,5,5,1,1,0,1,1,0,0,0,0,1,0,0,1,0,1,1,4,2,1,1,25,1,1,2,60,2,1,3
11094,2.0,2.0,4.0,1.0,4.0,2.0,2.0,2.0,2.0,3.0,1.0,4.0,1.0,2.0,4.0,2.0,2.0,2.0,4.0,1.0,3,2,5,6,3,6,6,3,3,5,1,1,0,1,1,0,0,0,0,1,0,0,1,1,1,1,3,3,1,1,37,2,2,1,60,2,1,2
11095,2.0,3.0,2.0,2.0,3.0,3.0,2.0,4.0,5.0,2.0,3.0,4.0,4.0,1.0,3.0,5.0,2.0,3.0,5.0,4.0,3,7,6,1,6,4,4,1,7,3,1,0,0,1,1,0,0,0,0,1,0,0,1,0,1,1,2,2,1,2,20,1,2,1,60,1,1,2
11096,2.0,5.0,4.0,1.0,5.0,2.0,1.0,5.0,5.0,4.0,1.0,5.0,5.0,1.0,4.0,1.0,1.0,5.0,5.0,5.0,2,2,6,2,6,7,3,5,6,5,1,1,1,1,1,0,1,0,0,1,0,0,1,1,1,1,4,3,2,1,48,1,7,1,60,1,3,2
11097,5.0,1.0,1.0,1.0,1.0,1.0,1.0,5.0,4.0,1.0,1.0,5.0,5.0,1.0,5.0,1.0,1.0,5.0,5.0,4.0,1,1,6,2,6,7,1,3,6,3,1,1,1,1,1,0,1,0,0,1,0,0,1,1,1,1,3,2,1,1,52,2,4,1,60,1,1,6
11098,3.0,4.0,2.0,2.0,5.0,2.0,1.0,4.0,2.0,2.0,2.0,5.0,5.0,2.0,1.0,4.0,1.0,4.0,5.0,4.0,3,7,6,5,3,5,4,2,5,3,1,1,0,1,0,0,0,0,0,1,0,0,1,1,1,1,2,2,1,1,22,1,1,1,70,1,1,1
11099,5.0,5.0,1.0,4.0,5.0,1.0,1.0,4.0,2.0,1.0,1.0,5.0,4.0,1.0,5.0,1.0,1.0,4.0,5.0,5.0,2,6,6,3,6,7,5,1,2,3,1,1,0,1,1,0,1,0,0,1,1,0,1,1,1,1,3,3,1,1,32,1,1,2,60,1,1,0
11100,3.0,3.0,1.0,1.0,2.0,1.0,1.0,4.0,2.0,2.0,1.0,5.0,2.0,1.0,4.0,1.0,1.0,5.0,5.0,3.0,2,6,3,7,6,5,6,5,2,1,1,1,1,1,1,0,1,0,0,1,0,0,1,1,1,1,3,2,2,2,31,1,2,1,60,1,1,2
11101,4.0,3.0,2.0,5.0,5.0,1.0,1.0,3.0,3.0,2.0,1.0,5.0,1.0,3.0,2.0,2.0,5.0,5.0,5.0,1.0,4,4,4,5,5,4,4,3,4,3,1,1,1,1,1,0,0,0,0,1,0,1,1,1,1,1,3,3,1,2,31,1,4,1,10,1,1,1
11102,4.0,4.0,3.0,3.0,4.0,2.0,5.0,2.0,5.0,4.0,2.0,4.0,2.0,2.0,5.0,2.0,4.0,1.0,4.0,1.0,6,2,6,3,6,2,6,0,5,3,1,1,0,1,1,1,0,0,0,1,0,0,0,1,1,1,3,2,2,1,60,1,6,1,60,1,1,3
11103,5.0,5.0,1.0,1.0,5.0,1.0,1.0,4.0,5.0,1.0,1.0,4.0,5.0,1.0,1.0,1.0,1.0,5.0,5.0,1.0,1,6,7,5,3,6,7,1,3,3,1,1,1,1,1,0,0,1,0,1,0,0,0,1,1,1,3,1,1,2,31,1,1,1,60,1,2,3
11104,2.0,3.0,4.0,2.0,4.0,2.0,2.0,5.0,3.0,3.0,1.0,4.0,3.0,2.0,4.0,4.0,2.0,5.0,5.0,1.0,4,7,2,2,6,1,2,1,1,2,1,1,0,1,1,0,0,0,0,1,0,0,1,0,1,1,3,3,2,2,45,1,12,1,60,1,2,2
11105,5.0,5.0,2.0,2.0,4.0,2.0,1.0,5.0,2.0,2.0,2.0,5.0,3.0,2.0,5.0,1.0,2.0,4.0,4.0,2.0,6,5,5,6,7,2,5,5,3,2,1,1,0,1,1,0,0,1,0,1,0,0,0,1,1,1,3,3,2,2,21,1,7,1,10,2,1,1
11106,5.0,5.0,1.0,1.0,5.0,1.0,1.0,5.0,5.0,3.0,1.0,5.0,5.0,1.0,4.0,2.0,1.0,4.0,3.0,5.0,7,4,7,1,3,3,4,1,7,2,1,1,1,1,1,1,1,1,1,1,1,1,1,1,1,1,4,3,1,1,62,1,6,1,70,1,3,4
11107,5.0,5.0,2.0,2.0,5.0,1.0,1.0,4.0,3.0,3.0,1.0,5.0,2.0,1.0,4.0,1.0,1.0,5.0,5.0,5.0,0,0,0,0,0,0,0,0,0,0,1,1,1,1,1,0,0,1,1,1,0,0,1,1,1,1,4,3,1,2,24,1,2,1,60,1,1,1
11108,3.0,3.0,3.0,4.0,2.0,5.0,3.0,2.0,5.0,5.0,3.0,5.0,4.0,2.0,3.0,5.0,3.0,2.0,5.0,1.0,6,2,6,4,5,3,6,2,6,2,1,1,0,1,1,0,0,1,0,1,1,0,1,1,1,1,3,2,1,1,30,1,4,1,60,2,1,2
11109,2.0,4.0,5.0,5.0,2.0,4.0,4.0,4.0,5.0,4.0,3.0,2.0,1.0,4.0,3.0,5.0,2.0,2.0,2.0,1.0,3,2,3,6,6,6,6,5,3,1,1,1,1,1,1,0,0,1,0,1,1,0,1,1,1,1,3,2,2,1,38,2,1,2,60,1,2,1
11110,5.0,4.0,1.0,4.0,5.0,1.0,1.0,5.0,5.0,4.0,3.0,5.0,4.0,1.0,2.0,1.0,1.0,1.0,5.0,1.0,7,4,7,1,7,1,2,1,7,4,1,1,0,1,1,0,0,1,1,1,0,0,1,1,1,1,3,2,0,1,46,1,6,1,60,1,2,2
11111,4.0,2.0,5.0,4.0,5.0,4.0,5.0,4.0,5.0,4.0,1.0,5.0,1.0,1.0,1.0,5.0,2.0,4.0,1.0,1.0,6,1,7,5,7,7,6,3,5,2,1,1,0,1,1,0,0,0,0,1,0,0,0,1,1,1,3,2,2,2,26,1,10,1,20,2,1,3
11112,2.0,1.0,5.0,4.0,2.0,5.0,5.0,2.0,5.0,5.0,1.0,1.0,1.0,5.0,2.0,5.0,2.0,2.0,5.0,1.0,7,2,7,2,7,3,6,5,6,2,0,0,0,0,1,0,0,0,0,0,0,0,0,0,0,1,4,2,2,1,24,1,4,1,60,2,1,3
11113,2.0,2.0,2.0,4.0,4.0,2.0,2.0,3.0,4.0,4.0,2.0,1.0,4.0,2.0,4.0,2.0,3.0,4.0,5.0,3.0,4,5,4,5,6,7,5,6,6,4,1,1,1,1,1,0,0,0,0,1,1,0,1,1,1,1,2,3,1,2,39,1,1,1,60,1,1,2
11114,5.0,4.0,5.0,2.0,4.0,3.0,2.0,4.0,4.0,4.0,1.0,2.0,2.0,2.0,5.0,2.0,2.0,5.0,5.0,1.0,1,5,4,1,7,2,6,2,6,1,1,1,0,1,1,0,0,0,0,1,0,0,0,1,1,1,3,1,2,2,25,1,7,1,30,1,1,4
11115,1.0,1.0,1.0,1.0,1.0,5.0,5.0,1.0,5.0,5.0,1.0,1.0,1.0,4.0,1.0,5.0,5.0,1.0,5.0,1.0,1,5,5,6,5,5,6,1,1,5,1,1,0,1,1,0,0,0,0,1,0,0,0,0,1,1,2,1,2,1,34,1,0,1,60,2,2,2
11116,5.0,5.0,1.0,1.0,5.0,1.0,1.0,5.0,1.0,1.0,1.0,5.0,5.0,1.0,5.0,1.0,1.0,5.0,5.0,5.0,1,7,6,6,6,7,1,7,1,1,1,1,0,1,1,0,0,1,0,1,0,1,1,1,1,1,3,3,2,2,25,1,2,4,50,2,1,2
11117,4.0,2.0,1.0,2.0,4.0,4.0,3.0,4.0,5.0,5.0,1.0,5.0,2.0,1.0,4.0,3.0,4.0,4.0,4.0,1.0,6,1,7,1,5,4,5,1,6,4,1,1,1,1,1,0,1,1,0,1,1,0,1,1,1,1,4,2,1,1,47,1,2,1,60,1,3,5
11118,4.0,4.0,2.0,4.0,2.0,2.0,3.0,4.0,3.0,4.0,2.0,2.0,3.0,1.0,5.0,1.0,3.0,4.0,5.0,3.0,7,3,6,6,6,1,6,2,2,1,1,1,0,1,1,0,1,0,0,1,0,0,0,1,1,1,0,3,1,1,56,1,8,1,10,1,2,2
11119,2.0,4.0,5.0,4.0,2.0,2.0,1.0,2.0,5.0,2.0,1.0,4.0,1.0,5.0,4.0,2.0,3.0,4.0,5.0,4.0,5,3,7,5,6,5,7,2,3,3,1,1,0,1,1,0,0,0,0,1,0,0,0,1,1,1,4,3,2,2,31,1,4,3,60,2,1,2
11120,4.0,3.0,2.0,4.0,3.0,4.0,2.0,3.0,5.0,4.0,3.0,4.0,1.0,3.0,2.0,4.0,2.0,2.0,3.0,4.0,5,4,5,2,6,4,6,4,6,2,1,1,1,1,1,1,0,1,0,1,1,1,1,1,1,1,3,3,1,1,53,1,2,3,60,1,2,3
11121,4.0,5.0,2.0,2.0,4.0,1.0,1.0,5.0,1.0,1.0,1.0,4.0,4.0,1.0,4.0,1.0,1.0,5.0,5.0,2.0,2,5,6,5,5,5,5,3,5,4,1,1,0,1,1,0,0,0,0,1,0,0,1,1,1,1,3,3,1,1,40,1,2,1,60,1,1,3
11122,5.0,5.0,5.0,1.0,5.0,1.0,1.0,5.0,1.0,5.0,3.0,5.0,5.0,1.0,5.0,5.0,1.0,5.0,5.0,5.0,2,6,7,2,7,6,6,2,7,1,1,1,0,1,1,0,0,0,0,1,0,0,1,1,1,1,2,3,2,1,49,1,1,1,0,1,3,4
11123,4.0,4.0,2.0,2.0,4.0,2.0,2.0,4.0,4.0,2.0,1.0,5.0,4.0,2.0,4.0,2.0,1.0,5.0,4.0,2.0,2,5,6,6,3,6,6,2,3,5,1,0,0,1,0,0,0,0,0,1,0,0,0,1,1,1,3,3,1,2,34,1,4,1,60,1,1,2
11124,1.0,2.0,5.0,1.0,5.0,4.0,2.0,1.0,5.0,2.0,2.0,5.0,3.0,1.0,4.0,5.0,5.0,5.0,2.0,1.0,6,6,5,3,6,1,4,6,3,1,1,1,1,1,1,0,0,1,0,1,1,0,1,1,1,1,3,0,2,1,39,1,7,1,0,1,2,3
11125,5.0,4.0,3.0,1.0,5.0,2.0,2.0,4.0,4.0,2.0,1.0,4.0,4.0,2.0,5.0,2.0,2.0,4.0,5.0,4.0,2,5,3,5,4,3,5,6,2,1,1,1,0,1,1,0,0,1,0,1,1,0,1,1,1,1,2,2,1,1,23,1,1,2,60,2,1,3
11126,5.0,5.0,1.0,1.0,5.0,1.0,1.0,5.0,1.0,2.0,1.0,5.0,5.0,1.0,5.0,2.0,5.0,5.0,5.0,5.0,1,7,7,1,7,7,6,1,6,3,1,1,0,1,1,0,0,1,0,1,0,0,1,1,1,1,4,3,1,1,29,1,4,1,60,1,1,2
11127,2.0,2.0,4.0,2.0,4.0,4.0,5.0,2.0,5.0,1.0,2.0,5.0,1.0,3.0,3.0,2.0,5.0,2.0,2.0,1.0,2,6,6,6,7,3,6,2,4,2,1,1,1,1,1,0,1,1,0,1,0,0,0,1,0,1,3,3,2,2,32,1,6,1,70,2,2,3
11128,1.0,1.0,5.0,5.0,1.0,4.0,2.0,4.0,5.0,5.0,2.0,1.0,2.0,4.0,1.0,5.0,3.0,4.0,3.0,1.0,2,1,6,5,5,5,5,1,5,3,1,1,0,1,1,0,0,0,0,1,0,0,1,1,1,1,4,3,1,1,46,1,6,1,60,1,2,2
11129,1.0,1.0,5.0,4.0,1.0,4.0,4.0,1.0,5.0,5.0,3.0,4.0,1.0,2.0,1.0,1.0,1.0,1.0,3.0,1.0,3,5,3,5,5,6,5,5,6,4,1,1,0,1,1,0,0,0,0,1,0,0,0,1,1,1,3,3,1,2,38,2,1,1,60,2,1,1
11130,3.0,1.0,4.0,3.0,3.0,4.0,2.0,2.0,5.0,4.0,2.0,3.0,1.0,2.0,2.0,2.0,5.0,4.0,3.0,1.0,3,1,4,5,5,4,7,3,4,2,1,1,0,1,1,0,0,1,0,1,0,0,1,0,1,1,2,3,2,2,32,1,7,1,60,2,1,2
11131,3.0,1.0,2.0,4.0,2.0,1.0,2.0,4.0,5.0,4.0,2.0,4.0,2.0,4.0,4.0,5.0,4.0,1.0,5.0,1.0,1,1,6,5,7,6,7,2,5,2,1,1,0,1,1,0,0,1,0,1,0,0,1,1,1,1,2,3,1,1,22,1,1,1,60,2,1,1
11132,2.0,2.0,4.0,4.0,2.0,2.0,2.0,4.0,5.0,5.0,2.0,2.0,1.0,2.0,3.0,4.0,2.0,4.0,4.0,1.0,5,2,2,5,6,5,6,5,5,2,1,1,0,1,1,0,0,0,0,1,0,0,1,1,1,1,3,2,2,1,42,1,1,1,60,1,2,3
11133,1.0,1.0,3.0,5.0,1.0,5.0,3.0,1.0,5.0,5.0,4.0,2.0,1.0,5.0,1.0,3.0,5.0,1.0,3.0,1.0,4,2,6,1,5,5,6,1,7,3,1,1,0,1,1,0,0,0,0,1,0,0,0,1,1,1,2,1,1,2,22,1,4,1,60,1,1,1
11134,5.0,3.0,2.0,1.0,5.0,3.0,1.0,2.0,4.0,3.0,1.0,2.0,5.0,1.0,4.0,1.0,2.0,4.0,5.0,5.0,2,5,6,5,6,7,6,1,3,1,1,1,0,1,1,0,0,0,0,1,0,0,1,1,1,1,2,3,2,1,19,1,12,1,60,2,1,5
11135,5.0,5.0,1.0,1.0,5.0,1.0,1.0,5.0,5.0,1.0,1.0,5.0,5.0,1.0,4.0,1.0,1.0,5.0,4.0,5.0,1,4,7,1,5,7,2,1,7,1,1,1,0,1,1,0,0,0,0,1,0,0,1,1,1,1,3,3,1,1,29,1,2,2,10,2,1,2
11136,2.0,2.0,5.0,5.0,3.0,4.0,2.0,1.0,5.0,5.0,5.0,2.0,1.0,4.0,3.0,5.0,2.0,3.0,5.0,1.0,2,1,7,1,7,6,6,1,6,2,1,1,1,1,1,0,1,1,0,1,0,0,1,1,1,1,4,3,2,1,56,1,6,1,60,1,2,3
11137,5.0,5.0,1.0,3.0,5.0,2.0,1.0,5.0,2.0,2.0,1.0,4.0,5.0,2.0,5.0,1.0,1.0,5.0,5.0,1.0,3,2,3,4,5,5,6,7,2,1,1,1,0,1,1,0,0,0,0,1,1,0,1,1,1,1,3,2,1,1,32,1,12,3,60,1,1,2
11138,5.0,4.0,5.0,4.0,4.0,1.0,1.0,4.0,5.0,1.0,2.0,2.0,2.0,3.0,5.0,2.0,1.0,4.0,5.0,1.0,3,1,6,5,5,5,7,2,7,4,1,1,0,1,1,0,0,0,0,1,0,0,1,1,1,1,3,1,1,1,28,1,4,1,60,1,1,2
11139,3.0,5.0,2.0,4.0,4.0,2.0,2.0,1.0,4.0,5.0,2.0,2.0,4.0,2.0,4.0,2.0,4.0,4.0,5.0,1.0,5,6,6,2,6,5,6,3,5,4,1,1,0,1,1,0,0,0,0,1,0,0,1,1,1,1,3,2,1,2,26,1,1,1,60,2,1,2
11140,2.0,5.0,2.0,2.0,4.0,2.0,2.0,4.0,4.0,2.0,1.0,4.0,1.0,3.0,2.0,4.0,2.0,2.0,2.0,2.0,3,1,7,2,5,5,6,1,7,3,1,1,0,1,1,1,0,1,0,1,0,1,1,1,1,1,3,2,2,1,21,1,6,1,60,1,1,2
11141,2.0,2.0,4.0,3.0,2.0,4.0,2.0,4.0,5.0,5.0,2.0,4.0,2.0,1.0,3.0,1.0,3.0,4.0,5.0,3.0,5,5,6,6,6,3,7,1,4,2,0,1,0,1,1,0,0,0,0,1,0,0,1,1,1,1,3,2,2,1,31,1,1,1,10,1,1,0
11142,2.0,2.0,4.0,3.0,3.0,4.0,1.0,3.0,3.0,4.0,1.0,4.0,3.0,1.0,2.0,4.0,2.0,3.0,5.0,3.0,3,3,4,3,5,3,6,5,7,3,1,1,0,1,1,1,0,0,0,1,0,0,1,1,1,1,2,2,2,1,28,2,12,1,60,2,2,1
11143,1.0,1.0,3.0,1.0,5.0,5.0,5.0,4.0,5.0,5.0,1.0,5.0,3.0,1.0,1.0,1.0,1.0,5.0,5.0,1.0,2,7,6,7,4,7,1,6,1,7,1,1,0,1,1,0,0,1,0,1,0,0,0,1,1,1,4,2,2,1,40,1,1,2,30,1,3,2
11144,5.0,4.0,2.0,3.0,5.0,2.0,1.0,5.0,2.0,1.0,1.0,4.0,5.0,2.0,5.0,2.0,1.0,5.0,5.0,2.0,2,6,3,5,6,3,4,0,1,1,1,1,0,1,1,0,0,0,0,1,0,0,1,1,1,1,3,2,1,1,20,1,2,1,60,1,1,3
11145,1.0,2.0,4.0,5.0,1.0,3.0,2.0,1.0,5.0,5.0,5.0,5.0,1.0,4.0,4.0,4.0,5.0,4.0,5.0,1.0,6,7,4,7,7,2,7,5,2,4,1,1,1,1,1,0,0,1,0,1,0,1,0,1,1,1,3,3,1,2,33,1,4,3,60,2,2,2
11146,3.0,4.0,5.0,5.0,2.0,2.0,1.0,1.0,3.0,2.0,3.0,5.0,1.0,2.0,5.0,5.0,1.0,3.0,5.0,1.0,1,5,7,1,6,3,4,3,7,2,1,0,0,1,1,0,1,0,0,1,0,0,1,1,1,1,3,1,1,1,31,1,1,1,60,1,2,2
11147,4.0,3.0,1.0,4.0,4.0,1.0,1.0,4.0,3.0,5.0,1.0,5.0,5.0,2.0,3.0,4.0,1.0,4.0,5.0,1.0,6,5,7,3,7,1,5,5,6,2,1,1,1,1,1,1,0,0,0,1,0,0,1,1,1,1,2,1,1,1,33,2,1,1,60,1,1,1
11148,5.0,1.0,1.0,1.0,1.0,5.0,5.0,2.0,5.0,1.0,5.0,1.0,1.0,1.0,1.0,1.0,1.0,1.0,1.0,2.0,5,2,5,2,6,4,6,3,6,6,0,0,0,0,0,0,0,0,0,0,0,1,0,0,0,0,4,3,2,2,44,1,6,1,50,1,3,3
11149,5.0,4.0,3.0,2.0,4.0,1.0,1.0,5.0,2.0,1.0,1.0,5.0,4.0,1.0,5.0,2.0,1.0,5.0,5.0,2.0,7,1,6,2,5,2,6,1,5,1,1,1,1,1,1,1,1,0,0,1,0,0,1,1,1,1,4,2,2,1,48,1,7,1,60,1,2,4
11150,4.0,4.0,4.0,2.0,1.0,2.0,1.0,5.0,5.0,4.0,3.0,4.0,1.0,1.0,4.0,2.0,2.0,3.0,4.0,1.0,7,5,7,1,5,3,3,5,7,3,1,1,0,1,1,0,0,0,0,1,0,0,1,1,1,1,4,2,1,1,32,1,6,1,60,1,2,2
11151,1.0,2.0,4.0,5.0,1.0,2.0,2.0,1.0,5.0,5.0,5.0,2.0,1.0,4.0,4.0,1.0,5.0,1.0,1.0,1.0,5,2,6,1,6,5,6,2,7,5,1,1,0,1,1,0,0,0,0,1,0,0,1,1,1,1,3,2,1,1,27,1,6,1,60,1,2,2
11152,3.0,2.0,2.0,4.0,2.0,1.0,2.0,3.0,4.0,3.0,3.0,5.0,3.0,5.0,2.0,2.0,1.0,5.0,2.0,1.0,6,4,6,5,7,1,5,2,2,2,0,0,0,0,0,1,0,1,1,0,0,0,0,0,0,0,4,1,1,1,47,1,4,1,60,1,2,5
11153,2.0,2.0,3.0,4.0,2.0,3.0,2.0,1.0,4.0,5.0,3.0,3.0,1.0,4.0,2.0,4.0,3.0,1.0,5.0,5.0,5,5,6,2,6,5,6,2,6,4,1,1,1,1,1,0,0,0,0,1,0,0,1,0,0,1,4,2,1,1,44,1,4,1,60,1,2,2
11154,5.0,5.0,4.0,1.0,4.0,1.0,1.0,5.0,2.0,2.0,1.0,5.0,4.0,1.0,5.0,1.0,1.0,5.0,5.0,3.0,5,5,5,5,4,5,5,2,3,6,1,1,0,1,1,0,0,1,0,1,0,1,1,1,1,1,3,3,2,1,23,1,10,1,10,2,1,2
11155,2.0,2.0,1.0,4.0,1.0,1.0,1.0,1.0,4.0,4.0,2.0,2.0,1.0,4.0,3.0,2.0,3.0,2.0,5.0,1.0,2,5,6,2,6,5,5,3,5,3,1,1,1,1,1,0,1,0,0,1,0,0,1,1,1,1,3,2,2,1,33,1,5,1,60,1,1,4
11156,2.0,1.0,1.0,1.0,4.0,5.0,5.0,4.0,5.0,2.0,3.0,3.0,1.0,3.0,3.0,5.0,5.0,1.0,1.0,2.0,3,3,5,6,5,6,6,5,6,3,1,1,1,1,1,1,0,1,0,1,0,0,1,0,1,1,3,2,1,1,55,1,6,1,60,1,2,1
11157,5.0,5.0,5.0,4.0,5.0,1.0,1.0,5.0,5.0,1.0,1.0,5.0,5.0,1.0,5.0,1.0,3.0,5.0,1.0,1.0,1,6,3,2,5,7,6,5,7,1,1,1,0,1,1,0,0,0,0,1,1,0,0,1,1,1,3,3,1,2,22,1,10,1,20,2,1,2
11158,4.0,1.0,4.0,5.0,2.0,1.0,1.0,2.0,5.0,5.0,2.0,4.0,5.0,3.0,5.0,5.0,1.0,3.0,5.0,4.0,7,5,6,7,5,1,7,1,2,4,1,1,0,1,1,0,0,1,0,1,0,0,1,1,1,1,4,3,2,1,40,1,12,2,60,1,2,2
11159,1.0,2.0,2.0,4.0,1.0,4.0,2.0,2.0,5.0,5.0,4.0,1.0,2.0,5.0,2.0,5.0,2.0,2.0,5.0,1.0,3,5,7,6,5,7,7,3,4,4,1,1,1,1,1,0,0,1,0,1,0,0,1,1,1,1,3,2,2,1,27,1,12,1,60,2,1,3
11160,4.0,5.0,1.0,1.0,5.0,1.0,1.0,5.0,4.0,1.0,1.0,5.0,5.0,1.0,4.0,1.0,1.0,5.0,5.0,5.0,5,6,4,2,5,5,2,7,6,5,1,1,1,1,1,0,0,1,0,1,0,0,1,1,1,1,2,3,1,1,25,2,2,1,60,2,1,2
11161,4.0,2.0,5.0,4.0,4.0,5.0,2.0,1.0,5.0,2.0,1.0,5.0,1.0,1.0,5.0,2.0,3.0,4.0,5.0,1.0,7,3,7,6,2,3,6,3,2,5,1,1,0,1,1,0,0,0,0,1,0,0,1,1,1,1,2,3,2,1,22,1,6,1,60,2,1,2
11162,5.0,4.0,2.0,3.0,5.0,1.0,1.0,5.0,3.0,3.0,1.0,5.0,4.0,2.0,5.0,2.0,1.0,4.0,5.0,3.0,5,5,6,5,7,6,5,1,4,2,1,1,1,1,1,0,0,0,0,1,0,0,1,1,1,1,3,1,2,1,23,1,2,1,60,1,1,2
11163,1.0,1.0,1.0,5.0,3.0,5.0,5.0,1.0,5.0,5.0,3.0,1.0,1.0,5.0,3.0,5.0,3.0,1.0,4.0,1.0,7,2,7,1,7,1,7,2,7,2,1,1,0,1,1,0,0,0,0,1,0,0,1,1,1,1,3,3,1,1,58,1,6,1,60,1,2,7
11164,2.0,2.0,4.0,2.0,4.0,4.0,2.0,4.0,4.0,5.0,1.0,4.0,2.0,1.0,3.0,3.0,2.0,1.0,5.0,4.0,6,6,7,6,3,5,5,3,3,2,1,1,0,1,1,0,0,0,0,1,0,0,0,1,1,1,3,2,2,1,22,1,1,1,60,1,2,2
11165,2.0,2.0,5.0,5.0,1.0,4.0,4.0,1.0,5.0,5.0,1.0,2.0,1.0,5.0,1.0,1.0,1.0,1.0,5.0,1.0,7,2,6,1,7,3,7,1,7,3,1,1,1,1,1,1,0,0,0,1,0,1,1,1,1,1,4,1,2,1,36,1,6,1,60,1,3,3
11166,2.0,5.0,2.0,1.0,4.0,4.0,1.0,2.0,5.0,4.0,1.0,2.0,2.0,1.0,2.0,2.0,2.0,3.0,4.0,2.0,5,6,7,5,7,7,6,5,5,3,1,1,0,1,1,0,0,0,0,1,0,0,1,1,1,1,3,1,3,2,20,1,9,5,70,2,1,3
11167,2.0,2.0,4.0,3.0,2.0,2.0,2.0,2.0,2.0,1.0,2.0,5.0,1.0,3.0,4.0,4.0,5.0,4.0,2.0,1.0,2,5,5,2,6,5,3,2,5,6,1,1,0,1,1,0,0,0,0,1,0,0,1,1,1,1,3,2,2,2,22,3,7,1,60,2,1,1
11168,4.0,3.0,3.0,1.0,4.0,5.0,1.0,5.0,3.0,2.0,2.0,5.0,1.0,1.0,3.0,3.0,1.0,3.0,5.0,2.0,5,4,6,7,5,4,6,3,3,4,1,1,0,1,1,0,0,0,0,1,0,1,1,1,1,1,2,1,1,1,19,1,2,1,60,2,1,1
11169,4.0,5.0,4.0,4.0,2.0,2.0,2.0,1.0,5.0,5.0,2.0,4.0,4.0,2.0,5.0,2.0,2.0,5.0,5.0,1.0,5,3,2,2,3,4,7,3,6,2,1,1,0,1,1,0,0,0,0,1,0,0,1,1,1,1,3,2,2,1,27,2,1,1,60,2,1,4
11170,1.0,2.0,5.0,5.0,4.0,4.0,4.0,1.0,5.0,5.0,3.0,1.0,1.0,3.0,3.0,4.0,3.0,1.0,4.0,1.0,1,3,6,6,6,6,6,5,1,3,1,1,0,1,1,0,0,0,0,1,0,0,1,1,1,1,2,2,2,1,20,1,1,2,70,1,1,4
11171,1.0,1.0,4.0,5.0,4.0,5.0,4.0,1.0,5.0,5.0,4.0,1.0,1.0,3.0,4.0,5.0,4.0,2.0,4.0,1.0,1,3,5,6,6,6,6,5,1,3,1,1,0,1,1,0,0,0,0,1,0,0,1,1,1,1,2,2,2,1,20,1,1,2,70,1,1,4
11172,4.0,4.0,3.0,4.0,4.0,2.0,2.0,2.0,5.0,2.0,2.0,5.0,1.0,4.0,4.0,3.0,1.0,4.0,5.0,1.0,2,3,6,6,5,5,7,4,6,7,1,1,1,1,1,1,1,0,0,1,0,1,1,1,1,1,4,2,2,1,37,1,12,1,60,1,3,2
11173,1.0,2.0,4.0,5.0,3.0,4.0,2.0,1.0,5.0,5.0,3.0,2.0,1.0,3.0,2.0,1.0,5.0,2.0,5.0,1.0,2,2,3,3,5,6,5,6,6,5,1,1,0,1,1,0,1,1,0,1,0,0,1,1,1,1,3,1,1,2,26,2,1,1,60,2,1,2
11174,1.0,1.0,2.0,4.0,2.0,4.0,2.0,5.0,4.0,2.0,1.0,1.0,3.0,2.0,4.0,2.0,3.0,4.0,5.0,1.0,7,2,5,2,3,2,7,5,5,4,1,1,0,1,1,0,0,0,0,1,0,0,1,1,1,1,2,2,2,1,22,1,9,1,60,2,1,2
11175,2.0,2.0,4.0,4.0,4.0,1.0,2.0,2.0,4.0,2.0,2.0,2.0,1.0,1.0,4.0,1.0,3.0,4.0,5.0,1.0,6,6,5,6,5,2,7,6,3,3,1,1,0,1,1,0,0,0,0,1,0,0,1,1,1,1,4,2,2,1,28,1,9,4,60,1,1,3
11176,1.0,2.0,3.0,2.0,3.0,2.0,1.0,2.0,4.0,4.0,1.0,4.0,1.0,1.0,4.0,2.0,2.0,3.0,5.0,1.0,3,3,6,2,7,6,6,2,5,2,1,1,0,1,1,0,0,0,0,1,0,0,0,1,1,1,3,2,2,1,22,2,1,1,60,1,1,2
11177,3.0,2.0,3.0,2.0,2.0,1.0,1.0,2.0,3.0,3.0,1.0,2.0,2.0,1.0,4.0,1.0,2.0,4.0,5.0,3.0,2,4,5,5,5,4,5,3,5,4,1,1,0,1,1,0,0,1,0,1,0,0,1,1,1,1,3,2,1,1,24,1,9,1,60,2,1,2
11178,5.0,5.0,5.0,3.0,5.0,3.0,2.0,5.0,5.0,2.0,2.0,5.0,3.0,3.0,4.0,5.0,3.0,4.0,3.0,5.0,6,7,5,4,7,6,7,5,7,1,1,0,0,1,1,0,0,0,0,1,0,0,1,1,1,1,3,3,1,2,25,1,4,1,10,1,1,1
11179,5.0,3.0,5.0,5.0,5.0,5.0,5.0,5.0,5.0,4.0,3.0,3.0,5.0,4.0,3.0,3.0,3.0,4.0,5.0,1.0,5,5,4,7,7,4,5,4,5,4,0,0,0,0,0,0,0,0,0,1,0,0,0,0,0,1,4,3,2,2,30,1,3,1,10,2,1,3
11180,3.0,3.0,4.0,4.0,4.0,2.0,2.0,4.0,4.0,4.0,3.0,2.0,1.0,2.0,3.0,4.0,3.0,2.0,5.0,1.0,5,5,6,5,7,3,5,5,4,2,1,1,1,1,1,0,0,1,0,1,1,0,1,1,1,1,3,2,2,1,30,1,1,1,60,1,1,2
11181,1.0,1.0,1.0,1.0,5.0,1.0,1.0,2.0,5.0,4.0,4.0,5.0,4.0,5.0,1.0,1.0,1.0,1.0,4.0,4.0,5,5,6,5,6,3,6,6,2,1,1,1,1,1,1,0,0,0,0,1,0,0,1,1,1,1,3,2,2,1,34,1,6,1,60,1,2,3
11182,4.0,2.0,5.0,4.0,1.0,1.0,1.0,1.0,5.0,2.0,1.0,1.0,1.0,5.0,5.0,3.0,4.0,3.0,5.0,1.0,3,2,6,2,7,7,7,5,7,4,1,1,0,1,1,0,0,1,0,1,0,0,1,1,1,1,4,2,2,1,32,1,4,1,60,1,2,2
11183,5.0,5.0,2.0,1.0,5.0,2.0,2.0,4.0,3.0,3.0,3.0,4.0,5.0,2.0,4.0,2.0,2.0,5.0,5.0,4.0,2,6,4,5,4,6,3,4,4,2,1,1,1,1,1,1,0,1,1,1,0,1,1,1,1,1,1,1,1,1,16,1,6,1,60,2,1,4
11184,5.0,5.0,4.0,3.0,5.0,1.0,1.0,5.0,3.0,4.0,1.0,5.0,5.0,2.0,5.0,2.0,4.0,5.0,5.0,1.0,5,1,6,1,1,1,7,4,6,2,1,1,1,1,1,0,1,0,0,1,0,0,1,1,1,1,3,3,2,1,21,1,10,1,30,2,1,7
11185,5.0,3.0,2.0,2.0,4.0,1.0,2.0,4.0,4.0,2.0,1.0,5.0,3.0,1.0,3.0,2.0,1.0,4.0,3.0,2.0,3,6,6,4,6,6,3,4,6,3,1,1,1,1,1,0,1,1,0,1,0,0,1,1,1,1,3,2,1,1,27,1,1,1,60,1,1,3
11186,4.0,4.0,3.0,1.0,1.0,1.0,1.0,4.0,5.0,4.0,1.0,1.0,2.0,1.0,4.0,1.0,1.0,5.0,4.0,1.0,7,3,5,7,7,7,7,5,1,1,1,1,1,1,1,1,1,1,0,1,0,1,1,1,1,1,3,1,2,1,30,1,6,1,60,1,2,2
11187,5.0,4.0,2.0,2.0,4.0,1.0,1.0,2.0,1.0,5.0,1.0,5.0,3.0,1.0,4.0,1.0,3.0,5.0,5.0,1.0,6,4,5,1,7,1,4,5,6,1,1,1,1,1,1,0,1,1,0,1,0,0,1,1,1,1,4,3,1,2,26,1,2,1,10,2,1,2
11188,3.0,4.0,2.0,3.0,3.0,1.0,2.0,4.0,5.0,5.0,1.0,4.0,1.0,4.0,1.0,1.0,2.0,3.0,5.0,1.0,1,5,6,7,6,6,6,5,2,1,1,1,1,1,1,0,1,1,0,1,1,1,1,1,1,1,3,3,2,1,41,2,1,1,60,1,2,4
11189,1.0,2.0,2.0,4.0,2.0,2.0,2.0,1.0,5.0,4.0,2.0,1.0,1.0,3.0,2.0,3.0,3.0,4.0,4.0,1.0,3,4,2,5,7,5,5,5,5,2,1,1,1,1,1,0,1,1,0,1,1,0,1,1,1,1,4,2,3,1,39,1,1,2,60,1,2,1
11190,4.0,5.0,5.0,5.0,5.0,4.0,4.0,4.0,5.0,4.0,4.0,5.0,2.0,4.0,5.0,4.0,4.0,5.0,4.0,4.0,5,5,7,5,6,6,6,5,6,6,1,1,0,1,1,0,1,0,0,1,0,0,0,1,1,1,4,1,1,2,43,1,8,1,10,1,2,4
11191,3.0,2.0,4.0,4.0,4.0,2.0,1.0,1.0,5.0,5.0,1.0,1.0,2.0,2.0,3.0,2.0,3.0,4.0,4.0,1.0,3,5,1,6,5,5,7,6,5,5,1,1,1,1,1,0,0,0,0,1,0,0,0,1,1,1,2,3,2,2,27,1,1,1,60,1,1,2
11192,4.0,4.0,4.0,4.0,5.0,3.0,4.0,4.0,4.0,5.0,4.0,3.0,2.0,3.0,4.0,3.0,4.0,4.0,5.0,2.0,5,5,6,3,3,5,6,2,5,2,1,1,1,1,1,0,1,1,0,1,0,1,1,1,1,1,4,3,1,1,70,1,12,1,60,1,2,3
11193,3.0,4.0,3.0,2.0,4.0,3.0,1.0,2.0,4.0,1.0,1.0,4.0,3.0,2.0,5.0,2.0,1.0,5.0,5.0,4.0,6,7,7,5,3,3,6,2,6,5,1,1,0,1,1,1,0,0,0,1,0,0,0,1,1,1,3,2,1,2,22,1,4,1,60,1,1,2
11194,5.0,5.0,1.0,3.0,5.0,1.0,5.0,5.0,3.0,2.0,1.0,5.0,5.0,1.0,5.0,5.0,1.0,4.0,4.0,1.0,1,1,4,1,7,7,4,4,6,1,1,1,0,1,1,0,0,0,0,1,0,1,1,1,1,1,3,2,1,2,22,1,2,1,10,2,1,2
11195,5.0,5.0,1.0,1.0,5.0,1.0,1.0,5.0,1.0,2.0,1.0,5.0,4.0,1.0,4.0,5.0,1.0,3.0,5.0,3.0,6,7,5,5,7,4,6,7,6,3,1,0,0,1,0,0,0,0,0,1,0,0,0,0,1,1,3,3,2,2,34,1,12,1,10,1,1,4
11196,5.0,5.0,1.0,4.0,3.0,2.0,1.0,5.0,2.0,2.0,2.0,5.0,5.0,3.0,5.0,2.0,4.0,5.0,5.0,4.0,2,6,6,1,4,4,1,2,6,3,1,1,1,1,1,1,1,1,0,1,1,0,1,1,1,1,2,2,1,1,17,3,6,1,60,2,1,3
11197,2.0,2.0,2.0,5.0,1.0,2.0,2.0,1.0,4.0,4.0,1.0,1.0,1.0,3.0,2.0,5.0,2.0,3.0,5.0,1.0,2,2,7,4,5,5,6,2,5,4,1,1,0,1,1,0,0,1,0,1,0,0,0,1,1,1,3,2,2,1,20,1,7,1,60,2,1,2
11198,3.0,2.0,4.0,4.0,2.0,4.0,2.0,2.0,4.0,5.0,2.0,4.0,4.0,3.0,5.0,1.0,3.0,4.0,3.0,3.0,7,5,6,2,5,2,6,1,3,5,1,1,0,1,1,0,0,0,0,1,0,0,1,1,1,1,4,3,1,1,29,1,7,1,30,1,2,2
11199,4.0,4.0,2.0,2.0,4.0,2.0,2.0,3.0,3.0,3.0,1.0,4.0,4.0,1.0,3.0,1.0,2.0,4.0,5.0,5.0,2,6,6,5,5,6,3,2,5,3,1,1,1,1,1,1,1,1,0,1,0,0,1,1,1,1,3,3,2,1,23,1,2,4,60,2,1,2
11200,2.0,2.0,2.0,5.0,3.0,4.0,1.0,2.0,4.0,2.0,2.0,3.0,4.0,4.0,4.0,5.0,3.0,3.0,5.0,1.0,5,3,3,5,7,5,6,7,3,3,1,1,1,1,1,0,0,0,0,1,1,0,1,1,1,1,3,1,2,1,34,1,1,2,60,1,3,3
11201,2.0,2.0,3.0,4.0,2.0,2.0,2.0,2.0,5.0,4.0,1.0,4.0,2.0,3.0,4.0,3.0,1.0,1.0,5.0,1.0,1,3,6,6,4,6,6,1,5,5,1,1,0,1,1,0,0,1,0,1,1,0,1,1,1,1,3,2,2,1,30,1,2,1,60,1,1,1
11202,2.0,1.0,5.0,2.0,5.0,5.0,5.0,4.0,4.0,3.0,3.0,2.0,4.0,5.0,3.0,5.0,5.0,4.0,2.0,5.0,6,3,7,3,7,1,6,3,4,1,1,0,0,1,1,0,0,0,1,1,0,0,0,0,1,1,1,2,1,1,14,1,4,0,60,2,1,3
11203,5.0,5.0,5.0,1.0,3.0,1.0,1.0,4.0,5.0,5.0,1.0,3.0,4.0,2.0,4.0,1.0,4.0,4.0,5.0,1.0,1,3,3,6,4,7,5,7,2,3,1,1,1,1,1,0,0,0,0,1,0,0,1,1,1,1,1,2,2,1,14,2,12,1,60,2,1,1
11204,3.0,2.0,1.0,2.0,5.0,3.0,2.0,3.0,3.0,4.0,1.0,4.0,5.0,2.0,2.0,4.0,1.0,5.0,5.0,1.0,7,5,5,2,7,1,6,5,7,2,1,1,0,1,1,0,1,0,1,0,0,0,1,1,0,1,2,2,1,1,15,1,4,1,60,2,1,3
11205,1.0,5.0,2.0,3.0,3.0,3.0,4.0,2.0,5.0,5.0,1.0,1.0,5.0,3.0,4.0,4.0,2.0,1.0,1.0,1.0,4,4,0,1,7,2,7,2,7,1,0,0,0,0,0,0,0,0,0,0,0,0,0,0,0,1,2,2,1,1,15,1,4,1,60,2,1,5
11206,1.0,2.0,2.0,2.0,3.0,2.0,2.0,3.0,4.0,5.0,1.0,4.0,3.0,2.0,4.0,1.0,2.0,5.0,4.0,2.0,1,2,6,4,6,7,2,1,7,6,1,1,1,1,1,0,1,0,0,1,0,1,1,1,1,1,4,2,1,1,71,1,7,1,60,1,2,3
11207,3.0,2.0,3.0,4.0,2.0,4.0,2.0,4.0,5.0,3.0,4.0,4.0,1.0,2.0,1.0,5.0,2.0,3.0,4.0,4.0,5,2,6,5,6,6,5,2,6,2,1,1,0,1,1,0,0,1,1,1,1,1,1,1,1,1,3,1,1,2,44,1,1,1,60,1,1,3
11208,4.0,4.0,1.0,1.0,4.0,1.0,1.0,1.0,1.0,1.0,1.0,3.0,3.0,1.0,3.0,1.0,1.0,2.0,5.0,4.0,7,5,2,1,7,1,2,2,7,1,1,1,1,1,1,0,0,1,0,1,1,0,1,1,1,1,2,2,1,1,35,1,1,1,60,2,2,3
11209,5.0,5.0,1.0,3.0,5.0,1.0,1.0,4.0,1.0,3.0,1.0,5.0,3.0,2.0,4.0,1.0,1.0,2.0,5.0,3.0,6,4,6,4,7,4,3,2,4,2,1,1,1,1,1,0,1,1,1,1,0,0,0,1,1,1,2,1,2,2,16,1,12,1,60,2,1,4
11210,5.0,4.0,3.0,2.0,3.0,1.0,1.0,2.0,3.0,2.0,2.0,4.0,4.0,1.0,3.0,1.0,3.0,4.0,5.0,4.0,1,5,4,5,7,7,4,4,5,2,1,1,1,1,1,0,1,1,0,1,1,0,1,1,1,1,3,1,2,1,24,1,1,4,60,1,1,2
11211,5.0,2.0,2.0,1.0,5.0,1.0,3.0,1.0,4.0,2.0,1.0,5.0,5.0,1.0,4.0,5.0,2.0,2.0,5.0,5.0,1,4,5,1,5,6,4,2,4,4,1,1,1,1,1,0,0,0,0,1,0,1,0,1,1,1,3,1,1,1,19,1,7,1,60,1,1,3
11212,1.0,4.0,1.0,4.0,5.0,3.0,4.0,2.0,5.0,4.0,2.0,1.0,1.0,1.0,4.0,4.0,1.0,1.0,3.0,1.0,1,3,7,7,3,6,2,1,3,3,1,0,0,1,1,0,0,0,0,1,0,0,1,0,1,1,3,3,2,1,23,1,1,1,70,1,1,2
11213,3.0,4.0,2.0,3.0,4.0,1.0,1.0,3.0,4.0,2.0,1.0,4.0,4.0,4.0,4.0,2.0,1.0,4.0,5.0,4.0,4,6,2,7,5,5,7,5,2,3,1,1,0,1,1,0,0,0,0,0,0,0,0,0,1,1,3,3,2,1,31,1,1,1,60,1,1,4
11214,5.0,5.0,4.0,1.0,5.0,3.0,2.0,5.0,4.0,2.0,1.0,5.0,4.0,1.0,4.0,1.0,1.0,5.0,5.0,5.0,2,7,7,5,6,7,4,3,6,2,1,1,1,1,1,1,1,1,0,1,0,1,1,1,1,1,3,1,1,1,41,2,6,1,60,1,2,2
11215,3.0,1.0,1.0,1.0,2.0,4.0,1.0,2.0,5.0,4.0,2.0,4.0,4.0,3.0,4.0,2.0,1.0,4.0,5.0,2.0,3,6,7,1,7,5,6,1,6,5,1,1,1,1,1,0,0,1,1,1,1,0,1,1,1,1,3,2,1,1,23,1,1,1,60,1,1,4
11216,5.0,4.0,3.0,1.0,5.0,1.0,1.0,5.0,2.0,3.0,1.0,5.0,5.0,1.0,3.0,1.0,1.0,4.0,5.0,3.0,3,6,4,7,6,3,4,6,2,7,1,1,1,1,1,0,0,1,0,1,0,1,1,1,1,1,2,2,3,1,28,1,12,5,60,2,1,2
11217,5.0,2.0,2.0,2.0,4.0,2.0,1.0,2.0,2.0,3.0,1.0,5.0,5.0,1.0,5.0,5.0,1.0,2.0,5.0,4.0,2,7,6,1,7,3,1,6,3,3,1,0,0,1,1,0,0,0,0,1,0,0,0,1,1,1,4,2,1,2,23,1,2,1,60,1,1,1
11218,2.0,4.0,1.0,4.0,5.0,4.0,1.0,4.0,4.0,5.0,4.0,1.0,5.0,1.0,5.0,4.0,1.0,4.0,5.0,1.0,6,6,6,2,5,5,7,2,6,3,1,1,0,1,1,0,0,0,0,1,0,0,1,1,1,1,3,1,1,1,22,1,7,1,60,2,1,4
11219,5.0,5.0,3.0,4.0,4.0,4.0,2.0,2.0,4.0,4.0,2.0,5.0,4.0,1.0,1.0,1.0,3.0,4.0,3.0,3.0,6,7,4,7,7,5,7,6,1,2,1,0,1,1,1,0,1,1,0,0,1,0,0,0,0,0,4,2,2,2,25,1,1,1,60,2,1,4
11220,1.0,1.0,3.0,5.0,3.0,5.0,2.0,1.0,5.0,5.0,5.0,1.0,1.0,4.0,1.0,4.0,3.0,1.0,1.0,1.0,2,5,7,6,6,5,7,2,5,1,1,1,0,1,1,0,0,1,0,1,0,0,1,1,1,1,4,1,2,1,51,1,6,1,60,1,3,2
11221,1.0,1.0,5.0,2.0,1.0,4.0,2.0,2.0,5.0,4.0,3.0,1.0,4.0,2.0,4.0,2.0,3.0,3.0,5.0,1.0,5,2,6,4,5,5,7,1,6,5,1,1,0,1,1,0,0,0,0,1,0,0,1,1,1,1,3,1,2,1,22,1,6,1,60,2,1,3
11222,5.0,1.0,1.0,3.0,5.0,5.0,4.0,1.0,5.0,1.0,3.0,4.0,1.0,1.0,1.0,5.0,5.0,4.0,5.0,1.0,6,6,6,1,7,5,5,3,6,1,1,1,0,1,1,0,0,1,0,1,1,0,1,1,1,1,4,1,1,2,31,1,3,1,70,1,1,2
11223,5.0,2.0,2.0,1.0,4.0,1.0,1.0,5.0,2.0,3.0,2.0,5.0,4.0,1.0,4.0,5.0,1.0,3.0,5.0,1.0,1,5,1,1,6,7,2,4,7,5,1,1,0,1,1,0,0,0,0,1,0,0,1,1,1,1,3,3,1,1,21,2,8,1,10,1,1,2
11224,3.0,5.0,4.0,4.0,4.0,2.0,3.0,1.0,4.0,4.0,1.0,5.0,3.0,1.0,4.0,2.0,4.0,4.0,5.0,2.0,1,7,7,5,4,6,2,4,3,2,1,1,0,1,1,0,0,0,0,1,1,0,1,1,1,1,4,1,1,1,22,1,2,1,60,1,1,2
11225,4.0,5.0,2.0,1.0,4.0,1.0,1.0,5.0,3.0,3.0,1.0,4.0,5.0,1.0,1.0,1.0,4.0,5.0,5.0,3.0,2,2,5,1,6,5,4,4,7,4,1,1,1,1,1,0,0,1,0,1,0,0,1,1,1,1,3,3,1,2,25,1,1,1,60,2,1,2
11226,1.0,1.0,3.0,5.0,2.0,5.0,5.0,1.0,5.0,4.0,2.0,1.0,1.0,2.0,4.0,2.0,5.0,2.0,5.0,1.0,2,6,7,7,3,5,5,2,1,5,0,1,0,1,1,0,0,0,0,1,0,0,0,0,1,1,3,3,2,2,27,1,4,1,60,2,1,4
11227,5.0,4.0,2.0,3.0,2.0,1.0,1.0,2.0,2.0,2.0,2.0,5.0,3.0,2.0,5.0,1.0,2.0,4.0,5.0,1.0,7,6,2,5,5,5,5,1,1,6,1,1,0,1,1,0,0,0,0,1,0,0,1,1,1,1,4,2,2,1,43,1,12,1,60,1,2,1
11228,5.0,2.0,1.0,1.0,5.0,1.0,1.0,5.0,2.0,4.0,1.0,5.0,1.0,1.0,5.0,1.0,4.0,5.0,4.0,5.0,2,7,7,3,7,7,4,2,7,1,1,1,0,1,1,1,1,1,1,1,1,1,1,1,1,1,3,3,1,1,31,1,12,1,30,2,1,3
11229,4.0,4.0,1.0,1.0,5.0,1.0,1.0,4.0,3.0,2.0,1.0,5.0,5.0,2.0,3.0,1.0,1.0,4.0,5.0,4.0,2,6,5,3,5,5,2,6,2,1,1,1,1,1,1,0,1,0,0,1,1,1,1,1,1,1,2,2,1,1,19,1,1,1,60,2,1,2
11230,4.0,4.0,2.0,2.0,2.0,1.0,1.0,1.0,3.0,2.0,2.0,3.0,1.0,2.0,4.0,1.0,4.0,3.0,4.0,1.0,5,5,3,7,6,2,6,6,1,1,1,1,0,1,1,0,0,0,0,1,1,0,1,1,1,1,3,2,2,2,22,1,2,2,60,2,1,3
11231,4.0,3.0,3.0,3.0,4.0,4.0,2.0,5.0,5.0,4.0,1.0,2.0,4.0,1.0,3.0,4.0,2.0,1.0,5.0,1.0,5,5,7,1,7,6,7,3,7,1,1,1,0,1,1,1,0,1,0,1,0,1,1,1,1,1,3,2,1,1,31,1,12,1,70,2,2,5
11232,5.0,5.0,1.0,1.0,5.0,1.0,1.0,5.0,5.0,5.0,1.0,2.0,5.0,3.0,4.0,1.0,1.0,5.0,5.0,2.0,2,5,6,5,5,7,7,2,7,2,1,1,1,1,1,0,0,0,0,1,0,1,1,1,1,1,2,1,1,1,36,1,12,3,60,2,1,1
11233,1.0,1.0,5.0,5.0,1.0,5.0,5.0,1.0,5.0,5.0,4.0,2.0,1.0,4.0,1.0,5.0,5.0,1.0,1.0,1.0,6,3,7,2,1,2,6,1,7,7,1,1,0,1,1,0,0,0,0,1,0,0,0,0,1,1,2,3,1,1,23,1,5,1,60,2,3,6
11234,5.0,5.0,3.0,1.0,4.0,1.0,1.0,1.0,2.0,1.0,1.0,5.0,1.0,1.0,4.0,1.0,5.0,5.0,5.0,1.0,5,5,4,4,7,5,6,7,3,2,1,1,1,1,1,0,1,1,0,1,1,1,1,1,1,1,3,3,2,1,31,1,2,2,60,1,1,2
11235,4.0,5.0,2.0,2.0,5.0,2.0,2.0,5.0,2.0,2.0,1.0,5.0,3.0,2.0,5.0,1.0,1.0,4.0,5.0,4.0,1,5,7,5,4,6,2,2,3,1,1,1,1,1,1,0,0,1,0,1,1,0,1,1,1,1,3,2,1,1,22,3,4,1,60,1,1,1
11236,3.0,3.0,2.0,4.0,1.0,2.0,2.0,4.0,5.0,3.0,2.0,5.0,3.0,3.0,2.0,4.0,1.0,3.0,5.0,4.0,4,5,6,2,7,5,5,2,7,1,1,1,1,1,1,0,1,0,0,1,1,0,1,1,1,1,4,2,1,1,50,1,4,1,60,1,2,6
11237,4.0,5.0,1.0,1.0,5.0,1.0,1.0,5.0,2.0,1.0,1.0,5.0,1.0,1.0,4.0,1.0,1.0,5.0,5.0,2.0,6,5,6,1,4,1,1,1,7,4,1,1,1,1,1,0,1,1,0,1,1,0,1,1,1,1,3,3,1,1,63,1,4,1,60,1,3,4
11238,5.0,3.0,2.0,2.0,4.0,1.0,1.0,4.0,2.0,1.0,1.0,5.0,1.0,1.0,4.0,1.0,1.0,4.0,5.0,3.0,4,4,7,2,7,2,4,5,6,1,1,1,1,1,1,1,1,1,0,1,0,0,1,1,1,1,2,2,2,1,20,3,1,4,70,2,1,3
11239,3.0,5.0,3.0,4.0,3.0,1.0,1.0,3.0,3.0,1.0,1.0,4.0,2.0,2.0,3.0,2.0,1.0,5.0,5.0,3.0,2,4,4,6,7,7,6,6,1,2,1,1,0,1,1,0,0,0,0,1,0,0,1,1,1,1,3,2,2,2,37,3,2,1,60,2,1,2
11240,1.0,5.0,3.0,3.0,5.0,2.0,1.0,2.0,5.0,4.0,1.0,4.0,1.0,1.0,5.0,5.0,1.0,1.0,5.0,1.0,5,5,2,1,6,3,5,7,7,2,1,1,1,1,1,0,1,1,0,1,1,0,1,1,1,1,4,1,1,1,65,1,6,1,60,1,2,3
11241,1.0,1.0,4.0,5.0,1.0,5.0,4.0,2.0,5.0,4.0,2.0,1.0,1.0,5.0,4.0,5.0,5.0,1.0,5.0,1.0,5,3,3,4,5,3,7,6,6,4,1,1,1,1,1,0,0,1,0,1,0,1,1,1,1,1,3,3,2,2,34,1,1,1,60,1,2,1
11242,1.0,2.0,5.0,4.0,3.0,3.0,3.0,4.0,5.0,5.0,2.0,4.0,1.0,4.0,1.0,5.0,4.0,1.0,5.0,1.0,3,1,4,4,6,6,7,6,4,1,1,1,1,1,1,0,1,1,0,1,0,0,1,1,1,1,3,2,2,1,55,2,1,1,60,1,2,2
11243,4.0,4.0,4.0,3.0,1.0,2.0,2.0,4.0,5.0,5.0,2.0,4.0,3.0,2.0,3.0,2.0,2.0,3.0,3.0,3.0,7,1,6,1,7,5,7,1,7,1,0,0,0,0,0,1,0,0,0,0,1,0,0,0,0,0,4,2,2,1,53,1,1,1,30,1,1,1
11244,4.0,5.0,2.0,5.0,1.0,2.0,2.0,1.0,2.0,1.0,1.0,4.0,1.0,3.0,4.0,4.0,3.0,2.0,5.0,1.0,3,3,6,5,7,6,7,2,6,2,0,0,0,0,0,0,0,0,0,0,0,0,0,0,0,0,3,3,2,1,47,1,12,1,60,1,3,3
11245,2.0,4.0,4.0,3.0,5.0,2.0,3.0,4.0,5.0,2.0,1.0,5.0,2.0,2.0,4.0,2.0,3.0,2.0,5.0,2.0,3,5,5,7,5,6,5,5,1,4,1,1,0,1,1,0,0,0,0,1,0,0,0,1,1,1,2,3,2,2,33,1,1,1,60,2,1,2
11246,5.0,5.0,1.0,1.0,5.0,1.0,1.0,5.0,4.0,1.0,1.0,5.0,4.0,1.0,5.0,1.0,1.0,5.0,5.0,5.0,1,7,7,1,7,7,1,4,7,7,1,1,1,1,1,0,1,1,0,1,0,1,1,1,1,1,3,2,2,1,17,1,2,4,70,2,1,3
11247,2.0,4.0,1.0,2.0,4.0,2.0,1.0,2.0,2.0,2.0,2.0,4.0,1.0,3.0,4.0,2.0,1.0,5.0,5.0,3.0,6,2,6,4,7,4,5,2,6,1,1,1,1,1,1,0,0,1,0,1,0,1,1,1,1,1,4,2,2,1,55,1,1,1,60,2,3,2
11248,4.0,1.0,3.0,1.0,5.0,2.0,2.0,5.0,3.0,3.0,1.0,5.0,2.0,1.0,4.0,1.0,1.0,4.0,4.0,2.0,1,2,5,6,3,7,3,5,2,4,1,1,1,1,1,0,1,1,0,1,0,0,1,1,1,1,4,1,2,1,42,1,6,2,70,1,2,4
11249,3.0,3.0,4.0,2.0,5.0,1.0,1.0,2.0,4.0,3.0,1.0,5.0,2.0,3.0,4.0,1.0,1.0,3.0,5.0,2.0,6,5,1,7,6,6,5,5,3,1,1,1,0,1,1,0,0,0,0,1,0,0,0,0,1,1,3,1,2,1,27,2,2,2,60,1,1,1
11250,2.0,1.0,5.0,1.0,2.0,2.0,4.0,4.0,5.0,4.0,1.0,4.0,1.0,2.0,1.0,1.0,2.0,1.0,5.0,1.0,2,5,7,5,6,5,2,3,4,2,1,1,1,1,1,0,0,0,0,1,0,1,1,1,1,1,4,2,2,1,31,2,2,1,60,1,1,2
11251,5.0,5.0,2.0,1.0,2.0,1.0,1.0,4.0,2.0,1.0,2.0,3.0,5.0,2.0,4.0,1.0,3.0,4.0,5.0,1.0,2,7,6,2,5,7,5,6,3,1,1,1,1,1,1,0,1,1,1,1,1,0,1,1,1,1,3,1,1,2,22,1,4,1,60,1,1,1
11252,1.0,1.0,5.0,2.0,2.0,2.0,1.0,1.0,5.0,5.0,1.0,2.0,4.0,1.0,4.0,2.0,1.0,4.0,5.0,1.0,3,7,7,6,5,5,2,1,5,2,1,1,1,1,1,0,0,1,0,1,0,0,1,1,1,1,3,1,1,1,21,1,6,1,60,1,1,2
11253,1.0,1.0,1.0,4.0,2.0,2.0,1.0,1.0,5.0,3.0,2.0,1.0,5.0,3.0,2.0,2.0,2.0,2.0,5.0,1.0,2,5,7,2,6,2,6,1,4,4,1,1,1,1,1,0,0,0,0,1,0,0,1,1,1,1,3,2,2,1,36,1,6,1,60,1,1,1
11254,3.0,1.0,2.0,3.0,1.0,5.0,5.0,1.0,5.0,4.0,2.0,5.0,2.0,2.0,4.0,1.0,2.0,2.0,5.0,1.0,2,3,5,5,6,7,3,6,5,3,1,1,0,1,1,0,1,0,0,1,0,0,1,1,1,1,4,2,2,1,26,1,1,4,70,1,1,2
11255,4.0,5.0,1.0,1.0,5.0,1.0,1.0,5.0,1.0,1.0,1.0,5.0,5.0,1.0,5.0,1.0,1.0,5.0,5.0,3.0,7,4,1,6,3,2,1,6,3,7,1,1,0,1,1,0,0,0,1,1,0,1,1,1,1,1,3,3,1,2,22,1,4,1,60,2,1,1
11256,2.0,4.0,2.0,4.0,3.0,2.0,2.0,2.0,4.0,5.0,2.0,4.0,4.0,3.0,4.0,4.0,4.0,2.0,4.0,2.0,5,2,6,2,6,2,5,2,6,2,1,1,1,1,1,0,0,0,0,1,0,0,1,1,1,1,3,3,2,1,52,1,7,1,60,1,1,3
11257,4.0,2.0,5.0,4.0,3.0,4.0,3.0,2.0,3.0,2.0,2.0,4.0,2.0,1.0,4.0,4.0,2.0,4.0,4.0,1.0,2,2,6,5,4,5,3,7,2,3,1,1,0,1,1,0,0,0,0,1,0,0,0,0,1,1,2,3,2,1,24,1,4,2,70,1,1,1
11258,4.0,1.0,5.0,4.0,4.0,5.0,2.0,4.0,5.0,5.0,2.0,4.0,1.0,3.0,2.0,2.0,2.0,4.0,1.0,1.0,1,1,3,6,6,5,1,5,6,6,1,1,1,1,1,0,1,1,0,1,0,0,1,1,1,1,4,2,1,1,63,1,7,1,60,1,2,2
11259,2.0,4.0,1.0,3.0,5.0,1.0,1.0,3.0,4.0,4.0,1.0,4.0,2.0,2.0,4.0,1.0,1.0,4.0,5.0,1.0,2,6,5,5,6,5,5,3,3,4,1,1,1,1,1,0,1,1,0,1,1,0,1,1,1,1,4,2,2,1,35,1,9,2,60,1,1,2
11260,5.0,5.0,4.0,2.0,4.0,2.0,1.0,4.0,2.0,2.0,1.0,5.0,2.0,1.0,4.0,5.0,2.0,5.0,5.0,1.0,3,6,5,7,3,2,4,7,2,6,1,1,0,1,1,0,0,0,0,1,0,0,0,1,1,1,2,3,2,1,24,1,4,2,70,1,1,1
11261,5.0,5.0,4.0,1.0,4.0,1.0,1.0,5.0,2.0,2.0,2.0,3.0,1.0,1.0,2.0,1.0,1.0,4.0,5.0,2.0,1,6,7,7,6,5,6,6,6,1,1,1,0,1,1,0,0,1,0,1,0,0,1,1,1,1,3,2,1,2,21,1,4,1,10,1,1,3
11262,2.0,2.0,3.0,3.0,3.0,5.0,5.0,3.0,5.0,1.0,1.0,3.0,4.0,3.0,2.0,4.0,1.0,3.0,5.0,3.0,7,4,6,2,7,1,5,2,5,0,1,1,1,1,1,1,0,0,0,1,0,0,1,1,1,1,2,1,2,1,58,1,7,1,60,2,3,4
11263,1.0,2.0,4.0,2.0,1.0,1.0,1.0,1.0,4.0,2.0,1.0,1.0,1.0,2.0,3.0,5.0,1.0,3.0,5.0,1.0,4,6,1,6,7,1,6,1,1,1,1,1,1,1,1,0,1,1,0,1,0,0,1,1,1,1,3,1,2,1,39,1,2,1,60,1,3,2
11264,1.0,1.0,5.0,5.0,1.0,5.0,4.0,4.0,5.0,5.0,1.0,2.0,1.0,1.0,1.0,3.0,1.0,1.0,4.0,1.0,2,1,7,7,6,6,6,1,2,2,1,1,0,1,1,0,0,1,0,1,1,0,1,1,1,1,4,2,1,2,39,1,4,1,60,1,2,3
11265,2.0,4.0,3.0,4.0,4.0,1.0,1.0,2.0,5.0,2.0,2.0,5.0,5.0,3.0,4.0,2.0,3.0,2.0,5.0,2.0,6,5,6,2,7,1,4,2,6,4,1,0,0,1,1,0,0,0,0,1,0,0,1,1,1,1,3,3,1,1,27,1,1,2,60,1,2,2
11266,1.0,4.0,2.0,2.0,2.0,1.0,2.0,2.0,4.0,4.0,1.0,1.0,1.0,2.0,4.0,5.0,5.0,4.0,5.0,1.0,5,5,6,2,7,2,6,1,5,1,1,1,0,1,1,0,0,0,0,1,0,0,1,1,1,1,3,2,2,1,29,3,6,2,60,1,1,2
11267,2.0,2.0,4.0,4.0,2.0,1.0,1.0,1.0,5.0,3.0,2.0,4.0,1.0,4.0,1.0,1.0,2.0,1.0,4.0,3.0,2,2,6,2,6,7,7,2,7,5,1,1,1,1,1,0,0,1,0,1,0,0,1,1,1,1,3,2,2,1,53,1,1,2,60,1,2,1
11268,5.0,2.0,2.0,1.0,5.0,4.0,2.0,4.0,3.0,1.0,2.0,5.0,4.0,1.0,4.0,1.0,1.0,4.0,5.0,3.0,2,5,5,3,7,6,2,6,7,1,1,1,1,1,1,0,1,1,0,1,0,0,1,1,1,1,3,2,1,1,23,1,4,1,70,1,1,1
11269,5.0,5.0,1.0,1.0,5.0,1.0,1.0,1.0,1.0,1.0,1.0,5.0,5.0,1.0,5.0,5.0,1.0,5.0,5.0,5.0,1,7,1,6,7,2,7,5,2,6,1,1,0,1,1,0,0,0,0,1,0,0,0,1,1,1,3,3,1,2,46,1,1,1,60,1,3,2
11270,1.0,2.0,2.0,5.0,3.0,1.0,1.0,4.0,4.0,3.0,2.0,4.0,4.0,2.0,4.0,3.0,1.0,1.0,5.0,4.0,2,5,6,2,5,5,3,2,6,2,1,1,0,1,1,0,0,0,0,1,0,0,1,1,1,1,4,3,1,1,39,1,4,1,60,1,2,1
11271,5.0,3.0,2.0,4.0,4.0,2.0,2.0,2.0,5.0,2.0,1.0,1.0,5.0,5.0,3.0,2.0,3.0,5.0,5.0,2.0,6,7,7,7,7,2,7,2,4,2,1,1,0,1,1,0,0,0,0,1,0,0,1,1,1,1,2,3,2,1,23,1,7,1,10,1,1,2
11272,4.0,2.0,1.0,4.0,1.0,4.0,1.0,2.0,5.0,4.0,1.0,5.0,1.0,4.0,2.0,4.0,2.0,5.0,1.0,1.0,3,1,5,2,6,1,7,5,6,1,1,1,1,1,1,0,1,1,0,1,0,0,1,1,1,1,4,2,2,1,57,1,6,1,60,1,2,2
11273,5.0,2.0,3.0,5.0,5.0,3.0,2.0,2.0,5.0,2.0,1.0,2.0,4.0,1.0,4.0,2.0,2.0,1.0,5.0,1.0,6,3,7,5,6,1,5,3,5,2,1,1,1,1,1,1,0,1,0,1,1,1,1,1,1,1,3,3,2,1,38,2,4,1,60,1,2,2
11274,4.0,4.0,1.0,2.0,4.0,1.0,1.0,4.0,2.0,1.0,1.0,3.0,3.0,1.0,5.0,2.0,1.0,3.0,5.0,2.0,5,5,6,5,5,2,6,1,2,4,1,1,0,1,1,0,0,0,1,1,0,0,1,1,1,1,3,3,2,1,36,1,2,1,60,2,2,1
11275,1.0,1.0,1.0,4.0,1.0,5.0,5.0,1.0,5.0,5.0,1.0,2.0,1.0,2.0,2.0,4.0,5.0,1.0,5.0,1.0,6,5,7,3,7,5,6,2,6,2,1,1,1,1,1,0,1,1,1,1,0,0,1,1,1,1,2,3,1,1,48,2,6,1,60,2,2,3
11276,2.0,2.0,4.0,3.0,4.0,4.0,1.0,4.0,4.0,1.0,2.0,5.0,4.0,2.0,4.0,1.0,5.0,4.0,5.0,3.0,6,5,5,5,3,2,6,1,6,2,1,1,1,1,1,0,0,1,0,1,1,1,1,1,1,1,4,2,2,1,40,1,6,1,60,1,2,3
11277,4.0,3.0,1.0,2.0,5.0,1.0,1.0,1.0,5.0,3.0,1.0,4.0,1.0,2.0,4.0,1.0,2.0,5.0,5.0,1.0,5,3,7,6,6,7,6,5,5,1,1,1,1,1,1,0,1,0,0,1,0,0,1,1,1,1,3,1,1,1,43,1,6,1,60,1,2,2
11278,2.0,1.0,4.0,4.0,2.0,1.0,1.0,2.0,4.0,4.0,2.0,1.0,2.0,2.0,4.0,4.0,1.0,4.0,4.0,2.0,6,2,6,3,6,1,6,3,5,5,1,1,1,1,1,0,0,0,0,1,0,0,1,1,1,1,2,2,1,1,34,1,6,1,60,1,2,3
11279,3.0,3.0,5.0,3.0,3.0,2.0,4.0,5.0,5.0,3.0,1.0,5.0,2.0,2.0,4.0,4.0,2.0,4.0,5.0,1.0,7,5,6,4,7,2,3,4,6,5,1,1,1,1,1,0,1,1,0,1,1,0,1,1,1,1,3,1,1,1,41,1,1,1,60,2,2,3
11280,3.0,4.0,2.0,2.0,5.0,2.0,1.0,5.0,3.0,2.0,1.0,5.0,5.0,2.0,5.0,1.0,1.0,4.0,5.0,3.0,6,5,6,1,7,6,1,5,7,1,1,1,0,1,1,0,1,1,0,1,0,0,1,1,1,1,4,1,1,1,48,1,2,1,60,2,3,3
11281,3.0,4.0,1.0,5.0,2.0,1.0,1.0,1.0,2.0,2.0,1.0,3.0,1.0,1.0,4.0,2.0,1.0,4.0,5.0,1.0,1,6,5,2,2,7,4,4,7,6,0,0,0,0,0,0,0,0,0,0,0,0,0,0,0,1,3,2,1,2,26,1,1,1,60,2,1,2
11282,4.0,3.0,1.0,5.0,4.0,1.0,1.0,4.0,5.0,2.0,1.0,4.0,2.0,1.0,4.0,4.0,3.0,5.0,5.0,2.0,6,2,6,5,6,3,7,1,3,2,1,1,1,1,1,0,1,0,0,1,0,0,1,1,1,1,4,2,2,1,30,1,1,1,60,1,1,2
11283,2.0,4.0,3.0,4.0,3.0,3.0,2.0,4.0,3.0,3.0,2.0,4.0,1.0,2.0,4.0,3.0,3.0,3.0,3.0,5.0,7,5,6,4,7,3,7,3,5,4,1,1,1,1,1,0,0,1,0,1,1,1,1,1,1,1,2,3,2,2,20,1,1,1,60,1,1,1
11284,5.0,1.0,1.0,2.0,4.0,1.0,1.0,2.0,5.0,2.0,2.0,5.0,1.0,2.0,3.0,2.0,3.0,2.0,5.0,1.0,2,7,4,6,7,7,2,5,6,3,1,1,0,1,1,0,0,0,0,1,0,0,0,1,1,1,3,3,2,2,23,1,0,1,10,1,1,2
11285,3.0,4.0,3.0,3.0,4.0,1.0,1.0,4.0,4.0,2.0,1.0,4.0,3.0,2.0,4.0,1.0,3.0,5.0,5.0,5.0,2,3,3,3,4,6,4,5,6,3,1,1,0,1,1,0,1,0,0,1,0,0,1,1,1,1,4,1,1,1,25,1,2,1,60,2,1,4
11286,5.0,5.0,1.0,2.0,5.0,1.0,4.0,2.0,2.0,1.0,1.0,5.0,4.0,1.0,5.0,1.0,4.0,5.0,5.0,4.0,1,5,7,2,6,4,3,2,1,1,1,1,1,1,1,0,1,0,0,1,0,0,1,1,1,1,4,1,1,1,30,1,12,1,60,1,1,1
11287,1.0,4.0,1.0,2.0,4.0,1.0,1.0,5.0,5.0,2.0,1.0,4.0,4.0,1.0,5.0,1.0,2.0,4.0,5.0,1.0,5,5,6,5,6,2,6,5,3,2,1,1,0,1,1,0,0,1,0,1,1,0,1,1,1,1,3,2,1,1,25,1,1,4,60,1,1,2
11288,4.0,1.0,4.0,4.0,4.0,4.0,2.0,2.0,5.0,4.0,3.0,4.0,2.0,2.0,3.0,4.0,2.0,1.0,1.0,1.0,2,2,6,2,6,6,6,2,6,2,1,1,1,1,1,0,1,0,0,1,0,0,0,1,1,1,3,3,2,1,49,1,6,1,60,1,2,3
11289,4.0,4.0,1.0,4.0,2.0,1.0,1.0,5.0,4.0,4.0,2.0,2.0,1.0,2.0,2.0,1.0,1.0,4.0,5.0,1.0,3,5,7,2,6,5,6,1,6,6,1,1,1,1,1,0,1,0,0,1,0,1,1,1,1,1,4,2,2,1,56,1,1,1,60,1,2,2
11290,2.0,4.0,2.0,4.0,5.0,2.0,1.0,4.0,4.0,1.0,3.0,4.0,1.0,1.0,5.0,1.0,1.0,4.0,5.0,2.0,5,7,5,4,6,6,4,7,4,3,1,1,0,1,1,1,0,1,1,1,1,1,1,1,1,1,3,3,1,2,24,2,4,1,60,1,1,2
11291,5.0,5.0,5.0,1.0,5.0,1.0,1.0,3.0,4.0,2.0,1.0,5.0,2.0,1.0,5.0,1.0,1.0,5.0,5.0,5.0,5,3,3,5,5,1,5,5,4,2,1,1,0,1,1,0,1,0,0,1,0,0,1,1,1,1,4,3,1,1,31,1,8,1,10,1,2,2
11292,1.0,4.0,4.0,5.0,5.0,1.0,1.0,5.0,5.0,4.0,1.0,5.0,4.0,1.0,1.0,1.0,4.0,5.0,5.0,5.0,6,5,3,7,6,1,7,5,3,4,1,0,0,1,1,0,0,0,0,1,0,0,0,1,1,1,4,3,2,2,27,1,8,1,10,1,2,2
11293,3.0,5.0,1.0,1.0,5.0,1.0,1.0,3.0,1.0,1.0,1.0,5.0,5.0,1.0,2.0,1.0,1.0,5.0,5.0,5.0,2,4,7,1,6,7,1,5,7,2,1,1,1,1,1,0,1,1,0,1,1,0,1,1,1,1,3,3,2,1,24,1,2,4,10,2,1,1
11294,2.0,1.0,4.0,1.0,5.0,2.0,1.0,4.0,5.0,4.0,1.0,5.0,1.0,1.0,3.0,1.0,1.0,4.0,4.0,1.0,2,3,4,6,3,6,5,6,1,4,1,1,0,1,1,0,1,0,0,1,0,0,1,1,1,1,3,2,2,2,31,1,6,1,30,1,1,2
11295,4.0,4.0,2.0,4.0,2.0,3.0,3.0,2.0,4.0,3.0,3.0,2.0,2.0,3.0,4.0,2.0,2.0,2.0,3.0,1.0,5,3,5,2,6,4,5,3,6,4,1,1,0,1,1,0,0,0,0,1,0,0,1,1,1,1,3,2,1,1,32,1,6,1,30,2,1,2
11296,4.0,5.0,5.0,4.0,5.0,5.0,4.0,3.0,3.0,4.0,1.0,3.0,2.0,3.0,3.0,5.0,5.0,5.0,1.0,2.0,5,4,7,7,6,7,5,4,4,4,0,0,0,0,0,0,0,0,1,1,0,1,1,1,0,1,3,2,2,2,38,1,4,1,10,1,1,5
11297,5.0,4.0,1.0,3.0,4.0,1.0,1.0,5.0,5.0,3.0,1.0,2.0,3.0,1.0,5.0,2.0,5.0,3.0,3.0,2.0,5,6,2,4,6,4,4,5,2,4,0,0,0,0,0,0,0,0,0,0,0,0,0,0,0,1,3,3,1,2,21,2,2,1,10,1,1,2
11298,3.0,4.0,4.0,2.0,5.0,3.0,2.0,2.0,3.0,3.0,2.0,4.0,2.0,3.0,3.0,5.0,2.0,3.0,5.0,2.0,4,7,1,1,7,6,4,1,7,1,1,1,0,1,1,0,0,1,0,1,0,0,0,0,1,1,3,3,2,2,22,1,6,2,10,1,1,2
11299,4.0,4.0,1.0,1.0,5.0,3.0,2.0,5.0,3.0,3.0,1.0,4.0,5.0,1.0,4.0,2.0,5.0,5.0,1.0,3.0,4,5,5,2,5,2,4,1,5,2,1,1,1,1,1,1,1,1,1,1,1,1,1,1,1,1,3,2,1,2,43,1,2,1,60,2,3,1
11300,5.0,5.0,1.0,2.0,3.0,1.0,1.0,4.0,1.0,1.0,1.0,5.0,4.0,2.0,4.0,1.0,1.0,5.0,5.0,2.0,7,7,2,5,7,1,7,6,1,2,1,1,1,1,1,0,1,1,0,1,1,0,1,1,1,1,2,1,2,1,30,1,2,2,60,2,1,3
11301,2.0,4.0,1.0,3.0,3.0,3.0,2.0,2.0,4.0,2.0,2.0,4.0,2.0,2.0,5.0,3.0,2.0,4.0,5.0,5.0,3,4,6,5,3,3,6,2,4,2,1,1,0,1,1,0,0,0,0,1,0,0,0,1,1,1,3,1,2,1,53,1,6,1,60,1,2,4
11302,4.0,2.0,4.0,4.0,4.0,4.0,4.0,4.0,4.0,4.0,2.0,4.0,5.0,5.0,2.0,5.0,2.0,3.0,4.0,4.0,2,6,4,6,3,6,7,4,3,2,1,0,0,1,1,0,0,0,0,1,0,0,0,1,1,1,1,3,3,2,15,1,10,5,10,2,1,3
11303,5.0,4.0,2.0,1.0,4.0,1.0,1.0,2.0,2.0,1.0,1.0,4.0,5.0,1.0,3.0,1.0,1.0,4.0,5.0,3.0,1,3,6,1,6,7,2,6,6,1,1,1,1,1,1,0,1,1,0,1,1,1,1,1,1,1,3,2,1,1,36,1,2,1,60,2,1,3
11304,5.0,5.0,1.0,1.0,5.0,5.0,1.0,5.0,5.0,1.0,1.0,5.0,5.0,3.0,5.0,1.0,1.0,5.0,5.0,5.0,2,3,4,2,6,6,2,5,5,2,1,1,1,1,1,1,0,0,0,1,0,1,1,1,1,1,2,2,2,2,15,2,1,2,10,2,1,2
11305,4.0,5.0,2.0,1.0,5.0,1.0,1.0,5.0,2.0,1.0,1.0,5.0,5.0,1.0,5.0,2.0,1.0,4.0,5.0,1.0,3,6,2,1,7,6,2,5,7,1,0,0,1,1,0,0,0,0,0,0,0,0,0,0,0,1,3,1,1,2,19,1,2,1,60,2,1,0
11306,4.0,5.0,3.0,3.0,4.0,4.0,1.0,4.0,5.0,3.0,2.0,4.0,2.0,3.0,4.0,1.0,4.0,5.0,5.0,4.0,3,3,5,5,5,3,6,2,7,3,1,1,0,1,0,0,0,1,0,1,0,0,0,0,0,1,4,3,1,2,36,1,6,1,60,2,1,2
11307,1.0,3.0,5.0,4.0,1.0,3.0,5.0,1.0,4.0,5.0,1.0,1.0,1.0,1.0,5.0,1.0,1.0,4.0,5.0,1.0,6,6,6,3,7,5,6,5,6,3,1,1,1,1,1,0,1,1,0,1,0,0,1,1,1,1,4,2,1,1,51,1,7,1,60,1,2,3
11308,5.0,3.0,3.0,2.0,4.0,2.0,3.0,4.0,4.0,2.0,2.0,5.0,4.0,2.0,3.0,3.0,4.0,4.0,2.0,1.0,4,2,3,4,7,6,5,5,7,2,1,1,0,1,0,0,0,0,0,1,0,0,0,1,1,0,2,3,2,2,18,1,4,1,60,2,1,3
11309,1.0,3.0,2.0,4.0,4.0,4.0,2.0,4.0,4.0,5.0,2.0,1.0,1.0,1.0,2.0,4.0,3.0,3.0,5.0,3.0,6,6,3,6,7,2,6,4,1,3,1,1,0,1,1,0,0,0,0,1,0,0,0,1,1,1,4,2,2,2,44,1,2,1,60,2,1,2
11310,2.0,4.0,4.0,4.0,4.0,4.0,4.0,2.0,4.0,4.0,2.0,4.0,2.0,5.0,4.0,2.0,3.0,3.0,3.0,3.0,5,4,5,5,7,1,7,1,4,1,1,1,0,1,1,0,1,0,0,1,0,0,1,1,1,1,4,2,2,1,43,1,2,1,60,1,2,2
11311,5.0,4.0,3.0,2.0,5.0,1.0,1.0,4.0,3.0,4.0,1.0,3.0,4.0,1.0,4.0,3.0,2.0,5.0,4.0,3.0,3,6,5,4,4,6,7,4,6,2,1,1,0,1,1,0,0,1,0,1,1,0,1,0,1,1,3,2,1,2,23,1,10,1,60,2,1,2
11312,1.0,1.0,2.0,5.0,1.0,5.0,5.0,1.0,5.0,5.0,1.0,2.0,1.0,5.0,3.0,3.0,5.0,2.0,1.0,4.0,2,4,7,2,6,5,6,2,6,2,1,1,1,1,1,0,1,0,0,1,0,0,1,1,1,1,3,2,1,1,55,1,6,1,60,1,2,2
11313,2.0,4.0,2.0,2.0,5.0,2.0,1.0,4.0,2.0,2.0,1.0,5.0,5.0,1.0,4.0,1.0,1.0,4.0,5.0,3.0,4,6,7,6,4,5,7,1,7,1,1,1,0,1,1,0,0,1,0,1,0,0,1,1,1,1,3,2,1,2,25,1,2,1,10,1,1,2
11314,3.0,4.0,2.0,4.0,5.0,2.0,2.0,4.0,3.0,4.0,1.0,5.0,4.0,1.0,5.0,4.0,1.0,2.0,5.0,1.0,7,6,6,6,7,2,7,1,4,2,1,1,0,1,1,1,0,0,0,1,0,1,1,1,1,1,2,1,2,1,44,1,1,1,60,2,2,5
11315,5.0,5.0,1.0,1.0,5.0,1.0,1.0,2.0,2.0,2.0,1.0,5.0,2.0,1.0,4.0,1.0,1.0,4.0,5.0,5.0,6,6,7,5,7,5,5,1,3,3,1,1,0,1,0,0,0,0,0,1,0,0,1,1,1,1,4,3,1,1,46,1,2,1,60,1,2,2
11316,1.0,4.0,4.0,3.0,5.0,4.0,2.0,4.0,5.0,5.0,1.0,2.0,1.0,1.0,4.0,1.0,1.0,4.0,1.0,1.0,1,5,7,2,7,7,7,4,6,1,1,1,0,1,1,0,0,1,0,1,0,0,1,1,1,1,4,3,1,1,35,1,6,1,60,2,2,2
11317,5.0,5.0,1.0,1.0,5.0,1.0,1.0,5.0,1.0,3.0,1.0,5.0,5.0,1.0,5.0,5.0,5.0,5.0,5.0,5.0,1,7,7,1,7,5,1,3,7,1,1,1,0,1,1,0,1,1,0,1,0,0,1,1,1,1,1,3,2,2,14,1,6,1,10,2,1,2
11318,5.0,5.0,1.0,1.0,5.0,1.0,1.0,2.0,1.0,1.0,1.0,5.0,5.0,1.0,5.0,1.0,1.0,5.0,5.0,3.0,6,5,7,1,7,5,4,2,4,1,1,1,1,1,1,0,1,0,0,1,0,1,1,1,1,1,2,3,2,2,19,1,2,2,60,2,1,1
11319,2.0,3.0,5.0,3.0,4.0,3.0,2.0,3.0,5.0,3.0,3.0,2.0,2.0,3.0,4.0,3.0,1.0,4.0,4.0,1.0,4,2,5,6,7,4,4,2,6,2,0,0,0,1,1,0,0,0,0,1,0,0,0,0,1,1,2,3,2,2,17,1,8,3,10,2,1,3
11320,5.0,5.0,5.0,1.0,5.0,1.0,1.0,1.0,5.0,1.0,1.0,5.0,1.0,3.0,4.0,1.0,3.0,3.0,5.0,1.0,2,5,6,6,6,5,6,2,3,6,1,1,0,1,1,0,0,0,0,1,0,0,1,0,1,1,3,3,2,1,46,1,6,1,60,1,1,2
11321,5.0,3.0,1.0,1.0,4.0,1.0,1.0,5.0,1.0,1.0,1.0,5.0,5.0,2.0,5.0,1.0,1.0,4.0,5.0,3.0,4,6,6,4,7,6,3,2,6,3,1,1,0,1,1,0,0,0,0,1,0,0,1,1,1,1,3,3,1,1,24,1,4,1,10,1,1,2
11322,5.0,5.0,2.0,3.0,5.0,1.0,1.0,4.0,2.0,1.0,2.0,5.0,4.0,1.0,4.0,1.0,2.0,5.0,5.0,4.0,1,7,2,6,3,5,2,6,2,5,1,1,0,1,1,0,0,1,0,1,0,0,1,1,1,1,3,3,1,1,25,1,1,1,10,1,1,2
11323,1.0,3.0,5.0,5.0,1.0,2.0,2.0,1.0,5.0,3.0,5.0,1.0,1.0,5.0,5.0,5.0,5.0,1.0,1.0,1.0,6,5,6,4,7,6,6,4,4,1,1,1,0,1,1,0,0,0,0,1,0,1,0,1,1,1,2,2,2,1,17,1,8,1,10,2,1,2
11324,5.0,4.0,4.0,5.0,5.0,2.0,4.0,5.0,5.0,5.0,3.0,4.0,4.0,3.0,4.0,1.0,3.0,2.0,2.0,1.0,5,5,6,1,7,5,5,2,7,1,1,1,0,1,1,0,0,0,0,1,0,0,0,0,1,1,2,3,1,2,17,1,10,0,10,2,1,3
11325,4.0,2.0,2.0,4.0,4.0,1.0,2.0,2.0,4.0,2.0,1.0,4.0,4.0,2.0,3.0,2.0,1.0,4.0,4.0,4.0,2,5,2,2,3,6,4,3,6,3,1,1,0,1,1,1,0,0,0,1,0,0,1,1,1,1,3,2,1,1,29,1,6,1,60,2,1,3
11326,5.0,3.0,5.0,1.0,5.0,2.0,3.0,4.0,5.0,5.0,1.0,5.0,5.0,1.0,3.0,1.0,1.0,5.0,5.0,3.0,6,4,5,1,7,1,4,4,6,1,1,1,0,1,1,0,0,0,0,1,0,0,0,0,1,1,2,1,1,1,17,1,7,1,30,2,1,2
11327,4.0,4.0,4.0,5.0,4.0,1.0,1.0,4.0,5.0,2.0,5.0,5.0,2.0,2.0,4.0,1.0,1.0,4.0,5.0,1.0,2,6,5,5,6,3,6,2,6,2,1,1,1,1,1,0,1,1,0,1,1,0,1,1,1,1,4,2,1,1,42,1,1,1,60,2,1,2
11328,5.0,3.0,4.0,3.0,5.0,1.0,1.0,3.0,2.0,1.0,3.0,5.0,4.0,1.0,4.0,1.0,1.0,5.0,5.0,3.0,3,6,6,5,6,7,5,1,6,2,1,1,1,1,1,0,0,1,0,1,1,0,1,1,1,1,3,2,1,1,30,1,2,1,60,2,1,2
11329,5.0,5.0,2.0,4.0,5.0,1.0,1.0,4.0,2.0,1.0,1.0,5.0,4.0,1.0,4.0,2.0,2.0,5.0,5.0,4.0,7,6,3,3,6,3,7,5,2,1,1,1,0,1,1,0,0,1,0,1,0,0,1,1,1,1,3,2,1,1,24,1,2,1,60,2,1,3
11330,2.0,4.0,4.0,2.0,4.0,1.0,2.0,2.0,5.0,3.0,1.0,5.0,3.0,2.0,4.0,4.0,3.0,2.0,2.0,1.0,1,5,5,5,3,7,6,5,5,3,1,1,1,1,1,0,1,0,0,1,0,0,1,1,1,1,2,2,2,2,21,1,2,2,60,1,1,3
11331,5.0,5.0,2.0,2.0,4.0,2.0,1.0,5.0,1.0,1.0,1.0,5.0,5.0,1.0,5.0,1.0,3.0,5.0,5.0,4.0,7,7,7,2,7,2,6,1,6,2,1,1,1,1,1,0,0,1,1,1,0,0,0,1,1,1,2,3,1,2,22,1,2,1,60,1,1,2
11332,1.0,4.0,1.0,2.0,2.0,4.0,1.0,1.0,5.0,4.0,1.0,1.0,1.0,3.0,5.0,5.0,3.0,5.0,5.0,3.0,1,6,3,3,5,7,4,4,5,2,1,1,0,1,1,0,0,0,0,1,0,0,1,1,1,1,3,3,1,2,28,1,2,1,70,2,1,3
11333,2.0,3.0,3.0,3.0,5.0,1.0,1.0,3.0,4.0,4.0,1.0,2.0,2.0,1.0,1.0,1.0,2.0,3.0,5.0,1.0,2,6,4,7,6,5,4,6,2,1,1,1,0,1,1,0,1,1,0,1,0,0,1,1,1,1,3,1,1,1,29,2,1,3,60,2,1,1
11334,3.0,3.0,3.0,4.0,2.0,2.0,1.0,5.0,4.0,2.0,3.0,3.0,3.0,3.0,5.0,4.0,2.0,4.0,5.0,4.0,2,3,6,1,6,6,5,2,7,4,1,1,0,1,1,0,0,0,0,1,0,0,1,1,1,1,3,1,1,1,36,1,1,1,60,1,1,3
11335,1.0,1.0,5.0,5.0,1.0,5.0,5.0,1.0,5.0,5.0,4.0,1.0,1.0,5.0,4.0,4.0,5.0,3.0,5.0,1.0,6,4,6,1,7,5,7,2,7,2,1,1,0,1,1,0,0,0,0,1,0,0,0,1,1,1,2,3,1,2,19,1,4,1,70,1,1,3
11336,4.0,2.0,2.0,2.0,4.0,1.0,1.0,3.0,3.0,3.0,1.0,2.0,3.0,2.0,1.0,5.0,2.0,4.0,5.0,3.0,2,5,1,7,7,7,6,5,2,1,1,1,0,1,1,0,1,1,0,1,1,1,1,1,1,1,2,3,1,2,19,1,1,3,70,2,1,1
11337,1.0,5.0,5.0,4.0,2.0,5.0,2.0,1.0,5.0,5.0,1.0,3.0,1.0,4.0,1.0,2.0,1.0,2.0,5.0,1.0,2,6,7,2,5,7,5,1,7,2,1,1,1,1,1,0,1,1,0,1,0,0,1,1,1,1,4,2,1,1,61,1,2,1,60,1,2,5
11338,5.0,5.0,4.0,4.0,5.0,1.0,1.0,5.0,4.0,1.0,2.0,5.0,1.0,4.0,5.0,1.0,1.0,2.0,5.0,4.0,3,6,6,3,5,3,1,1,5,5,1,1,0,1,1,0,0,0,0,1,0,0,0,1,1,1,4,1,1,2,52,1,7,1,60,1,2,2
11339,5.0,3.0,3.0,2.0,5.0,2.0,1.0,4.0,4.0,3.0,1.0,3.0,4.0,2.0,3.0,1.0,2.0,3.0,5.0,5.0,3,6,5,0,7,5,4,7,3,1,1,1,0,1,1,1,0,0,0,1,0,0,1,1,1,1,2,2,2,1,15,2,2,2,60,2,1,2
11340,5.0,5.0,1.0,1.0,5.0,1.0,1.0,4.0,2.0,1.0,1.0,5.0,1.0,1.0,5.0,1.0,1.0,5.0,5.0,4.0,6,3,7,1,7,1,7,1,6,1,1,1,0,1,1,0,0,1,0,1,1,0,0,1,1,1,3,3,1,2,33,1,12,1,60,2,2,3
11341,4.0,4.0,4.0,4.0,4.0,2.0,2.0,5.0,4.0,2.0,2.0,5.0,2.0,2.0,4.0,2.0,1.0,4.0,5.0,2.0,5,6,5,6,2,5,6,2,3,4,1,1,1,1,1,0,0,0,0,1,1,0,0,1,1,1,3,3,2,2,27,1,7,1,60,2,1,3
11342,5.0,1.0,3.0,1.0,5.0,2.0,1.0,5.0,2.0,2.0,1.0,5.0,5.0,1.0,1.0,2.0,1.0,4.0,5.0,3.0,1,3,1,6,7,4,1,7,1,1,1,1,1,1,1,0,1,1,0,1,1,0,1,1,1,1,3,3,1,1,38,3,2,5,60,1,2,2
11343,2.0,1.0,2.0,1.0,5.0,1.0,1.0,5.0,4.0,2.0,1.0,5.0,1.0,1.0,2.0,1.0,4.0,5.0,5.0,1.0,2,5,2,5,2,6,1,2,3,3,1,1,0,1,1,0,0,1,0,1,0,0,1,1,1,1,4,2,2,2,20,1,2,1,60,2,1,1
11344,1.0,1.0,4.0,4.0,1.0,5.0,2.0,1.0,5.0,5.0,1.0,1.0,1.0,2.0,4.0,2.0,1.0,1.0,5.0,1.0,4,2,7,1,7,7,7,2,6,2,1,1,1,1,1,0,1,1,0,1,1,1,1,1,1,1,4,1,2,1,44,1,1,1,60,1,1,3
11345,4.0,4.0,1.0,4.0,3.0,1.0,2.0,4.0,2.0,1.0,4.0,2.0,1.0,2.0,4.0,5.0,1.0,2.0,5.0,1.0,5,2,5,1,7,6,6,6,2,3,1,1,1,1,1,0,1,1,0,1,0,0,1,1,1,1,4,2,1,1,35,1,4,1,60,2,1,3
11346,5.0,5.0,1.0,1.0,5.0,1.0,1.0,4.0,3.0,5.0,1.0,4.0,5.0,1.0,5.0,1.0,1.0,5.0,5.0,5.0,1,6,1,1,4,7,3,2,7,5,1,1,1,1,1,0,1,0,0,1,0,0,1,1,1,1,2,2,1,2,20,1,2,1,60,1,1,2
11347,2.0,4.0,3.0,5.0,4.0,2.0,1.0,3.0,5.0,4.0,1.0,4.0,4.0,4.0,4.0,5.0,3.0,5.0,5.0,1.0,7,2,7,1,7,1,5,7,6,1,1,1,0,1,1,1,1,1,0,1,0,0,1,0,1,1,3,1,1,1,19,1,2,1,60,1,1,3
11348,5.0,3.0,1.0,2.0,5.0,1.0,1.0,4.0,3.0,1.0,2.0,5.0,5.0,1.0,4.0,4.0,3.0,3.0,5.0,1.0,1,1,6,6,2,6,5,1,5,3,0,0,1,0,0,1,1,0,1,0,1,1,0,0,0,0,2,2,1,1,20,1,1,1,60,1,1,4
11349,2.0,2.0,3.0,5.0,4.0,4.0,2.0,1.0,4.0,5.0,2.0,4.0,2.0,2.0,2.0,2.0,4.0,2.0,5.0,1.0,5,6,3,2,5,5,5,5,5,3,1,1,1,1,1,0,0,0,1,1,1,0,1,1,1,1,3,1,1,2,33,2,2,1,60,1,1,2
11350,5.0,5.0,1.0,2.0,5.0,1.0,1.0,4.0,4.0,1.0,2.0,5.0,5.0,1.0,5.0,1.0,1.0,5.0,5.0,5.0,5,5,6,7,5,3,7,6,2,1,1,1,1,1,1,0,1,0,0,1,1,0,1,1,1,1,4,1,1,1,41,1,6,1,60,2,1,4
11351,4.0,1.0,5.0,3.0,4.0,3.0,1.0,4.0,5.0,4.0,2.0,5.0,4.0,1.0,5.0,1.0,5.0,5.0,5.0,1.0,5,2,5,3,6,3,5,2,6,1,1,1,0,1,1,0,0,0,0,1,0,0,1,1,1,1,3,1,1,1,19,1,6,1,60,1,1,2
11352,3.0,3.0,1.0,2.0,5.0,2.0,1.0,2.0,4.0,4.0,1.0,5.0,4.0,2.0,1.0,5.0,5.0,4.0,5.0,1.0,4,7,7,5,6,6,5,7,7,3,1,0,0,1,0,0,0,0,0,1,0,0,0,1,1,1,3,3,1,2,24,3,2,2,40,1,3,5
11353,4.0,1.0,3.0,2.0,2.0,5.0,4.0,5.0,5.0,4.0,1.0,5.0,5.0,1.0,5.0,2.0,1.0,4.0,1.0,5.0,3,5,7,3,3,3,3,5,6,1,1,1,0,1,0,0,0,1,0,1,0,0,0,0,1,1,4,3,1,2,27,1,10,1,60,1,1,1
11354,5.0,1.0,5.0,3.0,4.0,4.0,1.0,1.0,4.0,4.0,1.0,2.0,1.0,1.0,1.0,3.0,5.0,1.0,5.0,1.0,2,5,7,2,7,4,4,1,4,1,1,1,1,1,1,0,1,0,0,1,1,0,1,1,1,1,4,2,2,1,45,1,12,1,60,1,3,4
11355,5.0,3.0,4.0,1.0,5.0,2.0,2.0,1.0,2.0,4.0,1.0,4.0,4.0,1.0,4.0,3.0,5.0,4.0,5.0,3.0,6,6,5,5,7,6,6,1,4,1,0,1,0,1,1,0,0,0,0,1,0,0,0,1,1,1,4,3,2,2,29,1,4,1,70,2,1,2
11356,1.0,2.0,4.0,5.0,2.0,2.0,2.0,1.0,5.0,2.0,2.0,2.0,1.0,4.0,5.0,4.0,2.0,4.0,1.0,1.0,6,1,6,7,5,1,6,5,1,4,1,1,1,1,1,0,0,1,0,1,0,0,1,1,1,1,3,2,2,1,29,1,4,1,60,2,2,2
11357,4.0,3.0,2.0,3.0,4.0,3.0,3.0,5.0,4.0,3.0,2.0,5.0,3.0,2.0,5.0,2.0,2.0,2.0,5.0,2.0,7,4,7,1,6,1,3,1,6,2,1,1,0,1,1,0,0,0,0,1,0,0,1,1,1,1,3,2,1,1,43,1,7,1,60,2,2,2
11358,1.0,2.0,4.0,4.0,1.0,4.0,5.0,4.0,5.0,5.0,1.0,1.0,1.0,4.0,3.0,1.0,1.0,1.0,5.0,1.0,5,2,5,5,6,4,6,3,5,3,1,1,1,1,1,0,1,1,0,1,1,0,1,1,1,1,2,2,2,1,19,1,1,2,60,1,1,3
11359,5.0,3.0,1.0,4.0,5.0,2.0,1.0,5.0,2.0,1.0,1.0,5.0,5.0,1.0,3.0,1.0,3.0,5.0,5.0,1.0,4,7,1,6,6,4,1,6,1,1,1,1,0,1,1,0,0,0,0,1,0,0,1,0,1,1,3,3,2,2,28,1,12,1,60,1,1,1
11360,4.0,4.0,3.0,2.0,3.0,1.0,1.0,2.0,5.0,2.0,1.0,4.0,5.0,1.0,5.0,1.0,1.0,4.0,5.0,1.0,1,3,4,7,5,6,5,2,3,5,1,1,1,1,1,0,1,1,0,1,1,0,1,1,1,1,3,3,2,1,32,1,2,2,60,2,3,1
11361,1.0,5.0,5.0,1.0,4.0,5.0,3.0,5.0,5.0,3.0,1.0,5.0,1.0,1.0,1.0,1.0,1.0,3.0,3.0,1.0,6,1,7,1,7,5,6,1,7,1,1,0,1,1,1,0,0,0,0,1,0,0,1,1,1,1,2,3,1,1,64,1,12,1,70,2,2,1
11362,4.0,4.0,3.0,4.0,3.0,2.0,1.0,3.0,5.0,2.0,1.0,2.0,4.0,1.0,4.0,1.0,1.0,4.0,5.0,1.0,6,4,5,5,7,1,7,5,3,1,0,1,0,1,1,0,0,0,0,1,0,0,1,0,1,1,3,2,2,1,51,1,7,1,70,1,2,2
11363,2.0,4.0,4.0,2.0,4.0,2.0,1.0,5.0,5.0,5.0,2.0,1.0,1.0,2.0,1.0,2.0,2.0,2.0,5.0,1.0,3,5,6,6,5,7,7,3,5,3,1,1,0,1,1,0,0,0,0,1,0,0,0,1,1,1,1,1,1,1,13,1,6,1,60,2,1,2
11364,4.0,3.0,5.0,3.0,3.0,5.0,5.0,1.0,5.0,5.0,2.0,4.0,4.0,2.0,2.0,2.0,2.0,4.0,5.0,4.0,2,5,6,2,3,4,3,5,5,3,1,0,0,1,0,0,0,0,0,1,0,0,0,0,0,1,1,3,1,1,16,1,1,1,60,2,1,2
11365,3.0,2.0,3.0,4.0,4.0,2.0,2.0,2.0,5.0,4.0,4.0,1.0,2.0,4.0,2.0,3.0,2.0,1.0,4.0,4.0,6,2,6,1,7,6,6,3,7,3,1,1,1,1,1,0,0,1,1,1,0,1,1,1,1,1,3,2,1,1,28,1,1,1,20,2,2,1
11366,4.0,4.0,2.0,2.0,4.0,2.0,2.0,2.0,4.0,2.0,2.0,5.0,5.0,2.0,4.0,2.0,1.0,4.0,5.0,2.0,7,3,7,3,7,1,2,3,3,2,1,1,1,1,1,0,0,0,0,1,0,0,1,1,0,1,4,3,1,1,63,2,4,1,60,1,2,3
11367,2.0,3.0,1.0,1.0,5.0,1.0,1.0,4.0,4.0,2.0,1.0,4.0,5.0,1.0,5.0,1.0,1.0,2.0,5.0,4.0,4,3,7,4,7,6,6,1,5,1,1,1,1,1,1,0,1,1,0,1,1,1,1,1,1,1,4,1,2,1,46,1,2,1,60,1,2,1
11368,5.0,5.0,1.0,1.0,5.0,1.0,1.0,5.0,1.0,1.0,1.0,5.0,5.0,1.0,5.0,1.0,1.0,5.0,5.0,5.0,7,7,7,7,7,3,1,4,2,4,0,1,0,1,1,0,0,0,0,0,0,0,1,1,1,1,3,3,1,2,23,1,6,1,20,1,1,4
11369,2.0,3.0,3.0,4.0,5.0,4.0,2.0,4.0,4.0,5.0,2.0,5.0,4.0,2.0,5.0,1.0,1.0,4.0,5.0,2.0,3,5,6,5,6,2,7,4,5,5,1,1,1,1,1,0,0,0,0,1,1,0,1,1,1,1,3,2,1,1,22,1,2,2,60,1,1,2
11370,5.0,2.0,2.0,1.0,5.0,1.0,1.0,4.0,1.0,1.0,1.0,5.0,4.0,1.0,5.0,1.0,1.0,5.0,1.0,4.0,7,7,6,2,7,5,2,3,7,1,1,1,1,1,1,1,0,1,0,1,0,0,1,1,1,1,3,2,1,2,31,1,4,1,60,2,1,1
11371,1.0,1.0,3.0,4.0,2.0,1.0,1.0,1.0,4.0,4.0,3.0,3.0,1.0,4.0,1.0,3.0,3.0,3.0,1.0,1.0,3,3,3,7,5,2,4,5,1,4,1,1,0,1,1,0,0,0,0,1,0,0,1,1,1,1,2,2,3,1,20,1,12,2,60,2,1,3
11372,4.0,4.0,2.0,1.0,5.0,3.0,5.0,4.0,5.0,3.0,2.0,4.0,2.0,2.0,4.0,1.0,2.0,4.0,5.0,1.0,2,2,5,6,3,6,7,4,2,1,1,1,0,1,1,0,0,0,0,1,0,0,0,1,1,1,2,1,1,1,24,3,7,3,60,2,1,2
11373,1.0,1.0,2.0,1.0,4.0,1.0,1.0,2.0,2.0,1.0,3.0,1.0,2.0,1.0,4.0,5.0,3.0,2.0,5.0,1.0,2,1,5,5,5,4,5,2,4,3,1,0,0,1,1,0,0,0,0,1,0,0,1,1,1,1,3,2,2,1,26,1,1,1,10,1,1,2
11374,1.0,3.0,5.0,5.0,1.0,3.0,1.0,1.0,5.0,3.0,1.0,4.0,1.0,3.0,1.0,3.0,2.0,2.0,5.0,1.0,1,1,5,1,7,4,5,2,7,1,1,1,0,1,1,0,0,0,0,1,0,1,1,1,1,1,3,3,1,1,38,1,2,1,60,2,1,4
11375,3.0,1.0,5.0,5.0,4.0,5.0,5.0,4.0,5.0,5.0,1.0,1.0,2.0,5.0,3.0,5.0,5.0,1.0,3.0,4.0,3,2,7,1,7,7,7,1,7,1,1,1,1,1,1,0,0,0,0,1,0,0,1,1,1,1,3,2,2,1,49,1,12,1,70,1,3,4
11376,2.0,1.0,3.0,5.0,2.0,5.0,5.0,1.0,5.0,4.0,3.0,1.0,1.0,5.0,2.0,4.0,1.0,1.0,5.0,1.0,1,2,6,6,3,7,5,1,4,3,1,1,0,1,1,1,0,0,0,1,0,0,0,1,1,1,2,1,1,1,21,2,2,1,60,1,1,3
11377,1.0,1.0,1.0,5.0,1.0,5.0,4.0,1.0,5.0,4.0,5.0,1.0,1.0,5.0,1.0,5.0,1.0,1.0,5.0,1.0,7,5,7,5,7,1,7,1,6,1,1,1,0,1,1,1,0,1,0,0,0,1,1,1,1,1,3,1,2,1,31,1,6,2,60,2,3,2
11378,4.0,4.0,2.0,4.0,4.0,1.0,1.0,4.0,2.0,1.0,2.0,5.0,1.0,4.0,4.0,1.0,1.0,4.0,5.0,3.0,2,5,6,1,6,2,7,3,6,2,1,1,1,1,1,0,0,1,0,1,1,0,1,1,1,1,3,1,1,1,48,1,2,1,60,1,2,2
11379,1.0,3.0,2.0,5.0,1.0,2.0,2.0,1.0,5.0,1.0,3.0,1.0,5.0,4.0,1.0,4.0,2.0,1.0,5.0,1.0,3,2,7,5,7,6,6,2,7,4,1,1,1,1,1,0,0,0,0,1,0,1,1,1,1,1,3,3,2,1,45,1,1,1,60,1,2,1
11380,5.0,5.0,1.0,1.0,5.0,3.0,1.0,5.0,2.0,2.0,1.0,5.0,5.0,1.0,5.0,1.0,2.0,5.0,5.0,4.0,2,7,6,5,6,7,3,6,7,1,1,1,1,1,1,1,1,1,0,1,0,0,1,1,1,1,3,3,1,2,27,1,1,2,60,1,1,2
11381,3.0,1.0,2.0,4.0,2.0,3.0,2.0,3.0,5.0,2.0,1.0,2.0,2.0,2.0,3.0,2.0,2.0,4.0,5.0,2.0,3,2,6,1,5,4,5,3,7,3,1,1,0,1,1,0,0,0,0,1,0,1,1,1,1,1,3,2,2,1,33,1,6,1,60,1,1,1
11382,5.0,4.0,2.0,1.0,5.0,1.0,1.0,5.0,3.0,1.0,1.0,5.0,5.0,1.0,5.0,1.0,1.0,5.0,1.0,1.0,5,1,7,6,5,3,7,4,6,2,1,1,0,1,1,0,1,1,0,1,0,0,1,1,1,1,3,2,1,1,34,1,4,1,60,1,2,1
11383,1.0,4.0,4.0,4.0,1.0,2.0,2.0,1.0,5.0,4.0,1.0,1.0,1.0,1.0,4.0,2.0,2.0,1.0,5.0,3.0,5,5,5,3,5,5,7,1,6,5,1,1,0,1,1,0,0,0,0,1,0,0,1,1,1,1,3,2,2,1,32,1,9,1,60,2,2,2
11384,1.0,4.0,2.0,5.0,2.0,2.0,2.0,1.0,5.0,4.0,2.0,1.0,5.0,5.0,4.0,2.0,1.0,2.0,5.0,1.0,7,2,7,6,5,1,7,1,4,1,1,1,1,1,1,0,1,1,0,1,0,1,1,1,1,1,4,2,2,1,44,1,7,1,60,1,2,2
11385,3.0,1.0,2.0,2.0,3.0,3.0,1.0,1.0,5.0,3.0,1.0,3.0,3.0,2.0,2.0,3.0,3.0,1.0,5.0,1.0,4,3,6,3,4,5,7,1,5,1,1,1,0,1,1,0,0,1,0,1,0,0,0,1,1,1,2,2,2,1,16,1,7,1,60,2,1,2
11386,5.0,5.0,1.0,1.0,5.0,1.0,1.0,5.0,1.0,1.0,1.0,4.0,4.0,1.0,5.0,1.0,5.0,3.0,3.0,5.0,7,6,7,6,7,1,1,1,3,1,1,1,1,1,1,0,0,1,0,1,0,0,1,1,1,1,2,2,2,1,34,1,6,1,60,1,2,2
11387,5.0,4.0,1.0,2.0,5.0,1.0,1.0,4.0,1.0,1.0,1.0,5.0,1.0,2.0,4.0,2.0,1.0,5.0,5.0,1.0,5,5,6,2,5,7,3,2,6,5,1,1,1,0,1,0,0,0,0,1,0,0,1,1,1,1,3,2,1,1,20,1,1,1,60,1,1,2
11388,5.0,5.0,5.0,4.0,5.0,1.0,1.0,5.0,5.0,5.0,1.0,5.0,5.0,3.0,5.0,5.0,1.0,4.0,5.0,4.0,7,3,7,1,7,1,6,1,4,1,1,1,0,1,1,0,0,0,0,1,0,0,1,1,1,1,4,3,2,2,63,1,4,1,60,1,2,4
11389,1.0,1.0,5.0,5.0,1.0,5.0,2.0,4.0,5.0,5.0,4.0,1.0,2.0,4.0,3.0,2.0,2.0,1.0,5.0,1.0,1,2,7,6,5,7,7,2,3,3,1,1,0,1,1,0,0,1,0,1,0,0,1,1,1,1,3,1,2,1,34,1,6,1,60,1,2,2
11390,1.0,1.0,4.0,2.0,1.0,5.0,5.0,1.0,5.0,5.0,2.0,1.0,1.0,4.0,1.0,5.0,4.0,1.0,1.0,1.0,6,4,5,5,6,1,7,4,6,6,1,1,0,1,1,0,0,0,0,1,0,0,1,1,1,1,3,1,2,1,35,1,6,1,60,2,2,3
11391,4.0,2.0,5.0,4.0,4.0,4.0,4.0,1.0,5.0,5.0,2.0,1.0,1.0,4.0,2.0,4.0,3.0,4.0,5.0,1.0,6,6,6,5,7,5,7,1,6,1,1,1,1,1,1,0,0,0,0,1,0,0,0,1,1,1,3,3,2,2,29,1,4,1,70,2,2,2
11392,2.0,1.0,5.0,1.0,3.0,5.0,5.0,2.0,5.0,5.0,3.0,1.0,1.0,2.0,1.0,4.0,3.0,2.0,3.0,1.0,2,5,5,2,4,3,5,5,6,4,1,1,0,1,1,0,0,0,0,1,0,0,0,1,1,1,3,1,2,1,37,1,6,1,60,1,2,3
11393,5.0,1.0,1.0,4.0,1.0,1.0,1.0,1.0,5.0,1.0,1.0,5.0,4.0,5.0,1.0,1.0,2.0,4.0,5.0,1.0,7,5,2,3,1,1,7,2,5,0,1,1,1,1,1,0,0,0,0,1,0,0,0,1,1,1,3,3,2,1,48,1,7,1,60,1,2,2
11394,1.0,1.0,3.0,5.0,1.0,5.0,2.0,1.0,5.0,5.0,2.0,1.0,1.0,3.0,1.0,5.0,5.0,1.0,5.0,1.0,1,1,7,1,6,6,7,1,7,3,1,1,1,1,1,1,0,0,0,1,0,0,1,1,1,1,4,2,2,1,39,1,1,1,30,1,2,1
11395,5.0,5.0,1.0,3.0,5.0,4.0,1.0,4.0,2.0,5.0,1.0,5.0,5.0,2.0,5.0,1.0,4.0,5.0,5.0,1.0,7,2,6,2,7,2,5,2,6,2,1,1,0,1,1,1,0,0,0,1,0,0,1,1,1,1,4,2,1,1,48,2,7,1,60,2,3,3
11396,1.0,3.0,4.0,5.0,1.0,5.0,2.0,2.0,5.0,2.0,1.0,1.0,1.0,4.0,4.0,5.0,4.0,2.0,4.0,1.0,0,0,0,0,0,0,0,0,0,0,0,1,0,1,1,0,0,0,0,1,0,0,1,1,1,1,2,3,1,1,20,1,0,1,60,2,1,2
11397,1.0,2.0,2.0,3.0,4.0,4.0,2.0,4.0,4.0,3.0,1.0,1.0,1.0,3.0,3.0,4.0,3.0,2.0,5.0,1.0,5,4,6,4,5,7,6,2,6,7,1,1,0,0,1,0,0,0,0,1,0,0,0,1,1,1,2,3,2,1,18,1,2,1,10,2,1,3
11398,4.0,1.0,2.0,1.0,5.0,2.0,5.0,5.0,2.0,4.0,1.0,4.0,4.0,1.0,4.0,1.0,3.0,5.0,5.0,2.0,1,6,2,7,5,6,5,7,2,6,1,1,0,1,1,0,0,0,0,1,0,0,0,1,1,1,2,3,2,2,19,1,2,1,10,2,1,2
11399,4.0,1.0,1.0,5.0,1.0,1.0,1.0,1.0,5.0,2.0,1.0,1.0,1.0,1.0,2.0,2.0,1.0,5.0,5.0,1.0,6,1,6,1,7,2,7,1,7,2,1,1,1,1,1,0,0,0,0,1,0,0,1,1,1,1,4,2,2,1,70,1,1,1,60,1,2,1
11400,5.0,5.0,2.0,3.0,4.0,5.0,1.0,2.0,2.0,1.0,2.0,4.0,2.0,5.0,4.0,1.0,2.0,5.0,5.0,5.0,2,1,4,2,6,5,2,2,6,6,1,1,0,1,1,0,1,0,0,1,0,0,1,1,1,1,3,1,1,1,74,1,2,4,60,1,3,6
11401,2.0,2.0,1.0,1.0,4.0,1.0,1.0,4.0,5.0,5.0,1.0,4.0,5.0,1.0,2.0,1.0,1.0,4.0,5.0,4.0,4,6,2,1,6,5,5,6,5,4,1,1,1,1,1,0,0,1,0,1,0,0,1,1,1,1,3,2,1,1,26,1,1,1,60,1,1,2
11402,5.0,1.0,1.0,1.0,5.0,1.0,1.0,1.0,5.0,5.0,5.0,5.0,1.0,5.0,1.0,1.0,1.0,1.0,5.0,1.0,6,5,6,6,6,3,6,1,3,2,1,1,0,1,1,0,0,0,0,1,0,0,0,1,1,1,2,1,2,1,21,1,7,2,60,2,1,3
11403,2.0,4.0,5.0,5.0,4.0,2.0,1.0,2.0,4.0,2.0,2.0,4.0,4.0,2.0,3.0,1.0,2.0,4.0,5.0,3.0,6,3,5,6,7,3,7,4,4,3,1,1,0,1,1,0,0,1,0,1,1,0,1,1,1,1,3,2,1,1,31,1,2,1,60,1,1,4
11404,4.0,4.0,2.0,4.0,3.0,3.0,1.0,4.0,2.0,5.0,2.0,4.0,4.0,3.0,3.0,3.0,2.0,4.0,3.0,3.0,3,5,5,2,6,5,5,2,7,5,1,1,0,1,1,0,0,0,0,1,0,0,1,1,1,1,3,2,1,1,29,1,2,1,60,2,2,3
11405,2.0,1.0,5.0,4.0,3.0,5.0,2.0,2.0,5.0,5.0,2.0,4.0,3.0,3.0,1.0,2.0,1.0,2.0,5.0,4.0,1,5,2,5,5,7,1,6,2,1,1,1,1,1,1,0,1,1,0,1,1,0,1,1,1,1,4,2,1,1,30,2,2,1,70,1,1,2
11406,1.0,5.0,5.0,2.0,2.0,4.0,4.0,2.0,5.0,1.0,4.0,1.0,1.0,4.0,5.0,1.0,2.0,4.0,5.0,1.0,7,2,6,1,7,2,6,1,7,2,1,1,1,1,1,0,0,1,0,1,0,0,1,1,1,1,4,1,2,1,52,1,6,0,60,1,2,3
11407,1.0,1.0,4.0,1.0,1.0,1.0,1.0,2.0,5.0,5.0,1.0,5.0,1.0,1.0,1.0,1.0,1.0,1.0,1.0,1.0,7,1,7,2,7,1,7,2,6,1,1,1,0,1,1,0,0,1,0,1,0,0,1,1,1,1,3,1,2,1,46,1,7,1,60,2,2,2
11408,5.0,5.0,1.0,2.0,5.0,1.0,1.0,2.0,1.0,2.0,2.0,5.0,5.0,2.0,5.0,2.0,1.0,5.0,5.0,3.0,3,6,6,1,7,6,1,2,7,2,1,1,0,1,1,0,0,0,0,1,0,0,1,1,1,1,2,1,1,2,23,1,2,1,60,1,1,4
11409,5.0,4.0,2.0,4.0,2.0,1.0,1.0,1.0,2.0,2.0,1.0,1.0,1.0,3.0,5.0,1.0,2.0,5.0,3.0,1.0,6,5,4,1,7,1,6,2,7,1,1,1,1,1,1,0,1,1,0,1,1,0,1,1,1,1,4,1,2,1,35,1,1,1,60,1,2,6
11410,5.0,1.0,3.0,3.0,5.0,1.0,1.0,5.0,4.0,1.0,2.0,5.0,5.0,1.0,5.0,1.0,3.0,5.0,5.0,1.0,1,7,7,1,7,7,5,4,7,4,0,0,0,1,0,0,0,0,0,0,0,0,0,0,0,0,4,1,1,1,21,1,2,4,30,2,1,10
11411,1.0,4.0,2.0,4.0,2.0,2.0,1.0,1.0,4.0,3.0,2.0,1.0,4.0,2.0,4.0,5.0,4.0,2.0,5.0,1.0,1,3,6,2,7,6,4,1,4,3,1,1,1,1,1,0,1,1,0,1,0,0,1,1,1,1,4,2,2,1,37,1,1,1,60,1,2,2
11412,4.0,1.0,3.0,5.0,1.0,3.0,4.0,1.0,5.0,5.0,3.0,2.0,4.0,4.0,4.0,5.0,3.0,2.0,3.0,3.0,2,1,6,7,5,7,7,4,6,6,1,0,0,1,1,0,0,0,0,1,0,0,1,1,1,1,3,1,2,1,25,1,7,1,60,1,1,2
11413,1.0,1.0,3.0,1.0,2.0,5.0,2.0,1.0,5.0,1.0,5.0,4.0,1.0,2.0,4.0,1.0,1.0,4.0,1.0,1.0,2,2,7,5,5,7,6,5,7,6,1,1,0,1,1,0,0,0,0,1,0,0,1,1,1,1,4,2,2,1,38,1,6,1,60,1,2,4
11414,4.0,4.0,2.0,1.0,5.0,3.0,3.0,2.0,4.0,2.0,2.0,5.0,5.0,2.0,4.0,3.0,5.0,5.0,5.0,4.0,5,6,5,4,6,3,5,6,2,4,1,1,0,1,1,0,0,0,0,1,0,0,1,1,1,1,3,3,2,2,26,1,7,1,60,2,1,1
11415,4.0,3.0,2.0,1.0,5.0,4.0,3.0,5.0,5.0,5.0,1.0,5.0,4.0,1.0,5.0,3.0,3.0,5.0,2.0,4.0,7,4,6,5,7,1,7,5,7,1,1,1,0,1,1,0,0,0,0,1,0,0,0,1,1,1,1,2,2,1,16,1,4,1,60,2,1,3
11416,1.0,1.0,5.0,5.0,2.0,5.0,5.0,1.0,5.0,5.0,2.0,4.0,1.0,2.0,1.0,4.0,1.0,1.0,1.0,1.0,1,1,7,2,5,7,7,5,6,1,1,1,0,1,1,0,0,1,0,1,0,1,1,1,1,1,3,1,1,1,34,1,6,1,60,1,1,4
11417,4.0,5.0,5.0,4.0,1.0,5.0,5.0,4.0,5.0,5.0,3.0,1.0,1.0,3.0,4.0,5.0,2.0,1.0,5.0,1.0,7,6,7,6,7,2,6,1,7,1,1,0,0,1,0,0,0,0,0,0,0,0,0,0,0,1,2,3,1,1,16,1,7,1,60,2,1,1
11418,5.0,1.0,5.0,5.0,5.0,5.0,5.0,5.0,5.0,5.0,4.0,1.0,1.0,1.0,3.0,4.0,3.0,5.0,5.0,4.0,6,3,7,6,5,5,6,1,6,1,0,1,0,1,1,0,0,0,0,1,0,0,0,1,1,1,3,2,2,1,34,1,7,1,60,1,2,3
11419,2.0,3.0,2.0,2.0,2.0,2.0,2.0,1.0,5.0,3.0,2.0,2.0,2.0,2.0,2.0,4.0,4.0,2.0,4.0,1.0,5,6,6,6,3,3,6,5,5,5,1,1,0,1,1,0,0,0,0,1,0,0,1,1,1,1,3,1,2,1,36,1,7,1,60,1,2,1
11420,4.0,5.0,2.0,1.0,5.0,1.0,1.0,5.0,4.0,1.0,1.0,5.0,4.0,1.0,4.0,2.0,2.0,2.0,5.0,4.0,1,7,5,3,7,7,1,2,6,1,1,1,0,1,1,1,0,1,0,1,0,1,0,1,1,1,1,2,2,1,15,1,2,2,60,2,1,1
11421,5.0,2.0,3.0,3.0,2.0,1.0,1.0,4.0,3.0,1.0,1.0,2.0,3.0,3.0,3.0,5.0,5.0,5.0,5.0,3.0,5,6,5,5,6,3,6,5,3,1,1,1,0,1,1,0,0,0,0,1,0,0,1,1,1,1,3,3,1,2,25,1,1,1,10,1,2,2
11422,4.0,1.0,3.0,4.0,4.0,3.0,4.0,2.0,5.0,4.0,1.0,1.0,1.0,1.0,5.0,5.0,5.0,1.0,5.0,3.0,2,5,6,6,6,5,5,6,5,4,1,1,1,1,1,0,0,1,0,1,1,1,0,1,1,1,4,3,2,2,56,1,2,1,60,2,1,1
11423,5.0,1.0,3.0,4.0,5.0,2.0,3.0,1.0,5.0,4.0,1.0,5.0,5.0,2.0,2.0,2.0,1.0,5.0,5.0,1.0,1,2,7,5,3,7,5,5,6,3,1,1,1,1,1,0,0,1,0,1,0,0,1,1,1,1,4,1,2,1,38,1,2,1,60,1,2,2
11424,4.0,2.0,4.0,3.0,4.0,4.0,5.0,4.0,4.0,4.0,1.0,3.0,2.0,2.0,2.0,4.0,4.0,4.0,4.0,2.0,4,6,7,6,6,3,6,3,5,2,1,1,0,1,1,0,0,0,0,1,0,0,0,0,1,1,2,1,2,1,33,1,4,1,60,1,2,4
11425,1.0,4.0,5.0,4.0,4.0,5.0,1.0,4.0,4.0,5.0,2.0,4.0,1.0,4.0,5.0,1.0,3.0,5.0,4.0,4.0,6,5,5,6,7,5,7,6,5,2,1,1,0,1,1,0,0,1,0,1,1,0,1,1,1,1,3,0,2,2,44,1,4,1,60,1,2,1
11426,5.0,5.0,1.0,1.0,5.0,1.0,1.0,4.0,1.0,1.0,1.0,4.0,5.0,1.0,4.0,1.0,1.0,3.0,5.0,5.0,7,7,1,1,7,1,7,7,2,1,0,1,1,1,1,1,1,1,1,1,1,1,0,1,1,1,2,2,2,2,18,1,2,1,60,2,1,2
11427,3.0,2.0,4.0,2.0,2.0,2.0,1.0,2.0,4.0,3.0,1.0,4.0,2.0,2.0,4.0,3.0,1.0,4.0,4.0,1.0,3,5,6,5,6,5,5,4,4,1,1,1,1,1,1,0,0,1,0,1,0,0,1,1,1,1,3,2,1,1,21,1,1,2,60,1,1,2
11428,2.0,2.0,4.0,3.0,1.0,4.0,3.0,1.0,5.0,4.0,1.0,2.0,1.0,1.0,3.0,4.0,4.0,4.0,4.0,4.0,3,2,4,5,7,6,7,5,5,1,1,1,0,1,1,0,0,0,0,1,0,0,1,0,1,1,3,2,1,1,44,1,6,1,60,1,2,3
11429,5.0,4.0,5.0,5.0,5.0,5.0,1.0,1.0,5.0,3.0,1.0,5.0,5.0,1.0,1.0,5.0,1.0,1.0,5.0,1.0,1,6,7,5,2,7,5,1,6,1,1,1,0,1,1,0,1,0,0,1,0,1,1,1,1,1,3,3,2,1,36,2,1,1,60,1,3,2
11430,1.0,1.0,4.0,5.0,1.0,5.0,2.0,1.0,5.0,5.0,2.0,1.0,1.0,4.0,3.0,5.0,5.0,1.0,5.0,1.0,2,1,7,5,5,7,6,1,7,2,1,1,1,1,1,1,1,0,0,1,0,0,1,1,1,1,4,2,2,1,56,1,2,1,60,1,2,3
11431,2.0,4.0,4.0,5.0,1.0,1.0,1.0,1.0,5.0,5.0,2.0,4.0,1.0,4.0,2.0,5.0,1.0,3.0,5.0,1.0,5,1,7,1,7,5,7,5,6,5,1,1,0,1,1,0,0,0,0,1,0,0,1,1,1,1,3,1,2,1,51,1,6,1,60,1,3,3
11432,2.0,4.0,4.0,3.0,4.0,4.0,4.0,3.0,5.0,4.0,2.0,4.0,1.0,1.0,1.0,4.0,5.0,1.0,4.0,2.0,5,6,3,7,3,5,6,5,2,4,1,1,1,1,1,0,0,0,0,1,0,1,1,1,1,1,2,1,2,1,33,1,7,1,60,1,3,2
11433,3.0,4.0,4.0,4.0,4.0,2.0,2.0,3.0,5.0,4.0,2.0,3.0,1.0,3.0,4.0,4.0,4.0,3.0,5.0,2.0,2,5,3,5,2,7,5,4,4,3,1,1,1,1,1,0,0,1,0,1,1,0,1,1,1,1,3,2,1,2,24,1,1,1,60,1,1,3
11434,3.0,2.0,3.0,4.0,4.0,3.0,2.0,2.0,3.0,5.0,1.0,4.0,1.0,1.0,3.0,4.0,2.0,2.0,3.0,2.0,6,7,4,7,7,3,6,6,3,2,1,1,0,0,0,0,0,0,0,1,0,0,0,0,0,1,4,3,2,2,27,1,2,1,10,2,1,2
11435,1.0,2.0,5.0,4.0,2.0,4.0,2.0,2.0,5.0,4.0,1.0,5.0,4.0,4.0,3.0,4.0,1.0,4.0,5.0,1.0,5,5,3,4,7,2,7,7,4,1,1,1,1,1,1,0,0,1,0,1,0,0,1,0,1,1,3,3,2,1,28,1,12,2,50,2,2,4
11436,2.0,4.0,4.0,1.0,3.0,5.0,5.0,5.0,5.0,1.0,1.0,4.0,4.0,1.0,5.0,1.0,1.0,4.0,3.0,1.0,5,6,6,7,3,5,5,3,3,7,1,1,0,1,1,0,0,0,0,1,0,0,0,1,1,1,4,1,2,1,22,1,6,1,60,1,2,5
11437,1.0,4.0,5.0,5.0,3.0,5.0,4.0,1.0,5.0,5.0,5.0,4.0,1.0,4.0,5.0,2.0,4.0,2.0,5.0,1.0,2,4,5,2,7,5,6,1,5,1,1,1,1,1,1,0,0,0,0,1,0,0,1,1,1,1,3,3,2,1,52,1,1,1,60,1,3,4
11438,4.0,4.0,5.0,4.0,2.0,4.0,4.0,4.0,5.0,4.0,2.0,4.0,2.0,4.0,4.0,4.0,2.0,4.0,4.0,2.0,6,2,5,6,7,5,7,6,5,1,1,1,0,1,1,1,0,1,0,1,0,0,1,1,1,1,4,3,2,1,27,1,7,1,60,1,2,5
11439,5.0,5.0,1.0,1.0,5.0,1.0,2.0,3.0,2.0,2.0,3.0,5.0,4.0,1.0,4.0,3.0,1.0,4.0,5.0,2.0,5,7,4,2,5,4,3,6,4,2,1,1,1,1,1,1,1,1,1,0,1,1,1,1,1,1,3,2,1,1,27,1,2,1,60,1,1,2
11440,4.0,2.0,4.0,3.0,2.0,2.0,2.0,4.0,3.0,2.0,1.0,5.0,2.0,1.0,4.0,1.0,2.0,4.0,5.0,4.0,2,1,6,1,6,7,5,3,4,2,1,1,1,1,1,1,0,1,0,1,1,1,1,1,1,1,3,2,1,1,25,2,4,1,60,2,1,2
11441,4.0,4.0,2.0,4.0,4.0,1.0,2.0,4.0,2.0,2.0,2.0,4.0,2.0,2.0,4.0,1.0,2.0,4.0,5.0,1.0,5,5,3,3,7,4,6,4,5,2,1,1,1,1,1,0,1,1,0,1,0,0,1,1,1,1,4,3,2,1,28,1,1,1,60,1,1,3
11442,4.0,4.0,4.0,2.0,4.0,2.0,1.0,2.0,4.0,2.0,1.0,5.0,2.0,1.0,4.0,5.0,2.0,4.0,5.0,2.0,1,1,6,5,1,7,5,2,7,2,1,1,0,1,1,1,1,0,0,1,0,0,1,1,1,1,4,2,1,1,33,1,4,1,60,1,2,2
11443,2.0,1.0,5.0,4.0,1.0,4.0,2.0,2.0,5.0,5.0,2.0,1.0,1.0,2.0,2.0,2.0,4.0,4.0,5.0,1.0,3,1,5,6,5,2,6,3,3,3,1,1,0,1,1,0,0,0,0,1,0,0,1,1,1,1,3,3,2,1,28,1,2,1,60,1,1,2
11444,4.0,5.0,1.0,5.0,4.0,2.0,1.0,5.0,4.0,1.0,2.0,2.0,5.0,1.0,5.0,2.0,1.0,4.0,5.0,1.0,7,3,7,3,7,1,6,1,3,1,1,1,0,1,1,0,0,0,0,1,0,0,1,1,1,1,3,2,2,1,19,1,4,1,60,1,1,3
11445,4.0,5.0,3.0,1.0,4.0,3.0,3.0,5.0,2.0,1.0,1.0,3.0,3.0,2.0,5.0,1.0,1.0,4.0,5.0,5.0,1,1,2,2,7,6,6,2,6,2,1,1,0,1,1,0,0,1,1,1,0,0,0,1,1,1,4,2,1,1,27,1,8,1,10,1,1,3
11446,1.0,1.0,4.0,1.0,2.0,5.0,4.0,4.0,5.0,5.0,1.0,4.0,1.0,2.0,1.0,2.0,2.0,2.0,3.0,5.0,3,5,7,1,6,6,6,1,6,4,1,1,1,1,1,0,1,0,0,1,0,0,1,1,1,1,3,1,1,1,43,1,6,1,60,1,2,4
11447,2.0,4.0,1.0,5.0,4.0,1.0,1.0,4.0,5.0,5.0,3.0,2.0,1.0,1.0,5.0,4.0,1.0,4.0,5.0,1.0,5,3,6,3,2,7,5,2,5,5,1,1,0,1,1,0,0,0,0,1,0,0,1,1,1,1,2,1,1,1,20,1,2,2,60,2,1,4
11448,3.0,1.0,2.0,2.0,5.0,3.0,4.0,4.0,3.0,2.0,1.0,5.0,5.0,2.0,5.0,1.0,1.0,5.0,5.0,3.0,5,5,1,5,4,2,5,7,1,4,1,1,0,1,1,1,0,0,0,1,0,0,1,0,1,1,2,1,1,2,26,1,1,1,60,2,1,3
11449,2.0,2.0,2.0,5.0,5.0,4.0,2.0,2.0,5.0,2.0,1.0,5.0,1.0,2.0,5.0,1.0,4.0,4.0,5.0,1.0,5,7,5,7,3,1,3,5,1,3,1,1,0,1,1,0,0,0,0,1,0,0,0,1,0,1,3,3,2,2,41,1,12,1,10,2,2,2
11450,2.0,1.0,3.0,3.0,2.0,3.0,2.0,2.0,5.0,4.0,3.0,1.0,2.0,1.0,2.0,5.0,2.0,4.0,5.0,1.0,6,5,7,4,5,1,5,1,6,2,1,1,0,1,1,0,0,0,0,1,0,0,0,1,1,1,3,3,1,1,27,1,6,1,60,1,2,3
11451,5.0,5.0,1.0,1.0,5.0,1.0,1.0,5.0,2.0,1.0,1.0,1.0,1.0,2.0,5.0,1.0,5.0,5.0,1.0,1.0,7,7,7,7,7,6,7,7,7,7,1,1,1,1,1,1,1,1,1,1,1,1,1,1,1,1,4,2,1,1,18,1,7,1,30,1,1,4
11452,5.0,1.0,4.0,1.0,4.0,1.0,1.0,4.0,5.0,2.0,1.0,5.0,3.0,4.0,1.0,4.0,2.0,5.0,1.0,2.0,4,1,7,4,7,6,7,1,7,1,1,1,0,1,1,0,0,0,0,1,0,0,1,1,1,0,3,1,1,1,38,1,7,3,30,2,1,9
11453,5.0,4.0,1.0,5.0,1.0,5.0,4.0,4.0,5.0,2.0,2.0,4.0,5.0,3.0,5.0,1.0,1.0,4.0,5.0,2.0,3,5,2,6,4,7,4,5,2,2,1,1,0,1,1,0,0,0,0,1,0,0,1,1,1,1,3,3,1,1,29,1,1,1,60,1,1,2
11454,4.0,1.0,2.0,1.0,5.0,2.0,2.0,5.0,5.0,2.0,1.0,5.0,1.0,3.0,2.0,2.0,3.0,4.0,5.0,1.0,6,6,7,7,5,7,6,7,2,3,1,1,0,1,1,0,0,0,0,1,0,0,0,1,1,1,2,3,2,2,18,1,10,1,10,2,1,3
11455,2.0,2.0,4.0,3.0,5.0,5.0,2.0,2.0,5.0,4.0,1.0,4.0,2.0,2.0,4.0,2.0,2.0,3.0,4.0,3.0,6,2,6,5,6,5,6,3,5,1,1,1,1,1,1,0,1,1,0,1,1,0,1,1,1,1,4,1,1,1,70,1,6,1,60,0,2,0
11456,3.0,1.0,5.0,5.0,1.0,5.0,5.0,1.0,5.0,5.0,1.0,4.0,5.0,1.0,2.0,2.0,1.0,1.0,5.0,4.0,7,7,7,2,7,1,4,2,3,1,1,1,0,1,1,0,0,1,0,1,0,0,1,1,0,1,4,2,1,1,30,1,2,3,60,1,1,2
11457,1.0,5.0,5.0,1.0,1.0,1.0,2.0,1.0,5.0,3.0,1.0,1.0,1.0,1.0,1.0,5.0,1.0,1.0,5.0,1.0,1,1,6,1,6,1,7,3,7,6,1,1,0,1,1,0,0,0,0,1,0,0,1,1,1,1,3,1,2,1,49,1,7,1,60,2,2,4
11458,2.0,5.0,1.0,2.0,3.0,2.0,1.0,2.0,2.0,1.0,1.0,5.0,2.0,2.0,5.0,1.0,1.0,5.0,5.0,2.0,6,6,3,7,3,1,6,5,1,1,0,0,0,0,1,0,0,0,0,1,0,0,0,0,0,1,3,2,2,1,28,1,12,2,60,1,2,2
11459,1.0,3.0,1.0,4.0,1.0,1.0,1.0,2.0,2.0,4.0,1.0,2.0,3.0,4.0,5.0,4.0,3.0,4.0,5.0,1.0,6,3,4,2,6,1,6,5,6,1,1,1,0,1,1,0,0,0,0,1,0,0,0,1,0,1,3,1,2,2,21,1,6,1,60,1,1,2
11460,2.0,4.0,2.0,3.0,3.0,2.0,1.0,4.0,4.0,2.0,1.0,4.0,4.0,2.0,4.0,3.0,2.0,4.0,5.0,1.0,2,4,6,2,7,5,5,5,7,2,1,1,0,1,1,0,0,1,0,1,0,0,1,1,1,1,4,2,1,1,24,2,11,1,10,2,1,2
11461,5.0,4.0,4.0,1.0,4.0,1.0,1.0,1.0,5.0,2.0,1.0,4.0,1.0,4.0,5.0,1.0,2.0,5.0,5.0,2.0,7,7,6,6,7,6,6,1,3,1,1,1,1,1,1,1,1,0,0,1,1,1,1,1,1,1,3,1,2,1,42,2,1,1,60,2,1,2
11462,2.0,2.0,4.0,4.0,4.0,2.0,2.0,4.0,5.0,3.0,4.0,4.0,3.0,1.0,3.0,1.0,4.0,4.0,5.0,1.0,2,5,7,5,6,7,6,2,6,2,1,1,1,1,1,0,0,1,0,1,0,0,1,1,1,1,2,2,1,1,22,1,12,4,60,2,1,2
11463,2.0,1.0,4.0,5.0,2.0,4.0,4.0,4.0,5.0,4.0,2.0,2.0,4.0,2.0,1.0,5.0,3.0,1.0,5.0,1.0,7,3,6,5,7,1,7,1,5,3,1,1,0,1,1,0,0,0,0,1,0,0,1,1,1,1,4,2,2,1,26,1,4,1,60,2,1,3
11464,1.0,1.0,4.0,4.0,2.0,4.0,3.0,2.0,5.0,4.0,2.0,2.0,2.0,2.0,2.0,4.0,4.0,1.0,4.0,1.0,4,1,6,4,5,6,7,1,5,2,1,1,1,1,1,0,1,1,0,1,0,1,0,1,1,1,3,1,1,1,33,1,7,1,60,1,2,2
11465,3.0,5.0,3.0,2.0,1.0,2.0,1.0,4.0,3.0,2.0,1.0,2.0,4.0,1.0,5.0,5.0,1.0,4.0,5.0,5.0,5,3,2,2,5,2,6,5,7,3,1,1,0,1,1,0,0,0,0,1,1,0,1,1,1,1,0,3,1,1,16,1,4,1,60,2,1,2
11466,5.0,4.0,1.0,1.0,5.0,1.0,1.0,5.0,3.0,1.0,1.0,5.0,3.0,1.0,4.0,1.0,1.0,5.0,5.0,5.0,2,4,6,2,7,4,2,1,7,1,1,1,1,1,1,1,1,1,1,1,1,1,1,1,1,1,4,2,2,1,42,1,7,1,70,2,1,4
11467,1.0,4.0,1.0,1.0,3.0,1.0,1.0,2.0,3.0,2.0,3.0,5.0,5.0,2.0,4.0,2.0,1.0,5.0,5.0,3.0,1,4,4,2,6,7,3,5,7,1,1,1,0,1,1,0,0,1,0,1,0,0,0,1,1,1,3,1,1,1,23,1,1,1,60,1,1,3
11468,1.0,4.0,2.0,4.0,4.0,2.0,1.0,4.0,4.0,2.0,2.0,4.0,3.0,2.0,4.0,2.0,2.0,2.0,4.0,1.0,2,5,5,5,7,7,6,6,5,2,1,1,1,1,1,0,0,0,0,1,0,0,1,1,1,1,3,1,2,1,64,1,4,1,60,1,1,6
11469,2.0,1.0,2.0,5.0,5.0,2.0,2.0,1.0,5.0,5.0,2.0,4.0,4.0,5.0,3.0,1.0,2.0,2.0,4.0,1.0,1,5,6,3,5,6,6,3,6,2,1,1,0,1,1,0,0,0,0,1,0,0,1,1,1,1,4,1,2,1,46,1,12,3,60,1,1,2
11470,4.0,4.0,1.0,1.0,5.0,1.0,1.0,5.0,4.0,1.0,2.0,5.0,5.0,1.0,5.0,2.0,1.0,4.0,5.0,3.0,2,7,2,5,6,1,6,1,5,1,1,1,1,1,1,0,0,1,0,1,1,0,1,1,1,1,3,3,3,1,19,2,1,5,60,1,1,3
11471,2.0,4.0,2.0,5.0,2.0,2.0,1.0,1.0,5.0,4.0,2.0,2.0,1.0,5.0,2.0,5.0,2.0,1.0,4.0,4.0,6,1,6,5,6,5,7,3,7,6,1,1,1,1,1,0,1,1,0,1,0,0,1,1,1,1,3,3,2,1,60,1,4,1,60,1,1,7
11472,5.0,5.0,1.0,1.0,4.0,1.0,1.0,5.0,1.0,4.0,1.0,5.0,2.0,1.0,4.0,1.0,1.0,4.0,5.0,3.0,5,7,4,1,4,5,2,1,6,2,1,1,1,1,1,0,0,0,0,1,0,0,1,1,1,0,2,2,2,1,18,1,2,3,70,2,1,2
11473,4.0,4.0,4.0,2.0,4.0,2.0,2.0,4.0,5.0,4.0,2.0,4.0,1.0,2.0,2.0,4.0,2.0,4.0,5.0,2.0,6,5,7,6,5,3,6,2,4,5,1,1,0,1,1,0,0,0,0,1,0,0,0,1,1,1,3,1,2,1,40,1,7,1,60,1,3,2
11474,5.0,2.0,2.0,2.0,4.0,1.0,1.0,5.0,5.0,2.0,3.0,5.0,5.0,1.0,3.0,4.0,4.0,5.0,4.0,1.0,1,2,1,7,6,6,3,6,1,4,1,1,0,1,0,0,0,0,0,1,0,0,1,1,1,1,4,1,1,2,22,2,4,1,60,1,1,2
11475,5.0,5.0,1.0,2.0,5.0,3.0,2.0,4.0,3.0,2.0,2.0,5.0,5.0,1.0,5.0,3.0,3.0,3.0,4.0,3.0,6,4,5,1,7,3,4,0,7,2,1,0,0,1,1,0,0,0,0,1,0,0,0,1,1,1,0,2,2,2,18,1,2,4,60,2,1,3
11476,2.0,2.0,2.0,1.0,5.0,1.0,1.0,4.0,4.0,3.0,2.0,5.0,5.0,2.0,4.0,2.0,1.0,4.0,5.0,3.0,6,6,6,2,6,2,6,1,6,2,1,1,1,1,1,0,0,1,0,1,0,0,1,1,1,1,3,2,1,1,42,1,7,1,60,2,2,1
11477,1.0,4.0,2.0,4.0,4.0,4.0,2.0,1.0,3.0,2.0,2.0,1.0,1.0,4.0,5.0,5.0,1.0,4.0,5.0,1.0,2,5,3,6,5,5,7,6,3,3,1,1,1,1,1,0,1,1,0,1,1,0,1,1,1,1,3,3,2,1,29,1,1,1,10,1,1,1
11478,2.0,2.0,4.0,5.0,1.0,3.0,2.0,1.0,4.0,3.0,1.0,1.0,1.0,3.0,3.0,2.0,3.0,4.0,5.0,1.0,2,1,3,4,7,5,7,3,6,2,1,1,0,1,1,0,0,0,0,1,0,0,1,1,1,1,2,2,2,1,20,1,1,2,60,2,1,1
11479,5.0,1.0,4.0,4.0,2.0,2.0,2.0,1.0,5.0,4.0,2.0,2.0,1.0,1.0,3.0,1.0,2.0,1.0,2.0,4.0,5,5,6,1,7,7,7,2,7,5,1,1,0,1,1,0,0,0,0,1,0,0,0,1,1,1,3,1,2,2,27,1,7,1,60,2,2,4
11480,2.0,2.0,4.0,3.0,4.0,4.0,2.0,4.0,4.0,4.0,2.0,2.0,2.0,3.0,4.0,2.0,4.0,2.0,2.0,2.0,6,5,6,2,4,2,5,3,5,3,1,1,0,1,1,1,1,1,1,1,0,1,1,1,1,1,0,2,2,1,29,1,7,1,60,1,2,4
11481,1.0,5.0,5.0,4.0,3.0,5.0,5.0,4.0,5.0,5.0,3.0,1.0,2.0,2.0,1.0,5.0,2.0,2.0,1.0,1.0,7,4,7,1,6,1,3,2,3,4,1,1,0,1,1,0,0,0,0,1,0,0,0,1,1,1,3,3,1,1,31,2,7,1,60,1,2,3
11482,1.0,1.0,4.0,5.0,1.0,4.0,2.0,4.0,5.0,5.0,2.0,4.0,1.0,3.0,1.0,4.0,2.0,1.0,4.0,1.0,2,2,6,3,5,5,6,5,6,5,0,1,0,0,1,0,0,0,0,1,0,0,0,1,1,1,3,3,2,1,34,2,7,1,60,1,2,4
11483,2.0,1.0,1.0,2.0,5.0,2.0,4.0,4.0,5.0,5.0,1.0,1.0,3.0,4.0,1.0,2.0,1.0,3.0,5.0,3.0,7,5,6,5,7,2,7,5,6,2,1,1,1,1,1,0,0,1,0,1,0,0,1,1,1,1,3,1,2,1,38,2,12,1,60,1,2,3
11484,1.0,3.0,1.0,2.0,1.0,1.0,2.0,5.0,5.0,3.0,2.0,4.0,2.0,1.0,1.0,1.0,3.0,3.0,5.0,1.0,2,3,5,1,6,7,5,2,6,2,1,1,1,1,1,0,1,1,0,1,1,0,1,1,1,1,3,1,1,1,45,1,1,1,60,2,2,4
11485,1.0,1.0,4.0,5.0,4.0,1.0,1.0,5.0,4.0,5.0,2.0,5.0,1.0,1.0,4.0,1.0,5.0,2.0,5.0,1.0,2,6,7,5,7,5,6,1,6,5,1,1,0,1,1,0,1,1,0,1,0,0,1,1,1,1,4,2,1,1,50,1,7,1,60,1,2,4
11486,4.0,1.0,1.0,1.0,5.0,2.0,1.0,3.0,5.0,2.0,1.0,5.0,2.0,1.0,5.0,1.0,1.0,4.0,1.0,1.0,7,2,4,5,7,3,7,2,6,1,1,1,1,1,1,0,0,1,0,0,0,0,1,1,0,1,3,3,2,1,41,1,7,1,30,2,3,3
11487,5.0,4.0,2.0,4.0,4.0,1.0,1.0,1.0,3.0,1.0,4.0,5.0,4.0,2.0,5.0,4.0,1.0,4.0,3.0,2.0,2,7,6,2,4,3,1,1,6,2,1,1,1,1,1,0,0,1,0,1,1,0,1,1,1,1,3,3,1,1,18,1,1,1,60,2,1,2
11488,5.0,2.0,2.0,2.0,5.0,1.0,1.0,4.0,5.0,2.0,1.0,5.0,1.0,1.0,5.0,1.0,2.0,2.0,5.0,1.0,2,4,6,7,1,7,5,3,2,7,1,1,0,1,1,0,0,0,0,1,0,0,1,1,1,1,2,3,1,1,20,1,6,1,60,1,1,2
11489,2.0,3.0,1.0,2.0,3.0,1.0,1.0,2.0,5.0,5.0,1.0,4.0,1.0,3.0,2.0,2.0,2.0,5.0,5.0,2.0,4,5,7,5,5,5,3,3,3,5,1,1,1,1,1,0,0,1,0,1,0,0,1,1,1,1,3,2,2,1,37,1,2,4,60,2,1,2
11490,4.0,2.0,4.0,4.0,4.0,4.0,3.0,5.0,5.0,5.0,2.0,2.0,2.0,2.0,2.0,4.0,4.0,3.0,4.0,1.0,6,5,7,5,5,4,4,5,4,2,1,1,0,1,1,0,0,0,0,1,0,0,0,1,1,1,3,2,2,1,39,1,7,1,70,1,2,2
11491,3.0,1.0,5.0,5.0,2.0,5.0,5.0,4.0,5.0,4.0,1.0,1.0,3.0,3.0,3.0,5.0,1.0,4.0,5.0,1.0,6,2,6,6,5,1,6,1,1,1,1,1,0,1,1,1,0,1,0,1,0,0,1,1,1,1,3,1,2,1,31,2,7,1,60,1,2,2
11492,4.0,2.0,1.0,2.0,1.0,1.0,1.0,1.0,5.0,4.0,1.0,5.0,2.0,1.0,4.0,1.0,3.0,5.0,4.0,1.0,2,5,2,1,4,6,6,5,2,2,1,1,0,1,1,0,0,0,0,0,0,1,1,1,1,1,2,2,2,1,20,1,6,1,60,2,1,3
11493,5.0,1.0,5.0,5.0,3.0,5.0,5.0,4.0,5.0,5.0,4.0,3.0,1.0,5.0,1.0,2.0,5.0,1.0,1.0,3.0,3,1,6,2,5,6,7,1,7,1,1,1,0,1,1,1,0,0,0,1,0,0,1,1,1,1,2,1,1,1,49,1,6,1,60,1,2,2
11494,1.0,4.0,5.0,4.0,2.0,5.0,4.0,2.0,5.0,4.0,4.0,4.0,1.0,3.0,4.0,5.0,3.0,4.0,4.0,1.0,5,3,6,2,7,5,6,3,5,2,1,1,0,1,1,0,0,1,0,1,0,0,1,1,1,1,4,2,1,1,31,1,9,1,60,1,1,3
11495,1.0,1.0,5.0,5.0,1.0,5.0,5.0,1.0,5.0,5.0,4.0,1.0,1.0,5.0,1.0,5.0,3.0,1.0,5.0,1.0,6,3,5,2,7,3,7,3,4,2,1,1,0,1,1,0,0,0,0,1,0,0,1,1,1,1,3,3,1,1,35,1,12,1,30,1,1,4
11496,1.0,1.0,4.0,2.0,2.0,5.0,4.0,2.0,5.0,4.0,1.0,2.0,1.0,2.0,1.0,1.0,5.0,1.0,1.0,1.0,1,2,6,1,6,6,3,2,6,1,1,1,1,1,1,0,1,1,0,1,0,1,1,1,1,1,3,3,2,1,29,1,6,1,60,1,3,3
11497,5.0,5.0,5.0,1.0,5.0,5.0,1.0,5.0,5.0,5.0,1.0,5.0,5.0,1.0,5.0,1.0,1.0,5.0,5.0,5.0,2,2,7,2,7,7,7,2,7,2,1,1,0,1,1,1,1,1,0,1,1,1,1,1,1,1,2,2,1,1,46,1,7,1,60,2,3,3
11498,1.0,4.0,1.0,4.0,4.0,2.0,1.0,5.0,4.0,4.0,1.0,2.0,1.0,3.0,1.0,2.0,3.0,5.0,5.0,1.0,6,6,3,5,7,1,6,5,3,1,1,1,0,1,1,0,1,1,0,1,0,0,1,1,1,1,4,3,2,2,23,2,8,1,10,2,1,1
11499,4.0,5.0,4.0,3.0,4.0,3.0,3.0,4.0,4.0,4.0,4.0,2.0,4.0,1.0,4.0,3.0,1.0,4.0,5.0,3.0,6,2,7,1,7,5,5,6,5,3,1,1,1,1,1,0,1,1,0,1,1,0,1,1,1,1,4,3,1,1,65,1,2,1,60,1,3,1
11500,2.0,1.0,4.0,3.0,2.0,4.0,3.0,2.0,5.0,3.0,4.0,2.0,2.0,3.0,3.0,3.0,2.0,2.0,5.0,1.0,5,2,7,2,6,4,5,1,5,4,1,1,1,1,1,0,0,0,0,1,0,0,1,1,1,1,3,3,2,1,43,1,3,1,10,1,1,2
11501,5.0,3.0,4.0,4.0,2.0,1.0,1.0,1.0,4.0,2.0,1.0,2.0,5.0,2.0,2.0,3.0,1.0,4.0,3.0,1.0,5,5,1,5,4,5,5,6,6,5,1,1,0,1,1,1,1,1,0,1,1,0,1,1,1,1,3,2,1,1,29,2,2,1,60,1,1,4
11502,3.0,2.0,3.0,2.0,3.0,4.0,1.0,3.0,5.0,4.0,1.0,4.0,1.0,2.0,2.0,4.0,5.0,4.0,4.0,1.0,4,1,7,3,5,5,5,1,6,1,0,0,0,0,0,0,0,0,0,0,0,0,0,0,0,1,3,3,1,1,34,2,4,1,60,1,2,3
11503,4.0,1.0,5.0,4.0,4.0,5.0,5.0,4.0,5.0,4.0,1.0,2.0,1.0,2.0,2.0,4.0,5.0,1.0,4.0,1.0,1,6,5,5,7,6,6,2,5,2,1,1,1,1,1,1,0,0,0,1,0,1,1,1,1,1,3,1,2,1,34,1,7,1,60,1,2,1
11504,2.0,4.0,2.0,4.0,1.0,1.0,1.0,2.0,4.0,2.0,2.0,1.0,1.0,5.0,2.0,4.0,2.0,1.0,5.0,1.0,5,3,7,6,6,2,7,6,6,7,1,1,0,1,0,0,0,0,0,1,1,0,1,1,1,1,4,1,3,1,39,3,12,5,70,2,3,4
11505,4.0,4.0,2.0,3.0,2.0,2.0,1.0,2.0,5.0,2.0,2.0,4.0,2.0,2.0,4.0,3.0,3.0,4.0,5.0,2.0,2,3,7,6,3,7,6,1,6,3,1,1,1,1,1,0,1,0,0,1,0,0,1,1,1,1,3,2,2,1,32,1,4,1,70,1,1,2
11506,4.0,3.0,1.0,1.0,5.0,2.0,1.0,3.0,5.0,2.0,2.0,5.0,4.0,1.0,4.0,5.0,1.0,2.0,5.0,5.0,6,4,5,5,7,3,5,5,4,4,1,1,0,1,0,0,0,0,0,1,0,0,0,1,1,1,3,3,1,2,27,1,2,1,70,1,1,3
11507,5.0,5.0,1.0,5.0,3.0,1.0,1.0,1.0,5.0,1.0,1.0,1.0,5.0,3.0,3.0,3.0,1.0,5.0,5.0,5.0,1,1,4,5,6,7,7,6,7,1,1,1,0,1,1,0,0,0,0,1,0,0,0,0,1,1,3,3,1,1,59,1,4,1,70,1,2,4
11508,1.0,2.0,4.0,4.0,2.0,2.0,1.0,2.0,4.0,2.0,2.0,4.0,4.0,1.0,4.0,4.0,2.0,4.0,2.0,1.0,5,6,5,3,6,5,5,5,5,6,1,1,1,1,1,0,1,1,0,1,1,0,1,1,1,1,4,2,1,1,32,1,12,2,70,1,2,4
11509,1.0,5.0,3.0,2.0,3.0,5.0,3.0,4.0,5.0,5.0,2.0,3.0,4.0,2.0,4.0,5.0,2.0,4.0,5.0,4.0,7,1,7,6,5,5,6,1,7,1,1,1,0,1,1,0,0,1,0,1,0,0,1,1,1,1,3,2,2,1,27,1,2,1,60,1,2,1
11510,1.0,1.0,5.0,5.0,1.0,1.0,1.0,1.0,5.0,5.0,4.0,2.0,1.0,4.0,1.0,1.0,2.0,1.0,4.0,1.0,1,5,5,7,6,6,5,2,2,6,1,1,0,1,1,1,1,1,0,1,0,0,1,1,1,1,4,3,1,1,50,1,4,1,60,1,2,3
11511,1.0,1.0,2.0,4.0,1.0,1.0,2.0,1.0,5.0,5.0,2.0,1.0,1.0,1.0,2.0,4.0,3.0,2.0,5.0,1.0,2,2,2,5,6,7,7,5,6,6,1,1,0,1,1,0,0,0,0,1,0,0,1,1,1,1,2,2,2,1,51,1,2,1,60,1,2,4
11512,4.0,4.0,5.0,2.0,1.0,2.0,2.0,1.0,5.0,2.0,2.0,1.0,2.0,1.0,5.0,4.0,1.0,4.0,2.0,1.0,7,2,6,5,5,1,7,2,6,2,1,1,0,1,1,0,0,1,0,1,0,0,0,1,1,1,3,1,2,1,30,1,6,1,60,1,2,2
11513,1.0,4.0,2.0,3.0,4.0,3.0,2.0,3.0,5.0,5.0,1.0,5.0,2.0,1.0,2.0,1.0,1.0,2.0,5.0,1.0,5,5,3,7,7,5,7,2,2,2,1,1,0,1,1,1,0,1,0,1,0,0,1,1,1,1,3,2,2,2,33,2,2,1,60,2,1,1
11514,2.0,1.0,2.0,3.0,4.0,5.0,3.0,1.0,3.0,4.0,1.0,4.0,3.0,2.0,3.0,2.0,3.0,2.0,4.0,3.0,2,5,3,7,4,7,5,7,1,2,1,1,0,1,1,0,0,0,0,1,1,1,1,1,1,1,3,1,2,1,21,1,2,2,60,1,1,3
11515,5.0,5.0,1.0,1.0,5.0,1.0,1.0,5.0,5.0,1.0,1.0,5.0,5.0,1.0,5.0,1.0,1.0,5.0,5.0,5.0,5,5,3,2,7,1,5,1,2,1,1,1,0,1,1,0,1,1,0,1,0,0,1,1,1,1,3,3,1,1,48,1,1,2,60,1,2,1
11516,4.0,3.0,3.0,1.0,5.0,1.0,1.0,1.0,5.0,2.0,1.0,4.0,1.0,1.0,2.0,3.0,2.0,4.0,3.0,1.0,7,4,3,4,7,1,6,6,5,1,1,1,0,1,1,0,0,0,0,1,0,0,1,1,1,1,3,2,2,2,19,1,7,1,60,2,1,2
11517,4.0,2.0,2.0,5.0,5.0,2.0,2.0,2.0,5.0,4.0,2.0,3.0,2.0,3.0,3.0,2.0,4.0,4.0,5.0,1.0,3,5,2,7,6,5,5,7,1,5,1,1,1,1,1,0,0,1,0,1,0,0,1,1,1,1,2,3,2,1,20,1,4,2,10,1,1,2
11518,1.0,5.0,2.0,2.0,5.0,5.0,5.0,2.0,5.0,5.0,1.0,5.0,5.0,1.0,1.0,5.0,2.0,4.0,5.0,4.0,7,2,7,1,7,6,7,2,7,1,1,1,0,1,1,0,0,1,0,1,0,0,0,1,0,1,2,3,1,2,44,1,0,2,60,2,1,2
11519,5.0,3.0,2.0,3.0,4.0,1.0,1.0,3.0,4.0,2.0,1.0,5.0,5.0,2.0,4.0,1.0,4.0,4.0,5.0,1.0,6,6,6,1,3,7,1,1,7,4,1,1,0,1,1,1,1,0,0,1,1,1,1,1,1,1,3,3,2,1,23,2,1,2,10,1,1,2
11520,5.0,4.0,4.0,4.0,2.0,3.0,3.0,3.0,5.0,2.0,2.0,4.0,4.0,2.0,4.0,2.0,3.0,4.0,5.0,4.0,6,2,3,5,7,2,7,3,5,3,1,1,0,1,1,0,0,0,0,1,0,0,1,1,1,1,2,2,1,1,21,2,1,1,70,1,1,1
11521,1.0,1.0,1.0,5.0,5.0,5.0,1.0,4.0,5.0,5.0,4.0,5.0,2.0,5.0,1.0,1.0,3.0,5.0,5.0,5.0,7,4,7,1,7,5,7,5,0,1,1,1,0,1,1,0,0,0,0,1,0,0,1,1,1,1,3,1,2,2,20,1,6,2,0,1,1,3
11522,3.0,4.0,4.0,2.0,4.0,4.0,2.0,5.0,4.0,4.0,1.0,5.0,2.0,2.0,5.0,1.0,2.0,4.0,5.0,3.0,3,6,5,5,5,5,6,6,6,2,1,1,0,1,1,0,0,0,0,1,0,0,1,1,1,1,2,3,1,2,24,1,1,1,70,2,1,3
11523,5.0,5.0,1.0,1.0,5.0,1.0,1.0,5.0,1.0,2.0,1.0,5.0,5.0,2.0,5.0,1.0,1.0,4.0,5.0,5.0,1,6,7,5,6,7,1,2,6,3,1,0,0,1,1,0,0,0,0,1,0,0,0,1,1,1,1,2,2,2,15,1,12,1,10,2,1,1
11524,5.0,4.0,3.0,1.0,4.0,2.0,4.0,1.0,2.0,2.0,1.0,4.0,3.0,3.0,4.0,2.0,1.0,4.0,5.0,1.0,4,6,2,6,7,4,6,6,3,5,1,1,0,1,1,0,0,0,0,1,0,0,1,1,1,1,3,2,1,1,20,1,12,1,10,1,1,2
11525,1.0,5.0,5.0,5.0,3.0,5.0,5.0,1.0,5.0,5.0,1.0,1.0,3.0,5.0,1.0,5.0,5.0,1.0,3.0,1.0,6,6,7,2,6,1,6,1,6,2,1,1,1,1,1,1,1,1,1,1,1,1,1,1,1,1,4,2,2,1,60,1,1,1,60,1,2,2
11526,5.0,4.0,5.0,2.0,1.0,2.0,1.0,1.0,5.0,5.0,1.0,5.0,1.0,1.0,3.0,5.0,5.0,5.0,5.0,1.0,5,5,6,5,7,6,7,1,6,1,1,1,1,1,1,0,0,0,0,1,0,0,1,1,1,1,3,1,1,2,30,1,6,1,60,1,2,2
11527,1.0,1.0,3.0,3.0,4.0,4.0,4.0,2.0,5.0,5.0,4.0,1.0,1.0,3.0,2.0,2.0,2.0,3.0,5.0,1.0,5,5,7,2,1,4,6,1,7,4,1,1,0,1,1,0,0,1,0,1,0,0,0,1,1,1,3,3,2,2,25,1,4,1,60,1,1,2
11528,2.0,5.0,1.0,2.0,5.0,2.0,1.0,4.0,5.0,5.0,2.0,1.0,5.0,1.0,1.0,1.0,1.0,4.0,5.0,4.0,1,6,5,6,5,4,2,4,1,4,1,1,1,1,1,0,0,0,0,1,1,0,1,1,1,1,3,2,1,1,60,1,2,3,60,1,1,2
11529,5.0,1.0,2.0,2.0,4.0,2.0,1.0,4.0,2.0,1.0,2.0,4.0,2.0,2.0,4.0,2.0,3.0,5.0,5.0,4.0,6,6,3,2,7,2,3,6,2,1,1,1,0,1,1,0,0,1,0,1,0,0,1,1,1,1,3,3,1,2,20,1,12,1,0,1,1,2
11530,5.0,5.0,1.0,1.0,5.0,1.0,1.0,5.0,1.0,1.0,1.0,5.0,5.0,1.0,5.0,1.0,1.0,5.0,5.0,5.0,7,7,1,1,7,1,1,1,7,1,1,1,1,1,1,0,1,0,0,1,0,1,1,1,1,1,4,2,1,1,26,1,2,3,60,1,1,1
11531,4.0,4.0,2.0,2.0,4.0,2.0,2.0,1.0,4.0,5.0,2.0,5.0,1.0,1.0,4.0,2.0,1.0,4.0,5.0,3.0,3,2,6,5,6,6,6,5,7,3,1,1,0,1,1,0,0,0,0,1,0,0,1,1,1,1,4,3,1,2,38,2,2,1,60,2,1,2
11532,4.0,5.0,3.0,3.0,4.0,3.0,2.0,3.0,3.0,2.0,1.0,2.0,2.0,3.0,4.0,1.0,1.0,3.0,5.0,1.0,6,5,3,3,4,2,3,7,6,1,1,1,1,1,1,0,0,0,0,1,0,0,1,1,1,1,3,1,2,1,25,1,2,4,60,1,1,1
11533,4.0,4.0,5.0,2.0,4.0,2.0,2.0,4.0,3.0,5.0,4.0,4.0,3.0,2.0,4.0,3.0,4.0,2.0,4.0,4.0,5,6,3,3,5,6,5,2,3,5,0,1,0,0,0,0,0,0,0,1,0,0,1,1,0,1,3,3,1,2,19,1,7,1,70,2,1,2
11534,4.0,5.0,2.0,2.0,4.0,1.0,1.0,5.0,4.0,1.0,1.0,5.0,3.0,1.0,5.0,3.0,3.0,4.0,5.0,2.0,7,3,2,2,6,1,7,5,6,1,1,1,0,1,1,0,0,0,0,1,0,0,0,1,1,1,3,3,2,2,21,1,2,1,70,1,1,2
11535,1.0,2.0,2.0,4.0,2.0,4.0,2.0,1.0,5.0,5.0,1.0,2.0,2.0,2.0,1.0,2.0,4.0,2.0,4.0,1.0,2,6,6,6,5,6,5,1,3,2,1,1,0,1,1,1,0,0,0,1,0,1,1,1,1,1,3,1,2,1,33,1,6,1,50,1,2,2
11536,3.0,3.0,3.0,4.0,3.0,3.0,2.0,2.0,5.0,4.0,3.0,3.0,1.0,3.0,4.0,3.0,3.0,2.0,4.0,4.0,3,4,6,3,4,3,5,1,7,7,1,1,0,1,1,0,0,0,0,1,0,0,0,0,1,1,3,1,1,1,28,1,7,1,60,1,2,2
11537,4.0,4.0,3.0,2.0,4.0,2.0,3.0,5.0,4.0,2.0,1.0,5.0,4.0,1.0,3.0,4.0,2.0,5.0,5.0,3.0,3,3,6,2,6,6,3,5,3,2,1,1,0,1,1,0,0,0,0,1,0,0,1,1,1,1,2,3,1,1,19,2,6,1,70,2,1,2
11538,1.0,2.0,4.0,4.0,3.0,2.0,2.0,2.0,5.0,5.0,2.0,3.0,2.0,3.0,2.0,2.0,4.0,1.0,5.0,1.0,2,1,7,6,6,7,6,1,4,1,1,1,1,1,1,1,1,1,1,1,1,1,1,1,1,1,3,2,3,1,30,3,1,3,60,1,1,1
11539,5.0,4.0,4.0,5.0,4.0,1.0,1.0,4.0,5.0,5.0,5.0,5.0,1.0,4.0,3.0,1.0,1.0,4.0,5.0,1.0,7,6,6,2,7,2,7,2,7,1,1,1,1,1,1,0,1,1,0,1,0,0,1,1,1,1,3,3,2,2,20,1,8,1,10,2,1,2
11540,5.0,5.0,3.0,3.0,5.0,1.0,1.0,5.0,5.0,5.0,3.0,5.0,5.0,3.0,5.0,4.0,1.0,5.0,5.0,3.0,1,6,7,4,7,5,6,1,7,1,1,1,1,1,1,0,1,1,0,1,0,1,1,1,1,1,2,2,2,1,55,1,4,1,60,1,2,4
11541,5.0,1.0,4.0,4.0,5.0,5.0,2.0,4.0,5.0,5.0,1.0,5.0,5.0,3.0,4.0,4.0,1.0,4.0,5.0,3.0,2,6,7,5,4,5,4,1,5,6,1,1,0,1,1,0,0,0,0,1,0,0,0,1,1,1,3,1,1,1,40,1,7,1,60,1,1,2
11542,4.0,1.0,3.0,4.0,5.0,3.0,4.0,5.0,5.0,3.0,1.0,3.0,5.0,2.0,2.0,1.0,1.0,4.0,1.0,5.0,7,7,7,2,7,4,7,2,6,1,1,1,0,1,1,0,0,0,0,1,0,0,1,1,1,1,3,3,1,2,28,1,4,1,60,1,2,1
11543,4.0,1.0,5.0,3.0,5.0,2.0,1.0,5.0,3.0,2.0,1.0,5.0,4.0,2.0,5.0,1.0,2.0,5.0,5.0,2.0,2,5,6,7,6,6,5,3,7,2,1,1,1,1,1,0,1,1,0,1,1,0,1,1,1,1,2,3,2,1,23,1,2,1,60,1,1,3
11544,4.0,1.0,1.0,1.0,4.0,2.0,1.0,4.0,3.0,2.0,1.0,4.0,2.0,1.0,3.0,5.0,1.0,4.0,5.0,2.0,4,5,7,1,7,4,3,2,7,3,1,1,0,1,1,1,0,0,0,1,0,1,1,1,1,1,2,2,1,1,18,1,7,1,30,2,1,1
11545,5.0,4.0,1.0,1.0,4.0,2.0,1.0,5.0,2.0,2.0,1.0,5.0,4.0,2.0,4.0,2.0,2.0,4.0,5.0,5.0,7,7,7,5,7,2,6,2,7,2,1,1,1,1,1,0,0,0,0,1,1,0,0,1,1,1,3,3,1,2,41,2,1,1,60,2,1,2
11546,2.0,2.0,2.0,3.0,3.0,1.0,1.0,4.0,5.0,2.0,1.0,3.0,2.0,1.0,4.0,1.0,1.0,3.0,5.0,1.0,3,2,4,4,6,5,6,5,3,1,1,1,0,1,1,0,0,0,0,1,0,0,1,1,1,1,3,2,2,1,28,1,7,1,60,1,2,3
11547,3.0,1.0,1.0,1.0,3.0,1.0,1.0,4.0,5.0,4.0,1.0,2.0,3.0,1.0,3.0,1.0,3.0,3.0,4.0,1.0,4,5,7,2,7,3,4,1,7,4,1,1,0,1,1,0,0,0,0,1,0,0,1,1,1,1,4,1,1,1,29,1,6,1,70,2,1,4
11548,1.0,1.0,5.0,5.0,1.0,5.0,2.0,1.0,5.0,5.0,5.0,1.0,1.0,3.0,1.0,5.0,5.0,1.0,5.0,1.0,5,5,5,4,7,3,5,3,4,2,1,1,0,1,1,0,0,0,0,1,1,0,1,1,1,1,3,2,1,2,31,1,2,1,60,2,1,2
11549,5.0,4.0,4.0,5.0,5.0,4.0,1.0,1.0,5.0,5.0,1.0,5.0,1.0,5.0,3.0,3.0,1.0,5.0,5.0,1.0,2,1,6,4,7,7,6,1,6,5,1,0,0,1,1,0,0,0,0,1,0,0,0,1,1,1,2,3,2,2,25,1,12,1,70,1,1,2
11550,5.0,5.0,2.0,4.0,5.0,1.0,1.0,4.0,4.0,2.0,3.0,2.0,4.0,2.0,5.0,2.0,4.0,3.0,4.0,1.0,3,3,6,3,5,6,6,6,3,2,1,1,0,1,1,0,0,0,0,1,0,0,1,0,1,1,4,3,2,2,28,2,7,1,10,2,1,3
11551,5.0,5.0,1.0,1.0,5.0,1.0,1.0,4.0,2.0,1.0,1.0,4.0,5.0,2.0,3.0,1.0,4.0,4.0,5.0,5.0,5,3,4,2,6,7,6,5,4,3,1,1,1,1,1,0,0,1,0,1,0,0,1,1,1,1,2,2,2,2,22,1,2,1,60,2,1,4
11552,2.0,5.0,2.0,5.0,2.0,1.0,1.0,1.0,4.0,4.0,1.0,2.0,1.0,1.0,4.0,1.0,2.0,4.0,5.0,2.0,5,1,6,5,7,5,7,3,7,1,1,1,1,1,1,0,0,1,0,1,0,0,1,1,1,1,3,1,1,1,22,1,1,1,60,1,1,3
11553,2.0,2.0,1.0,5.0,1.0,1.0,2.0,1.0,5.0,1.0,2.0,2.0,5.0,1.0,3.0,1.0,1.0,2.0,5.0,5.0,2,1,7,3,7,4,5,1,5,3,1,1,1,1,1,0,1,1,0,1,1,0,1,1,0,0,3,2,1,1,60,1,4,1,70,1,2,3
11554,1.0,2.0,2.0,5.0,2.0,3.0,1.0,3.0,4.0,2.0,2.0,4.0,1.0,3.0,4.0,3.0,3.0,3.0,4.0,1.0,5,5,2,4,6,4,5,5,6,1,1,1,0,1,1,1,0,0,0,1,0,0,1,1,1,1,3,3,1,1,32,1,10,1,10,2,1,2
11555,5.0,5.0,1.0,4.0,4.0,1.0,1.0,5.0,1.0,1.0,1.0,5.0,5.0,2.0,5.0,4.0,1.0,4.0,5.0,4.0,3,6,7,1,7,7,2,5,7,4,1,1,0,1,1,1,0,1,0,0,1,0,1,1,1,1,1,3,1,2,18,3,2,1,60,2,1,2
11556,5.0,4.0,2.0,5.0,1.0,4.0,2.0,4.0,4.0,2.0,1.0,2.0,5.0,1.0,4.0,1.0,5.0,4.0,5.0,3.0,3,5,5,2,6,6,5,2,7,2,1,1,0,1,1,0,1,1,0,1,0,0,1,1,1,1,4,2,1,1,35,2,1,1,60,1,2,4
11557,5.0,1.0,3.0,2.0,5.0,4.0,1.0,2.0,5.0,5.0,1.0,5.0,4.0,2.0,4.0,5.0,5.0,4.0,5.0,2.0,2,2,4,6,7,6,7,5,6,2,1,1,1,1,1,0,0,0,0,1,1,0,1,1,1,1,2,3,2,1,18,1,12,2,60,2,1,1
11558,5.0,4.0,1.0,2.0,4.0,1.0,1.0,2.0,1.0,1.0,1.0,5.0,5.0,1.0,5.0,1.0,1.0,5.0,4.0,3.0,6,7,6,3,5,4,2,4,7,3,1,1,1,1,1,0,0,1,0,1,0,1,1,1,1,1,3,2,1,2,24,1,1,1,70,2,1,2
11559,4.0,2.0,3.0,1.0,2.0,5.0,1.0,4.0,5.0,4.0,1.0,4.0,2.0,2.0,4.0,1.0,1.0,4.0,5.0,3.0,5,2,3,2,7,6,6,2,5,2,1,1,0,1,1,0,1,0,0,1,0,0,1,1,1,1,2,2,1,1,20,1,1,1,60,1,1,2
11560,3.0,4.0,3.0,3.0,4.0,1.0,1.0,2.0,2.0,2.0,1.0,2.0,4.0,1.0,5.0,1.0,1.0,4.0,5.0,1.0,2,6,6,5,7,6,7,5,3,1,1,1,0,1,1,0,0,1,0,1,0,0,0,1,1,1,2,3,2,1,21,1,2,2,60,1,1,1
11561,4.0,1.0,1.0,1.0,4.0,1.0,3.0,4.0,5.0,2.0,2.0,3.0,1.0,1.0,1.0,1.0,2.0,4.0,5.0,5.0,5,5,6,6,5,6,6,2,4,3,1,1,0,1,1,0,0,1,0,1,0,0,1,1,1,1,2,3,2,2,19,1,4,2,10,2,1,2
11562,1.0,1.0,1.0,1.0,1.0,1.0,1.0,5.0,3.0,1.0,1.0,5.0,1.0,1.0,3.0,3.0,3.0,3.0,5.0,5.0,4,2,7,4,7,5,6,4,7,4,1,1,0,1,1,0,0,1,0,1,0,0,1,1,1,1,4,1,1,2,29,3,12,1,60,1,1,4
11563,5.0,4.0,3.0,1.0,4.0,1.0,1.0,5.0,2.0,3.0,2.0,4.0,5.0,1.0,5.0,4.0,3.0,5.0,5.0,3.0,6,7,7,6,7,1,5,5,5,1,1,1,0,1,1,0,0,1,0,1,0,0,1,0,1,1,2,2,1,1,21,1,1,0,60,1,1,2
11564,5.0,5.0,1.0,3.0,5.0,1.0,1.0,4.0,2.0,1.0,1.0,5.0,1.0,1.0,3.0,1.0,1.0,5.0,5.0,5.0,4,5,5,5,7,5,5,6,2,1,1,1,0,1,1,0,0,1,0,1,1,0,1,1,1,1,2,1,1,2,21,1,1,1,60,1,1,2
11565,4.0,2.0,2.0,3.0,2.0,2.0,2.0,1.0,4.0,4.0,2.0,4.0,1.0,1.0,3.0,1.0,2.0,5.0,5.0,2.0,6,5,6,6,7,5,5,6,3,5,1,1,1,1,1,0,0,1,0,1,0,0,1,1,1,1,3,3,1,1,30,1,12,1,60,2,1,4
11566,1.0,4.0,2.0,4.0,2.0,4.0,2.0,1.0,5.0,5.0,4.0,1.0,2.0,4.0,2.0,4.0,3.0,1.0,5.0,1.0,3,6,3,5,7,3,7,7,6,1,1,1,1,1,1,0,0,0,0,1,0,0,1,1,1,1,2,1,1,1,19,1,7,4,60,2,1,3
11567,5.0,5.0,1.0,4.0,5.0,1.0,3.0,5.0,1.0,1.0,1.0,5.0,4.0,1.0,5.0,1.0,1.0,5.0,5.0,5.0,1,6,6,5,7,7,3,5,6,5,1,1,1,1,1,0,1,1,0,1,1,0,1,1,1,1,4,3,1,2,56,1,4,1,70,2,2,2
11568,4.0,3.0,2.0,3.0,4.0,3.0,3.0,5.0,4.0,5.0,1.0,5.0,2.0,1.0,3.0,1.0,3.0,5.0,3.0,4.0,6,4,6,3,4,4,4,2,5,3,1,1,0,1,1,0,0,0,0,1,0,0,0,1,1,1,4,2,1,2,32,1,10,1,10,2,1,2
11569,2.0,2.0,4.0,4.0,4.0,1.0,1.0,4.0,5.0,5.0,1.0,5.0,3.0,2.0,1.0,1.0,1.0,4.0,5.0,1.0,6,3,7,6,7,2,7,3,1,2,1,1,1,1,1,0,0,0,0,1,1,0,1,1,1,1,3,2,2,1,21,1,9,1,60,1,1,2
11570,3.0,5.0,1.0,1.0,5.0,1.0,1.0,2.0,1.0,3.0,1.0,5.0,5.0,1.0,5.0,1.0,5.0,4.0,4.0,3.0,0,0,0,0,0,0,0,0,0,0,0,0,0,0,0,0,0,0,0,0,0,0,0,0,0,0,2,1,3,1,18,1,6,1,60,2,1,2
11571,1.0,4.0,4.0,4.0,5.0,2.0,2.0,4.0,5.0,5.0,2.0,2.0,1.0,1.0,4.0,1.0,4.0,5.0,5.0,5.0,7,5,6,5,7,1,7,3,6,1,1,1,1,1,1,0,0,0,0,1,0,0,1,1,1,1,3,3,1,2,28,2,7,1,60,1,1,2
11572,4.0,2.0,2.0,2.0,4.0,1.0,1.0,1.0,2.0,1.0,1.0,4.0,4.0,2.0,4.0,1.0,5.0,5.0,4.0,1.0,6,7,0,0,0,0,0,0,0,0,1,1,1,1,1,0,1,0,0,1,0,1,1,1,1,1,4,2,1,1,40,1,2,1,60,1,2,1
11573,1.0,4.0,3.0,5.0,1.0,2.0,1.0,1.0,5.0,5.0,1.0,1.0,1.0,5.0,4.0,2.0,1.0,4.0,5.0,1.0,6,2,5,6,5,3,7,3,2,4,1,1,0,0,1,0,0,1,1,1,1,0,1,1,1,1,4,1,2,1,22,1,3,2,60,1,1,2
11574,3.0,2.0,4.0,3.0,4.0,5.0,3.0,4.0,4.0,4.0,3.0,4.0,2.0,3.0,2.0,3.0,3.0,4.0,4.0,4.0,6,7,7,2,6,7,4,2,6,4,1,1,1,1,1,0,0,1,0,1,1,0,1,1,1,1,2,3,1,2,22,1,1,1,60,1,1,2
11575,4.0,4.0,2.0,1.0,5.0,2.0,1.0,2.0,3.0,4.0,1.0,2.0,3.0,3.0,5.0,1.0,2.0,2.0,5.0,4.0,2,7,3,2,6,6,1,3,5,4,1,1,0,1,1,0,0,0,0,1,0,1,0,1,1,1,2,1,2,1,18,1,12,2,60,2,1,2
11576,4.0,2.0,5.0,2.0,4.0,2.0,1.0,2.0,4.0,3.0,1.0,3.0,4.0,2.0,4.0,1.0,3.0,4.0,4.0,4.0,5,6,7,6,4,6,3,3,4,3,1,1,0,1,1,0,0,0,0,1,0,0,1,1,1,1,2,2,2,1,18,1,7,1,60,2,1,3
11577,4.0,5.0,1.0,1.0,5.0,1.0,1.0,2.0,1.0,1.0,1.0,4.0,4.0,2.0,4.0,1.0,4.0,5.0,5.0,1.0,6,6,3,3,5,3,3,6,3,2,1,1,1,1,1,0,0,0,0,1,0,0,1,1,1,1,2,3,2,2,19,1,9,1,60,1,1,2
11578,2.0,2.0,2.0,4.0,1.0,3.0,2.0,1.0,5.0,2.0,2.0,1.0,1.0,3.0,4.0,3.0,4.0,4.0,5.0,2.0,5,2,7,5,6,5,7,2,5,2,1,1,0,1,1,0,1,0,0,1,1,0,1,1,1,1,4,3,1,1,49,1,6,1,70,1,2,5
11579,1.0,4.0,2.0,4.0,2.0,3.0,2.0,3.0,5.0,4.0,3.0,2.0,5.0,3.0,4.0,2.0,2.0,4.0,5.0,1.0,5,2,7,1,6,3,5,2,6,1,1,1,1,1,1,0,0,1,1,1,0,0,1,1,1,1,2,1,1,1,44,1,7,1,60,2,2,5
11580,1.0,3.0,5.0,3.0,4.0,2.0,3.0,1.0,5.0,4.0,1.0,3.0,3.0,4.0,5.0,2.0,2.0,4.0,4.0,1.0,7,1,2,7,7,1,6,6,4,4,1,1,0,1,1,0,0,1,0,1,0,0,1,1,1,1,2,1,2,1,18,1,6,1,60,2,1,2
11581,4.0,2.0,2.0,4.0,5.0,1.0,1.0,1.0,2.0,1.0,1.0,4.0,5.0,1.0,1.0,1.0,1.0,5.0,5.0,1.0,5,2,6,1,5,5,3,1,3,2,1,1,1,1,1,0,1,1,0,1,1,0,1,1,1,1,3,3,1,1,41,1,1,1,60,1,3,2
11582,3.0,4.0,2.0,5.0,4.0,1.0,1.0,2.0,3.0,4.0,1.0,5.0,4.0,3.0,5.0,2.0,1.0,5.0,5.0,1.0,1,7,7,5,5,7,2,7,5,7,1,1,0,1,1,0,0,0,0,1,0,0,1,1,1,1,3,2,1,1,35,2,12,1,60,2,2,2
11583,5.0,5.0,1.0,1.0,5.0,3.0,5.0,5.0,1.0,5.0,1.0,5.0,5.0,1.0,5.0,2.0,1.0,5.0,5.0,3.0,4,5,7,1,7,4,5,2,7,2,0,0,1,0,1,0,0,0,0,0,0,0,0,1,1,1,3,2,1,1,52,3,7,1,60,2,1,4
11584,5.0,5.0,2.0,1.0,5.0,1.0,3.0,4.0,3.0,2.0,1.0,5.0,5.0,2.0,5.0,4.0,4.0,5.0,5.0,5.0,6,4,4,2,7,2,4,2,6,4,0,0,0,0,0,0,0,0,0,1,0,0,0,0,1,1,2,3,1,2,24,1,10,1,10,2,1,2
11585,5.0,1.0,3.0,4.0,5.0,1.0,1.0,1.0,5.0,5.0,1.0,5.0,4.0,3.0,3.0,2.0,1.0,5.0,1.0,4.0,6,6,6,2,4,5,4,2,7,1,1,1,0,1,1,0,0,1,0,0,0,1,1,1,1,1,2,3,1,1,18,1,5,1,60,2,1,2
11586,4.0,4.0,1.0,1.0,5.0,1.0,1.0,5.0,2.0,1.0,1.0,4.0,5.0,1.0,4.0,1.0,5.0,4.0,5.0,5.0,6,7,3,4,7,2,4,4,7,1,1,1,0,1,1,0,1,1,0,1,0,0,1,1,1,1,2,3,1,1,24,1,2,1,70,2,1,2
11587,2.0,4.0,1.0,1.0,5.0,1.0,2.0,4.0,2.0,1.0,2.0,2.0,2.0,3.0,5.0,2.0,2.0,4.0,5.0,3.0,3,3,3,7,6,4,5,4,5,1,1,1,1,1,1,1,0,0,0,1,0,0,0,1,1,1,3,2,1,1,19,1,4,1,60,1,1,3
11588,2.0,4.0,4.0,1.0,4.0,4.0,4.0,4.0,4.0,2.0,2.0,4.0,1.0,2.0,4.0,5.0,4.0,4.0,5.0,1.0,1,6,5,4,6,7,2,5,5,2,1,1,1,1,1,0,1,1,0,1,1,0,1,1,1,1,3,2,1,1,23,1,2,1,60,2,1,4
11589,2.0,4.0,3.0,2.0,5.0,1.0,1.0,1.0,4.0,2.0,1.0,3.0,4.0,1.0,1.0,1.0,3.0,2.0,5.0,3.0,3,5,4,6,5,6,5,7,3,2,1,1,1,1,1,0,0,0,0,1,0,0,1,1,1,1,3,3,2,1,22,0,2,1,10,1,1,2
11590,2.0,3.0,1.0,4.0,3.0,4.0,4.0,1.0,5.0,4.0,2.0,5.0,4.0,4.0,4.0,1.0,2.0,4.0,5.0,1.0,3,1,6,3,7,6,3,1,5,1,1,1,1,1,1,0,0,0,0,1,0,0,1,1,1,1,3,1,2,1,22,1,1,1,60,1,1,2
11591,2.0,2.0,3.0,3.0,4.0,4.0,3.0,4.0,5.0,1.0,2.0,4.0,2.0,3.0,3.0,2.0,3.0,2.0,4.0,2.0,2,3,5,5,6,7,4,3,5,2,1,1,0,1,1,0,0,0,0,1,0,0,1,1,1,1,4,3,1,2,25,1,4,1,10,1,1,0
11592,5.0,2.0,2.0,4.0,1.0,5.0,2.0,5.0,5.0,2.0,4.0,1.0,1.0,5.0,5.0,2.0,5.0,2.0,5.0,1.0,2,7,5,7,7,7,7,5,5,1,1,1,1,1,1,0,0,1,1,1,1,1,1,1,1,1,4,3,2,2,24,1,1,1,70,1,1,3
11593,5.0,1.0,4.0,2.0,5.0,4.0,2.0,5.0,5.0,5.0,1.0,5.0,3.0,2.0,4.0,4.0,3.0,4.0,5.0,2.0,1,1,5,4,4,7,6,5,4,4,1,1,0,1,1,0,1,0,0,1,0,0,0,1,1,1,4,2,1,2,30,1,3,1,10,2,1,3
11594,2.0,4.0,5.0,5.0,3.0,4.0,2.0,1.0,5.0,4.0,1.0,5.0,2.0,4.0,5.0,4.0,2.0,4.0,5.0,1.0,1,5,6,7,7,4,2,4,3,2,1,1,1,1,1,0,1,0,0,1,0,0,1,1,1,1,4,2,1,1,37,2,6,1,60,1,2,2
11595,4.0,3.0,2.0,3.0,2.0,2.0,2.0,1.0,3.0,5.0,2.0,4.0,1.0,2.0,3.0,1.0,1.0,3.0,5.0,1.0,3,2,5,2,7,4,7,2,6,1,1,1,1,1,1,0,1,1,0,1,1,1,1,1,1,1,4,1,2,1,35,1,1,1,60,1,1,6
11596,1.0,3.0,4.0,5.0,3.0,5.0,4.0,5.0,4.0,5.0,2.0,4.0,1.0,4.0,3.0,1.0,4.0,5.0,4.0,5.0,5,5,3,5,7,3,7,2,3,3,1,1,0,1,0,0,0,1,0,1,0,0,0,0,0,1,4,1,2,2,41,1,4,1,60,1,1,1
11597,5.0,5.0,1.0,1.0,5.0,1.0,1.0,5.0,1.0,3.0,1.0,5.0,5.0,1.0,5.0,2.0,1.0,5.0,5.0,4.0,1,1,6,1,4,7,1,6,7,3,1,1,0,1,1,0,0,0,0,1,0,0,1,1,1,1,4,3,1,2,23,1,2,1,10,2,1,2
11598,3.0,3.0,2.0,2.0,5.0,1.0,1.0,4.0,1.0,2.0,2.0,4.0,1.0,1.0,4.0,1.0,2.0,5.0,4.0,5.0,3,6,3,5,6,2,5,6,6,2,1,1,1,1,1,0,0,1,0,1,0,0,1,1,1,1,3,2,1,2,28,1,7,1,60,2,2,2
11599,2.0,1.0,5.0,3.0,4.0,5.0,3.0,4.0,5.0,4.0,2.0,2.0,3.0,2.0,4.0,2.0,3.0,4.0,4.0,3.0,6,2,7,1,5,5,5,1,7,1,1,1,1,1,1,0,1,1,0,1,1,1,0,1,1,1,2,2,2,2,21,3,2,2,60,1,1,1
11600,1.0,4.0,5.0,1.0,1.0,1.0,1.0,1.0,5.0,1.0,1.0,1.0,1.0,1.0,4.0,4.0,1.0,5.0,5.0,5.0,2,6,6,5,7,1,6,1,1,1,1,1,1,1,1,0,1,1,0,1,1,1,1,1,1,1,3,3,2,2,30,1,7,1,60,2,1,2
11601,2.0,1.0,4.0,5.0,2.0,4.0,2.0,1.0,5.0,4.0,3.0,4.0,1.0,5.0,2.0,2.0,4.0,3.0,3.0,1.0,4,5,6,6,7,5,7,5,3,2,1,1,1,1,1,0,0,1,0,1,0,0,1,1,1,1,3,1,2,1,37,1,7,4,50,1,3,2
11602,1.0,1.0,5.0,4.0,1.0,2.0,4.0,1.0,5.0,4.0,3.0,4.0,2.0,1.0,3.0,5.0,4.0,1.0,5.0,1.0,7,2,6,1,7,2,6,4,7,1,1,1,0,1,1,0,0,0,0,1,0,1,1,1,1,1,3,3,2,1,32,1,1,2,60,2,2,1
11603,4.0,4.0,3.0,2.0,3.0,3.0,2.0,2.0,5.0,3.0,2.0,5.0,5.0,3.0,3.0,2.0,3.0,3.0,5.0,1.0,3,4,6,3,6,7,5,3,5,3,0,1,1,1,1,0,0,0,0,1,0,0,1,1,1,1,3,2,2,2,26,1,10,1,10,2,1,3
11604,2.0,5.0,5.0,1.0,1.0,1.0,1.0,5.0,5.0,3.0,1.0,1.0,3.0,2.0,4.0,4.0,3.0,5.0,5.0,4.0,4,2,5,6,5,7,6,7,1,4,1,1,1,1,1,0,0,0,0,1,0,0,0,1,1,1,3,0,2,2,25,1,4,2,60,1,1,1
11605,5.0,5.0,1.0,4.0,5.0,1.0,1.0,5.0,1.0,5.0,1.0,5.0,5.0,1.0,5.0,5.0,1.0,2.0,5.0,1.0,1,7,5,2,7,6,7,1,3,1,1,0,1,0,1,1,0,0,0,1,0,1,1,1,1,1,1,3,1,2,20,1,0,0,60,2,1,3
11606,5.0,3.0,1.0,2.0,4.0,2.0,1.0,4.0,3.0,2.0,2.0,4.0,4.0,2.0,4.0,2.0,4.0,4.0,4.0,3.0,5,6,4,5,7,4,3,5,3,1,0,1,0,0,0,0,0,1,1,1,1,0,0,1,0,0,4,3,1,2,26,3,12,5,10,1,1,2
11607,1.0,2.0,3.0,3.0,4.0,4.0,3.0,2.0,5.0,3.0,1.0,4.0,1.0,2.0,2.0,1.0,5.0,5.0,4.0,1.0,2,6,6,5,5,5,6,5,4,3,1,1,0,1,1,0,0,1,0,1,1,0,1,1,1,1,4,1,1,2,46,1,2,1,60,1,1,2
11608,4.0,4.0,3.0,4.0,4.0,1.0,1.0,1.0,3.0,3.0,4.0,4.0,4.0,3.0,4.0,4.0,2.0,3.0,5.0,3.0,6,5,4,6,5,1,6,2,4,2,1,1,0,1,1,0,0,1,0,1,1,0,1,1,1,1,3,1,2,2,25,1,2,4,60,1,1,3
11609,5.0,5.0,2.0,5.0,5.0,2.0,5.0,5.0,5.0,1.0,1.0,5.0,1.0,1.0,1.0,2.0,1.0,5.0,5.0,5.0,1,1,6,7,2,7,7,6,6,7,1,1,1,1,1,0,1,0,0,1,0,0,1,1,1,1,4,3,2,1,47,1,4,1,10,1,1,3
11610,4.0,2.0,3.0,2.0,4.0,2.0,1.0,3.0,4.0,4.0,1.0,2.0,1.0,3.0,4.0,4.0,5.0,4.0,4.0,1.0,3,3,5,3,5,5,6,2,5,1,1,1,1,1,1,1,0,1,1,1,0,1,1,1,1,1,3,1,1,2,25,1,4,1,60,2,1,2
11611,1.0,2.0,4.0,4.0,2.0,5.0,5.0,4.0,4.0,5.0,4.0,2.0,1.0,4.0,2.0,5.0,4.0,4.0,1.0,4.0,5,5,6,2,6,5,6,2,6,6,1,1,0,1,0,0,0,0,0,1,0,0,0,0,0,1,3,3,1,2,46,1,7,1,60,1,3,3
11612,4.0,4.0,4.0,4.0,2.0,4.0,2.0,5.0,4.0,3.0,4.0,5.0,4.0,3.0,3.0,3.0,1.0,4.0,4.0,3.0,2,4,5,4,3,6,5,5,6,5,1,1,0,1,1,0,0,0,0,1,0,0,1,1,1,1,4,3,1,2,25,1,1,1,70,2,1,2
11613,2.0,1.0,2.0,2.0,5.0,4.0,1.0,5.0,5.0,5.0,2.0,4.0,1.0,2.0,3.0,1.0,2.0,4.0,4.0,5.0,6,7,3,7,7,3,7,6,2,1,1,1,1,1,1,0,0,1,0,1,0,0,1,1,1,1,3,3,2,2,20,1,1,3,60,1,1,4
11614,3.0,1.0,3.0,5.0,4.0,5.0,4.0,4.0,5.0,5.0,1.0,4.0,1.0,2.0,2.0,3.0,5.0,1.0,4.0,5.0,6,5,2,5,7,6,6,6,5,2,0,1,0,1,1,0,0,1,0,1,0,0,0,1,1,1,4,3,2,2,38,1,12,1,60,2,1,2
11615,4.0,1.0,4.0,4.0,4.0,4.0,2.0,3.0,4.0,3.0,2.0,4.0,2.0,3.0,4.0,4.0,4.0,5.0,3.0,3.0,3,3,6,5,5,6,6,5,5,4,1,1,0,1,1,0,0,1,0,1,0,0,1,1,1,1,2,3,1,1,24,1,1,1,20,1,1,3
11616,3.0,3.0,1.0,3.0,4.0,1.0,1.0,3.0,4.0,2.0,1.0,5.0,3.0,3.0,4.0,1.0,2.0,5.0,5.0,3.0,1,2,5,4,5,7,2,3,6,4,1,1,0,1,1,0,1,0,0,1,0,0,1,1,1,1,3,3,1,2,34,1,2,1,70,2,2,1
11617,1.0,1.0,4.0,5.0,1.0,3.0,1.0,4.0,1.0,4.0,3.0,1.0,1.0,4.0,3.0,4.0,3.0,1.0,4.0,1.0,5,5,5,5,5,5,6,5,5,5,1,1,1,1,1,0,0,0,0,1,0,0,1,0,1,1,3,3,2,1,58,2,12,1,60,1,2,6
11618,4.0,4.0,4.0,3.0,5.0,2.0,2.0,4.0,4.0,3.0,1.0,4.0,5.0,2.0,4.0,1.0,1.0,4.0,5.0,5.0,1,5,6,2,6,4,3,5,5,2,1,0,1,1,1,0,0,1,0,1,1,0,1,1,1,1,4,2,1,1,48,1,2,1,60,2,2,2
11619,4.0,5.0,2.0,1.0,5.0,3.0,5.0,4.0,4.0,2.0,2.0,5.0,1.0,1.0,3.0,1.0,3.0,2.0,5.0,5.0,6,5,6,2,4,2,3,1,3,1,1,1,0,1,1,0,0,1,0,1,1,0,0,0,1,1,3,3,2,2,23,1,1,1,60,2,1,1
11620,1.0,2.0,4.0,4.0,4.0,5.0,4.0,4.0,5.0,5.0,4.0,2.0,1.0,2.0,2.0,1.0,2.0,2.0,1.0,4.0,3,6,6,1,6,3,2,6,7,7,1,1,1,1,1,1,0,0,0,1,0,0,1,1,1,1,3,1,2,1,25,1,6,1,60,2,1,1
11621,4.0,2.0,5.0,4.0,4.0,5.0,5.0,4.0,5.0,5.0,1.0,4.0,4.0,4.0,4.0,2.0,1.0,5.0,5.0,4.0,6,3,7,1,6,5,6,1,7,5,1,1,0,1,1,0,0,0,0,1,0,0,1,1,1,1,4,1,1,1,69,1,6,1,60,1,3,4
11622,4.0,5.0,5.0,1.0,5.0,1.0,1.0,4.0,2.0,5.0,1.0,5.0,4.0,1.0,4.0,4.0,1.0,4.0,5.0,3.0,4,6,4,6,6,5,7,5,2,5,1,1,0,1,1,0,0,1,0,1,0,0,1,1,1,1,3,3,2,2,38,1,2,1,60,2,2,2
11623,1.0,2.0,1.0,4.0,1.0,5.0,2.0,1.0,5.0,5.0,3.0,4.0,2.0,4.0,3.0,5.0,1.0,5.0,3.0,3.0,3,5,6,3,5,6,6,5,5,3,1,1,1,1,1,0,1,1,0,1,1,0,1,1,1,1,2,1,1,1,60,1,6,1,60,1,2,3
11624,3.0,1.0,1.0,2.0,1.0,1.0,1.0,1.0,5.0,3.0,1.0,5.0,1.0,1.0,3.0,2.0,1.0,1.0,4.0,1.0,2,1,6,1,3,7,2,4,7,4,0,0,0,0,0,0,0,0,0,0,0,0,0,1,0,1,3,2,1,1,62,1,1,1,60,1,2,2
11625,1.0,1.0,3.0,5.0,1.0,5.0,4.0,1.0,5.0,4.0,1.0,3.0,2.0,4.0,1.0,2.0,5.0,2.0,5.0,1.0,5,1,5,5,7,6,7,6,4,2,1,1,1,1,1,0,0,0,0,1,0,0,1,1,1,1,3,2,2,1,26,1,2,1,70,2,1,1
11626,4.0,5.0,2.0,2.0,5.0,1.0,2.0,5.0,1.0,1.0,1.0,5.0,4.0,1.0,5.0,1.0,1.0,5.0,5.0,5.0,3,7,6,3,7,6,5,2,7,3,1,1,1,1,1,0,1,1,0,1,1,0,1,1,1,1,3,1,1,2,21,1,2,1,60,1,1,2
11627,3.0,2.0,2.0,2.0,4.0,2.0,1.0,2.0,5.0,3.0,1.0,2.0,2.0,1.0,2.0,2.0,1.0,3.0,5.0,1.0,2,2,3,1,4,6,5,5,6,3,1,1,0,1,1,0,0,0,0,1,0,1,1,1,1,1,3,1,1,2,24,1,4,1,60,1,1,2
11628,3.0,4.0,4.0,4.0,4.0,2.0,2.0,2.0,5.0,2.0,2.0,5.0,4.0,2.0,5.0,4.0,4.0,4.0,5.0,2.0,5,5,7,2,7,5,6,1,5,3,0,1,0,1,1,0,0,0,0,1,0,0,1,0,1,1,2,3,1,2,19,1,2,1,60,2,1,2
11629,5.0,5.0,1.0,1.0,5.0,1.0,1.0,5.0,1.0,1.0,4.0,5.0,5.0,5.0,2.0,1.0,1.0,5.0,5.0,5.0,1,6,5,7,7,7,3,6,2,1,1,1,0,1,1,0,0,1,0,1,0,0,1,1,1,1,3,2,1,2,21,1,8,2,10,1,1,2
11630,1.0,3.0,2.0,5.0,2.0,4.0,2.0,2.0,5.0,5.0,3.0,1.0,3.0,5.0,2.0,4.0,4.0,2.0,4.0,1.0,7,5,5,3,4,1,6,4,5,3,1,1,1,1,1,0,0,0,0,1,1,0,1,1,1,1,3,3,2,1,27,1,12,1,60,1,1,3
11631,2.0,1.0,5.0,2.0,5.0,5.0,1.0,1.0,5.0,4.0,1.0,5.0,1.0,1.0,1.0,1.0,1.0,5.0,5.0,1.0,7,7,6,7,7,1,7,2,4,5,1,0,0,1,0,0,0,0,0,0,0,0,0,0,0,1,3,3,2,2,57,1,7,1,60,2,3,2
11632,5.0,4.0,4.0,3.0,5.0,2.0,1.0,5.0,2.0,2.0,2.0,4.0,5.0,1.0,5.0,4.0,1.0,5.0,3.0,3.0,5,6,6,2,5,4,5,1,5,5,1,1,0,1,1,0,0,0,0,1,0,0,1,1,1,1,2,3,1,1,21,1,2,1,70,1,1,3
11633,4.0,4.0,1.0,4.0,5.0,1.0,1.0,4.0,4.0,4.0,1.0,5.0,5.0,3.0,4.0,2.0,3.0,4.0,5.0,1.0,3,5,2,5,6,3,2,6,3,3,1,1,1,1,1,0,0,1,0,1,0,0,1,1,1,1,3,2,1,1,46,2,4,1,60,1,2,0
11634,2.0,2.0,2.0,4.0,2.0,3.0,2.0,2.0,5.0,1.0,2.0,1.0,2.0,4.0,2.0,4.0,2.0,2.0,5.0,1.0,3,3,5,1,5,6,6,4,6,1,1,1,0,1,1,0,0,1,0,1,0,0,1,1,1,1,4,3,1,1,39,1,7,1,50,1,2,1
11635,5.0,4.0,1.0,2.0,5.0,3.0,3.0,4.0,4.0,2.0,1.0,4.0,2.0,3.0,5.0,1.0,1.0,3.0,4.0,1.0,1,6,7,6,2,7,4,2,3,4,1,1,1,1,1,0,0,0,0,1,1,0,1,1,1,1,3,2,1,1,46,1,7,1,60,1,1,1
11636,4.0,3.0,1.0,4.0,4.0,1.0,1.0,5.0,3.0,1.0,1.0,4.0,3.0,2.0,5.0,5.0,1.0,2.0,5.0,3.0,5,5,3,1,7,2,6,6,7,3,1,1,1,1,1,0,1,1,0,1,1,1,1,1,1,1,2,2,1,1,49,1,12,2,60,1,2,3
11637,2.0,4.0,2.0,3.0,2.0,3.0,2.0,3.0,4.0,4.0,2.0,4.0,3.0,2.0,3.0,1.0,1.0,4.0,5.0,1.0,5,2,5,2,7,4,5,4,4,2,1,1,1,1,1,0,1,1,0,1,0,0,1,1,1,1,3,2,1,1,54,1,12,1,60,1,2,6
11638,5.0,2.0,4.0,4.0,4.0,1.0,3.0,2.0,4.0,2.0,1.0,5.0,2.0,1.0,3.0,1.0,3.0,5.0,4.0,4.0,1,1,3,7,7,7,7,2,6,5,1,0,0,1,1,0,0,0,0,1,0,0,1,1,1,1,4,3,1,2,22,1,10,1,10,2,1,2
11639,1.0,1.0,5.0,1.0,2.0,4.0,2.0,5.0,5.0,5.0,1.0,5.0,1.0,1.0,2.0,1.0,1.0,4.0,5.0,1.0,1,5,7,6,7,7,4,1,4,6,1,1,0,1,1,0,0,1,0,1,1,0,0,1,1,1,4,3,2,2,33,1,1,1,60,1,1,1
11640,5.0,3.0,1.0,2.0,3.0,1.0,1.0,2.0,2.0,4.0,1.0,3.0,3.0,3.0,2.0,1.0,2.0,5.0,5.0,2.0,4,4,5,5,5,5,5,4,6,3,1,1,1,1,1,1,0,0,0,1,0,0,1,1,1,1,3,2,2,1,25,1,4,1,60,2,1,1
11641,4.0,5.0,2.0,4.0,5.0,4.0,2.0,5.0,3.0,3.0,1.0,5.0,2.0,2.0,4.0,4.0,1.0,4.0,5.0,2.0,6,7,7,2,7,2,7,1,7,1,1,1,1,1,1,0,0,1,0,1,0,0,1,1,1,1,3,3,1,2,43,1,2,1,70,1,3,3
11642,2.0,2.0,4.0,5.0,2.0,3.0,4.0,1.0,5.0,5.0,1.0,2.0,1.0,4.0,4.0,5.0,4.0,1.0,3.0,2.0,6,2,5,2,7,5,6,2,6,1,1,1,1,1,1,1,0,1,1,1,1,1,1,1,1,1,4,1,2,1,47,1,6,1,60,1,3,6
11643,5.0,5.0,1.0,1.0,5.0,1.0,1.0,4.0,1.0,1.0,1.0,5.0,5.0,1.0,5.0,1.0,1.0,5.0,5.0,5.0,7,6,5,6,7,1,5,5,3,1,1,1,1,1,1,0,0,1,0,1,0,0,1,1,1,1,3,3,2,2,26,1,1,2,60,2,1,2
11644,4.0,2.0,3.0,4.0,5.0,2.0,1.0,4.0,4.0,3.0,2.0,5.0,4.0,2.0,4.0,1.0,1.0,4.0,5.0,3.0,3,1,5,3,7,5,7,6,6,5,1,1,1,1,1,0,0,1,0,1,0,1,1,1,1,1,2,2,1,1,33,1,2,1,60,2,3,1
11645,4.0,4.0,3.0,2.0,4.0,3.0,2.0,2.0,3.0,1.0,1.0,2.0,1.0,2.0,3.0,1.0,3.0,5.0,5.0,1.0,3,5,4,6,5,3,5,6,4,3,1,1,1,1,1,0,0,1,0,1,0,0,1,1,1,1,4,3,1,1,37,1,7,1,60,2,2,1
11646,1.0,1.0,5.0,2.0,2.0,4.0,4.0,2.0,5.0,5.0,1.0,4.0,3.0,1.0,1.0,1.0,1.0,4.0,5.0,1.0,1,6,3,2,6,7,6,6,6,6,1,1,1,1,1,0,0,1,0,1,0,0,1,1,1,1,3,2,2,1,32,3,1,2,60,2,2,2
11647,4.0,2.0,4.0,4.0,2.0,1.0,1.0,3.0,5.0,4.0,2.0,2.0,4.0,4.0,4.0,4.0,2.0,4.0,5.0,1.0,2,2,6,2,6,6,5,2,6,2,1,1,1,1,1,0,0,0,0,1,0,0,1,1,1,1,3,1,2,1,55,1,6,1,60,2,3,3
11648,2.0,2.0,5.0,3.0,2.0,5.0,5.0,1.0,5.0,4.0,1.0,1.0,1.0,3.0,1.0,5.0,3.0,1.0,5.0,1.0,5,3,7,3,4,5,7,2,7,1,1,1,0,1,1,0,0,0,0,1,0,0,0,1,1,1,3,1,2,2,38,1,2,1,60,1,3,4
11649,4.0,1.0,2.0,3.0,4.0,3.0,3.0,1.0,4.0,2.0,3.0,5.0,3.0,2.0,2.0,1.0,1.0,2.0,1.0,3.0,3,3,5,2,3,3,3,1,6,4,0,0,0,0,1,0,0,1,0,1,0,0,0,0,0,0,4,3,1,2,25,1,12,1,10,2,1,1
11650,4.0,4.0,2.0,1.0,5.0,4.0,1.0,4.0,3.0,3.0,1.0,5.0,2.0,1.0,5.0,2.0,3.0,4.0,5.0,3.0,6,5,6,5,6,5,6,4,5,4,1,1,0,1,1,0,0,1,0,1,0,0,1,1,1,1,3,1,1,2,20,1,1,1,60,1,1,2
11651,1.0,3.0,4.0,4.0,4.0,5.0,4.0,3.0,5.0,4.0,1.0,2.0,1.0,3.0,1.0,1.0,2.0,4.0,5.0,1.0,5,5,4,6,5,6,6,6,4,5,1,1,0,1,1,0,0,0,0,1,0,0,1,1,1,1,2,1,2,1,22,1,1,1,60,1,1,1
11652,3.0,1.0,2.0,2.0,4.0,5.0,4.0,4.0,4.0,2.0,3.0,4.0,4.0,4.0,1.0,1.0,3.0,4.0,4.0,2.0,1,6,7,6,7,5,5,1,3,1,1,1,1,1,1,0,1,1,1,1,0,0,1,1,1,1,4,1,2,2,21,1,2,1,60,1,1,3
11653,3.0,3.0,2.0,5.0,4.0,5.0,4.0,4.0,4.0,3.0,3.0,5.0,5.0,3.0,4.0,2.0,1.0,4.0,5.0,1.0,5,5,6,6,6,6,5,2,4,4,1,1,1,1,1,0,1,0,0,1,0,1,1,1,1,1,3,2,2,1,50,1,6,1,60,1,3,2
11654,1.0,4.0,2.0,5.0,1.0,1.0,2.0,1.0,5.0,2.0,1.0,1.0,1.0,4.0,5.0,2.0,4.0,1.0,5.0,1.0,2,2,7,1,7,1,3,1,6,3,1,1,1,1,1,0,0,0,0,1,0,1,0,1,1,1,3,3,2,1,37,1,7,1,60,1,2,4
11655,4.0,5.0,3.0,2.0,4.0,2.0,2.0,4.0,4.0,1.0,4.0,4.0,1.0,2.0,2.0,2.0,2.0,5.0,5.0,2.0,5,6,3,1,6,2,5,2,7,1,1,0,0,1,1,0,0,1,1,1,1,1,0,1,1,1,3,1,2,2,22,2,2,1,0,1,1,2
11656,5.0,4.0,3.0,4.0,5.0,2.0,2.0,1.0,5.0,5.0,2.0,4.0,1.0,3.0,4.0,2.0,3.0,4.0,5.0,1.0,2,4,7,6,3,7,2,5,3,2,1,1,0,1,1,0,0,0,0,1,0,0,1,1,1,1,2,1,2,2,27,1,7,1,50,1,2,5
11657,5.0,4.0,2.0,1.0,5.0,2.0,1.0,5.0,2.0,2.0,1.0,5.0,1.0,1.0,4.0,1.0,1.0,5.0,5.0,4.0,6,2,6,6,5,3,2,7,5,2,0,1,0,1,0,0,0,1,0,1,0,0,1,1,1,1,3,1,1,1,25,1,2,1,60,1,1,2
11658,1.0,1.0,5.0,2.0,4.0,5.0,5.0,5.0,5.0,5.0,1.0,1.0,1.0,2.0,1.0,5.0,2.0,1.0,5.0,5.0,1,1,7,6,1,7,5,1,5,5,1,1,0,1,1,0,0,0,0,1,0,0,1,1,1,1,3,1,1,1,43,1,6,1,60,1,1,2
11659,2.0,2.0,1.0,3.0,5.0,2.0,2.0,3.0,2.0,5.0,1.0,4.0,4.0,1.0,3.0,1.0,1.0,3.0,3.0,1.0,2,5,3,7,6,7,5,6,5,1,1,1,0,1,1,0,0,0,0,1,0,0,1,1,1,1,2,1,1,1,23,1,1,1,30,1,1,3
11660,2.0,2.0,1.0,1.0,4.0,2.0,4.0,1.0,4.0,4.0,1.0,5.0,1.0,3.0,2.0,2.0,4.0,4.0,5.0,2.0,6,3,7,4,3,1,3,3,3,4,1,1,1,1,1,0,0,1,1,1,0,1,1,1,1,1,3,3,2,2,58,1,4,1,70,1,2,6
11661,4.0,5.0,2.0,4.0,4.0,1.0,1.0,4.0,5.0,2.0,1.0,5.0,5.0,1.0,5.0,1.0,2.0,5.0,5.0,5.0,7,6,7,1,3,1,6,3,6,1,1,1,0,1,1,0,0,1,0,1,0,0,1,1,1,1,3,3,2,1,20,1,4,4,60,1,1,3
11662,1.0,2.0,4.0,4.0,3.0,4.0,2.0,4.0,5.0,5.0,2.0,2.0,1.0,5.0,3.0,2.0,3.0,5.0,5.0,1.0,2,5,6,5,6,5,4,1,3,1,1,1,0,1,1,0,0,0,0,1,0,0,0,1,1,1,2,1,2,2,23,1,2,1,60,1,1,3
11663,1.0,1.0,1.0,5.0,5.0,5.0,5.0,1.0,5.0,5.0,2.0,1.0,1.0,5.0,1.0,4.0,1.0,1.0,5.0,1.0,6,1,3,5,5,3,6,6,3,5,1,1,1,1,1,0,1,0,1,1,0,0,1,1,1,1,3,3,2,2,52,1,4,1,60,1,2,2
11664,1.0,1.0,5.0,3.0,2.0,5.0,5.0,1.0,5.0,5.0,2.0,4.0,1.0,3.0,2.0,4.0,2.0,1.0,5.0,3.0,6,7,2,3,5,3,7,3,3,2,1,1,0,0,1,0,0,0,0,1,0,0,0,1,1,0,3,3,2,1,21,1,1,2,70,2,1,1
11665,2.0,2.0,4.0,5.0,2.0,4.0,4.0,3.0,5.0,5.0,2.0,4.0,1.0,4.0,3.0,5.0,1.0,4.0,4.0,1.0,2,5,5,5,6,6,6,6,4,1,1,1,0,1,1,0,0,0,0,1,0,0,1,1,1,1,4,2,1,1,26,1,4,1,60,2,1,2
11666,2.0,2.0,5.0,5.0,1.0,5.0,3.0,1.0,5.0,5.0,3.0,1.0,1.0,5.0,4.0,5.0,4.0,4.0,5.0,1.0,6,3,7,2,7,2,7,1,7,6,1,1,1,1,1,0,0,0,0,1,0,0,1,1,1,1,3,2,2,1,68,1,4,1,60,1,2,4
11667,2.0,4.0,4.0,4.0,1.0,1.0,1.0,1.0,5.0,3.0,1.0,2.0,1.0,1.0,4.0,1.0,5.0,4.0,5.0,1.0,2,6,6,5,6,7,6,2,6,6,1,1,0,1,1,0,0,0,0,1,0,0,1,1,1,1,3,3,2,1,24,1,12,1,10,2,1,3
11668,2.0,1.0,2.0,4.0,1.0,2.0,4.0,2.0,5.0,4.0,1.0,3.0,1.0,3.0,3.0,1.0,2.0,2.0,4.0,1.0,1,5,2,6,5,5,6,6,3,4,1,1,0,1,1,0,0,0,0,1,0,0,1,1,1,1,2,2,1,1,24,1,3,1,60,1,1,4
11669,1.0,1.0,4.0,5.0,1.0,5.0,1.0,2.0,5.0,5.0,2.0,1.0,5.0,5.0,1.0,1.0,4.0,1.0,4.0,1.0,1,1,7,2,6,6,7,5,7,2,1,1,0,1,1,1,0,1,0,1,1,0,1,1,1,1,4,2,2,1,45,2,4,1,60,1,2,3
11670,5.0,1.0,1.0,2.0,5.0,1.0,1.0,1.0,2.0,1.0,1.0,5.0,1.0,1.0,3.0,1.0,3.0,2.0,5.0,2.0,5,7,6,7,6,3,4,4,3,1,1,1,0,1,1,0,0,0,0,1,0,0,0,0,1,1,3,3,2,2,27,1,3,1,10,2,1,2
11671,4.0,4.0,5.0,4.0,5.0,5.0,1.0,4.0,5.0,2.0,1.0,2.0,1.0,2.0,4.0,1.0,2.0,5.0,2.0,1.0,5,3,3,5,5,6,6,5,6,5,0,0,0,0,0,0,0,0,0,0,0,0,0,0,0,1,4,2,1,2,33,1,0,1,0,1,2,0
11672,3.0,4.0,2.0,1.0,4.0,2.0,1.0,4.0,3.0,2.0,1.0,5.0,1.0,1.0,5.0,4.0,3.0,5.0,5.0,2.0,2,1,2,3,7,5,7,7,7,1,1,1,0,1,1,0,0,0,0,1,0,0,1,1,1,1,3,3,2,1,21,1,1,1,10,2,1,2
11673,4.0,2.0,4.0,5.0,4.0,1.0,1.0,2.0,4.0,2.0,1.0,4.0,4.0,4.0,5.0,2.0,1.0,2.0,5.0,1.0,5,5,7,3,7,5,6,5,5,5,1,1,0,1,1,0,0,0,0,1,0,0,1,1,1,1,3,1,1,1,41,1,4,1,60,1,2,3
11674,5.0,3.0,1.0,1.0,5.0,2.0,1.0,5.0,4.0,2.0,2.0,5.0,5.0,2.0,2.0,3.0,1.0,2.0,4.0,1.0,6,7,7,2,4,1,3,1,6,7,1,1,1,1,1,1,0,1,0,1,0,0,1,1,1,1,3,2,2,1,38,1,6,1,60,1,2,2
11675,5.0,2.0,4.0,3.0,3.0,2.0,2.0,4.0,4.0,4.0,3.0,5.0,4.0,2.0,4.0,5.0,3.0,4.0,5.0,4.0,6,2,5,2,5,3,5,2,6,3,1,1,1,1,1,0,1,0,0,1,0,0,1,1,1,1,4,3,1,1,34,1,4,1,70,1,2,3
11676,2.0,1.0,3.0,4.0,1.0,1.0,1.0,1.0,3.0,2.0,2.0,4.0,2.0,2.0,5.0,1.0,3.0,3.0,5.0,1.0,6,5,4,4,6,2,5,5,6,6,1,1,0,1,1,0,0,0,0,1,0,0,1,1,1,1,3,2,2,1,23,1,4,1,60,1,1,2
11677,1.0,1.0,3.0,4.0,3.0,4.0,4.0,4.0,4.0,3.0,4.0,3.0,1.0,2.0,1.0,2.0,2.0,1.0,3.0,1.0,2,5,7,6,5,6,7,2,3,2,1,1,1,1,1,0,0,0,0,1,0,0,1,0,1,1,4,2,2,1,59,2,6,1,60,1,2,2
11678,4.0,4.0,4.0,2.0,4.0,2.0,2.0,4.0,4.0,4.0,1.0,2.0,4.0,4.0,4.0,1.0,2.0,4.0,4.0,1.0,5,5,5,6,7,5,5,5,3,1,1,1,0,1,1,0,0,0,0,1,0,0,1,1,1,1,3,1,2,1,26,1,12,5,60,1,1,2
11679,2.0,4.0,2.0,4.0,4.0,2.0,3.0,2.0,4.0,4.0,2.0,2.0,4.0,3.0,3.0,2.0,1.0,5.0,5.0,2.0,5,4,6,2,6,2,5,6,7,1,1,1,1,1,1,0,1,0,0,1,0,0,1,1,1,1,3,3,1,1,66,3,1,1,60,1,2,2
11680,1.0,2.0,5.0,4.0,2.0,4.0,4.0,2.0,5.0,4.0,1.0,1.0,1.0,2.0,1.0,4.0,5.0,1.0,4.0,1.0,5,5,4,7,7,1,5,5,3,3,0,0,1,0,0,1,1,1,1,0,0,1,0,0,0,0,3,2,2,1,41,1,2,1,60,2,1,2
11681,4.0,5.0,4.0,4.0,4.0,1.0,1.0,1.0,4.0,2.0,2.0,4.0,4.0,4.0,5.0,4.0,2.0,4.0,5.0,3.0,7,5,5,6,7,3,5,5,2,2,1,1,0,1,1,0,0,1,0,1,0,0,1,1,1,1,3,1,2,1,21,1,1,1,60,1,1,3
11682,5.0,4.0,2.0,3.0,5.0,1.0,2.0,5.0,3.0,4.0,2.0,5.0,4.0,3.0,5.0,1.0,5.0,5.0,5.0,2.0,6,6,7,6,6,2,6,3,3,3,1,1,1,1,1,0,0,1,0,1,0,0,1,1,1,1,2,2,1,1,32,1,4,1,60,1,2,1
11683,4.0,5.0,2.0,1.0,4.0,1.0,1.0,4.0,2.0,1.0,1.0,4.0,4.0,1.0,5.0,1.0,5.0,4.0,5.0,3.0,2,6,4,2,5,7,4,5,5,4,1,1,0,1,1,1,0,1,0,1,0,0,1,1,1,1,3,3,1,2,30,1,10,1,20,2,1,2
11684,4.0,4.0,4.0,2.0,4.0,3.0,2.0,5.0,4.0,2.0,2.0,4.0,4.0,1.0,4.0,2.0,1.0,2.0,5.0,1.0,2,5,6,5,5,6,6,2,3,3,1,1,1,1,1,0,0,0,0,1,0,0,1,1,1,1,3,2,2,1,33,1,7,1,60,2,2,3
11685,4.0,4.0,4.0,3.0,2.0,2.0,4.0,4.0,2.0,4.0,1.0,5.0,4.0,1.0,3.0,1.0,1.0,5.0,5.0,3.0,1,5,5,7,2,6,4,6,1,5,1,1,1,1,1,0,0,0,0,1,0,0,0,1,1,1,3,3,2,2,33,1,2,1,60,2,1,1
11686,4.0,4.0,4.0,5.0,2.0,2.0,2.0,2.0,5.0,4.0,2.0,2.0,2.0,4.0,4.0,2.0,4.0,4.0,5.0,1.0,3,3,5,5,6,3,7,3,5,2,1,1,0,1,1,0,0,1,0,1,0,0,1,1,1,1,4,3,2,1,38,1,12,1,60,1,3,0
11687,5.0,4.0,4.0,2.0,4.0,2.0,1.0,2.0,3.0,4.0,4.0,2.0,2.0,1.0,4.0,2.0,1.0,2.0,5.0,2.0,4,5,3,5,6,5,6,5,4,1,1,1,0,1,1,0,1,1,0,1,0,0,1,1,1,1,3,3,1,2,39,1,8,1,10,2,2,2
11688,3.0,3.0,1.0,3.0,4.0,2.0,2.0,3.0,5.0,5.0,3.0,4.0,1.0,3.0,2.0,2.0,4.0,4.0,4.0,1.0,6,4,7,6,5,7,7,1,4,1,1,1,1,1,1,0,1,1,1,1,1,1,1,1,1,1,3,2,1,1,20,1,5,1,60,1,1,2
11689,1.0,1.0,2.0,4.0,1.0,1.0,1.0,2.0,5.0,5.0,1.0,4.0,1.0,1.0,4.0,1.0,2.0,1.0,5.0,1.0,7,5,7,1,7,1,6,1,7,2,1,1,0,1,1,0,0,0,0,1,0,0,1,1,1,1,3,2,1,1,34,1,1,2,60,2,2,3
11690,5.0,5.0,2.0,1.0,5.0,1.0,1.0,5.0,2.0,1.0,1.0,5.0,4.0,1.0,5.0,2.0,1.0,4.0,5.0,3.0,4,5,7,2,7,4,1,7,7,3,1,1,0,1,1,0,0,0,0,1,0,0,1,1,1,1,2,2,1,1,18,1,12,1,60,2,1,2
11691,4.0,4.0,4.0,5.0,4.0,2.0,1.0,4.0,5.0,5.0,1.0,1.0,1.0,2.0,5.0,4.0,5.0,4.0,2.0,1.0,5,3,7,5,2,1,7,3,3,5,0,0,1,0,0,1,1,1,1,0,1,1,0,0,0,0,3,2,2,1,57,1,2,1,60,1,2,4
11692,4.0,4.0,2.0,1.0,5.0,2.0,2.0,2.0,2.0,4.0,2.0,4.0,4.0,3.0,4.0,1.0,4.0,2.0,2.0,3.0,2,7,5,7,5,7,7,3,2,2,1,1,0,1,1,0,0,0,0,1,0,0,0,1,1,1,2,2,1,2,23,1,8,1,10,2,1,3
11693,4.0,4.0,5.0,3.0,5.0,1.0,1.0,4.0,5.0,1.0,2.0,5.0,5.0,1.0,5.0,5.0,1.0,4.0,5.0,1.0,6,1,7,1,7,5,6,1,7,1,1,1,0,1,1,0,0,0,1,1,0,0,0,1,1,1,3,3,1,1,45,1,10,1,30,1,1,6
11694,2.0,4.0,4.0,2.0,2.0,4.0,2.0,1.0,2.0,2.0,2.0,2.0,2.0,2.0,4.0,2.0,4.0,2.0,2.0,2.0,5,1,7,1,6,5,6,2,6,2,1,1,1,1,1,0,1,1,0,1,0,0,1,1,1,1,4,1,2,1,67,1,6,1,60,1,2,3
11695,4.0,3.0,5.0,3.0,4.0,1.0,1.0,4.0,3.0,4.0,1.0,5.0,5.0,1.0,4.0,3.0,2.0,4.0,4.0,3.0,4,5,6,1,6,4,4,1,6,4,1,1,1,1,1,0,0,0,1,1,0,0,1,1,1,1,4,3,2,1,59,1,1,5,60,1,2,3
11696,2.0,5.0,2.0,1.0,4.0,1.0,1.0,5.0,2.0,1.0,1.0,5.0,4.0,1.0,5.0,1.0,1.0,5.0,5.0,2.0,7,7,2,5,7,1,7,6,3,1,1,1,0,1,1,0,0,0,0,1,0,1,1,1,1,1,3,1,1,2,30,1,2,1,60,1,1,2
11697,4.0,4.0,3.0,4.0,3.0,4.0,1.0,5.0,4.0,3.0,2.0,5.0,3.0,2.0,4.0,5.0,3.0,4.0,5.0,2.0,4,6,6,3,5,5,5,5,6,2,1,1,0,1,1,0,0,1,0,1,0,0,1,1,1,1,4,3,1,2,30,1,7,3,60,2,1,1
11698,1.0,4.0,4.0,2.0,1.0,2.0,1.0,2.0,5.0,5.0,1.0,2.0,3.0,1.0,3.0,2.0,3.0,3.0,5.0,1.0,7,3,5,3,6,1,7,5,3,1,1,1,0,1,0,0,0,0,0,1,0,0,0,1,1,1,2,3,2,2,22,1,1,1,60,1,1,3
11699,3.0,4.0,4.0,4.0,4.0,3.0,1.0,1.0,4.0,2.0,1.0,4.0,4.0,1.0,3.0,1.0,1.0,2.0,3.0,1.0,2,5,6,2,3,2,5,2,6,1,1,1,1,1,1,0,0,0,0,1,0,0,1,1,1,1,3,1,2,1,39,1,6,1,60,2,2,2
11700,1.0,1.0,3.0,3.0,1.0,5.0,4.0,2.0,4.0,5.0,3.0,1.0,1.0,1.0,1.0,5.0,3.0,3.0,5.0,3.0,6,4,7,5,7,5,6,3,4,1,1,1,0,1,1,0,0,0,0,1,0,0,0,1,1,1,2,2,2,2,24,1,1,2,60,2,1,2
11701,5.0,4.0,5.0,5.0,3.0,4.0,2.0,4.0,4.0,1.0,4.0,5.0,1.0,5.0,3.0,5.0,5.0,2.0,5.0,2.0,5,5,6,5,7,5,7,3,7,2,1,1,0,1,1,0,0,0,0,1,0,0,1,1,1,1,4,3,2,1,25,1,10,1,20,1,1,2
11702,1.0,2.0,1.0,5.0,2.0,5.0,5.0,1.0,5.0,5.0,2.0,2.0,1.0,3.0,1.0,5.0,5.0,2.0,1.0,1.0,2,2,6,2,6,6,7,3,6,2,1,1,1,1,1,0,1,1,0,1,0,0,1,1,1,1,3,2,1,1,43,1,5,1,60,1,2,5
11703,4.0,3.0,2.0,4.0,4.0,4.0,3.0,4.0,5.0,5.0,2.0,4.0,4.0,2.0,3.0,1.0,1.0,3.0,5.0,1.0,3,3,6,5,6,5,6,3,3,2,1,1,0,1,1,0,1,0,0,1,0,0,1,1,1,1,3,2,1,1,26,3,7,2,60,1,1,2
11704,5.0,3.0,4.0,1.0,5.0,4.0,2.0,2.0,4.0,2.0,3.0,1.0,2.0,1.0,5.0,1.0,1.0,3.0,4.0,1.0,2,2,6,2,6,2,4,6,6,1,1,1,1,1,1,0,1,1,0,1,1,0,1,1,1,1,3,1,1,1,52,1,6,1,60,1,2,4
11705,5.0,2.0,4.0,5.0,4.0,1.0,2.0,4.0,4.0,1.0,1.0,5.0,5.0,1.0,2.0,2.0,1.0,5.0,5.0,1.0,2,5,6,6,4,6,6,2,4,3,1,1,1,1,1,0,0,1,0,1,0,1,1,1,1,1,3,3,2,1,50,1,1,1,60,1,2,2
11706,4.0,4.0,5.0,2.0,4.0,4.0,5.0,1.0,4.0,5.0,2.0,5.0,5.0,4.0,3.0,4.0,1.0,2.0,5.0,1.0,2,6,6,7,5,6,7,4,5,7,0,1,0,1,1,0,0,0,0,1,0,0,0,1,1,1,3,3,2,2,26,1,10,1,10,2,1,6
11707,4.0,4.0,2.0,4.0,4.0,2.0,2.0,4.0,4.0,2.0,2.0,4.0,4.0,4.0,3.0,2.0,3.0,2.0,4.0,1.0,6,3,3,6,6,6,6,3,6,3,1,1,0,1,1,0,0,0,0,1,0,0,0,0,1,1,2,2,2,2,18,1,7,1,60,2,1,2
11708,5.0,5.0,3.0,2.0,5.0,1.0,4.0,4.0,3.0,3.0,3.0,5.0,5.0,1.0,3.0,1.0,3.0,4.0,5.0,5.0,2,7,4,5,6,5,1,5,1,4,1,1,0,1,1,0,0,0,0,1,0,0,1,1,1,1,2,3,1,2,19,1,6,1,10,1,1,1
11709,5.0,4.0,1.0,4.0,4.0,2.0,1.0,2.0,5.0,3.0,2.0,5.0,4.0,2.0,1.0,1.0,1.0,2.0,5.0,1.0,1,5,5,5,3,5,6,5,5,6,1,1,0,1,1,1,0,0,0,1,0,0,1,1,1,1,2,1,1,1,34,1,6,1,60,2,1,2
11710,3.0,1.0,2.0,1.0,4.0,1.0,1.0,3.0,3.0,1.0,1.0,5.0,5.0,1.0,2.0,4.0,1.0,5.0,5.0,5.0,6,7,6,4,6,1,6,2,4,2,1,1,1,1,1,1,1,1,1,1,1,1,1,1,1,1,3,2,1,1,28,2,1,1,60,1,2,3
11711,4.0,1.0,4.0,3.0,5.0,5.0,4.0,2.0,5.0,5.0,3.0,3.0,1.0,4.0,1.0,5.0,5.0,5.0,4.0,2.0,5,5,6,5,7,7,5,1,5,5,1,0,0,1,0,0,0,0,0,1,0,0,0,0,1,1,2,3,2,1,23,1,7,1,30,1,1,3
11712,3.0,2.0,4.0,3.0,4.0,4.0,3.0,2.0,5.0,4.0,2.0,3.0,3.0,4.0,2.0,5.0,2.0,4.0,2.0,4.0,3,5,6,5,7,5,7,1,3,1,0,1,1,1,1,0,0,0,0,1,0,0,1,1,0,1,3,3,2,1,22,1,12,1,30,1,1,5
11713,5.0,5.0,5.0,1.0,5.0,1.0,1.0,5.0,1.0,1.0,1.0,3.0,5.0,1.0,5.0,1.0,4.0,3.0,5.0,5.0,7,5,5,7,7,4,7,7,2,4,1,0,0,1,1,0,0,1,0,1,0,0,0,0,1,1,3,3,2,2,27,1,10,1,10,1,1,3
11714,4.0,4.0,2.0,1.0,4.0,1.0,1.0,5.0,2.0,2.0,1.0,4.0,4.0,2.0,5.0,1.0,1.0,4.0,5.0,3.0,3,5,4,1,7,5,5,5,3,2,1,1,1,1,1,1,0,1,1,1,0,1,1,1,1,1,3,1,1,1,21,1,1,1,60,1,1,1
11715,1.0,2.0,3.0,3.0,4.0,2.0,3.0,2.0,5.0,4.0,1.0,4.0,1.0,2.0,1.0,2.0,3.0,2.0,5.0,2.0,7,5,6,6,6,1,6,6,3,1,1,1,1,1,1,0,0,1,0,1,0,0,1,1,1,1,3,1,2,2,25,1,1,5,60,1,1,2
11716,4.0,4.0,2.0,2.0,5.0,1.0,1.0,2.0,4.0,2.0,1.0,5.0,2.0,2.0,5.0,1.0,3.0,5.0,4.0,1.0,7,6,7,5,3,1,2,1,5,2,1,1,0,1,1,0,1,1,0,1,0,0,1,0,1,1,4,1,1,1,22,1,6,1,70,1,1,3
11717,3.0,4.0,5.0,3.0,5.0,4.0,5.0,4.0,5.0,5.0,1.0,3.0,3.0,3.0,2.0,2.0,5.0,4.0,4.0,4.0,5,4,5,7,6,4,7,7,3,1,1,0,0,1,1,0,0,0,0,1,0,0,0,0,1,1,3,3,2,2,23,1,8,0,10,2,1,2
11718,4.0,2.0,2.0,1.0,4.0,2.0,2.0,3.0,2.0,2.0,2.0,5.0,4.0,2.0,2.0,1.0,4.0,4.0,3.0,5.0,3,5,3,6,6,6,1,6,5,3,1,1,0,1,1,1,0,0,0,1,0,0,1,1,1,1,2,3,1,2,18,1,1,1,60,2,1,1
11719,4.0,4.0,4.0,4.0,2.0,4.0,2.0,2.0,3.0,2.0,2.0,4.0,3.0,2.0,4.0,4.0,2.0,4.0,2.0,4.0,6,2,2,2,6,2,6,2,6,2,0,0,0,1,1,0,0,0,0,1,0,0,0,1,0,1,3,3,1,2,51,1,12,1,60,2,3,1
11720,4.0,5.0,2.0,1.0,5.0,1.0,1.0,2.0,3.0,1.0,1.0,4.0,4.0,1.0,3.0,3.0,1.0,2.0,3.0,2.0,1,7,7,6,5,7,5,1,7,3,1,1,0,1,1,0,0,1,0,1,0,0,0,1,1,1,3,3,1,2,21,1,1,1,60,1,1,2
11721,5.0,1.0,1.0,2.0,5.0,1.0,1.0,4.0,1.0,1.0,1.0,5.0,1.0,1.0,4.0,1.0,1.0,5.0,5.0,4.0,7,7,5,6,6,1,6,6,1,2,1,1,1,1,1,0,1,1,0,0,1,0,1,1,1,1,4,2,1,1,67,1,4,1,60,1,2,1
11722,5.0,5.0,1.0,1.0,5.0,1.0,1.0,5.0,2.0,1.0,1.0,5.0,5.0,1.0,5.0,1.0,1.0,5.0,5.0,1.0,1,6,6,7,3,7,1,1,4,4,1,1,0,1,1,0,0,0,0,1,0,0,1,1,1,1,3,3,2,1,25,1,12,1,60,2,2,3
11723,1.0,2.0,5.0,5.0,1.0,5.0,5.0,1.0,5.0,5.0,5.0,1.0,1.0,4.0,5.0,4.0,3.0,1.0,3.0,1.0,6,4,7,1,7,5,6,2,6,3,1,1,0,1,1,0,0,0,0,1,1,1,1,1,1,1,3,3,1,1,34,1,6,4,60,1,1,3
11724,2.0,5.0,4.0,2.0,4.0,1.0,1.0,4.0,2.0,3.0,1.0,2.0,4.0,2.0,4.0,1.0,5.0,4.0,5.0,1.0,6,5,4,5,6,1,7,6,3,1,1,1,1,1,1,0,1,1,0,1,1,1,1,1,1,0,4,3,1,1,43,1,1,3,30,1,2,2
11725,5.0,5.0,2.0,2.0,4.0,1.0,1.0,5.0,2.0,1.0,1.0,5.0,4.0,1.0,5.0,1.0,1.0,1.0,5.0,2.0,6,5,5,1,7,5,1,1,7,2,1,1,1,1,1,1,0,0,0,1,0,0,1,1,1,1,3,2,1,1,23,1,1,1,60,1,1,1
11726,1.0,1.0,5.0,1.0,3.0,1.0,1.0,1.0,5.0,5.0,1.0,5.0,1.0,1.0,1.0,1.0,1.0,1.0,5.0,1.0,2,5,7,2,7,3,6,3,6,1,1,1,1,1,1,1,1,1,0,1,0,0,1,1,1,1,4,2,2,1,62,1,9,1,60,2,2,3
11727,2.0,5.0,1.0,4.0,2.0,1.0,1.0,5.0,5.0,2.0,1.0,3.0,1.0,1.0,4.0,1.0,1.0,4.0,5.0,2.0,2,4,3,1,5,7,6,3,7,1,1,1,0,1,1,0,0,1,0,1,1,0,0,1,1,1,4,3,1,2,32,1,2,1,60,1,1,2
11728,4.0,4.0,3.0,5.0,2.0,1.0,1.0,1.0,5.0,4.0,3.0,4.0,1.0,2.0,4.0,2.0,1.0,4.0,5.0,1.0,5,1,7,6,5,1,7,1,5,6,1,1,0,1,1,0,0,0,0,1,0,0,1,1,1,1,2,3,2,2,39,1,1,2,70,1,3,2
11729,1.0,4.0,1.0,5.0,4.0,2.0,1.0,1.0,5.0,4.0,3.0,4.0,1.0,2.0,5.0,5.0,2.0,4.0,5.0,1.0,7,6,7,1,6,2,6,2,6,1,1,1,1,1,1,0,1,1,0,1,0,0,1,1,1,1,3,3,2,1,30,1,4,1,60,1,1,1
11730,2.0,5.0,3.0,3.0,3.0,2.0,4.0,3.0,5.0,5.0,1.0,5.0,5.0,2.0,5.0,3.0,3.0,3.0,5.0,3.0,6,4,7,3,4,6,5,1,6,2,1,1,1,1,1,0,0,0,1,1,0,1,0,1,1,1,3,3,1,2,31,1,10,1,20,1,2,2
11731,4.0,1.0,5.0,1.0,5.0,1.0,1.0,4.0,2.0,2.0,1.0,2.0,4.0,1.0,1.0,1.0,1.0,5.0,5.0,4.0,7,7,6,1,7,3,1,3,7,1,1,1,1,1,1,0,0,1,0,1,1,0,1,1,1,1,2,1,1,1,34,1,2,1,60,1,1,2
11732,4.0,3.0,2.0,2.0,3.0,2.0,1.0,3.0,3.0,2.0,2.0,4.0,4.0,2.0,2.0,1.0,4.0,4.0,5.0,2.0,3,6,3,7,6,4,6,5,2,4,0,0,1,0,0,1,1,0,1,0,1,1,0,0,0,0,2,2,2,2,19,1,1,2,60,1,1,1
11733,4.0,4.0,3.0,2.0,4.0,2.0,2.0,4.0,4.0,4.0,2.0,4.0,2.0,4.0,4.0,2.0,2.0,3.0,5.0,2.0,2,6,5,6,2,5,6,3,3,5,1,1,0,1,1,0,0,0,0,1,0,0,1,0,1,1,2,2,1,1,22,1,1,1,60,1,1,2
11734,2.0,1.0,1.0,5.0,1.0,1.0,1.0,1.0,5.0,2.0,2.0,2.0,2.0,4.0,3.0,2.0,3.0,3.0,5.0,1.0,5,3,5,6,7,7,7,5,7,1,1,1,0,1,1,0,0,0,0,1,0,0,1,1,1,1,2,1,2,1,31,1,6,1,60,1,1,2
11735,5.0,5.0,5.0,2.0,5.0,1.0,1.0,4.0,4.0,2.0,1.0,4.0,4.0,3.0,5.0,2.0,1.0,5.0,5.0,5.0,5,2,5,1,6,4,5,5,3,1,1,1,0,1,1,0,0,1,0,1,1,0,0,1,1,1,2,3,1,1,21,1,7,1,60,1,1,3
11736,1.0,1.0,3.0,5.0,2.0,4.0,3.0,1.0,3.0,5.0,2.0,1.0,1.0,5.0,1.0,4.0,3.0,1.0,1.0,1.0,6,0,0,0,0,0,0,0,0,0,1,1,1,1,1,0,0,0,0,1,1,0,1,1,1,1,3,2,2,1,45,1,6,1,60,1,2,2
11737,3.0,3.0,5.0,1.0,4.0,1.0,1.0,5.0,5.0,1.0,1.0,5.0,5.0,1.0,5.0,1.0,1.0,1.0,5.0,1.0,6,6,7,4,7,5,7,3,7,1,1,1,1,1,1,0,0,1,0,1,0,0,1,1,1,1,4,2,2,2,30,1,0,0,0,1,1,5
11738,5.0,5.0,2.0,2.0,4.0,2.0,1.0,4.0,3.0,1.0,1.0,4.0,4.0,1.0,5.0,1.0,2.0,5.0,5.0,2.0,2,6,5,5,6,4,5,4,4,2,1,1,0,1,1,0,0,0,0,1,0,0,1,1,0,1,3,3,1,2,22,1,4,1,60,2,1,2
11739,2.0,4.0,4.0,3.0,3.0,5.0,2.0,1.0,5.0,5.0,3.0,1.0,1.0,2.0,1.0,5.0,5.0,1.0,5.0,1.0,6,6,4,2,1,5,6,7,6,1,1,1,1,1,1,0,1,1,0,1,0,0,1,1,1,1,3,3,1,2,23,1,12,1,70,1,1,3
11740,1.0,4.0,2.0,3.0,4.0,2.0,2.0,2.0,3.0,5.0,1.0,2.0,1.0,1.0,4.0,5.0,1.0,4.0,4.0,2.0,2,6,6,2,4,5,5,1,6,2,1,1,0,1,1,0,0,0,0,1,0,0,1,1,1,1,3,1,1,2,46,1,2,1,60,2,1,3
11741,5.0,3.0,2.0,3.0,5.0,1.0,1.0,5.0,2.0,2.0,2.0,5.0,4.0,1.0,3.0,1.0,1.0,5.0,4.0,5.0,6,4,6,6,7,3,6,1,4,1,1,1,1,1,1,0,0,1,0,1,0,0,0,1,1,1,3,3,1,2,31,1,4,1,60,1,1,1
11742,5.0,5.0,1.0,1.0,5.0,1.0,1.0,2.0,1.0,1.0,1.0,5.0,5.0,1.0,5.0,1.0,1.0,1.0,5.0,5.0,4,1,7,3,7,7,1,5,1,1,1,1,0,1,1,0,0,0,0,1,0,0,0,0,1,1,2,3,1,1,16,2,2,1,60,2,1,2
11743,3.0,4.0,2.0,1.0,5.0,2.0,1.0,5.0,3.0,3.0,1.0,5.0,4.0,1.0,3.0,1.0,4.0,5.0,5.0,4.0,2,5,6,5,3,5,4,5,2,6,1,0,0,1,1,0,0,0,0,1,0,0,0,1,1,1,3,1,1,1,23,1,7,1,70,2,1,3
11744,1.0,5.0,1.0,5.0,1.0,5.0,1.0,1.0,5.0,1.0,1.0,1.0,1.0,5.0,1.0,1.0,5.0,1.0,1.0,1.0,1,7,7,1,7,1,1,1,6,7,1,1,1,1,1,0,1,1,0,1,0,0,1,1,1,1,4,2,2,1,60,1,6,1,70,1,2,7
11745,1.0,4.0,1.0,1.0,5.0,1.0,2.0,1.0,1.0,2.0,1.0,5.0,1.0,1.0,3.0,5.0,1.0,5.0,5.0,1.0,5,3,5,5,5,5,5,5,5,5,1,1,0,1,1,0,0,1,0,1,0,0,0,1,1,1,3,2,1,1,26,1,12,1,60,1,1,2
11746,4.0,2.0,2.0,4.0,4.0,1.0,2.0,1.0,5.0,5.0,1.0,5.0,1.0,2.0,4.0,5.0,1.0,5.0,4.0,5.0,7,2,7,6,7,1,7,6,2,7,1,1,1,1,1,0,1,1,1,1,1,0,1,1,1,1,4,2,2,1,54,1,4,1,10,1,2,6
11747,4.0,4.0,4.0,2.0,4.0,1.0,1.0,4.0,5.0,2.0,2.0,4.0,2.0,1.0,4.0,4.0,3.0,4.0,5.0,1.0,3,1,6,5,3,5,7,1,6,6,1,1,1,1,1,0,0,1,0,1,0,1,1,1,1,1,3,0,2,1,52,1,6,1,60,1,3,2
11748,4.0,1.0,5.0,4.0,2.0,5.0,4.0,2.0,5.0,2.0,2.0,4.0,1.0,3.0,1.0,5.0,3.0,5.0,5.0,2.0,2,1,6,2,7,6,5,2,7,6,1,1,0,1,1,0,1,0,0,1,0,0,1,1,1,1,3,2,1,1,62,1,4,1,10,2,2,6
11749,3.0,4.0,2.0,3.0,4.0,2.0,2.0,5.0,2.0,3.0,1.0,4.0,5.0,1.0,5.0,1.0,1.0,4.0,5.0,3.0,7,5,5,6,5,2,5,1,3,6,1,1,1,1,1,0,1,0,0,1,0,0,1,1,1,1,2,2,2,1,18,1,1,2,60,1,1,4
11750,2.0,3.0,3.0,4.0,4.0,4.0,3.0,4.0,5.0,4.0,3.0,4.0,3.0,1.0,2.0,2.0,2.0,4.0,5.0,4.0,2,3,5,5,7,4,3,3,5,2,1,1,1,1,1,0,0,1,0,1,0,0,1,1,1,1,3,3,2,1,35,2,9,2,60,2,2,3
11751,3.0,4.0,1.0,1.0,5.0,5.0,5.0,4.0,5.0,5.0,5.0,5.0,5.0,1.0,1.0,5.0,5.0,5.0,5.0,1.0,3,6,7,6,5,3,5,1,5,6,1,1,1,1,1,0,0,1,0,1,0,1,1,1,1,1,3,2,2,1,43,1,12,1,10,2,3,2
11752,3.0,4.0,2.0,1.0,1.0,1.0,1.0,5.0,4.0,1.0,1.0,4.0,4.0,1.0,2.0,5.0,1.0,4.0,5.0,2.0,3,6,3,4,5,5,2,6,3,2,1,1,1,1,1,0,0,1,0,1,1,0,1,1,1,1,3,3,1,2,37,1,2,1,60,1,1,1
11753,1.0,1.0,2.0,5.0,1.0,2.0,1.0,1.0,5.0,5.0,2.0,1.0,1.0,2.0,2.0,4.0,4.0,2.0,5.0,1.0,3,5,6,5,5,5,3,1,4,5,1,1,0,1,1,0,0,0,0,1,0,0,1,1,1,1,4,1,2,1,50,2,4,1,60,1,2,3
11754,5.0,1.0,4.0,1.0,5.0,1.0,1.0,2.0,5.0,5.0,1.0,5.0,4.0,1.0,5.0,1.0,1.0,5.0,5.0,1.0,5,7,7,5,7,2,6,7,7,1,1,1,0,1,1,0,0,0,0,1,0,0,0,1,1,0,3,1,2,1,23,2,7,1,60,2,1,5
11755,4.0,2.0,2.0,4.0,4.0,2.0,2.0,5.0,5.0,2.0,2.0,3.0,4.0,3.0,5.0,5.0,2.0,4.0,5.0,1.0,5,3,7,6,6,5,7,2,5,6,1,1,1,1,1,0,1,1,0,1,0,0,1,1,1,1,2,2,2,1,19,1,1,1,10,1,1,2
11756,3.0,1.0,5.0,1.0,5.0,5.0,5.0,5.0,5.0,5.0,5.0,5.0,5.0,1.0,1.0,5.0,5.0,1.0,1.0,1.0,3,4,4,4,4,1,7,4,4,4,1,1,1,1,1,0,1,0,0,1,0,1,0,1,1,1,3,1,2,1,40,1,6,1,60,1,2,4
11757,1.0,1.0,1.0,3.0,4.0,1.0,1.0,5.0,5.0,4.0,1.0,4.0,1.0,1.0,4.0,4.0,1.0,4.0,4.0,1.0,6,5,4,4,5,2,6,2,5,3,1,1,1,1,1,0,0,0,0,1,0,0,1,1,1,1,4,2,1,1,56,1,4,1,60,1,2,6
11758,1.0,5.0,2.0,2.0,4.0,4.0,4.0,5.0,5.0,5.0,2.0,2.0,4.0,2.0,4.0,2.0,4.0,4.0,4.0,4.0,6,5,7,6,3,2,5,7,6,3,1,1,0,1,1,0,0,0,0,1,0,0,1,1,1,1,2,3,1,1,21,1,4,1,60,2,1,1
11759,1.0,2.0,3.0,5.0,3.0,4.0,2.0,3.0,5.0,4.0,2.0,2.0,1.0,3.0,1.0,2.0,3.0,2.0,1.0,1.0,3,6,3,5,5,4,7,5,6,1,1,1,0,1,1,0,0,0,1,1,0,1,1,1,1,1,3,1,1,1,26,1,6,1,60,1,1,1
11760,1.0,2.0,1.0,5.0,4.0,5.0,4.0,4.0,5.0,5.0,2.0,4.0,2.0,4.0,3.0,5.0,5.0,2.0,5.0,1.0,5,5,6,5,7,4,5,2,6,3,1,1,0,1,1,1,1,1,1,1,1,1,1,1,1,1,4,1,2,1,40,3,7,1,60,1,2,2
11761,2.0,3.0,3.0,4.0,1.0,4.0,4.0,4.0,4.0,4.0,3.0,4.0,1.0,3.0,4.0,4.0,5.0,1.0,5.0,1.0,4,5,6,4,3,5,6,2,5,4,1,1,1,1,1,0,0,1,0,1,0,0,1,1,1,1,3,2,1,1,47,1,1,1,60,1,2,5
11762,3.0,5.0,2.0,2.0,4.0,2.0,3.0,4.0,4.0,4.0,1.0,5.0,1.0,2.0,4.0,1.0,2.0,2.0,5.0,2.0,5,2,3,2,7,4,5,2,5,5,1,1,1,1,1,1,0,0,0,1,0,0,1,1,1,1,2,2,2,1,23,1,2,1,60,1,1,2
11763,2.0,4.0,2.0,5.0,5.0,5.0,5.0,4.0,3.0,5.0,1.0,5.0,5.0,1.0,5.0,3.0,1.0,5.0,5.0,3.0,1,7,5,7,6,6,7,6,5,4,1,1,1,1,1,0,1,1,1,1,1,0,1,1,1,0,2,3,2,1,20,1,7,1,30,2,1,3
11764,5.0,5.0,2.0,1.0,5.0,2.0,1.0,4.0,2.0,2.0,2.0,5.0,4.0,2.0,5.0,3.0,2.0,4.0,5.0,3.0,2,5,5,4,6,6,4,5,3,2,0,1,0,1,1,0,0,0,0,1,0,0,1,1,1,1,3,3,1,2,45,1,4,1,60,1,2,3
11765,5.0,5.0,2.0,1.0,5.0,1.0,2.0,4.0,1.0,1.0,1.0,5.0,5.0,1.0,5.0,1.0,1.0,4.0,5.0,1.0,6,1,6,1,6,1,5,3,7,7,1,1,1,1,1,0,1,1,0,1,0,0,1,1,1,1,3,2,1,1,60,1,2,1,60,1,2,2
11766,2.0,4.0,2.0,2.0,4.0,2.0,2.0,5.0,5.0,2.0,1.0,4.0,5.0,2.0,3.0,2.0,1.0,2.0,2.0,1.0,6,6,6,4,6,5,5,5,5,3,1,1,0,1,1,0,0,0,0,1,0,0,0,0,0,1,3,1,1,1,40,2,6,1,60,1,2,2
11767,4.0,1.0,3.0,4.0,4.0,3.0,2.0,4.0,3.0,2.0,3.0,3.0,1.0,3.0,4.0,1.0,1.0,3.0,5.0,4.0,5,5,5,3,6,3,4,2,5,1,1,1,1,1,1,1,1,1,0,1,1,0,1,1,1,1,3,2,1,1,58,2,6,1,60,1,2,2
11768,4.0,5.0,1.0,2.0,5.0,1.0,1.0,5.0,4.0,1.0,1.0,5.0,4.0,4.0,5.0,1.0,5.0,1.0,1.0,5.0,5,1,7,1,6,6,6,1,7,2,1,1,1,1,1,1,1,0,0,1,1,0,1,1,1,1,3,2,0,2,55,1,6,1,60,1,2,4
11769,1.0,4.0,4.0,5.0,2.0,4.0,1.0,1.0,5.0,5.0,4.0,5.0,1.0,4.0,4.0,4.0,2.0,1.0,5.0,1.0,6,6,7,6,5,2,6,2,5,5,1,1,0,1,1,0,0,1,0,1,0,0,1,1,1,1,4,3,2,2,41,1,4,1,60,1,2,2
11770,5.0,2.0,3.0,4.0,3.0,1.0,1.0,5.0,5.0,2.0,2.0,4.0,4.0,1.0,2.0,1.0,1.0,5.0,5.0,3.0,3,7,7,1,6,5,6,4,7,1,1,1,1,1,1,0,0,0,0,1,0,0,1,1,1,1,3,2,1,1,23,1,6,1,60,2,1,4
11771,2.0,4.0,3.0,3.0,2.0,3.0,1.0,1.0,3.0,4.0,1.0,5.0,1.0,4.0,2.0,3.0,1.0,4.0,5.0,2.0,6,5,6,6,7,6,7,5,5,2,1,1,1,1,1,0,0,0,0,1,0,0,1,1,1,1,2,1,2,1,30,1,8,1,70,2,1,3
11772,5.0,5.0,1.0,1.0,2.0,1.0,1.0,5.0,4.0,1.0,2.0,5.0,4.0,1.0,5.0,1.0,2.0,2.0,5.0,1.0,0,0,0,0,0,0,0,0,0,0,1,1,0,1,1,1,0,0,0,1,0,0,1,1,1,1,0,2,2,1,33,1,1,1,60,1,2,1
11773,1.0,1.0,2.0,4.0,2.0,5.0,4.0,1.0,5.0,4.0,1.0,2.0,1.0,2.0,1.0,2.0,2.0,1.0,5.0,1.0,6,3,5,3,7,5,6,5,3,2,1,1,0,1,1,0,0,0,0,1,0,0,1,1,1,1,2,1,2,1,33,1,7,1,60,1,2,2
11774,1.0,1.0,5.0,1.0,4.0,5.0,3.0,5.0,5.0,5.0,1.0,4.0,4.0,1.0,1.0,1.0,1.0,1.0,5.0,1.0,5,5,6,6,5,2,6,5,4,5,1,1,1,1,1,0,0,0,0,1,0,0,1,0,1,1,3,1,1,1,47,1,7,1,60,1,2,4
11775,2.0,4.0,2.0,5.0,2.0,4.0,2.0,1.0,5.0,4.0,4.0,2.0,4.0,4.0,4.0,5.0,4.0,2.0,4.0,1.0,6,6,7,6,3,6,7,5,6,2,1,1,0,1,1,0,0,0,0,1,0,0,1,1,1,1,3,2,1,1,20,1,4,1,60,2,1,4
11776,4.0,5.0,3.0,4.0,2.0,1.0,1.0,5.0,5.0,5.0,3.0,4.0,1.0,2.0,5.0,5.0,4.0,3.0,4.0,1.0,2,2,6,7,3,6,6,1,1,4,1,1,1,1,1,0,0,1,0,1,0,1,1,1,1,1,4,2,2,1,27,1,6,1,60,1,2,2
11777,2.0,4.0,1.0,1.0,1.0,1.0,1.0,1.0,5.0,2.0,1.0,5.0,3.0,3.0,4.0,1.0,2.0,5.0,5.0,1.0,2,5,7,7,2,6,7,1,1,1,1,1,0,1,1,0,0,0,0,1,0,0,1,1,1,1,3,3,2,1,50,1,7,1,60,1,2,1
11778,2.0,3.0,3.0,3.0,4.0,3.0,2.0,4.0,5.0,3.0,1.0,3.0,1.0,2.0,4.0,4.0,2.0,4.0,4.0,1.0,1,6,4,6,2,7,6,5,2,2,1,1,0,1,1,0,0,0,0,1,0,0,1,1,1,1,3,2,2,1,26,1,4,1,60,2,1,2
11779,1.0,4.0,1.0,2.0,5.0,1.0,1.0,4.0,4.0,5.0,1.0,5.0,5.0,5.0,5.0,4.0,1.0,2.0,5.0,1.0,5,7,2,7,7,5,2,6,5,1,1,1,0,1,1,0,0,1,0,1,1,0,1,1,1,1,3,3,1,2,22,1,1,3,10,1,1,0
11780,5.0,4.0,1.0,1.0,4.0,2.0,3.0,4.0,4.0,2.0,2.0,5.0,3.0,2.0,5.0,2.0,2.0,3.0,3.0,4.0,3,4,5,2,7,7,6,4,5,5,1,1,0,1,1,0,0,1,0,1,0,0,0,1,1,1,2,3,2,2,18,1,6,1,30,2,1,1
11781,4.0,5.0,5.0,4.0,5.0,3.0,5.0,5.0,5.0,5.0,4.0,4.0,1.0,2.0,2.0,5.0,3.0,5.0,1.0,4.0,4,1,7,5,5,7,6,3,7,1,1,1,0,1,1,0,0,0,0,1,0,0,0,0,1,1,4,2,1,2,25,1,8,1,10,1,1,5
11782,4.0,4.0,2.0,2.0,4.0,1.0,1.0,4.0,4.0,2.0,1.0,4.0,2.0,1.0,2.0,2.0,2.0,5.0,5.0,1.0,2,6,6,3,6,7,3,3,3,1,1,1,1,1,1,0,0,0,0,1,1,0,1,1,1,1,3,2,1,1,21,1,0,1,60,2,1,2
11783,2.0,1.0,2.0,5.0,1.0,1.0,1.0,3.0,1.0,3.0,3.0,1.0,1.0,4.0,3.0,1.0,1.0,4.0,5.0,1.0,6,5,6,2,7,2,6,6,7,2,1,1,1,1,1,1,1,1,0,1,0,0,1,1,1,1,4,3,2,1,46,1,2,1,60,1,2,2
11784,1.0,4.0,4.0,2.0,4.0,2.0,2.0,5.0,5.0,5.0,1.0,1.0,4.0,4.0,4.0,1.0,1.0,2.0,2.0,4.0,5,6,6,6,5,5,3,5,3,6,1,1,1,1,1,0,1,1,0,1,1,1,1,1,1,1,3,1,2,1,36,1,6,1,0,2,1,2
11785,2.0,2.0,2.0,5.0,2.0,2.0,2.0,2.0,5.0,4.0,1.0,4.0,2.0,3.0,2.0,4.0,2.0,2.0,4.0,4.0,5,3,6,4,5,3,5,2,5,3,1,1,1,1,1,0,1,0,0,1,0,0,1,1,1,1,3,1,2,1,54,1,12,1,60,2,2,4
11786,2.0,5.0,5.0,3.0,4.0,2.0,1.0,1.0,5.0,4.0,4.0,3.0,1.0,2.0,4.0,4.0,3.0,1.0,5.0,1.0,3,1,5,5,6,6,7,3,6,3,1,1,1,1,1,1,1,0,0,1,0,0,1,1,1,1,2,2,2,1,21,1,4,1,60,1,1,2
11787,1.0,2.0,4.0,4.0,1.0,4.0,2.0,2.0,4.0,2.0,3.0,4.0,1.0,4.0,2.0,4.0,1.0,4.0,2.0,2.0,6,3,7,1,6,5,3,1,7,5,1,1,1,1,1,0,0,0,0,1,0,0,1,1,1,1,4,2,2,1,54,1,6,1,60,2,2,3
11788,5.0,5.0,2.0,2.0,5.0,2.0,1.0,5.0,3.0,3.0,1.0,5.0,2.0,5.0,4.0,2.0,1.0,5.0,5.0,1.0,3,5,3,7,5,4,7,6,2,4,0,1,0,1,1,0,1,0,0,0,0,0,0,1,1,0,3,2,1,1,18,1,2,1,60,1,1,1
11789,1.0,2.0,4.0,5.0,1.0,2.0,2.0,1.0,5.0,3.0,1.0,1.0,1.0,4.0,4.0,5.0,4.0,1.0,5.0,1.0,6,5,6,5,5,5,7,1,6,2,1,1,1,1,1,0,0,0,1,1,0,0,1,1,1,1,3,2,2,1,29,1,7,1,60,1,2,2
11790,4.0,4.0,2.0,2.0,4.0,2.0,2.0,1.0,5.0,4.0,1.0,4.0,4.0,2.0,4.0,4.0,1.0,2.0,4.0,1.0,6,5,5,6,7,5,6,5,5,2,1,1,0,1,1,1,0,0,0,1,0,0,1,1,1,1,4,2,1,1,41,1,3,3,60,2,1,3
11791,5.0,4.0,3.0,2.0,4.0,1.0,1.0,3.0,3.0,2.0,1.0,4.0,2.0,3.0,4.0,2.0,2.0,3.0,5.0,1.0,4,6,6,6,4,4,5,3,5,3,1,1,0,1,1,0,0,0,0,1,0,0,1,1,1,1,3,2,2,1,20,1,2,2,60,1,1,2
11792,1.0,1.0,2.0,4.0,1.0,1.0,1.0,1.0,5.0,2.0,1.0,1.0,1.0,1.0,1.0,1.0,1.0,1.0,5.0,1.0,7,6,7,7,7,7,7,2,5,1,1,1,1,1,1,0,1,1,0,1,0,0,1,1,1,1,4,1,2,1,52,1,1,1,0,1,2,3
11793,2.0,4.0,1.0,3.0,4.0,1.0,1.0,2.0,4.0,4.0,2.0,1.0,2.0,3.0,5.0,4.0,4.0,2.0,4.0,1.0,6,4,5,2,7,4,5,3,7,2,0,0,0,0,0,0,0,1,1,0,1,1,0,0,0,0,3,2,2,1,55,1,4,2,60,1,2,5
11794,4.0,5.0,2.0,3.0,5.0,2.0,2.0,2.0,2.0,2.0,1.0,2.0,2.0,2.0,5.0,1.0,1.0,5.0,5.0,2.0,3,7,1,6,4,3,2,7,2,1,1,1,1,1,1,0,0,0,0,1,1,0,1,1,1,1,2,2,1,1,27,1,2,1,0,1,1,2
11795,4.0,4.0,2.0,3.0,3.0,1.0,2.0,4.0,3.0,1.0,1.0,3.0,1.0,1.0,2.0,1.0,2.0,4.0,5.0,3.0,5,4,5,2,5,4,2,2,6,3,1,1,0,1,1,0,0,0,0,1,0,0,1,1,1,1,3,2,1,1,34,1,7,1,60,1,1,3
11796,5.0,3.0,4.0,4.0,5.0,3.0,3.0,4.0,4.0,4.0,3.0,5.0,5.0,2.0,4.0,2.0,4.0,4.0,5.0,3.0,2,5,3,5,5,6,2,5,4,3,1,1,0,1,1,0,0,0,0,1,0,0,0,0,1,1,1,1,1,1,17,1,4,1,60,2,1,2
11797,4.0,4.0,1.0,4.0,4.0,1.0,1.0,1.0,4.0,1.0,1.0,4.0,4.0,4.0,5.0,1.0,3.0,4.0,5.0,4.0,6,3,5,1,5,2,5,3,5,3,1,1,1,1,1,0,1,1,0,1,1,0,1,1,1,1,4,2,2,1,37,1,2,1,60,1,2,3
11798,1.0,5.0,3.0,1.0,1.0,1.0,1.0,5.0,5.0,5.0,1.0,2.0,5.0,1.0,4.0,4.0,1.0,1.0,5.0,5.0,7,3,6,5,5,1,7,1,4,2,1,1,0,1,1,0,0,0,0,1,0,0,1,1,1,1,3,2,2,1,51,1,12,1,60,1,2,2
11799,1.0,2.0,4.0,4.0,4.0,4.0,3.0,1.0,5.0,5.0,2.0,1.0,2.0,1.0,4.0,3.0,2.0,5.0,5.0,1.0,1,6,3,7,7,5,7,6,1,6,1,1,0,1,1,0,0,0,0,1,0,0,1,1,1,1,2,2,1,1,22,1,2,4,60,2,1,3
11800,3.0,4.0,4.0,5.0,2.0,1.0,1.0,1.0,5.0,4.0,2.0,5.0,1.0,3.0,3.0,2.0,1.0,1.0,5.0,1.0,1,1,7,5,7,7,7,2,5,2,1,1,1,1,1,0,1,1,0,1,1,0,1,1,1,1,0,3,2,1,55,1,1,1,60,2,1,2
11801,5.0,1.0,1.0,4.0,5.0,5.0,1.0,2.0,5.0,1.0,1.0,5.0,5.0,2.0,1.0,1.0,4.0,5.0,2.0,5.0,5,6,7,1,7,7,7,1,7,1,1,1,0,1,1,0,0,0,0,1,0,1,0,0,1,1,0,0,1,2,30,1,8,1,10,1,1,2
11802,4.0,4.0,3.0,3.0,5.0,1.0,1.0,4.0,2.0,2.0,1.0,5.0,3.0,2.0,4.0,1.0,2.0,5.0,5.0,3.0,2,6,5,2,5,6,4,5,6,5,1,1,1,1,1,0,0,1,0,1,0,0,1,1,1,1,4,3,1,1,38,1,4,1,60,2,1,3
11803,5.0,4.0,2.0,2.0,5.0,1.0,1.0,5.0,2.0,1.0,1.0,5.0,2.0,1.0,5.0,1.0,2.0,5.0,5.0,3.0,6,6,7,2,5,1,5,1,6,6,1,1,0,1,1,0,0,0,0,1,0,0,1,1,1,1,3,2,2,2,28,1,4,1,10,1,1,4
11804,5.0,5.0,4.0,3.0,4.0,1.0,5.0,4.0,5.0,5.0,1.0,2.0,1.0,3.0,5.0,5.0,3.0,1.0,4.0,1.0,4,2,5,6,2,5,7,4,5,5,1,1,0,1,1,0,0,0,0,1,0,0,1,0,1,1,3,2,2,1,26,1,7,1,60,2,1,5
11805,2.0,4.0,1.0,4.0,2.0,4.0,3.0,1.0,5.0,2.0,1.0,2.0,5.0,4.0,4.0,1.0,4.0,5.0,5.0,1.0,2,4,6,1,6,5,5,3,7,1,1,1,0,1,1,0,0,1,0,1,0,0,1,1,1,1,3,3,1,1,56,1,6,1,60,1,2,4
11806,3.0,3.0,1.0,1.0,1.0,1.0,2.0,5.0,1.0,1.0,1.0,5.0,1.0,1.0,4.0,1.0,5.0,5.0,5.0,5.0,4,6,2,5,7,3,7,7,2,4,1,1,1,1,1,0,1,1,0,1,1,0,1,1,1,1,2,2,1,1,41,1,2,1,60,2,2,1
11807,3.0,4.0,2.0,5.0,4.0,1.0,1.0,1.0,2.0,3.0,2.0,5.0,4.0,2.0,3.0,1.0,1.0,4.0,5.0,4.0,4,6,5,1,6,6,4,5,7,1,1,1,0,1,1,0,1,0,0,1,0,0,1,1,1,1,2,2,1,1,18,1,2,1,60,2,1,3
11808,4.0,4.0,4.0,5.0,3.0,3.0,5.0,4.0,3.0,3.0,2.0,4.0,4.0,3.0,4.0,4.0,2.0,1.0,5.0,1.0,3,5,5,6,2,6,2,4,5,1,1,1,0,1,1,0,1,1,0,1,0,0,1,1,1,1,2,3,1,1,20,1,2,1,60,2,1,1
11809,2.0,2.0,2.0,4.0,4.0,5.0,4.0,4.0,4.0,4.0,2.0,2.0,4.0,4.0,2.0,4.0,2.0,2.0,4.0,4.0,5,6,6,3,5,6,5,2,5,2,1,1,1,1,1,0,0,1,0,1,0,0,1,1,1,1,3,2,2,1,23,1,1,2,10,2,1,1
11810,1.0,1.0,1.0,4.0,2.0,1.0,1.0,1.0,5.0,5.0,4.0,1.0,4.0,2.0,1.0,5.0,1.0,1.0,5.0,1.0,6,1,7,1,7,2,6,1,7,3,1,1,1,1,1,0,0,0,1,1,0,0,0,1,1,1,3,2,1,1,49,1,4,1,40,1,3,3
11811,5.0,4.0,1.0,3.0,5.0,2.0,1.0,2.0,3.0,2.0,1.0,4.0,4.0,1.0,4.0,1.0,2.0,4.0,5.0,1.0,3,6,6,5,6,5,6,4,3,2,1,1,0,1,1,0,0,0,0,1,0,0,0,1,1,1,3,2,1,1,25,2,1,1,60,2,1,3
11812,4.0,4.0,1.0,1.0,4.0,2.0,3.0,5.0,2.0,2.0,1.0,4.0,4.0,1.0,3.0,2.0,3.0,5.0,5.0,4.0,2,7,3,6,7,7,7,7,6,7,1,0,0,1,1,0,0,0,0,1,0,0,0,0,1,1,4,2,1,2,22,1,8,1,10,2,1,2
11813,5.0,5.0,5.0,1.0,5.0,3.0,1.0,4.0,5.0,5.0,1.0,5.0,5.0,1.0,4.0,1.0,1.0,4.0,5.0,5.0,1,7,7,4,7,7,5,1,7,1,1,1,1,1,1,1,1,1,1,1,1,1,1,1,1,1,3,1,2,1,27,3,1,4,60,1,1,3
11814,1.0,5.0,4.0,5.0,2.0,5.0,2.0,1.0,4.0,5.0,4.0,2.0,5.0,4.0,4.0,5.0,1.0,2.0,5.0,1.0,3,5,6,2,6,5,5,3,6,2,1,1,0,1,1,0,0,1,0,1,0,0,1,1,1,1,3,2,1,1,22,1,2,1,10,2,1,4
11815,1.0,4.0,4.0,5.0,3.0,2.0,1.0,3.0,5.0,5.0,1.0,1.0,1.0,2.0,3.0,2.0,2.0,4.0,5.0,1.0,7,2,3,5,6,2,7,6,6,3,1,1,1,1,1,0,0,1,0,1,1,0,1,1,1,1,2,2,2,1,23,1,2,2,60,2,1,2
11816,4.0,5.0,5.0,2.0,4.0,1.0,1.0,2.0,4.0,5.0,2.0,2.0,5.0,2.0,4.0,5.0,1.0,2.0,5.0,1.0,6,7,6,3,7,5,7,2,6,2,1,1,0,1,1,1,0,1,0,1,0,0,1,1,1,1,2,3,1,0,21,1,8,2,10,2,1,2
11817,4.0,3.0,4.0,4.0,2.0,2.0,2.0,3.0,5.0,5.0,2.0,4.0,2.0,2.0,3.0,2.0,4.0,3.0,3.0,4.0,4,5,6,6,7,3,5,3,2,2,1,1,1,1,0,0,0,1,0,1,0,0,0,1,1,1,3,3,2,2,26,1,2,1,70,1,1,3
11818,1.0,1.0,1.0,5.0,1.0,5.0,4.0,1.0,5.0,5.0,5.0,1.0,1.0,3.0,1.0,1.0,2.0,4.0,5.0,2.0,2,1,5,1,6,6,4,5,7,2,1,1,1,1,1,0,1,0,0,1,0,0,1,1,1,1,4,2,2,1,32,2,7,1,60,1,1,0
11819,2.0,4.0,4.0,5.0,2.0,2.0,2.0,2.0,4.0,4.0,3.0,2.0,2.0,2.0,5.0,2.0,2.0,3.0,5.0,1.0,3,5,5,6,2,6,6,5,6,3,1,1,1,1,1,0,0,0,0,1,0,0,1,1,1,1,2,1,2,1,19,1,1,1,60,2,1,2
11820,1.0,4.0,4.0,4.0,1.0,4.0,1.0,1.0,4.0,4.0,2.0,4.0,1.0,4.0,4.0,5.0,1.0,1.0,5.0,1.0,6,3,6,3,6,2,6,3,6,2,1,1,1,1,1,0,1,0,0,1,1,0,1,1,1,1,2,2,2,1,48,1,6,1,60,2,2,3
11821,3.0,4.0,2.0,4.0,1.0,2.0,1.0,2.0,5.0,5.0,2.0,4.0,3.0,1.0,4.0,5.0,5.0,1.0,5.0,1.0,7,3,7,5,7,2,6,1,3,1,1,1,0,1,1,0,0,1,0,1,0,0,1,1,1,1,4,2,2,1,40,2,9,1,60,1,2,3
11822,2.0,5.0,2.0,3.0,4.0,3.0,1.0,1.0,5.0,3.0,1.0,3.0,3.0,1.0,4.0,3.0,2.0,4.0,5.0,2.0,2,1,5,2,7,7,5,4,5,1,1,1,1,1,1,0,1,1,0,1,1,0,1,1,0,1,3,2,2,1,33,1,2,1,60,0,2,4
11823,5.0,5.0,2.0,3.0,3.0,1.0,1.0,5.0,2.0,2.0,1.0,4.0,5.0,2.0,4.0,2.0,2.0,5.0,5.0,3.0,5,6,4,2,5,3,5,5,5,2,1,1,0,1,1,0,0,0,0,1,0,0,1,1,1,1,4,3,1,2,26,1,1,1,10,2,1,2
11824,5.0,1.0,4.0,5.0,4.0,5.0,5.0,4.0,5.0,5.0,2.0,2.0,2.0,5.0,1.0,4.0,4.0,3.0,4.0,4.0,2,4,7,6,3,7,6,5,3,6,1,1,0,1,1,0,0,1,0,1,0,0,1,1,1,1,4,3,2,2,30,1,8,1,10,2,1,3
11825,3.0,2.0,1.0,1.0,4.0,1.0,2.0,2.0,3.0,4.0,3.0,2.0,1.0,1.0,4.0,2.0,2.0,5.0,5.0,1.0,5,3,5,6,5,3,6,2,7,3,1,1,1,1,1,0,1,0,0,1,0,0,1,1,1,1,4,3,1,2,27,1,8,1,10,1,1,2
11826,5.0,1.0,3.0,3.0,3.0,2.0,2.0,2.0,5.0,5.0,1.0,4.0,1.0,1.0,1.0,3.0,5.0,3.0,5.0,4.0,5,2,7,1,7,6,6,2,6,2,1,1,1,1,1,0,1,1,0,1,1,0,1,1,1,1,3,3,1,2,26,1,1,1,10,1,1,2
11827,2.0,2.0,5.0,5.0,5.0,2.0,2.0,2.0,5.0,5.0,4.0,2.0,1.0,3.0,4.0,4.0,2.0,1.0,5.0,3.0,3,6,5,4,4,5,5,4,5,3,1,1,0,1,1,0,0,0,1,1,0,0,1,1,1,1,3,2,1,1,23,1,2,1,60,1,1,2
11828,5.0,3.0,2.0,3.0,5.0,2.0,3.0,1.0,2.0,2.0,1.0,4.0,5.0,2.0,5.0,4.0,1.0,3.0,5.0,2.0,3,6,6,6,3,4,3,1,4,3,1,1,1,1,1,0,1,1,0,1,1,0,1,1,1,1,3,2,2,1,20,1,7,1,10,2,1,3
11829,4.0,5.0,4.0,3.0,5.0,2.0,1.0,4.0,4.0,3.0,2.0,5.0,3.0,1.0,4.0,1.0,1.0,5.0,5.0,5.0,2,5,6,4,5,6,1,6,4,1,1,1,1,1,1,0,0,1,0,1,0,0,1,1,1,1,2,2,1,2,26,2,12,2,60,2,2,2
11830,1.0,2.0,4.0,5.0,4.0,2.0,1.0,2.0,5.0,3.0,1.0,1.0,1.0,5.0,1.0,5.0,4.0,4.0,5.0,1.0,5,7,3,5,7,3,5,7,5,3,1,1,1,1,1,0,0,1,0,1,1,1,1,1,1,1,3,2,1,1,27,1,1,1,60,1,1,2
11831,3.0,2.0,3.0,3.0,4.0,2.0,4.0,3.0,5.0,2.0,3.0,4.0,4.0,1.0,4.0,2.0,2.0,2.0,4.0,3.0,3,6,5,5,5,4,5,1,3,1,1,1,0,1,1,0,0,0,0,1,1,0,1,1,1,1,3,2,1,1,39,1,6,1,0,2,2,2
11832,3.0,2.0,4.0,1.0,4.0,2.0,2.0,3.0,5.0,3.0,2.0,5.0,1.0,2.0,4.0,1.0,3.0,4.0,3.0,1.0,7,4,4,3,7,5,6,3,5,1,1,1,1,0,1,0,0,0,0,1,0,0,0,1,1,1,2,2,2,2,19,1,4,3,60,1,1,1
11833,4.0,4.0,2.0,2.0,5.0,1.0,1.0,4.0,3.0,3.0,1.0,5.0,3.0,2.0,5.0,1.0,1.0,4.0,5.0,2.0,5,7,7,5,5,6,2,1,1,4,1,1,1,1,1,0,1,1,0,1,0,1,1,1,1,1,3,3,1,1,20,2,2,3,60,1,1,3
11834,2.0,5.0,4.0,1.0,4.0,2.0,2.0,3.0,5.0,3.0,1.0,4.0,4.0,2.0,3.0,2.0,4.0,4.0,4.0,4.0,6,6,4,5,5,2,7,6,6,4,1,1,0,1,1,0,0,0,0,1,0,0,1,1,1,1,3,2,2,1,43,1,12,1,10,1,2,4
11835,4.0,4.0,3.0,4.0,1.0,1.0,1.0,3.0,3.0,4.0,1.0,5.0,2.0,1.0,5.0,2.0,4.0,2.0,4.0,2.0,6,4,7,2,6,5,5,1,7,1,1,1,0,1,1,0,0,1,0,1,0,0,0,1,1,1,4,3,2,2,34,1,1,1,60,2,1,3
11836,5.0,4.0,5.0,3.0,4.0,5.0,3.0,4.0,5.0,5.0,4.0,5.0,3.0,3.0,3.0,4.0,1.0,1.0,4.0,4.0,6,7,5,6,5,3,2,2,2,1,0,0,0,0,0,0,0,1,0,0,0,0,0,0,0,1,3,2,1,2,41,1,12,1,10,2,1,3
11837,5.0,5.0,1.0,4.0,5.0,1.0,3.0,5.0,2.0,1.0,1.0,4.0,4.0,3.0,4.0,1.0,1.0,4.0,5.0,3.0,5,6,7,6,6,5,5,1,2,3,1,1,0,1,1,0,0,1,0,1,0,0,0,0,1,1,2,3,2,2,19,1,3,1,60,1,1,1
11838,2.0,4.0,5.0,2.0,2.0,2.0,2.0,2.0,5.0,4.0,2.0,4.0,2.0,2.0,2.0,2.0,4.0,2.0,4.0,1.0,1,2,5,5,3,7,7,3,3,4,1,1,0,1,1,0,0,1,0,1,0,0,1,0,1,1,4,3,2,2,28,1,4,1,10,1,1,2
11839,2.0,5.0,4.0,4.0,2.0,2.0,1.0,4.0,3.0,3.0,1.0,3.0,2.0,3.0,2.0,4.0,1.0,2.0,5.0,2.0,4,5,7,5,4,3,3,1,4,4,1,1,1,1,1,1,0,1,0,1,0,0,1,1,1,1,4,2,2,1,32,1,4,1,60,1,2,2
11840,5.0,5.0,1.0,1.0,5.0,1.0,1.0,5.0,1.0,1.0,1.0,5.0,5.0,1.0,5.0,1.0,1.0,5.0,5.0,5.0,1,3,7,1,7,6,2,6,3,1,1,1,0,1,1,0,0,0,0,1,0,0,1,1,1,1,3,1,1,2,26,1,2,2,60,1,1,2
11841,4.0,2.0,2.0,4.0,2.0,2.0,2.0,1.0,5.0,5.0,2.0,2.0,1.0,3.0,2.0,4.0,3.0,2.0,4.0,2.0,6,5,5,2,7,4,6,3,6,1,1,1,0,1,1,0,0,1,0,1,1,0,0,1,1,1,4,1,1,2,36,2,6,1,60,1,2,3
11842,2.0,4.0,4.0,4.0,2.0,1.0,1.0,2.0,4.0,1.0,2.0,4.0,2.0,2.0,4.0,1.0,1.0,2.0,5.0,1.0,2,1,6,2,7,6,5,2,6,2,1,1,1,1,1,0,1,1,0,1,1,0,1,1,1,1,3,2,2,1,43,1,1,1,60,2,2,0
11843,5.0,4.0,1.0,1.0,5.0,1.0,1.0,5.0,1.0,1.0,1.0,5.0,5.0,1.0,4.0,1.0,1.0,4.0,5.0,4.0,1,2,6,5,7,7,5,2,4,2,1,1,1,1,1,0,1,1,0,1,1,0,1,1,1,1,3,3,1,1,60,1,2,3,60,1,2,3
11844,4.0,5.0,3.0,2.0,4.0,2.0,1.0,4.0,4.0,2.0,1.0,5.0,1.0,1.0,5.0,2.0,4.0,3.0,5.0,1.0,1,5,4,0,6,4,5,5,0,1,0,1,1,1,1,0,0,1,0,1,1,0,1,1,1,1,3,2,2,1,20,1,6,1,60,2,1,4
11845,4.0,1.0,1.0,4.0,2.0,4.0,2.0,2.0,4.0,5.0,2.0,4.0,1.0,3.0,4.0,2.0,1.0,1.0,5.0,1.0,2,2,6,2,5,6,6,5,6,4,1,1,0,1,1,1,0,0,0,1,0,0,1,1,1,1,3,2,2,1,46,1,0,1,60,1,0,0
11846,2.0,4.0,3.0,3.0,5.0,3.0,5.0,5.0,5.0,5.0,1.0,5.0,5.0,2.0,4.0,1.0,4.0,4.0,5.0,5.0,4,5,6,7,7,7,4,5,6,5,1,1,0,1,1,0,0,0,0,0,0,0,0,1,0,0,3,2,1,2,22,1,11,1,10,1,1,3
11847,4.0,4.0,1.0,2.0,2.0,1.0,4.0,1.0,3.0,4.0,3.0,4.0,3.0,2.0,3.0,1.0,1.0,1.0,5.0,4.0,2,7,7,5,3,4,5,3,4,5,1,1,0,1,0,0,0,1,0,1,0,0,1,1,1,1,3,2,3,1,35,3,2,5,20,2,1,14
11848,2.0,4.0,2.0,4.0,2.0,2.0,1.0,2.0,4.0,5.0,2.0,4.0,1.0,5.0,4.0,5.0,2.0,2.0,5.0,1.0,3,2,2,5,7,5,7,6,2,2,1,1,1,1,1,0,1,0,0,1,0,0,1,1,1,1,2,2,2,1,20,1,6,1,60,1,1,3
11849,5.0,5.0,1.0,4.0,5.0,1.0,1.0,5.0,3.0,2.0,1.0,5.0,4.0,1.0,5.0,1.0,1.0,5.0,5.0,3.0,2,6,6,1,6,6,1,5,6,1,1,1,0,1,1,0,0,0,0,1,0,0,0,1,1,1,3,2,1,2,26,1,2,1,60,1,1,3
11850,1.0,4.0,5.0,4.0,4.0,1.0,4.0,1.0,5.0,5.0,3.0,5.0,1.0,3.0,1.0,3.0,5.0,4.0,3.0,1.0,5,4,6,5,6,5,6,2,4,1,1,1,0,1,1,0,0,0,0,1,0,0,0,0,0,1,3,3,1,2,43,1,2,1,60,1,2,3
11851,1.0,4.0,2.0,1.0,2.0,5.0,2.0,2.0,5.0,2.0,4.0,1.0,1.0,1.0,2.0,4.0,1.0,2.0,5.0,1.0,6,1,7,7,6,2,5,2,1,7,1,1,1,1,1,0,1,0,0,1,0,0,1,1,1,1,3,3,2,2,22,1,2,2,60,1,1,3
11852,1.0,2.0,2.0,5.0,4.0,4.0,4.0,2.0,5.0,2.0,2.0,1.0,2.0,4.0,3.0,1.0,4.0,2.0,3.0,1.0,3,2,7,3,6,6,6,1,7,2,1,1,1,1,1,0,1,1,0,1,0,1,1,1,1,1,3,1,2,1,25,1,4,1,60,1,1,3
11853,5.0,4.0,5.0,5.0,1.0,2.0,1.0,2.0,2.0,1.0,2.0,4.0,4.0,2.0,5.0,5.0,2.0,4.0,5.0,5.0,2,5,3,2,6,2,3,6,3,5,1,1,0,1,1,0,0,0,1,1,0,1,1,1,1,1,3,3,1,1,25,1,2,3,70,1,1,0
11854,4.0,5.0,1.0,4.0,4.0,1.0,1.0,2.0,4.0,2.0,2.0,4.0,4.0,2.0,5.0,2.0,2.0,5.0,4.0,1.0,1,2,6,2,6,7,3,2,7,5,1,1,1,1,1,1,1,0,0,1,1,0,1,1,1,1,3,2,1,1,50,1,1,1,60,1,3,2
11855,1.0,1.0,3.0,5.0,5.0,5.0,5.0,5.0,5.0,1.0,1.0,5.0,1.0,5.0,5.0,1.0,1.0,1.0,5.0,5.0,4,7,7,4,7,7,7,7,7,7,1,1,0,1,1,0,0,0,0,1,0,0,1,1,1,1,2,3,2,1,33,1,2,1,60,1,1,2
11856,2.0,2.0,2.0,1.0,3.0,2.0,2.0,2.0,2.0,4.0,1.0,5.0,3.0,1.0,4.0,2.0,1.0,4.0,5.0,4.0,6,5,7,2,6,3,5,5,4,5,1,1,0,1,1,0,0,0,0,1,0,0,0,1,1,1,2,3,1,1,21,1,7,1,0,2,1,2
11857,3.0,1.0,4.0,4.0,2.0,5.0,5.0,3.0,5.0,4.0,2.0,4.0,1.0,2.0,2.0,2.0,1.0,4.0,5.0,1.0,1,6,6,2,7,5,5,2,6,1,1,1,1,1,1,1,1,0,0,1,1,0,1,1,1,1,3,3,2,1,50,1,2,1,60,2,3,3
11858,4.0,4.0,2.0,1.0,4.0,2.0,1.0,2.0,3.0,2.0,1.0,5.0,4.0,2.0,4.0,3.0,3.0,3.0,4.0,2.0,2,5,5,7,2,6,6,2,4,3,1,1,0,1,0,0,0,1,0,1,1,0,0,1,1,1,3,3,2,2,20,1,10,1,60,2,1,1
11859,4.0,4.0,2.0,1.0,4.0,1.0,1.0,1.0,3.0,1.0,1.0,4.0,4.0,2.0,2.0,2.0,2.0,3.0,5.0,3.0,5,2,7,5,6,3,7,2,4,3,1,1,0,1,1,0,0,1,0,1,0,0,1,1,1,1,3,2,2,1,27,1,7,1,60,1,2,1
11860,2.0,3.0,3.0,1.0,4.0,1.0,1.0,3.0,2.0,2.0,2.0,3.0,2.0,1.0,5.0,3.0,2.0,4.0,5.0,2.0,4,5,6,5,6,4,7,5,4,1,1,1,1,1,1,1,1,1,0,1,0,0,1,1,1,1,3,3,1,2,28,1,2,1,70,1,2,2
11861,3.0,3.0,3.0,4.0,4.0,3.0,1.0,5.0,4.0,1.0,1.0,5.0,1.0,2.0,5.0,1.0,1.0,3.0,5.0,3.0,4,6,7,2,5,6,4,5,7,1,1,1,0,1,1,0,0,0,0,1,0,0,1,1,1,1,1,1,1,1,16,1,2,1,60,2,1,4
11862,2.0,4.0,1.0,4.0,5.0,2.0,1.0,1.0,4.0,5.0,4.0,5.0,3.0,2.0,3.0,5.0,1.0,1.0,5.0,2.0,1,4,7,3,7,6,4,6,4,1,1,1,1,1,1,0,1,1,0,1,1,1,1,1,1,1,4,3,1,1,44,2,1,1,60,2,2,2
11863,1.0,1.0,4.0,2.0,1.0,3.0,5.0,1.0,5.0,5.0,1.0,4.0,1.0,2.0,4.0,4.0,1.0,1.0,5.0,1.0,4,2,5,5,7,4,5,5,5,1,1,1,1,1,1,0,1,1,0,1,0,0,1,1,1,1,2,3,2,1,47,1,12,5,70,1,3,3
11864,5.0,1.0,2.0,3.0,2.0,2.0,2.0,1.0,5.0,2.0,1.0,4.0,2.0,1.0,1.0,2.0,1.0,4.0,2.0,4.0,2,5,2,5,6,7,6,2,5,2,1,1,1,1,1,0,1,1,0,1,1,0,1,1,1,1,3,1,1,1,29,1,9,2,60,2,1,3
11865,1.0,2.0,4.0,5.0,3.0,5.0,2.0,2.0,5.0,5.0,2.0,2.0,3.0,2.0,4.0,4.0,4.0,3.0,5.0,2.0,2,5,5,6,5,6,7,5,4,2,1,1,0,1,1,0,0,0,0,1,0,0,1,1,1,1,3,2,1,1,33,1,7,1,60,2,2,2
11866,5.0,5.0,1.0,1.0,5.0,2.0,1.0,5.0,1.0,1.0,1.0,5.0,5.0,2.0,5.0,1.0,2.0,5.0,5.0,3.0,5,7,1,1,5,2,1,5,7,2,1,1,1,1,1,1,0,1,1,1,0,0,1,1,1,1,2,2,1,1,15,2,7,1,60,2,1,2
11867,1.0,4.0,5.0,4.0,4.0,1.0,4.0,2.0,5.0,1.0,1.0,5.0,2.0,2.0,4.0,4.0,2.0,5.0,1.0,1.0,2,5,5,5,3,7,7,6,4,3,1,1,1,1,1,0,0,0,0,1,0,0,1,1,1,1,4,1,2,1,44,1,7,1,60,1,2,3
11868,3.0,1.0,5.0,5.0,5.0,4.0,1.0,3.0,5.0,5.0,2.0,1.0,1.0,1.0,1.0,4.0,1.0,1.0,1.0,1.0,5,5,6,1,5,1,7,4,7,1,1,1,1,1,1,1,1,1,1,1,1,1,1,0,1,1,4,3,1,2,34,1,10,1,20,1,1,2
11869,5.0,5.0,1.0,1.0,4.0,1.0,1.0,1.0,1.0,1.0,1.0,5.0,5.0,1.0,5.0,1.0,1.0,5.0,5.0,2.0,1,7,6,2,5,7,2,2,6,3,1,1,0,1,0,0,0,0,0,0,0,0,1,0,1,1,3,2,1,2,23,1,1,1,60,2,1,2
11870,4.0,4.0,1.0,1.0,5.0,1.0,1.0,4.0,2.0,1.0,1.0,5.0,2.0,1.0,5.0,2.0,1.0,5.0,5.0,1.0,1,5,7,1,7,7,6,1,7,1,1,1,1,1,1,0,0,1,0,1,1,0,1,1,1,1,4,2,1,1,53,1,1,1,60,1,2,2
11871,1.0,2.0,2.0,3.0,4.0,2.0,2.0,2.0,5.0,4.0,1.0,2.0,1.0,2.0,4.0,2.0,1.0,4.0,5.0,2.0,3,5,3,4,6,3,5,3,5,3,1,1,0,1,1,0,0,1,0,1,0,0,1,1,1,1,2,2,2,1,23,1,1,1,10,1,1,1
11872,1.0,1.0,5.0,5.0,2.0,2.0,2.0,2.0,5.0,5.0,4.0,4.0,1.0,2.0,4.0,1.0,1.0,2.0,5.0,4.0,1,2,2,6,7,5,6,5,6,1,1,1,1,1,1,0,0,0,0,1,0,0,1,1,1,1,3,2,2,1,61,1,6,1,60,1,2,3
11873,4.0,2.0,4.0,3.0,4.0,3.0,4.0,3.0,4.0,5.0,1.0,5.0,3.0,1.0,4.0,4.0,1.0,4.0,5.0,4.0,1,7,7,3,3,7,5,1,7,2,1,1,1,1,1,1,0,0,0,1,0,0,1,1,1,1,4,1,2,1,36,2,6,1,60,1,2,2
11874,5.0,5.0,2.0,5.0,4.0,2.0,2.0,5.0,5.0,4.0,2.0,4.0,4.0,2.0,4.0,2.0,1.0,4.0,2.0,1.0,3,5,7,5,6,6,4,2,3,1,1,1,1,1,1,0,1,1,0,1,1,1,1,1,1,1,3,2,2,1,53,1,4,1,60,1,2,7
11875,2.0,2.0,3.0,2.0,4.0,2.0,1.0,4.0,3.0,2.0,1.0,4.0,1.0,1.0,3.0,1.0,1.0,4.0,5.0,4.0,5,2,6,2,5,5,6,4,5,4,1,1,1,1,1,0,1,1,0,1,1,0,1,1,1,1,4,2,1,1,68,1,2,1,60,1,2,3
11876,3.0,3.0,3.0,4.0,3.0,3.0,4.0,3.0,4.0,5.0,2.0,3.0,4.0,3.0,3.0,4.0,3.0,4.0,4.0,1.0,6,5,6,5,4,1,3,4,1,2,1,1,0,1,1,0,0,0,0,1,0,0,0,1,1,1,2,3,2,1,13,1,4,1,60,2,1,3
11877,2.0,2.0,4.0,5.0,2.0,2.0,2.0,2.0,5.0,4.0,5.0,1.0,1.0,4.0,2.0,2.0,3.0,4.0,5.0,1.0,2,1,6,2,6,7,6,1,6,2,1,1,1,1,1,0,1,1,0,1,1,1,1,1,1,1,0,2,1,1,73,1,1,1,60,2,3,3
11878,2.0,4.0,1.0,3.0,2.0,1.0,1.0,2.0,5.0,4.0,1.0,2.0,1.0,2.0,2.0,2.0,3.0,3.0,5.0,1.0,5,5,3,6,7,5,5,7,2,1,1,1,1,1,1,0,1,0,1,1,1,0,1,1,1,1,4,1,1,1,35,1,1,1,60,1,1,3
11879,1.0,1.0,1.0,1.0,5.0,1.0,1.0,1.0,3.0,2.0,1.0,4.0,1.0,1.0,1.0,1.0,4.0,1.0,4.0,1.0,3,2,6,5,5,7,6,1,5,1,1,1,0,1,1,0,0,0,0,1,0,0,1,1,1,1,4,3,2,1,43,1,4,1,60,1,1,5
11880,2.0,4.0,2.0,3.0,3.0,2.0,1.0,1.0,5.0,2.0,3.0,2.0,1.0,2.0,3.0,2.0,2.0,3.0,4.0,1.0,1,3,6,3,3,3,3,1,4,3,1,1,1,1,1,1,1,1,0,1,0,0,1,1,1,1,4,2,1,1,58,1,7,1,60,1,2,13
11881,1.0,2.0,1.0,3.0,4.0,4.0,2.0,2.0,5.0,5.0,4.0,1.0,1.0,2.0,2.0,2.0,3.0,2.0,3.0,1.0,6,6,6,4,7,2,6,2,6,2,1,1,1,1,1,0,0,0,0,1,0,0,1,1,1,1,4,2,1,1,41,1,4,1,70,1,2,3
11882,2.0,2.0,2.0,1.0,3.0,2.0,2.0,2.0,5.0,5.0,2.0,5.0,2.0,2.0,4.0,2.0,1.0,4.0,1.0,1.0,6,6,7,7,3,2,3,3,1,3,1,1,0,1,1,0,0,0,0,1,0,0,0,0,1,1,3,3,2,1,26,1,12,1,60,1,2,5
11883,4.0,4.0,1.0,1.0,5.0,1.0,2.0,4.0,5.0,2.0,2.0,5.0,1.0,2.0,1.0,1.0,2.0,2.0,4.0,1.0,1,5,6,5,4,7,7,3,6,5,1,1,0,1,1,0,0,0,0,1,0,0,1,1,1,1,2,2,2,1,19,1,7,1,60,1,1,3
11884,5.0,3.0,2.0,1.0,4.0,1.0,1.0,3.0,3.0,3.0,1.0,4.0,4.0,1.0,3.0,1.0,1.0,5.0,5.0,4.0,7,7,6,5,7,5,5,4,7,1,1,1,0,1,1,0,0,1,0,1,0,0,1,1,1,1,3,2,1,1,24,1,2,1,60,1,1,2
11885,4.0,5.0,1.0,1.0,5.0,2.0,1.0,1.0,4.0,2.0,1.0,5.0,5.0,1.0,5.0,5.0,1.0,4.0,5.0,4.0,5,5,6,1,7,7,7,3,6,1,1,1,0,1,1,0,0,1,0,1,0,0,1,1,1,1,2,2,1,1,22,1,1,2,60,2,1,2
11886,4.0,1.0,5.0,5.0,3.0,5.0,4.0,4.0,5.0,5.0,2.0,2.0,1.0,2.0,4.0,4.0,4.0,4.0,5.0,1.0,6,1,2,2,7,5,6,2,6,5,1,1,1,1,1,1,0,1,1,1,0,1,1,1,1,1,2,3,1,1,17,1,2,1,60,2,1,3
11887,4.0,4.0,1.0,4.0,1.0,1.0,1.0,4.0,3.0,1.0,2.0,4.0,4.0,1.0,4.0,2.0,4.0,5.0,5.0,1.0,6,7,5,1,6,2,7,5,6,1,1,1,0,1,1,0,0,1,0,1,1,0,1,1,1,1,4,3,1,2,36,1,3,1,60,1,1,2
11888,1.0,2.0,2.0,5.0,4.0,2.0,2.0,4.0,5.0,2.0,1.0,2.0,1.0,2.0,2.0,2.0,2.0,2.0,4.0,1.0,3,1,5,1,6,5,3,2,5,2,1,1,1,1,1,0,1,1,0,1,0,1,1,1,1,1,0,1,2,1,52,1,6,1,60,2,2,2
11889,4.0,2.0,1.0,2.0,5.0,1.0,1.0,5.0,3.0,2.0,1.0,4.0,3.0,1.0,2.0,1.0,3.0,2.0,5.0,1.0,2,6,4,5,6,6,2,3,4,5,1,1,0,1,1,0,0,1,0,1,0,0,1,1,1,1,2,2,1,1,17,1,2,1,60,2,1,2
11890,3.0,4.0,1.0,3.0,2.0,1.0,1.0,1.0,5.0,2.0,1.0,2.0,2.0,1.0,4.0,1.0,2.0,4.0,5.0,1.0,3,5,3,3,5,5,5,3,3,5,1,1,0,1,1,0,0,0,0,1,0,0,1,1,1,1,3,2,2,1,35,1,2,2,60,1,1,4
11891,4.0,4.0,1.0,2.0,5.0,1.0,1.0,2.0,2.0,2.0,1.0,4.0,4.0,2.0,4.0,4.0,2.0,5.0,5.0,1.0,7,1,3,2,6,1,6,6,6,2,1,1,1,1,1,1,1,1,1,1,0,0,1,1,1,1,4,1,2,1,31,1,2,1,60,2,1,3
11892,5.0,5.0,1.0,1.0,5.0,1.0,1.0,1.0,1.0,1.0,1.0,5.0,5.0,1.0,4.0,1.0,1.0,5.0,4.0,5.0,5,5,7,2,6,2,5,2,6,1,0,0,0,0,0,0,0,0,0,0,0,0,0,0,0,0,3,3,1,1,47,1,12,1,60,2,1,1
11893,2.0,4.0,4.0,4.0,4.0,4.0,2.0,2.0,4.0,4.0,4.0,2.0,2.0,4.0,4.0,2.0,3.0,4.0,5.0,1.0,5,2,6,3,6,5,6,2,6,3,1,1,1,1,1,0,1,1,0,1,0,0,1,1,1,1,4,3,1,1,25,1,2,1,60,2,2,3
11894,1.0,2.0,3.0,5.0,1.0,5.0,4.0,3.0,5.0,5.0,3.0,1.0,1.0,3.0,3.0,5.0,2.0,2.0,5.0,1.0,6,2,6,2,6,2,7,4,5,4,1,1,1,1,1,0,0,0,1,1,0,0,1,1,1,1,4,3,2,1,32,1,1,1,60,1,1,3
11895,3.0,4.0,2.0,4.0,3.0,1.0,1.0,1.0,4.0,3.0,1.0,5.0,5.0,1.0,1.0,1.0,2.0,5.0,5.0,4.0,1,1,5,7,6,7,6,3,5,2,1,1,1,1,1,0,1,1,0,1,1,0,1,1,1,1,3,2,2,1,35,1,2,5,60,1,1,3
11896,1.0,1.0,4.0,2.0,1.0,4.0,3.0,2.0,5.0,5.0,4.0,2.0,1.0,3.0,3.0,4.0,2.0,2.0,5.0,1.0,2,1,6,7,7,7,7,2,2,2,1,1,0,1,1,0,0,0,0,1,0,0,1,1,1,1,3,3,2,1,27,1,2,1,60,2,1,2
11897,2.0,1.0,4.0,5.0,3.0,4.0,2.0,3.0,5.0,3.0,2.0,2.0,1.0,3.0,2.0,4.0,2.0,1.0,5.0,1.0,6,3,6,1,7,2,7,5,6,1,1,1,0,1,1,1,1,0,1,1,0,0,0,1,1,1,3,2,2,1,20,1,7,1,60,1,1,2
11898,3.0,5.0,4.0,2.0,4.0,2.0,1.0,5.0,4.0,4.0,1.0,4.0,5.0,1.0,5.0,1.0,5.0,5.0,5.0,2.0,5,6,7,1,6,6,4,1,7,5,1,1,0,1,1,0,1,0,1,1,0,0,1,1,1,1,2,3,1,1,19,1,2,1,60,2,1,3
11899,4.0,3.0,2.0,2.0,3.0,4.0,4.0,3.0,4.0,3.0,2.0,4.0,2.0,3.0,3.0,5.0,2.0,3.0,5.0,2.0,2,6,6,5,6,6,0,3,5,2,1,1,0,1,1,0,0,1,0,1,0,0,1,1,1,1,3,3,1,1,22,1,1,2,60,2,1,4
11900,5.0,5.0,2.0,1.0,5.0,1.0,1.0,5.0,4.0,1.0,1.0,5.0,5.0,1.0,5.0,1.0,1.0,2.0,5.0,1.0,1,2,7,5,6,6,2,1,6,2,1,1,1,1,1,0,0,0,0,1,0,0,1,0,1,1,3,2,2,1,23,1,12,1,10,2,1,1
11901,5.0,2.0,2.0,5.0,5.0,4.0,2.0,5.0,5.0,1.0,1.0,4.0,2.0,4.0,4.0,4.0,5.0,5.0,5.0,1.0,2,2,5,1,5,6,5,1,5,2,1,1,0,1,1,0,1,0,0,1,0,0,1,1,1,1,3,2,1,1,31,2,6,1,60,2,1,2
11902,3.0,2.0,2.0,3.0,3.0,2.0,2.0,2.0,4.0,2.0,2.0,3.0,1.0,2.0,4.0,2.0,1.0,3.0,4.0,1.0,3,5,6,4,5,4,4,3,5,4,1,1,1,1,1,0,1,1,0,1,0,0,1,1,1,1,3,3,2,1,25,1,12,1,70,2,1,3
11903,5.0,5.0,1.0,1.0,5.0,1.0,1.0,5.0,1.0,1.0,1.0,5.0,5.0,1.0,5.0,1.0,1.0,5.0,5.0,1.0,4,1,7,1,7,4,7,1,7,1,1,1,0,1,1,0,0,1,0,1,0,0,1,1,1,1,3,2,1,1,28,1,1,1,30,2,1,3
11904,5.0,4.0,1.0,3.0,5.0,1.0,1.0,2.0,2.0,5.0,1.0,4.0,4.0,1.0,5.0,2.0,1.0,4.0,5.0,1.0,6,7,5,1,6,2,3,5,6,6,1,1,1,1,1,0,0,0,0,1,0,1,1,1,1,1,2,1,1,1,19,2,2,1,60,1,1,3
11905,4.0,5.0,2.0,4.0,5.0,2.0,2.0,5.0,4.0,3.0,1.0,5.0,3.0,2.0,5.0,1.0,1.0,5.0,1.0,2.0,1,2,6,5,6,7,7,2,4,2,1,1,0,1,1,1,0,1,0,1,0,0,1,1,1,1,4,1,2,1,30,1,4,1,60,1,1,1
11906,4.0,5.0,1.0,1.0,5.0,1.0,1.0,4.0,2.0,5.0,1.0,4.0,5.0,1.0,5.0,1.0,1.0,4.0,5.0,1.0,1,5,7,2,5,7,7,1,7,2,1,1,0,1,1,0,0,0,0,1,0,0,1,1,1,1,4,1,2,2,52,1,4,1,70,1,2,6
11907,3.0,4.0,3.0,1.0,4.0,2.0,1.0,4.0,2.0,2.0,2.0,5.0,5.0,2.0,3.0,2.0,2.0,4.0,2.0,4.0,2,7,0,3,5,7,4,2,6,5,1,1,0,1,1,0,0,1,0,1,0,0,1,1,1,1,2,2,1,1,18,1,6,1,60,2,1,4
11908,2.0,5.0,3.0,5.0,3.0,2.0,1.0,1.0,5.0,4.0,2.0,1.0,1.0,3.0,4.0,2.0,1.0,2.0,2.0,1.0,3,1,7,4,7,5,7,3,6,1,1,1,1,1,1,0,1,1,0,1,0,1,1,1,1,1,3,1,2,1,25,1,12,1,60,1,1,2
11909,1.0,1.0,4.0,1.0,4.0,2.0,3.0,2.0,4.0,4.0,1.0,2.0,3.0,2.0,3.0,3.0,1.0,2.0,4.0,5.0,6,2,7,5,5,1,6,1,3,2,1,1,0,1,1,0,0,0,0,1,0,0,0,1,1,1,2,3,2,1,21,1,1,1,60,1,1,2
11910,4.0,2.0,5.0,2.0,4.0,5.0,3.0,4.0,5.0,5.0,5.0,4.0,1.0,4.0,3.0,5.0,3.0,4.0,5.0,4.0,2,6,7,2,7,6,5,3,5,2,1,1,0,1,1,0,0,0,0,1,0,0,0,0,1,1,2,3,1,2,22,1,7,1,70,2,1,3
11911,4.0,3.0,3.0,2.0,5.0,3.0,2.0,3.0,2.0,2.0,1.0,5.0,3.0,2.0,4.0,1.0,1.0,5.0,5.0,1.0,2,4,2,5,7,3,5,7,1,1,1,1,0,1,1,0,1,1,0,1,0,1,1,1,1,1,3,2,1,1,25,2,2,2,60,2,1,2
11912,5.0,5.0,1.0,4.0,5.0,1.0,3.0,5.0,4.0,5.0,1.0,4.0,5.0,1.0,4.0,1.0,1.0,5.0,5.0,5.0,2,2,5,1,7,7,6,2,6,1,1,1,0,1,1,0,1,0,0,1,0,0,1,1,1,1,3,3,1,2,31,1,2,1,10,2,1,1
11913,5.0,5.0,1.0,2.0,5.0,1.0,1.0,5.0,1.0,1.0,1.0,5.0,5.0,2.0,5.0,1.0,1.0,5.0,5.0,5.0,2,6,6,3,6,5,4,1,6,3,1,1,1,1,1,0,1,1,0,1,0,0,1,1,1,1,4,2,1,1,30,1,2,1,60,1,2,2
11914,1.0,2.0,2.0,2.0,3.0,3.0,2.0,4.0,5.0,4.0,2.0,1.0,1.0,1.0,4.0,2.0,1.0,3.0,4.0,2.0,3,5,6,3,4,6,3,2,4,5,1,1,0,1,1,0,0,0,1,1,0,0,0,1,1,1,3,2,1,1,19,1,2,1,60,1,1,2
11915,1.0,1.0,5.0,4.0,1.0,5.0,2.0,3.0,5.0,5.0,3.0,3.0,1.0,4.0,1.0,5.0,1.0,2.0,1.0,1.0,1,4,6,5,6,6,7,2,4,2,1,1,1,1,1,0,1,1,0,1,1,0,1,1,1,1,3,2,2,1,43,1,7,1,60,1,2,5
11916,5.0,4.0,2.0,4.0,4.0,1.0,2.0,2.0,3.0,2.0,1.0,5.0,4.0,2.0,5.0,2.0,1.0,4.0,5.0,3.0,3,6,3,6,7,3,6,6,3,1,1,1,1,1,1,0,0,1,0,1,0,0,1,1,1,1,3,3,1,1,21,1,4,2,60,1,1,2
11917,5.0,5.0,2.0,1.0,5.0,2.0,1.0,5.0,3.0,2.0,2.0,5.0,5.0,2.0,5.0,1.0,2.0,4.0,5.0,1.0,2,5,6,2,7,7,5,1,5,1,1,1,0,1,1,0,0,1,0,1,0,0,1,1,1,1,2,3,2,2,22,1,7,3,20,2,1,3
11918,2.0,2.0,5.0,2.0,5.0,4.0,1.0,5.0,5.0,2.0,1.0,5.0,4.0,1.0,4.0,2.0,4.0,4.0,5.0,3.0,3,6,7,1,7,5,1,1,6,1,1,1,0,1,1,1,0,0,0,1,1,1,1,1,1,1,3,1,1,1,39,1,12,1,60,2,3,2
11919,4.0,4.0,2.0,4.0,2.0,2.0,4.0,2.0,5.0,4.0,1.0,2.0,1.0,5.0,4.0,2.0,3.0,2.0,5.0,1.0,2,5,3,6,6,7,7,2,5,1,1,1,0,1,1,0,0,0,0,1,0,0,1,1,1,1,3,2,1,1,21,2,2,1,60,2,1,2
11920,5.0,1.0,5.0,2.0,3.0,2.0,5.0,1.0,5.0,5.0,1.0,5.0,5.0,5.0,3.0,5.0,5.0,5.0,4.0,1.0,5,1,6,4,3,6,6,4,6,1,1,0,0,1,1,0,0,0,0,1,0,0,0,1,1,1,3,1,2,2,38,1,4,1,10,2,1,3
11921,5.0,4.0,1.0,1.0,4.0,1.0,1.0,4.0,2.0,1.0,1.0,4.0,5.0,1.0,4.0,1.0,1.0,5.0,5.0,3.0,2,5,7,1,6,1,3,2,7,3,1,1,1,1,1,1,1,1,1,1,0,1,1,1,1,1,3,1,1,1,24,1,2,1,60,1,1,3
11922,3.0,3.0,1.0,3.0,3.0,4.0,3.0,3.0,4.0,3.0,3.0,1.0,1.0,1.0,2.0,1.0,1.0,3.0,5.0,1.0,5,7,6,4,7,5,5,4,7,1,1,1,0,1,1,0,0,0,0,1,0,0,1,1,1,1,4,3,1,2,29,1,3,1,10,1,1,2
11923,4.0,5.0,2.0,4.0,4.0,3.0,5.0,4.0,4.0,3.0,2.0,4.0,5.0,2.0,4.0,4.0,1.0,4.0,4.0,4.0,6,7,6,6,6,5,5,3,5,3,1,1,0,1,1,0,0,0,0,1,0,0,0,1,1,1,2,1,2,2,17,1,10,1,10,2,1,4
11924,4.0,4.0,1.0,2.0,5.0,1.0,1.0,4.0,1.0,1.0,1.0,5.0,4.0,1.0,3.0,2.0,4.0,2.0,5.0,3.0,5,6,7,5,6,2,5,2,4,1,1,1,1,1,0,0,0,1,1,1,0,0,1,1,1,1,4,3,1,2,31,1,12,1,70,2,1,0
11925,1.0,3.0,2.0,3.0,4.0,2.0,2.0,2.0,4.0,3.0,2.0,5.0,2.0,3.0,3.0,1.0,3.0,3.0,5.0,3.0,5,4,4,4,6,5,5,4,5,2,1,1,0,1,1,0,0,1,0,1,1,0,1,1,1,1,4,1,1,2,24,2,2,3,60,1,1,3
11926,1.0,1.0,1.0,5.0,1.0,5.0,5.0,1.0,5.0,5.0,1.0,4.0,1.0,1.0,1.0,5.0,5.0,1.0,5.0,1.0,7,5,5,2,7,1,7,5,5,1,1,1,1,1,1,0,1,1,0,1,0,0,1,1,1,1,0,1,2,2,54,1,6,3,60,1,1,1
11927,1.0,2.0,4.0,4.0,4.0,2.0,2.0,1.0,5.0,5.0,2.0,4.0,1.0,3.0,1.0,2.0,4.0,2.0,5.0,2.0,5,1,7,2,6,3,7,1,3,2,1,1,1,1,1,0,0,1,0,1,0,0,0,1,1,1,4,1,2,1,51,1,6,1,60,2,2,3
11928,1.0,2.0,2.0,1.0,4.0,5.0,4.0,4.0,5.0,2.0,2.0,2.0,4.0,2.0,2.0,1.0,2.0,4.0,1.0,1.0,3,5,6,6,3,3,6,3,3,5,1,1,1,1,1,0,1,1,0,1,1,1,1,1,1,1,4,2,2,1,33,1,6,1,60,1,2,2
11929,3.0,4.0,2.0,4.0,2.0,4.0,1.0,2.0,4.0,4.0,2.0,5.0,2.0,1.0,3.0,2.0,1.0,2.0,4.0,1.0,5,5,7,2,6,6,6,2,6,3,1,1,1,1,1,0,1,1,0,1,0,0,1,1,1,1,4,3,1,1,56,1,2,1,60,1,2,3
11930,2.0,2.0,4.0,2.0,4.0,1.0,1.0,2.0,5.0,2.0,1.0,3.0,1.0,5.0,4.0,1.0,1.0,1.0,4.0,2.0,1,5,7,3,6,7,6,5,5,3,1,1,1,1,1,0,1,0,0,1,1,1,1,1,1,1,4,2,2,1,39,1,2,1,60,2,3,3
11931,5.0,5.0,1.0,1.0,5.0,1.0,1.0,5.0,1.0,1.0,5.0,5.0,5.0,1.0,5.0,1.0,1.0,5.0,5.0,5.0,7,7,7,1,7,1,1,1,7,1,1,1,0,1,1,0,1,1,0,1,0,1,1,1,1,1,4,3,1,1,65,1,4,1,60,2,2,6
11932,1.0,4.0,4.0,5.0,2.0,2.0,2.0,4.0,5.0,2.0,2.0,2.0,1.0,4.0,4.0,1.0,4.0,2.0,4.0,1.0,5,2,3,6,5,5,7,5,3,3,1,1,1,1,1,0,0,0,0,1,0,0,1,1,1,1,4,2,2,1,27,1,1,1,60,1,1,2
11933,5.0,5.0,4.0,3.0,4.0,3.0,4.0,4.0,4.0,3.0,3.0,5.0,3.0,3.0,5.0,2.0,5.0,4.0,5.0,5.0,5,6,3,5,7,6,7,5,3,1,0,0,0,0,1,0,0,0,0,1,0,0,0,1,0,1,3,2,1,2,25,2,4,1,10,2,1,2
11934,1.0,1.0,5.0,2.0,2.0,2.0,2.0,1.0,5.0,5.0,1.0,4.0,1.0,3.0,1.0,4.0,5.0,4.0,3.0,3.0,1,5,7,5,6,6,6,1,6,5,1,1,1,1,1,0,0,0,0,1,0,0,1,1,1,1,3,1,2,1,50,1,6,1,60,1,2,4
11935,2.0,3.0,2.0,4.0,2.0,1.0,2.0,4.0,4.0,4.0,2.0,5.0,2.0,1.0,4.0,2.0,2.0,2.0,5.0,1.0,5,6,7,5,5,3,6,1,2,5,1,1,0,1,1,0,0,0,0,1,0,0,1,1,1,1,4,3,2,1,41,1,1,2,60,2,1,2
11936,1.0,2.0,4.0,4.0,1.0,1.0,1.0,4.0,5.0,2.0,1.0,1.0,2.0,2.0,1.0,4.0,3.0,2.0,4.0,1.0,7,1,6,4,6,2,7,1,7,2,1,1,0,1,1,0,0,0,0,1,0,0,1,1,1,1,3,1,2,1,20,1,8,1,10,2,1,2
11937,5.0,5.0,1.0,1.0,5.0,1.0,4.0,5.0,2.0,5.0,1.0,5.0,5.0,1.0,2.0,1.0,5.0,5.0,5.0,5.0,7,6,7,5,7,1,7,5,1,2,1,0,0,1,0,0,0,0,0,1,0,0,0,0,1,1,2,3,2,2,21,1,7,1,60,1,1,0
11938,4.0,5.0,1.0,2.0,5.0,1.0,1.0,2.0,2.0,2.0,2.0,5.0,4.0,2.0,2.0,1.0,5.0,4.0,5.0,4.0,3,6,6,1,7,1,2,3,6,1,1,1,0,1,1,0,0,0,0,1,0,1,1,1,1,1,3,2,1,1,30,1,7,1,30,1,1,3
11939,5.0,2.0,4.0,2.0,4.0,5.0,2.0,2.0,5.0,3.0,4.0,4.0,1.0,4.0,1.0,4.0,1.0,2.0,1.0,1.0,1,1,4,3,7,6,3,1,7,3,1,1,1,1,1,0,1,1,0,1,1,0,1,1,1,1,4,3,1,2,25,1,4,1,70,2,2,6
11940,1.0,1.0,3.0,2.0,4.0,4.0,1.0,4.0,5.0,4.0,1.0,2.0,1.0,1.0,4.0,1.0,3.0,4.0,5.0,1.0,4,6,3,7,3,6,6,6,1,2,1,1,0,1,1,0,0,1,0,1,1,0,1,1,1,1,3,2,1,2,19,2,2,3,60,2,1,3
11941,2.0,3.0,2.0,2.0,3.0,1.0,1.0,4.0,3.0,1.0,1.0,5.0,4.0,1.0,5.0,1.0,1.0,5.0,5.0,4.0,5,5,5,4,6,2,5,1,4,3,1,1,1,1,1,1,0,1,0,1,0,0,1,1,1,1,3,2,2,2,31,1,7,1,60,2,2,1
11942,3.0,3.0,5.0,3.0,4.0,4.0,3.0,4.0,5.0,4.0,1.0,4.0,4.0,2.0,4.0,3.0,1.0,5.0,5.0,1.0,3,5,4,3,6,6,6,5,5,2,1,1,1,1,1,0,0,1,1,1,1,1,1,1,1,1,2,3,1,2,21,2,12,4,60,2,1,3
11943,5.0,5.0,4.0,4.0,5.0,1.0,2.0,4.0,2.0,4.0,1.0,4.0,1.0,1.0,5.0,1.0,1.0,1.0,5.0,1.0,6,7,6,6,6,3,1,1,2,4,1,1,0,1,1,0,0,1,1,1,0,1,0,1,1,1,4,3,2,2,26,3,2,1,0,2,1,1
11944,1.0,1.0,4.0,5.0,2.0,4.0,2.0,1.0,5.0,4.0,2.0,4.0,1.0,3.0,2.0,4.0,5.0,1.0,2.0,1.0,3,5,6,2,7,6,7,1,5,2,1,1,0,1,1,0,0,1,0,1,0,0,0,1,1,1,3,3,2,2,44,1,4,1,60,2,2,2
11945,5.0,5.0,1.0,1.0,5.0,5.0,5.0,5.0,1.0,1.0,1.0,5.0,5.0,4.0,5.0,3.0,3.0,5.0,5.0,5.0,7,7,6,1,7,1,1,1,1,1,0,0,0,0,0,0,0,0,0,0,0,0,0,0,0,1,2,3,2,1,30,1,4,1,60,2,1,7
11946,3.0,5.0,2.0,2.0,4.0,2.0,1.0,4.0,4.0,4.0,2.0,4.0,4.0,1.0,4.0,2.0,1.0,2.0,5.0,4.0,1,5,5,6,5,7,6,2,7,5,1,1,1,1,1,1,0,1,1,1,0,0,1,1,1,1,2,3,1,1,18,1,1,1,60,2,1,3
11947,3.0,1.0,5.0,1.0,1.0,5.0,3.0,5.0,5.0,5.0,1.0,1.0,1.0,1.0,5.0,2.0,1.0,5.0,5.0,1.0,3,5,6,1,7,6,6,1,4,2,1,1,1,1,1,0,0,1,1,1,1,0,1,1,1,1,3,2,2,2,43,1,12,1,60,1,3,2
11948,5.0,5.0,5.0,4.0,5.0,2.0,1.0,3.0,2.0,1.0,1.0,4.0,5.0,4.0,5.0,2.0,1.0,5.0,5.0,1.0,7,4,7,5,7,1,6,4,4,1,1,1,0,0,1,0,0,0,0,1,0,0,0,1,1,1,3,3,1,1,59,1,7,1,60,1,2,1
11949,3.0,4.0,1.0,4.0,5.0,1.0,1.0,5.0,4.0,1.0,2.0,5.0,5.0,1.0,4.0,1.0,2.0,5.0,5.0,1.0,2,5,3,5,7,3,5,5,2,1,1,1,1,1,1,0,1,1,0,1,1,0,1,1,1,1,2,3,2,2,20,1,7,1,10,2,1,2
11950,2.0,5.0,2.0,1.0,4.0,2.0,1.0,4.0,4.0,2.0,1.0,3.0,2.0,2.0,5.0,2.0,1.0,4.0,5.0,1.0,6,6,7,2,7,2,3,5,6,2,1,1,0,1,1,0,0,1,0,1,0,1,1,1,1,1,3,1,1,1,21,1,1,1,60,1,1,3
11951,2.0,4.0,2.0,4.0,2.0,4.0,4.0,2.0,4.0,4.0,1.0,2.0,2.0,4.0,4.0,4.0,2.0,2.0,4.0,1.0,3,6,5,7,3,3,5,3,2,1,1,1,0,1,1,0,0,1,0,1,0,1,0,1,1,1,3,3,3,1,24,1,1,2,60,1,1,1
11952,1.0,1.0,1.0,3.0,5.0,5.0,5.0,1.0,5.0,5.0,1.0,1.0,1.0,3.0,2.0,5.0,1.0,4.0,5.0,1.0,1,3,3,7,5,7,7,7,1,1,1,1,0,1,1,0,0,0,0,1,0,0,1,1,1,1,3,2,2,1,23,2,2,1,60,2,1,2
11953,1.0,2.0,4.0,4.0,1.0,5.0,3.0,3.0,5.0,5.0,3.0,2.0,1.0,3.0,1.0,4.0,4.0,2.0,4.0,1.0,5,2,6,3,4,3,6,3,6,5,1,1,1,1,1,0,0,0,0,1,0,0,1,1,1,1,2,2,1,1,21,1,6,1,60,1,1,2
11954,5.0,5.0,4.0,5.0,4.0,4.0,1.0,5.0,5.0,4.0,2.0,5.0,4.0,2.0,2.0,2.0,2.0,4.0,4.0,2.0,6,6,7,6,6,5,7,1,5,5,1,1,0,1,1,0,0,0,0,1,0,1,0,1,1,1,2,3,2,1,57,0,7,1,60,1,3,5
11955,3.0,2.0,3.0,4.0,4.0,4.0,5.0,4.0,5.0,5.0,2.0,1.0,1.0,3.0,4.0,4.0,3.0,5.0,3.0,1.0,5,2,6,2,7,7,7,2,7,2,1,1,0,1,1,0,0,1,0,1,0,0,1,1,1,1,4,1,1,1,33,1,4,1,60,1,1,3
11956,2.0,3.0,4.0,3.0,2.0,3.0,3.0,3.0,5.0,4.0,3.0,3.0,3.0,4.0,3.0,3.0,3.0,3.0,4.0,3.0,4,5,4,3,6,7,6,3,6,2,0,0,0,1,0,0,0,0,0,0,0,0,0,1,0,0,1,2,2,1,14,1,4,1,10,2,1,3
11957,2.0,4.0,3.0,4.0,4.0,3.0,2.0,3.0,4.0,4.0,1.0,4.0,4.0,2.0,2.0,4.0,2.0,3.0,4.0,2.0,2,2,5,2,7,6,5,6,7,2,1,1,0,1,1,0,0,0,0,1,0,0,0,1,1,1,3,3,2,2,20,1,4,2,10,1,1,3
11958,4.0,2.0,2.0,5.0,4.0,4.0,2.0,5.0,5.0,5.0,2.0,4.0,1.0,1.0,4.0,5.0,3.0,4.0,5.0,1.0,7,5,7,2,7,1,7,1,5,6,1,1,0,1,1,0,0,0,0,1,0,0,1,1,1,1,3,1,2,1,22,1,6,1,60,1,1,2
11959,2.0,4.0,1.0,4.0,4.0,1.0,2.0,4.0,4.0,4.0,1.0,5.0,2.0,2.0,4.0,2.0,1.0,4.0,5.0,1.0,5,5,5,6,6,4,6,3,3,2,1,1,1,1,1,0,0,1,0,1,0,1,1,1,1,1,3,1,2,1,45,1,1,1,60,2,3,2
11960,4.0,5.0,4.0,2.0,2.0,2.0,1.0,5.0,2.0,2.0,2.0,5.0,4.0,1.0,5.0,5.0,1.0,5.0,3.0,1.0,7,7,5,2,7,1,2,1,7,5,1,1,0,1,1,1,0,1,0,1,0,0,0,1,1,1,3,2,1,1,23,1,8,1,10,1,1,1
11961,2.0,5.0,3.0,4.0,4.0,2.0,1.0,2.0,5.0,3.0,1.0,4.0,2.0,2.0,5.0,5.0,2.0,4.0,5.0,1.0,3,4,7,5,5,7,7,1,4,6,0,1,0,1,1,0,0,0,0,1,0,0,0,1,1,1,3,2,2,1,22,1,6,1,60,1,1,2
11962,5.0,4.0,1.0,3.0,4.0,1.0,3.0,5.0,3.0,3.0,1.0,2.0,1.0,1.0,1.0,4.0,1.0,2.0,5.0,5.0,4,4,6,1,7,2,4,6,7,2,0,0,0,1,1,0,0,0,0,1,0,0,0,0,0,1,4,3,1,2,28,1,0,1,10,2,1,1
11963,4.0,4.0,4.0,3.0,5.0,4.0,3.0,4.0,5.0,2.0,1.0,5.0,5.0,1.0,3.0,2.0,1.0,2.0,4.0,3.0,4,4,5,7,7,6,4,7,1,1,1,1,1,1,1,1,1,1,1,1,1,1,1,1,1,1,2,2,2,2,17,3,2,2,70,2,1,9
11964,4.0,4.0,2.0,3.0,4.0,1.0,2.0,3.0,4.0,4.0,3.0,4.0,2.0,2.0,5.0,1.0,5.0,2.0,5.0,5.0,6,5,3,4,7,5,6,6,3,2,1,1,1,1,1,0,0,0,0,1,0,0,0,0,1,1,2,2,2,2,19,3,2,2,70,2,1,3
11965,3.0,2.0,2.0,2.0,3.0,3.0,3.0,3.0,4.0,3.0,2.0,4.0,4.0,2.0,2.0,2.0,2.0,4.0,4.0,2.0,3,5,6,5,5,4,7,4,4,2,1,1,1,1,1,0,1,1,0,1,1,0,1,1,1,1,4,1,2,1,48,1,12,1,60,1,2,7
11966,1.0,1.0,1.0,4.0,3.0,5.0,4.0,3.0,2.0,4.0,3.0,2.0,1.0,4.0,4.0,2.0,3.0,4.0,5.0,4.0,3,3,5,5,6,5,5,6,6,2,1,1,1,1,1,0,1,1,0,1,1,0,1,1,1,1,3,2,1,1,50,1,12,1,60,1,2,1
11967,3.0,4.0,3.0,1.0,5.0,4.0,2.0,5.0,5.0,4.0,1.0,5.0,3.0,1.0,4.0,2.0,1.0,4.0,5.0,1.0,4,1,7,3,2,5,7,3,4,2,1,1,1,1,1,1,1,1,0,1,0,0,1,1,1,1,4,2,1,1,57,1,6,1,60,1,2,2
11968,5.0,5.0,2.0,1.0,4.0,1.0,1.0,2.0,3.0,1.0,3.0,5.0,5.0,1.0,4.0,5.0,1.0,2.0,5.0,5.0,7,2,6,1,7,2,6,5,7,1,1,1,1,1,1,0,0,1,0,1,1,1,1,1,1,1,4,2,1,1,31,1,7,1,60,2,2,4
11969,5.0,4.0,4.0,2.0,5.0,1.0,1.0,2.0,3.0,5.0,1.0,4.0,3.0,1.0,4.0,1.0,1.0,4.0,5.0,5.0,5,7,6,3,6,5,4,3,5,1,1,1,0,1,1,0,0,0,0,1,0,0,1,1,1,1,3,2,1,1,27,1,7,1,60,1,1,0
11970,4.0,5.0,1.0,1.0,5.0,1.0,1.0,4.0,3.0,2.0,1.0,2.0,3.0,1.0,1.0,1.0,1.0,4.0,5.0,1.0,1,6,6,6,1,7,4,4,2,2,1,1,1,1,1,0,0,0,0,1,0,0,1,1,1,1,4,2,2,1,39,1,6,1,60,1,1,1
11971,4.0,4.0,5.0,3.0,5.0,2.0,2.0,4.0,5.0,3.0,1.0,4.0,1.0,2.0,4.0,2.0,3.0,2.0,5.0,3.0,5,6,6,2,6,3,5,2,5,3,1,1,0,1,1,0,0,0,0,1,1,0,1,1,1,1,2,3,2,2,19,1,2,2,60,1,1,1
11972,4.0,4.0,4.0,2.0,1.0,1.0,1.0,4.0,2.0,1.0,1.0,4.0,4.0,1.0,5.0,3.0,1.0,4.0,3.0,1.0,6,2,6,3,7,3,6,3,5,1,1,1,1,1,1,0,1,1,0,1,1,1,1,1,1,1,0,2,2,1,20,1,1,2,60,1,1,4
11973,4.0,4.0,1.0,2.0,4.0,1.0,1.0,2.0,1.0,1.0,2.0,5.0,5.0,1.0,4.0,1.0,2.0,4.0,5.0,1.0,3,5,5,5,7,3,3,1,5,1,1,1,1,1,1,0,0,0,1,1,0,0,1,1,1,1,3,1,2,1,26,1,3,1,60,2,1,3
11974,2.0,5.0,4.0,4.0,2.0,4.0,2.0,2.0,3.0,3.0,1.0,1.0,4.0,2.0,5.0,5.0,1.0,3.0,5.0,4.0,5,7,6,2,7,3,7,2,4,1,1,1,0,1,1,0,0,0,0,1,0,0,0,1,1,1,4,2,2,2,24,1,2,1,60,1,1,3
11975,5.0,4.0,2.0,2.0,4.0,1.0,1.0,2.0,4.0,1.0,1.0,5.0,1.0,1.0,5.0,4.0,1.0,5.0,5.0,1.0,4,5,4,3,6,5,6,3,6,3,1,1,0,1,1,0,0,0,0,1,0,0,1,1,1,1,3,3,1,1,22,2,2,1,60,1,1,2
11976,2.0,5.0,3.0,1.0,4.0,1.0,2.0,4.0,3.0,2.0,1.0,5.0,4.0,1.0,1.0,1.0,1.0,4.0,5.0,1.0,4,6,7,5,7,3,2,1,5,1,1,1,0,1,1,0,0,0,0,1,0,1,0,1,1,1,3,1,1,1,34,1,6,1,60,1,1,2
11977,4.0,2.0,2.0,4.0,1.0,1.0,1.0,2.0,2.0,1.0,2.0,4.0,2.0,4.0,3.0,2.0,1.0,5.0,5.0,3.0,6,3,6,4,5,3,4,2,5,5,1,1,0,1,1,0,0,0,0,1,0,0,1,1,1,1,2,2,1,1,19,1,1,1,60,1,1,2
11978,2.0,1.0,5.0,3.0,4.0,5.0,4.0,1.0,5.0,5.0,1.0,1.0,1.0,3.0,3.0,5.0,1.0,4.0,4.0,5.0,6,4,5,3,6,2,6,6,4,1,1,1,0,1,1,0,0,0,0,1,1,0,1,1,1,1,4,2,2,1,53,1,4,1,60,2,3,5
11979,4.0,4.0,4.0,3.0,1.0,4.0,2.0,4.0,4.0,4.0,5.0,4.0,4.0,4.0,4.0,2.0,2.0,2.0,5.0,3.0,3,7,7,1,7,3,3,3,5,1,1,1,0,1,1,0,0,0,0,1,0,0,1,1,0,1,3,3,1,1,22,1,2,2,60,1,1,3
11980,4.0,3.0,2.0,2.0,3.0,1.0,2.0,4.0,4.0,3.0,2.0,5.0,1.0,1.0,2.0,2.0,4.0,2.0,5.0,3.0,5,6,5,3,4,4,3,5,5,2,1,1,1,1,1,0,0,0,0,1,1,0,1,1,1,1,3,2,1,1,27,1,12,5,70,2,1,2
11981,1.0,1.0,4.0,3.0,4.0,4.0,3.0,4.0,5.0,4.0,2.0,4.0,2.0,1.0,3.0,4.0,2.0,1.0,5.0,1.0,6,5,6,1,7,5,3,5,5,1,1,1,1,1,1,0,1,1,0,1,0,0,1,1,1,1,4,0,2,1,57,1,1,1,70,1,2,4
11982,4.0,4.0,3.0,3.0,4.0,2.0,2.0,2.0,4.0,2.0,2.0,4.0,3.0,4.0,3.0,2.0,2.0,2.0,4.0,4.0,4,6,7,6,5,5,7,4,5,2,1,1,1,1,1,1,0,1,1,1,0,1,1,1,1,1,3,3,1,1,46,2,1,1,60,2,1,2
11983,2.0,4.0,4.0,5.0,4.0,5.0,1.0,2.0,5.0,2.0,2.0,2.0,1.0,3.0,3.0,2.0,3.0,1.0,5.0,1.0,3,3,5,7,7,5,6,2,5,1,1,1,0,1,1,0,0,1,0,1,1,0,1,1,1,1,3,2,2,2,25,1,1,1,60,1,1,3
11984,2.0,2.0,4.0,4.0,4.0,2.0,4.0,2.0,5.0,4.0,3.0,4.0,4.0,3.0,2.0,2.0,2.0,1.0,5.0,1.0,5,2,6,1,7,2,7,2,5,1,1,1,1,1,1,0,0,1,1,1,1,1,1,1,1,1,2,1,2,1,18,1,4,5,70,2,1,3
11985,5.0,3.0,2.0,1.0,5.0,2.0,1.0,5.0,2.0,1.0,1.0,4.0,5.0,1.0,5.0,1.0,1.0,2.0,5.0,3.0,5,4,7,1,6,2,4,2,6,1,1,1,0,1,1,0,0,0,0,1,0,0,1,0,1,1,2,2,1,1,15,1,6,0,0,2,1,2
11986,1.0,4.0,5.0,5.0,1.0,5.0,2.0,1.0,5.0,5.0,1.0,4.0,1.0,1.0,1.0,2.0,5.0,5.0,4.0,1.0,1,6,6,2,1,7,7,2,6,1,1,1,1,1,1,0,0,0,0,1,0,0,1,1,1,1,3,1,2,1,50,1,7,1,60,2,2,14
11987,4.0,2.0,1.0,5.0,1.0,1.0,1.0,2.0,5.0,3.0,1.0,2.0,1.0,2.0,3.0,4.0,3.0,5.0,5.0,1.0,6,1,2,6,7,1,6,5,6,1,1,1,1,1,1,0,1,1,0,1,1,0,1,1,1,1,3,2,2,1,46,1,1,1,60,1,2,4
11988,2.0,1.0,1.0,2.0,3.0,1.0,1.0,4.0,5.0,3.0,2.0,4.0,4.0,1.0,4.0,2.0,1.0,4.0,5.0,1.0,2,4,5,7,2,7,7,5,4,1,1,1,0,1,1,0,0,0,0,1,0,0,1,1,1,1,2,2,2,1,20,1,4,1,60,1,1,2
11989,5.0,1.0,4.0,1.0,4.0,4.0,1.0,2.0,5.0,1.0,1.0,2.0,5.0,1.0,3.0,1.0,4.0,1.0,3.0,2.0,2,1,7,1,7,7,7,3,6,2,1,1,1,1,1,0,1,1,0,1,0,1,1,1,1,1,3,1,1,1,48,1,6,1,60,1,2,4
11990,1.0,1.0,5.0,5.0,1.0,5.0,5.0,1.0,5.0,5.0,1.0,1.0,1.0,5.0,1.0,5.0,5.0,1.0,4.0,1.0,1,4,7,1,4,5,1,2,3,1,1,1,1,1,1,1,1,1,1,1,1,1,1,1,1,1,2,2,2,1,19,3,2,2,0,1,1,1
11991,3.0,1.0,2.0,4.0,2.0,2.0,5.0,2.0,5.0,5.0,1.0,4.0,4.0,2.0,3.0,1.0,4.0,3.0,5.0,1.0,4,6,7,3,7,4,6,1,7,1,1,1,0,1,1,0,0,0,0,1,0,0,1,0,1,1,3,1,1,1,58,1,12,1,60,1,2,2
11992,5.0,5.0,4.0,1.0,5.0,1.0,1.0,2.0,5.0,3.0,1.0,5.0,2.0,2.0,5.0,1.0,1.0,3.0,3.0,1.0,6,7,7,2,7,3,2,3,5,1,1,1,0,1,1,0,0,1,0,1,0,0,1,1,1,1,3,1,1,1,25,1,4,1,60,1,1,3
11993,4.0,4.0,1.0,4.0,5.0,1.0,5.0,4.0,2.0,2.0,1.0,5.0,5.0,3.0,4.0,1.0,2.0,2.0,4.0,3.0,5,2,6,2,6,3,5,3,5,2,1,1,0,1,0,0,0,0,0,1,0,0,0,0,1,1,4,3,1,2,24,1,0,1,10,1,1,2
11994,2.0,2.0,5.0,5.0,4.0,4.0,2.0,4.0,5.0,4.0,1.0,5.0,5.0,2.0,4.0,5.0,5.0,4.0,4.0,1.0,5,5,6,5,7,3,7,7,3,3,0,0,0,0,1,0,0,0,1,1,0,0,0,1,0,1,3,2,2,2,45,1,4,1,70,1,2,2
11995,3.0,2.0,4.0,2.0,4.0,4.0,3.0,4.0,5.0,3.0,2.0,4.0,1.0,3.0,5.0,4.0,2.0,4.0,2.0,3.0,2,5,6,3,5,7,5,2,5,4,1,1,0,1,1,0,0,1,0,1,0,0,1,1,1,1,3,1,1,1,23,1,6,1,60,1,1,1
11996,5.0,4.0,2.0,1.0,5.0,1.0,1.0,3.0,3.0,1.0,1.0,5.0,4.0,2.0,5.0,1.0,1.0,2.0,5.0,1.0,1,1,7,2,7,7,4,1,7,1,1,1,0,1,1,0,0,1,0,1,0,1,1,1,1,1,3,2,2,2,25,1,4,1,60,1,1,1
11997,1.0,2.0,4.0,4.0,4.0,2.0,1.0,2.0,5.0,5.0,2.0,4.0,2.0,3.0,2.0,4.0,4.0,1.0,5.0,1.0,6,5,5,3,6,4,7,1,5,2,1,1,1,1,1,0,1,1,0,1,1,1,1,1,1,1,3,1,1,1,39,1,2,0,60,1,2,3
11998,4.0,4.0,2.0,4.0,4.0,2.0,2.0,2.0,5.0,2.0,1.0,3.0,2.0,4.0,4.0,4.0,2.0,4.0,5.0,2.0,5,5,5,6,6,6,6,5,5,2,1,1,0,1,1,0,1,1,0,1,1,0,1,1,1,1,4,1,2,1,28,1,2,1,70,1,1,3
11999,2.0,2.0,3.0,3.0,4.0,2.0,3.0,4.0,5.0,4.0,1.0,5.0,2.0,3.0,2.0,4.0,2.0,2.0,1.0,1.0,3,4,6,4,3,5,5,2,6,3,1,1,0,1,1,0,0,0,0,1,0,0,1,1,1,1,3,3,1,1,40,1,12,1,70,2,2,5
12000,1.0,1.0,2.0,2.0,5.0,4.0,4.0,4.0,4.0,2.0,1.0,3.0,1.0,3.0,2.0,1.0,2.0,4.0,5.0,1.0,3,6,7,2,7,4,7,1,5,4,1,1,0,1,1,0,0,0,0,1,0,0,1,1,1,1,4,2,2,1,35,1,1,1,60,1,1,3
12001,3.0,5.0,2.0,4.0,4.0,1.0,2.0,5.0,3.0,1.0,3.0,2.0,3.0,1.0,2.0,2.0,3.0,3.0,5.0,2.0,4,5,6,5,3,5,5,3,3,2,1,1,0,1,1,0,1,0,0,1,1,1,0,0,1,1,4,3,2,2,27,1,12,2,10,2,1,1
12002,5.0,4.0,1.0,4.0,4.0,1.0,1.0,1.0,3.0,4.0,1.0,5.0,4.0,3.0,2.0,1.0,3.0,4.0,5.0,3.0,7,3,6,5,7,1,6,4,5,2,1,1,0,1,1,0,0,0,0,1,0,0,1,1,1,1,4,3,1,2,27,1,1,1,70,1,1,2
12003,4.0,4.0,3.0,3.0,4.0,1.0,1.0,4.0,2.0,2.0,1.0,4.0,3.0,4.0,5.0,2.0,1.0,4.0,4.0,5.0,7,6,4,5,5,1,5,4,3,5,1,1,1,1,1,0,0,1,1,1,0,1,1,1,1,1,3,2,1,1,31,1,6,1,60,1,2,1
12004,2.0,2.0,4.0,3.0,5.0,2.0,2.0,2.0,5.0,2.0,1.0,4.0,2.0,4.0,1.0,1.0,2.0,2.0,4.0,4.0,7,6,6,5,7,1,7,7,6,1,1,0,0,1,1,0,0,0,0,1,0,0,0,0,1,1,2,3,2,2,21,1,8,1,10,1,1,3
12005,4.0,1.0,2.0,4.0,3.0,1.0,2.0,2.0,4.0,3.0,2.0,2.0,1.0,3.0,3.0,1.0,2.0,4.0,5.0,1.0,3,5,6,6,5,7,7,1,5,2,1,1,0,1,1,1,0,1,0,1,0,1,1,1,1,1,3,2,2,1,21,1,2,2,60,1,1,3
12006,4.0,4.0,4.0,4.0,4.0,1.0,1.0,4.0,3.0,2.0,2.0,4.0,3.0,3.0,4.0,5.0,1.0,5.0,5.0,3.0,7,3,5,2,6,5,6,5,7,5,1,1,0,1,1,0,0,0,0,1,0,0,1,1,1,1,3,1,1,1,30,1,6,1,60,1,1,2
12007,4.0,4.0,4.0,1.0,4.0,1.0,1.0,5.0,2.0,2.0,2.0,3.0,3.0,1.0,4.0,1.0,2.0,4.0,5.0,5.0,5,7,7,4,6,4,1,2,3,2,0,1,0,1,1,0,0,0,0,1,0,0,1,1,1,1,4,2,2,1,26,1,7,2,60,1,1,3
12008,2.0,4.0,3.0,2.0,2.0,3.0,2.0,2.0,4.0,3.0,2.0,1.0,2.0,1.0,2.0,2.0,2.0,2.0,2.0,1.0,3,4,1,7,6,5,7,7,2,2,1,1,0,1,1,0,0,1,0,1,0,0,0,1,1,1,3,2,2,1,27,1,2,1,60,1,1,3
12009,4.0,4.0,3.0,3.0,3.0,2.0,2.0,2.0,5.0,5.0,1.0,2.0,3.0,2.0,3.0,4.0,2.0,4.0,4.0,5.0,5,2,6,2,7,5,7,3,5,1,1,1,0,1,1,0,0,1,0,1,0,0,0,1,1,1,2,2,2,1,21,1,12,1,60,1,1,3
12010,5.0,3.0,2.0,2.0,4.0,1.0,2.0,4.0,3.0,2.0,1.0,5.0,5.0,1.0,3.0,2.0,1.0,4.0,4.0,1.0,3,6,6,3,6,6,4,3,5,1,1,1,1,1,1,0,0,0,0,1,0,0,1,1,1,1,2,1,1,1,43,1,1,1,60,1,3,2
12011,1.0,5.0,1.0,1.0,5.0,1.0,1.0,4.0,1.0,4.0,1.0,5.0,3.0,1.0,5.0,1.0,3.0,5.0,5.0,2.0,2,4,2,7,3,5,4,6,3,1,1,1,1,1,1,0,0,0,0,1,0,0,1,1,1,1,3,3,2,2,30,1,2,1,10,2,1,1
12012,1.0,1.0,3.0,2.0,4.0,5.0,5.0,4.0,5.0,5.0,1.0,5.0,1.0,1.0,1.0,1.0,1.0,4.0,3.0,1.0,7,7,7,7,5,5,6,2,5,3,1,1,0,1,1,0,0,0,0,1,0,0,0,1,1,1,3,2,2,1,42,1,4,1,60,1,2,3
12013,3.0,2.0,1.0,2.0,4.0,1.0,2.0,1.0,5.0,2.0,1.0,4.0,3.0,1.0,1.0,4.0,2.0,1.0,5.0,3.0,3,5,2,5,7,5,6,4,5,1,1,1,0,1,1,0,1,1,0,1,1,0,1,1,1,1,4,3,1,2,65,1,4,1,60,2,2,1
12014,4.0,5.0,1.0,3.0,5.0,1.0,1.0,5.0,3.0,1.0,2.0,5.0,5.0,1.0,5.0,4.0,1.0,5.0,5.0,1.0,6,5,7,1,7,2,2,1,7,2,1,1,1,1,1,0,1,0,0,1,0,0,1,1,1,1,2,2,1,1,18,1,1,1,60,2,1,3
12015,1.0,3.0,5.0,4.0,1.0,4.0,2.0,5.0,5.0,1.0,1.0,2.0,2.0,1.0,4.0,4.0,2.0,1.0,5.0,2.0,3,1,6,1,6,6,7,1,7,4,1,1,0,1,1,0,0,0,0,1,0,1,1,1,1,1,2,3,2,1,19,1,4,2,10,2,1,3
12016,5.0,5.0,5.0,2.0,5.0,5.0,1.0,2.0,5.0,1.0,1.0,5.0,5.0,1.0,4.0,2.0,1.0,2.0,5.0,1.0,1,1,7,6,6,5,5,1,2,1,1,1,1,1,1,0,1,1,0,1,1,0,1,1,1,1,4,1,2,1,48,3,7,1,60,2,2,3
12017,3.0,4.0,5.0,1.0,5.0,2.0,3.0,4.0,4.0,4.0,2.0,5.0,2.0,1.0,4.0,1.0,2.0,4.0,5.0,1.0,5,1,6,1,6,2,7,4,4,3,1,1,0,1,1,0,0,0,0,1,0,0,1,1,1,1,3,3,2,1,22,1,4,1,30,1,1,2
12018,5.0,4.0,5.0,4.0,3.0,1.0,3.0,4.0,1.0,3.0,1.0,1.0,1.0,5.0,3.0,5.0,4.0,3.0,3.0,1.0,0,0,0,0,7,0,0,0,0,0,0,1,1,0,0,0,0,0,0,0,0,0,0,0,0,1,3,3,2,1,19,1,10,5,70,2,1,0
12019,4.0,4.0,1.0,4.0,5.0,1.0,1.0,3.0,5.0,4.0,1.0,5.0,4.0,4.0,1.0,5.0,5.0,5.0,5.0,1.0,1,7,2,6,7,7,5,2,3,1,1,1,0,1,1,1,0,0,0,1,0,0,1,1,1,1,3,2,1,1,48,1,4,1,60,2,2,2
12020,1.0,1.0,5.0,2.0,1.0,4.0,2.0,1.0,5.0,5.0,1.0,4.0,1.0,4.0,3.0,2.0,4.0,3.0,5.0,1.0,6,5,2,6,5,5,5,6,2,2,1,1,1,1,1,0,1,0,0,1,1,0,1,1,1,1,3,2,1,1,66,1,3,1,60,2,2,2
12021,1.0,4.0,1.0,4.0,1.0,1.0,1.0,4.0,5.0,1.0,1.0,5.0,3.0,1.0,3.0,1.0,1.0,4.0,5.0,4.0,5,6,5,2,6,1,3,5,3,3,1,1,1,1,1,0,1,0,0,1,1,0,1,1,1,1,3,2,2,1,43,1,2,1,60,1,2,3
12022,2.0,5.0,4.0,1.0,4.0,2.0,1.0,5.0,5.0,5.0,1.0,2.0,1.0,1.0,3.0,3.0,4.0,2.0,3.0,5.0,3,2,5,1,3,5,6,2,6,6,1,1,0,1,1,0,0,1,0,1,0,0,1,0,1,1,2,3,1,2,22,1,4,1,60,1,1,3
12023,1.0,1.0,1.0,1.0,4.0,5.0,5.0,1.0,5.0,5.0,1.0,2.0,4.0,1.0,4.0,1.0,5.0,4.0,5.0,3.0,4,5,3,5,7,6,6,7,6,1,1,1,1,1,1,0,0,0,0,1,1,0,1,1,1,1,4,3,1,2,35,2,12,1,70,1,1,2
12024,1.0,1.0,1.0,1.0,5.0,5.0,3.0,1.0,5.0,5.0,1.0,5.0,1.0,1.0,1.0,5.0,1.0,5.0,5.0,1.0,4,3,6,2,6,5,7,4,5,4,1,1,0,1,1,0,0,0,0,1,0,0,0,1,1,1,4,2,2,1,42,2,4,1,40,2,1,3
12025,1.0,2.0,4.0,3.0,5.0,4.0,2.0,2.0,5.0,4.0,2.0,5.0,1.0,1.0,1.0,4.0,2.0,2.0,5.0,2.0,2,5,5,2,2,7,5,2,6,6,1,1,1,1,1,0,1,0,0,1,1,0,1,1,1,1,3,3,2,1,48,1,1,1,60,2,3,2
12026,5.0,4.0,3.0,2.0,4.0,2.0,1.0,2.0,4.0,4.0,2.0,5.0,5.0,2.0,5.0,2.0,1.0,5.0,4.0,4.0,6,3,5,6,6,1,5,1,3,3,1,1,1,1,1,0,1,1,0,1,1,0,1,1,1,1,4,2,1,1,51,1,1,1,60,2,2,3
12027,1.0,2.0,3.0,4.0,2.0,2.0,2.0,4.0,5.0,5.0,2.0,4.0,4.0,2.0,4.0,4.0,2.0,1.0,5.0,1.0,6,3,6,7,7,5,6,1,1,1,0,0,0,0,0,0,0,0,0,1,0,0,0,0,0,1,4,2,1,1,46,1,4,1,70,1,2,4
12028,3.0,2.0,4.0,3.0,3.0,2.0,3.0,4.0,4.0,2.0,1.0,2.0,4.0,2.0,4.0,1.0,4.0,4.0,5.0,3.0,3,5,6,1,7,6,3,3,7,2,1,1,0,1,1,0,1,1,0,1,1,0,1,1,1,1,3,1,1,2,50,1,4,1,60,2,3,2
12029,1.0,4.0,2.0,5.0,5.0,1.0,1.0,1.0,3.0,5.0,1.0,3.0,1.0,2.0,4.0,1.0,1.0,1.0,5.0,1.0,6,1,5,7,5,1,7,1,3,3,1,1,0,1,1,1,0,0,0,0,0,0,1,1,1,1,2,3,2,1,23,1,2,1,60,2,1,3
12030,1.0,3.0,2.0,3.0,5.0,4.0,5.0,5.0,5.0,4.0,1.0,5.0,1.0,4.0,3.0,1.0,1.0,3.0,5.0,5.0,5,6,6,5,6,5,6,3,2,1,1,1,1,1,1,0,0,1,0,1,1,0,0,0,0,0,2,2,2,1,27,1,12,5,60,1,1,1
12031,4.0,5.0,4.0,3.0,5.0,4.0,1.0,1.0,5.0,5.0,1.0,5.0,5.0,3.0,4.0,1.0,1.0,4.0,5.0,4.0,1,7,2,6,4,6,4,6,2,2,1,1,0,1,1,0,0,0,0,1,0,0,1,1,1,1,2,3,1,2,43,1,1,1,60,2,3,2
12032,5.0,5.0,5.0,2.0,3.0,3.0,4.0,5.0,3.0,3.0,3.0,3.0,5.0,2.0,3.0,4.0,4.0,2.0,5.0,3.0,4,6,6,4,4,6,4,3,4,1,1,0,0,1,0,0,0,0,0,1,0,1,1,0,1,1,2,3,1,2,20,3,1,1,70,2,1,4
12033,3.0,4.0,4.0,5.0,3.0,1.0,2.0,2.0,2.0,3.0,3.0,1.0,4.0,4.0,4.0,1.0,1.0,2.0,5.0,3.0,5,1,6,1,7,3,6,2,7,2,1,1,1,1,1,0,1,1,0,1,1,0,1,1,1,1,3,2,1,1,74,1,6,1,60,2,2,2
12034,4.0,4.0,4.0,1.0,4.0,2.0,2.0,5.0,3.0,2.0,1.0,5.0,3.0,2.0,4.0,1.0,1.0,4.0,5.0,1.0,1,6,3,6,6,7,6,5,7,3,1,1,0,1,1,0,0,0,0,1,0,0,1,1,1,1,2,1,1,1,18,1,7,1,60,2,1,7
12035,5.0,2.0,2.0,1.0,3.0,1.0,2.0,4.0,3.0,2.0,1.0,5.0,5.0,2.0,2.0,1.0,2.0,4.0,3.0,3.0,2,6,5,5,6,6,7,5,2,1,1,1,0,1,1,0,0,0,0,1,0,0,1,1,1,1,2,2,1,2,18,1,8,1,70,2,1,1
12036,4.0,4.0,3.0,1.0,4.0,1.0,4.0,3.0,1.0,2.0,1.0,5.0,4.0,1.0,3.0,2.0,5.0,2.0,5.0,1.0,4,3,5,6,7,6,6,6,4,3,1,1,0,1,1,0,0,0,0,1,0,0,0,1,1,1,3,2,1,2,19,1,8,1,70,2,1,4
12037,2.0,2.0,5.0,1.0,4.0,5.0,2.0,5.0,5.0,5.0,1.0,2.0,1.0,1.0,3.0,1.0,4.0,3.0,5.0,1.0,6,5,3,6,6,7,7,3,4,6,1,1,0,1,1,0,0,0,0,1,0,0,1,1,1,1,3,1,1,1,23,1,2,1,60,1,1,2
12038,3.0,2.0,2.0,4.0,2.0,1.0,1.0,2.0,4.0,4.0,4.0,3.0,1.0,4.0,3.0,4.0,3.0,4.0,5.0,1.0,1,5,2,6,3,6,3,6,2,1,1,1,1,1,1,0,0,1,0,1,0,0,1,1,1,1,3,2,1,1,26,1,1,1,60,2,1,1
12039,2.0,4.0,3.0,4.0,3.0,4.0,2.0,3.0,4.0,3.0,3.0,4.0,3.0,3.0,3.0,2.0,4.0,4.0,5.0,1.0,2,1,5,4,5,5,5,6,5,2,1,1,1,1,1,0,1,1,0,1,1,0,1,1,1,1,4,2,1,1,64,1,1,1,0,1,1,3
12040,4.0,3.0,4.0,4.0,1.0,4.0,1.0,4.0,5.0,5.0,4.0,4.0,4.0,1.0,2.0,4.0,2.0,4.0,5.0,1.0,5,2,7,1,7,5,7,1,7,1,1,1,1,1,1,0,1,0,0,1,1,0,1,1,1,1,3,2,1,1,69,2,1,1,60,2,2,2
12041,4.0,4.0,2.0,1.0,4.0,2.0,2.0,5.0,1.0,4.0,1.0,4.0,3.0,1.0,4.0,1.0,3.0,4.0,5.0,5.0,2,6,5,5,4,5,2,2,3,4,1,1,0,1,1,0,1,0,0,1,0,0,1,1,1,1,4,3,1,2,32,1,4,2,60,2,1,0
12042,2.0,2.0,2.0,5.0,1.0,2.0,1.0,1.0,4.0,2.0,3.0,4.0,1.0,1.0,2.0,1.0,1.0,4.0,4.0,3.0,7,5,3,3,7,1,6,5,7,1,1,1,0,1,1,0,0,1,0,1,0,1,1,1,1,1,4,3,1,2,28,1,2,1,60,1,1,2
12043,3.0,4.0,5.0,2.0,3.0,3.0,3.0,5.0,3.0,3.0,1.0,4.0,2.0,1.0,2.0,2.0,5.0,5.0,1.0,3.0,2,4,6,6,2,7,6,1,3,1,1,1,0,1,1,0,0,1,0,1,0,0,0,0,1,1,2,3,2,2,22,1,0,2,70,2,1,3
12044,5.0,5.0,1.0,2.0,5.0,1.0,1.0,4.0,1.0,2.0,3.0,5.0,5.0,1.0,5.0,1.0,1.0,5.0,5.0,5.0,2,2,6,2,3,5,1,1,7,4,1,1,1,1,1,0,1,1,0,1,1,1,1,1,1,1,4,3,1,2,30,1,1,1,10,2,3,2
12045,1.0,2.0,3.0,2.0,5.0,5.0,4.0,2.0,5.0,4.0,2.0,2.0,4.0,3.0,5.0,2.0,4.0,2.0,5.0,1.0,4,5,5,7,7,3,4,5,2,2,1,1,0,1,1,0,1,0,0,1,0,0,1,1,1,1,4,2,2,1,32,1,9,1,60,1,2,2
12046,4.0,4.0,2.0,1.0,4.0,2.0,2.0,4.0,3.0,2.0,1.0,4.0,4.0,1.0,4.0,2.0,2.0,4.0,5.0,1.0,2,5,5,7,5,7,6,5,1,3,1,1,0,1,1,0,0,1,0,1,0,0,1,1,1,1,3,3,2,1,22,1,2,1,60,1,1,3
12047,1.0,4.0,2.0,5.0,1.0,4.0,2.0,1.0,5.0,4.0,3.0,1.0,1.0,1.0,3.0,5.0,1.0,4.0,5.0,2.0,5,5,7,1,7,3,7,1,7,1,1,1,0,1,1,0,1,0,0,1,0,0,1,1,1,1,4,1,1,2,29,1,1,1,60,1,2,1
12048,3.0,2.0,3.0,3.0,3.0,2.0,2.0,3.0,4.0,5.0,2.0,4.0,3.0,3.0,3.0,3.0,3.0,3.0,5.0,3.0,2,4,6,5,5,6,5,2,4,6,1,1,1,1,1,0,0,0,1,1,0,1,0,1,1,1,3,2,2,2,22,1,1,1,10,1,1,3
12049,4.0,2.0,2.0,4.0,2.0,2.0,2.0,5.0,4.0,2.0,4.0,5.0,2.0,2.0,2.0,2.0,5.0,2.0,2.0,1.0,6,4,6,2,7,3,5,2,7,3,1,1,0,1,1,0,1,0,0,1,0,0,1,1,1,1,4,2,1,1,66,1,1,1,60,1,2,3
12050,5.0,5.0,1.0,4.0,5.0,1.0,1.0,4.0,5.0,2.0,1.0,5.0,4.0,1.0,4.0,1.0,5.0,5.0,5.0,1.0,4,5,5,1,6,2,2,5,7,5,1,1,0,1,1,0,0,0,1,1,0,0,0,0,0,0,4,2,1,1,20,1,2,1,60,2,1,3
12051,5.0,4.0,1.0,3.0,4.0,2.0,1.0,1.0,3.0,1.0,2.0,2.0,2.0,2.0,4.0,3.0,1.0,5.0,3.0,1.0,1,4,5,1,7,7,5,3,7,2,1,1,1,1,1,0,0,0,0,1,0,0,1,1,1,1,2,1,1,1,43,1,6,1,60,1,2,2
12052,5.0,5.0,2.0,5.0,5.0,1.0,1.0,2.0,5.0,1.0,1.0,5.0,2.0,1.0,5.0,1.0,4.0,2.0,5.0,1.0,1,7,7,1,6,5,6,2,5,1,1,1,1,1,1,0,0,1,0,1,1,0,1,1,1,1,3,1,1,1,23,1,1,2,60,1,1,3
12053,2.0,4.0,3.0,3.0,1.0,1.0,1.0,1.0,3.0,1.0,1.0,4.0,1.0,3.0,4.0,1.0,1.0,5.0,4.0,3.0,6,3,6,2,7,5,6,5,6,2,1,1,1,1,1,0,1,1,0,1,1,0,1,1,1,1,3,3,1,1,38,1,6,1,70,2,2,2
12054,2.0,4.0,1.0,3.0,4.0,1.0,1.0,4.0,1.0,3.0,2.0,3.0,2.0,1.0,4.0,1.0,1.0,5.0,5.0,2.0,3,5,6,6,7,3,6,5,3,2,1,1,0,1,1,0,1,1,0,1,0,0,1,1,1,1,4,2,1,2,56,1,12,1,60,1,2,2
12055,1.0,1.0,5.0,5.0,1.0,3.0,3.0,1.0,5.0,5.0,4.0,1.0,1.0,4.0,2.0,5.0,1.0,4.0,4.0,1.0,7,5,6,3,7,1,7,1,4,2,1,1,0,1,1,0,0,1,0,1,1,0,0,1,0,1,3,3,2,2,29,1,4,1,60,2,1,3
12056,5.0,4.0,1.0,1.0,4.0,2.0,1.0,4.0,3.0,2.0,1.0,5.0,1.0,1.0,4.0,1.0,1.0,2.0,5.0,2.0,3,7,7,5,7,7,2,1,6,1,1,1,1,1,1,1,0,0,0,1,0,0,1,1,1,1,3,2,1,1,24,1,2,1,10,1,1,3
12057,1.0,1.0,5.0,4.0,2.0,4.0,5.0,2.0,5.0,5.0,3.0,3.0,1.0,2.0,4.0,2.0,2.0,1.0,2.0,2.0,4,5,3,5,6,6,4,5,3,6,1,1,1,1,1,0,1,0,0,1,0,0,1,1,1,1,4,1,1,1,44,1,6,1,60,1,2,4
12058,5.0,3.0,2.0,1.0,3.0,4.0,1.0,3.0,4.0,2.0,1.0,2.0,4.0,1.0,4.0,5.0,1.0,4.0,4.0,2.0,4,1,7,1,7,5,6,1,7,1,1,1,1,1,1,0,1,1,0,1,1,0,1,1,1,1,3,2,1,1,52,1,12,3,60,2,2,4
12059,5.0,5.0,1.0,4.0,4.0,2.0,3.0,5.0,5.0,5.0,1.0,5.0,2.0,1.0,1.0,4.0,1.0,1.0,4.0,3.0,7,1,7,1,7,5,5,1,7,1,1,1,0,1,1,0,0,0,0,1,0,0,1,1,1,1,4,1,1,2,29,1,2,1,70,2,1,1
12060,5.0,5.0,5.0,1.0,4.0,5.0,1.0,5.0,5.0,5.0,1.0,5.0,5.0,1.0,5.0,5.0,2.0,5.0,1.0,5.0,7,7,7,2,7,7,4,1,4,4,0,0,0,0,0,0,1,0,0,0,0,0,0,0,0,1,3,1,1,2,22,1,10,5,70,2,1,2
12061,2.0,4.0,5.0,5.0,4.0,2.0,4.0,2.0,5.0,5.0,3.0,4.0,2.0,2.0,5.0,2.0,2.0,4.0,5.0,4.0,1,5,1,6,2,6,7,1,2,4,1,1,1,1,1,0,1,0,0,1,1,0,1,1,1,1,2,1,1,1,47,1,2,1,60,2,1,2
12062,4.0,4.0,5.0,4.0,4.0,4.0,2.0,4.0,5.0,3.0,2.0,4.0,1.0,2.0,3.0,5.0,1.0,4.0,5.0,1.0,5,5,6,5,5,7,6,1,5,1,1,1,0,1,1,0,0,1,0,1,0,0,0,0,1,1,2,3,2,2,21,1,12,1,60,2,1,2
12063,5.0,5.0,2.0,1.0,4.0,2.0,1.0,5.0,4.0,4.0,1.0,5.0,5.0,2.0,2.0,1.0,5.0,5.0,5.0,5.0,1,6,3,7,7,6,5,5,3,1,1,1,1,1,1,0,1,0,0,1,0,0,1,1,1,1,3,1,2,1,43,1,6,1,30,2,3,3
12064,5.0,5.0,5.0,5.0,5.0,5.0,5.0,1.0,5.0,5.0,1.0,5.0,1.0,1.0,5.0,5.0,1.0,5.0,1.0,1.0,7,1,7,1,7,1,7,7,1,1,1,1,0,1,1,0,0,0,0,1,0,0,1,1,1,1,4,3,1,2,32,1,7,1,10,2,1,1
12065,1.0,2.0,4.0,5.0,1.0,2.0,4.0,4.0,5.0,4.0,1.0,4.0,4.0,2.0,2.0,5.0,2.0,1.0,5.0,1.0,7,3,5,7,6,3,7,3,3,2,1,1,1,1,1,1,1,1,1,1,0,1,1,1,1,1,3,2,2,1,31,1,2,1,60,1,1,1
12066,5.0,3.0,5.0,1.0,5.0,2.0,5.0,5.0,5.0,4.0,1.0,5.0,4.0,1.0,1.0,3.0,3.0,3.0,4.0,5.0,2,6,5,4,7,7,7,1,7,1,1,1,0,1,1,0,0,0,0,1,0,0,1,0,1,1,3,3,2,1,22,1,10,1,10,1,1,3
12067,4.0,4.0,4.0,1.0,5.0,2.0,1.0,4.0,5.0,1.0,1.0,5.0,5.0,1.0,3.0,2.0,1.0,5.0,2.0,1.0,1,1,5,2,7,5,5,5,6,1,1,1,0,1,1,1,0,0,0,1,0,0,1,1,1,1,3,2,1,1,29,1,4,1,60,2,1,2
12068,4.0,3.0,5.0,3.0,4.0,4.0,5.0,3.0,5.0,3.0,2.0,5.0,5.0,2.0,3.0,4.0,2.0,4.0,1.0,2.0,5,6,7,3,7,4,3,2,7,1,1,1,1,1,1,0,0,1,0,1,1,0,1,1,1,1,3,2,2,1,46,1,12,1,10,1,1,2
12069,1.0,1.0,5.0,5.0,1.0,4.0,4.0,1.0,5.0,5.0,2.0,1.0,1.0,5.0,1.0,5.0,2.0,1.0,1.0,1.0,5,2,5,6,7,6,5,1,6,1,1,1,0,1,1,0,0,1,0,1,0,0,0,1,1,1,4,3,2,1,46,2,7,1,30,1,2,3
12070,5.0,5.0,2.0,1.0,5.0,1.0,2.0,5.0,1.0,1.0,2.0,4.0,5.0,1.0,4.0,4.0,1.0,5.0,5.0,1.0,7,4,6,2,6,1,6,2,6,3,1,1,0,1,1,1,0,0,0,1,0,0,1,1,1,1,3,3,2,1,29,1,7,1,30,1,1,3
12071,2.0,4.0,1.0,4.0,1.0,2.0,1.0,3.0,3.0,4.0,1.0,1.0,2.0,3.0,5.0,2.0,3.0,4.0,5.0,2.0,7,3,7,1,7,1,7,1,6,2,1,1,1,1,1,1,1,0,0,1,0,0,1,1,1,1,3,2,2,1,25,1,7,1,60,1,1,2
12072,2.0,2.0,1.0,4.0,4.0,1.0,4.0,4.0,5.0,5.0,2.0,2.0,3.0,2.0,1.0,2.0,3.0,4.0,5.0,3.0,7,5,6,5,6,1,7,5,6,3,1,1,0,1,1,0,0,0,0,1,0,0,0,1,1,1,3,2,2,1,28,1,7,1,60,2,1,2
12073,2.0,1.0,2.0,4.0,2.0,1.0,1.0,2.0,4.0,4.0,1.0,5.0,4.0,1.0,4.0,2.0,1.0,5.0,5.0,2.0,5,5,6,3,6,3,5,3,5,5,1,1,0,1,1,0,0,1,0,1,0,0,1,1,1,1,3,1,1,1,30,1,1,1,60,1,2,4
12074,5.0,5.0,1.0,2.0,5.0,1.0,1.0,1.0,5.0,4.0,1.0,5.0,5.0,1.0,2.0,3.0,1.0,5.0,5.0,3.0,1,7,7,1,5,5,2,1,6,1,1,1,0,1,1,0,0,0,0,1,0,0,1,1,1,1,4,2,1,2,34,1,2,1,20,2,1,2
12075,3.0,5.0,4.0,1.0,5.0,1.0,4.0,4.0,5.0,2.0,4.0,5.0,5.0,2.0,5.0,2.0,1.0,1.0,3.0,5.0,6,2,6,1,6,5,5,1,7,4,1,1,0,1,1,0,0,0,0,1,0,0,1,1,1,1,2,2,1,1,48,1,7,1,60,1,2,2
12076,4.0,5.0,2.0,1.0,5.0,2.0,1.0,4.0,1.0,2.0,2.0,5.0,4.0,1.0,5.0,2.0,1.0,5.0,4.0,1.0,7,6,3,5,7,3,5,6,2,1,1,1,0,1,1,0,0,1,0,1,1,0,1,1,1,1,3,1,2,2,20,1,2,1,60,1,1,3
12077,2.0,2.0,2.0,4.0,2.0,4.0,1.0,2.0,5.0,4.0,1.0,2.0,2.0,3.0,4.0,2.0,1.0,2.0,4.0,1.0,3,6,6,2,5,5,2,5,6,3,1,1,0,1,1,0,0,0,0,1,0,0,1,1,1,1,4,2,1,1,27,1,2,1,60,1,1,2
12078,4.0,2.0,5.0,3.0,3.0,4.0,2.0,4.0,5.0,3.0,1.0,3.0,4.0,2.0,4.0,5.0,2.0,4.0,4.0,1.0,6,1,5,5,7,5,7,1,4,2,1,1,0,1,1,0,0,1,0,1,0,0,1,1,1,1,2,3,1,1,20,1,12,1,30,2,1,0
12079,2.0,4.0,4.0,4.0,2.0,5.0,2.0,1.0,4.0,4.0,2.0,4.0,1.0,1.0,4.0,4.0,4.0,4.0,4.0,4.0,2,1,4,1,7,5,6,3,7,5,1,1,1,1,1,0,1,1,0,1,1,0,1,1,1,1,2,3,1,2,47,1,4,1,60,1,2,2
12080,5.0,5.0,4.0,4.0,4.0,3.0,2.0,5.0,4.0,2.0,2.0,5.0,3.0,1.0,4.0,5.0,2.0,5.0,1.0,2.0,5,7,6,3,3,5,5,5,1,3,1,1,0,1,1,0,0,0,0,0,0,0,0,1,1,1,4,2,1,2,23,2,4,2,70,2,1,3
12081,1.0,4.0,5.0,2.0,4.0,4.0,2.0,4.0,4.0,2.0,1.0,4.0,4.0,4.0,4.0,4.0,4.0,5.0,5.0,1.0,3,5,6,6,6,6,5,7,2,2,1,1,1,1,1,0,1,0,0,1,0,1,1,1,1,1,3,2,1,1,23,1,1,2,60,1,1,1
12082,1.0,1.0,2.0,4.0,4.0,4.0,2.0,1.0,5.0,5.0,2.0,1.0,3.0,2.0,4.0,5.0,3.0,1.0,4.0,1.0,6,3,6,1,6,5,6,2,6,5,1,1,0,1,1,0,0,0,0,1,0,0,1,1,1,1,3,2,1,1,22,1,12,1,60,1,1,2
12083,3.0,5.0,2.0,1.0,5.0,1.0,1.0,5.0,2.0,2.0,2.0,5.0,2.0,3.0,5.0,1.0,3.0,4.0,5.0,4.0,1,6,2,7,1,6,2,4,3,5,1,1,0,1,1,0,0,0,0,1,0,0,1,1,1,1,3,1,1,2,22,2,10,3,20,2,1,6
12084,4.0,4.0,4.0,3.0,2.0,3.0,3.0,4.0,5.0,2.0,2.0,4.0,4.0,3.0,5.0,1.0,1.0,2.0,4.0,2.0,5,5,6,2,4,3,4,5,6,3,1,1,0,1,1,0,0,1,0,1,0,0,1,1,1,1,3,2,1,1,25,1,1,1,60,1,1,2
12085,2.0,5.0,1.0,2.0,3.0,2.0,4.0,3.0,4.0,4.0,1.0,2.0,4.0,1.0,3.0,4.0,2.0,4.0,5.0,2.0,6,5,7,3,3,1,3,1,6,4,1,1,0,1,1,0,0,0,0,1,0,0,1,1,1,1,3,3,2,2,26,2,2,1,60,2,1,1
12086,4.0,1.0,5.0,2.0,3.0,1.0,1.0,1.0,2.0,4.0,2.0,5.0,4.0,1.0,5.0,1.0,4.0,5.0,5.0,4.0,6,7,7,6,3,4,6,7,7,1,1,1,1,1,1,0,0,0,0,1,0,0,0,1,1,1,3,3,1,2,26,1,2,1,70,2,1,2
12087,1.0,1.0,4.0,4.0,4.0,2.0,2.0,2.0,5.0,2.0,2.0,2.0,4.0,3.0,4.0,4.0,2.0,4.0,5.0,1.0,3,2,6,5,6,5,6,2,3,3,1,1,0,1,1,0,1,1,0,1,0,0,1,1,1,1,3,1,1,2,23,1,6,1,60,2,1,2
12088,5.0,3.0,2.0,1.0,4.0,4.0,3.0,2.0,5.0,1.0,1.0,5.0,3.0,1.0,1.0,1.0,2.0,4.0,4.0,1.0,1,4,4,5,5,7,2,5,2,4,1,1,1,1,1,0,0,0,0,1,0,0,1,1,1,1,2,3,1,2,20,1,1,1,70,2,1,1
12089,5.0,4.0,2.0,1.0,4.0,2.0,1.0,4.0,1.0,4.0,2.0,5.0,5.0,1.0,4.0,1.0,2.0,5.0,5.0,3.0,2,7,7,1,6,6,2,5,7,1,1,1,0,1,1,0,0,0,0,1,0,0,1,1,1,1,3,2,1,2,39,1,2,1,70,2,3,4
12090,4.0,2.0,3.0,4.0,4.0,4.0,1.0,3.0,5.0,5.0,2.0,4.0,2.0,2.0,5.0,1.0,3.0,4.0,5.0,4.0,5,6,6,1,5,6,6,1,4,1,1,1,0,1,1,0,0,1,0,1,1,0,1,1,1,1,2,2,1,2,20,1,2,1,60,1,1,4
12091,5.0,5.0,1.0,1.0,5.0,1.0,1.0,5.0,1.0,1.0,1.0,5.0,5.0,1.0,5.0,1.0,1.0,5.0,5.0,4.0,6,3,6,1,4,5,2,6,6,1,1,1,1,1,1,0,0,0,0,1,0,0,0,1,1,1,3,3,1,1,29,1,2,1,60,1,1,4
12092,4.0,4.0,2.0,4.0,4.0,2.0,2.0,4.0,2.0,2.0,1.0,4.0,2.0,2.0,5.0,2.0,3.0,4.0,5.0,1.0,5,6,5,5,6,4,5,2,3,3,1,1,1,1,1,0,1,1,0,1,1,0,1,1,1,1,4,3,1,1,26,1,2,1,70,1,1,3
12093,4.0,4.0,2.0,1.0,5.0,1.0,2.0,4.0,2.0,2.0,1.0,5.0,5.0,1.0,4.0,2.0,2.0,5.0,5.0,2.0,1,7,6,1,6,5,2,5,7,1,0,0,0,0,0,0,0,0,0,0,0,0,0,0,0,0,3,2,1,1,18,3,1,1,60,2,1,4
12094,5.0,2.0,1.0,2.0,4.0,1.0,1.0,2.0,2.0,1.0,1.0,5.0,5.0,1.0,2.0,1.0,5.0,5.0,5.0,1.0,1,5,6,6,6,6,7,2,3,6,1,1,0,1,1,0,0,0,0,1,0,0,1,1,1,1,3,2,2,1,29,1,9,1,60,1,2,4
12095,1.0,5.0,3.0,1.0,4.0,1.0,1.0,2.0,5.0,4.0,1.0,5.0,5.0,2.0,3.0,5.0,1.0,4.0,5.0,4.0,5,6,6,4,7,7,6,2,5,1,1,0,0,1,1,0,0,0,0,0,0,0,1,1,1,1,2,3,2,2,37,1,1,4,60,1,1,4
12096,5.0,4.0,3.0,3.0,4.0,3.0,4.0,2.0,4.0,5.0,1.0,3.0,2.0,4.0,3.0,2.0,2.0,1.0,5.0,1.0,6,2,6,2,6,4,6,1,6,1,1,1,1,1,1,0,1,1,0,1,1,1,1,1,1,1,4,3,2,1,34,1,1,1,60,1,2,4
12097,5.0,4.0,2.0,1.0,5.0,1.0,1.0,4.0,2.0,2.0,3.0,5.0,4.0,1.0,3.0,2.0,1.0,4.0,5.0,1.0,6,4,7,2,6,1,2,2,7,5,1,1,1,1,1,0,0,0,0,1,0,1,1,1,1,1,3,2,2,1,19,1,4,1,60,1,1,2
12098,1.0,2.0,5.0,4.0,1.0,2.0,1.0,1.0,5.0,5.0,1.0,1.0,1.0,4.0,1.0,1.0,5.0,2.0,3.0,1.0,6,2,6,5,7,5,7,2,6,1,1,0,1,1,1,0,0,0,0,1,0,0,0,0,0,1,2,2,2,1,20,1,6,1,60,2,1,2
12099,4.0,5.0,1.0,1.0,4.0,1.0,4.0,4.0,2.0,4.0,3.0,5.0,4.0,2.0,4.0,1.0,1.0,4.0,4.0,5.0,6,6,5,2,5,1,6,5,3,1,1,1,1,1,1,0,1,1,0,1,0,0,1,1,1,1,3,2,1,1,47,1,2,1,60,1,3,1
12100,1.0,1.0,3.0,3.0,4.0,3.0,2.0,2.0,4.0,5.0,1.0,1.0,2.0,1.0,1.0,1.0,4.0,4.0,5.0,1.0,5,5,5,5,7,3,6,5,2,3,1,1,0,1,1,0,0,0,0,1,0,0,1,1,1,1,3,3,1,1,21,2,1,1,60,2,1,3
12101,5.0,5.0,2.0,1.0,2.0,4.0,1.0,1.0,5.0,1.0,1.0,2.0,4.0,1.0,3.0,2.0,1.0,5.0,5.0,1.0,2,5,5,6,7,5,5,7,3,1,1,1,1,1,1,1,0,1,0,1,1,0,1,1,1,1,4,2,2,1,23,1,1,2,60,1,1,2
12102,1.0,1.0,1.0,4.0,1.0,1.0,1.0,1.0,5.0,5.0,2.0,4.0,1.0,1.0,1.0,2.0,1.0,5.0,5.0,1.0,4,1,7,7,6,7,7,1,7,1,1,1,1,1,1,0,1,1,0,1,1,0,1,1,1,0,4,3,2,1,69,1,9,1,60,1,2,2
12103,3.0,1.0,1.0,5.0,2.0,1.0,1.0,3.0,2.0,5.0,2.0,4.0,1.0,2.0,4.0,5.0,2.0,2.0,5.0,1.0,1,4,6,2,6,4,4,1,6,1,1,1,1,1,1,0,0,0,0,1,0,1,1,1,1,1,3,2,2,1,45,2,2,1,60,1,2,2
12104,4.0,2.0,4.0,4.0,4.0,1.0,2.0,4.0,4.0,4.0,2.0,4.0,4.0,2.0,4.0,4.0,4.0,4.0,5.0,1.0,3,5,2,2,6,7,5,5,5,2,1,0,0,1,1,0,0,0,0,1,0,0,1,1,1,1,3,3,2,1,19,1,2,2,60,1,1,1
12105,2.0,5.0,1.0,5.0,4.0,1.0,2.0,1.0,4.0,5.0,1.0,5.0,1.0,2.0,4.0,1.0,5.0,2.0,5.0,4.0,6,1,7,1,7,5,6,2,7,2,1,1,0,1,1,0,0,1,0,1,1,0,1,1,1,1,4,2,1,2,45,1,12,1,60,1,3,4
12106,1.0,1.0,2.0,2.0,4.0,1.0,2.0,5.0,5.0,4.0,2.0,2.0,2.0,2.0,2.0,2.0,1.0,4.0,5.0,1.0,7,6,7,1,7,1,5,1,5,1,1,1,1,1,1,0,0,0,0,1,0,0,1,1,1,1,3,2,2,1,44,1,6,1,60,2,2,1
12107,4.0,4.0,2.0,2.0,4.0,2.0,1.0,4.0,4.0,2.0,2.0,3.0,4.0,1.0,4.0,2.0,2.0,3.0,5.0,3.0,2,5,6,3,6,5,5,3,5,6,1,1,0,1,1,0,0,1,0,1,0,0,1,1,1,1,3,2,1,1,22,1,1,1,60,1,1,2
12108,1.0,5.0,2.0,1.0,5.0,1.0,2.0,5.0,2.0,5.0,1.0,5.0,5.0,1.0,5.0,1.0,5.0,4.0,1.0,1.0,6,2,5,1,7,1,6,2,6,1,1,1,1,1,1,0,0,0,0,1,0,0,1,1,1,1,2,2,2,1,20,1,6,1,60,2,1,2
12109,5.0,4.0,2.0,3.0,1.0,1.0,3.0,2.0,5.0,2.0,2.0,4.0,1.0,1.0,3.0,1.0,3.0,1.0,5.0,1.0,4,5,3,5,5,2,5,5,5,2,1,1,0,1,1,0,1,0,0,1,0,0,1,1,1,1,3,3,1,1,55,1,4,1,10,2,3,4
12110,2.0,1.0,4.0,4.0,2.0,1.0,1.0,1.0,4.0,4.0,1.0,3.0,1.0,3.0,3.0,2.0,4.0,2.0,5.0,1.0,5,3,7,6,4,5,7,3,5,1,1,1,1,1,1,0,0,0,0,1,1,1,1,1,1,1,3,2,2,1,24,1,4,1,60,1,2,2
12111,2.0,3.0,4.0,4.0,2.0,2.0,2.0,1.0,4.0,4.0,1.0,2.0,2.0,4.0,4.0,2.0,1.0,2.0,2.0,1.0,6,5,5,1,7,2,6,3,6,6,1,1,0,1,1,1,0,0,0,1,0,0,1,1,1,1,4,2,1,1,25,1,7,1,60,1,2,2
12112,2.0,2.0,3.0,4.0,4.0,4.0,1.0,1.0,5.0,5.0,1.0,1.0,1.0,3.0,4.0,2.0,2.0,4.0,5.0,2.0,4,5,5,7,5,4,7,3,2,3,1,1,1,1,1,0,0,0,0,1,0,0,1,1,1,1,2,2,1,1,22,1,1,2,60,2,1,2
12113,4.0,4.0,1.0,4.0,2.0,1.0,2.0,5.0,4.0,2.0,1.0,5.0,2.0,4.0,4.0,2.0,2.0,4.0,4.0,2.0,5,2,6,2,5,6,3,6,3,2,1,1,1,1,1,0,1,1,1,1,0,1,1,1,1,0,1,2,2,1,14,3,4,1,70,2,1,0
12114,2.0,5.0,1.0,4.0,4.0,1.0,1.0,2.0,3.0,2.0,1.0,4.0,4.0,1.0,5.0,3.0,2.0,5.0,5.0,4.0,3,1,6,2,6,3,5,2,7,2,1,1,1,1,1,0,0,0,0,1,0,0,1,1,1,1,2,1,2,1,19,1,1,2,60,1,1,2
12115,5.0,5.0,1.0,1.0,5.0,1.0,1.0,4.0,2.0,2.0,1.0,3.0,5.0,2.0,4.0,2.0,3.0,4.0,5.0,2.0,2,4,6,4,5,7,2,3,1,4,1,0,0,1,1,0,0,1,0,1,0,0,0,0,1,1,2,3,1,2,19,1,1,1,70,2,1,1
12116,5.0,5.0,1.0,1.0,5.0,1.0,1.0,5.0,2.0,1.0,1.0,5.0,5.0,1.0,5.0,1.0,1.0,5.0,5.0,5.0,1,7,6,5,7,6,1,1,7,1,1,1,0,1,1,0,0,0,0,1,0,0,1,1,1,1,3,2,2,1,24,1,4,2,30,1,2,2
12117,1.0,1.0,2.0,5.0,1.0,1.0,1.0,1.0,4.0,4.0,2.0,1.0,4.0,2.0,1.0,2.0,5.0,3.0,5.0,4.0,6,2,6,3,7,1,6,1,6,1,1,1,1,1,1,0,0,0,0,1,0,1,1,1,1,1,3,2,2,1,42,1,12,1,60,1,3,3
12118,1.0,1.0,1.0,5.0,4.0,3.0,1.0,5.0,3.0,5.0,4.0,4.0,5.0,4.0,4.0,5.0,5.0,4.0,5.0,1.0,6,5,0,7,7,3,7,1,7,1,1,1,1,1,1,0,0,1,0,1,0,0,1,1,1,1,4,3,1,2,28,1,4,1,70,2,1,3
12119,4.0,4.0,3.0,4.0,5.0,1.0,2.0,5.0,3.0,3.0,1.0,4.0,4.0,1.0,5.0,5.0,1.0,5.0,5.0,5.0,6,5,4,6,7,5,7,3,3,1,1,1,1,1,1,0,1,1,0,1,1,1,1,1,1,1,4,2,2,1,50,1,12,1,60,2,2,1
12120,4.0,4.0,4.0,2.0,3.0,1.0,2.0,4.0,4.0,2.0,2.0,5.0,4.0,2.0,4.0,1.0,2.0,4.0,5.0,1.0,7,5,5,2,7,1,6,5,5,1,1,1,0,1,1,0,0,1,0,1,0,0,1,1,1,1,4,2,2,1,38,2,6,1,60,1,2,2
12121,1.0,1.0,2.0,2.0,2.0,1.0,1.0,4.0,5.0,4.0,2.0,3.0,2.0,4.0,2.0,2.0,2.0,4.0,5.0,2.0,3,3,5,4,6,5,5,4,5,1,1,1,1,1,1,0,0,0,0,1,1,0,1,1,1,1,3,2,2,1,46,1,7,1,60,2,2,1
12122,1.0,1.0,4.0,4.0,2.0,2.0,2.0,1.0,5.0,5.0,3.0,1.0,1.0,3.0,4.0,5.0,4.0,2.0,1.0,1.0,1,1,7,5,5,6,7,1,5,1,1,1,0,1,1,1,0,0,0,1,0,0,1,1,1,1,3,3,2,1,29,1,10,1,60,2,2,6
12123,5.0,5.0,4.0,4.0,2.0,4.0,4.0,5.0,4.0,2.0,4.0,4.0,4.0,2.0,4.0,4.0,2.0,2.0,2.0,4.0,6,6,7,3,6,3,5,3,6,5,1,0,0,1,1,0,0,0,1,1,0,0,1,0,0,1,3,3,2,2,45,1,12,1,10,1,3,4
12124,3.0,5.0,4.0,4.0,5.0,4.0,5.0,1.0,5.0,1.0,2.0,3.0,5.0,1.0,4.0,5.0,1.0,3.0,5.0,5.0,7,3,6,2,7,1,7,4,6,1,1,1,0,1,1,0,0,0,0,1,0,0,0,1,1,1,3,3,1,2,41,1,12,1,60,1,1,2
12125,5.0,4.0,1.0,1.0,4.0,1.0,1.0,5.0,3.0,1.0,1.0,5.0,3.0,1.0,4.0,1.0,1.0,5.0,4.0,4.0,2,5,3,1,5,4,1,6,7,7,1,1,1,1,1,0,0,1,0,1,0,1,1,1,1,1,3,2,1,1,23,1,1,1,60,2,1,3
12126,4.0,5.0,3.0,1.0,5.0,1.0,1.0,4.0,2.0,3.0,1.0,5.0,3.0,1.0,4.0,4.0,5.0,5.0,4.0,5.0,4,5,7,7,3,6,5,7,3,5,1,1,0,1,1,0,0,0,0,1,0,0,0,1,1,1,1,3,1,2,20,2,2,1,60,2,1,1
12127,2.0,4.0,4.0,4.0,4.0,2.0,2.0,4.0,3.0,3.0,2.0,3.0,2.0,1.0,3.0,4.0,2.0,5.0,3.0,5.0,7,5,5,1,6,1,4,5,6,4,1,1,1,1,1,0,0,1,0,1,0,0,0,1,1,1,3,3,1,1,24,1,11,1,70,1,1,1
12128,5.0,5.0,2.0,4.0,4.0,4.0,1.0,4.0,1.0,1.0,1.0,5.0,5.0,1.0,5.0,5.0,1.0,5.0,5.0,3.0,6,5,4,1,6,5,5,1,7,1,1,1,0,1,1,0,1,1,0,1,0,0,1,1,1,1,3,3,1,2,20,1,1,1,60,1,1,2
12129,4.0,4.0,2.0,4.0,4.0,4.0,3.0,1.0,5.0,4.0,1.0,4.0,3.0,2.0,4.0,1.0,5.0,5.0,1.0,1.0,6,3,4,1,7,2,6,6,4,4,1,1,0,1,1,0,0,0,0,1,0,0,1,0,1,1,2,2,1,1,19,1,4,1,60,1,1,4
12130,4.0,4.0,2.0,3.0,4.0,1.0,1.0,2.0,3.0,4.0,3.0,4.0,2.0,1.0,3.0,4.0,1.0,4.0,5.0,2.0,1,5,5,5,3,6,4,5,4,5,1,1,0,1,1,1,0,0,0,1,0,0,1,1,1,1,4,2,1,1,26,1,2,1,60,1,1,1
12131,1.0,4.0,2.0,4.0,3.0,3.0,1.0,1.0,3.0,3.0,1.0,5.0,1.0,2.0,1.0,5.0,5.0,4.0,1.0,1.0,5,4,5,1,7,7,7,4,4,2,1,1,0,1,1,0,0,0,0,1,0,0,1,1,1,1,3,2,1,2,27,1,0,1,60,2,2,2
12132,5.0,5.0,1.0,1.0,5.0,1.0,1.0,5.0,1.0,1.0,1.0,5.0,5.0,1.0,5.0,1.0,5.0,5.0,5.0,1.0,6,7,7,3,7,2,2,7,2,1,1,1,1,1,1,1,1,1,1,1,1,1,1,1,1,1,3,1,2,1,19,1,12,2,60,1,1,1
12133,3.0,2.0,5.0,3.0,3.0,4.0,3.0,1.0,5.0,4.0,1.0,4.0,3.0,2.0,2.0,3.0,2.0,4.0,5.0,1.0,6,4,6,7,6,4,7,4,3,3,1,1,1,1,1,1,1,1,0,1,1,1,1,1,1,1,2,3,2,1,30,1,12,1,70,2,3,2
12134,4.0,4.0,2.0,2.0,4.0,2.0,2.0,4.0,2.0,2.0,2.0,4.0,4.0,2.0,4.0,3.0,3.0,5.0,4.0,1.0,3,6,5,5,6,7,2,3,4,2,1,1,1,1,1,0,0,1,0,1,1,0,1,1,1,1,3,2,1,1,24,1,2,1,60,2,1,2
12135,5.0,4.0,2.0,2.0,5.0,2.0,2.0,5.0,2.0,2.0,1.0,5.0,5.0,1.0,4.0,1.0,2.0,5.0,5.0,5.0,2,7,7,6,2,6,1,1,2,5,1,1,0,1,1,0,0,0,0,1,0,0,0,1,1,1,3,2,1,1,22,1,4,1,60,2,1,2
12136,4.0,5.0,1.0,4.0,2.0,1.0,2.0,4.0,2.0,1.0,1.0,5.0,2.0,3.0,4.0,2.0,2.0,5.0,3.0,1.0,2,2,3,6,3,6,3,6,5,2,0,0,0,0,0,0,0,0,0,0,0,0,0,0,0,0,3,1,1,2,28,1,1,1,60,2,1,1
12137,2.0,2.0,5.0,4.0,2.0,2.0,1.0,1.0,5.0,4.0,1.0,2.0,3.0,4.0,2.0,2.0,2.0,4.0,5.0,2.0,5,2,6,1,7,7,7,2,7,2,0,0,0,0,1,0,0,0,0,0,0,0,0,1,0,1,3,3,1,2,24,1,1,1,10,2,1,1
12138,1.0,2.0,5.0,4.0,3.0,5.0,5.0,3.0,1.0,3.0,4.0,3.0,1.0,4.0,1.0,3.0,2.0,4.0,4.0,1.0,5,3,3,4,4,3,6,3,5,6,1,1,1,1,1,0,0,1,0,1,0,0,1,1,1,1,3,3,1,2,20,1,4,1,60,1,1,1
12139,4.0,2.0,3.0,3.0,4.0,2.0,1.0,4.0,1.0,2.0,2.0,4.0,4.0,3.0,4.0,1.0,3.0,4.0,5.0,2.0,3,4,4,5,6,5,5,7,4,1,1,1,0,1,1,0,0,1,0,1,0,1,1,1,1,1,3,2,2,1,19,1,2,1,60,1,1,2
12140,2.0,5.0,1.0,3.0,4.0,2.0,1.0,4.0,4.0,2.0,2.0,5.0,3.0,2.0,4.0,5.0,2.0,4.0,5.0,4.0,5,6,6,7,5,5,6,4,4,2,1,1,0,1,1,0,0,0,0,1,0,0,1,1,1,1,3,3,2,2,25,1,4,1,30,2,1,2
12141,2.0,2.0,1.0,1.0,3.0,3.0,5.0,3.0,1.0,3.0,2.0,5.0,1.0,1.0,3.0,5.0,5.0,1.0,3.0,1.0,1,1,5,5,5,7,5,3,5,1,0,0,0,0,0,0,0,0,0,0,0,0,0,0,0,0,2,3,2,2,20,1,4,1,60,1,1,2
12142,3.0,3.0,5.0,3.0,4.0,4.0,5.0,1.0,5.0,2.0,2.0,1.0,1.0,4.0,3.0,5.0,5.0,4.0,5.0,2.0,6,4,5,1,6,2,7,4,7,1,1,1,0,1,1,0,0,1,0,1,0,1,1,1,1,1,4,3,2,2,26,1,1,1,10,2,2,2
12143,5.0,5.0,3.0,2.0,5.0,1.0,5.0,4.0,1.0,4.0,1.0,4.0,4.0,1.0,5.0,1.0,1.0,5.0,5.0,1.0,5,5,4,6,5,7,5,5,3,4,1,1,0,1,0,0,0,0,0,1,0,0,0,1,1,1,2,2,1,2,22,1,12,1,60,2,1,3
12144,5.0,5.0,5.0,5.0,3.0,1.0,5.0,1.0,4.0,1.0,3.0,3.0,5.0,3.0,3.0,3.0,5.0,5.0,5.0,2.0,7,6,3,7,7,1,5,1,5,4,0,0,0,0,0,0,0,0,0,0,0,0,0,0,0,0,2,3,1,2,21,1,4,2,70,1,1,2
12145,4.0,2.0,4.0,1.0,1.0,5.0,1.0,4.0,5.0,4.0,5.0,1.0,1.0,1.0,4.0,5.0,5.0,4.0,1.0,1.0,5,7,5,7,1,2,5,5,3,2,1,1,1,1,1,0,0,1,0,1,1,0,1,1,1,1,4,2,1,2,32,1,4,1,60,1,1,2
12146,4.0,4.0,4.0,3.0,4.0,5.0,2.0,4.0,5.0,4.0,1.0,4.0,1.0,3.0,3.0,4.0,4.0,4.0,5.0,1.0,4,6,7,5,5,6,6,1,5,7,1,1,1,0,1,0,1,1,0,1,0,0,1,1,1,1,4,3,1,2,34,1,2,1,70,2,2,3
12147,5.0,4.0,1.0,3.0,3.0,1.0,1.0,5.0,5.0,1.0,5.0,3.0,3.0,5.0,3.0,3.0,5.0,5.0,1.0,1.0,6,7,5,5,6,1,6,6,2,7,0,0,0,0,0,0,0,0,0,0,0,0,0,0,0,0,2,3,1,2,22,1,2,1,60,1,1,2
12148,5.0,5.0,1.0,1.0,4.0,1.0,1.0,2.0,4.0,1.0,1.0,5.0,5.0,1.0,5.0,1.0,1.0,5.0,5.0,4.0,3,7,7,5,7,3,3,1,3,3,1,1,0,1,1,0,0,0,0,1,0,0,0,0,1,1,4,1,1,2,34,2,1,1,60,1,1,3
12149,5.0,1.0,2.0,1.0,5.0,1.0,1.0,1.0,1.0,5.0,1.0,4.0,5.0,5.0,5.0,1.0,1.0,5.0,5.0,5.0,4,1,7,0,7,3,5,2,7,3,1,1,0,1,1,0,0,0,0,1,1,0,1,1,1,1,2,2,1,2,20,3,6,1,70,1,1,4
12150,3.0,4.0,3.0,3.0,2.0,1.0,1.0,1.0,5.0,1.0,1.0,4.0,4.0,5.0,3.0,1.0,1.0,4.0,5.0,1.0,2,5,6,2,7,5,6,2,6,1,1,1,0,1,1,0,0,0,0,1,1,0,1,1,1,1,4,2,2,1,37,1,1,1,60,2,1,3
12151,5.0,4.0,1.0,1.0,4.0,1.0,1.0,4.0,1.0,1.0,1.0,2.0,2.0,1.0,4.0,1.0,1.0,5.0,4.0,1.0,1,6,5,7,1,4,3,1,2,4,1,1,1,1,1,0,0,0,0,1,0,0,1,1,1,1,2,2,2,1,18,1,6,1,60,2,1,2
12152,4.0,4.0,2.0,4.0,4.0,1.0,1.0,4.0,5.0,1.0,1.0,5.0,4.0,2.0,4.0,1.0,1.0,5.0,5.0,2.0,1,3,7,2,5,7,6,1,7,2,1,1,0,1,1,1,0,0,0,1,0,1,1,1,1,1,3,2,1,1,26,1,6,1,60,1,2,4
12153,5.0,5.0,1.0,3.0,5.0,1.0,1.0,5.0,2.0,1.0,1.0,5.0,5.0,1.0,5.0,1.0,1.0,5.0,5.0,3.0,6,2,5,2,7,1,7,4,6,1,1,1,0,1,1,0,1,1,0,1,0,0,1,1,1,1,3,2,1,2,22,1,2,1,10,2,1,2
12154,2.0,1.0,4.0,3.0,1.0,5.0,2.0,1.0,5.0,1.0,2.0,1.0,1.0,1.0,3.0,4.0,4.0,3.0,5.0,3.0,5,6,6,5,7,5,4,5,7,3,1,1,1,1,1,0,0,1,0,1,0,0,1,1,0,1,3,2,2,2,26,1,1,4,70,1,1,2
12155,1.0,1.0,4.0,4.0,1.0,5.0,4.0,1.0,5.0,5.0,5.0,1.0,1.0,4.0,1.0,4.0,5.0,2.0,4.0,1.0,5,1,7,1,6,6,7,1,7,1,1,1,0,1,1,0,0,1,0,1,0,0,1,1,1,1,3,3,2,1,24,1,7,1,60,1,1,3
12156,4.0,4.0,1.0,2.0,4.0,4.0,1.0,2.0,4.0,4.0,2.0,5.0,4.0,1.0,4.0,2.0,2.0,4.0,5.0,1.0,6,6,3,3,3,5,3,5,6,5,1,1,0,1,1,0,0,1,0,1,0,0,0,1,1,1,3,1,1,2,20,2,1,1,60,1,1,1
12157,4.0,4.0,2.0,3.0,4.0,2.0,4.0,2.0,5.0,3.0,2.0,5.0,1.0,1.0,4.0,1.0,3.0,5.0,4.0,1.0,2,7,7,2,6,6,7,1,7,6,1,1,0,1,1,0,0,0,0,1,0,0,0,0,1,1,3,1,1,2,45,1,2,2,60,2,2,3
12158,4.0,1.0,3.0,5.0,3.0,5.0,3.0,2.0,5.0,3.0,3.0,1.0,1.0,2.0,1.0,3.0,3.0,5.0,3.0,3.0,2,5,6,7,2,7,7,1,5,4,1,1,1,1,1,0,0,0,0,1,0,0,1,1,1,1,3,3,2,1,58,1,6,1,60,2,3,3
12159,2.0,4.0,5.0,3.0,5.0,4.0,4.0,2.0,4.0,5.0,1.0,5.0,5.0,2.0,4.0,2.0,1.0,5.0,5.0,1.0,1,2,5,7,5,7,5,7,1,1,1,1,1,1,1,0,1,0,0,1,1,0,1,1,1,1,3,1,1,1,35,1,1,3,60,1,1,3
12160,2.0,4.0,3.0,2.0,5.0,4.0,4.0,5.0,2.0,4.0,2.0,5.0,4.0,2.0,2.0,2.0,2.0,4.0,2.0,4.0,5,4,7,5,6,4,5,3,3,2,1,1,0,1,1,0,0,1,0,1,0,0,1,1,1,1,2,2,2,2,18,1,8,3,10,2,1,2
12161,2.0,3.0,5.0,2.0,4.0,4.0,2.0,2.0,5.0,4.0,2.0,4.0,4.0,2.0,2.0,1.0,2.0,2.0,5.0,2.0,3,4,6,2,7,5,6,2,6,2,1,1,1,1,1,0,1,1,0,1,1,0,1,1,1,1,0,2,1,1,62,1,7,1,60,1,3,1
12162,4.0,5.0,2.0,1.0,5.0,1.0,1.0,4.0,2.0,2.0,1.0,5.0,5.0,1.0,3.0,1.0,1.0,3.0,4.0,3.0,5,6,4,2,5,5,4,2,5,1,1,1,1,1,1,0,1,1,0,1,1,0,1,1,1,1,4,1,1,1,47,1,2,1,60,2,2,2
12163,5.0,4.0,2.0,4.0,4.0,2.0,1.0,4.0,4.0,2.0,2.0,4.0,4.0,1.0,4.0,2.0,2.0,4.0,5.0,5.0,3,4,6,2,6,5,5,5,7,5,1,1,0,1,1,1,0,0,0,1,0,0,1,1,1,1,2,3,1,1,22,1,2,1,60,1,1,6
12164,5.0,3.0,1.0,2.0,5.0,1.0,1.0,3.0,1.0,1.0,1.0,5.0,3.0,1.0,3.0,1.0,1.0,5.0,5.0,5.0,4,7,7,4,6,2,4,4,3,2,1,1,1,1,1,0,1,1,0,1,1,0,1,1,1,1,3,3,1,2,31,2,1,1,70,2,1,2
12165,4.0,4.0,1.0,1.0,5.0,1.0,1.0,4.0,3.0,3.0,1.0,5.0,5.0,1.0,5.0,1.0,1.0,5.0,5.0,1.0,3,2,6,1,6,3,6,1,7,2,1,1,0,1,1,0,0,1,0,1,0,0,1,1,1,1,3,3,1,1,39,1,7,1,60,1,2,3
12166,1.0,1.0,5.0,2.0,5.0,5.0,5.0,1.0,5.0,4.0,3.0,3.0,2.0,3.0,3.0,3.0,5.0,1.0,1.0,1.0,5,5,6,7,5,6,4,3,5,4,0,0,0,0,1,0,0,0,0,1,0,0,0,1,1,1,2,1,2,1,15,1,0,0,0,2,1,1
12167,2.0,2.0,4.0,5.0,2.0,4.0,2.0,2.0,4.0,2.0,1.0,2.0,2.0,3.0,4.0,4.0,5.0,2.0,5.0,1.0,6,1,5,3,7,3,7,5,5,5,1,1,0,1,1,0,0,0,0,1,0,0,0,1,1,1,3,2,2,1,21,1,4,1,60,2,1,4
12168,5.0,5.0,5.0,5.0,2.0,5.0,5.0,1.0,5.0,2.0,1.0,5.0,1.0,1.0,3.0,5.0,1.0,1.0,1.0,1.0,1,1,4,5,2,7,6,7,7,5,1,1,0,1,1,0,0,0,0,1,0,0,1,1,1,1,3,3,1,1,29,1,10,1,10,2,1,8
12169,4.0,2.0,3.0,4.0,4.0,4.0,4.0,4.0,5.0,5.0,4.0,4.0,1.0,3.0,2.0,4.0,2.0,2.0,2.0,1.0,2,5,7,5,7,6,6,2,7,5,1,1,1,1,1,0,0,1,0,1,0,0,1,1,1,1,4,2,1,1,60,1,7,1,60,1,2,3
12170,2.0,4.0,2.0,5.0,1.0,3.0,1.0,2.0,4.0,4.0,1.0,1.0,2.0,2.0,3.0,3.0,2.0,3.0,5.0,1.0,3,6,6,5,3,7,7,1,7,2,1,1,0,1,1,0,0,0,0,1,0,0,1,1,1,1,3,3,1,1,29,1,4,1,60,1,1,4
12171,5.0,5.0,1.0,1.0,5.0,1.0,1.0,5.0,1.0,1.0,1.0,5.0,5.0,1.0,5.0,1.0,1.0,5.0,5.0,5.0,6,2,7,1,7,2,7,1,7,1,1,1,0,1,1,0,0,1,0,1,1,0,1,1,1,1,3,2,1,2,36,1,6,1,60,2,2,1
12172,2.0,2.0,3.0,2.0,4.0,2.0,2.0,4.0,4.0,3.0,2.0,4.0,3.0,1.0,3.0,3.0,2.0,4.0,4.0,3.0,6,4,6,6,4,3,6,3,2,4,1,1,0,1,1,0,0,0,0,1,0,0,0,1,1,1,2,3,2,1,19,2,12,3,60,2,1,3
12173,4.0,2.0,5.0,3.0,4.0,1.0,1.0,5.0,4.0,4.0,3.0,5.0,4.0,3.0,4.0,2.0,4.0,4.0,5.0,2.0,6,7,7,3,6,4,6,5,6,3,1,1,0,1,1,0,0,0,0,1,0,0,1,1,1,1,4,3,1,1,29,1,4,1,10,1,1,4
12174,1.0,2.0,3.0,1.0,5.0,5.0,3.0,1.0,5.0,3.0,2.0,1.0,1.0,5.0,3.0,1.0,2.0,3.0,5.0,1.0,4,6,6,6,4,4,1,4,1,1,1,1,0,1,1,0,0,0,0,1,0,0,0,1,1,1,1,2,2,1,16,1,12,1,70,2,1,4
12175,5.0,5.0,1.0,1.0,5.0,1.0,1.0,5.0,2.0,1.0,1.0,5.0,5.0,1.0,5.0,1.0,5.0,5.0,5.0,3.0,1,6,4,2,7,5,3,6,3,1,1,1,0,1,1,0,0,0,0,1,0,0,1,1,1,1,4,3,1,2,25,1,2,1,10,2,1,1
12176,5.0,5.0,1.0,1.0,5.0,1.0,1.0,5.0,5.0,5.0,1.0,5.0,1.0,1.0,5.0,1.0,3.0,4.0,5.0,5.0,7,7,6,7,7,1,4,4,1,3,1,1,0,1,1,0,0,1,0,1,0,0,1,0,1,1,4,3,1,1,31,1,12,1,30,2,1,4
12177,1.0,1.0,2.0,4.0,2.0,4.0,1.0,1.0,4.0,3.0,2.0,2.0,2.0,4.0,3.0,5.0,3.0,3.0,5.0,1.0,5,6,6,5,7,5,4,2,5,4,1,1,0,1,1,0,0,0,0,1,0,0,0,0,1,1,3,3,2,1,22,2,7,1,30,1,1,2
12178,4.0,5.0,3.0,1.0,3.0,4.0,1.0,4.0,4.0,2.0,1.0,5.0,1.0,1.0,3.0,1.0,2.0,5.0,5.0,1.0,2,3,7,0,4,6,4,4,1,1,1,1,1,1,1,1,0,1,0,1,0,1,1,1,1,1,3,2,2,1,22,1,12,4,60,2,1,3
12179,5.0,2.0,3.0,3.0,5.0,4.0,2.0,5.0,3.0,2.0,2.0,5.0,4.0,1.0,3.0,1.0,1.0,5.0,5.0,3.0,1,5,6,3,6,6,4,3,5,2,1,1,1,1,1,0,1,1,0,1,1,0,1,1,1,1,3,3,1,1,22,1,2,2,60,1,1,3
12180,2.0,4.0,1.0,2.0,4.0,2.0,1.0,4.0,4.0,5.0,2.0,2.0,3.0,2.0,4.0,2.0,3.0,4.0,1.0,1.0,7,3,6,2,6,1,4,2,6,3,1,1,1,1,1,0,0,0,1,1,0,1,1,1,1,1,3,3,2,1,30,1,6,1,60,1,1,2
12181,2.0,4.0,4.0,1.0,4.0,4.0,2.0,3.0,5.0,3.0,3.0,5.0,4.0,2.0,4.0,4.0,1.0,4.0,5.0,3.0,1,5,5,2,5,5,5,5,5,3,1,1,1,1,1,1,1,1,0,1,1,1,1,1,1,1,2,3,1,1,21,1,2,2,60,1,1,1
12182,5.0,3.0,5.0,1.0,4.0,4.0,3.0,4.0,5.0,1.0,1.0,5.0,3.0,1.0,5.0,1.0,5.0,1.0,5.0,1.0,1,7,6,6,2,7,4,1,4,5,1,1,0,1,1,0,1,0,0,1,0,0,0,1,1,1,2,2,1,2,19,1,10,1,60,1,1,2
12183,4.0,4.0,3.0,1.0,4.0,1.0,1.0,2.0,3.0,3.0,1.0,2.0,5.0,1.0,5.0,1.0,1.0,5.0,5.0,3.0,7,5,7,2,7,1,5,2,6,2,1,1,1,1,1,0,1,1,0,1,0,0,1,1,1,1,3,1,2,1,20,1,1,1,70,2,1,3
12184,2.0,2.0,2.0,3.0,4.0,4.0,3.0,5.0,5.0,4.0,2.0,2.0,2.0,2.0,1.0,2.0,1.0,3.0,5.0,1.0,2,5,5,5,6,7,5,6,3,2,1,1,1,1,1,0,1,0,0,1,1,0,1,1,1,1,3,2,1,1,43,1,1,1,60,1,1,1
12185,5.0,5.0,1.0,1.0,5.0,1.0,1.0,4.0,1.0,3.0,1.0,5.0,5.0,1.0,2.0,5.0,1.0,3.0,5.0,4.0,2,4,5,1,7,5,2,6,7,1,1,1,1,1,1,0,1,1,0,1,1,0,1,1,1,1,4,3,1,2,32,2,6,1,10,1,2,2
12186,4.0,5.0,1.0,2.0,4.0,1.0,3.0,3.0,4.0,4.0,1.0,5.0,5.0,1.0,4.0,1.0,5.0,5.0,5.0,4.0,2,6,2,4,5,6,5,7,5,2,1,1,0,1,1,0,0,0,0,1,0,0,1,1,1,1,3,2,1,2,21,1,1,2,60,2,1,1
12187,5.0,5.0,1.0,1.0,5.0,1.0,1.0,5.0,1.0,1.0,1.0,5.0,5.0,1.0,5.0,1.0,1.0,5.0,5.0,5.0,6,7,7,1,7,7,1,1,7,1,1,1,1,1,1,0,0,1,1,1,0,1,1,1,1,1,3,1,1,1,28,1,2,1,60,2,1,2
12188,4.0,3.0,2.0,4.0,2.0,1.0,1.0,1.0,4.0,1.0,1.0,4.0,3.0,1.0,3.0,4.0,3.0,4.0,4.0,1.0,2,1,6,6,6,7,7,2,4,1,1,1,1,1,1,0,0,0,0,1,0,1,1,1,1,1,4,3,2,1,31,1,4,1,60,1,3,2
12189,4.0,1.0,1.0,1.0,5.0,4.0,1.0,2.0,5.0,2.0,1.0,5.0,5.0,1.0,5.0,1.0,1.0,5.0,5.0,5.0,2,7,7,7,5,7,7,3,1,1,1,1,0,1,1,0,0,0,0,1,0,0,1,1,1,1,1,2,1,1,15,1,4,1,60,2,1,2
12190,4.0,5.0,2.0,5.0,5.0,1.0,1.0,5.0,5.0,2.0,1.0,4.0,2.0,2.0,5.0,4.0,2.0,4.0,5.0,1.0,5,5,7,5,5,6,6,2,6,7,1,1,0,1,1,0,1,1,0,1,0,0,1,1,1,1,4,1,2,2,40,1,2,1,60,2,1,2
12191,1.0,1.0,4.0,3.0,1.0,4.0,2.0,1.0,5.0,5.0,1.0,1.0,1.0,3.0,1.0,2.0,1.0,1.0,5.0,1.0,2,1,5,3,7,6,6,5,6,2,1,1,1,1,1,1,1,0,0,1,1,1,1,1,1,1,4,3,2,1,40,1,1,1,60,1,1,3
12192,5.0,5.0,4.0,4.0,4.0,3.0,1.0,2.0,5.0,1.0,3.0,5.0,4.0,2.0,4.0,4.0,3.0,4.0,5.0,1.0,3,6,7,4,7,5,3,2,3,4,1,1,0,1,1,0,0,0,0,1,0,0,1,1,1,1,2,1,1,1,24,1,1,1,60,1,1,3
12193,1.0,5.0,1.0,1.0,5.0,1.0,1.0,5.0,5.0,1.0,1.0,1.0,5.0,1.0,5.0,5.0,5.0,3.0,5.0,1.0,7,1,4,1,7,1,7,5,7,1,1,1,1,1,1,0,1,0,0,1,0,0,1,1,1,1,3,3,1,1,44,1,6,1,30,2,1,3
12194,2.0,4.0,2.0,5.0,1.0,1.0,1.0,4.0,4.0,4.0,1.0,1.0,5.0,2.0,5.0,2.0,3.0,5.0,5.0,2.0,6,6,3,5,6,1,7,7,3,1,1,1,0,1,1,0,0,0,0,1,0,0,1,1,1,1,3,1,2,1,26,1,2,1,60,1,1,3
12195,1.0,2.0,5.0,4.0,2.0,4.0,4.0,1.0,5.0,5.0,1.0,1.0,1.0,4.0,1.0,4.0,2.0,2.0,4.0,1.0,6,5,7,2,5,2,7,1,6,1,1,1,0,1,1,0,0,0,0,1,0,0,0,1,1,1,2,3,2,1,55,1,7,1,60,1,2,5
12196,4.0,3.0,3.0,2.0,4.0,4.0,1.0,4.0,5.0,4.0,1.0,5.0,4.0,1.0,2.0,2.0,1.0,5.0,5.0,1.0,3,6,5,5,6,6,4,5,3,1,1,1,0,1,1,0,0,1,0,1,0,0,1,1,1,1,2,1,1,1,31,2,1,2,60,2,1,3
12197,5.0,5.0,4.0,2.0,2.0,3.0,4.0,5.0,2.0,2.0,1.0,5.0,5.0,2.0,5.0,4.0,4.0,4.0,4.0,3.0,1,6,6,3,7,7,5,2,6,4,1,1,0,1,1,1,1,0,0,1,1,0,0,0,0,1,3,2,2,2,19,1,6,1,30,2,1,3
12198,1.0,3.0,4.0,3.0,1.0,5.0,5.0,1.0,5.0,3.0,3.0,4.0,1.0,3.0,3.0,2.0,1.0,1.0,4.0,1.0,1,1,5,5,7,7,5,1,5,7,1,1,1,1,1,0,1,1,0,1,1,0,1,1,1,1,3,2,1,1,66,1,6,3,60,1,1,1
12199,4.0,4.0,3.0,4.0,4.0,2.0,1.0,2.0,5.0,2.0,1.0,5.0,1.0,1.0,4.0,5.0,5.0,4.0,5.0,1.0,5,3,7,3,7,2,7,3,6,3,1,1,1,1,1,1,1,1,0,1,1,0,1,1,1,1,3,3,1,1,54,1,2,1,60,1,2,4
12200,3.0,3.0,3.0,2.0,4.0,2.0,2.0,3.0,3.0,2.0,1.0,4.0,4.0,2.0,4.0,2.0,2.0,4.0,5.0,3.0,3,6,5,2,6,2,1,5,6,2,1,1,0,1,1,0,0,1,0,1,0,1,1,1,1,1,2,3,2,1,18,2,2,3,60,2,1,1
12201,2.0,3.0,2.0,4.0,2.0,3.0,3.0,1.0,4.0,4.0,4.0,3.0,4.0,4.0,1.0,2.0,3.0,2.0,5.0,2.0,5,6,7,5,4,5,6,3,4,2,1,1,1,1,1,0,0,0,0,1,0,0,0,1,1,1,3,2,2,1,22,1,1,1,60,1,1,5
12202,4.0,5.0,2.0,1.0,4.0,2.0,1.0,5.0,3.0,2.0,2.0,2.0,4.0,1.0,4.0,2.0,4.0,4.0,5.0,1.0,6,4,2,5,5,4,5,5,3,2,1,1,1,1,1,0,0,1,0,1,0,1,1,1,1,1,2,3,1,2,20,1,7,4,60,2,1,2
12203,2.0,1.0,3.0,2.0,2.0,4.0,2.0,1.0,3.0,3.0,1.0,5.0,4.0,1.0,2.0,3.0,1.0,4.0,5.0,1.0,2,5,1,5,6,3,1,6,2,4,1,1,1,1,1,0,0,1,0,1,0,0,1,1,1,1,3,2,2,1,20,1,2,1,60,1,1,2
12204,1.0,1.0,1.0,4.0,3.0,2.0,1.0,1.0,5.0,5.0,1.0,1.0,1.0,3.0,3.0,5.0,4.0,1.0,5.0,5.0,7,5,3,3,7,1,7,5,6,1,1,1,0,1,1,0,0,0,0,1,0,0,1,1,1,1,3,2,2,1,21,1,4,1,60,1,1,4
12205,5.0,5.0,1.0,1.0,5.0,1.0,1.0,5.0,1.0,1.0,1.0,5.0,5.0,1.0,5.0,1.0,1.0,5.0,5.0,5.0,2,6,7,1,3,3,1,5,5,1,1,1,1,1,1,1,1,1,1,1,1,1,1,0,1,1,3,1,1,1,28,2,2,1,60,1,2,4
12206,1.0,4.0,2.0,5.0,2.0,5.0,2.0,1.0,5.0,2.0,3.0,5.0,2.0,2.0,4.0,5.0,1.0,4.0,5.0,1.0,1,5,7,7,5,6,2,3,2,5,1,1,1,1,1,0,1,1,0,1,1,0,1,1,1,1,3,1,2,1,39,2,1,1,60,1,2,3
12207,3.0,2.0,4.0,3.0,2.0,1.0,1.0,1.0,4.0,3.0,2.0,4.0,1.0,1.0,1.0,2.0,1.0,1.0,5.0,1.0,2,5,2,5,5,5,3,7,3,4,1,1,1,1,1,0,0,0,0,1,0,0,1,1,1,1,2,3,2,1,18,1,1,1,70,2,1,1
12208,4.0,4.0,2.0,4.0,4.0,4.0,1.0,4.0,5.0,4.0,2.0,4.0,4.0,5.0,4.0,4.0,2.0,5.0,5.0,2.0,1,5,6,6,7,7,6,2,5,2,1,1,1,1,1,0,0,0,0,1,0,0,1,1,1,1,2,2,2,1,18,1,10,2,10,2,1,2
12209,4.0,2.0,3.0,4.0,1.0,1.0,1.0,2.0,5.0,4.0,2.0,4.0,1.0,2.0,2.0,4.0,5.0,5.0,5.0,2.0,3,1,6,5,6,7,7,5,6,2,1,1,1,1,1,0,1,1,0,1,1,0,1,1,0,1,4,3,2,1,61,1,7,1,30,2,2,8
12210,5.0,5.0,1.0,1.0,4.0,2.0,2.0,4.0,3.0,3.0,2.0,4.0,4.0,3.0,3.0,1.0,1.0,3.0,5.0,4.0,5,7,5,1,7,6,2,1,4,1,1,1,1,1,1,0,0,1,1,1,0,0,1,0,1,1,3,3,1,2,22,3,1,1,70,2,1,2
12211,3.0,2.0,3.0,4.0,1.0,1.0,1.0,2.0,5.0,3.0,2.0,1.0,2.0,4.0,4.0,2.0,2.0,4.0,5.0,2.0,3,2,6,5,6,5,6,1,5,3,1,1,1,1,1,0,1,0,0,1,1,0,1,1,1,1,4,3,2,1,41,1,6,1,60,1,1,2
12212,5.0,5.0,2.0,3.0,5.0,5.0,1.0,5.0,1.0,5.0,5.0,5.0,5.0,2.0,4.0,2.0,4.0,5.0,5.0,5.0,5,7,1,5,6,7,5,2,7,4,1,1,0,1,1,0,0,0,0,1,0,0,0,1,1,1,1,2,1,1,13,3,8,1,60,2,1,3
12213,4.0,4.0,2.0,3.0,3.0,3.0,2.0,1.0,4.0,4.0,2.0,2.0,5.0,1.0,4.0,2.0,2.0,4.0,4.0,1.0,5,5,4,2,7,1,5,3,4,1,1,1,0,1,1,0,0,0,0,1,1,0,1,1,1,1,4,2,1,1,46,1,4,1,60,1,1,1
12214,1.0,3.0,4.0,1.0,4.0,4.0,3.0,2.0,5.0,4.0,1.0,5.0,4.0,1.0,3.0,1.0,2.0,4.0,5.0,2.0,1,6,1,7,6,6,5,7,1,1,1,1,1,1,1,0,0,1,0,1,1,1,1,1,1,1,3,3,2,1,26,1,1,1,60,1,1,2
12215,4.0,1.0,1.0,5.0,1.0,1.0,1.0,5.0,5.0,5.0,1.0,5.0,1.0,1.0,4.0,4.0,1.0,5.0,5.0,1.0,6,1,7,2,6,1,6,1,7,1,0,1,0,0,1,0,0,0,0,1,0,0,0,1,1,1,3,3,1,1,37,1,3,1,60,1,2,1
12216,2.0,3.0,3.0,4.0,4.0,1.0,1.0,3.0,5.0,3.0,1.0,4.0,1.0,5.0,3.0,1.0,2.0,3.0,4.0,1.0,3,1,7,5,5,6,7,2,7,3,1,1,0,1,1,0,0,1,0,1,0,0,1,1,1,1,3,2,2,1,37,2,12,2,60,1,2,1
12217,3.0,5.0,2.0,4.0,3.0,3.0,2.0,5.0,2.0,4.0,3.0,4.0,3.0,2.0,5.0,5.0,1.0,1.0,5.0,4.0,2,2,7,1,6,4,5,1,7,1,1,1,0,1,1,0,0,0,0,1,0,0,1,1,1,1,3,2,1,1,27,1,1,1,60,1,1,2
12218,2.0,4.0,5.0,4.0,4.0,4.0,4.0,4.0,5.0,3.0,1.0,4.0,4.0,2.0,4.0,2.0,2.0,4.0,5.0,1.0,2,5,3,6,4,6,5,5,4,2,1,1,1,1,1,0,1,1,0,1,0,0,1,1,1,1,4,3,2,1,38,1,2,5,60,2,2,1
12219,3.0,4.0,3.0,3.0,2.0,2.0,2.0,4.0,3.0,3.0,1.0,3.0,3.0,2.0,4.0,2.0,4.0,4.0,5.0,2.0,4,5,3,5,3,4,5,4,5,5,1,1,0,1,1,0,0,1,0,1,0,0,1,1,1,1,3,2,1,2,22,1,2,1,60,2,1,1
12220,3.0,3.0,2.0,4.0,3.0,3.0,2.0,3.0,4.0,4.0,2.0,3.0,4.0,4.0,4.0,4.0,2.0,4.0,3.0,2.0,2,6,7,5,6,7,4,1,4,4,1,1,1,1,1,1,1,1,0,1,1,1,1,1,1,1,3,2,2,1,23,1,5,1,70,2,1,4
12221,4.0,4.0,2.0,2.0,4.0,4.0,2.0,2.0,5.0,1.0,2.0,5.0,4.0,1.0,4.0,1.0,1.0,4.0,4.0,3.0,1,6,2,7,1,7,1,4,3,5,1,1,0,1,1,0,0,0,0,1,0,0,0,1,1,1,3,1,2,1,22,1,6,1,60,1,1,0
12222,1.0,3.0,2.0,2.0,4.0,2.0,3.0,2.0,4.0,3.0,1.0,4.0,1.0,2.0,3.0,2.0,1.0,3.0,5.0,2.0,2,1,7,4,6,6,5,1,7,3,1,1,1,1,1,0,1,1,0,1,0,0,1,1,1,1,3,1,2,1,48,3,2,2,60,1,3,5
12223,5.0,5.0,1.0,1.0,5.0,1.0,1.0,5.0,5.0,1.0,1.0,5.0,5.0,1.0,5.0,1.0,1.0,5.0,5.0,5.0,5,5,6,5,7,7,6,1,7,1,1,1,1,1,1,1,1,1,1,1,1,1,1,1,1,1,3,1,1,2,30,1,4,3,10,1,1,5
12224,5.0,4.0,1.0,1.0,5.0,1.0,1.0,5.0,2.0,1.0,1.0,5.0,4.0,2.0,5.0,1.0,1.0,4.0,5.0,2.0,2,5,7,2,6,6,2,3,7,3,1,1,0,1,1,0,0,0,0,0,0,0,1,1,1,1,4,2,1,1,25,1,2,1,60,2,1,5
12225,4.0,3.0,1.0,2.0,4.0,2.0,1.0,4.0,3.0,2.0,1.0,4.0,4.0,1.0,3.0,1.0,2.0,4.0,5.0,2.0,1,5,6,5,2,3,3,4,5,2,1,1,0,1,1,0,0,1,0,1,0,0,1,1,1,1,3,1,2,1,48,1,1,1,60,2,3,1
12226,5.0,5.0,1.0,1.0,5.0,3.0,4.0,5.0,5.0,5.0,2.0,5.0,5.0,5.0,5.0,5.0,1.0,5.0,5.0,1.0,6,7,6,7,6,5,6,1,6,6,1,1,0,1,0,0,0,1,0,1,0,0,0,0,1,1,4,3,2,2,21,2,10,5,10,2,1,12
12227,5.0,5.0,1.0,4.0,5.0,1.0,1.0,3.0,5.0,1.0,1.0,5.0,5.0,1.0,5.0,1.0,1.0,5.0,4.0,4.0,6,4,7,1,7,3,3,1,6,1,1,1,0,1,1,0,0,1,1,1,0,0,1,1,1,1,3,2,1,1,46,1,12,1,60,1,2,6
12228,2.0,3.0,2.0,4.0,4.0,4.0,1.0,3.0,3.0,3.0,2.0,3.0,2.0,2.0,3.0,3.0,2.0,3.0,3.0,2.0,3,3,3,5,6,6,4,5,3,3,1,1,1,1,1,0,1,1,0,1,1,0,1,1,1,1,4,2,1,1,48,1,2,1,60,1,1,3
12229,1.0,4.0,3.0,5.0,2.0,4.0,1.0,3.0,4.0,3.0,1.0,4.0,5.0,2.0,5.0,2.0,2.0,4.0,5.0,1.0,7,5,3,6,7,1,5,5,2,6,1,1,1,1,1,0,1,1,0,1,1,0,1,1,1,1,4,2,2,1,26,1,1,2,60,2,1,3
12230,2.0,3.0,2.0,5.0,4.0,2.0,1.0,1.0,5.0,4.0,2.0,2.0,1.0,2.0,2.0,2.0,2.0,2.0,5.0,1.0,2,1,3,5,7,6,5,5,6,1,1,1,1,1,1,0,1,1,0,1,1,0,1,1,1,1,4,3,1,1,53,1,2,1,60,2,3,4
12231,5.0,5.0,1.0,1.0,4.0,1.0,1.0,5.0,1.0,1.0,1.0,5.0,4.0,3.0,5.0,1.0,1.0,5.0,5.0,1.0,7,6,1,3,7,1,4,7,3,1,1,1,1,1,1,0,0,1,0,1,1,0,1,1,1,1,3,0,2,1,37,1,1,1,60,2,3,2
12232,5.0,5.0,5.0,4.0,5.0,3.0,2.0,5.0,4.0,5.0,1.0,5.0,5.0,5.0,5.0,4.0,5.0,5.0,5.0,1.0,1,6,3,6,1,6,6,1,3,1,1,1,0,1,1,0,0,1,0,1,0,0,1,1,1,1,3,3,2,2,32,1,7,1,60,2,2,4
12233,4.0,2.0,4.0,3.0,2.0,2.0,2.0,4.0,5.0,5.0,1.0,5.0,5.0,2.0,1.0,2.0,2.0,4.0,5.0,1.0,7,5,6,2,7,1,5,7,6,1,1,1,1,1,1,0,1,0,0,1,1,1,1,1,1,1,4,2,2,1,47,1,2,1,60,1,3,2
12234,2.0,2.0,3.0,4.0,5.0,5.0,4.0,4.0,5.0,4.0,2.0,4.0,5.0,2.0,4.0,4.0,5.0,2.0,5.0,2.0,5,3,6,3,3,3,5,2,6,1,1,1,1,1,1,1,0,1,0,1,0,0,1,1,1,1,3,1,2,1,32,1,6,2,60,1,3,2
12235,4.0,5.0,1.0,1.0,3.0,1.0,1.0,5.0,1.0,1.0,1.0,3.0,5.0,2.0,4.0,2.0,1.0,4.0,5.0,1.0,3,1,7,4,5,6,5,1,2,2,1,1,0,1,1,1,0,0,0,1,0,0,1,1,1,1,4,2,2,1,47,1,1,1,60,2,2,1
12236,2.0,4.0,4.0,2.0,4.0,4.0,3.0,3.0,4.0,4.0,2.0,5.0,4.0,3.0,4.0,3.0,5.0,2.0,5.0,1.0,5,3,7,2,6,1,6,1,6,4,1,1,1,1,1,1,0,0,0,1,0,0,1,1,1,1,3,1,1,1,47,1,7,1,60,1,2,2
12237,1.0,1.0,1.0,5.0,2.0,2.0,2.0,1.0,5.0,5.0,2.0,2.0,1.0,4.0,4.0,2.0,4.0,3.0,5.0,1.0,6,5,7,1,7,1,6,1,7,2,1,1,1,1,1,0,0,0,0,1,0,0,1,1,1,1,4,2,2,1,44,1,6,1,60,2,2,3
12238,5.0,5.0,2.0,2.0,5.0,1.0,1.0,5.0,2.0,1.0,1.0,5.0,4.0,1.0,5.0,1.0,1.0,5.0,5.0,1.0,1,7,6,7,6,7,3,2,2,1,1,1,0,1,0,0,0,0,0,1,0,0,0,1,1,1,3,3,2,2,20,1,1,1,60,1,1,1
12239,2.0,1.0,3.0,3.0,3.0,2.0,2.0,1.0,4.0,2.0,1.0,4.0,1.0,2.0,3.0,2.0,1.0,3.0,5.0,5.0,4,2,6,3,7,6,6,5,7,2,1,1,1,1,1,0,1,1,0,1,1,0,1,1,1,1,3,2,1,2,40,1,3,1,60,2,2,2
12240,3.0,5.0,4.0,3.0,5.0,2.0,2.0,4.0,1.0,5.0,3.0,5.0,4.0,3.0,4.0,4.0,2.0,3.0,4.0,1.0,2,2,6,7,4,7,5,3,5,5,0,1,0,1,0,0,0,0,0,0,0,0,0,1,0,0,0,3,1,2,26,1,4,1,60,1,1,0
12241,4.0,4.0,1.0,3.0,4.0,1.0,1.0,5.0,3.0,1.0,2.0,4.0,2.0,2.0,4.0,3.0,1.0,5.0,5.0,3.0,4,6,7,1,6,5,2,2,7,1,1,1,1,1,1,0,1,1,0,1,1,0,1,1,1,1,3,1,1,1,64,1,12,1,60,1,2,3
12242,2.0,3.0,2.0,4.0,2.0,2.0,2.0,1.0,4.0,2.0,2.0,2.0,1.0,3.0,3.0,2.0,3.0,1.0,4.0,2.0,6,5,6,2,6,5,6,4,5,3,1,1,1,1,1,0,0,1,0,1,1,0,1,1,1,1,3,2,1,1,30,1,1,3,60,1,1,2
12243,3.0,3.0,4.0,2.0,3.0,4.0,1.0,4.0,4.0,4.0,1.0,4.0,4.0,3.0,3.0,1.0,4.0,5.0,5.0,1.0,4,5,2,7,7,6,6,4,2,1,1,1,1,1,1,0,0,1,0,1,0,0,1,1,1,1,2,2,1,1,24,2,2,2,60,2,1,1
12244,4.0,4.0,3.0,2.0,2.0,4.0,1.0,5.0,4.0,3.0,2.0,4.0,1.0,2.0,4.0,2.0,1.0,4.0,5.0,1.0,5,6,5,7,6,3,5,5,3,2,1,1,0,1,1,0,0,0,0,1,0,0,0,1,1,1,3,3,2,2,22,1,1,1,60,1,1,1
12245,5.0,4.0,4.0,2.0,5.0,5.0,4.0,5.0,5.0,2.0,2.0,4.0,4.0,2.0,4.0,2.0,2.0,4.0,2.0,1.0,2,5,3,5,5,7,6,1,6,5,0,1,0,0,1,0,0,0,0,1,0,0,0,0,1,1,4,3,2,2,25,1,12,1,70,2,1,3
12246,2.0,1.0,2.0,5.0,2.0,3.0,4.0,4.0,4.0,3.0,3.0,2.0,2.0,2.0,2.0,1.0,3.0,3.0,1.0,1.0,2,5,6,3,5,5,4,2,6,3,1,1,0,1,1,0,0,0,0,0,0,0,0,1,0,1,3,2,1,1,27,1,4,2,60,2,1,2
12247,5.0,5.0,4.0,1.0,5.0,2.0,4.0,4.0,1.0,1.0,1.0,5.0,1.0,1.0,5.0,1.0,1.0,5.0,5.0,5.0,3,5,6,5,2,5,6,1,4,4,1,1,0,1,1,0,1,0,0,1,0,0,1,1,1,1,3,2,1,2,28,1,10,1,20,2,1,2
12248,1.0,4.0,5.0,3.0,4.0,3.0,2.0,1.0,5.0,5.0,1.0,5.0,4.0,2.0,4.0,5.0,2.0,1.0,5.0,1.0,2,2,7,6,6,7,6,2,6,2,1,1,1,1,1,0,0,0,0,1,0,0,0,1,1,1,2,1,2,1,18,1,7,1,60,2,1,3
12249,2.0,5.0,5.0,2.0,5.0,1.0,1.0,5.0,5.0,4.0,1.0,4.0,5.0,1.0,1.0,1.0,1.0,1.0,4.0,5.0,1,5,2,6,7,5,0,5,7,5,1,1,0,1,1,0,0,0,0,1,0,0,1,1,1,1,3,2,2,1,33,1,10,1,70,1,1,5
12250,1.0,2.0,5.0,5.0,3.0,5.0,5.0,1.0,5.0,5.0,3.0,4.0,3.0,3.0,4.0,2.0,5.0,5.0,5.0,1.0,4,2,6,4,6,6,4,3,7,2,1,1,1,1,1,0,1,1,0,1,1,0,1,1,1,1,3,1,1,1,53,1,2,1,60,2,2,2
12251,5.0,5.0,1.0,5.0,5.0,3.0,3.0,5.0,3.0,1.0,1.0,5.0,1.0,1.0,5.0,3.0,1.0,5.0,5.0,1.0,7,5,7,3,7,1,5,5,4,1,1,1,1,1,1,0,0,0,1,1,0,1,1,1,1,1,3,1,2,1,47,2,12,1,60,1,3,2
12252,1.0,1.0,2.0,5.0,2.0,2.0,2.0,1.0,4.0,5.0,5.0,5.0,1.0,5.0,1.0,5.0,1.0,1.0,3.0,3.0,6,6,6,2,7,3,7,5,7,1,1,1,0,1,1,1,0,0,0,1,1,0,1,1,1,1,3,2,1,1,43,2,6,1,70,1,2,2
12253,5.0,4.0,1.0,2.0,5.0,1.0,1.0,4.0,1.0,2.0,1.0,5.0,5.0,2.0,5.0,1.0,1.0,5.0,5.0,5.0,5,7,6,1,5,5,2,1,6,2,1,1,0,1,1,0,1,0,0,1,0,0,1,1,1,1,2,1,1,1,20,1,7,1,60,1,1,3
12254,5.0,5.0,3.0,1.0,4.0,2.0,2.0,3.0,3.0,2.0,2.0,5.0,4.0,1.0,4.0,2.0,2.0,4.0,4.0,1.0,5,5,4,5,5,2,4,4,4,2,1,1,0,1,1,0,1,0,1,1,0,1,1,1,1,1,3,3,2,1,20,1,6,2,30,2,1,3
12255,1.0,5.0,4.0,1.0,5.0,4.0,3.0,5.0,5.0,2.0,3.0,1.0,5.0,1.0,5.0,1.0,1.0,5.0,3.0,5.0,7,3,5,2,6,2,7,1,6,4,1,1,1,1,1,0,1,1,0,1,1,0,1,1,1,1,4,3,1,1,58,2,4,1,60,1,2,4
12256,1.0,1.0,2.0,5.0,1.0,4.0,2.0,1.0,5.0,5.0,1.0,1.0,3.0,1.0,1.0,2.0,5.0,2.0,5.0,1.0,2,1,3,1,7,4,7,3,3,1,1,1,1,1,1,0,0,0,0,1,0,0,1,1,1,1,3,3,2,1,39,1,7,1,70,1,2,3
12257,5.0,4.0,1.0,2.0,5.0,1.0,1.0,5.0,1.0,1.0,1.0,5.0,4.0,2.0,4.0,1.0,1.0,4.0,5.0,5.0,2,4,2,5,6,7,1,6,5,4,1,1,1,1,1,1,0,1,0,1,0,0,1,1,1,1,2,2,1,2,18,1,1,1,60,2,1,1
12258,4.0,4.0,4.0,4.0,5.0,3.0,3.0,2.0,2.0,5.0,2.0,4.0,4.0,2.0,5.0,2.0,4.0,4.0,5.0,2.0,5,6,7,5,6,5,6,5,4,3,0,1,0,1,1,0,0,1,0,1,1,1,1,1,1,1,2,3,1,1,18,1,4,1,60,2,1,2
12259,2.0,2.0,4.0,4.0,5.0,1.0,1.0,1.0,5.0,5.0,1.0,4.0,2.0,3.0,5.0,1.0,1.0,2.0,5.0,1.0,3,5,3,5,5,7,6,2,3,2,1,1,1,1,1,0,0,1,0,1,0,1,1,1,1,1,3,1,2,1,37,2,1,1,60,2,1,4
12260,4.0,4.0,2.0,1.0,5.0,2.0,2.0,4.0,4.0,2.0,2.0,4.0,2.0,2.0,2.0,2.0,2.0,4.0,2.0,1.0,7,5,7,3,7,3,3,2,7,2,1,1,0,1,1,1,0,1,0,1,0,0,1,1,1,1,4,2,1,1,43,1,7,1,60,1,2,3
12261,3.0,4.0,3.0,3.0,4.0,2.0,1.0,2.0,5.0,1.0,2.0,4.0,5.0,4.0,4.0,2.0,3.0,4.0,4.0,1.0,5,4,6,5,5,4,6,1,5,3,1,1,1,1,1,0,1,0,0,1,1,0,1,1,1,1,3,1,2,1,55,1,1,1,60,1,1,2
12262,1.0,4.0,2.0,2.0,3.0,5.0,5.0,4.0,5.0,3.0,3.0,1.0,4.0,2.0,3.0,4.0,1.0,2.0,3.0,2.0,6,5,7,1,7,2,6,1,5,1,1,1,1,1,1,1,1,1,1,1,1,1,1,1,1,0,1,2,2,1,15,1,6,3,30,2,1,0
12263,4.0,5.0,1.0,2.0,3.0,1.0,1.0,2.0,2.0,1.0,1.0,3.0,2.0,1.0,3.0,2.0,1.0,4.0,5.0,3.0,5,4,5,1,6,6,4,3,7,2,1,1,0,1,1,1,0,0,0,1,0,0,0,1,1,1,4,3,1,2,27,1,2,1,60,1,1,1
12264,2.0,4.0,2.0,4.0,4.0,2.0,2.0,4.0,4.0,3.0,3.0,4.0,3.0,1.0,4.0,5.0,1.0,2.0,5.0,1.0,2,5,7,3,5,6,2,1,6,4,1,1,0,1,1,0,0,0,0,1,0,0,1,1,1,1,3,2,1,1,24,2,2,1,60,1,1,2
12265,2.0,3.0,2.0,5.0,1.0,3.0,2.0,1.0,5.0,2.0,4.0,4.0,1.0,2.0,3.0,4.0,3.0,4.0,2.0,1.0,3,5,7,3,3,6,7,5,6,3,1,1,1,1,1,0,0,1,0,1,0,1,1,1,1,1,3,2,2,1,43,1,4,1,30,1,1,2
12266,5.0,3.0,1.0,2.0,5.0,1.0,1.0,2.0,2.0,2.0,1.0,4.0,4.0,1.0,4.0,3.0,5.0,2.0,5.0,4.0,2,6,7,1,6,6,1,6,7,3,1,1,0,1,1,1,0,0,0,1,0,0,1,1,1,1,4,1,1,1,25,1,2,1,60,1,1,2
12267,1.0,2.0,3.0,4.0,1.0,4.0,3.0,2.0,5.0,5.0,2.0,3.0,2.0,4.0,4.0,3.0,4.0,1.0,5.0,3.0,4,1,7,4,7,5,5,1,7,2,1,1,1,1,1,0,1,1,0,1,1,0,1,1,1,1,4,2,1,1,57,1,12,1,60,1,2,3
12268,2.0,1.0,4.0,4.0,3.0,1.0,1.0,4.0,4.0,2.0,2.0,4.0,2.0,2.0,4.0,2.0,2.0,5.0,3.0,1.0,1,3,0,7,5,6,2,1,7,4,1,1,1,1,1,0,0,1,0,1,0,0,1,1,1,1,4,1,1,1,31,1,6,1,60,1,1,1
12269,1.0,1.0,5.0,3.0,1.0,2.0,2.0,1.0,5.0,3.0,1.0,3.0,4.0,1.0,1.0,2.0,4.0,1.0,5.0,1.0,3,5,2,2,6,6,7,6,3,2,1,1,1,1,1,0,0,0,0,1,0,0,1,1,1,1,2,2,1,1,20,1,12,1,70,2,1,3
12270,5.0,5.0,2.0,2.0,4.0,1.0,1.0,3.0,1.0,2.0,1.0,5.0,5.0,3.0,5.0,1.0,1.0,5.0,5.0,5.0,4,5,7,2,4,7,2,1,6,5,1,1,1,1,1,0,1,1,1,1,0,1,1,1,1,1,3,3,1,2,21,2,2,1,60,1,1,2
12271,2.0,2.0,4.0,4.0,2.0,1.0,2.0,2.0,5.0,2.0,1.0,5.0,1.0,2.0,4.0,2.0,3.0,4.0,4.0,1.0,3,2,3,5,5,5,5,5,3,1,1,1,1,1,1,0,0,0,0,1,0,0,1,1,1,1,2,2,2,1,31,1,5,2,60,1,2,3
12272,4.0,5.0,2.0,4.0,1.0,1.0,1.0,4.0,4.0,1.0,1.0,5.0,4.0,4.0,5.0,1.0,1.0,5.0,5.0,2.0,6,2,6,2,7,6,5,1,7,1,1,1,1,1,1,1,1,1,0,1,1,0,1,1,1,1,4,1,2,1,29,3,1,4,50,1,1,5
12273,5.0,4.0,2.0,2.0,4.0,1.0,1.0,3.0,2.0,2.0,1.0,4.0,4.0,1.0,4.0,2.0,3.0,4.0,3.0,2.0,5,6,5,2,5,6,4,4,6,3,0,0,0,0,0,0,0,1,0,0,0,0,0,1,1,0,3,2,1,1,20,1,2,1,60,1,1,1
12274,1.0,1.0,1.0,5.0,1.0,1.0,1.0,1.0,5.0,5.0,3.0,3.0,5.0,1.0,1.0,1.0,1.0,1.0,5.0,2.0,6,1,7,1,7,1,6,1,7,1,1,1,1,1,1,0,0,1,0,1,0,0,1,1,1,1,3,2,2,1,53,1,4,2,60,1,2,1
12275,4.0,4.0,4.0,4.0,4.0,1.0,1.0,2.0,5.0,3.0,1.0,5.0,1.0,1.0,3.0,1.0,2.0,2.0,5.0,1.0,2,2,3,5,5,4,3,3,3,6,1,1,1,1,1,0,1,0,0,1,0,0,1,1,1,1,4,3,2,1,40,1,9,1,60,1,1,4
12276,3.0,2.0,3.0,5.0,1.0,2.0,2.0,2.0,5.0,4.0,3.0,2.0,2.0,3.0,3.0,3.0,3.0,2.0,5.0,1.0,3,4,5,2,7,5,6,5,4,1,1,1,1,1,1,0,1,1,0,1,1,0,1,1,1,1,4,3,1,1,42,1,1,3,60,1,1,2
12277,2.0,4.0,4.0,2.0,4.0,4.0,2.0,4.0,4.0,2.0,1.0,4.0,4.0,2.0,5.0,1.0,4.0,4.0,4.0,1.0,6,6,5,6,6,2,6,3,3,2,1,1,0,1,1,0,0,0,0,1,0,0,1,1,1,1,3,2,1,1,27,1,4,3,60,1,1,3
12278,5.0,5.0,4.0,1.0,5.0,3.0,2.0,4.0,3.0,3.0,1.0,5.0,5.0,1.0,1.0,5.0,1.0,2.0,5.0,5.0,2,6,7,7,6,7,4,1,5,1,1,1,1,1,1,0,0,1,0,1,0,0,1,1,1,1,4,2,2,2,32,3,12,1,70,1,1,1
12279,3.0,3.0,3.0,3.0,3.0,3.0,3.0,3.0,3.0,3.0,3.0,3.0,3.0,3.0,3.0,3.0,3.0,3.0,3.0,3.0,4,4,4,4,4,4,4,4,4,4,0,0,0,0,0,0,0,0,0,0,0,0,0,0,0,1,3,2,1,2,22,1,8,3,10,2,1,3
12280,2.0,2.0,1.0,5.0,1.0,5.0,5.0,1.0,5.0,4.0,2.0,5.0,1.0,1.0,2.0,5.0,1.0,5.0,5.0,1.0,1,1,7,7,7,7,7,1,6,7,1,1,1,1,1,0,0,0,0,1,0,1,1,1,1,1,4,3,2,1,34,1,1,1,60,2,3,3
12281,2.0,2.0,4.0,4.0,3.0,2.0,4.0,2.0,4.0,4.0,4.0,3.0,2.0,4.0,4.0,4.0,2.0,2.0,4.0,1.0,4,5,5,3,5,5,6,3,5,5,1,1,1,1,1,1,1,1,0,1,1,1,1,1,1,1,3,1,1,1,21,1,6,2,60,1,1,1
12282,4.0,1.0,1.0,4.0,1.0,1.0,1.0,2.0,3.0,3.0,1.0,2.0,2.0,4.0,4.0,2.0,4.0,3.0,5.0,3.0,7,5,4,2,6,2,5,4,6,2,1,1,0,1,1,0,0,0,0,1,0,1,1,1,1,1,4,2,2,1,37,1,2,1,60,1,2,2
12283,4.0,3.0,4.0,3.0,3.0,4.0,3.0,4.0,4.0,4.0,2.0,2.0,3.0,1.0,3.0,1.0,2.0,3.0,5.0,2.0,5,6,4,7,6,4,6,3,4,2,1,1,1,1,1,0,0,1,0,1,0,0,1,1,1,1,3,3,2,2,21,1,4,1,60,1,1,3
12284,4.0,1.0,4.0,4.0,5.0,1.0,1.0,4.0,2.0,1.0,1.0,5.0,4.0,2.0,5.0,2.0,5.0,5.0,5.0,4.0,6,7,6,5,2,2,7,5,5,1,0,0,0,0,1,0,0,0,0,1,0,0,0,0,0,1,3,2,2,1,32,1,6,1,60,2,1,2
12285,4.0,4.0,2.0,2.0,4.0,2.0,2.0,2.0,4.0,4.0,2.0,3.0,4.0,4.0,2.0,2.0,3.0,2.0,4.0,4.0,3,1,1,1,7,6,7,1,3,1,1,1,1,1,1,0,0,1,0,1,0,1,1,1,1,1,4,2,2,1,62,1,7,1,60,2,3,4
12286,4.0,5.0,1.0,1.0,4.0,2.0,1.0,2.0,4.0,2.0,1.0,5.0,4.0,1.0,4.0,2.0,1.0,5.0,5.0,1.0,6,4,5,1,7,2,1,3,4,1,1,1,1,1,1,1,1,1,1,1,1,1,1,1,1,1,3,2,1,1,26,2,2,2,60,1,1,4
12287,4.0,2.0,3.0,1.0,3.0,1.0,1.0,5.0,4.0,2.0,2.0,5.0,3.0,2.0,3.0,1.0,2.0,5.0,4.0,1.0,1,6,5,6,1,7,3,5,5,6,1,1,0,1,1,0,0,1,0,1,0,0,1,1,1,1,3,3,1,1,25,1,1,1,60,2,1,3
12288,4.0,2.0,3.0,4.0,2.0,2.0,2.0,2.0,4.0,5.0,1.0,1.0,4.0,2.0,2.0,4.0,4.0,1.0,5.0,1.0,7,4,6,4,5,1,7,1,4,4,1,1,0,1,1,0,0,1,0,1,0,0,1,1,1,1,4,2,2,1,27,1,4,1,60,1,2,2
12289,5.0,1.0,1.0,5.0,1.0,1.0,1.0,1.0,5.0,5.0,1.0,5.0,1.0,1.0,1.0,1.0,1.0,5.0,5.0,3.0,1,7,3,5,3,3,5,7,3,7,1,1,1,1,1,0,1,1,0,1,0,0,1,1,1,1,3,3,1,1,52,1,2,1,60,2,2,6
12290,4.0,2.0,4.0,4.0,5.0,3.0,2.0,5.0,2.0,4.0,2.0,2.0,4.0,4.0,4.0,2.0,3.0,4.0,5.0,3.0,5,5,5,6,6,1,7,5,2,2,0,0,0,0,0,0,0,0,0,0,0,0,0,0,0,0,3,2,2,2,20,1,2,1,60,2,1,2
12291,3.0,4.0,4.0,2.0,2.0,5.0,3.0,5.0,5.0,3.0,1.0,5.0,1.0,1.0,2.0,2.0,1.0,1.0,5.0,1.0,7,5,7,2,6,2,7,1,5,3,1,1,1,1,1,0,0,0,0,1,0,0,1,1,1,1,4,1,2,1,24,1,4,1,60,1,1,1
12292,4.0,2.0,3.0,4.0,2.0,4.0,4.0,2.0,4.0,2.0,4.0,2.0,4.0,3.0,3.0,4.0,4.0,2.0,5.0,2.0,6,2,6,5,5,3,5,2,5,3,1,1,0,1,1,1,0,0,0,1,0,1,1,1,1,1,3,1,2,1,31,1,2,1,60,1,2,3
12293,4.0,4.0,4.0,2.0,4.0,1.0,1.0,4.0,2.0,2.0,2.0,5.0,4.0,4.0,4.0,4.0,1.0,4.0,2.0,2.0,1,6,6,2,6,5,5,1,6,2,1,1,1,1,1,0,1,1,0,1,0,1,1,1,1,1,2,2,1,1,19,1,9,1,70,1,1,3
12294,1.0,2.0,2.0,5.0,1.0,2.0,2.0,1.0,5.0,5.0,2.0,3.0,5.0,5.0,4.0,5.0,4.0,4.0,1.0,1.0,0,0,0,0,7,0,0,0,0,0,1,1,1,1,1,0,1,1,0,1,0,0,1,1,1,1,4,2,2,1,53,1,4,1,70,2,2,4
12295,1.0,1.0,4.0,5.0,4.0,5.0,4.0,2.0,4.0,5.0,5.0,1.0,1.0,4.0,4.0,5.0,1.0,1.0,5.0,1.0,1,6,1,6,3,7,7,6,3,1,1,1,1,1,1,0,1,0,0,1,0,1,1,1,1,1,3,2,1,1,31,2,5,1,60,1,1,7
12296,1.0,1.0,2.0,4.0,4.0,2.0,1.0,2.0,5.0,3.0,1.0,5.0,1.0,1.0,2.0,1.0,1.0,3.0,5.0,1.0,6,6,7,6,6,5,7,1,2,2,1,1,0,1,1,0,0,0,0,1,0,0,0,1,1,1,3,3,2,1,21,1,2,1,70,2,1,3
12297,1.0,3.0,5.0,4.0,3.0,4.0,2.0,3.0,5.0,5.0,3.0,3.0,3.0,5.0,3.0,2.0,5.0,3.0,5.0,1.0,2,2,6,5,5,6,5,2,4,2,1,1,1,1,1,0,1,1,0,1,1,0,1,1,1,1,4,2,1,1,63,1,12,1,60,1,3,3
12298,2.0,4.0,1.0,3.0,3.0,4.0,1.0,4.0,4.0,2.0,2.0,1.0,2.0,3.0,3.0,1.0,3.0,5.0,3.0,4.0,4,6,5,6,4,3,6,6,4,2,1,1,1,1,1,0,0,0,0,1,0,0,1,1,1,1,3,2,2,1,24,1,9,3,60,2,1,2
12299,4.0,5.0,2.0,4.0,4.0,1.0,1.0,4.0,3.0,2.0,2.0,3.0,2.0,3.0,5.0,4.0,4.0,3.0,5.0,3.0,7,3,6,4,7,2,4,2,3,4,1,1,0,1,1,1,0,0,0,1,0,0,1,1,1,1,3,3,1,2,21,1,4,1,60,1,1,3
12300,2.0,3.0,2.0,4.0,4.0,2.0,2.0,1.0,3.0,2.0,2.0,5.0,1.0,3.0,3.0,2.0,2.0,4.0,5.0,1.0,1,3,3,4,6,6,3,5,5,3,1,1,0,1,1,0,0,1,0,1,0,0,1,1,1,1,3,3,1,1,20,1,1,1,70,2,1,2
12301,1.0,2.0,4.0,4.0,1.0,4.0,4.0,1.0,5.0,5.0,2.0,2.0,1.0,4.0,4.0,4.0,2.0,4.0,5.0,1.0,3,1,6,2,7,6,6,2,5,1,1,1,1,1,1,0,1,1,0,1,1,0,1,1,1,1,3,2,3,1,37,1,2,5,60,1,1,2
12302,5.0,4.0,4.0,2.0,5.0,2.0,3.0,5.0,3.0,4.0,1.0,4.0,4.0,2.0,4.0,4.0,5.0,5.0,5.0,4.0,3,5,5,3,5,2,6,0,5,2,1,1,1,1,1,0,0,1,0,1,0,1,1,1,1,1,3,1,2,2,29,1,1,1,60,2,2,2
12303,4.0,4.0,1.0,3.0,5.0,1.0,2.0,4.0,3.0,1.0,1.0,5.0,2.0,1.0,5.0,4.0,4.0,3.0,5.0,2.0,5,2,6,4,5,5,5,3,5,3,1,1,1,1,1,0,1,1,0,1,0,0,1,1,1,1,4,3,1,2,29,1,1,1,10,2,1,2
12304,1.0,1.0,2.0,4.0,5.0,4.0,1.0,4.0,4.0,4.0,1.0,1.0,1.0,4.0,1.0,4.0,3.0,2.0,4.0,1.0,5,2,7,5,5,6,3,2,6,3,1,1,0,1,1,0,0,0,0,1,0,0,1,1,1,1,4,1,2,1,38,1,7,1,60,2,2,3
12305,1.0,1.0,1.0,1.0,1.0,1.0,2.0,1.0,5.0,5.0,1.0,1.0,1.0,1.0,1.0,5.0,1.0,1.0,5.0,4.0,1,5,6,7,2,7,5,2,2,1,1,1,1,1,1,0,1,0,0,1,0,0,1,1,1,1,3,1,2,1,37,1,1,1,60,1,2,1
12306,3.0,3.0,4.0,3.0,4.0,2.0,3.0,4.0,5.0,4.0,1.0,4.0,2.0,2.0,3.0,2.0,2.0,2.0,5.0,4.0,5,5,5,6,3,3,7,4,2,3,1,1,0,1,1,0,0,0,0,1,0,0,1,1,1,1,4,2,2,1,26,1,8,1,10,1,1,1
12307,5.0,5.0,4.0,3.0,5.0,2.0,1.0,4.0,4.0,3.0,1.0,4.0,5.0,2.0,5.0,4.0,2.0,4.0,5.0,3.0,6,6,5,6,7,5,3,3,5,2,1,1,0,1,1,0,0,0,0,1,0,0,1,1,1,1,0,2,1,1,23,1,3,1,10,2,1,2
12308,3.0,2.0,4.0,2.0,2.0,4.0,4.0,4.0,5.0,4.0,2.0,3.0,2.0,3.0,4.0,4.0,3.0,4.0,3.0,1.0,5,3,6,3,3,4,6,2,3,3,1,1,0,1,1,0,1,0,0,1,0,0,1,1,1,1,3,2,2,1,26,1,6,1,60,1,2,4
12309,4.0,5.0,1.0,2.0,4.0,1.0,1.0,2.0,2.0,4.0,2.0,5.0,4.0,1.0,5.0,1.0,5.0,4.0,5.0,5.0,4,4,6,2,5,2,2,1,6,6,1,1,0,1,1,0,1,1,0,1,0,1,1,1,1,1,3,2,1,1,45,1,1,0,0,1,1,3
12310,5.0,5.0,4.0,1.0,5.0,1.0,1.0,5.0,4.0,1.0,1.0,5.0,5.0,1.0,5.0,1.0,2.0,5.0,4.0,3.0,7,2,7,2,3,5,3,1,7,6,1,1,1,1,1,0,0,1,0,1,0,0,1,1,1,1,4,2,1,1,34,2,6,2,60,1,1,3
12311,4.0,1.0,2.0,5.0,4.0,4.0,2.0,2.0,5.0,3.0,4.0,5.0,1.0,1.0,3.0,1.0,2.0,2.0,5.0,1.0,1,1,2,2,3,7,6,5,7,7,1,1,0,1,1,0,0,0,0,1,0,0,1,1,1,1,4,2,1,1,23,1,12,1,70,1,1,3
12312,2.0,1.0,4.0,4.0,2.0,3.0,2.0,2.0,5.0,4.0,3.0,2.0,1.0,3.0,1.0,4.0,5.0,4.0,3.0,1.0,3,3,6,5,7,6,5,6,4,5,1,1,0,1,1,0,0,0,0,1,0,0,1,1,1,1,3,1,2,1,28,1,7,1,60,1,1,5
12313,5.0,5.0,2.0,2.0,5.0,1.0,1.0,4.0,1.0,2.0,1.0,4.0,5.0,1.0,5.0,1.0,1.0,5.0,5.0,5.0,7,7,7,6,7,1,7,2,3,1,1,1,1,1,1,1,0,1,0,1,0,0,1,1,1,1,3,1,1,1,60,1,5,2,50,2,2,6
12314,5.0,5.0,1.0,1.0,5.0,1.0,1.0,5.0,1.0,1.0,1.0,5.0,5.0,1.0,5.0,1.0,1.0,5.0,5.0,5.0,5,7,7,6,7,7,1,1,2,3,1,1,0,1,1,0,0,0,0,1,0,0,1,1,1,1,2,1,1,1,17,1,7,1,60,2,1,5
12315,5.0,5.0,5.0,1.0,5.0,1.0,1.0,5.0,5.0,5.0,1.0,5.0,5.0,1.0,4.0,1.0,1.0,5.0,4.0,5.0,2,1,4,7,7,4,7,1,1,1,1,1,0,1,1,1,0,1,0,1,0,0,0,1,1,1,4,3,2,2,39,1,1,1,60,2,3,1
12316,3.0,4.0,3.0,3.0,4.0,5.0,3.0,3.0,5.0,3.0,3.0,1.0,1.0,5.0,1.0,2.0,3.0,5.0,5.0,3.0,5,5,6,6,7,6,7,6,3,3,1,0,0,1,1,0,0,0,0,1,0,0,0,1,1,1,3,3,1,2,23,1,8,2,10,2,1,3
12317,1.0,2.0,4.0,4.0,5.0,5.0,5.0,4.0,5.0,4.0,4.0,4.0,2.0,2.0,2.0,5.0,2.0,2.0,4.0,4.0,6,2,7,2,7,5,6,1,6,3,1,1,1,1,1,1,0,1,0,1,0,1,1,1,1,1,2,1,1,1,53,1,6,1,60,1,3,3
12318,5.0,5.0,1.0,1.0,5.0,1.0,1.0,5.0,1.0,1.0,1.0,5.0,5.0,1.0,5.0,5.0,1.0,5.0,5.0,3.0,4,4,4,1,7,4,2,2,7,1,1,1,0,1,1,0,0,0,0,0,0,0,0,1,1,1,3,3,1,2,32,1,2,2,60,1,1,1
12319,5.0,5.0,2.0,2.0,4.0,3.0,2.0,3.0,5.0,4.0,1.0,3.0,2.0,5.0,3.0,4.0,2.0,2.0,4.0,1.0,7,5,6,4,7,6,5,1,2,1,0,0,1,0,1,0,0,0,0,0,0,0,1,1,0,1,4,2,1,2,23,3,4,1,10,2,1,1
12320,5.0,5.0,4.0,1.0,5.0,3.0,1.0,5.0,5.0,4.0,1.0,5.0,5.0,1.0,5.0,1.0,1.0,5.0,5.0,5.0,7,1,7,1,6,6,1,5,7,1,1,1,0,1,1,0,0,1,0,1,0,0,1,1,1,1,2,1,1,1,23,1,6,1,70,1,1,3
12321,5.0,4.0,3.0,2.0,5.0,1.0,1.0,4.0,4.0,1.0,1.0,5.0,2.0,1.0,5.0,1.0,1.0,2.0,5.0,4.0,5,7,5,4,7,6,6,5,6,2,1,1,1,1,1,0,0,0,0,1,0,0,1,1,1,1,4,3,1,2,34,1,2,1,60,2,1,1
12322,5.0,4.0,1.0,1.0,5.0,1.0,1.0,4.0,1.0,1.0,1.0,5.0,5.0,1.0,4.0,1.0,1.0,4.0,5.0,5.0,1,7,7,1,7,7,5,5,6,1,1,1,1,1,1,1,1,0,1,1,0,1,1,1,1,1,2,2,2,2,16,1,1,3,60,2,1,1
12323,5.0,5.0,1.0,1.0,5.0,5.0,5.0,1.0,5.0,3.0,1.0,5.0,1.0,1.0,1.0,5.0,5.0,1.0,5.0,1.0,0,0,7,0,0,7,0,0,7,0,1,1,1,1,1,0,0,1,0,1,0,0,1,1,1,1,3,2,1,1,64,1,4,1,60,1,1,2
12324,5.0,3.0,4.0,1.0,5.0,5.0,4.0,3.0,5.0,5.0,1.0,4.0,5.0,3.0,5.0,5.0,5.0,4.0,5.0,1.0,6,5,4,7,6,6,7,1,2,2,0,0,0,0,0,0,0,0,0,0,0,0,0,0,0,1,3,3,3,2,21,1,10,2,20,2,1,3
12325,4.0,3.0,4.0,4.0,4.0,4.0,2.0,2.0,4.0,2.0,2.0,4.0,4.0,2.0,4.0,2.0,2.0,4.0,4.0,1.0,5,5,3,3,6,2,5,3,6,3,1,1,0,1,1,0,0,1,0,1,0,1,1,1,1,1,3,2,1,1,25,1,1,1,60,1,1,3
12326,1.0,1.0,1.0,4.0,4.0,4.0,2.0,2.0,5.0,4.0,1.0,4.0,2.0,2.0,3.0,2.0,3.0,1.0,5.0,2.0,2,3,5,6,5,6,6,3,2,2,1,1,0,1,1,0,1,0,0,1,0,0,1,1,1,1,3,1,2,1,33,1,1,1,60,1,2,2
12327,2.0,2.0,1.0,2.0,4.0,4.0,5.0,1.0,5.0,5.0,1.0,4.0,2.0,2.0,3.0,2.0,1.0,4.0,5.0,1.0,1,3,5,6,7,7,6,2,6,2,1,1,1,1,1,0,1,0,1,1,1,1,1,1,1,1,3,1,2,1,50,3,1,1,60,1,2,1
12328,1.0,1.0,4.0,4.0,5.0,5.0,5.0,4.0,5.0,5.0,1.0,1.0,4.0,5.0,4.0,1.0,1.0,4.0,5.0,1.0,7,6,7,6,7,2,7,1,7,1,1,1,1,1,1,0,0,0,0,1,0,0,1,1,1,1,3,2,1,1,28,1,6,1,60,1,1,2
12329,4.0,5.0,2.0,1.0,2.0,1.0,1.0,4.0,2.0,1.0,2.0,5.0,2.0,1.0,5.0,1.0,2.0,4.0,4.0,1.0,5,2,1,4,6,2,5,7,5,1,1,1,0,1,1,0,0,1,0,1,0,1,1,1,1,1,3,2,2,1,21,1,4,1,60,1,1,4
12330,1.0,2.0,5.0,3.0,5.0,5.0,5.0,4.0,5.0,5.0,2.0,2.0,3.0,4.0,2.0,5.0,4.0,4.0,3.0,2.0,1,1,5,6,5,7,7,4,2,1,1,1,0,1,1,0,0,0,0,1,0,0,0,1,1,1,2,3,2,1,13,1,10,5,20,2,2,5
12331,1.0,3.0,5.0,4.0,1.0,5.0,5.0,1.0,5.0,5.0,3.0,1.0,1.0,4.0,1.0,3.0,2.0,1.0,3.0,1.0,6,1,6,4,5,3,6,1,3,6,1,1,0,1,1,0,0,0,0,1,0,0,1,1,1,1,3,2,2,2,31,1,1,1,60,1,2,3
12332,2.0,1.0,4.0,5.0,2.0,5.0,3.0,2.0,5.0,5.0,2.0,1.0,1.0,2.0,3.0,2.0,4.0,1.0,3.0,1.0,6,1,4,6,6,6,7,6,6,2,1,1,0,1,1,0,0,0,0,1,1,1,0,1,1,1,3,3,1,2,40,1,3,1,60,1,1,2
12333,3.0,4.0,2.0,2.0,5.0,2.0,2.0,4.0,5.0,4.0,1.0,4.0,5.0,2.0,5.0,5.0,2.0,4.0,5.0,1.0,7,6,1,7,5,1,7,7,1,1,1,1,0,1,1,0,0,0,0,1,0,0,0,1,1,1,3,1,2,1,23,1,12,2,60,2,1,3
12334,5.0,5.0,5.0,1.0,4.0,4.0,2.0,4.0,5.0,3.0,1.0,4.0,1.0,1.0,1.0,3.0,4.0,5.0,5.0,3.0,3,2,4,5,7,1,5,5,7,1,1,1,0,1,1,0,1,0,0,1,0,0,1,0,1,1,3,3,1,2,31,1,2,1,60,1,1,1
12335,4.0,4.0,4.0,3.0,4.0,5.0,3.0,2.0,4.0,4.0,2.0,2.0,2.0,5.0,4.0,5.0,4.0,4.0,3.0,1.0,5,6,3,4,5,7,7,2,4,2,1,1,1,1,1,0,0,0,0,1,0,0,0,1,1,1,2,2,2,1,20,1,7,1,70,2,1,3
12336,5.0,5.0,2.0,2.0,5.0,2.0,1.0,5.0,4.0,2.0,1.0,5.0,1.0,1.0,4.0,1.0,4.0,5.0,4.0,3.0,3,5,3,5,3,5,5,6,5,2,1,1,1,1,1,1,0,0,0,1,0,1,1,1,1,1,3,2,2,1,34,1,4,1,60,1,2,4
12337,4.0,5.0,5.0,4.0,5.0,3.0,5.0,3.0,3.0,3.0,2.0,5.0,5.0,1.0,4.0,2.0,2.0,5.0,5.0,1.0,6,6,2,2,7,5,5,6,7,3,0,0,0,1,1,0,0,1,0,1,0,0,0,1,1,1,3,1,1,2,22,2,10,1,20,2,1,5
12338,5.0,4.0,3.0,1.0,5.0,1.0,1.0,5.0,3.0,3.0,2.0,5.0,5.0,1.0,4.0,1.0,1.0,4.0,5.0,1.0,2,5,6,2,6,6,5,1,6,1,1,1,1,1,1,0,0,1,0,1,0,1,1,1,1,1,4,2,1,1,38,1,7,1,30,2,1,2
12339,4.0,5.0,3.0,3.0,5.0,2.0,2.0,3.0,1.0,1.0,2.0,2.0,3.0,2.0,5.0,4.0,3.0,4.0,5.0,2.0,5,6,2,6,6,5,5,3,4,5,1,1,0,1,1,0,0,0,0,1,0,0,1,1,1,1,2,3,1,2,18,1,3,1,10,2,1,1
12340,3.0,4.0,1.0,1.0,4.0,4.0,4.0,2.0,5.0,4.0,1.0,4.0,1.0,1.0,4.0,5.0,4.0,4.0,5.0,1.0,6,7,5,6,7,5,4,6,2,7,1,1,1,1,1,0,0,0,0,1,0,0,1,1,1,1,3,2,2,1,25,1,1,1,60,2,1,2
12341,1.0,1.0,5.0,4.0,1.0,5.0,4.0,2.0,5.0,5.0,5.0,3.0,1.0,2.0,5.0,4.0,1.0,1.0,3.0,1.0,3,2,5,4,4,5,5,2,6,1,1,1,1,1,1,0,0,0,0,1,0,0,1,1,1,1,2,2,2,1,26,1,6,1,70,1,1,2
12342,4.0,3.0,4.0,1.0,5.0,3.0,2.0,4.0,2.0,3.0,1.0,5.0,5.0,2.0,4.0,2.0,1.0,5.0,5.0,2.0,3,4,5,1,6,6,2,3,6,2,0,1,0,0,1,0,0,0,0,0,0,0,0,1,1,1,1,2,1,2,15,2,2,1,70,2,1,1
12343,4.0,4.0,5.0,1.0,5.0,4.0,4.0,5.0,5.0,4.0,4.0,3.0,5.0,1.0,3.0,5.0,3.0,4.0,3.0,3.0,6,6,6,4,6,7,6,4,6,4,1,1,1,1,1,1,1,0,1,1,1,0,1,1,1,1,3,2,1,2,19,1,7,1,30,2,1,2
12344,5.0,3.0,4.0,4.0,5.0,3.0,5.0,4.0,5.0,4.0,3.0,2.0,4.0,3.0,4.0,5.0,3.0,5.0,5.0,3.0,7,6,7,4,7,5,4,2,6,2,1,1,0,1,0,0,0,0,0,1,0,0,0,0,1,1,1,1,2,1,15,1,4,0,10,2,1,3
12345,1.0,2.0,3.0,4.0,3.0,4.0,4.0,1.0,5.0,3.0,1.0,3.0,3.0,2.0,3.0,4.0,3.0,2.0,3.0,3.0,5,2,7,1,2,1,4,1,7,1,1,1,0,1,1,1,0,1,0,1,0,0,1,1,1,1,3,3,2,2,47,1,1,1,60,1,2,3
12346,1.0,1.0,5.0,5.0,1.0,4.0,4.0,1.0,5.0,5.0,3.0,1.0,1.0,5.0,2.0,5.0,2.0,1.0,1.0,1.0,4,2,7,5,6,6,7,1,5,6,1,1,0,1,0,0,0,0,0,1,1,0,1,1,1,1,4,3,2,2,54,1,1,1,60,2,1,2
12347,4.0,5.0,2.0,2.0,4.0,1.0,1.0,3.0,3.0,2.0,1.0,4.0,5.0,1.0,5.0,2.0,3.0,5.0,5.0,1.0,2,6,3,6,5,5,3,6,4,5,0,0,0,1,1,0,0,0,0,0,0,0,0,1,1,0,2,3,1,1,18,1,2,1,60,0,1,1
12348,5.0,5.0,1.0,1.0,5.0,3.0,1.0,5.0,2.0,1.0,3.0,5.0,2.0,1.0,5.0,1.0,1.0,5.0,3.0,3.0,4,6,6,4,7,7,1,2,4,2,1,0,0,1,0,0,0,0,0,1,0,0,0,1,1,1,2,2,1,2,21,2,1,1,60,1,1,2
12349,3.0,1.0,4.0,3.0,4.0,4.0,4.0,2.0,5.0,5.0,1.0,4.0,2.0,2.0,3.0,1.0,2.0,4.0,3.0,1.0,3,3,3,5,5,5,6,5,2,1,1,1,1,1,1,0,1,1,0,1,0,0,1,1,1,1,2,2,1,1,22,1,1,1,60,1,1,2
12350,1.0,1.0,4.0,2.0,5.0,2.0,2.0,2.0,5.0,5.0,1.0,1.0,1.0,1.0,4.0,1.0,1.0,1.0,5.0,3.0,6,1,6,1,6,2,7,6,3,4,1,1,0,1,1,0,0,0,0,1,1,0,1,1,1,1,3,2,2,1,50,1,6,1,60,1,2,2
12351,5.0,5.0,2.0,1.0,5.0,1.0,4.0,5.0,3.0,2.0,1.0,5.0,4.0,1.0,5.0,1.0,1.0,5.0,5.0,2.0,6,6,6,3,6,6,3,1,6,4,1,1,0,1,1,0,0,0,0,1,0,0,0,1,1,1,3,3,1,2,38,1,4,1,60,1,2,4
12352,4.0,4.0,4.0,4.0,4.0,4.0,2.0,4.0,4.0,2.0,2.0,2.0,2.0,2.0,4.0,4.0,2.0,4.0,4.0,2.0,6,5,5,2,5,5,5,2,5,3,1,1,0,1,1,0,0,0,0,1,0,0,0,1,1,1,4,3,1,2,45,1,4,1,10,2,1,2
12353,5.0,5.0,2.0,1.0,4.0,1.0,1.0,4.0,5.0,3.0,1.0,1.0,5.0,2.0,5.0,2.0,1.0,5.0,5.0,5.0,4,7,6,6,7,6,3,5,2,1,1,1,0,1,1,0,1,1,0,1,0,1,1,1,1,1,3,1,1,2,34,1,9,1,60,1,1,1
12354,1.0,5.0,5.0,1.0,5.0,5.0,1.0,5.0,5.0,1.0,1.0,3.0,3.0,1.0,3.0,1.0,4.0,1.0,5.0,5.0,4,5,7,4,6,4,1,1,1,1,1,1,0,1,1,1,0,0,0,1,0,0,0,1,1,1,2,3,2,2,20,1,7,1,70,2,1,0
12355,3.0,5.0,3.0,2.0,5.0,1.0,2.0,2.0,1.0,4.0,1.0,5.0,1.0,1.0,3.0,5.0,2.0,2.0,5.0,2.0,1,3,2,7,7,7,5,7,5,3,1,1,0,1,0,0,0,1,0,1,0,0,0,0,1,1,4,1,2,2,27,1,1,1,60,2,1,1
12356,1.0,5.0,1.0,1.0,5.0,1.0,2.0,5.0,4.0,2.0,1.0,5.0,5.0,1.0,5.0,2.0,1.0,5.0,4.0,1.0,1,4,3,3,5,6,4,6,5,3,1,1,0,1,1,0,1,1,0,1,1,0,1,1,1,1,3,1,2,2,49,1,2,1,60,1,1,2
12357,3.0,1.0,5.0,5.0,1.0,4.0,2.0,1.0,5.0,5.0,2.0,1.0,1.0,2.0,2.0,4.0,4.0,2.0,5.0,3.0,1,5,7,1,7,6,6,1,7,2,1,1,1,1,1,0,1,1,0,1,0,0,1,1,1,1,4,3,2,1,60,1,2,1,60,1,2,3
12358,3.0,3.0,3.0,5.0,4.0,4.0,4.0,1.0,5.0,4.0,1.0,5.0,5.0,1.0,1.0,4.0,1.0,5.0,4.0,3.0,3,1,6,2,7,7,7,4,7,1,1,1,0,1,1,0,0,1,0,1,0,0,1,1,1,1,3,3,1,1,49,1,4,1,60,2,3,3
12359,1.0,2.0,4.0,4.0,4.0,4.0,4.0,2.0,4.0,5.0,2.0,1.0,1.0,2.0,2.0,4.0,5.0,2.0,5.0,1.0,0,0,0,0,0,0,0,0,0,0,0,0,0,0,0,0,0,0,0,0,0,0,0,0,0,0,4,0,2,1,58,1,0,0,0,1,3,2
12360,5.0,5.0,1.0,1.0,5.0,1.0,1.0,5.0,1.0,2.0,1.0,5.0,4.0,1.0,5.0,1.0,1.0,5.0,5.0,5.0,2,7,3,2,3,6,1,6,7,2,1,1,1,1,1,0,0,1,0,1,0,1,1,1,1,1,2,2,1,1,22,1,7,1,60,1,1,2
12361,5.0,5.0,4.0,2.0,4.0,4.0,2.0,4.0,4.0,2.0,2.0,4.0,5.0,2.0,2.0,1.0,2.0,3.0,5.0,3.0,6,4,5,2,6,5,5,5,4,4,1,1,0,1,1,0,0,1,0,1,0,0,1,1,1,1,3,3,1,2,24,1,4,1,70,2,1,4
12362,5.0,5.0,1.0,1.0,5.0,1.0,1.0,5.0,5.0,1.0,1.0,5.0,5.0,1.0,5.0,1.0,1.0,5.0,5.0,5.0,7,5,7,1,6,7,7,1,7,1,1,1,1,1,1,0,1,0,0,1,0,0,1,1,1,1,3,3,1,1,50,1,7,1,30,1,3,2
12363,5.0,1.0,2.0,4.0,4.0,5.0,5.0,5.0,5.0,5.0,1.0,4.0,5.0,2.0,2.0,5.0,1.0,2.0,5.0,1.0,7,1,7,2,7,1,6,2,6,2,1,1,0,1,1,0,0,0,0,1,0,0,1,1,1,1,3,1,2,1,56,1,6,1,60,1,2,5
12364,5.0,5.0,3.0,2.0,3.0,3.0,4.0,5.0,1.0,2.0,2.0,5.0,5.0,2.0,5.0,3.0,5.0,5.0,5.0,4.0,6,3,6,1,7,3,5,7,6,2,1,0,0,1,1,0,0,0,0,1,0,0,0,1,1,1,3,3,1,2,20,1,10,1,60,1,1,3
12365,1.0,2.0,4.0,4.0,4.0,4.0,2.0,2.0,5.0,3.0,1.0,4.0,1.0,1.0,4.0,2.0,1.0,2.0,5.0,1.0,2,5,7,7,5,6,3,2,3,3,1,1,0,1,1,0,0,1,0,1,1,0,1,1,1,1,4,2,1,1,36,1,1,3,60,1,1,2
12366,4.0,5.0,2.0,5.0,5.0,3.0,2.0,4.0,5.0,5.0,1.0,4.0,4.0,2.0,4.0,2.0,2.0,5.0,5.0,3.0,2,5,6,4,5,7,6,5,6,2,1,1,1,1,1,0,0,0,0,1,0,0,1,1,1,1,2,2,1,1,64,2,3,1,60,1,1,2
12367,1.0,1.0,4.0,5.0,1.0,4.0,4.0,1.0,5.0,5.0,5.0,1.0,1.0,5.0,3.0,5.0,5.0,1.0,3.0,1.0,5,6,3,6,7,5,6,5,2,1,1,1,0,1,1,0,0,0,0,1,0,0,0,1,1,1,3,3,2,1,39,1,12,1,60,2,1,2
12368,1.0,1.0,2.0,3.0,4.0,1.0,2.0,1.0,5.0,3.0,1.0,5.0,4.0,1.0,3.0,1.0,2.0,2.0,5.0,1.0,1,6,7,6,5,2,5,1,3,4,1,1,1,1,1,0,1,1,0,1,0,0,1,1,1,1,4,3,2,1,33,1,12,1,60,1,2,2
12369,1.0,1.0,4.0,3.0,2.0,2.0,1.0,4.0,5.0,3.0,1.0,1.0,1.0,1.0,4.0,5.0,1.0,2.0,2.0,1.0,5,2,6,1,6,3,5,1,6,3,1,1,1,1,1,0,1,0,0,1,1,0,1,1,1,1,3,2,2,1,35,1,4,1,60,1,2,3
12370,5.0,1.0,3.0,4.0,2.0,3.0,2.0,4.0,5.0,2.0,2.0,2.0,4.0,5.0,4.0,4.0,2.0,2.0,5.0,3.0,3,7,7,1,7,6,2,7,6,3,1,1,1,1,1,0,1,0,1,1,0,0,1,1,1,1,4,2,1,2,26,1,2,1,70,1,1,2
12371,2.0,4.0,2.0,3.0,1.0,5.0,2.0,4.0,2.0,2.0,2.0,4.0,1.0,1.0,2.0,2.0,1.0,4.0,5.0,3.0,5,7,5,7,6,2,2,1,1,1,1,1,0,1,1,0,0,1,1,1,0,1,1,1,1,1,3,2,1,1,29,1,2,1,60,2,1,2
12372,3.0,2.0,4.0,5.0,1.0,1.0,1.0,2.0,5.0,4.0,1.0,4.0,1.0,3.0,2.0,4.0,1.0,1.0,5.0,1.0,3,5,6,2,3,6,6,3,7,7,1,1,1,1,1,0,1,0,0,1,0,0,1,1,1,1,3,2,2,1,56,1,4,1,60,1,2,5
12373,1.0,4.0,4.0,4.0,4.0,2.0,5.0,5.0,5.0,5.0,4.0,5.0,5.0,2.0,5.0,4.0,4.0,5.0,5.0,4.0,3,6,6,3,6,0,6,6,5,2,1,1,1,1,1,0,0,0,0,1,0,0,1,1,1,1,3,1,2,1,54,1,7,1,60,1,2,5
12374,4.0,1.0,1.0,4.0,5.0,1.0,1.0,1.0,2.0,1.0,1.0,5.0,2.0,1.0,5.0,2.0,1.0,5.0,5.0,1.0,1,5,3,6,7,5,7,5,3,1,1,1,0,1,1,0,0,0,0,1,0,0,1,1,1,1,2,2,1,1,43,1,1,1,60,0,2,3
12375,3.0,5.0,4.0,4.0,4.0,1.0,2.0,3.0,5.0,4.0,2.0,2.0,4.0,2.0,4.0,4.0,1.0,1.0,5.0,3.0,5,2,7,5,5,3,7,2,3,2,1,1,1,1,1,0,1,1,0,1,1,0,1,1,1,1,4,2,2,1,54,2,2,1,60,1,3,3
12376,2.0,5.0,3.0,4.0,2.0,1.0,1.0,2.0,5.0,4.0,1.0,2.0,2.0,2.0,5.0,4.0,1.0,4.0,5.0,1.0,2,5,6,6,5,7,6,2,3,3,1,1,0,1,1,0,0,0,0,1,0,0,0,1,1,1,3,2,2,1,33,1,1,1,60,1,1,2
12377,3.0,2.0,4.0,5.0,5.0,5.0,2.0,1.0,5.0,5.0,2.0,4.0,2.0,2.0,2.0,3.0,2.0,3.0,5.0,1.0,6,5,7,4,7,1,6,1,5,2,1,1,1,1,1,1,0,1,0,1,0,1,1,1,1,1,3,2,2,1,46,3,6,1,60,1,2,3
12378,4.0,5.0,5.0,5.0,3.0,3.0,4.0,1.0,5.0,4.0,2.0,5.0,2.0,3.0,1.0,4.0,1.0,4.0,5.0,1.0,7,5,7,5,4,5,7,1,7,1,0,1,1,1,1,0,1,1,0,1,0,0,1,1,1,1,4,3,1,2,28,1,1,1,70,2,1,2
12379,5.0,5.0,3.0,1.0,5.0,2.0,1.0,5.0,1.0,3.0,1.0,5.0,5.0,1.0,4.0,1.0,1.0,5.0,5.0,1.0,7,6,5,5,2,4,6,7,2,1,1,1,0,1,1,0,0,0,0,1,0,0,1,1,1,1,2,3,1,1,34,3,5,1,60,1,2,3
12380,1.0,4.0,4.0,3.0,4.0,5.0,4.0,3.0,5.0,5.0,4.0,4.0,1.0,2.0,3.0,5.0,3.0,2.0,3.0,1.0,7,1,7,5,5,1,6,3,7,3,1,1,1,1,1,0,0,1,0,1,0,1,1,1,1,1,4,2,2,1,46,2,4,1,60,1,2,2
12381,4.0,4.0,4.0,2.0,4.0,2.0,2.0,5.0,1.0,3.0,1.0,4.0,4.0,2.0,5.0,2.0,1.0,5.0,5.0,1.0,2,5,5,3,6,6,3,5,6,2,1,1,0,1,1,1,0,0,0,1,0,0,1,1,1,1,2,3,1,1,20,1,6,1,30,2,1,1
12382,1.0,2.0,4.0,4.0,1.0,4.0,4.0,3.0,5.0,3.0,2.0,2.0,2.0,2.0,3.0,5.0,3.0,2.0,4.0,1.0,1,5,5,6,5,5,6,6,4,1,1,1,0,1,1,0,0,0,0,1,0,0,1,1,1,1,2,1,1,1,28,1,1,1,60,1,1,1
12383,5.0,5.0,2.0,1.0,5.0,1.0,1.0,5.0,2.0,1.0,2.0,5.0,4.0,1.0,5.0,3.0,1.0,5.0,5.0,5.0,3,6,4,2,6,6,4,5,5,2,1,1,0,1,1,0,0,0,0,1,0,1,1,1,1,1,2,2,1,1,16,1,3,1,10,2,1,1
12384,5.0,2.0,4.0,3.0,2.0,1.0,1.0,4.0,4.0,2.0,1.0,4.0,1.0,1.0,3.0,1.0,2.0,4.0,2.0,2.0,5,7,5,2,5,5,6,2,5,6,1,0,0,0,1,0,0,1,0,1,0,0,1,1,1,1,3,3,1,2,21,2,1,1,20,2,1,3
12385,4.0,1.0,4.0,5.0,4.0,5.0,5.0,1.0,5.0,5.0,1.0,4.0,2.0,5.0,1.0,1.0,2.0,1.0,4.0,4.0,3,5,7,5,6,2,7,3,6,6,1,1,1,1,1,0,0,0,0,1,0,0,1,1,1,1,3,3,2,1,58,1,7,1,60,1,3,2
12386,5.0,5.0,1.0,1.0,5.0,1.0,1.0,2.0,5.0,2.0,1.0,5.0,4.0,2.0,4.0,5.0,1.0,5.0,5.0,5.0,3,7,6,3,7,5,6,3,6,1,1,0,0,1,1,0,0,0,0,1,0,0,0,1,1,1,2,3,1,2,18,1,0,1,60,2,1,2
12387,1.0,5.0,1.0,1.0,5.0,1.0,5.0,4.0,1.0,1.0,1.0,5.0,5.0,1.0,5.0,3.0,1.0,4.0,5.0,4.0,3,1,7,6,5,6,3,5,6,5,0,1,1,0,1,0,0,1,0,1,0,0,1,1,1,1,1,2,1,2,14,1,1,1,10,2,1,2
12388,5.0,5.0,5.0,3.0,3.0,4.0,1.0,1.0,4.0,2.0,3.0,5.0,3.0,1.0,5.0,1.0,1.0,5.0,5.0,4.0,7,7,3,2,7,2,5,6,1,1,1,0,0,1,1,0,0,1,0,1,0,0,0,0,1,1,3,3,1,2,37,1,7,1,60,1,1,2
12389,1.0,1.0,5.0,5.0,1.0,4.0,4.0,1.0,5.0,4.0,4.0,1.0,1.0,2.0,3.0,5.0,4.0,1.0,1.0,3.0,5,5,6,1,7,2,6,1,7,1,1,1,0,1,0,0,0,1,0,1,0,0,0,0,1,1,3,2,1,2,54,2,2,1,60,1,2,3
12390,1.0,1.0,2.0,1.0,4.0,1.0,1.0,5.0,5.0,5.0,3.0,5.0,1.0,1.0,4.0,2.0,1.0,2.0,3.0,1.0,1,4,7,5,5,7,5,1,7,2,1,1,1,1,1,1,1,1,0,1,0,0,1,1,1,1,4,1,1,1,48,1,7,1,60,1,2,2
12391,3.0,2.0,4.0,4.0,3.0,4.0,4.0,5.0,5.0,5.0,2.0,5.0,2.0,4.0,2.0,2.0,2.0,3.0,3.0,1.0,5,5,5,4,6,3,7,4,6,2,1,1,1,1,1,0,0,0,0,1,0,1,1,1,1,1,2,2,2,1,41,1,1,1,60,1,2,4
12392,3.0,4.0,4.0,3.0,3.0,2.0,2.0,4.0,5.0,5.0,1.0,4.0,1.0,2.0,4.0,2.0,1.0,3.0,5.0,2.0,3,7,1,6,6,5,5,2,5,3,0,1,0,0,1,0,0,0,0,1,0,0,0,1,1,1,2,2,2,2,25,1,2,1,60,1,1,2
12393,5.0,5.0,1.0,2.0,5.0,1.0,1.0,4.0,1.0,1.0,1.0,5.0,4.0,2.0,5.0,1.0,5.0,5.0,4.0,5.0,7,5,6,2,7,1,6,1,6,2,1,1,1,1,1,0,1,0,0,1,0,0,1,1,1,1,3,2,2,1,44,1,4,1,60,1,2,6
12394,5.0,4.0,2.0,1.0,3.0,2.0,1.0,1.0,2.0,2.0,2.0,5.0,1.0,1.0,5.0,2.0,1.0,5.0,5.0,3.0,6,5,6,4,6,3,2,2,6,1,1,1,0,1,0,0,0,0,0,1,0,0,0,1,1,1,3,3,1,2,27,0,7,2,60,1,1,1
12395,4.0,5.0,4.0,1.0,5.0,4.0,1.0,4.0,5.0,5.0,2.0,5.0,2.0,1.0,4.0,1.0,3.0,5.0,5.0,1.0,2,5,7,3,7,4,2,3,2,1,1,1,1,1,1,0,0,0,0,1,0,0,1,1,1,1,3,2,2,1,21,1,2,1,10,2,1,3
12396,1.0,2.0,5.0,4.0,1.0,5.0,5.0,1.0,5.0,5.0,5.0,1.0,1.0,3.0,1.0,5.0,3.0,1.0,1.0,1.0,4,2,5,4,5,6,6,2,5,3,1,1,1,1,1,0,1,0,0,1,1,0,1,1,1,1,4,1,2,1,32,1,7,1,60,2,1,2
12397,5.0,5.0,1.0,1.0,5.0,1.0,1.0,5.0,1.0,1.0,1.0,5.0,5.0,1.0,5.0,1.0,5.0,3.0,5.0,5.0,5,4,5,5,6,3,1,1,5,3,1,1,1,1,1,0,0,0,0,1,0,0,1,1,1,1,3,3,1,2,28,3,1,1,60,2,1,2
12398,4.0,5.0,2.0,3.0,4.0,2.0,1.0,2.0,3.0,1.0,1.0,5.0,2.0,1.0,4.0,2.0,1.0,5.0,5.0,3.0,1,7,5,6,6,7,2,2,3,2,1,1,1,1,1,0,1,1,0,1,1,1,1,1,1,1,3,1,1,1,51,1,1,3,60,2,2,2
12399,1.0,4.0,1.0,5.0,2.0,2.0,1.0,1.0,5.0,5.0,2.0,2.0,1.0,2.0,1.0,1.0,1.0,1.0,5.0,1.0,2,2,3,1,6,6,4,4,7,6,1,1,1,1,1,0,0,0,0,1,0,0,1,1,1,1,3,1,2,1,41,1,7,1,60,2,1,3
12400,5.0,4.0,5.0,1.0,5.0,1.0,1.0,5.0,2.0,1.0,1.0,5.0,5.0,1.0,5.0,5.0,1.0,5.0,5.0,5.0,2,1,6,1,7,7,7,2,7,1,1,1,1,1,1,0,1,1,0,1,1,0,1,1,1,1,3,1,1,1,34,1,3,5,60,2,3,2
12401,4.0,4.0,3.0,2.0,5.0,4.0,3.0,5.0,3.0,2.0,3.0,5.0,4.0,2.0,3.0,2.0,4.0,4.0,5.0,4.0,7,6,7,1,7,1,7,5,7,2,1,1,0,1,1,0,0,1,0,1,0,0,1,1,1,1,4,3,1,2,27,2,1,1,70,1,1,2
12402,1.0,2.0,4.0,5.0,5.0,2.0,2.0,5.0,5.0,4.0,1.0,1.0,1.0,1.0,4.0,1.0,4.0,2.0,5.0,4.0,5,3,7,5,6,7,7,1,6,6,1,1,0,0,1,0,0,0,0,1,0,0,1,1,1,1,2,2,2,1,20,1,7,1,60,2,1,1
12403,5.0,5.0,1.0,4.0,4.0,2.0,1.0,4.0,4.0,1.0,1.0,4.0,1.0,1.0,5.0,4.0,1.0,5.0,4.0,2.0,1,6,6,6,3,6,5,5,5,5,1,1,0,1,1,1,1,1,0,1,0,0,1,1,1,1,3,3,1,2,21,1,1,1,60,1,1,3
12404,1.0,2.0,4.0,4.0,2.0,4.0,4.0,3.0,5.0,4.0,1.0,1.0,1.0,2.0,3.0,4.0,3.0,3.0,5.0,1.0,6,5,7,6,5,4,7,2,3,3,1,1,0,1,1,0,0,0,0,1,0,0,0,1,1,1,3,2,2,1,32,1,4,1,60,1,1,3
12405,5.0,2.0,3.0,4.0,5.0,3.0,3.0,3.0,4.0,3.0,2.0,5.0,4.0,4.0,4.0,2.0,3.0,4.0,5.0,2.0,6,4,5,6,7,4,5,6,3,2,1,1,0,1,1,0,0,0,0,1,0,0,1,1,1,1,2,3,2,2,18,1,8,1,10,2,1,2
12406,5.0,5.0,1.0,2.0,5.0,1.0,1.0,5.0,1.0,1.0,1.0,5.0,4.0,1.0,5.0,2.0,1.0,5.0,5.0,5.0,3,7,6,6,6,4,1,6,6,2,1,0,0,1,1,0,0,1,0,1,0,0,1,1,1,1,2,3,1,2,21,2,1,2,60,1,1,1
12407,1.0,1.0,1.0,1.0,5.0,5.0,5.0,1.0,5.0,4.0,1.0,3.0,5.0,1.0,1.0,4.0,1.0,1.0,5.0,5.0,4,6,7,1,7,5,4,1,7,2,1,1,0,1,1,0,0,0,0,1,0,0,1,1,1,1,3,3,1,2,27,1,2,1,60,1,1,1
12408,1.0,1.0,2.0,4.0,2.0,5.0,5.0,1.0,5.0,5.0,3.0,4.0,2.0,2.0,2.0,2.0,2.0,2.0,5.0,1.0,4,1,6,4,7,3,7,4,6,1,1,1,0,1,1,0,0,1,0,1,0,1,0,1,1,1,3,1,2,1,31,1,1,2,60,1,1,4
12409,1.0,2.0,1.0,1.0,1.0,1.0,1.0,1.0,1.0,1.0,1.0,5.0,5.0,1.0,2.0,1.0,1.0,1.0,5.0,1.0,5,6,5,1,7,5,4,5,7,2,1,1,1,1,1,1,1,1,0,1,1,1,1,1,1,1,3,1,1,1,32,1,1,3,60,1,1,1
12410,2.0,3.0,2.0,5.0,3.0,2.0,1.0,2.0,5.0,2.0,2.0,3.0,1.0,5.0,3.0,2.0,2.0,4.0,4.0,1.0,6,5,4,2,4,3,4,3,5,5,1,1,1,1,1,0,1,0,0,1,1,0,1,1,1,1,3,2,2,1,31,1,6,1,60,2,1,3
12411,5.0,5.0,3.0,2.0,5.0,2.0,5.0,5.0,3.0,5.0,1.0,2.0,4.0,1.0,2.0,4.0,2.0,5.0,3.0,4.0,6,2,3,1,7,2,7,2,7,3,1,0,0,1,1,0,1,0,0,1,0,0,0,1,1,1,3,3,2,2,26,1,10,1,70,1,1,2
12412,4.0,5.0,5.0,2.0,4.0,3.0,4.0,3.0,5.0,2.0,1.0,5.0,2.0,1.0,4.0,2.0,5.0,2.0,1.0,4.0,1,6,1,6,4,6,5,3,2,5,1,1,0,1,0,0,0,1,0,0,0,0,0,1,1,1,2,3,1,2,18,2,10,1,20,2,1,0
12413,1.0,1.0,5.0,1.0,1.0,4.0,4.0,1.0,5.0,5.0,1.0,4.0,1.0,3.0,1.0,1.0,3.0,1.0,5.0,1.0,0,0,0,0,0,6,0,0,0,0,1,1,1,1,1,0,1,0,0,1,0,0,1,1,1,1,3,2,2,1,68,1,0,0,0,1,3,0
12414,1.0,5.0,2.0,5.0,4.0,2.0,5.0,3.0,5.0,5.0,1.0,5.0,5.0,1.0,1.0,2.0,4.0,3.0,5.0,3.0,7,7,6,5,7,1,7,1,2,1,1,1,0,1,1,0,0,0,0,1,0,0,0,0,1,1,3,3,1,2,27,1,10,1,10,1,1,4
12415,2.0,3.0,4.0,4.0,4.0,4.0,2.0,2.0,5.0,5.0,2.0,4.0,1.0,2.0,4.0,3.0,2.0,4.0,5.0,1.0,2,2,6,7,6,7,5,3,4,3,1,1,1,1,1,0,1,1,0,1,1,0,1,1,1,1,4,2,1,2,41,1,2,1,60,1,2,3
12416,2.0,3.0,4.0,3.0,2.0,3.0,3.0,2.0,5.0,5.0,3.0,2.0,4.0,2.0,4.0,3.0,3.0,3.0,2.0,1.0,5,5,3,1,6,2,2,2,3,1,0,0,0,0,1,0,0,0,0,1,0,0,0,0,0,1,3,2,1,1,40,1,4,1,60,1,2,6
12417,3.0,4.0,1.0,3.0,5.0,1.0,1.0,4.0,3.0,2.0,1.0,5.0,4.0,1.0,5.0,1.0,1.0,3.0,5.0,4.0,2,2,7,1,2,7,2,1,7,5,1,1,1,1,1,0,0,0,0,1,0,0,1,1,1,1,4,2,2,1,58,1,12,0,0,0,0,0
12418,5.0,1.0,1.0,1.0,5.0,5.0,1.0,5.0,5.0,1.0,1.0,5.0,4.0,1.0,2.0,1.0,5.0,1.0,5.0,5.0,2,5,6,6,7,6,2,1,2,5,0,1,0,0,0,0,0,0,0,1,0,0,1,1,1,1,4,1,1,2,35,1,2,1,60,1,1,2
12419,4.0,5.0,1.0,1.0,5.0,1.0,1.0,5.0,4.0,3.0,2.0,5.0,4.0,2.0,4.0,1.0,5.0,3.0,5.0,4.0,3,5,6,6,2,5,3,5,6,6,1,1,0,1,1,0,0,0,0,1,0,0,1,1,1,1,2,1,1,1,21,1,2,1,60,2,1,2
12420,5.0,1.0,1.0,1.0,5.0,1.0,1.0,3.0,1.0,1.0,1.0,5.0,4.0,1.0,5.0,4.0,1.0,1.0,5.0,2.0,7,7,7,1,7,3,5,6,5,1,1,1,1,1,1,0,0,0,0,1,0,1,0,1,1,1,3,3,1,2,19,1,10,1,60,2,1,0
12421,4.0,3.0,3.0,2.0,2.0,2.0,2.0,2.0,4.0,4.0,2.0,3.0,4.0,1.0,2.0,2.0,2.0,4.0,5.0,1.0,5,5,7,1,6,3,5,4,7,1,1,0,0,1,1,0,0,1,1,1,0,1,1,1,1,1,2,2,1,1,19,1,1,1,60,1,1,4
12422,4.0,5.0,3.0,2.0,5.0,2.0,1.0,4.0,3.0,1.0,3.0,4.0,5.0,2.0,5.0,1.0,2.0,5.0,5.0,5.0,6,6,7,3,7,5,4,6,7,2,1,1,0,1,1,0,0,0,0,1,0,0,1,1,1,1,3,2,1,1,21,2,7,1,30,1,1,1
12423,3.0,2.0,4.0,4.0,5.0,4.0,1.0,2.0,4.0,2.0,1.0,4.0,2.0,1.0,3.0,3.0,2.0,4.0,3.0,2.0,4,2,7,6,5,5,5,3,5,4,1,1,1,1,1,0,0,0,0,1,0,0,1,0,1,1,4,1,1,1,27,1,6,1,30,2,1,4
12424,4.0,4.0,4.0,3.0,5.0,1.0,1.0,5.0,4.0,3.0,1.0,5.0,5.0,1.0,4.0,1.0,5.0,5.0,5.0,5.0,6,2,6,2,7,2,7,1,6,1,1,1,0,1,1,0,0,0,0,1,0,0,1,1,1,1,3,3,1,1,55,1,0,1,60,1,2,5
12425,5.0,4.0,1.0,5.0,4.0,1.0,1.0,5.0,5.0,5.0,3.0,4.0,4.0,5.0,3.0,4.0,2.0,5.0,5.0,1.0,5,5,3,2,7,3,6,6,3,3,1,0,1,1,1,0,0,0,0,1,0,0,1,1,0,1,2,1,2,2,17,1,4,1,60,2,1,1
12426,5.0,4.0,1.0,1.0,4.0,1.0,1.0,4.0,1.0,1.0,1.0,5.0,4.0,1.0,4.0,3.0,1.0,5.0,5.0,3.0,4,5,7,4,7,4,4,1,6,1,1,1,0,1,1,0,0,0,0,1,0,0,1,1,1,1,3,2,1,1,27,1,4,1,60,2,1,2
12427,1.0,1.0,1.0,1.0,5.0,1.0,5.0,5.0,5.0,5.0,1.0,5.0,5.0,1.0,5.0,1.0,5.0,1.0,5.0,3.0,5,7,7,7,5,7,6,1,7,3,1,1,0,1,1,0,0,0,0,1,0,0,0,1,1,1,3,1,1,1,21,1,6,1,60,1,1,3
12428,1.0,4.0,4.0,2.0,5.0,2.0,3.0,4.0,5.0,2.0,2.0,4.0,2.0,2.0,3.0,1.0,2.0,4.0,4.0,1.0,3,2,5,7,3,6,4,3,1,1,1,1,1,1,1,0,0,0,0,1,0,0,1,1,1,1,4,2,2,1,26,1,6,1,60,1,1,2
12429,5.0,5.0,1.0,1.0,5.0,1.0,2.0,5.0,2.0,1.0,4.0,4.0,5.0,1.0,4.0,1.0,2.0,5.0,5.0,1.0,6,7,5,1,7,6,6,2,7,5,0,1,1,1,1,0,0,1,0,1,0,1,0,1,1,1,3,1,1,1,19,1,10,2,10,1,1,2
12430,5.0,5.0,1.0,4.0,5.0,1.0,1.0,1.0,2.0,1.0,1.0,4.0,2.0,2.0,5.0,1.0,2.0,4.0,5.0,4.0,2,7,6,6,5,6,1,2,3,1,1,1,0,1,1,0,1,1,0,1,0,1,1,1,1,1,2,2,2,1,20,1,1,4,60,1,1,2
12431,5.0,5.0,1.0,1.0,5.0,1.0,1.0,1.0,1.0,1.0,1.0,5.0,5.0,1.0,5.0,1.0,1.0,5.0,1.0,5.0,1,7,7,4,7,7,1,2,6,2,1,1,0,1,1,0,0,0,0,1,0,0,0,1,1,1,2,2,1,1,19,2,6,1,60,2,1,4
12432,2.0,2.0,2.0,3.0,1.0,1.0,1.0,2.0,5.0,3.0,1.0,1.0,1.0,3.0,4.0,4.0,3.0,4.0,5.0,3.0,6,3,6,5,5,5,6,2,5,4,1,1,1,1,1,0,0,1,0,1,0,0,0,1,1,1,2,2,2,1,18,2,4,1,60,2,1,4
12433,4.0,4.0,2.0,3.0,4.0,4.0,2.0,4.0,5.0,3.0,1.0,4.0,2.0,3.0,5.0,1.0,3.0,4.0,2.0,1.0,2,5,2,2,6,6,5,5,3,2,1,1,0,1,1,0,1,0,0,1,0,0,1,1,1,1,3,2,1,1,40,1,4,1,60,1,1,4
12434,5.0,3.0,3.0,3.0,5.0,1.0,3.0,1.0,2.0,4.0,3.0,5.0,5.0,1.0,4.0,2.0,1.0,1.0,5.0,3.0,3,6,7,6,7,6,7,2,6,1,1,1,0,1,1,0,0,0,0,1,0,0,1,1,1,1,2,2,1,2,18,1,1,1,0,2,1,1
12435,5.0,4.0,4.0,5.0,2.0,4.0,4.0,4.0,5.0,1.0,2.0,4.0,5.0,2.0,1.0,5.0,5.0,2.0,1.0,1.0,2,2,7,3,5,5,5,1,7,2,1,1,0,1,1,0,0,0,0,1,0,0,1,1,1,1,3,3,2,2,43,1,4,1,10,1,1,1
12436,5.0,5.0,3.0,1.0,4.0,2.0,4.0,1.0,4.0,2.0,1.0,5.0,2.0,1.0,2.0,2.0,1.0,3.0,3.0,2.0,1,7,5,5,4,6,2,4,4,4,1,1,1,1,1,0,0,1,0,1,1,0,1,1,1,1,4,3,1,2,35,1,2,1,60,1,1,1
12437,2.0,2.0,2.0,4.0,5.0,4.0,2.0,4.0,5.0,2.0,1.0,4.0,5.0,2.0,4.0,2.0,2.0,5.0,4.0,1.0,6,2,7,2,6,5,7,1,7,1,1,1,0,1,1,0,0,1,0,1,0,0,0,1,1,1,3,3,2,1,38,1,7,1,60,1,1,1
12438,2.0,1.0,2.0,2.0,3.0,2.0,1.0,4.0,4.0,3.0,1.0,5.0,1.0,2.0,4.0,1.0,3.0,4.0,4.0,1.0,2,5,3,5,3,6,5,5,3,3,1,1,1,1,1,0,1,1,0,1,1,0,1,1,1,1,3,2,1,1,28,1,1,1,60,1,1,7
12439,3.0,1.0,5.0,5.0,1.0,5.0,5.0,1.0,5.0,5.0,1.0,2.0,1.0,1.0,1.0,5.0,3.0,1.0,5.0,1.0,7,7,7,1,7,1,7,1,7,1,1,1,0,1,1,0,0,0,0,1,0,0,1,1,1,1,3,3,1,2,28,1,10,1,10,2,2,3
12440,1.0,1.0,4.0,5.0,1.0,5.0,5.0,1.0,5.0,3.0,2.0,4.0,2.0,1.0,2.0,2.0,1.0,5.0,5.0,1.0,6,7,4,7,7,1,5,6,2,3,1,0,0,1,0,0,0,0,0,1,0,0,0,1,1,1,3,2,2,2,23,1,1,1,60,2,1,2
12441,1.0,5.0,1.0,4.0,1.0,1.0,1.0,1.0,3.0,3.0,4.0,1.0,1.0,1.0,4.0,1.0,1.0,5.0,5.0,1.0,6,1,5,5,7,3,7,6,5,1,1,1,1,1,1,0,0,1,0,1,1,1,1,1,1,1,3,1,2,1,31,1,1,3,60,1,1,1
12442,1.0,4.0,1.0,4.0,1.0,4.0,1.0,1.0,4.0,1.0,2.0,5.0,1.0,4.0,2.0,2.0,4.0,4.0,5.0,1.0,5,5,3,3,5,2,6,2,2,2,1,1,0,1,1,0,0,0,0,1,1,0,0,1,1,1,4,3,2,2,34,2,7,1,60,1,1,2
12443,2.0,3.0,2.0,4.0,4.0,1.0,1.0,4.0,3.0,2.0,4.0,5.0,2.0,2.0,4.0,2.0,1.0,2.0,4.0,2.0,6,3,6,2,6,2,5,2,6,2,1,1,1,1,1,0,1,0,0,1,0,0,1,1,1,1,4,1,1,1,50,1,4,1,60,1,2,1
12444,5.0,5.0,1.0,1.0,5.0,1.0,1.0,5.0,5.0,1.0,1.0,5.0,5.0,1.0,5.0,1.0,1.0,5.0,5.0,5.0,5,2,7,1,7,3,4,1,7,1,1,1,0,1,1,0,0,0,0,1,0,0,1,1,1,1,3,2,2,1,60,1,6,1,60,1,3,4
12445,4.0,4.0,1.0,4.0,4.0,1.0,1.0,5.0,2.0,2.0,1.0,5.0,3.0,1.0,4.0,1.0,2.0,4.0,5.0,5.0,2,6,5,5,6,6,3,2,4,5,1,1,0,1,1,0,1,1,0,1,0,0,1,1,1,1,3,2,1,2,26,1,2,1,60,1,1,2
12446,5.0,5.0,2.0,1.0,5.0,2.0,2.0,5.0,2.0,2.0,1.0,4.0,5.0,1.0,4.0,2.0,1.0,5.0,5.0,2.0,7,5,5,5,2,5,3,6,3,5,0,1,0,1,0,0,0,0,0,1,1,0,0,0,1,1,3,3,1,1,23,1,10,1,10,2,2,0
12447,2.0,3.0,3.0,3.0,1.0,4.0,3.0,4.0,5.0,5.0,1.0,1.0,2.0,2.0,2.0,2.0,2.0,4.0,1.0,1.0,6,4,7,7,5,1,7,3,1,5,0,1,1,1,0,0,0,0,0,1,0,0,0,1,0,1,3,3,2,2,26,1,4,1,70,1,1,1
12448,3.0,4.0,2.0,3.0,4.0,4.0,1.0,1.0,4.0,2.0,1.0,4.0,2.0,2.0,4.0,1.0,1.0,4.0,5.0,4.0,2,6,7,4,6,5,5,1,5,2,1,1,0,1,1,0,0,0,0,1,1,0,1,1,1,1,3,2,1,1,21,1,3,3,60,1,1,2
12449,2.0,5.0,4.0,4.0,5.0,5.0,4.0,5.0,5.0,4.0,4.0,5.0,4.0,1.0,5.0,1.0,1.0,5.0,5.0,4.0,3,3,6,5,6,5,5,5,5,2,0,0,0,0,0,0,0,0,0,0,0,0,0,0,0,0,4,1,2,1,76,1,0,4,60,1,3,3
12450,1.0,2.0,4.0,4.0,1.0,2.0,1.0,4.0,5.0,4.0,2.0,2.0,4.0,3.0,4.0,2.0,1.0,4.0,5.0,1.0,2,2,7,2,6,7,6,5,7,6,1,1,1,1,1,0,1,1,0,1,0,0,1,1,1,1,3,2,1,2,50,1,3,1,0,1,2,1
12451,3.0,4.0,4.0,4.0,5.0,2.0,2.0,4.0,5.0,3.0,5.0,4.0,4.0,2.0,2.0,2.0,2.0,3.0,4.0,1.0,1,4,7,5,6,7,6,1,5,3,1,1,0,1,1,0,0,1,0,1,0,0,1,1,1,1,4,1,2,1,55,1,7,1,60,2,2,6
12452,5.0,5.0,1.0,5.0,1.0,1.0,1.0,5.0,5.0,1.0,1.0,5.0,5.0,1.0,5.0,1.0,5.0,1.0,5.0,1.0,6,4,3,6,7,1,3,6,5,3,1,1,1,1,1,0,1,0,1,1,0,1,1,1,1,1,3,3,1,1,20,1,4,1,30,1,1,6
12453,2.0,2.0,4.0,2.0,1.0,3.0,2.0,2.0,5.0,3.0,2.0,2.0,1.0,1.0,3.0,2.0,1.0,4.0,1.0,1.0,3,2,5,4,5,2,5,4,6,4,1,1,1,1,1,0,1,1,0,1,0,0,1,1,1,1,3,2,1,1,31,1,6,1,60,1,2,4
12454,1.0,4.0,5.0,5.0,3.0,4.0,5.0,4.0,5.0,5.0,1.0,2.0,4.0,1.0,4.0,4.0,2.0,4.0,2.0,1.0,6,5,5,3,3,1,7,1,5,2,1,1,1,1,1,0,1,1,0,1,1,0,1,1,1,1,3,3,1,1,44,1,6,1,70,1,3,3
12455,3.0,2.0,2.0,3.0,3.0,3.0,3.0,5.0,5.0,3.0,1.0,5.0,2.0,2.0,4.0,4.0,2.0,3.0,5.0,1.0,3,3,6,5,7,6,6,3,5,2,1,1,0,1,1,0,0,0,0,1,0,1,1,1,1,1,3,2,2,1,26,1,1,3,60,1,1,4
12456,4.0,4.0,2.0,3.0,4.0,2.0,1.0,3.0,3.0,2.0,3.0,4.0,2.0,2.0,5.0,1.0,1.0,5.0,5.0,3.0,4,7,5,4,6,3,4,5,5,1,1,1,0,1,1,0,0,1,0,1,0,0,1,1,1,1,3,2,1,1,23,1,1,1,10,2,1,2
12457,3.0,2.0,5.0,3.0,4.0,3.0,4.0,3.0,5.0,5.0,3.0,4.0,1.0,3.0,3.0,5.0,2.0,3.0,5.0,5.0,7,3,6,7,3,5,6,7,5,2,0,1,0,0,0,0,0,1,0,0,1,0,0,1,0,1,4,3,2,2,31,1,6,1,10,1,2,2
12458,5.0,5.0,1.0,1.0,5.0,1.0,1.0,5.0,1.0,1.0,1.0,5.0,5.0,3.0,5.0,1.0,3.0,5.0,5.0,5.0,2,7,6,3,6,6,5,1,6,4,0,0,0,0,0,0,0,0,0,1,0,0,0,1,0,0,2,2,1,1,20,1,1,2,60,1,1,2
12459,4.0,2.0,2.0,5.0,5.0,2.0,1.0,4.0,5.0,1.0,5.0,4.0,4.0,1.0,1.0,1.0,1.0,1.0,5.0,1.0,7,5,7,1,6,1,7,1,7,1,1,1,1,1,1,0,1,1,0,1,1,0,1,1,1,1,4,1,2,1,54,1,2,1,60,1,2,4
12460,5.0,5.0,4.0,2.0,5.0,3.0,1.0,3.0,3.0,1.0,2.0,5.0,4.0,2.0,5.0,2.0,1.0,3.0,4.0,2.0,3,4,5,5,4,5,6,5,5,1,1,1,1,1,1,0,1,1,0,1,1,0,1,1,1,1,3,3,1,1,47,1,1,1,10,2,1,1
12461,4.0,2.0,5.0,5.0,2.0,5.0,3.0,1.0,5.0,5.0,1.0,3.0,1.0,3.0,3.0,1.0,4.0,2.0,2.0,1.0,5,2,7,5,7,5,7,4,6,1,1,1,0,1,1,0,0,1,0,1,0,0,1,1,1,1,3,0,1,1,21,1,4,1,60,2,1,2
12462,5.0,4.0,2.0,3.0,3.0,1.0,1.0,4.0,4.0,2.0,2.0,5.0,1.0,1.0,4.0,1.0,1.0,4.0,5.0,4.0,3,7,7,7,7,5,4,2,2,3,1,1,0,1,1,0,0,1,0,1,0,0,1,1,1,1,3,2,2,1,23,1,6,1,60,2,1,2
12463,1.0,5.0,1.0,1.0,5.0,1.0,1.0,5.0,1.0,1.0,1.0,5.0,5.0,1.0,5.0,1.0,1.0,1.0,5.0,5.0,4,4,4,4,7,4,4,1,7,1,1,1,1,1,1,1,1,1,1,1,0,1,1,1,1,1,4,1,1,2,71,3,9,1,60,2,2,1
12464,4.0,2.0,4.0,5.0,4.0,2.0,1.0,5.0,5.0,4.0,1.0,5.0,5.0,1.0,5.0,4.0,5.0,5.0,5.0,5.0,5,3,7,6,5,3,6,5,7,2,1,1,0,1,1,0,1,0,0,1,0,0,1,1,1,1,3,1,1,2,62,1,4,1,10,2,2,15
12465,5.0,5.0,3.0,1.0,2.0,5.0,2.0,5.0,4.0,2.0,3.0,5.0,4.0,2.0,5.0,3.0,3.0,5.0,1.0,3.0,1,4,2,6,2,6,3,5,1,3,1,1,0,1,1,0,0,0,0,1,0,0,0,1,1,1,1,2,2,2,17,1,1,2,10,2,1,1
12466,4.0,5.0,1.0,1.0,5.0,1.0,1.0,3.0,1.0,1.0,1.0,5.0,4.0,1.0,4.0,1.0,1.0,5.0,5.0,5.0,7,6,2,5,7,1,2,6,2,1,1,1,1,1,1,0,1,0,0,1,0,1,1,1,1,1,2,2,2,1,21,1,1,1,70,2,1,0
12467,5.0,5.0,1.0,1.0,5.0,1.0,1.0,5.0,1.0,1.0,1.0,5.0,5.0,1.0,5.0,1.0,3.0,5.0,5.0,4.0,5,7,4,4,6,7,1,6,3,1,1,1,1,1,1,0,1,1,0,1,0,0,1,1,1,1,3,3,1,2,20,1,2,2,60,1,1,2
12468,4.0,4.0,2.0,1.0,2.0,2.0,1.0,2.0,2.0,2.0,2.0,4.0,1.0,2.0,2.0,3.0,3.0,4.0,5.0,1.0,5,3,5,1,7,3,5,5,7,3,1,1,1,1,1,1,0,1,0,1,0,0,1,1,1,1,3,2,1,1,21,1,12,1,70,1,1,0
12469,2.0,4.0,5.0,4.0,4.0,2.0,2.0,1.0,4.0,4.0,1.0,5.0,4.0,2.0,2.0,1.0,2.0,4.0,5.0,2.0,7,5,6,1,7,3,6,1,7,1,1,1,1,1,1,0,1,1,0,1,1,0,1,0,1,1,3,1,2,1,38,1,3,1,60,1,2,3
12470,5.0,5.0,1.0,3.0,5.0,1.0,1.0,5.0,5.0,1.0,1.0,5.0,5.0,1.0,5.0,1.0,1.0,5.0,5.0,5.0,5,5,7,4,7,1,5,1,5,1,1,1,1,1,1,0,1,0,0,1,1,0,1,1,1,1,4,3,1,1,56,1,1,1,60,1,2,3
12471,1.0,1.0,3.0,5.0,1.0,3.0,3.0,1.0,5.0,5.0,1.0,1.0,1.0,1.0,1.0,1.0,1.0,1.0,1.0,1.0,4,2,3,2,5,5,7,4,6,3,1,1,1,1,1,1,1,1,1,1,1,0,1,1,1,1,4,1,2,1,45,2,1,1,60,1,3,4
12472,1.0,3.0,4.0,4.0,4.0,5.0,4.0,4.0,5.0,4.0,1.0,4.0,1.0,1.0,3.0,4.0,1.0,4.0,5.0,1.0,6,5,6,3,7,5,4,2,6,2,1,1,1,1,1,0,0,1,0,1,0,0,0,1,1,1,3,2,1,1,50,1,2,1,60,1,1,2
12473,1.0,1.0,5.0,1.0,5.0,5.0,5.0,3.0,5.0,5.0,1.0,4.0,5.0,1.0,5.0,5.0,1.0,2.0,5.0,1.0,5,1,6,7,7,1,6,7,3,1,1,1,0,1,1,1,0,1,0,1,0,0,0,1,1,1,2,1,2,1,36,1,12,0,60,0,3,3
12474,5.0,5.0,4.0,1.0,5.0,1.0,1.0,5.0,2.0,1.0,1.0,5.0,4.0,1.0,5.0,1.0,1.0,5.0,5.0,3.0,2,6,6,5,6,6,2,5,4,2,1,1,1,1,1,0,1,1,0,1,1,1,1,1,1,1,4,2,2,1,44,1,1,1,60,1,2,3
12475,3.0,1.0,3.0,2.0,4.0,2.0,1.0,5.0,2.0,2.0,2.0,4.0,2.0,1.0,2.0,1.0,2.0,4.0,5.0,1.0,5,6,4,6,5,1,2,3,2,2,1,1,0,1,1,0,0,1,0,0,0,0,0,0,1,1,3,3,2,2,25,1,2,1,60,2,1,1
12476,5.0,2.0,4.0,2.0,3.0,5.0,4.0,4.0,5.0,5.0,2.0,4.0,1.0,4.0,3.0,4.0,3.0,4.0,4.0,3.0,2,1,5,6,5,6,4,5,3,4,1,1,0,1,0,0,0,0,0,1,0,0,0,1,1,1,3,2,2,2,20,1,10,1,10,1,1,3
12477,5.0,2.0,5.0,4.0,4.0,4.0,4.0,4.0,5.0,4.0,1.0,2.0,1.0,4.0,1.0,1.0,2.0,1.0,5.0,3.0,7,5,5,6,7,2,6,1,3,1,1,1,0,1,1,0,0,0,0,1,0,0,0,0,1,1,2,2,2,2,19,1,6,1,30,1,1,3
12478,5.0,2.0,4.0,1.0,4.0,5.0,5.0,4.0,3.0,2.0,3.0,5.0,1.0,3.0,2.0,2.0,2.0,5.0,5.0,5.0,1,7,6,5,7,3,3,1,6,1,1,1,0,1,1,0,0,1,0,1,1,0,0,1,1,1,3,3,2,2,34,1,3,1,60,1,1,2
12479,5.0,5.0,1.0,1.0,5.0,1.0,1.0,5.0,1.0,1.0,1.0,5.0,5.0,1.0,5.0,1.0,1.0,5.0,5.0,5.0,7,6,7,1,7,6,6,1,7,1,1,1,1,1,1,0,1,1,0,1,1,0,1,1,1,1,3,2,1,2,40,1,2,1,10,1,2,2
12480,4.0,4.0,1.0,1.0,2.0,2.0,4.0,5.0,5.0,4.0,1.0,1.0,5.0,1.0,3.0,2.0,2.0,2.0,4.0,4.0,6,3,5,5,7,6,6,6,6,5,1,1,0,1,1,0,0,0,0,1,0,0,0,1,1,1,2,2,1,1,19,1,0,4,30,2,1,3
12481,5.0,5.0,2.0,1.0,5.0,2.0,2.0,4.0,2.0,2.0,5.0,5.0,5.0,2.0,4.0,1.0,1.0,4.0,5.0,2.0,2,2,5,5,4,5,6,5,5,1,1,1,1,1,1,0,0,0,0,1,0,1,1,1,1,1,4,3,2,2,19,1,3,4,10,2,1,1
12482,3.0,3.0,2.0,1.0,3.0,1.0,1.0,2.0,2.0,2.0,2.0,4.0,3.0,2.0,4.0,2.0,2.0,4.0,5.0,2.0,4,5,6,3,6,7,5,6,4,5,0,0,0,0,0,0,0,0,0,1,0,0,0,1,0,1,3,3,1,2,20,1,2,3,60,1,1,2
12483,2.0,5.0,1.0,1.0,5.0,4.0,2.0,5.0,1.0,3.0,1.0,5.0,5.0,1.0,3.0,1.0,1.0,5.0,5.0,5.0,3,5,6,1,7,6,2,2,7,1,1,1,0,1,1,0,0,0,0,1,0,0,1,1,1,1,2,2,1,1,36,1,2,1,70,2,1,2
12484,5.0,5.0,1.0,2.0,5.0,2.0,1.0,5.0,3.0,1.0,1.0,4.0,2.0,2.0,4.0,4.0,5.0,4.0,5.0,2.0,6,6,6,2,7,1,6,2,2,2,0,0,0,0,1,0,0,0,0,1,0,0,0,1,0,1,3,1,1,2,23,1,1,1,60,1,1,3
12485,5.0,5.0,3.0,1.0,5.0,1.0,1.0,1.0,5.0,1.0,1.0,5.0,5.0,1.0,5.0,1.0,1.0,5.0,5.0,5.0,5,7,7,5,1,3,1,7,7,1,1,1,1,1,1,0,0,0,0,1,0,0,0,1,1,1,2,3,2,2,17,1,7,2,60,2,1,1
12486,2.0,2.0,2.0,5.0,4.0,4.0,4.0,3.0,4.0,3.0,2.0,1.0,1.0,3.0,2.0,4.0,2.0,4.0,5.0,2.0,5,5,6,5,5,3,5,3,3,6,1,1,0,1,1,0,0,0,0,1,0,0,1,1,1,1,3,2,2,1,37,1,6,1,60,2,2,3
12487,1.0,2.0,5.0,5.0,3.0,4.0,2.0,3.0,5.0,5.0,3.0,4.0,1.0,5.0,3.0,5.0,4.0,2.0,4.0,4.0,1,2,4,5,6,5,5,4,4,5,1,1,0,1,1,0,0,0,0,1,0,0,1,1,1,1,3,1,2,1,40,2,6,1,60,1,2,5
12488,1.0,1.0,5.0,5.0,4.0,5.0,5.0,5.0,5.0,5.0,1.0,4.0,1.0,1.0,1.0,5.0,1.0,2.0,1.0,1.0,7,5,3,3,6,2,5,6,6,2,0,1,0,1,1,0,0,0,0,1,0,0,0,1,1,1,4,1,2,2,28,1,10,1,10,2,2,4
12489,3.0,4.0,3.0,2.0,2.0,2.0,2.0,4.0,4.0,2.0,2.0,2.0,4.0,2.0,4.0,2.0,2.0,2.0,5.0,3.0,3,3,6,3,6,3,7,3,6,3,1,1,1,1,1,1,1,1,0,1,0,0,1,1,1,1,2,1,2,1,51,1,12,1,60,1,1,1
12490,2.0,3.0,5.0,4.0,4.0,2.0,2.0,3.0,5.0,3.0,2.0,1.0,2.0,4.0,4.0,4.0,4.0,3.0,5.0,2.0,5,6,6,3,6,5,6,3,3,1,1,0,1,1,1,0,0,0,0,1,0,1,0,1,1,1,3,1,1,1,22,1,6,3,60,1,1,2
12491,5.0,5.0,5.0,1.0,5.0,1.0,1.0,5.0,3.0,1.0,1.0,5.0,5.0,1.0,5.0,1.0,1.0,5.0,3.0,5.0,1,4,7,4,4,7,4,4,7,4,1,1,0,1,1,0,1,0,0,1,0,0,1,1,0,1,3,3,1,1,22,1,10,1,10,2,1,2
12492,5.0,5.0,1.0,1.0,5.0,2.0,1.0,4.0,4.0,1.0,1.0,5.0,4.0,1.0,4.0,2.0,1.0,5.0,5.0,5.0,1,4,2,5,2,7,5,2,5,4,1,1,0,1,1,0,0,1,0,1,0,0,1,1,1,1,3,3,1,2,26,1,1,1,60,2,1,3
12493,3.0,4.0,3.0,1.0,2.0,3.0,3.0,4.0,2.0,3.0,1.0,5.0,5.0,2.0,4.0,1.0,3.0,5.0,3.0,2.0,0,0,0,0,0,0,0,0,0,0,0,0,0,0,0,0,0,0,0,0,0,0,0,0,0,0,2,3,3,1,35,1,12,5,70,1,1,4
12494,4.0,4.0,2.0,1.0,4.0,1.0,1.0,2.0,2.0,4.0,1.0,5.0,1.0,1.0,3.0,1.0,1.0,5.0,3.0,4.0,1,2,3,1,2,7,5,1,7,1,1,1,1,1,1,0,1,1,0,1,0,0,1,1,1,1,3,1,1,1,45,1,7,1,10,2,1,6
12495,1.0,1.0,5.0,2.0,4.0,4.0,2.0,2.0,5.0,5.0,3.0,4.0,1.0,2.0,5.0,2.0,4.0,5.0,5.0,5.0,6,7,7,2,6,1,6,2,6,1,1,0,0,1,1,0,0,0,1,1,0,0,0,1,1,1,4,1,2,2,24,1,2,1,60,1,1,2
12496,5.0,1.0,5.0,1.0,5.0,5.0,3.0,3.0,5.0,5.0,1.0,5.0,3.0,3.0,1.0,3.0,3.0,5.0,5.0,3.0,3,4,3,5,5,5,6,3,3,1,1,1,1,1,1,0,0,1,0,1,1,0,1,1,1,1,4,3,2,1,37,1,2,1,10,1,2,2
12497,3.0,2.0,2.0,1.0,5.0,2.0,4.0,3.0,5.0,5.0,1.0,5.0,3.0,1.0,5.0,2.0,2.0,3.0,4.0,3.0,3,2,2,6,5,4,6,6,2,1,1,1,0,1,1,0,0,0,0,1,0,0,0,1,1,1,4,2,1,2,21,1,4,1,70,1,1,3
12498,4.0,4.0,4.0,3.0,4.0,4.0,2.0,5.0,4.0,3.0,1.0,5.0,4.0,2.0,4.0,3.0,2.0,4.0,5.0,4.0,4,5,4,5,5,6,5,6,4,2,1,1,1,1,1,0,0,0,0,1,0,0,0,1,1,1,3,3,2,1,19,1,12,2,30,1,1,1
12499,4.0,2.0,1.0,4.0,4.0,1.0,1.0,5.0,4.0,2.0,2.0,5.0,5.0,1.0,1.0,4.0,1.0,2.0,5.0,1.0,3,6,6,2,2,6,7,1,7,7,1,1,1,1,1,0,0,1,0,1,0,0,1,1,1,1,4,2,1,2,27,1,2,1,70,1,1,2
12500,5.0,4.0,1.0,2.0,4.0,2.0,5.0,4.0,5.0,5.0,1.0,2.0,1.0,1.0,5.0,5.0,3.0,4.0,5.0,3.0,7,5,6,2,7,6,7,5,7,1,1,1,1,1,1,1,0,1,0,1,0,1,1,1,1,1,3,3,2,1,22,1,4,1,70,1,1,3
12501,5.0,2.0,4.0,4.0,4.0,1.0,2.0,4.0,3.0,3.0,1.0,4.0,4.0,1.0,4.0,2.0,3.0,3.0,5.0,2.0,2,3,5,5,6,5,5,6,5,2,1,1,0,1,1,1,0,1,0,1,0,0,1,1,1,1,2,1,1,1,19,1,2,2,60,1,1,2
12502,1.0,1.0,4.0,3.0,2.0,3.0,2.0,1.0,5.0,4.0,4.0,3.0,1.0,3.0,3.0,1.0,3.0,2.0,2.0,1.0,5,2,6,1,6,1,6,4,6,2,1,1,1,1,1,0,1,1,0,1,1,0,1,1,1,1,4,2,1,1,53,1,7,1,60,1,2,3
12503,3.0,2.0,1.0,2.0,4.0,3.0,2.0,3.0,2.0,2.0,4.0,2.0,2.0,3.0,4.0,2.0,3.0,2.0,4.0,2.0,3,2,2,3,0,2,1,2,2,3,0,0,0,0,0,0,0,0,0,0,0,0,0,0,0,1,3,1,2,2,42,1,6,1,60,2,2,1
12504,2.0,5.0,1.0,5.0,2.0,1.0,1.0,1.0,4.0,2.0,1.0,4.0,1.0,2.0,3.0,1.0,3.0,1.0,5.0,2.0,2,3,6,2,5,2,6,5,6,5,1,0,0,1,1,0,0,0,0,1,0,0,0,0,1,1,3,2,2,2,25,1,12,1,10,2,1,2
12505,3.0,5.0,4.0,3.0,4.0,5.0,3.0,1.0,5.0,5.0,2.0,4.0,5.0,3.0,4.0,2.0,1.0,4.0,4.0,1.0,7,5,6,2,5,1,4,1,5,5,0,0,0,0,0,0,0,0,0,1,0,0,0,0,1,1,3,3,2,1,22,1,10,1,20,2,1,5
12506,4.0,5.0,1.0,4.0,5.0,1.0,1.0,5.0,3.0,3.0,1.0,3.0,1.0,1.0,2.0,1.0,5.0,5.0,5.0,1.0,7,5,2,4,6,1,5,3,6,1,1,1,1,1,1,0,0,1,0,1,1,1,0,1,1,1,3,3,1,2,27,1,12,3,60,2,1,1
12507,2.0,2.0,2.0,2.0,2.0,2.0,1.0,2.0,3.0,2.0,1.0,3.0,1.0,1.0,5.0,5.0,3.0,4.0,5.0,4.0,3,5,4,7,6,2,7,3,3,1,0,1,0,0,1,0,0,0,0,1,0,0,1,1,1,1,3,3,2,1,19,3,1,5,60,1,1,2
12508,2.0,4.0,5.0,3.0,5.0,1.0,2.0,1.0,4.0,3.0,1.0,5.0,5.0,3.0,5.0,1.0,1.0,4.0,4.0,3.0,7,7,2,7,7,1,7,7,2,7,1,1,0,1,1,0,1,0,0,1,0,0,1,1,1,1,4,2,2,1,36,1,10,2,10,1,2,3
12509,4.0,4.0,2.0,1.0,2.0,2.0,1.0,4.0,4.0,2.0,2.0,2.0,4.0,1.0,5.0,1.0,1.0,2.0,3.0,4.0,5,1,7,3,7,2,6,1,7,6,1,1,1,1,1,1,0,1,0,1,0,1,1,1,1,1,3,2,1,1,21,1,6,1,60,1,1,2
12510,5.0,5.0,1.0,1.0,2.0,1.0,4.0,5.0,1.0,4.0,1.0,5.0,5.0,1.0,5.0,3.0,5.0,5.0,4.0,5.0,6,7,4,5,7,1,6,2,2,2,1,0,0,1,1,0,0,1,0,1,0,0,0,0,1,1,3,2,1,2,47,1,2,1,60,2,2,2
12511,5.0,4.0,2.0,1.0,5.0,2.0,2.0,5.0,3.0,2.0,1.0,5.0,1.0,1.0,3.0,2.0,5.0,5.0,5.0,2.0,4,7,2,7,6,4,5,6,2,3,1,1,1,1,1,0,1,0,0,1,0,1,0,1,1,1,3,2,1,2,34,1,2,1,60,1,2,2
12512,1.0,1.0,2.0,4.0,4.0,2.0,4.0,1.0,5.0,4.0,2.0,4.0,1.0,4.0,1.0,4.0,5.0,2.0,5.0,1.0,5,5,6,5,7,2,7,1,6,6,1,1,0,1,1,0,0,0,0,1,0,0,1,1,1,1,3,2,2,1,35,1,4,1,60,1,2,2
12513,1.0,4.0,4.0,5.0,1.0,5.0,4.0,1.0,5.0,4.0,4.0,2.0,1.0,4.0,4.0,5.0,2.0,3.0,2.0,1.0,6,2,5,6,7,5,5,3,3,1,1,1,0,1,1,0,0,0,0,1,1,0,0,0,1,1,3,3,2,2,37,1,7,1,60,2,1,3
12514,4.0,4.0,5.0,3.0,3.0,4.0,2.0,2.0,5.0,3.0,3.0,4.0,2.0,3.0,2.0,1.0,3.0,2.0,5.0,3.0,2,6,5,5,7,5,7,5,6,1,1,1,0,1,1,0,0,1,0,1,0,0,1,1,1,1,3,3,1,1,28,1,2,4,60,1,1,3
12515,2.0,1.0,3.0,5.0,2.0,4.0,4.0,1.0,5.0,5.0,5.0,1.0,2.0,3.0,1.0,2.0,2.0,4.0,2.0,3.0,7,4,4,2,6,2,6,5,5,2,1,1,0,1,1,0,0,0,0,1,0,0,1,1,1,1,2,1,1,1,22,1,2,1,0,1,1,4
12516,1.0,2.0,3.0,5.0,4.0,2.0,1.0,1.0,5.0,2.0,1.0,5.0,2.0,2.0,2.0,4.0,5.0,1.0,5.0,1.0,7,7,5,1,6,1,4,1,5,2,1,1,1,1,1,0,0,1,0,1,0,1,1,1,1,1,3,2,2,1,49,1,5,1,60,1,2,3
12517,4.0,1.0,5.0,1.0,5.0,2.0,4.0,5.0,5.0,4.0,2.0,4.0,5.0,1.0,1.0,1.0,5.0,4.0,5.0,5.0,4,5,7,4,2,6,6,2,3,4,0,0,0,0,1,0,1,0,0,0,1,1,0,1,0,1,4,3,2,2,43,1,10,1,10,2,2,2
12518,5.0,4.0,3.0,4.0,5.0,3.0,4.0,1.0,2.0,2.0,1.0,5.0,4.0,1.0,1.0,2.0,3.0,5.0,5.0,1.0,3,6,6,7,4,3,4,1,1,5,1,1,0,1,1,0,0,1,0,1,0,0,1,1,1,1,3,3,2,1,37,1,2,1,60,1,1,1
12519,4.0,4.0,1.0,1.0,4.0,1.0,1.0,2.0,3.0,3.0,1.0,5.0,4.0,2.0,5.0,2.0,2.0,4.0,5.0,3.0,7,5,6,4,6,1,3,4,6,2,1,1,1,1,1,1,0,1,0,1,0,0,0,1,1,1,2,3,1,1,19,1,2,1,30,2,1,3
12520,1.0,5.0,1.0,5.0,2.0,1.0,1.0,2.0,5.0,1.0,1.0,2.0,1.0,1.0,4.0,1.0,2.0,2.0,5.0,1.0,2,3,2,2,6,6,5,5,6,2,1,1,1,0,1,0,1,0,0,1,0,0,1,0,1,0,4,2,1,1,57,1,3,1,60,2,2,2
12521,4.0,5.0,1.0,3.0,4.0,1.0,1.0,1.0,1.0,1.0,1.0,2.0,4.0,1.0,5.0,1.0,1.0,5.0,5.0,1.0,7,7,7,7,5,3,5,1,3,1,1,1,1,1,1,0,0,0,0,1,1,0,1,1,1,1,3,2,2,1,20,1,6,2,60,1,1,1
12522,5.0,5.0,1.0,1.0,5.0,1.0,1.0,5.0,4.0,1.0,1.0,5.0,5.0,1.0,5.0,1.0,1.0,5.0,5.0,5.0,1,6,7,7,2,7,1,1,5,1,1,1,1,1,1,1,0,0,0,1,0,1,1,1,1,1,4,3,2,1,39,1,4,1,60,1,3,3
12523,2.0,4.0,4.0,2.0,3.0,4.0,1.0,4.0,5.0,3.0,1.0,4.0,1.0,1.0,4.0,5.0,3.0,3.0,5.0,1.0,2,5,3,3,5,5,7,7,6,5,1,1,0,1,1,0,0,0,0,1,0,0,1,1,1,1,2,2,1,1,22,1,10,1,70,2,1,2
12524,5.0,3.0,3.0,3.0,4.0,1.0,2.0,1.0,4.0,2.0,1.0,5.0,3.0,1.0,3.0,2.0,1.0,4.0,2.0,1.0,2,3,6,1,6,6,5,1,7,5,1,1,1,1,1,0,0,0,0,1,0,0,1,1,1,1,3,2,2,1,44,1,12,1,30,1,2,1
12525,5.0,4.0,2.0,1.0,4.0,1.0,1.0,1.0,2.0,4.0,1.0,4.0,1.0,1.0,3.0,1.0,2.0,5.0,3.0,4.0,1,3,6,1,4,7,6,1,7,1,1,1,1,1,1,0,1,1,0,1,0,1,1,1,1,1,3,1,1,1,46,1,6,1,60,2,1,6
12526,5.0,5.0,3.0,3.0,4.0,2.0,2.0,2.0,5.0,1.0,1.0,5.0,4.0,1.0,4.0,5.0,1.0,5.0,5.0,1.0,6,7,6,7,3,6,5,4,7,6,1,1,0,1,1,0,0,0,0,1,0,0,0,1,0,1,3,3,2,2,18,1,1,2,60,1,1,2
12527,2.0,2.0,2.0,4.0,3.0,2.0,2.0,2.0,2.0,2.0,1.0,3.0,3.0,4.0,2.0,4.0,3.0,3.0,4.0,1.0,6,3,5,2,6,1,6,1,6,1,1,1,0,1,1,0,0,0,0,1,0,0,0,1,1,1,3,2,2,1,29,1,4,1,60,1,1,0
12528,2.0,2.0,2.0,2.0,4.0,1.0,2.0,2.0,4.0,2.0,2.0,4.0,1.0,2.0,2.0,2.0,2.0,2.0,4.0,1.0,2,5,7,5,3,6,5,1,3,3,1,1,1,1,1,0,0,1,0,1,1,0,1,1,1,1,3,3,2,1,26,1,6,1,60,1,1,2
12529,5.0,5.0,1.0,1.0,5.0,1.0,1.0,5.0,1.0,1.0,1.0,5.0,1.0,1.0,5.0,1.0,5.0,5.0,5.0,5.0,6,7,6,7,6,6,7,1,3,1,1,1,0,1,1,1,0,1,0,1,0,1,1,1,1,1,4,3,2,1,34,1,7,1,60,1,2,1
12530,3.0,1.0,4.0,1.0,4.0,1.0,1.0,4.0,3.0,2.0,1.0,3.0,4.0,1.0,4.0,5.0,1.0,3.0,5.0,1.0,5,5,5,2,6,3,5,4,6,1,1,1,0,1,1,0,0,0,0,1,0,1,0,1,1,1,2,3,1,2,18,1,4,1,60,2,1,3
12531,4.0,4.0,5.0,5.0,1.0,5.0,2.0,4.0,5.0,5.0,1.0,5.0,2.0,5.0,5.0,5.0,2.0,2.0,5.0,2.0,7,7,5,5,7,2,6,5,7,2,1,1,0,1,1,0,0,0,0,1,0,0,1,1,1,1,3,3,1,2,21,1,1,1,10,2,1,2
12532,4.0,5.0,1.0,4.0,4.0,1.0,1.0,4.0,5.0,4.0,1.0,5.0,4.0,2.0,4.0,1.0,4.0,4.0,5.0,4.0,6,7,3,5,7,2,2,5,6,6,1,1,0,1,1,0,0,0,0,1,0,1,1,1,1,1,3,2,2,1,35,2,4,1,60,1,2,3
12533,4.0,2.0,1.0,4.0,2.0,1.0,1.0,4.0,1.0,2.0,1.0,5.0,4.0,2.0,4.0,1.0,5.0,4.0,5.0,2.0,2,5,6,1,6,7,5,2,6,1,0,1,1,1,1,1,1,0,0,0,0,0,1,0,0,0,3,3,1,1,23,3,1,1,60,2,1,2
12534,2.0,1.0,2.0,4.0,1.0,1.0,1.0,2.0,4.0,4.0,3.0,2.0,1.0,3.0,4.0,2.0,3.0,2.0,4.0,2.0,4,3,5,3,7,3,7,2,5,2,1,1,1,1,1,0,1,1,0,1,0,0,1,1,1,1,4,2,2,1,35,1,4,1,60,1,1,2
12535,2.0,2.0,2.0,5.0,4.0,5.0,4.0,1.0,5.0,5.0,4.0,1.0,1.0,4.0,3.0,4.0,3.0,3.0,5.0,1.0,5,2,4,2,6,4,5,5,6,2,1,1,1,1,1,0,1,0,0,1,1,0,1,1,1,1,3,3,1,1,55,1,1,1,60,2,3,7
12536,4.0,2.0,4.0,5.0,2.0,4.0,3.0,4.0,5.0,2.0,2.0,1.0,4.0,3.0,1.0,4.0,1.0,1.0,1.0,1.0,3,5,6,2,6,5,5,2,6,4,1,1,1,1,1,0,0,0,0,1,0,0,1,1,1,1,4,3,2,1,40,1,7,1,60,1,2,3
12537,4.0,1.0,1.0,4.0,4.0,2.0,2.0,4.0,3.0,2.0,1.0,5.0,4.0,1.0,4.0,1.0,1.0,5.0,5.0,5.0,7,7,7,1,7,1,2,5,6,1,1,1,1,1,1,1,0,0,0,1,0,0,1,1,1,1,3,3,1,1,42,1,2,1,60,1,1,2
12538,4.0,4.0,4.0,4.0,4.0,2.0,3.0,4.0,2.0,2.0,1.0,4.0,4.0,1.0,4.0,5.0,2.0,2.0,5.0,2.0,6,5,4,5,7,3,5,7,3,1,1,1,0,1,1,0,0,0,0,1,0,0,1,1,1,1,2,2,2,1,21,1,1,2,60,1,1,2
12539,4.0,5.0,1.0,3.0,3.0,1.0,1.0,1.0,2.0,4.0,3.0,2.0,5.0,3.0,5.0,1.0,1.0,2.0,5.0,4.0,4,3,6,2,6,5,6,2,5,4,1,1,1,1,1,0,0,1,0,1,1,1,1,1,1,1,3,3,1,1,48,1,12,1,0,1,3,3
12540,4.0,5.0,3.0,2.0,5.0,1.0,1.0,5.0,3.0,1.0,2.0,4.0,3.0,1.0,5.0,1.0,1.0,5.0,5.0,1.0,4,5,3,4,7,7,4,5,4,1,1,1,0,1,1,0,0,1,0,1,1,0,1,1,1,1,2,2,1,1,31,1,2,1,30,2,1,5
12541,4.0,4.0,2.0,2.0,4.0,2.0,1.0,2.0,5.0,4.0,1.0,4.0,2.0,1.0,2.0,4.0,2.0,1.0,2.0,1.0,6,5,5,5,6,2,6,4,3,1,0,1,0,1,1,0,0,0,0,1,0,0,1,1,1,1,2,2,1,1,19,1,1,1,10,1,1,2
12542,5.0,5.0,1.0,1.0,5.0,2.0,1.0,5.0,2.0,2.0,1.0,5.0,5.0,1.0,5.0,1.0,1.0,5.0,5.0,5.0,2,6,2,5,2,6,6,3,3,1,1,1,1,1,1,0,0,0,1,1,1,1,1,1,1,1,2,2,1,1,19,1,6,1,60,1,1,3
12543,1.0,1.0,2.0,3.0,2.0,5.0,5.0,3.0,5.0,5.0,3.0,2.0,1.0,4.0,1.0,5.0,5.0,1.0,4.0,1.0,7,4,6,5,7,1,7,5,4,1,1,1,0,1,1,0,0,0,0,1,0,0,0,1,1,1,3,3,2,1,30,1,4,2,70,1,1,1
12544,4.0,4.0,3.0,4.0,4.0,3.0,2.0,4.0,4.0,3.0,1.0,4.0,4.0,2.0,4.0,2.0,3.0,3.0,5.0,2.0,7,2,7,6,5,1,5,2,6,1,1,1,0,1,1,0,0,1,0,1,1,0,1,1,1,1,3,2,2,1,34,1,2,1,60,1,1,4
12545,4.0,2.0,5.0,3.0,2.0,5.0,2.0,1.0,5.0,4.0,2.0,2.0,3.0,3.0,2.0,3.0,2.0,4.0,4.0,1.0,5,4,5,7,6,5,7,2,3,4,1,1,0,1,1,0,0,0,0,1,0,0,0,1,1,1,3,3,2,1,26,1,7,1,60,2,2,3
12546,5.0,5.0,1.0,1.0,5.0,1.0,1.0,5.0,1.0,1.0,1.0,5.0,5.0,1.0,5.0,1.0,1.0,5.0,5.0,5.0,6,6,6,6,6,2,6,1,3,2,1,1,0,1,1,0,1,0,0,1,0,0,0,1,0,1,4,1,1,2,43,1,7,1,30,2,2,5
12547,3.0,4.0,5.0,3.0,5.0,3.0,3.0,5.0,5.0,2.0,4.0,4.0,1.0,4.0,3.0,1.0,2.0,4.0,4.0,3.0,6,2,5,1,6,6,7,6,6,4,1,1,0,1,1,1,0,1,0,1,0,0,1,1,1,1,3,3,1,1,27,1,3,1,60,2,1,1
12548,5.0,5.0,1.0,5.0,4.0,1.0,1.0,5.0,1.0,1.0,2.0,2.0,2.0,2.0,3.0,2.0,5.0,5.0,5.0,1.0,5,7,6,3,7,6,3,5,6,1,1,1,0,1,1,0,0,1,0,1,0,1,1,1,1,1,3,3,1,2,22,1,4,1,10,2,1,3
12549,1.0,1.0,2.0,4.0,3.0,5.0,5.0,3.0,5.0,5.0,1.0,4.0,3.0,3.0,3.0,3.0,1.0,2.0,5.0,1.0,1,4,3,6,5,5,5,7,1,1,1,1,0,1,1,0,1,1,0,1,1,1,1,1,1,1,2,3,1,1,19,2,1,1,60,1,1,2
12550,5.0,2.0,2.0,3.0,4.0,4.0,2.0,2.0,3.0,4.0,1.0,2.0,1.0,2.0,1.0,1.0,1.0,5.0,5.0,1.0,3,3,6,3,6,5,6,5,5,3,1,1,0,1,1,1,0,1,0,1,0,0,1,1,1,1,2,2,1,1,19,2,2,1,60,2,1,3
12551,1.0,1.0,3.0,3.0,1.0,2.0,2.0,4.0,4.0,4.0,2.0,3.0,2.0,1.0,4.0,5.0,1.0,4.0,4.0,3.0,5,4,6,2,5,7,7,1,6,5,1,1,0,1,1,0,1,1,0,1,0,0,1,1,1,1,4,3,1,2,24,1,8,1,10,2,1,0
12552,5.0,5.0,1.0,2.0,5.0,1.0,1.0,5.0,1.0,1.0,1.0,2.0,5.0,1.0,4.0,3.0,1.0,5.0,5.0,4.0,7,1,7,1,6,3,6,2,6,1,1,1,0,1,1,0,0,1,0,1,0,0,1,1,1,1,3,2,1,2,21,2,2,2,20,2,1,3
12553,5.0,5.0,1.0,1.0,5.0,1.0,1.0,5.0,5.0,5.0,1.0,5.0,5.0,1.0,2.0,2.0,1.0,5.0,5.0,1.0,2,1,7,1,7,5,3,1,7,1,1,1,0,1,1,0,0,0,0,1,0,0,1,1,1,1,3,3,1,2,20,1,1,1,10,2,1,3
12554,5.0,5.0,2.0,1.0,5.0,1.0,1.0,5.0,4.0,2.0,1.0,5.0,4.0,1.0,3.0,3.0,1.0,5.0,5.0,4.0,1,6,1,2,3,5,7,5,6,6,1,1,1,1,1,0,0,1,0,1,0,1,1,1,1,1,2,2,1,1,27,1,2,1,60,2,1,2
12555,5.0,5.0,1.0,1.0,4.0,1.0,1.0,4.0,2.0,2.0,1.0,5.0,1.0,2.0,5.0,5.0,1.0,3.0,5.0,1.0,1,6,5,6,3,6,5,5,5,2,1,1,1,1,1,0,0,0,0,1,0,0,1,1,1,1,2,1,1,1,22,1,12,1,60,1,1,2
12556,1.0,5.0,4.0,1.0,5.0,3.0,2.0,5.0,5.0,2.0,1.0,4.0,1.0,1.0,5.0,3.0,3.0,5.0,5.0,1.0,3,5,4,1,6,6,5,2,7,1,1,1,1,1,1,0,0,1,0,1,0,0,1,1,1,1,3,3,1,2,32,1,1,1,50,1,2,2
12557,5.0,4.0,4.0,2.0,5.0,2.0,2.0,5.0,2.0,5.0,4.0,1.0,2.0,4.0,4.0,1.0,1.0,5.0,5.0,1.0,6,5,3,5,7,3,7,2,6,3,1,1,1,1,1,0,0,0,0,1,0,1,0,1,0,1,4,2,2,2,24,1,8,3,10,1,1,2
12558,1.0,2.0,5.0,5.0,1.0,5.0,5.0,1.0,5.0,5.0,5.0,1.0,1.0,4.0,3.0,2.0,5.0,1.0,2.0,1.0,7,3,2,5,7,3,6,6,3,6,1,1,0,1,1,1,0,0,0,1,0,0,0,1,1,1,3,2,2,1,24,2,12,5,60,1,1,2
12559,5.0,4.0,1.0,1.0,4.0,2.0,1.0,4.0,5.0,2.0,1.0,2.0,1.0,1.0,4.0,2.0,1.0,2.0,5.0,1.0,5,1,6,1,7,5,6,2,7,1,1,1,1,1,1,0,1,1,0,1,1,0,1,1,1,1,3,1,1,1,39,1,1,1,60,1,1,2
12560,3.0,3.0,4.0,2.0,4.0,2.0,2.0,3.0,5.0,3.0,2.0,4.0,4.0,5.0,3.0,3.0,3.0,3.0,4.0,1.0,3,4,5,7,6,7,6,5,4,2,1,1,0,1,1,0,0,0,0,1,0,0,0,1,1,1,2,1,2,2,20,1,2,5,60,2,1,1
12561,4.0,2.0,3.0,3.0,4.0,3.0,3.0,5.0,3.0,2.0,1.0,2.0,4.0,1.0,3.0,3.0,1.0,3.0,5.0,3.0,4,5,1,5,7,4,4,6,3,2,1,1,1,1,1,1,0,1,0,1,1,0,1,1,1,1,3,3,1,1,24,1,1,1,60,1,1,2
12562,1.0,1.0,2.0,5.0,1.0,5.0,3.0,2.0,5.0,4.0,1.0,2.0,2.0,2.0,1.0,5.0,2.0,1.0,5.0,1.0,5,2,6,1,7,6,3,1,6,2,1,1,1,1,1,0,1,1,0,1,0,1,1,1,1,1,4,1,1,1,40,1,1,1,60,1,2,3
12563,3.0,2.0,3.0,4.0,5.0,2.0,3.0,3.0,5.0,3.0,2.0,5.0,1.0,3.0,2.0,1.0,2.0,2.0,1.0,1.0,5,5,5,6,4,6,6,3,6,2,1,1,1,1,1,1,1,1,1,1,1,1,1,1,1,1,3,3,1,1,53,1,1,1,60,2,3,8
12564,5.0,5.0,1.0,1.0,5.0,1.0,1.0,5.0,2.0,5.0,1.0,5.0,5.0,1.0,5.0,1.0,1.0,5.0,5.0,5.0,7,1,3,1,7,6,1,5,7,5,1,1,0,1,1,0,0,0,0,1,0,0,1,0,1,1,2,2,1,2,23,1,10,1,10,2,1,1
12565,4.0,4.0,2.0,2.0,1.0,2.0,1.0,1.0,4.0,5.0,1.0,5.0,1.0,2.0,2.0,1.0,2.0,4.0,5.0,4.0,1,1,6,7,7,7,6,5,2,1,1,1,1,1,1,0,0,1,0,1,0,0,1,1,1,1,3,2,2,1,34,1,1,1,60,1,1,2
12566,1.0,2.0,2.0,4.0,1.0,4.0,4.0,1.0,5.0,4.0,1.0,1.0,1.0,2.0,4.0,4.0,3.0,2.0,5.0,2.0,2,3,7,3,6,5,5,1,5,5,0,1,0,0,1,0,0,0,0,1,0,0,1,1,1,1,4,2,1,1,24,1,2,1,60,1,1,2
12567,5.0,4.0,2.0,5.0,5.0,3.0,3.0,4.0,4.0,2.0,2.0,5.0,5.0,3.0,4.0,3.0,2.0,3.0,4.0,2.0,6,6,4,6,6,2,3,4,2,1,1,0,0,1,1,0,0,0,0,1,0,0,0,1,1,1,4,2,1,2,26,2,6,2,10,1,1,2
12568,5.0,5.0,1.0,5.0,5.0,5.0,1.0,3.0,1.0,5.0,1.0,5.0,4.0,1.0,2.0,5.0,1.0,1.0,5.0,1.0,6,5,7,5,7,4,7,5,3,1,1,1,1,1,1,0,1,1,0,1,1,0,1,1,1,1,4,3,1,1,38,1,6,2,60,1,3,3
12569,1.0,1.0,1.0,1.0,2.0,2.0,2.0,5.0,5.0,4.0,1.0,2.0,3.0,1.0,4.0,1.0,3.0,2.0,4.0,1.0,5,6,7,1,5,1,3,1,7,1,1,1,1,1,1,0,1,0,0,1,0,0,0,1,1,1,4,3,2,1,34,1,7,1,30,1,2,2
12570,1.0,2.0,5.0,4.0,1.0,4.0,4.0,1.0,5.0,5.0,1.0,1.0,1.0,2.0,4.0,2.0,3.0,1.0,5.0,1.0,6,5,5,6,5,5,7,6,2,1,1,0,0,1,1,0,0,0,0,1,0,0,1,1,1,1,2,2,2,1,20,1,1,2,60,2,1,4
12571,4.0,5.0,4.0,1.0,3.0,2.0,1.0,4.0,5.0,4.0,2.0,4.0,1.0,1.0,2.0,1.0,3.0,2.0,4.0,2.0,4,3,5,5,7,6,7,2,6,4,1,1,1,1,1,0,0,1,0,1,1,0,1,1,1,1,4,3,1,2,22,2,1,1,60,1,1,1
12572,1.0,5.0,5.0,1.0,5.0,5.0,2.0,5.0,1.0,5.0,1.0,4.0,5.0,1.0,2.0,2.0,4.0,5.0,5.0,2.0,3,5,7,1,7,1,7,1,5,3,1,1,0,1,1,0,0,0,0,1,0,0,0,0,1,1,3,2,2,1,24,1,6,1,30,1,1,2
12573,5.0,3.0,1.0,2.0,5.0,1.0,1.0,4.0,3.0,1.0,1.0,4.0,5.0,1.0,1.0,5.0,1.0,3.0,5.0,2.0,4,1,6,1,7,4,1,5,2,1,1,1,1,1,1,0,0,1,0,1,0,0,1,1,1,1,3,2,1,1,25,2,12,3,60,1,1,9
12574,5.0,5.0,1.0,1.0,5.0,1.0,1.0,5.0,3.0,1.0,1.0,5.0,4.0,1.0,5.0,1.0,1.0,5.0,5.0,4.0,3,5,7,5,7,5,3,1,4,1,1,1,1,1,1,0,1,1,0,1,0,1,1,1,1,1,3,2,2,1,25,2,2,2,60,1,2,2
12575,1.0,1.0,3.0,4.0,5.0,5.0,5.0,5.0,5.0,5.0,1.0,3.0,4.0,1.0,1.0,1.0,1.0,1.0,5.0,5.0,2,7,2,5,5,7,3,5,3,4,1,1,0,1,1,0,0,0,0,1,0,0,1,1,1,1,3,2,1,1,23,1,2,1,60,2,1,2
12576,5.0,5.0,2.0,1.0,3.0,5.0,4.0,4.0,3.0,2.0,5.0,3.0,4.0,2.0,5.0,3.0,4.0,5.0,3.0,5.0,1,4,3,4,6,4,5,3,5,2,0,0,0,0,1,0,0,1,0,0,0,0,0,0,0,1,3,3,1,2,32,1,12,1,70,2,1,2
12577,5.0,5.0,1.0,4.0,5.0,1.0,1.0,5.0,2.0,1.0,1.0,5.0,5.0,1.0,4.0,1.0,1.0,5.0,5.0,5.0,3,5,6,1,7,6,4,2,7,2,1,1,1,1,1,0,1,1,1,1,1,1,1,1,1,1,4,2,1,2,24,3,1,4,10,2,1,2
12578,2.0,2.0,4.0,4.0,4.0,4.0,1.0,4.0,5.0,3.0,2.0,2.0,2.0,2.0,2.0,3.0,2.0,4.0,4.0,1.0,4,2,5,6,7,6,5,1,4,3,1,1,1,1,1,0,1,1,0,1,0,0,1,1,1,1,4,1,2,2,43,1,12,1,60,2,1,1
12579,3.0,4.0,4.0,3.0,5.0,1.0,2.0,4.0,4.0,1.0,1.0,5.0,4.0,1.0,5.0,2.0,1.0,4.0,5.0,3.0,7,1,7,4,7,4,5,1,4,1,0,0,0,0,0,0,0,0,0,0,0,0,0,0,0,0,3,1,1,2,35,1,7,1,60,1,1,2
12580,1.0,1.0,3.0,3.0,1.0,4.0,2.0,1.0,5.0,5.0,1.0,1.0,1.0,2.0,1.0,3.0,3.0,2.0,5.0,1.0,6,6,7,3,6,5,7,1,6,4,1,1,0,1,1,0,0,0,0,1,0,0,1,1,1,1,3,3,2,2,23,2,4,1,60,1,1,3
12581,1.0,4.0,2.0,4.0,4.0,2.0,2.0,5.0,3.0,2.0,1.0,5.0,4.0,4.0,4.0,1.0,1.0,4.0,2.0,5.0,2,5,3,2,7,5,6,2,6,2,1,1,1,1,1,1,1,1,0,1,1,1,1,1,1,1,4,3,2,2,55,1,1,1,60,0,2,3
12582,2.0,1.0,4.0,2.0,4.0,5.0,4.0,4.0,5.0,3.0,2.0,5.0,2.0,2.0,1.0,5.0,5.0,1.0,5.0,5.0,6,4,7,3,7,7,7,1,6,1,0,0,0,0,1,0,0,0,0,1,0,1,0,1,0,1,3,1,2,2,23,1,4,1,60,2,1,1
12583,5.0,5.0,1.0,4.0,1.0,5.0,5.0,5.0,5.0,5.0,4.0,5.0,5.0,1.0,1.0,5.0,5.0,1.0,5.0,1.0,7,1,5,6,7,6,7,7,6,6,1,0,0,1,0,0,0,0,0,1,0,0,0,0,0,1,4,1,1,2,30,1,1,1,70,1,1,5
12584,1.0,1.0,3.0,4.0,3.0,4.0,4.0,3.0,5.0,3.0,2.0,2.0,1.0,1.0,1.0,2.0,1.0,1.0,5.0,1.0,6,7,6,2,7,4,6,2,7,2,1,1,0,1,0,0,0,0,0,1,0,0,0,0,0,1,3,3,1,2,23,1,3,3,10,2,1,2
12585,1.0,2.0,4.0,5.0,2.0,4.0,4.0,2.0,3.0,4.0,2.0,3.0,1.0,2.0,4.0,4.0,2.0,4.0,5.0,1.0,6,2,7,3,7,4,7,2,5,1,1,1,1,1,1,0,0,1,0,1,1,0,1,1,1,1,4,3,1,2,58,1,1,1,60,1,3,2
12586,3.0,1.0,2.0,4.0,3.0,3.0,1.0,1.0,2.0,5.0,1.0,2.0,2.0,3.0,4.0,2.0,2.0,5.0,4.0,3.0,6,6,5,4,7,4,5,4,5,1,1,1,0,1,0,0,0,0,0,1,0,0,0,1,1,1,3,1,1,2,26,1,4,1,60,1,1,2
12587,1.0,1.0,1.0,2.0,2.0,1.0,1.0,3.0,4.0,1.0,1.0,3.0,2.0,1.0,5.0,1.0,4.0,4.0,5.0,2.0,3,7,2,6,2,5,5,6,3,3,1,1,1,1,1,1,1,0,0,1,0,1,1,1,1,1,1,3,1,2,16,1,2,1,60,2,1,1
12588,5.0,2.0,1.0,1.0,5.0,1.0,1.0,5.0,2.0,1.0,1.0,5.0,4.0,1.0,3.0,1.0,1.0,4.0,5.0,5.0,5,4,6,3,7,5,5,2,6,2,1,1,0,1,1,1,0,0,0,1,1,0,1,1,1,1,3,3,1,1,30,1,2,1,60,2,1,3
12589,1.0,4.0,2.0,5.0,1.0,1.0,1.0,4.0,5.0,2.0,2.0,1.0,1.0,2.0,3.0,1.0,3.0,4.0,4.0,1.0,6,3,7,1,6,4,3,1,6,6,1,1,0,1,1,0,0,0,0,1,0,0,0,0,1,1,3,2,1,2,25,1,4,1,60,2,1,2
12590,2.0,1.0,3.0,4.0,1.0,4.0,3.0,4.0,5.0,5.0,1.0,1.0,1.0,2.0,1.0,4.0,3.0,4.0,5.0,1.0,3,3,4,4,7,7,5,4,5,3,1,1,1,1,1,1,1,0,0,1,0,1,1,1,1,1,4,3,1,2,26,1,1,1,70,2,1,2
12591,2.0,2.0,2.0,4.0,2.0,2.0,2.0,3.0,1.0,2.0,1.0,2.0,1.0,2.0,4.0,4.0,3.0,4.0,1.0,2.0,7,3,6,3,7,5,7,1,7,2,1,1,0,1,1,0,0,0,0,1,1,0,0,0,0,1,4,3,2,2,24,1,2,1,60,1,1,1
12592,1.0,2.0,1.0,3.0,2.0,2.0,1.0,1.0,4.0,4.0,1.0,4.0,1.0,1.0,1.0,1.0,5.0,4.0,5.0,3.0,7,5,5,5,7,2,5,3,3,4,1,1,0,1,1,0,0,1,0,1,0,0,0,1,1,1,3,2,2,2,29,1,4,1,60,1,1,2
12593,5.0,2.0,2.0,2.0,4.0,2.0,1.0,4.0,3.0,2.0,2.0,4.0,1.0,2.0,2.0,2.0,2.0,2.0,5.0,4.0,2,3,6,5,6,5,3,4,3,3,1,1,1,1,1,0,0,0,0,1,0,0,1,1,1,1,2,1,1,2,25,1,2,1,60,1,1,2
12594,1.0,1.0,5.0,5.0,1.0,5.0,5.0,1.0,5.0,3.0,1.0,1.0,1.0,1.0,1.0,3.0,2.0,4.0,3.0,1.0,1,6,6,7,4,7,6,6,3,2,1,1,1,1,1,0,0,1,0,1,0,0,1,1,1,1,3,1,1,1,21,2,1,3,60,2,1,2
12595,4.0,4.0,4.0,2.0,4.0,2.0,1.0,4.0,4.0,3.0,1.0,4.0,4.0,3.0,2.0,1.0,2.0,4.0,4.0,2.0,3,4,6,5,5,6,6,2,5,5,1,1,0,1,1,0,1,0,0,1,0,0,1,1,1,1,3,2,1,2,26,1,12,1,10,2,1,2
12596,1.0,1.0,4.0,5.0,2.0,5.0,5.0,2.0,4.0,5.0,3.0,1.0,1.0,3.0,2.0,1.0,1.0,2.0,3.0,2.0,6,3,7,5,6,4,7,1,3,3,1,0,0,1,1,0,0,1,0,1,0,0,0,1,1,1,3,3,1,2,23,1,2,3,10,2,1,1
12597,4.0,4.0,2.0,3.0,5.0,1.0,1.0,4.0,4.0,3.0,1.0,1.0,4.0,3.0,4.0,2.0,1.0,4.0,5.0,1.0,2,5,2,4,5,6,5,5,4,6,1,1,1,1,1,0,1,1,0,1,0,0,1,1,1,1,3,3,2,2,26,1,2,1,60,1,1,2
12598,1.0,4.0,4.0,2.0,2.0,2.0,2.0,1.0,4.0,2.0,3.0,2.0,1.0,1.0,5.0,4.0,4.0,4.0,5.0,1.0,7,5,7,5,7,2,7,1,6,2,0,1,0,0,1,0,0,0,0,1,0,0,0,0,1,0,3,3,2,2,22,2,7,1,60,2,1,2
12599,1.0,1.0,4.0,3.0,1.0,4.0,2.0,2.0,5.0,3.0,1.0,2.0,1.0,3.0,2.0,2.0,4.0,4.0,5.0,2.0,2,1,6,3,6,7,5,1,4,5,1,1,1,1,1,0,0,0,0,1,1,1,1,1,1,1,2,2,1,1,19,1,1,1,60,1,1,3
12600,2.0,2.0,3.0,3.0,4.0,4.0,4.0,3.0,4.0,4.0,2.0,4.0,2.0,3.0,3.0,2.0,2.0,4.0,4.0,1.0,7,6,4,2,7,3,5,4,5,2,1,1,1,1,1,0,1,1,0,1,1,0,0,1,1,1,3,1,2,2,22,1,1,1,60,2,1,3
12601,2.0,2.0,4.0,3.0,4.0,2.0,2.0,2.0,5.0,4.0,2.0,4.0,4.0,3.0,4.0,2.0,2.0,4.0,4.0,1.0,5,5,6,5,4,6,7,3,6,2,1,1,0,1,1,0,1,0,0,1,0,0,1,1,1,1,4,3,1,1,21,1,12,1,10,2,1,2
12602,5.0,3.0,4.0,5.0,2.0,1.0,1.0,5.0,5.0,1.0,1.0,1.0,1.0,1.0,5.0,4.0,1.0,1.0,5.0,4.0,6,6,6,1,7,5,7,1,6,1,1,1,0,1,1,0,0,1,0,1,1,0,1,1,1,1,4,2,1,2,24,1,2,1,60,1,1,2
12603,5.0,4.0,2.0,3.0,3.0,1.0,1.0,4.0,2.0,2.0,2.0,4.0,4.0,1.0,4.0,2.0,2.0,3.0,5.0,3.0,5,5,3,4,6,6,4,2,5,1,1,0,0,1,0,0,0,0,0,1,0,0,0,1,1,1,2,2,2,2,21,1,3,1,60,1,1,2
12604,1.0,5.0,1.0,5.0,1.0,1.0,1.0,1.0,5.0,5.0,3.0,1.0,1.0,3.0,2.0,1.0,5.0,1.0,5.0,1.0,6,5,6,5,7,3,7,7,5,5,1,1,1,1,1,0,1,1,0,1,1,0,1,1,1,1,3,2,1,1,25,1,6,2,60,1,1,1
12605,3.0,2.0,4.0,4.0,3.0,4.0,3.0,3.0,3.0,4.0,4.0,4.0,1.0,2.0,3.0,2.0,3.0,3.0,4.0,1.0,5,4,6,3,6,4,6,5,5,1,0,1,0,1,0,0,0,0,0,1,0,0,0,0,1,1,3,3,1,2,25,1,12,1,10,2,1,1
12606,5.0,5.0,1.0,1.0,5.0,1.0,1.0,5.0,1.0,1.0,1.0,5.0,5.0,1.0,5.0,1.0,1.0,5.0,5.0,5.0,1,7,7,1,7,5,1,3,7,1,1,1,0,1,1,0,0,0,0,1,0,0,0,1,1,1,3,2,1,2,18,2,1,1,60,1,1,2
12607,2.0,4.0,4.0,3.0,2.0,4.0,3.0,2.0,5.0,5.0,1.0,4.0,1.0,2.0,3.0,2.0,2.0,4.0,4.0,3.0,1,3,4,6,7,5,3,5,6,5,1,1,1,1,1,0,0,1,0,1,1,0,1,1,1,1,4,3,1,2,40,1,2,1,60,1,1,3
12608,3.0,4.0,2.0,2.0,2.0,4.0,2.0,2.0,2.0,2.0,2.0,4.0,4.0,2.0,3.0,4.0,3.0,4.0,3.0,2.0,5,4,6,2,5,3,4,2,6,2,1,1,1,1,1,0,0,0,0,1,0,0,1,1,1,1,3,1,2,1,33,1,2,2,60,1,2,3
12609,2.0,2.0,1.0,3.0,2.0,4.0,2.0,3.0,5.0,2.0,1.0,3.0,2.0,4.0,2.0,1.0,2.0,2.0,3.0,1.0,2,5,6,6,4,7,6,3,5,5,1,1,1,1,1,0,0,0,0,1,0,0,1,1,1,1,2,3,2,1,20,1,7,1,0,1,1,2
12610,1.0,1.0,4.0,3.0,4.0,2.0,2.0,2.0,4.0,2.0,3.0,4.0,1.0,1.0,3.0,1.0,3.0,1.0,5.0,1.0,1,6,6,5,4,7,5,1,6,5,1,1,1,1,1,0,1,0,0,1,1,0,0,1,1,1,4,3,2,2,24,1,2,1,10,2,1,1
12611,5.0,5.0,2.0,3.0,5.0,2.0,4.0,3.0,4.0,5.0,1.0,4.0,5.0,1.0,4.0,1.0,2.0,4.0,2.0,4.0,5,6,2,1,6,5,5,7,5,2,0,0,0,0,0,0,0,0,0,0,0,0,0,1,1,1,4,1,1,2,26,1,10,1,10,1,2,3
12612,5.0,1.0,1.0,5.0,5.0,1.0,1.0,5.0,4.0,1.0,1.0,5.0,5.0,1.0,5.0,1.0,1.0,5.0,5.0,5.0,6,2,7,1,7,2,6,2,6,1,1,1,1,1,1,0,1,1,0,1,1,0,1,1,1,1,3,2,1,1,57,1,4,1,60,1,1,5
12613,4.0,5.0,3.0,1.0,4.0,5.0,4.0,3.0,3.0,5.0,1.0,5.0,1.0,1.0,4.0,1.0,5.0,2.0,5.0,4.0,3,6,1,5,7,3,6,3,6,1,1,1,0,1,1,0,0,1,0,1,0,0,1,0,1,1,3,3,2,2,23,1,7,2,60,2,1,1
12614,1.0,4.0,5.0,5.0,2.0,5.0,4.0,4.0,5.0,4.0,2.0,1.0,1.0,3.0,1.0,5.0,2.0,4.0,5.0,1.0,5,2,5,3,6,7,7,5,6,7,1,1,1,1,1,0,0,0,0,1,0,0,1,1,1,1,3,2,1,1,29,1,2,1,70,2,1,3
12615,1.0,4.0,4.0,4.0,5.0,4.0,3.0,3.0,4.0,4.0,2.0,4.0,1.0,2.0,4.0,5.0,3.0,5.0,1.0,1.0,6,7,5,7,4,3,6,3,2,2,1,1,0,1,1,0,0,0,0,1,0,1,0,0,1,1,3,3,2,2,24,1,12,1,10,2,1,1
12616,5.0,5.0,5.0,1.0,5.0,5.0,5.0,4.0,5.0,2.0,1.0,5.0,1.0,1.0,3.0,1.0,1.0,5.0,5.0,1.0,7,7,7,7,7,6,6,1,3,5,1,1,0,1,1,1,0,1,0,1,0,0,0,1,1,1,4,1,2,2,24,1,4,1,60,1,1,2
12617,4.0,5.0,3.0,1.0,5.0,3.0,1.0,2.0,5.0,5.0,1.0,5.0,4.0,1.0,1.0,3.0,2.0,4.0,5.0,2.0,6,6,7,5,7,3,4,1,6,2,1,1,0,1,0,0,1,1,0,1,1,0,1,1,1,1,0,3,2,2,57,1,4,1,60,1,3,2
12618,2.0,4.0,4.0,4.0,5.0,3.0,3.0,3.0,5.0,4.0,1.0,4.0,2.0,1.0,4.0,3.0,2.0,4.0,5.0,2.0,6,2,3,5,7,5,6,5,5,6,1,1,1,1,1,0,0,0,0,1,0,0,1,1,1,1,2,3,2,2,19,2,1,1,10,2,1,2
12619,2.0,1.0,3.0,4.0,4.0,5.0,5.0,1.0,1.0,4.0,2.0,5.0,2.0,1.0,4.0,1.0,2.0,4.0,5.0,2.0,6,7,6,7,6,2,6,1,1,1,1,1,0,1,1,0,0,1,0,1,0,0,0,1,1,1,3,1,2,2,24,1,4,1,60,1,1,4
12620,5.0,5.0,1.0,2.0,4.0,1.0,1.0,5.0,1.0,1.0,1.0,4.0,5.0,1.0,5.0,5.0,1.0,5.0,4.0,3.0,7,7,7,1,7,1,2,2,7,1,1,1,1,1,1,0,0,1,1,1,0,1,1,1,1,1,1,3,1,1,15,1,10,1,70,2,1,1
12621,1.0,1.0,5.0,5.0,1.0,1.0,1.0,1.0,5.0,5.0,1.0,1.0,1.0,4.0,1.0,4.0,2.0,4.0,5.0,1.0,7,1,6,1,6,1,7,2,7,1,1,1,1,1,1,0,0,1,0,1,0,0,1,1,1,1,4,2,2,1,58,1,2,1,60,1,2,2
12622,2.0,2.0,1.0,1.0,3.0,1.0,1.0,2.0,5.0,4.0,2.0,2.0,4.0,2.0,2.0,4.0,3.0,4.0,4.0,2.0,2,1,6,5,6,7,7,3,6,2,1,1,0,1,1,0,0,0,0,1,0,0,1,1,1,1,2,1,1,1,19,1,1,1,60,2,1,1
12623,2.0,2.0,1.0,4.0,2.0,3.0,3.0,1.0,5.0,1.0,3.0,1.0,1.0,1.0,4.0,3.0,1.0,1.0,5.0,1.0,5,3,7,4,6,2,7,1,5,2,1,1,1,1,1,0,1,0,0,1,1,0,1,1,1,1,3,2,2,1,26,1,6,1,60,1,1,1
12624,5.0,4.0,1.0,2.0,3.0,2.0,1.0,4.0,1.0,2.0,1.0,5.0,5.0,1.0,4.0,4.0,1.0,5.0,4.0,5.0,3,3,2,5,6,6,3,6,6,1,1,1,1,1,1,0,0,0,0,1,0,0,1,1,1,1,2,3,1,2,21,1,1,2,60,2,1,1
12625,1.0,3.0,5.0,5.0,3.0,5.0,4.0,3.0,5.0,4.0,1.0,1.0,1.0,5.0,3.0,5.0,1.0,4.0,3.0,1.0,1,5,1,7,6,7,7,3,1,1,1,1,1,1,1,0,0,0,0,1,0,0,1,1,1,1,2,2,2,1,39,1,7,1,60,2,2,2
12626,2.0,2.0,3.0,1.0,2.0,1.0,1.0,2.0,2.0,5.0,1.0,4.0,1.0,3.0,5.0,1.0,2.0,4.0,5.0,4.0,4,5,3,5,4,5,6,2,6,3,1,1,0,1,1,0,0,0,0,1,0,0,1,1,1,1,4,1,2,1,31,1,1,1,60,2,2,2
12627,4.0,2.0,4.0,2.0,4.0,1.0,1.0,5.0,5.0,4.0,1.0,5.0,4.0,2.0,4.0,2.0,1.0,4.0,5.0,2.0,3,5,6,2,5,7,5,2,6,3,1,1,1,1,1,0,1,0,0,1,0,0,1,1,1,1,4,2,2,1,64,1,6,1,60,1,2,3
12628,5.0,4.0,4.0,4.0,5.0,1.0,1.0,4.0,2.0,3.0,1.0,5.0,5.0,1.0,5.0,1.0,1.0,5.0,5.0,4.0,4,5,6,2,7,5,7,5,4,6,1,1,1,1,1,0,1,1,0,1,1,0,1,1,1,1,3,2,1,1,42,2,2,1,60,1,1,1
12629,5.0,3.0,5.0,1.0,2.0,2.0,5.0,1.0,3.0,3.0,1.0,4.0,1.0,3.0,3.0,2.0,4.0,4.0,4.0,1.0,4,4,6,6,6,4,7,4,4,1,1,1,1,1,1,1,1,0,0,1,0,1,0,1,1,1,2,3,2,1,27,3,7,1,70,2,3,6
12630,4.0,3.0,1.0,2.0,4.0,2.0,1.0,2.0,4.0,2.0,2.0,2.0,5.0,1.0,4.0,2.0,1.0,4.0,5.0,1.0,5,5,6,6,7,3,6,3,4,1,1,1,1,1,1,0,0,1,1,1,0,1,1,1,1,1,3,1,2,1,26,1,1,2,60,1,1,4
12631,1.0,2.0,2.0,4.0,2.0,1.0,2.0,1.0,4.0,2.0,2.0,4.0,2.0,1.0,1.0,4.0,4.0,2.0,2.0,1.0,2,3,7,2,5,7,6,1,6,2,1,1,0,1,1,0,0,0,0,1,0,0,1,1,1,1,4,1,2,1,32,1,6,1,60,1,1,2
12632,4.0,4.0,3.0,3.0,3.0,1.0,1.0,2.0,2.0,1.0,1.0,5.0,5.0,1.0,4.0,1.0,1.0,2.0,5.0,3.0,4,7,6,2,7,5,5,5,7,1,1,1,1,1,1,0,0,1,0,1,0,0,1,1,1,1,3,1,1,1,27,1,2,1,60,1,1,3
12633,5.0,4.0,1.0,4.0,4.0,2.0,1.0,5.0,4.0,2.0,1.0,5.0,3.0,3.0,4.0,2.0,3.0,4.0,5.0,1.0,2,6,4,7,6,6,7,2,5,5,1,1,0,1,1,0,0,0,0,1,0,0,1,1,1,1,3,2,1,1,25,1,1,1,10,1,1,2
12634,1.0,1.0,5.0,5.0,3.0,2.0,2.0,1.0,5.0,3.0,1.0,2.0,1.0,4.0,4.0,4.0,5.0,4.0,5.0,1.0,6,6,7,1,6,5,4,1,2,2,1,1,0,1,1,0,0,0,0,1,0,0,0,1,1,1,3,2,1,2,23,1,6,1,60,2,1,2
12635,5.0,5.0,5.0,1.0,5.0,1.0,4.0,5.0,2.0,1.0,1.0,5.0,5.0,1.0,5.0,1.0,1.0,5.0,5.0,1.0,6,5,6,6,7,5,5,3,6,5,1,1,1,1,1,0,1,1,0,1,1,0,1,1,1,1,4,2,2,1,32,1,4,3,60,2,1,3
12636,1.0,1.0,5.0,1.0,4.0,5.0,5.0,4.0,5.0,5.0,3.0,4.0,1.0,3.0,1.0,5.0,1.0,1.0,4.0,1.0,5,2,7,1,6,7,7,1,7,4,1,1,0,1,1,0,0,0,0,1,0,0,1,1,1,1,3,1,1,1,53,1,6,1,60,1,2,4
12637,1.0,3.0,2.0,3.0,4.0,4.0,1.0,2.0,4.0,4.0,2.0,3.0,3.0,3.0,4.0,4.0,2.0,1.0,5.0,1.0,6,5,3,6,7,2,6,6,2,1,1,1,1,1,1,1,1,1,0,1,0,0,1,1,1,1,2,2,1,2,21,1,1,2,70,2,1,3
12638,5.0,4.0,4.0,2.0,4.0,4.0,4.0,4.0,4.0,4.0,2.0,4.0,5.0,4.0,4.0,4.0,2.0,4.0,4.0,2.0,3,5,5,5,5,6,5,6,5,6,1,1,0,1,1,0,0,0,0,1,0,0,1,1,1,1,2,2,1,2,22,1,10,1,10,1,1,5
12639,5.0,5.0,3.0,2.0,3.0,2.0,1.0,4.0,3.0,1.0,2.0,5.0,4.0,1.0,3.0,3.0,1.0,4.0,4.0,3.0,3,5,5,6,2,7,4,3,7,5,1,1,0,1,1,0,0,1,1,1,0,1,1,1,1,1,3,1,1,2,21,1,2,1,60,2,1,2
12640,4.0,4.0,3.0,3.0,2.0,1.0,2.0,2.0,5.0,2.0,2.0,3.0,2.0,2.0,4.0,4.0,4.0,4.0,4.0,1.0,6,5,4,6,5,2,5,6,2,2,1,1,1,1,1,0,0,1,0,1,0,0,1,1,1,1,4,2,2,1,28,1,7,1,60,1,2,3
12641,4.0,4.0,1.0,3.0,3.0,2.0,2.0,4.0,3.0,4.0,1.0,5.0,4.0,2.0,4.0,2.0,2.0,4.0,4.0,4.0,3,5,5,2,5,6,3,3,5,3,1,1,1,1,1,0,0,0,0,1,0,0,1,1,1,1,3,2,2,1,29,1,2,4,10,1,1,1
12642,5.0,4.0,4.0,4.0,5.0,5.0,3.0,4.0,3.0,2.0,2.0,5.0,4.0,4.0,2.0,3.0,2.0,4.0,5.0,4.0,4,3,7,1,6,2,6,2,4,1,1,1,0,1,1,0,0,0,0,1,0,0,0,0,1,1,3,3,2,1,44,2,6,2,60,1,2,3
12643,4.0,4.0,3.0,2.0,3.0,1.0,2.0,5.0,3.0,2.0,2.0,4.0,4.0,2.0,3.0,2.0,2.0,4.0,5.0,5.0,5,6,7,7,6,2,7,7,6,2,0,0,1,0,1,0,0,0,0,0,0,0,0,0,0,1,3,3,1,2,20,1,4,1,60,1,1,0
12644,4.0,4.0,2.0,1.0,4.0,2.0,2.0,3.0,2.0,2.0,2.0,4.0,4.0,3.0,3.0,2.0,3.0,4.0,4.0,3.0,2,5,4,3,5,3,3,5,6,4,1,1,0,1,1,0,0,1,0,1,0,0,1,1,1,1,2,2,1,2,19,1,1,1,10,2,1,2
12645,5.0,5.0,2.0,2.0,5.0,1.0,4.0,5.0,3.0,1.0,1.0,4.0,5.0,1.0,5.0,1.0,1.0,5.0,4.0,5.0,3,7,6,6,5,5,3,2,5,2,1,1,1,1,1,0,0,1,0,1,0,0,1,1,1,1,2,1,1,1,19,1,7,1,60,2,1,2
12646,1.0,2.0,2.0,5.0,3.0,3.0,2.0,1.0,5.0,5.0,1.0,2.0,4.0,4.0,3.0,2.0,3.0,4.0,3.0,1.0,5,5,4,4,5,2,6,4,4,1,1,1,1,1,1,0,0,0,0,1,0,1,1,1,1,1,3,2,2,1,26,1,6,1,60,1,1,4
12647,4.0,2.0,3.0,2.0,4.0,3.0,2.0,2.0,3.0,3.0,2.0,5.0,4.0,2.0,2.0,2.0,3.0,2.0,3.0,1.0,6,7,3,5,5,4,6,6,3,4,1,1,0,1,1,0,0,0,0,1,0,0,0,0,1,1,2,3,1,2,18,1,1,2,20,1,1,3
12648,5.0,5.0,1.0,1.0,5.0,5.0,1.0,1.0,1.0,1.0,5.0,1.0,1.0,1.0,1.0,1.0,3.0,5.0,5.0,5.0,7,4,1,3,7,7,6,7,7,2,1,0,0,1,0,0,0,0,0,1,0,0,1,0,1,1,4,1,1,2,34,1,2,1,10,1,1,1
12649,4.0,2.0,2.0,4.0,2.0,5.0,2.0,2.0,5.0,4.0,4.0,2.0,4.0,3.0,3.0,3.0,3.0,2.0,1.0,4.0,2,3,5,4,5,7,5,2,6,2,1,1,0,1,1,0,0,0,0,1,0,0,1,1,1,1,3,2,2,1,41,2,4,1,0,1,2,2
12650,2.0,2.0,1.0,2.0,1.0,1.0,1.0,1.0,5.0,4.0,2.0,2.0,5.0,2.0,4.0,1.0,1.0,4.0,5.0,1.0,2,7,5,1,5,3,1,5,7,3,1,1,0,1,1,1,0,0,0,1,0,0,1,1,1,1,2,2,2,1,39,1,6,1,30,1,1,3
12651,5.0,4.0,4.0,2.0,4.0,2.0,2.0,4.0,2.0,2.0,1.0,4.0,4.0,1.0,4.0,4.0,1.0,4.0,2.0,1.0,1,6,6,6,6,7,6,2,5,5,1,1,0,1,1,0,0,0,0,1,0,0,0,1,1,1,2,3,1,2,23,1,12,1,60,2,1,4
12652,2.0,4.0,5.0,3.0,3.0,5.0,2.0,4.0,4.0,4.0,3.0,3.0,3.0,3.0,4.0,5.0,3.0,4.0,5.0,1.0,6,3,5,5,5,5,7,3,5,5,1,1,0,1,1,1,0,0,0,1,0,0,1,1,1,1,3,2,1,1,20,1,4,1,70,1,1,3
12653,5.0,1.0,5.0,5.0,1.0,2.0,5.0,1.0,5.0,5.0,1.0,5.0,5.0,1.0,1.0,5.0,1.0,5.0,5.0,1.0,1,1,6,1,5,2,6,2,7,1,1,1,1,1,1,1,0,0,1,1,0,0,1,1,1,1,3,2,1,1,68,1,12,1,60,1,2,3
12654,1.0,1.0,4.0,5.0,1.0,5.0,5.0,2.0,5.0,5.0,2.0,1.0,1.0,3.0,1.0,5.0,5.0,4.0,2.0,1.0,6,6,7,7,4,1,7,2,3,6,1,1,0,1,1,0,1,1,0,1,0,0,1,1,1,1,4,3,2,2,33,1,10,1,10,2,2,3
12655,5.0,4.0,5.0,5.0,4.0,1.0,1.0,1.0,2.0,2.0,1.0,4.0,1.0,2.0,5.0,1.0,2.0,4.0,1.0,1.0,6,6,5,7,3,1,1,2,5,5,1,1,0,1,1,0,0,0,0,1,0,1,0,1,1,1,3,3,2,2,28,1,7,1,60,2,2,1
12656,1.0,4.0,1.0,3.0,4.0,4.0,1.0,3.0,4.0,4.0,1.0,4.0,5.0,2.0,1.0,2.0,1.0,4.0,5.0,1.0,5,4,7,2,7,5,4,2,7,1,1,1,0,1,1,1,0,0,1,1,0,0,1,1,1,1,3,3,1,1,23,1,2,1,60,1,1,2
12657,5.0,4.0,1.0,4.0,5.0,3.0,1.0,1.0,3.0,5.0,1.0,1.0,5.0,1.0,3.0,3.0,4.0,5.0,5.0,3.0,6,6,6,2,7,4,5,3,6,1,1,1,1,1,1,0,0,1,0,1,0,1,1,1,1,1,4,3,1,2,32,3,1,1,60,1,2,2
12658,2.0,2.0,4.0,4.0,2.0,5.0,2.0,4.0,5.0,5.0,1.0,5.0,1.0,1.0,1.0,5.0,3.0,1.0,3.0,1.0,5,6,7,6,4,6,3,1,3,2,1,1,0,1,1,0,0,0,0,1,0,0,1,1,1,1,3,3,2,2,23,2,4,1,60,2,1,1
12659,3.0,3.0,2.0,3.0,3.0,4.0,2.0,2.0,3.0,2.0,2.0,3.0,3.0,2.0,4.0,3.0,3.0,3.0,4.0,1.0,6,4,5,5,5,5,6,3,6,2,1,1,1,1,1,0,0,0,0,1,0,0,0,1,1,1,2,2,2,1,18,1,4,1,60,2,1,1
12660,2.0,1.0,2.0,3.0,1.0,5.0,5.0,2.0,5.0,5.0,2.0,2.0,1.0,2.0,2.0,2.0,5.0,1.0,2.0,1.0,7,3,7,1,6,3,7,2,6,1,1,1,1,1,0,0,0,1,0,1,0,0,0,1,1,1,3,3,2,2,22,1,4,1,60,1,1,2
12661,5.0,5.0,4.0,1.0,5.0,1.0,2.0,5.0,1.0,1.0,1.0,5.0,5.0,1.0,5.0,1.0,1.0,5.0,4.0,3.0,3,5,6,5,7,7,2,1,5,4,1,1,1,1,1,0,1,1,0,1,1,0,1,1,1,1,3,3,2,2,33,1,6,1,30,2,1,4
12662,2.0,4.0,2.0,2.0,4.0,4.0,2.0,2.0,5.0,5.0,2.0,2.0,1.0,2.0,3.0,5.0,2.0,2.0,5.0,1.0,5,2,6,5,6,5,7,2,6,6,1,1,0,1,0,0,0,0,0,1,0,0,1,1,0,1,3,3,2,2,22,1,2,1,60,1,1,2
12663,1.0,1.0,4.0,4.0,2.0,5.0,4.0,2.0,5.0,5.0,5.0,5.0,3.0,4.0,4.0,5.0,2.0,3.0,4.0,1.0,6,5,6,1,7,5,6,2,6,2,0,1,1,1,1,0,0,0,0,1,0,0,1,1,1,1,4,3,2,2,22,1,4,1,60,1,1,4
12664,1.0,4.0,4.0,4.0,2.0,5.0,3.0,1.0,4.0,5.0,2.0,1.0,1.0,2.0,4.0,5.0,2.0,3.0,4.0,1.0,5,1,7,5,3,2,7,5,6,3,0,1,0,1,1,0,1,1,0,1,0,1,1,1,1,1,4,3,2,1,37,1,1,1,60,2,1,2
12665,4.0,5.0,1.0,4.0,4.0,2.0,1.0,5.0,2.0,5.0,1.0,3.0,5.0,2.0,5.0,3.0,2.0,5.0,5.0,3.0,1,6,5,1,3,5,1,4,6,3,1,1,1,1,1,0,1,1,0,1,1,0,1,1,1,1,4,2,1,1,52,1,4,1,60,1,2,6
12666,3.0,1.0,2.0,3.0,2.0,5.0,5.0,1.0,5.0,5.0,2.0,1.0,1.0,2.0,1.0,4.0,1.0,1.0,4.0,1.0,7,6,7,3,7,5,7,1,5,1,1,1,1,1,1,0,1,1,0,1,1,0,1,1,1,1,4,3,1,2,22,1,4,3,60,1,1,1
12667,3.0,1.0,3.0,1.0,2.0,5.0,5.0,4.0,5.0,5.0,1.0,1.0,5.0,1.0,1.0,2.0,3.0,2.0,5.0,3.0,6,5,7,2,7,5,7,1,6,1,1,1,1,1,1,0,0,0,0,1,0,0,1,1,1,1,2,2,2,2,20,1,12,1,60,2,1,3
12668,5.0,5.0,1.0,1.0,5.0,1.0,1.0,5.0,1.0,1.0,1.0,5.0,5.0,1.0,5.0,1.0,1.0,5.0,5.0,5.0,5,5,4,5,7,3,6,1,4,1,1,1,0,1,1,0,0,0,0,1,0,0,0,1,1,1,2,3,1,2,20,1,1,4,60,2,1,2
12669,1.0,1.0,4.0,1.0,4.0,4.0,3.0,5.0,4.0,5.0,1.0,5.0,1.0,1.0,1.0,2.0,3.0,1.0,5.0,1.0,1,6,7,3,6,7,3,5,6,2,1,1,1,1,1,0,1,1,0,1,1,0,1,1,1,1,4,3,2,2,31,1,12,1,60,1,2,1
12670,5.0,3.0,4.0,2.0,5.0,5.0,3.0,5.0,5.0,4.0,1.0,5.0,5.0,1.0,4.0,3.0,2.0,4.0,5.0,5.0,1,6,7,4,5,7,1,1,4,3,1,1,1,1,1,0,0,0,0,1,0,0,1,1,1,1,3,3,2,2,32,1,4,1,10,1,2,6
12671,5.0,5.0,4.0,1.0,5.0,3.0,4.0,5.0,2.0,5.0,1.0,5.0,4.0,1.0,4.0,5.0,1.0,4.0,5.0,5.0,2,5,6,4,7,6,2,4,5,3,1,1,1,1,1,0,1,1,1,1,1,1,1,1,1,1,4,3,2,2,42,1,7,1,60,1,2,1
12672,2.0,2.0,2.0,4.0,1.0,2.0,3.0,1.0,5.0,4.0,2.0,2.0,1.0,2.0,3.0,3.0,3.0,2.0,3.0,1.0,3,5,6,3,7,6,4,3,5,2,1,1,1,1,1,0,1,1,0,1,1,0,1,1,1,1,4,2,2,1,52,1,4,1,60,1,1,3
12673,5.0,1.0,4.0,1.0,4.0,4.0,2.0,3.0,5.0,3.0,1.0,5.0,4.0,1.0,2.0,2.0,1.0,4.0,5.0,4.0,1,6,5,5,3,6,3,3,6,3,1,1,0,1,1,0,0,1,0,1,0,0,1,1,1,1,4,1,2,2,29,1,12,1,60,1,1,2
12674,2.0,4.0,4.0,4.0,2.0,5.0,2.0,4.0,5.0,3.0,1.0,5.0,4.0,2.0,5.0,2.0,4.0,2.0,5.0,1.0,1,2,7,2,6,7,2,1,6,1,1,1,1,1,1,0,1,1,0,1,1,0,1,1,1,1,4,0,2,1,64,1,1,1,60,1,3,4
12675,5.0,4.0,5.0,2.0,4.0,5.0,5.0,4.0,5.0,3.0,3.0,5.0,3.0,2.0,1.0,5.0,2.0,5.0,3.0,4.0,1,5,4,6,7,7,2,5,3,1,1,1,0,1,0,0,0,0,0,1,0,0,1,1,1,1,0,1,2,2,32,1,6,1,10,1,2,4
12676,1.0,1.0,5.0,2.0,1.0,4.0,2.0,4.0,5.0,5.0,1.0,4.0,1.0,2.0,1.0,1.0,1.0,1.0,2.0,1.0,1,1,7,1,7,6,5,3,7,1,1,1,0,1,1,0,0,0,0,1,0,0,0,1,1,1,3,2,2,2,46,2,6,1,60,1,2,2
12677,2.0,1.0,5.0,4.0,1.0,2.0,2.0,2.0,5.0,4.0,1.0,4.0,1.0,1.0,2.0,2.0,2.0,2.0,4.0,4.0,1,6,7,2,4,6,2,1,6,2,1,1,1,1,1,0,1,1,0,1,1,0,1,1,1,1,4,2,2,1,67,1,3,2,60,2,2,1
12678,1.0,1.0,5.0,2.0,4.0,5.0,5.0,4.0,5.0,5.0,1.0,4.0,5.0,1.0,1.0,4.0,4.0,4.0,4.0,2.0,1,6,7,5,7,6,2,5,5,3,1,1,0,1,1,0,0,0,0,1,0,0,0,1,1,1,4,3,2,1,31,1,10,1,70,0,3,3
12679,4.0,4.0,4.0,3.0,4.0,3.0,2.0,2.0,2.0,3.0,2.0,4.0,2.0,2.0,4.0,4.0,4.0,2.0,3.0,4.0,2,6,4,5,6,2,5,5,6,3,1,0,0,1,0,0,0,0,0,1,1,0,0,1,1,1,2,1,1,2,22,1,4,1,60,1,1,0
12680,5.0,5.0,1.0,1.0,5.0,1.0,1.0,4.0,1.0,1.0,1.0,2.0,2.0,1.0,2.0,1.0,1.0,1.0,4.0,1.0,1,1,6,1,7,6,6,2,7,2,1,1,1,1,1,0,1,0,0,1,1,0,1,1,1,1,4,3,2,1,46,1,1,1,60,1,3,2
12681,5.0,1.0,5.0,1.0,5.0,1.0,5.0,5.0,1.0,5.0,1.0,5.0,5.0,1.0,5.0,1.0,1.0,5.0,5.0,5.0,2,3,4,7,5,7,3,6,5,1,1,1,1,1,1,0,0,0,0,1,0,0,1,1,1,1,3,3,1,2,33,1,4,3,10,1,1,5
12682,5.0,2.0,2.0,4.0,5.0,4.0,4.0,4.0,5.0,5.0,2.0,4.0,4.0,5.0,3.0,5.0,3.0,5.0,3.0,4.0,5,4,5,4,6,5,5,4,5,5,0,0,0,0,0,0,0,0,0,1,0,0,0,0,0,1,4,0,2,2,32,1,7,5,10,1,2,5
12683,4.0,3.0,3.0,2.0,4.0,4.0,4.0,2.0,5.0,5.0,2.0,4.0,2.0,1.0,1.0,1.0,3.0,5.0,2.0,5.0,2,1,6,2,6,5,6,6,7,1,1,1,1,1,1,0,1,1,0,1,1,0,1,1,1,1,3,1,2,2,45,1,6,3,60,1,3,2
12684,5.0,5.0,4.0,1.0,5.0,1.0,2.0,5.0,4.0,1.0,1.0,5.0,5.0,1.0,1.0,1.0,1.0,4.0,4.0,5.0,1,7,6,1,7,6,1,3,7,1,1,1,1,1,1,1,1,1,1,1,1,1,1,1,1,0,4,3,2,2,32,1,1,1,60,2,1,2
12685,5.0,3.0,2.0,1.0,4.0,3.0,1.0,4.0,5.0,2.0,1.0,5.0,4.0,1.0,4.0,3.0,1.0,4.0,4.0,1.0,1,5,6,5,6,6,4,4,2,1,1,1,1,1,1,0,1,1,0,1,0,0,1,1,1,1,3,2,2,1,40,1,2,1,60,1,3,3
12686,2.0,2.0,2.0,2.0,4.0,2.0,1.0,2.0,5.0,2.0,1.0,4.0,2.0,2.0,4.0,2.0,2.0,5.0,5.0,1.0,1,6,6,3,6,5,2,1,3,2,1,1,1,1,1,0,1,1,0,1,1,0,1,1,1,1,3,2,2,1,34,1,2,1,60,1,2,1
12687,2.0,2.0,5.0,5.0,1.0,5.0,2.0,1.0,5.0,5.0,1.0,2.0,1.0,1.0,4.0,5.0,1.0,1.0,5.0,1.0,5,6,7,5,7,5,7,3,5,1,1,1,0,1,1,0,0,0,0,1,0,0,1,1,1,1,3,0,2,2,32,0,0,0,0,0,0,0
12688,1.0,1.0,2.0,4.0,2.0,5.0,5.0,1.0,5.0,5.0,2.0,1.0,1.0,4.0,2.0,5.0,1.0,1.0,5.0,3.0,1,6,7,1,5,7,5,1,7,3,1,1,0,1,1,0,0,0,0,1,0,0,1,1,1,1,3,3,2,1,41,1,7,1,60,1,2,2
12689,2.0,4.0,3.0,3.0,2.0,4.0,2.0,2.0,4.0,2.0,2.0,2.0,2.0,3.0,3.0,4.0,4.0,3.0,5.0,2.0,3,4,6,4,6,7,6,1,5,4,1,1,1,1,1,0,0,1,0,1,1,0,0,1,1,1,3,3,1,2,23,1,4,1,60,2,1,3
12690,4.0,2.0,1.0,2.0,5.0,1.0,1.0,2.0,2.0,2.0,1.0,5.0,4.0,2.0,4.0,1.0,4.0,2.0,4.0,4.0,3,5,5,5,6,7,3,3,3,2,1,1,0,1,1,0,1,1,0,1,1,1,1,1,1,1,4,2,2,1,62,1,6,1,70,2,3,4
12691,5.0,4.0,2.0,2.0,5.0,1.0,2.0,5.0,4.0,5.0,1.0,5.0,5.0,1.0,1.0,2.0,1.0,4.0,5.0,4.0,1,1,6,1,7,7,5,1,6,1,1,1,1,1,1,0,1,1,0,1,1,1,1,1,1,1,4,3,2,1,48,3,12,2,50,1,3,2
12692,3.0,2.0,1.0,1.0,5.0,1.0,1.0,1.0,4.0,1.0,2.0,5.0,1.0,3.0,5.0,4.0,2.0,5.0,5.0,1.0,7,7,7,2,7,4,7,1,7,1,1,1,1,1,1,0,1,1,1,1,1,0,1,1,1,1,3,3,2,1,22,1,10,1,50,2,1,2
12693,4.0,5.0,2.0,2.0,5.0,4.0,2.0,4.0,4.0,5.0,1.0,5.0,5.0,3.0,4.0,1.0,5.0,5.0,5.0,3.0,2,6,6,7,5,4,5,1,6,5,1,1,0,1,1,0,0,0,0,1,0,0,0,0,1,1,3,3,2,2,29,1,1,3,10,1,2,6
12694,4.0,1.0,3.0,4.0,1.0,4.0,2.0,3.0,5.0,4.0,2.0,2.0,1.0,4.0,1.0,4.0,2.0,2.0,4.0,2.0,4,6,5,4,6,6,6,4,5,4,1,1,0,1,1,0,0,0,0,1,0,0,1,1,1,1,4,3,2,2,23,1,8,1,10,1,1,2
12695,4.0,2.0,4.0,4.0,4.0,5.0,4.0,1.0,4.0,4.0,2.0,4.0,4.0,2.0,4.0,2.0,4.0,1.0,4.0,2.0,1,5,7,6,5,6,5,3,7,5,1,1,0,1,1,0,0,0,0,1,0,0,1,1,1,1,3,3,2,1,22,1,1,1,70,1,1,3
12696,5.0,1.0,4.0,3.0,5.0,4.0,1.0,5.0,5.0,4.0,1.0,5.0,3.0,1.0,5.0,1.0,1.0,5.0,5.0,3.0,2,2,6,6,7,7,4,1,3,2,1,1,1,1,1,0,0,1,0,1,0,0,1,1,1,1,3,2,2,1,29,1,1,1,60,1,2,2
12697,1.0,1.0,5.0,4.0,4.0,2.0,4.0,1.0,5.0,5.0,1.0,2.0,4.0,1.0,1.0,2.0,5.0,1.0,5.0,1.0,6,5,5,2,7,3,6,3,6,3,1,1,0,1,1,0,0,0,0,1,0,0,0,0,1,1,3,1,2,2,26,1,0,1,60,2,1,2
12698,2.0,1.0,2.0,1.0,5.0,4.0,1.0,2.0,4.0,2.0,1.0,4.0,5.0,1.0,1.0,2.0,5.0,2.0,5.0,1.0,1,3,7,1,6,7,2,1,7,1,1,1,1,1,1,0,0,0,0,1,0,0,1,1,1,1,3,2,2,1,52,1,6,1,60,1,3,3
12699,4.0,3.0,2.0,3.0,3.0,4.0,2.0,4.0,4.0,3.0,2.0,4.0,4.0,2.0,4.0,2.0,2.0,2.0,5.0,1.0,1,3,7,5,6,4,3,2,6,5,1,1,1,1,1,0,0,1,0,1,0,0,1,1,1,1,3,1,2,1,41,1,6,1,60,1,2,2
12700,4.0,2.0,2.0,4.0,4.0,4.0,4.0,2.0,4.0,3.0,2.0,4.0,3.0,2.0,2.0,2.0,1.0,2.0,5.0,4.0,1,5,7,5,7,5,3,1,5,1,1,1,1,1,1,1,0,1,0,1,0,1,1,1,1,1,3,3,2,1,39,1,2,1,70,1,3,2
12701,5.0,5.0,2.0,1.0,5.0,1.0,1.0,5.0,2.0,2.0,4.0,5.0,1.0,2.0,5.0,3.0,1.0,4.0,5.0,2.0,1,5,3,7,5,7,5,6,1,5,1,1,1,1,1,0,0,0,0,1,0,0,1,1,1,1,2,1,2,2,21,1,1,2,60,2,1,2
12702,3.0,2.0,3.0,4.0,4.0,2.0,1.0,3.0,5.0,3.0,2.0,3.0,2.0,2.0,3.0,2.0,3.0,2.0,5.0,3.0,1,6,4,4,5,6,3,1,6,4,1,1,1,1,1,0,0,0,0,1,0,0,1,1,1,1,3,1,2,1,44,1,1,1,60,1,2,3
12703,4.0,1.0,2.0,2.0,4.0,1.0,2.0,4.0,4.0,4.0,1.0,5.0,2.0,1.0,4.0,1.0,1.0,4.0,5.0,2.0,1,6,3,2,6,7,3,6,6,1,1,1,1,1,1,0,1,1,0,1,1,0,1,1,1,1,3,3,2,1,39,1,12,1,70,1,2,2
12704,3.0,4.0,1.0,1.0,4.0,2.0,2.0,4.0,5.0,2.0,1.0,4.0,2.0,1.0,3.0,1.0,2.0,4.0,5.0,2.0,1,6,6,3,7,7,2,1,5,2,1,1,1,1,1,0,1,1,0,1,1,0,1,1,1,1,4,2,2,1,37,2,2,1,60,1,2,2
12705,2.0,1.0,1.0,4.0,3.0,1.0,2.0,2.0,5.0,5.0,3.0,4.0,1.0,4.0,4.0,4.0,2.0,3.0,5.0,1.0,6,6,5,1,5,5,4,3,7,3,1,1,0,1,0,0,0,0,0,1,0,0,1,1,1,1,4,3,1,2,23,1,4,1,60,2,1,3
12706,5.0,5.0,2.0,1.0,5.0,1.0,1.0,5.0,2.0,1.0,1.0,5.0,5.0,2.0,5.0,1.0,2.0,4.0,5.0,2.0,1,3,7,1,6,7,1,4,7,5,1,1,1,1,1,1,0,1,0,1,0,1,1,1,1,1,1,3,1,1,14,2,2,1,10,2,1,2
12707,4.0,2.0,5.0,2.0,4.0,4.0,3.0,4.0,5.0,2.0,1.0,5.0,4.0,2.0,2.0,5.0,1.0,5.0,3.0,4.0,1,6,7,5,6,6,6,1,4,5,1,1,1,1,1,0,0,0,0,1,0,0,1,1,1,1,3,1,2,1,37,1,4,1,60,2,2,3
12708,5.0,5.0,1.0,1.0,4.0,5.0,3.0,4.0,3.0,3.0,1.0,5.0,1.0,2.0,5.0,4.0,2.0,4.0,3.0,1.0,7,6,4,5,7,3,1,6,6,2,1,1,0,1,1,0,0,1,0,1,0,0,0,1,1,1,3,3,1,2,19,3,10,1,20,2,1,3
12709,4.0,2.0,2.0,2.0,3.0,2.0,4.0,1.0,4.0,2.0,1.0,2.0,2.0,2.0,2.0,1.0,1.0,2.0,5.0,2.0,2,5,7,6,5,6,4,2,5,2,1,1,1,1,1,1,0,1,0,1,0,1,1,1,1,1,4,3,2,1,41,1,3,1,70,1,1,2
12710,5.0,5.0,3.0,4.0,5.0,1.0,1.0,3.0,3.0,2.0,4.0,5.0,4.0,1.0,5.0,3.0,2.0,1.0,5.0,1.0,4,4,6,5,7,7,3,2,5,1,0,1,0,1,1,0,0,0,0,1,0,0,1,1,1,1,2,2,2,1,20,2,6,1,30,1,1,3
12711,1.0,3.0,3.0,3.0,2.0,2.0,2.0,2.0,3.0,2.0,2.0,2.0,1.0,4.0,3.0,4.0,4.0,2.0,5.0,1.0,7,3,6,2,6,1,6,6,4,3,0,1,0,1,0,0,0,0,0,1,0,0,0,1,1,1,3,3,2,2,23,1,12,1,10,2,1,2
12712,5.0,5.0,1.0,1.0,5.0,1.0,1.0,5.0,1.0,1.0,1.0,5.0,5.0,1.0,5.0,1.0,1.0,5.0,5.0,5.0,5,1,7,1,5,5,5,1,7,4,0,0,0,0,0,0,0,0,0,1,0,0,0,0,0,0,3,3,1,2,28,1,7,1,60,2,1,1
12713,5.0,5.0,2.0,1.0,4.0,3.0,2.0,4.0,3.0,3.0,2.0,3.0,4.0,2.0,4.0,1.0,2.0,5.0,5.0,1.0,4,6,6,3,6,4,3,4,5,5,1,1,0,1,1,0,0,0,0,1,0,0,1,1,1,1,3,3,2,1,22,1,1,1,30,1,1,2
12714,3.0,1.0,5.0,5.0,3.0,5.0,5.0,1.0,5.0,5.0,5.0,2.0,1.0,5.0,5.0,5.0,3.0,2.0,4.0,3.0,5,5,7,1,7,7,6,1,6,6,1,1,0,1,1,0,0,0,0,1,0,0,0,0,1,1,3,2,2,2,21,2,4,1,70,2,2,3
12715,5.0,4.0,2.0,5.0,2.0,5.0,4.0,4.0,5.0,5.0,2.0,4.0,2.0,4.0,1.0,2.0,4.0,2.0,5.0,4.0,7,5,7,5,7,3,7,1,6,3,1,1,0,1,1,1,0,0,0,1,0,0,1,1,1,1,3,3,2,1,42,1,7,2,70,1,3,4
12716,1.0,3.0,5.0,3.0,5.0,5.0,5.0,2.0,5.0,5.0,3.0,3.0,5.0,3.0,3.0,4.0,3.0,3.0,3.0,3.0,6,2,7,7,7,5,6,3,5,1,1,1,0,1,1,0,0,0,0,1,0,0,0,1,1,1,2,3,1,1,23,3,4,1,30,2,1,2
12717,3.0,3.0,3.0,5.0,1.0,5.0,3.0,4.0,5.0,5.0,4.0,2.0,2.0,3.0,2.0,4.0,1.0,4.0,4.0,2.0,7,2,4,4,5,1,7,2,4,2,0,1,0,1,0,0,0,0,0,1,0,0,1,0,1,1,4,3,2,2,22,1,4,1,60,1,1,3
12718,1.0,3.0,3.0,3.0,2.0,4.0,2.0,2.0,4.0,4.0,1.0,3.0,1.0,3.0,3.0,1.0,1.0,4.0,5.0,2.0,6,4,7,2,5,1,6,2,4,2,1,1,1,1,1,0,1,1,0,1,0,0,1,1,1,1,4,3,1,2,48,1,7,1,60,1,2,2
12719,5.0,4.0,2.0,3.0,5.0,4.0,1.0,3.0,5.0,3.0,1.0,5.0,5.0,2.0,4.0,3.0,1.0,3.0,5.0,3.0,1,6,5,4,6,7,6,2,6,1,1,1,1,1,1,0,1,0,0,1,0,0,1,1,1,1,3,3,2,1,47,2,12,2,60,2,3,4
12720,5.0,5.0,1.0,1.0,5.0,1.0,1.0,5.0,1.0,1.0,1.0,5.0,1.0,5.0,1.0,1.0,1.0,5.0,5.0,5.0,7,6,7,5,7,3,7,1,7,1,1,1,0,1,1,1,0,0,1,1,0,0,1,1,1,1,3,3,2,1,42,1,7,2,70,1,3,4
12721,2.0,2.0,2.0,3.0,4.0,2.0,1.0,3.0,3.0,2.0,1.0,4.0,4.0,2.0,4.0,2.0,2.0,2.0,5.0,1.0,3,3,5,3,6,6,4,5,6,3,1,1,0,1,1,0,0,1,0,1,0,0,1,1,1,1,4,3,1,1,38,1,1,1,60,2,2,2
12722,5.0,4.0,2.0,2.0,4.0,2.0,2.0,4.0,3.0,2.0,2.0,4.0,4.0,2.0,2.0,2.0,1.0,1.0,4.0,2.0,1,3,6,3,5,5,2,2,5,5,1,1,1,1,1,0,1,1,0,1,1,0,1,1,1,1,0,2,2,2,31,1,6,1,60,2,2,2
12723,1.0,1.0,2.0,1.0,2.0,5.0,4.0,2.0,3.0,5.0,2.0,2.0,1.0,2.0,2.0,2.0,3.0,1.0,5.0,1.0,3,5,5,1,6,5,6,4,5,3,1,1,1,1,1,0,0,0,0,1,0,0,1,1,1,1,3,2,1,2,24,1,4,1,60,2,1,2
12724,1.0,2.0,2.0,2.0,5.0,2.0,1.0,4.0,5.0,4.0,1.0,4.0,1.0,1.0,4.0,1.0,3.0,4.0,4.0,2.0,2,5,6,1,7,5,3,4,6,2,0,0,0,0,0,0,0,0,0,0,0,0,0,0,0,0,3,2,2,2,25,1,6,1,60,1,1,2
12725,4.0,2.0,5.0,1.0,3.0,2.0,1.0,4.0,5.0,2.0,1.0,4.0,2.0,3.0,4.0,2.0,1.0,5.0,5.0,3.0,6,7,5,5,6,2,5,5,3,4,1,1,1,1,1,0,0,1,0,1,1,0,1,1,1,1,3,1,2,1,49,0,1,1,60,2,2,2
12726,4.0,5.0,4.0,2.0,5.0,2.0,1.0,4.0,4.0,1.0,1.0,5.0,5.0,1.0,4.0,1.0,1.0,5.0,3.0,5.0,2,7,7,6,7,6,1,4,5,1,1,1,1,1,1,0,1,1,0,1,1,1,1,1,1,1,3,1,2,1,60,2,6,1,60,2,2,4
12727,5.0,5.0,2.0,2.0,4.0,2.0,3.0,2.0,5.0,4.0,1.0,2.0,2.0,1.0,5.0,5.0,1.0,4.0,5.0,5.0,5,4,2,7,6,1,7,5,2,1,1,1,0,1,1,0,0,0,0,1,0,0,0,1,1,1,3,2,2,2,32,1,7,1,10,2,2,4
12728,5.0,5.0,4.0,4.0,4.0,3.0,1.0,5.0,3.0,5.0,1.0,2.0,4.0,1.0,5.0,1.0,1.0,5.0,5.0,4.0,4,5,7,5,7,5,6,4,5,3,1,1,1,1,1,1,1,1,1,1,1,1,1,1,1,1,3,2,2,1,16,3,9,2,20,2,1,7
12729,5.0,5.0,3.0,1.0,5.0,1.0,1.0,5.0,1.0,1.0,1.0,5.0,5.0,1.0,5.0,5.0,1.0,1.0,5.0,5.0,2,2,7,5,7,7,5,1,6,1,1,1,1,1,1,1,1,1,1,1,1,1,1,1,1,1,4,2,2,1,21,2,9,2,10,1,1,7
12730,3.0,4.0,1.0,2.0,4.0,3.0,2.0,2.0,4.0,2.0,1.0,4.0,2.0,1.0,3.0,1.0,1.0,4.0,5.0,1.0,5,5,6,4,7,7,6,2,4,2,1,1,1,1,1,0,1,1,0,1,0,0,0,1,1,1,3,3,1,2,23,1,2,1,60,2,1,2
12731,1.0,1.0,2.0,1.0,5.0,2.0,2.0,4.0,4.0,4.0,1.0,4.0,4.0,1.0,5.0,1.0,3.0,5.0,5.0,1.0,6,6,4,2,6,1,5,7,5,1,1,1,0,1,1,0,0,1,0,1,0,0,1,1,1,1,2,3,2,2,17,1,2,1,60,2,1,2
12732,4.0,5.0,1.0,1.0,5.0,1.0,1.0,5.0,1.0,1.0,1.0,5.0,5.0,2.0,3.0,1.0,1.0,5.0,5.0,5.0,3,5,6,2,7,5,1,5,4,5,1,1,1,1,1,0,0,1,0,1,0,0,1,1,1,1,2,1,2,1,49,1,1,1,60,1,1,2
12733,1.0,1.0,5.0,4.0,1.0,5.0,5.0,2.0,5.0,1.0,1.0,1.0,2.0,1.0,3.0,1.0,5.0,1.0,3.0,4.0,0,0,0,0,0,0,0,0,0,0,1,1,0,1,1,0,0,0,0,1,0,0,1,1,1,1,3,2,2,1,56,1,6,1,60,1,2,3
12734,3.0,2.0,3.0,4.0,5.0,1.0,1.0,2.0,3.0,2.0,2.0,5.0,1.0,1.0,4.0,1.0,3.0,3.0,5.0,1.0,7,2,6,1,7,1,6,5,7,2,1,1,0,1,0,0,0,0,0,1,0,0,0,0,1,1,3,2,2,2,24,1,2,1,10,2,1,1
12735,1.0,5.0,1.0,1.0,5.0,1.0,2.0,1.0,4.0,1.0,1.0,5.0,5.0,3.0,4.0,1.0,1.0,4.0,5.0,1.0,3,6,3,5,7,5,3,4,6,6,1,1,0,1,1,0,0,1,0,1,0,0,0,1,1,1,2,3,2,2,17,1,2,2,70,2,1,3
12736,5.0,1.0,2.0,4.0,4.0,5.0,4.0,4.0,4.0,2.0,1.0,4.0,5.0,2.0,2.0,2.0,1.0,4.0,1.0,1.0,3,5,6,2,6,6,2,3,6,6,1,1,1,1,1,0,1,1,0,1,0,0,1,1,1,1,3,1,2,1,39,1,6,1,60,1,2,2
12737,5.0,4.0,2.0,3.0,3.0,3.0,1.0,5.0,2.0,3.0,1.0,5.0,5.0,1.0,4.0,2.0,3.0,5.0,4.0,3.0,2,5,6,4,5,7,7,3,4,2,1,1,0,1,1,0,0,0,0,1,0,0,0,1,1,1,3,1,1,1,30,1,8,1,10,2,1,2
12738,2.0,1.0,2.0,5.0,2.0,3.0,2.0,2.0,5.0,3.0,2.0,4.0,2.0,4.0,3.0,5.0,4.0,2.0,1.0,2.0,5,3,5,2,6,6,6,4,6,2,1,1,1,1,1,0,1,1,0,1,1,1,1,1,1,1,4,2,2,1,52,1,4,1,60,1,2,6
12739,2.0,2.0,4.0,3.0,5.0,4.0,4.0,2.0,5.0,5.0,2.0,4.0,2.0,2.0,1.0,2.0,1.0,1.0,2.0,4.0,3,5,7,2,6,5,3,1,6,6,1,1,0,1,1,0,0,0,0,1,0,0,1,0,1,1,4,1,2,2,46,1,6,1,60,1,2,3
12740,3.0,4.0,3.0,2.0,3.0,5.0,5.0,3.0,5.0,5.0,3.0,1.0,1.0,5.0,2.0,3.0,3.0,3.0,5.0,1.0,6,5,6,4,6,4,0,4,6,4,1,1,0,1,1,0,0,1,1,1,0,0,0,1,1,1,3,2,2,2,27,1,7,1,60,2,1,3
12741,3.0,5.0,3.0,4.0,3.0,5.0,4.0,3.0,5.0,2.0,1.0,4.0,1.0,1.0,3.0,2.0,3.0,3.0,5.0,4.0,5,6,7,2,7,1,4,1,3,1,1,1,0,1,1,0,0,0,0,1,0,0,0,1,1,1,4,1,2,2,34,1,1,1,60,1,3,2
12742,5.0,5.0,4.0,1.0,4.0,4.0,5.0,5.0,3.0,3.0,2.0,4.0,4.0,1.0,4.0,2.0,3.0,3.0,4.0,4.0,1,6,7,3,6,7,2,5,7,3,1,1,1,1,1,1,0,1,1,1,0,1,1,1,1,1,3,3,2,1,24,1,12,4,60,1,1,5
12743,2.0,2.0,5.0,4.0,1.0,2.0,2.0,1.0,5.0,2.0,1.0,4.0,1.0,4.0,1.0,4.0,3.0,1.0,5.0,2.0,2,1,6,5,7,5,7,4,5,2,1,1,1,1,1,0,0,1,0,1,0,1,1,1,1,1,3,2,2,1,34,1,2,2,60,1,2,4
12744,5.0,1.0,2.0,1.0,5.0,1.0,1.0,4.0,1.0,1.0,1.0,5.0,5.0,2.0,1.0,1.0,2.0,4.0,5.0,3.0,1,6,7,4,6,7,1,2,5,7,1,1,0,1,1,0,0,0,0,1,0,0,1,1,1,1,3,1,2,1,22,1,6,1,60,1,2,2
12745,4.0,2.0,1.0,1.0,2.0,2.0,1.0,2.0,4.0,2.0,1.0,5.0,1.0,3.0,4.0,1.0,3.0,5.0,5.0,1.0,1,2,3,6,5,7,5,5,6,5,1,0,0,1,1,0,0,1,0,1,0,0,0,1,1,1,3,3,2,2,23,1,2,3,60,2,1,3
12746,5.0,5.0,1.0,1.0,5.0,1.0,1.0,5.0,1.0,1.0,1.0,5.0,3.0,1.0,4.0,1.0,1.0,5.0,5.0,5.0,1,7,7,1,7,6,1,7,5,1,1,1,0,1,1,0,0,0,0,1,0,0,1,1,1,1,2,3,1,1,18,3,12,4,60,2,1,3
12747,5.0,5.0,1.0,2.0,5.0,1.0,1.0,5.0,1.0,1.0,1.0,5.0,4.0,1.0,5.0,1.0,1.0,4.0,5.0,1.0,2,6,6,1,5,5,2,1,7,1,1,1,1,1,1,0,1,0,0,1,1,1,1,1,1,1,4,3,1,1,23,3,2,1,60,2,1,6
12748,5.0,5.0,1.0,1.0,5.0,1.0,1.0,1.0,5.0,5.0,1.0,5.0,1.0,1.0,5.0,1.0,1.0,5.0,5.0,4.0,2,6,1,2,6,7,7,7,7,1,1,1,1,1,1,0,0,0,0,1,1,0,0,1,1,1,3,3,1,2,31,1,2,1,60,1,1,2
12749,5.0,1.0,2.0,1.0,4.0,5.0,3.0,4.0,4.0,2.0,1.0,4.0,3.0,1.0,1.0,2.0,5.0,2.0,3.0,1.0,5,6,7,5,7,6,6,3,6,1,1,1,0,1,1,0,0,0,0,1,0,0,0,1,1,1,3,3,1,1,21,1,4,1,70,2,1,2
12750,3.0,1.0,1.0,2.0,3.0,3.0,1.0,3.0,4.0,1.0,2.0,4.0,3.0,2.0,4.0,2.0,5.0,3.0,5.0,1.0,6,4,3,5,7,4,7,4,2,1,1,1,0,1,1,0,0,0,0,1,0,0,0,1,1,1,3,1,2,2,23,1,12,2,60,2,1,2
12751,4.0,1.0,2.0,3.0,4.0,5.0,4.0,2.0,5.0,3.0,2.0,4.0,3.0,3.0,3.0,4.0,3.0,2.0,1.0,2.0,6,5,5,3,6,4,6,1,6,2,1,1,0,1,1,0,0,1,1,1,0,0,0,1,1,1,3,3,2,2,22,1,10,1,20,2,1,2
12752,1.0,1.0,5.0,4.0,1.0,5.0,5.0,2.0,4.0,4.0,4.0,1.0,1.0,2.0,3.0,1.0,4.0,4.0,3.0,1.0,7,5,4,2,7,5,7,1,5,2,1,1,1,1,1,0,0,0,0,1,0,0,0,1,1,1,3,3,2,2,22,1,4,1,60,1,1,2
12753,5.0,3.0,3.0,2.0,5.0,2.0,3.0,5.0,5.0,2.0,1.0,5.0,5.0,1.0,1.0,3.0,1.0,4.0,5.0,3.0,1,4,4,4,7,4,2,1,4,1,1,1,1,1,0,0,1,1,0,1,1,0,1,1,1,1,4,2,2,1,63,1,1,1,60,1,2,3
12754,5.0,5.0,2.0,4.0,4.0,2.0,5.0,4.0,3.0,2.0,1.0,5.0,2.0,1.0,5.0,2.0,1.0,4.0,5.0,2.0,1,1,7,2,6,7,5,2,7,2,1,1,1,1,1,0,1,1,0,1,1,0,1,1,1,1,4,2,2,1,47,1,1,1,60,2,1,4
12755,2.0,2.0,4.0,5.0,2.0,2.0,1.0,1.0,4.0,4.0,2.0,2.0,1.0,5.0,4.0,2.0,2.0,4.0,5.0,1.0,6,1,5,5,6,6,7,5,7,2,1,1,1,1,1,0,1,1,0,1,1,0,1,1,1,1,3,2,1,1,26,1,1,1,60,1,1,3
12756,5.0,5.0,1.0,1.0,5.0,1.0,1.0,5.0,1.0,1.0,1.0,5.0,5.0,1.0,5.0,1.0,5.0,5.0,5.0,5.0,4,7,7,4,6,4,1,4,4,6,1,1,1,1,1,0,1,1,0,1,1,0,1,1,1,1,4,1,1,1,45,3,12,1,70,2,1,3
12757,5.0,5.0,4.0,1.0,5.0,4.0,2.0,4.0,4.0,1.0,1.0,5.0,4.0,1.0,1.0,1.0,1.0,5.0,5.0,1.0,3,7,7,5,5,6,4,3,1,1,1,1,0,1,1,0,0,1,0,1,0,0,1,1,1,1,2,3,2,2,20,1,1,1,70,2,1,2
12758,4.0,4.0,1.0,1.0,5.0,3.0,1.0,4.0,4.0,2.0,1.0,4.0,4.0,1.0,5.0,1.0,3.0,4.0,4.0,2.0,1,5,6,5,7,3,6,2,7,1,1,1,0,1,1,0,0,0,0,1,0,0,1,1,1,0,3,2,1,2,26,3,1,2,60,2,1,2
12759,1.0,4.0,5.0,4.0,2.0,5.0,5.0,2.0,5.0,5.0,1.0,4.0,1.0,1.0,3.0,1.0,1.0,5.0,1.0,1.0,5,4,6,2,6,3,6,3,6,2,1,1,1,1,1,0,1,1,0,1,0,0,1,1,1,1,4,2,1,1,36,1,6,1,60,2,2,1
12760,2.0,1.0,4.0,5.0,3.0,4.0,1.0,4.0,4.0,5.0,3.0,4.0,1.0,4.0,2.0,4.0,1.0,2.0,4.0,2.0,6,4,6,1,5,2,6,5,6,5,1,1,1,1,1,0,0,0,0,1,0,0,1,1,1,1,4,2,2,1,60,1,6,0,60,1,2,3
12761,1.0,4.0,4.0,5.0,1.0,3.0,1.0,1.0,5.0,5.0,1.0,1.0,1.0,3.0,3.0,3.0,2.0,3.0,5.0,1.0,3,3,2,7,4,5,4,2,5,4,1,1,1,1,1,0,1,0,0,1,1,0,1,1,1,1,3,3,2,2,28,1,2,5,60,2,1,3
12762,2.0,2.0,2.0,4.0,4.0,4.0,3.0,3.0,5.0,2.0,1.0,1.0,5.0,2.0,2.0,4.0,4.0,2.0,4.0,4.0,6,4,3,5,6,0,6,5,3,1,1,0,0,1,1,0,0,0,0,1,1,0,0,1,0,1,3,1,2,2,26,1,12,2,60,2,1,2
12763,2.0,3.0,2.0,3.0,4.0,2.0,1.0,2.0,4.0,4.0,3.0,4.0,5.0,2.0,4.0,1.0,1.0,2.0,5.0,5.0,6,5,3,4,4,1,5,5,1,4,1,1,0,1,1,1,0,1,0,1,0,1,1,1,1,1,3,2,3,1,28,1,2,3,60,1,2,2
12764,5.0,5.0,1.0,1.0,5.0,2.0,1.0,5.0,1.0,4.0,1.0,5.0,5.0,2.0,5.0,3.0,1.0,2.0,5.0,4.0,6,6,7,6,5,2,3,1,1,1,1,1,1,1,1,0,0,1,0,1,1,0,0,1,1,1,4,3,2,2,40,1,4,1,60,2,3,1
12765,2.0,1.0,4.0,1.0,1.0,1.0,1.0,2.0,4.0,4.0,1.0,4.0,2.0,1.0,3.0,2.0,1.0,2.0,5.0,1.0,3,7,6,5,5,5,3,1,5,3,1,1,0,1,1,0,0,0,0,1,0,0,1,1,1,1,3,2,1,1,38,1,9,1,60,2,1,3
12766,4.0,4.0,4.0,2.0,5.0,1.0,3.0,3.0,1.0,5.0,2.0,5.0,5.0,1.0,4.0,3.0,5.0,3.0,5.0,3.0,5,2,7,1,7,5,4,4,7,1,1,1,1,1,1,1,1,1,1,1,1,1,1,1,1,1,3,3,1,2,34,2,1,1,60,1,2,2
12767,2.0,2.0,3.0,4.0,4.0,3.0,3.0,2.0,3.0,2.0,2.0,2.0,1.0,4.0,3.0,5.0,2.0,2.0,4.0,1.0,5,7,3,2,7,5,3,4,6,1,1,1,0,1,1,0,0,1,0,1,1,0,0,1,1,1,4,2,1,2,29,1,7,1,60,1,2,3
12768,2.0,2.0,2.0,2.0,4.0,4.0,4.0,2.0,4.0,3.0,2.0,2.0,1.0,2.0,4.0,4.0,1.0,4.0,2.0,2.0,6,5,5,1,6,6,7,2,5,3,1,1,1,1,1,0,0,0,0,1,0,0,1,1,1,1,4,3,1,2,23,1,4,1,60,1,1,3
12769,2.0,4.0,3.0,4.0,4.0,2.0,1.0,5.0,4.0,3.0,2.0,3.0,1.0,2.0,5.0,2.0,4.0,4.0,4.0,2.0,5,3,4,5,6,5,5,5,3,2,1,1,1,1,1,0,0,1,1,1,0,1,1,1,1,1,4,1,1,1,23,1,1,1,60,1,1,1
12770,4.0,4.0,5.0,1.0,4.0,2.0,2.0,4.0,4.0,5.0,1.0,5.0,4.0,2.0,4.0,1.0,1.0,3.0,5.0,2.0,2,7,6,4,6,4,1,2,5,3,1,1,1,1,1,0,1,0,0,1,0,0,1,1,1,1,4,2,2,1,32,1,8,1,10,1,1,2
12771,4.0,5.0,3.0,3.0,4.0,1.0,1.0,4.0,3.0,2.0,1.0,4.0,1.0,3.0,5.0,1.0,4.0,4.0,5.0,2.0,5,2,5,1,7,4,5,5,6,1,1,1,1,1,1,0,0,1,0,1,0,0,1,1,1,1,3,2,2,1,27,2,1,1,20,2,2,1
12772,4.0,1.0,3.0,2.0,1.0,4.0,3.0,1.0,5.0,1.0,1.0,5.0,1.0,1.0,4.0,1.0,4.0,4.0,4.0,1.0,3,2,6,2,6,6,5,2,7,3,1,1,1,1,1,0,0,0,0,1,1,0,1,1,1,1,3,3,2,1,43,1,4,1,70,2,1,3
12773,2.0,2.0,2.0,3.0,4.0,1.0,1.0,4.0,5.0,2.0,2.0,5.0,4.0,3.0,5.0,1.0,1.0,4.0,5.0,4.0,0,0,0,0,0,0,0,0,0,0,1,1,1,1,1,0,0,0,0,1,0,0,1,1,1,1,3,3,1,1,24,1,2,1,60,1,1,1
12774,3.0,4.0,4.0,5.0,2.0,2.0,1.0,4.0,5.0,4.0,2.0,5.0,3.0,5.0,5.0,5.0,1.0,3.0,5.0,4.0,6,5,4,1,5,2,5,2,5,5,1,1,1,1,1,0,1,1,0,1,1,1,1,1,1,1,3,2,1,1,26,1,7,1,60,1,1,4
12775,2.0,1.0,5.0,1.0,1.0,4.0,2.0,1.0,5.0,5.0,1.0,2.0,1.0,1.0,1.0,4.0,2.0,1.0,3.0,1.0,3,6,1,7,2,4,7,7,5,7,1,1,0,1,0,0,0,1,0,1,0,0,0,1,1,1,3,3,2,2,25,1,7,1,60,2,1,2
12776,1.0,2.0,5.0,5.0,1.0,4.0,2.0,1.0,5.0,2.0,3.0,1.0,2.0,3.0,4.0,2.0,2.0,2.0,4.0,1.0,5,2,5,5,7,5,7,3,4,3,1,1,1,1,1,0,1,1,1,1,1,1,1,1,1,1,4,2,2,1,27,1,4,1,60,1,1,3
12777,5.0,5.0,3.0,2.0,5.0,2.0,2.0,4.0,2.0,1.0,2.0,4.0,4.0,2.0,5.0,1.0,1.0,5.0,5.0,2.0,1,6,7,1,2,6,3,1,7,3,1,1,1,1,1,0,1,1,0,1,1,0,1,1,1,1,4,2,2,1,29,1,12,1,60,1,1,1
12778,1.0,4.0,5.0,4.0,2.0,2.0,1.0,4.0,5.0,4.0,2.0,4.0,4.0,3.0,4.0,2.0,2.0,4.0,5.0,1.0,6,7,6,6,6,5,5,1,5,5,1,1,0,1,1,0,0,0,0,1,0,0,1,1,1,1,3,2,2,1,32,1,2,1,10,2,2,1
12779,5.0,5.0,1.0,3.0,4.0,1.0,1.0,1.0,3.0,1.0,1.0,5.0,4.0,3.0,5.0,2.0,1.0,4.0,4.0,1.0,6,6,6,1,6,1,6,7,7,2,1,1,1,1,1,1,0,0,0,1,1,0,1,1,1,1,3,1,1,1,20,1,4,1,60,1,1,3
12780,1.0,5.0,2.0,4.0,4.0,1.0,1.0,2.0,5.0,4.0,1.0,1.0,4.0,2.0,1.0,2.0,5.0,5.0,5.0,3.0,3,3,1,0,7,3,6,7,5,1,1,1,1,1,1,1,1,1,0,1,0,1,1,1,1,1,3,3,2,2,25,1,2,1,60,2,1,2
12781,5.0,5.0,2.0,2.0,5.0,2.0,2.0,5.0,2.0,2.0,1.0,1.0,5.0,1.0,5.0,4.0,1.0,4.0,5.0,5.0,4,7,7,3,7,7,4,1,7,3,1,1,1,1,1,0,1,1,0,1,1,1,1,1,1,1,3,3,1,2,36,1,7,1,70,2,2,2
12782,2.0,3.0,1.0,4.0,4.0,3.0,4.0,1.0,5.0,5.0,2.0,4.0,1.0,2.0,1.0,5.0,1.0,4.0,5.0,4.0,3,2,6,2,7,2,3,1,7,3,1,1,1,1,1,1,1,1,0,1,0,1,1,1,1,1,2,3,1,1,57,2,1,1,60,1,2,2
12783,4.0,4.0,3.0,1.0,5.0,3.0,2.0,5.0,3.0,2.0,1.0,5.0,3.0,2.0,4.0,2.0,3.0,5.0,5.0,3.0,5,5,6,3,6,5,4,5,6,1,1,1,1,1,1,1,1,1,0,1,0,1,1,1,1,1,2,2,2,1,23,3,12,4,70,2,1,4
12784,1.0,2.0,5.0,4.0,2.0,5.0,5.0,1.0,5.0,5.0,1.0,3.0,1.0,4.0,1.0,3.0,3.0,2.0,4.0,1.0,3,3,6,5,7,6,7,2,7,1,1,1,1,1,1,0,1,1,0,1,1,0,1,1,1,1,3,1,3,1,29,1,2,2,60,1,1,2
12785,5.0,1.0,2.0,3.0,5.0,4.0,2.0,4.0,4.0,2.0,1.0,3.0,3.0,1.0,3.0,2.0,1.0,4.0,5.0,1.0,1,5,7,1,6,6,4,1,5,6,1,1,0,1,1,0,0,0,0,1,0,0,1,1,1,1,3,1,2,1,37,1,1,2,60,2,1,2
12786,3.0,4.0,4.0,1.0,4.0,2.0,2.0,4.0,5.0,2.0,1.0,4.0,5.0,2.0,4.0,4.0,1.0,3.0,5.0,1.0,6,5,6,3,7,3,7,4,5,5,1,1,1,1,1,0,1,0,0,1,1,0,1,1,1,1,4,3,2,1,45,1,4,1,60,1,2,1
12787,1.0,1.0,4.0,1.0,5.0,2.0,1.0,2.0,5.0,5.0,3.0,1.0,1.0,4.0,4.0,1.0,4.0,4.0,5.0,3.0,1,5,7,7,4,7,7,1,2,5,1,1,0,1,1,0,0,0,0,1,0,0,1,1,1,1,2,3,1,2,18,1,0,1,70,2,1,2
12788,1.0,1.0,1.0,1.0,5.0,4.0,5.0,1.0,3.0,1.0,1.0,5.0,1.0,1.0,3.0,1.0,3.0,5.0,5.0,1.0,1,4,3,7,4,1,3,3,4,7,0,1,1,0,1,1,1,1,1,0,1,1,1,1,0,0,4,3,2,2,25,1,7,1,70,2,1,2
12789,4.0,2.0,4.0,2.0,4.0,2.0,2.0,4.0,4.0,3.0,1.0,2.0,3.0,2.0,3.0,4.0,2.0,5.0,5.0,2.0,6,3,5,3,7,2,7,5,5,2,1,1,1,1,1,1,1,1,0,1,1,1,1,1,1,1,2,2,2,1,20,1,2,1,60,1,1,2
12790,5.0,1.0,4.0,1.0,5.0,5.0,4.0,5.0,5.0,1.0,1.0,5.0,5.0,1.0,5.0,1.0,1.0,4.0,5.0,5.0,1,5,7,3,6,7,1,1,5,1,1,1,1,1,1,0,0,0,0,1,0,0,1,1,1,1,4,1,2,1,32,1,12,1,60,1,2,4
12791,2.0,2.0,1.0,3.0,5.0,2.0,2.0,4.0,4.0,3.0,2.0,4.0,2.0,4.0,3.0,2.0,4.0,2.0,5.0,2.0,1,4,5,4,7,5,3,3,4,2,1,1,1,1,1,0,1,1,0,1,1,1,1,1,1,1,2,2,2,1,46,2,7,1,60,2,2,3
12792,1.0,4.0,2.0,2.0,3.0,2.0,5.0,4.0,5.0,5.0,1.0,4.0,1.0,2.0,4.0,2.0,4.0,4.0,4.0,1.0,5,5,7,2,7,2,6,1,7,3,1,1,1,1,1,0,0,1,0,1,1,0,1,1,1,1,4,1,2,1,40,1,4,1,60,1,2,1
12793,3.0,3.0,2.0,4.0,2.0,3.0,1.0,4.0,5.0,2.0,3.0,3.0,2.0,2.0,3.0,4.0,1.0,4.0,4.0,1.0,5,2,6,1,7,5,3,4,7,1,1,1,1,1,1,0,1,1,0,1,0,0,1,1,1,1,3,1,2,1,47,3,7,1,60,1,1,3
12794,5.0,1.0,1.0,1.0,5.0,1.0,1.0,5.0,5.0,5.0,1.0,5.0,5.0,1.0,1.0,1.0,1.0,1.0,5.0,5.0,2,6,5,1,7,5,5,7,7,2,1,1,0,1,1,0,0,0,0,1,1,0,1,1,1,1,3,2,1,1,19,1,2,1,60,1,1,2
12795,4.0,5.0,2.0,2.0,1.0,4.0,1.0,3.0,2.0,1.0,1.0,5.0,4.0,1.0,5.0,1.0,1.0,5.0,5.0,2.0,7,3,5,3,7,1,6,2,6,1,1,1,1,1,1,1,0,0,0,1,0,0,1,1,1,1,3,3,1,1,30,1,2,1,60,1,1,1
12796,1.0,2.0,1.0,5.0,1.0,4.0,5.0,1.0,5.0,5.0,2.0,1.0,1.0,4.0,2.0,4.0,5.0,1.0,3.0,2.0,1,5,6,3,6,6,7,2,5,2,1,1,1,1,1,0,1,1,1,1,0,1,1,1,1,1,3,2,2,1,48,1,7,1,60,2,3,3
12797,3.0,2.0,3.0,4.0,1.0,4.0,2.0,2.0,5.0,5.0,1.0,5.0,1.0,5.0,3.0,1.0,1.0,2.0,5.0,4.0,6,2,7,2,7,1,5,1,5,1,1,1,1,1,1,0,1,0,0,1,0,0,1,1,1,1,3,2,1,1,70,1,6,1,60,1,3,1
12798,2.0,2.0,5.0,4.0,5.0,5.0,4.0,4.0,5.0,4.0,3.0,4.0,1.0,1.0,3.0,5.0,2.0,3.0,5.0,1.0,7,1,6,5,7,1,7,3,3,1,1,1,1,1,1,0,1,1,0,1,0,0,1,1,1,1,3,2,1,1,27,1,1,1,60,2,1,3
12799,2.0,4.0,4.0,4.0,4.0,3.0,5.0,3.0,5.0,5.0,2.0,4.0,5.0,2.0,1.0,2.0,1.0,5.0,2.0,5.0,6,4,3,6,5,4,5,5,5,6,1,1,1,1,1,0,1,1,0,1,0,0,1,1,1,1,4,2,1,1,55,1,7,1,60,1,2,2
12800,1.0,1.0,4.0,4.0,2.0,4.0,3.0,2.0,5.0,5.0,1.0,2.0,1.0,2.0,2.0,1.0,1.0,2.0,5.0,1.0,1,1,6,1,5,5,2,1,6,2,1,1,1,1,1,0,1,1,0,1,0,0,1,1,1,1,4,2,2,1,51,1,2,3,60,1,3,2
12801,3.0,2.0,2.0,4.0,3.0,1.0,1.0,1.0,5.0,2.0,1.0,3.0,2.0,3.0,2.0,1.0,3.0,4.0,5.0,1.0,3,1,6,4,5,6,6,2,5,3,1,1,1,1,1,0,0,1,0,1,0,0,1,1,1,1,3,1,1,1,31,1,2,1,60,1,1,2
12802,3.0,4.0,3.0,4.0,2.0,2.0,1.0,2.0,4.0,5.0,1.0,4.0,4.0,2.0,3.0,2.0,2.0,4.0,5.0,2.0,1,5,7,5,6,6,5,2,6,5,1,1,0,1,1,0,0,0,0,1,0,0,0,1,1,1,3,1,2,1,28,2,1,1,60,2,1,8
12803,4.0,3.0,3.0,4.0,5.0,2.0,3.0,2.0,3.0,3.0,3.0,4.0,4.0,4.0,3.0,1.0,3.0,4.0,5.0,2.0,6,4,4,5,6,3,5,5,4,2,1,0,0,1,1,0,0,0,0,1,0,0,1,1,1,1,2,3,2,2,18,0,8,1,10,2,1,2
12804,2.0,3.0,5.0,3.0,2.0,4.0,3.0,4.0,5.0,4.0,3.0,1.0,2.0,2.0,5.0,5.0,2.0,1.0,5.0,2.0,1,7,4,7,5,7,5,7,1,4,1,1,1,1,1,0,1,1,0,1,1,1,1,1,1,1,3,2,2,1,20,3,1,2,60,2,1,4
12805,5.0,5.0,2.0,3.0,5.0,2.0,4.0,2.0,4.0,4.0,2.0,3.0,2.0,2.0,4.0,3.0,4.0,3.0,4.0,1.0,5,4,2,4,6,6,6,6,4,4,0,0,0,0,1,0,0,0,0,1,0,0,0,0,0,1,2,3,1,2,18,1,8,1,10,2,1,2
12806,3.0,3.0,3.0,2.0,3.0,2.0,5.0,5.0,5.0,3.0,1.0,5.0,3.0,3.0,4.0,4.0,1.0,4.0,5.0,2.0,2,5,2,2,7,3,5,7,5,5,1,1,0,1,1,0,0,0,0,1,0,0,1,1,1,1,2,3,1,2,17,1,8,1,10,2,1,2
12807,5.0,2.0,1.0,2.0,3.0,1.0,1.0,2.0,3.0,1.0,2.0,5.0,2.0,1.0,4.0,1.0,2.0,5.0,1.0,1.0,7,5,7,1,6,2,2,1,7,1,1,1,0,1,1,0,0,0,0,1,0,0,0,1,1,1,2,3,1,1,20,1,6,1,60,1,1,3
12808,5.0,5.0,5.0,2.0,4.0,1.0,1.0,4.0,5.0,2.0,1.0,5.0,2.0,2.0,5.0,1.0,2.0,5.0,4.0,1.0,3,1,3,6,3,6,7,7,4,5,1,1,1,1,1,0,0,0,0,1,0,0,1,1,1,1,3,1,2,1,25,1,1,1,60,1,1,1
12809,5.0,5.0,1.0,1.0,1.0,1.0,1.0,5.0,1.0,1.0,1.0,5.0,5.0,1.0,5.0,1.0,1.0,5.0,1.0,1.0,1,7,1,1,7,7,1,7,7,1,1,1,0,1,1,0,0,1,0,1,1,0,1,1,1,1,2,1,1,1,18,1,2,3,60,2,1,2
12810,4.0,4.0,5.0,4.0,4.0,2.0,2.0,4.0,5.0,5.0,1.0,3.0,2.0,3.0,4.0,2.0,2.0,4.0,5.0,1.0,1,3,6,6,5,6,7,6,3,5,1,1,1,1,1,0,1,1,0,1,0,0,1,1,1,1,4,2,2,1,27,2,2,1,60,1,1,2
12811,4.0,3.0,4.0,4.0,4.0,5.0,1.0,2.0,5.0,5.0,2.0,2.0,2.0,3.0,2.0,4.0,5.0,2.0,5.0,1.0,5,2,6,3,6,5,7,2,5,6,1,1,0,1,1,0,0,0,0,1,0,0,1,1,1,1,4,2,2,1,32,1,7,3,60,1,3,4
12812,2.0,2.0,2.0,4.0,3.0,5.0,5.0,4.0,5.0,5.0,2.0,4.0,2.0,2.0,2.0,4.0,2.0,3.0,4.0,2.0,5,5,5,3,5,5,6,1,5,5,1,1,0,1,1,0,0,0,0,1,0,0,1,0,1,1,4,2,1,1,30,1,6,1,60,1,1,2
12813,3.0,4.0,4.0,3.0,3.0,5.0,5.0,4.0,5.0,4.0,2.0,2.0,3.0,1.0,4.0,4.0,4.0,4.0,5.0,1.0,7,3,5,2,7,2,7,1,4,1,0,1,0,1,1,0,0,1,0,1,1,0,0,1,1,1,4,3,2,2,60,1,1,1,60,2,3,3
12814,5.0,2.0,1.0,1.0,5.0,1.0,1.0,1.0,3.0,1.0,1.0,5.0,5.0,1.0,4.0,1.0,1.0,5.0,5.0,1.0,4,7,4,4,7,7,2,3,7,1,1,1,0,1,1,1,1,1,1,1,1,0,1,1,1,1,3,2,1,2,24,1,10,1,10,1,1,3
12815,5.0,5.0,1.0,1.0,5.0,1.0,1.0,5.0,1.0,1.0,1.0,5.0,5.0,1.0,5.0,1.0,1.0,5.0,5.0,3.0,2,6,7,4,6,7,5,5,6,6,1,1,0,1,1,0,0,0,0,1,1,0,1,1,1,1,3,2,1,2,21,1,8,2,10,1,1,1
12816,5.0,2.0,4.0,5.0,5.0,4.0,5.0,2.0,5.0,5.0,1.0,4.0,5.0,1.0,2.0,4.0,4.0,2.0,4.0,1.0,2,1,6,6,7,2,1,1,2,5,1,1,0,1,1,0,0,0,0,1,0,0,0,1,1,1,3,3,2,2,38,2,7,1,10,1,2,3
12817,5.0,3.0,2.0,4.0,4.0,2.0,2.0,3.0,4.0,2.0,3.0,5.0,4.0,3.0,4.0,4.0,2.0,4.0,5.0,2.0,2,6,6,1,5,6,2,1,7,3,1,1,1,1,1,1,1,0,0,1,1,0,1,1,1,1,3,1,2,1,36,1,2,1,60,1,2,4
12818,5.0,5.0,5.0,2.0,5.0,3.0,1.0,2.0,1.0,5.0,3.0,5.0,5.0,5.0,5.0,5.0,3.0,5.0,5.0,1.0,5,7,4,5,7,4,3,4,3,5,1,1,0,1,1,0,0,0,0,1,0,0,0,0,1,1,1,3,1,2,17,1,4,1,10,2,1,2
12819,4.0,4.0,5.0,3.0,3.0,4.0,1.0,4.0,5.0,4.0,3.0,5.0,2.0,2.0,4.0,2.0,3.0,4.0,5.0,1.0,5,5,7,2,4,3,5,2,1,1,1,1,1,1,1,1,1,1,0,1,1,1,1,1,1,1,3,2,2,1,21,1,2,1,60,1,1,3
12820,3.0,5.0,3.0,4.0,5.0,4.0,2.0,5.0,4.0,4.0,4.0,4.0,4.0,2.0,2.0,1.0,1.0,2.0,5.0,5.0,5,3,6,1,6,2,7,3,7,2,1,1,0,1,1,0,0,1,0,1,0,0,0,1,1,1,2,2,1,1,20,2,2,1,70,1,1,2
12821,1.0,4.0,5.0,5.0,3.0,5.0,2.0,4.0,5.0,2.0,4.0,4.0,1.0,1.0,4.0,5.0,1.0,3.0,5.0,1.0,7,1,7,5,7,6,7,1,6,1,1,1,1,1,1,0,1,0,0,1,1,0,1,1,1,1,3,2,2,1,52,3,12,1,60,2,3,7
12822,2.0,2.0,3.0,3.0,5.0,4.0,5.0,4.0,5.0,1.0,1.0,5.0,5.0,2.0,2.0,4.0,1.0,3.0,5.0,1.0,1,2,7,1,5,7,3,1,7,3,1,1,1,1,1,0,1,1,0,1,1,1,1,1,1,1,4,2,2,1,38,1,6,4,30,1,1,3
12823,1.0,3.0,2.0,4.0,3.0,2.0,2.0,1.0,5.0,4.0,1.0,1.0,3.0,3.0,1.0,2.0,5.0,2.0,4.0,2.0,5,5,3,6,4,5,6,5,3,5,1,1,1,1,1,0,0,1,1,1,1,0,1,1,1,1,2,3,2,2,22,1,12,2,60,1,1,4
12824,2.0,1.0,4.0,2.0,4.0,4.0,5.0,4.0,5.0,5.0,2.0,5.0,1.0,2.0,1.0,4.0,2.0,2.0,5.0,4.0,2,6,7,5,6,6,5,1,5,1,1,1,1,1,1,1,0,1,0,1,1,1,1,1,1,1,3,3,3,2,24,1,2,4,60,1,1,2
12825,2.0,2.0,4.0,1.0,5.0,1.0,4.0,1.0,4.0,2.0,1.0,5.0,1.0,2.0,5.0,1.0,3.0,1.0,1.0,1.0,3,6,6,3,5,6,5,2,5,5,1,1,0,1,1,0,0,1,0,1,0,0,1,1,1,1,3,2,2,2,31,1,7,1,10,2,2,3
12826,4.0,5.0,3.0,1.0,5.0,1.0,1.0,1.0,4.0,2.0,1.0,5.0,1.0,1.0,4.0,5.0,1.0,5.0,5.0,1.0,7,6,3,7,7,1,7,1,1,1,1,1,1,1,1,0,0,1,0,1,0,0,1,1,1,1,3,3,1,1,29,1,1,1,70,1,1,1
12827,4.0,1.0,2.0,5.0,1.0,1.0,2.0,1.0,5.0,3.0,2.0,2.0,1.0,4.0,2.0,1.0,2.0,2.0,5.0,1.0,5,5,6,4,5,5,5,3,5,4,1,1,0,1,1,0,0,0,0,1,0,0,0,1,1,1,4,2,2,1,23,1,1,1,60,2,1,2
12828,1.0,2.0,3.0,4.0,4.0,2.0,1.0,1.0,5.0,5.0,2.0,1.0,4.0,1.0,3.0,2.0,2.0,5.0,5.0,4.0,5,5,5,2,6,2,6,4,7,3,1,1,1,1,1,0,0,1,0,1,1,0,1,1,1,1,3,2,1,2,22,1,2,1,60,2,1,2
12829,4.0,3.0,1.0,1.0,2.0,5.0,1.0,3.0,4.0,4.0,1.0,2.0,2.0,1.0,3.0,1.0,3.0,1.0,5.0,2.0,7,7,4,1,7,1,7,2,7,2,1,1,1,1,1,0,0,0,0,1,0,0,1,1,1,1,3,3,1,2,22,1,2,1,60,1,1,3
12830,5.0,4.0,4.0,5.0,5.0,2.0,2.0,2.0,5.0,2.0,2.0,1.0,2.0,1.0,3.0,5.0,5.0,4.0,5.0,1.0,7,2,7,3,7,3,7,5,7,4,1,1,1,1,1,1,0,0,0,1,1,0,1,1,1,1,4,3,1,2,31,1,7,1,30,1,1,1
12831,3.0,5.0,2.0,2.0,5.0,2.0,1.0,4.0,4.0,2.0,2.0,3.0,4.0,1.0,2.0,1.0,5.0,4.0,5.0,2.0,4,3,4,3,5,6,5,5,4,3,1,1,1,1,1,0,0,0,1,1,1,0,1,1,1,1,3,0,1,1,51,1,1,1,60,1,1,6
12832,4.0,4.0,2.0,2.0,5.0,3.0,1.0,4.0,3.0,3.0,1.0,5.0,5.0,3.0,4.0,1.0,2.0,4.0,5.0,2.0,1,4,6,2,7,5,4,1,5,2,1,1,1,1,1,0,1,1,0,1,0,0,1,1,1,1,4,3,2,1,49,1,1,1,60,1,1,1
12833,5.0,1.0,2.0,1.0,4.0,5.0,1.0,5.0,5.0,2.0,1.0,5.0,5.0,1.0,5.0,1.0,1.0,5.0,5.0,1.0,6,7,1,3,7,3,4,7,5,1,1,1,1,1,1,0,0,1,0,1,0,0,1,1,1,1,3,3,1,1,21,1,1,1,10,2,1,2
12834,2.0,1.0,2.0,1.0,2.0,2.0,4.0,4.0,4.0,1.0,4.0,5.0,4.0,1.0,4.0,3.0,1.0,4.0,5.0,2.0,5,4,7,1,3,2,5,1,7,5,1,1,1,1,1,1,0,1,1,1,0,0,1,1,1,1,4,3,2,1,22,1,6,1,60,1,1,2
12835,5.0,5.0,1.0,2.0,5.0,1.0,1.0,2.0,2.0,1.0,1.0,5.0,5.0,3.0,5.0,5.0,1.0,5.0,5.0,2.0,5,3,4,3,6,2,1,7,7,4,1,1,0,1,1,0,0,0,0,1,0,0,0,1,1,1,1,3,1,1,14,1,6,1,50,2,1,3
12836,4.0,5.0,2.0,1.0,4.0,1.0,1.0,4.0,1.0,1.0,1.0,5.0,2.0,1.0,4.0,1.0,1.0,5.0,5.0,1.0,1,4,7,3,5,5,1,1,4,2,1,1,1,1,1,0,1,1,0,1,1,1,1,1,1,1,3,2,1,1,24,1,7,1,60,1,1,1
12837,5.0,5.0,1.0,1.0,5.0,1.0,1.0,4.0,1.0,1.0,1.0,5.0,5.0,1.0,5.0,1.0,1.0,5.0,5.0,3.0,3,6,7,4,5,3,1,1,7,4,1,1,0,1,1,0,1,1,0,1,1,0,1,1,1,1,2,3,2,1,16,1,12,2,70,2,1,3
12838,5.0,4.0,1.0,1.0,5.0,1.0,5.0,5.0,1.0,1.0,1.0,5.0,4.0,1.0,5.0,1.0,1.0,5.0,3.0,2.0,5,6,4,7,6,7,1,6,4,2,1,1,0,1,1,0,0,0,0,1,0,0,1,1,1,1,4,3,1,2,29,1,10,1,20,2,1,3
12839,4.0,5.0,4.0,5.0,3.0,4.0,4.0,3.0,4.0,4.0,4.0,3.0,5.0,2.0,4.0,5.0,4.0,5.0,2.0,5.0,4,3,3,5,5,6,5,4,6,2,0,1,0,0,0,0,0,0,0,1,0,0,0,0,1,1,3,2,2,2,19,1,4,3,10,2,1,2
12840,4.0,3.0,2.0,4.0,2.0,2.0,2.0,4.0,4.0,3.0,2.0,4.0,4.0,2.0,3.0,2.0,2.0,4.0,5.0,2.0,2,4,6,5,5,6,5,1,5,5,1,1,0,1,1,0,0,0,0,1,0,0,1,1,1,1,3,2,1,1,36,1,7,1,60,1,2,4
12841,3.0,5.0,2.0,2.0,4.0,3.0,1.0,5.0,2.0,2.0,1.0,5.0,5.0,1.0,5.0,1.0,5.0,5.0,5.0,3.0,4,6,6,6,6,5,5,5,3,1,1,1,0,1,1,1,0,1,1,1,1,0,1,1,1,1,3,2,1,1,20,1,2,1,60,1,1,3
12842,1.0,3.0,4.0,2.0,1.0,2.0,2.0,1.0,5.0,5.0,2.0,5.0,4.0,3.0,4.0,1.0,1.0,4.0,5.0,1.0,5,1,3,2,6,5,7,5,5,2,1,1,1,1,1,0,0,0,0,1,0,0,1,1,1,1,3,3,2,1,47,1,1,2,60,2,3,5
12843,5.0,5.0,2.0,2.0,5.0,1.0,1.0,4.0,1.0,1.0,1.0,5.0,5.0,1.0,5.0,1.0,1.0,4.0,5.0,4.0,6,7,6,6,5,2,3,1,2,6,1,1,0,1,1,0,1,1,0,1,0,1,1,1,1,1,3,2,2,1,20,1,1,4,60,1,1,3
12844,4.0,2.0,3.0,5.0,2.0,4.0,5.0,4.0,5.0,2.0,4.0,2.0,1.0,1.0,3.0,1.0,1.0,4.0,5.0,4.0,7,6,7,6,5,7,6,2,6,3,1,1,0,1,1,0,0,0,0,1,0,0,0,1,1,1,3,2,1,2,25,1,8,1,10,1,1,3
12845,1.0,5.0,3.0,2.0,5.0,1.0,1.0,5.0,5.0,1.0,1.0,5.0,4.0,1.0,2.0,1.0,2.0,4.0,5.0,2.0,6,7,6,3,7,2,6,5,7,3,1,1,1,1,1,0,1,1,0,1,1,0,1,1,1,1,3,3,1,2,18,1,8,1,10,2,1,1
12846,4.0,1.0,5.0,3.0,2.0,5.0,2.0,2.0,5.0,5.0,2.0,4.0,2.0,3.0,1.0,2.0,2.0,2.0,5.0,1.0,5,5,7,6,5,4,4,1,5,5,0,0,0,0,0,0,0,0,0,0,0,0,0,0,0,0,1,2,2,1,14,1,7,1,10,2,1,2
12847,1.0,1.0,4.0,2.0,2.0,4.0,2.0,5.0,5.0,4.0,1.0,2.0,2.0,1.0,1.0,4.0,2.0,1.0,5.0,1.0,6,6,6,5,5,2,5,5,5,4,1,1,1,1,1,0,1,0,0,1,1,0,1,1,1,1,4,2,1,1,38,1,1,1,60,1,2,2
12848,1.0,1.0,2.0,5.0,1.0,5.0,2.0,1.0,5.0,3.0,2.0,2.0,1.0,3.0,3.0,4.0,3.0,2.0,3.0,1.0,7,5,6,2,6,2,6,2,7,1,1,1,0,1,1,0,0,0,0,1,0,1,1,1,1,1,3,3,2,2,25,1,4,1,60,1,1,2
12849,5.0,3.0,3.0,2.0,3.0,2.0,2.0,4.0,4.0,2.0,2.0,2.0,2.0,4.0,4.0,3.0,2.0,1.0,5.0,2.0,3,3,6,5,6,5,6,7,5,5,1,0,0,1,1,0,0,0,0,1,0,1,0,1,0,1,3,3,1,1,23,1,6,1,60,1,1,2
12850,2.0,4.0,2.0,3.0,2.0,5.0,2.0,2.0,5.0,5.0,2.0,3.0,1.0,4.0,4.0,5.0,1.0,3.0,4.0,3.0,2,6,7,2,6,7,3,1,7,3,1,1,0,1,1,0,0,0,0,1,0,0,1,0,1,1,3,3,1,1,26,1,4,1,60,1,2,2
12851,5.0,3.0,4.0,3.0,3.0,4.0,4.0,1.0,5.0,5.0,2.0,1.0,1.0,3.0,5.0,5.0,5.0,1.0,5.0,1.0,7,3,7,7,7,1,4,1,3,3,1,1,0,1,0,0,0,1,0,1,0,0,0,1,1,1,1,3,2,1,15,3,12,5,60,2,1,2
12852,3.0,1.0,4.0,4.0,1.0,5.0,3.0,2.0,5.0,5.0,3.0,4.0,1.0,2.0,3.0,4.0,3.0,1.0,5.0,3.0,5,7,7,4,7,4,5,2,5,1,1,0,0,1,1,0,0,0,0,1,0,1,0,1,1,1,4,3,2,2,24,1,1,1,60,1,1,3
12853,3.0,1.0,3.0,3.0,5.0,5.0,5.0,4.0,5.0,5.0,3.0,4.0,3.0,3.0,5.0,5.0,2.0,1.0,5.0,5.0,3,4,7,4,7,6,5,3,6,4,1,0,0,1,1,0,0,0,0,1,0,0,1,1,1,1,3,3,2,1,35,3,7,0,70,1,3,2
12854,4.0,4.0,5.0,1.0,4.0,1.0,1.0,5.0,5.0,1.0,1.0,5.0,5.0,1.0,2.0,1.0,1.0,4.0,5.0,2.0,5,6,7,3,7,6,2,5,2,7,1,1,0,1,1,0,0,0,0,1,0,0,1,1,1,1,3,2,1,1,23,2,6,1,60,1,1,2
12855,5.0,5.0,1.0,1.0,5.0,1.0,1.0,5.0,2.0,1.0,1.0,5.0,5.0,3.0,5.0,1.0,1.0,5.0,5.0,4.0,1,6,7,4,5,6,3,2,6,7,1,1,1,1,1,0,0,1,0,1,1,1,1,1,1,1,2,1,2,1,21,1,1,1,60,1,1,1
12856,5.0,5.0,2.0,2.0,4.0,1.0,1.0,4.0,1.0,1.0,1.0,5.0,5.0,2.0,5.0,2.0,2.0,5.0,4.0,2.0,6,2,5,4,6,5,5,5,6,3,1,1,0,1,1,0,0,1,0,1,0,0,1,1,1,1,3,3,1,2,24,1,4,4,30,2,1,2
12857,2.0,4.0,3.0,3.0,4.0,3.0,2.0,4.0,3.0,2.0,3.0,4.0,5.0,2.0,3.0,1.0,5.0,4.0,4.0,2.0,3,2,1,6,7,6,5,7,5,3,1,1,0,1,1,0,0,0,0,1,0,0,1,1,1,1,3,3,1,2,23,1,1,1,10,2,1,2
12858,1.0,4.0,5.0,5.0,1.0,2.0,2.0,1.0,5.0,2.0,2.0,2.0,1.0,5.0,3.0,5.0,4.0,1.0,4.0,1.0,7,2,5,5,7,1,7,2,5,1,1,1,0,1,1,0,0,1,0,1,0,0,1,1,1,1,3,3,2,1,23,1,4,2,60,1,1,2
12859,2.0,1.0,2.0,4.0,1.0,4.0,5.0,2.0,5.0,5.0,3.0,1.0,1.0,3.0,1.0,2.0,5.0,2.0,2.0,1.0,7,1,7,2,6,2,7,2,6,1,1,1,1,1,0,0,0,1,0,1,0,0,0,1,1,1,3,3,2,2,22,1,4,1,60,1,1,2
12860,5.0,2.0,2.0,2.0,5.0,5.0,5.0,5.0,5.0,2.0,1.0,5.0,4.0,1.0,5.0,1.0,5.0,5.0,4.0,5.0,6,6,5,1,7,5,4,5,6,2,1,1,0,1,1,1,1,1,0,1,0,0,1,1,1,1,2,3,1,1,19,1,4,1,30,2,1,3
12861,5.0,5.0,5.0,3.0,3.0,4.0,1.0,1.0,5.0,2.0,1.0,5.0,1.0,2.0,4.0,2.0,2.0,5.0,4.0,1.0,5,1,6,5,6,5,6,4,3,1,1,1,0,1,1,0,0,0,0,1,1,0,1,1,1,1,3,3,2,2,33,1,4,1,60,2,1,3
12862,1.0,2.0,5.0,3.0,1.0,4.0,2.0,3.0,3.0,5.0,1.0,4.0,2.0,4.0,4.0,2.0,1.0,4.0,5.0,3.0,5,5,4,6,5,6,5,3,1,1,1,0,0,1,0,0,0,0,0,1,0,0,1,1,1,1,2,2,2,2,25,2,12,5,70,0,1,3
12863,4.0,4.0,4.0,4.0,2.0,2.0,2.0,5.0,4.0,5.0,1.0,5.0,2.0,4.0,5.0,2.0,4.0,5.0,5.0,2.0,1,7,6,7,4,7,6,2,2,2,1,0,0,1,0,0,0,0,0,1,0,0,0,1,1,1,3,1,1,2,22,2,1,3,60,1,1,2
12864,4.0,5.0,3.0,2.0,4.0,4.0,2.0,5.0,5.0,2.0,2.0,5.0,4.0,2.0,4.0,2.0,1.0,5.0,4.0,4.0,1,3,7,3,5,6,6,3,5,5,1,1,1,1,1,0,0,1,0,1,0,0,1,1,1,1,3,1,1,1,21,1,1,1,60,1,1,1
12865,1.0,1.0,5.0,1.0,1.0,5.0,2.0,1.0,5.0,5.0,1.0,5.0,4.0,1.0,1.0,1.0,1.0,5.0,1.0,1.0,7,2,7,5,7,6,7,1,6,1,1,1,0,1,1,0,0,1,0,1,1,0,1,1,1,1,3,1,2,1,69,1,7,1,30,1,2,11
12866,2.0,2.0,4.0,2.0,5.0,4.0,2.0,1.0,4.0,2.0,1.0,5.0,5.0,2.0,4.0,2.0,2.0,2.0,3.0,2.0,6,3,7,1,6,5,3,3,5,3,1,1,1,1,1,0,0,0,0,1,0,0,1,1,1,1,2,3,2,1,20,1,6,1,60,1,1,3
12867,1.0,4.0,3.0,3.0,2.0,4.0,1.0,2.0,4.0,2.0,1.0,4.0,2.0,1.0,2.0,1.0,3.0,4.0,5.0,1.0,4,5,2,5,7,1,6,5,3,1,1,1,0,1,1,0,1,0,0,1,0,0,1,1,1,1,4,2,1,1,29,1,1,1,10,1,1,3
12868,1.0,1.0,4.0,5.0,5.0,2.0,2.0,4.0,5.0,5.0,5.0,5.0,3.0,1.0,1.0,2.0,3.0,5.0,5.0,3.0,7,6,4,1,6,1,7,5,6,2,1,1,0,1,1,0,0,0,0,1,0,0,0,1,1,1,3,3,1,2,52,1,12,3,60,1,2,4
12869,1.0,4.0,2.0,5.0,4.0,1.0,1.0,1.0,2.0,4.0,1.0,4.0,1.0,2.0,5.0,1.0,3.0,4.0,5.0,1.0,6,7,7,5,7,2,4,2,3,2,1,1,1,1,1,1,1,1,0,1,1,0,1,1,1,1,4,1,1,1,30,1,2,1,0,1,1,3
12870,4.0,3.0,4.0,3.0,4.0,4.0,1.0,5.0,5.0,2.0,2.0,5.0,5.0,2.0,2.0,1.0,2.0,3.0,5.0,2.0,2,5,6,7,7,5,7,1,3,5,1,1,1,1,1,0,0,0,0,1,0,1,1,1,1,1,3,3,2,1,41,1,1,1,60,2,1,3
12871,2.0,3.0,2.0,2.0,3.0,3.0,3.0,4.0,3.0,4.0,2.0,4.0,5.0,2.0,4.0,3.0,2.0,4.0,5.0,2.0,2,4,1,1,6,3,2,6,6,2,1,1,0,1,1,0,0,0,0,1,0,1,0,1,1,1,4,3,2,1,16,1,1,2,70,2,1,1
12872,1.0,4.0,5.0,5.0,4.0,5.0,2.0,1.0,5.0,5.0,3.0,4.0,1.0,5.0,1.0,5.0,5.0,1.0,4.0,1.0,3,1,7,2,7,6,7,2,6,3,1,1,1,1,1,1,0,0,0,1,0,0,0,1,1,1,0,3,2,1,32,1,12,0,60,1,3,3
12873,3.0,1.0,5.0,4.0,1.0,3.0,2.0,2.0,5.0,5.0,2.0,3.0,1.0,2.0,4.0,4.0,5.0,4.0,4.0,1.0,3,3,1,1,6,2,6,7,6,1,1,1,0,1,1,0,0,0,0,1,0,0,1,1,1,1,3,3,1,2,19,1,1,2,60,1,1,1
12874,4.0,5.0,1.0,2.0,3.0,1.0,1.0,4.0,2.0,1.0,1.0,5.0,4.0,1.0,5.0,1.0,1.0,4.0,5.0,1.0,7,6,3,6,7,1,7,7,2,6,1,1,0,1,1,0,0,0,0,1,0,0,1,1,1,1,3,1,1,1,43,1,1,1,60,2,2,3
12875,4.0,5.0,5.0,3.0,4.0,5.0,1.0,4.0,2.0,4.0,2.0,5.0,2.0,1.0,5.0,4.0,1.0,4.0,5.0,4.0,2,5,2,7,6,7,5,6,3,5,1,1,1,1,1,0,0,1,0,1,0,0,1,1,1,1,2,2,1,1,23,1,2,2,70,2,1,2
12876,3.0,4.0,5.0,3.0,4.0,4.0,3.0,1.0,5.0,4.0,2.0,2.0,4.0,2.0,4.0,2.0,5.0,4.0,4.0,1.0,5,5,5,3,7,2,6,1,5,1,1,1,1,1,1,0,0,0,0,1,0,0,0,1,1,1,4,2,1,1,58,1,4,1,60,2,3,2
12877,5.0,5.0,1.0,3.0,4.0,2.0,1.0,2.0,3.0,2.0,2.0,3.0,3.0,3.0,4.0,5.0,1.0,5.0,3.0,3.0,5,6,4,1,5,7,4,5,7,1,1,1,1,1,1,1,1,1,0,1,1,1,1,1,1,1,3,3,1,1,24,1,12,1,60,1,1,2
12878,1.0,2.0,4.0,4.0,4.0,5.0,4.0,1.0,5.0,5.0,2.0,4.0,1.0,4.0,4.0,4.0,4.0,1.0,5.0,1.0,6,1,7,5,7,3,7,4,5,1,0,0,0,0,0,0,0,0,0,0,0,0,0,0,0,1,2,2,2,1,30,1,7,2,60,1,2,4
12879,1.0,1.0,2.0,3.0,2.0,2.0,1.0,1.0,3.0,2.0,2.0,1.0,1.0,3.0,5.0,2.0,3.0,2.0,5.0,1.0,5,2,7,2,7,3,6,2,6,2,1,1,1,1,1,0,0,1,0,1,1,1,1,1,1,1,4,2,1,1,37,1,12,1,60,1,1,2
12880,3.0,3.0,3.0,3.0,4.0,3.0,1.0,3.0,3.0,3.0,1.0,3.0,4.0,2.0,4.0,1.0,3.0,5.0,5.0,5.0,7,3,4,4,7,3,6,5,5,1,1,1,0,1,1,0,0,1,0,1,0,0,1,1,1,1,3,2,1,1,24,1,7,1,70,2,1,2
12881,2.0,1.0,3.0,4.0,2.0,5.0,4.0,2.0,5.0,4.0,4.0,4.0,4.0,4.0,2.0,4.0,4.0,2.0,4.0,2.0,6,5,7,5,5,2,6,1,6,4,1,1,0,1,1,0,1,0,0,1,0,0,1,1,1,1,4,1,2,1,34,1,6,1,60,1,2,2
12882,1.0,1.0,5.0,4.0,1.0,2.0,2.0,1.0,4.0,4.0,2.0,1.0,2.0,4.0,3.0,1.0,3.0,2.0,5.0,1.0,6,3,6,5,7,5,7,5,4,2,1,1,1,1,1,0,0,0,1,1,0,0,1,1,1,1,3,2,2,1,24,1,1,1,60,1,1,2
12883,4.0,2.0,2.0,2.0,4.0,1.0,1.0,3.0,3.0,2.0,5.0,4.0,3.0,3.0,5.0,2.0,2.0,4.0,5.0,4.0,1,5,7,5,4,4,2,1,6,3,1,1,1,1,1,0,1,0,0,1,1,0,1,1,1,1,3,3,2,1,52,1,12,1,0,1,1,2
12884,4.0,4.0,4.0,1.0,5.0,4.0,4.0,4.0,5.0,2.0,1.0,4.0,4.0,3.0,4.0,2.0,2.0,4.0,3.0,2.0,2,7,7,3,6,4,1,5,6,2,1,1,1,1,1,0,0,1,0,1,0,0,1,1,1,1,3,2,2,1,30,1,6,4,60,1,1,5
12885,3.0,5.0,1.0,2.0,5.0,5.0,5.0,1.0,5.0,4.0,1.0,4.0,1.0,1.0,1.0,1.0,1.0,5.0,5.0,5.0,6,6,3,7,7,1,7,1,1,1,1,1,0,1,1,1,0,1,0,1,0,0,1,1,1,1,3,3,1,1,25,1,12,1,60,1,1,1
12886,5.0,5.0,1.0,1.0,5.0,1.0,1.0,5.0,1.0,1.0,1.0,5.0,5.0,1.0,4.0,1.0,2.0,5.0,3.0,4.0,1,2,7,5,2,7,5,5,6,3,1,1,1,1,1,0,0,0,0,1,0,0,1,1,1,1,3,3,2,1,27,1,2,1,10,1,1,1
12887,5.0,5.0,3.0,1.0,5.0,1.0,3.0,5.0,5.0,2.0,2.0,5.0,5.0,4.0,5.0,1.0,1.0,5.0,5.0,5.0,2,6,3,4,5,5,4,5,2,2,1,1,1,1,1,0,0,1,0,1,0,0,1,1,1,1,3,1,2,1,19,1,6,3,60,2,1,10
12888,4.0,1.0,2.0,2.0,4.0,5.0,2.0,2.0,5.0,3.0,1.0,2.0,1.0,4.0,2.0,4.0,1.0,3.0,4.0,2.0,5,5,5,3,3,3,7,3,2,2,1,1,0,1,1,0,0,0,0,1,0,0,1,0,1,1,2,1,2,1,42,1,7,1,60,1,2,1
12889,5.0,5.0,1.0,1.0,5.0,1.0,1.0,4.0,2.0,1.0,1.0,5.0,5.0,1.0,5.0,1.0,1.0,5.0,4.0,5.0,7,6,4,2,7,5,6,5,7,1,1,1,0,1,1,0,0,0,0,1,0,1,1,1,1,1,2,3,1,1,18,1,10,1,10,2,1,4
12890,5.0,4.0,4.0,4.0,4.0,1.0,1.0,1.0,5.0,4.0,1.0,5.0,5.0,1.0,4.0,1.0,1.0,4.0,5.0,5.0,6,6,6,7,6,2,7,5,2,1,1,1,0,1,1,0,0,0,0,1,0,0,0,1,1,1,3,3,2,1,29,1,4,1,70,1,2,5
12891,4.0,1.0,1.0,4.0,2.0,4.0,1.0,3.0,2.0,2.0,1.0,4.0,2.0,1.0,5.0,1.0,5.0,4.0,4.0,1.0,7,2,7,1,7,2,4,1,7,2,1,1,0,1,1,1,1,1,0,1,0,1,1,1,1,1,2,2,1,1,20,1,1,1,60,1,1,3
12892,5.0,4.0,5.0,2.0,5.0,1.0,1.0,4.0,2.0,1.0,2.0,5.0,4.0,2.0,5.0,5.0,2.0,5.0,5.0,3.0,2,6,7,2,7,6,5,2,5,3,1,1,1,1,1,1,1,1,1,1,1,1,0,1,1,1,2,3,1,1,19,1,12,1,60,2,1,3
12893,5.0,5.0,4.0,2.0,4.0,2.0,2.0,4.0,2.0,2.0,1.0,4.0,4.0,1.0,4.0,2.0,1.0,4.0,5.0,5.0,4,3,2,3,7,4,6,6,3,1,1,1,0,1,1,0,1,0,0,1,0,0,1,1,1,1,3,2,1,2,23,1,8,1,10,1,1,2
12894,2.0,4.0,5.0,4.0,4.0,2.0,4.0,2.0,5.0,5.0,2.0,5.0,2.0,2.0,3.0,4.0,2.0,4.0,5.0,2.0,1,1,5,2,6,6,7,4,7,1,1,1,1,1,1,0,0,1,0,1,1,0,1,1,1,1,3,3,2,1,62,1,6,1,60,1,3,3
12895,3.0,4.0,4.0,4.0,4.0,4.0,4.0,4.0,4.0,4.0,2.0,5.0,2.0,3.0,3.0,4.0,4.0,4.0,2.0,2.0,3,2,6,3,2,7,6,1,7,5,1,1,0,1,1,0,0,0,0,1,0,0,1,1,1,1,3,2,1,1,33,1,1,1,10,2,1,2
12896,5.0,5.0,1.0,2.0,5.0,1.0,1.0,2.0,3.0,1.0,1.0,5.0,4.0,1.0,5.0,2.0,1.0,4.0,5.0,1.0,1,3,3,3,7,1,3,6,3,1,1,1,1,1,1,0,0,0,0,1,0,0,1,1,1,1,4,3,2,1,48,1,12,1,70,1,2,2
12897,4.0,2.0,2.0,2.0,4.0,1.0,3.0,4.0,4.0,2.0,2.0,5.0,5.0,1.0,2.0,1.0,1.0,1.0,4.0,4.0,3,4,4,2,7,5,4,5,4,5,1,1,0,1,1,0,0,0,0,1,0,0,1,1,1,1,2,1,2,2,18,1,4,2,10,2,1,4
12898,4.0,3.0,5.0,4.0,1.0,2.0,3.0,4.0,3.0,2.0,3.0,2.0,4.0,3.0,4.0,3.0,2.0,1.0,2.0,4.0,2,6,2,1,2,5,1,1,6,2,1,1,1,1,1,0,1,1,0,1,0,0,1,1,1,0,1,2,1,2,14,1,2,1,60,2,1,3
12899,1.0,2.0,1.0,4.0,1.0,4.0,2.0,1.0,3.0,4.0,1.0,2.0,1.0,3.0,4.0,2.0,4.0,3.0,5.0,1.0,7,5,5,3,6,2,4,2,6,4,1,1,0,1,1,0,0,0,0,1,0,0,1,1,1,1,3,2,2,1,18,1,7,2,60,2,1,3
12900,2.0,2.0,4.0,4.0,2.0,4.0,1.0,4.0,2.0,2.0,3.0,2.0,4.0,1.0,2.0,5.0,4.0,4.0,5.0,1.0,6,5,2,1,6,5,5,7,3,1,1,1,0,1,1,0,0,1,0,1,0,1,1,1,1,1,4,3,1,2,26,1,1,1,60,1,1,4
12901,1.0,1.0,1.0,4.0,1.0,5.0,5.0,1.0,4.0,1.0,1.0,1.0,1.0,4.0,2.0,2.0,5.0,1.0,5.0,1.0,6,2,6,2,7,5,7,1,5,2,1,1,1,1,1,0,1,1,0,1,1,1,1,1,1,1,4,3,2,1,34,1,1,1,60,1,2,4
12902,5.0,5.0,5.0,1.0,5.0,5.0,2.0,5.0,5.0,5.0,1.0,5.0,1.0,1.0,3.0,4.0,1.0,5.0,5.0,1.0,4,4,7,2,7,5,7,6,4,1,1,1,0,1,1,0,0,1,0,1,0,1,0,1,1,1,3,3,2,2,24,1,12,1,20,1,1,4
12903,5.0,5.0,1.0,1.0,5.0,1.0,2.0,4.0,5.0,1.0,1.0,5.0,5.0,1.0,1.0,1.0,1.0,5.0,5.0,5.0,1,7,7,1,7,7,1,1,7,1,1,1,1,1,1,0,1,1,0,1,1,0,1,1,1,1,4,1,1,2,37,3,4,1,60,2,2,3
12904,3.0,4.0,4.0,3.0,3.0,3.0,2.0,4.0,4.0,2.0,1.0,2.0,4.0,2.0,4.0,1.0,2.0,4.0,4.0,1.0,6,6,6,3,6,2,4,5,3,2,1,1,0,1,1,0,0,0,0,1,0,0,1,1,1,1,3,1,1,1,27,1,6,1,60,1,2,2
12905,2.0,4.0,5.0,2.0,5.0,2.0,4.0,5.0,5.0,4.0,1.0,5.0,2.0,1.0,2.0,4.0,4.0,4.0,5.0,4.0,5,2,5,2,5,3,7,1,6,1,1,1,0,1,1,0,0,1,1,1,1,0,1,1,1,1,4,3,1,1,39,1,0,1,60,2,2,3
12906,4.0,5.0,2.0,1.0,4.0,4.0,4.0,5.0,4.0,3.0,1.0,5.0,4.0,1.0,4.0,2.0,2.0,5.0,4.0,4.0,1,5,2,3,5,6,6,1,6,2,1,1,1,1,1,0,0,1,0,1,1,0,1,1,1,1,3,2,1,2,29,1,1,1,60,1,2,4
12907,1.0,4.0,5.0,5.0,2.0,5.0,5.0,1.0,5.0,5.0,4.0,2.0,1.0,1.0,4.0,4.0,3.0,1.0,5.0,1.0,7,2,7,5,7,1,7,2,3,1,1,1,1,1,1,0,0,0,0,1,0,1,1,1,1,1,3,2,2,1,44,1,12,1,60,1,2,2
12908,5.0,5.0,2.0,3.0,4.0,2.0,2.0,2.0,1.0,2.0,4.0,4.0,4.0,2.0,5.0,2.0,2.0,2.0,2.0,1.0,2,5,6,5,5,6,3,2,3,3,1,1,0,1,1,0,0,0,0,1,0,0,1,1,1,1,4,2,2,1,35,1,7,1,60,1,2,2
12909,1.0,1.0,1.0,1.0,5.0,2.0,2.0,4.0,5.0,1.0,1.0,5.0,4.0,2.0,1.0,1.0,5.0,5.0,1.0,5.0,1,1,7,6,6,7,6,1,6,1,1,1,1,1,1,0,0,1,0,1,0,0,1,1,1,1,4,1,2,1,46,1,6,1,60,1,2,4
12910,4.0,4.0,2.0,4.0,5.0,2.0,2.0,2.0,4.0,3.0,2.0,5.0,4.0,2.0,4.0,4.0,1.0,4.0,4.0,1.0,5,7,7,2,6,6,6,2,7,3,0,1,0,1,1,0,0,0,0,1,0,0,1,1,1,1,2,2,1,2,20,1,2,1,60,1,1,2
12911,1.0,2.0,5.0,4.0,5.0,2.0,1.0,2.0,5.0,5.0,1.0,4.0,1.0,1.0,3.0,2.0,1.0,1.0,3.0,3.0,2,6,5,7,5,6,7,1,2,5,1,1,0,1,1,0,0,0,0,1,0,0,0,1,1,1,4,3,1,2,25,1,10,2,20,2,1,1
12912,4.0,4.0,3.0,4.0,4.0,4.0,4.0,2.0,4.0,4.0,2.0,4.0,1.0,2.0,4.0,4.0,3.0,2.0,3.0,1.0,6,2,6,6,6,5,6,4,2,4,1,1,0,1,1,1,0,0,0,1,0,0,1,1,1,1,3,3,2,1,21,1,4,1,60,1,1,2
12913,3.0,5.0,4.0,1.0,2.0,1.0,1.0,1.0,5.0,5.0,1.0,5.0,1.0,3.0,4.0,2.0,1.0,5.0,5.0,4.0,3,3,5,3,6,4,6,3,3,3,1,1,0,1,1,0,0,0,0,1,0,0,1,0,1,1,3,3,1,1,67,1,2,1,60,1,3,5
12914,5.0,4.0,2.0,5.0,4.0,1.0,2.0,5.0,4.0,4.0,1.0,5.0,4.0,2.0,2.0,2.0,3.0,4.0,5.0,1.0,4,3,4,1,7,5,4,5,6,4,1,1,0,1,1,0,1,1,0,1,0,0,1,1,1,1,4,2,1,1,24,1,1,1,10,1,1,2
12915,4.0,4.0,2.0,2.0,4.0,2.0,1.0,4.0,2.0,1.0,2.0,5.0,4.0,1.0,5.0,1.0,1.0,4.0,5.0,2.0,1,6,6,1,6,7,5,3,6,2,1,1,0,1,1,0,0,1,0,1,0,0,0,1,1,1,2,2,1,1,20,1,12,2,30,2,1,7
12916,4.0,1.0,3.0,3.0,1.0,5.0,4.0,5.0,5.0,5.0,1.0,1.0,4.0,1.0,1.0,5.0,5.0,5.0,1.0,2.0,5,2,7,3,6,7,6,2,7,4,1,1,0,0,0,0,0,0,0,1,0,1,0,0,0,0,1,1,1,1,16,2,5,1,60,2,1,4
12917,5.0,5.0,3.0,4.0,5.0,1.0,1.0,5.0,1.0,1.0,2.0,5.0,4.0,1.0,4.0,1.0,1.0,4.0,5.0,1.0,2,6,7,2,7,7,2,1,7,2,1,1,0,1,0,0,0,0,0,1,0,0,0,0,1,1,4,3,1,2,40,1,2,1,60,1,1,2
12918,4.0,2.0,4.0,5.0,3.0,2.0,2.0,1.0,5.0,3.0,2.0,1.0,2.0,4.0,4.0,2.0,2.0,2.0,5.0,1.0,6,6,3,2,6,3,6,3,4,1,1,1,0,1,1,0,0,0,0,1,0,0,1,1,1,1,2,2,1,1,19,1,2,1,60,2,1,2
12919,5.0,3.0,3.0,2.0,5.0,3.0,5.0,5.0,4.0,4.0,1.0,5.0,5.0,1.0,3.0,5.0,3.0,5.0,5.0,3.0,7,5,5,7,7,7,2,4,7,7,1,1,0,1,1,0,0,1,0,1,0,0,0,1,1,1,3,3,1,2,20,2,4,1,10,1,1,2
12920,2.0,4.0,2.0,3.0,3.0,2.0,2.0,4.0,5.0,5.0,2.0,5.0,4.0,2.0,4.0,2.0,2.0,4.0,5.0,4.0,3,3,6,5,5,6,4,1,4,6,1,1,1,1,1,0,1,0,0,1,0,0,1,1,1,1,4,2,1,1,54,1,6,1,60,2,2,2
12921,1.0,4.0,5.0,2.0,2.0,4.0,5.0,2.0,5.0,4.0,3.0,4.0,2.0,4.0,3.0,1.0,3.0,3.0,5.0,1.0,1,5,5,3,4,5,7,6,5,2,1,0,0,1,1,0,0,0,0,1,0,0,0,1,1,1,1,3,1,1,14,1,7,1,60,2,1,2
12922,5.0,4.0,5.0,3.0,4.0,3.0,5.0,4.0,4.0,2.0,2.0,4.0,4.0,3.0,4.0,4.0,2.0,3.0,5.0,4.0,3,4,4,4,6,3,4,4,4,3,1,1,1,1,1,0,0,1,0,1,0,0,1,1,1,1,4,3,2,1,38,1,9,1,60,1,2,3
12923,3.0,4.0,2.0,4.0,3.0,1.0,2.0,1.0,3.0,4.0,1.0,5.0,4.0,3.0,5.0,2.0,3.0,5.0,4.0,1.0,6,6,6,7,6,2,2,1,3,1,1,1,0,1,1,0,0,1,0,1,0,1,1,1,1,1,4,1,1,2,43,1,2,1,60,2,2,3
12924,4.0,4.0,1.0,2.0,4.0,2.0,2.0,1.0,4.0,2.0,2.0,2.0,2.0,3.0,3.0,4.0,1.0,4.0,4.0,1.0,3,2,6,1,5,6,2,1,7,5,1,1,1,1,1,0,0,0,0,1,0,0,1,1,1,1,4,2,1,1,40,1,6,1,70,2,2,3
12925,1.0,1.0,2.0,4.0,2.0,2.0,2.0,2.0,5.0,4.0,1.0,4.0,1.0,1.0,1.0,3.0,1.0,2.0,5.0,5.0,7,5,5,1,7,1,4,2,4,1,1,1,0,1,1,0,0,1,0,1,0,1,1,1,1,1,3,3,2,2,34,1,2,1,60,1,2,2
12926,1.0,1.0,4.0,4.0,2.0,4.0,2.0,2.0,5.0,4.0,1.0,1.0,1.0,3.0,2.0,2.0,2.0,2.0,4.0,2.0,5,2,5,2,4,2,5,5,6,5,1,1,1,1,1,0,0,0,0,1,1,0,1,1,1,1,3,1,1,1,23,1,4,1,60,1,2,2
12927,4.0,5.0,1.0,2.0,5.0,3.0,3.0,3.0,2.0,2.0,2.0,2.0,3.0,1.0,2.0,2.0,5.0,3.0,4.0,2.0,4,5,6,4,5,6,3,5,3,1,1,0,0,1,0,0,0,0,0,1,0,0,0,1,0,1,3,3,1,2,18,1,12,2,60,2,1,0
12928,4.0,4.0,5.0,4.0,3.0,2.0,4.0,1.0,5.0,5.0,1.0,3.0,1.0,3.0,5.0,2.0,5.0,5.0,5.0,1.0,6,5,4,7,7,7,7,7,2,4,1,1,1,1,1,0,1,1,0,1,1,0,1,1,1,1,3,2,1,1,24,1,4,1,10,2,1,3
12929,4.0,4.0,4.0,5.0,5.0,1.0,1.0,5.0,5.0,5.0,1.0,5.0,2.0,2.0,5.0,1.0,5.0,5.0,5.0,2.0,2,6,3,5,6,1,6,5,3,4,1,1,1,1,1,0,0,0,0,1,0,1,1,1,1,1,3,1,2,1,32,1,2,1,60,1,3,3
12930,4.0,5.0,4.0,1.0,4.0,1.0,1.0,4.0,2.0,2.0,1.0,3.0,3.0,1.0,4.0,1.0,1.0,4.0,5.0,1.0,7,7,6,6,5,2,3,5,2,1,1,1,0,1,1,0,0,1,0,1,0,0,0,1,1,1,2,3,2,2,20,3,1,1,60,1,1,1
12931,3.0,4.0,3.0,3.0,3.0,2.0,1.0,2.0,5.0,2.0,1.0,4.0,1.0,3.0,2.0,1.0,2.0,4.0,5.0,2.0,2,4,5,6,5,7,7,5,4,3,1,1,0,1,1,0,0,0,0,1,0,0,1,1,1,1,2,2,1,1,25,1,1,1,60,1,1,3
12932,5.0,1.0,3.0,3.0,3.0,3.0,3.0,2.0,5.0,5.0,1.0,5.0,3.0,1.0,5.0,5.0,1.0,4.0,1.0,1.0,7,1,7,3,7,1,7,4,7,1,1,1,0,1,1,0,0,1,0,1,0,0,1,1,1,1,2,3,1,2,36,3,7,1,10,2,2,4
12933,5.0,2.0,1.0,3.0,4.0,1.0,1.0,4.0,4.0,3.0,1.0,3.0,4.0,1.0,3.0,1.0,4.0,4.0,5.0,3.0,1,5,5,7,6,6,5,5,1,1,1,1,0,1,1,0,0,1,0,1,0,0,1,1,1,1,2,2,2,1,28,1,1,1,60,1,1,2
12934,2.0,4.0,2.0,2.0,4.0,4.0,2.0,5.0,4.0,2.0,2.0,5.0,4.0,2.0,4.0,2.0,2.0,5.0,5.0,2.0,3,2,7,2,3,5,5,1,7,3,1,1,1,1,1,0,0,1,0,1,0,0,1,1,1,1,0,1,2,1,46,1,7,1,60,1,2,2
12935,5.0,2.0,2.0,4.0,5.0,2.0,1.0,4.0,3.0,4.0,2.0,4.0,4.0,2.0,4.0,1.0,1.0,4.0,5.0,4.0,1,7,6,6,5,5,5,6,7,1,1,1,0,1,1,0,0,1,0,1,0,0,1,1,1,1,2,2,2,1,18,1,1,4,30,2,1,2
12936,5.0,5.0,2.0,1.0,5.0,1.0,1.0,5.0,2.0,1.0,1.0,5.0,5.0,1.0,4.0,2.0,1.0,5.0,5.0,3.0,7,5,5,2,6,5,5,2,7,2,1,1,0,1,1,0,0,0,0,1,0,0,1,1,1,1,3,3,1,1,32,1,2,2,30,1,1,2
12937,5.0,3.0,1.0,3.0,5.0,1.0,1.0,3.0,2.0,3.0,3.0,4.0,4.0,1.0,4.0,1.0,1.0,3.0,4.0,5.0,7,6,4,5,7,4,3,5,4,1,1,1,0,1,1,0,0,0,0,1,0,0,1,1,1,1,2,3,1,1,23,1,1,1,60,1,1,2
12938,1.0,4.0,4.0,4.0,5.0,4.0,2.0,1.0,5.0,2.0,2.0,5.0,1.0,4.0,4.0,3.0,2.0,2.0,5.0,2.0,2,5,7,7,6,5,6,3,2,2,0,0,0,0,0,0,1,1,1,0,1,0,0,0,0,0,3,1,2,1,35,1,6,2,60,1,3,2
12939,2.0,2.0,4.0,4.0,3.0,1.0,3.0,1.0,5.0,2.0,2.0,4.0,2.0,1.0,5.0,1.0,2.0,5.0,1.0,1.0,2,2,7,1,6,7,6,2,7,2,1,1,1,1,1,0,1,1,0,1,1,0,1,1,1,1,4,2,2,1,51,1,6,1,60,1,2,3
12940,5.0,5.0,1.0,1.0,5.0,1.0,1.0,1.0,1.0,1.0,1.0,5.0,5.0,1.0,5.0,1.0,1.0,5.0,5.0,5.0,1,3,7,1,6,4,3,1,5,1,1,1,1,1,1,0,1,1,0,1,0,0,1,1,1,1,2,1,1,1,62,1,2,1,60,2,3,7
12941,1.0,2.0,2.0,4.0,4.0,5.0,4.0,2.0,5.0,5.0,2.0,4.0,4.0,2.0,2.0,4.0,2.0,2.0,5.0,1.0,1,5,7,3,7,7,3,3,6,2,1,1,0,1,1,0,0,0,0,1,0,1,1,1,1,1,3,1,1,1,36,1,2,1,60,1,2,2
12942,1.0,3.0,3.0,3.0,5.0,2.0,1.0,1.0,4.0,3.0,1.0,4.0,4.0,4.0,4.0,2.0,2.0,2.0,5.0,3.0,2,1,6,2,5,4,6,5,6,4,1,1,1,1,1,0,1,1,0,1,1,0,1,1,0,1,3,3,2,1,65,1,2,1,60,2,3,4
12943,1.0,3.0,1.0,3.0,3.0,1.0,3.0,3.0,5.0,3.0,1.0,5.0,1.0,3.0,5.0,1.0,5.0,5.0,5.0,3.0,6,2,7,1,6,5,5,1,6,4,1,1,1,1,1,0,1,0,0,1,1,0,1,1,1,1,4,3,2,1,70,1,1,1,60,1,2,3
12944,1.0,2.0,2.0,5.0,1.0,2.0,4.0,4.0,5.0,5.0,5.0,3.0,1.0,1.0,2.0,5.0,4.0,1.0,4.0,1.0,3,7,2,6,5,5,6,2,5,2,1,1,0,1,1,0,0,1,0,1,0,0,0,1,1,1,3,3,1,2,32,2,2,3,60,2,1,5
12945,5.0,2.0,2.0,3.0,2.0,1.0,2.0,5.0,2.0,1.0,1.0,5.0,1.0,1.0,3.0,2.0,5.0,1.0,5.0,3.0,6,5,7,5,7,5,6,2,1,1,1,1,0,1,1,0,0,0,0,1,0,0,1,1,1,1,3,2,2,1,29,1,1,1,10,1,2,3
12946,1.0,3.0,1.0,2.0,2.0,5.0,4.0,1.0,5.0,3.0,1.0,1.0,1.0,1.0,1.0,4.0,4.0,2.0,3.0,1.0,3,5,5,7,7,5,5,4,2,1,1,1,0,1,1,0,0,0,0,1,0,0,1,1,1,1,4,2,1,2,27,1,10,1,70,2,1,2
12947,4.0,3.0,3.0,4.0,4.0,4.0,2.0,2.0,5.0,2.0,2.0,5.0,4.0,4.0,5.0,2.0,4.0,3.0,4.0,1.0,2,2,7,1,7,6,7,3,6,3,1,1,1,1,1,0,0,1,0,1,0,0,1,1,1,1,4,1,2,1,45,1,6,1,60,1,2,2
12948,5.0,5.0,1.0,1.0,5.0,1.0,1.0,4.0,3.0,1.0,1.0,2.0,5.0,3.0,3.0,1.0,4.0,5.0,5.0,4.0,3,7,4,1,6,5,3,5,6,2,1,1,0,1,1,0,0,1,0,1,0,0,0,1,1,1,1,2,2,1,13,2,2,2,60,2,1,2
12949,2.0,1.0,2.0,2.0,4.0,4.0,2.0,1.0,5.0,4.0,1.0,1.0,4.0,1.0,4.0,2.0,4.0,4.0,3.0,1.0,6,5,4,6,7,1,7,3,5,4,1,1,0,1,1,0,0,0,0,1,0,0,1,1,1,1,3,2,1,1,32,1,6,1,60,1,2,2
12950,1.0,2.0,5.0,2.0,4.0,4.0,3.0,2.0,5.0,5.0,1.0,4.0,1.0,1.0,4.0,5.0,1.0,4.0,5.0,3.0,4,6,6,3,6,3,7,5,6,1,1,1,0,1,1,0,0,1,0,1,0,0,0,1,1,1,2,2,2,1,19,1,1,1,70,2,1,2
12951,1.0,1.0,4.0,5.0,1.0,1.0,1.0,1.0,5.0,4.0,1.0,2.0,2.0,4.0,4.0,2.0,1.0,4.0,5.0,1.0,6,6,6,5,7,2,7,5,5,1,1,1,1,1,1,0,1,0,0,1,0,1,1,1,1,1,3,2,2,1,48,1,6,1,60,2,1,2
12952,1.0,1.0,5.0,5.0,4.0,4.0,1.0,1.0,5.0,5.0,1.0,5.0,1.0,3.0,4.0,1.0,3.0,2.0,5.0,1.0,6,5,6,5,3,6,7,1,5,6,1,1,1,1,1,1,0,0,0,1,0,1,1,1,1,1,3,3,2,1,46,1,1,1,60,1,3,1
12953,5.0,1.0,2.0,3.0,2.0,5.0,5.0,5.0,5.0,5.0,1.0,5.0,3.0,1.0,1.0,2.0,1.0,5.0,5.0,5.0,1,4,6,1,7,7,1,5,6,4,0,0,0,0,0,0,0,0,0,0,0,0,0,0,0,0,2,1,1,1,41,1,12,1,70,2,2,3
12954,5.0,5.0,1.0,1.0,3.0,1.0,1.0,5.0,3.0,1.0,1.0,5.0,5.0,3.0,5.0,5.0,1.0,5.0,5.0,5.0,7,5,7,2,7,2,6,6,4,6,1,1,0,1,1,0,0,0,0,1,0,0,1,1,1,1,2,3,1,1,18,1,12,1,60,2,1,1
12955,4.0,2.0,4.0,4.0,2.0,4.0,4.0,1.0,5.0,5.0,4.0,2.0,2.0,3.0,3.0,4.0,5.0,4.0,5.0,4.0,6,4,7,2,7,2,5,6,7,6,1,1,1,1,1,0,1,0,0,1,0,0,1,1,1,1,3,1,1,1,60,1,7,1,60,1,2,3
12956,2.0,4.0,1.0,4.0,3.0,2.0,2.0,3.0,4.0,2.0,2.0,1.0,1.0,2.0,5.0,2.0,1.0,4.0,5.0,1.0,5,2,5,5,3,2,6,1,6,2,1,1,0,1,1,0,0,0,0,1,0,0,1,1,1,1,3,3,2,1,20,1,7,2,60,1,1,4
12957,5.0,4.0,4.0,1.0,5.0,4.0,3.0,5.0,3.0,3.0,1.0,5.0,5.0,1.0,5.0,5.0,5.0,1.0,3.0,2.0,5,7,6,4,7,4,7,3,4,1,1,1,0,1,0,0,0,0,0,1,0,0,0,1,0,1,3,2,1,2,26,3,4,1,30,2,1,3
12958,5.0,3.0,5.0,1.0,3.0,4.0,4.0,4.0,5.0,3.0,2.0,4.0,2.0,2.0,3.0,5.0,4.0,3.0,5.0,3.0,1,1,6,7,5,7,5,4,2,6,0,1,0,1,0,0,0,0,0,1,0,0,1,0,0,1,2,3,1,2,21,1,1,2,70,2,1,3
12959,4.0,1.0,2.0,4.0,5.0,2.0,3.0,4.0,2.0,2.0,2.0,5.0,5.0,1.0,4.0,2.0,1.0,4.0,5.0,1.0,5,6,5,3,7,7,6,5,5,2,1,1,0,1,1,0,0,1,0,1,0,0,1,1,1,1,3,2,1,1,24,1,1,1,60,2,1,0
12960,5.0,5.0,1.0,4.0,5.0,1.0,1.0,4.0,1.0,1.0,1.0,5.0,5.0,1.0,5.0,1.0,1.0,5.0,5.0,4.0,1,6,5,2,6,7,1,6,2,1,1,1,1,1,1,0,0,1,0,1,0,1,1,1,1,1,4,1,2,1,53,1,12,1,60,1,2,1
12961,1.0,3.0,3.0,2.0,3.0,3.0,3.0,1.0,5.0,5.0,1.0,4.0,5.0,1.0,5.0,1.0,3.0,3.0,5.0,1.0,7,4,6,5,7,5,6,4,3,1,1,1,1,1,1,0,0,0,0,1,1,1,1,1,1,1,3,3,2,1,19,1,1,2,50,2,1,1
12962,1.0,4.0,3.0,1.0,5.0,5.0,2.0,1.0,4.0,5.0,1.0,4.0,1.0,1.0,4.0,1.0,1.0,1.0,5.0,4.0,1,6,6,7,6,5,6,5,2,2,1,1,1,1,1,0,1,1,0,1,1,0,1,1,1,1,4,2,2,1,57,1,12,1,60,2,3,3
12963,2.0,2.0,4.0,4.0,5.0,4.0,4.0,2.0,4.0,2.0,2.0,5.0,4.0,1.0,4.0,4.0,2.0,4.0,4.0,5.0,2,5,6,5,6,6,6,2,6,2,1,1,0,1,1,0,1,0,0,1,0,0,1,1,1,1,4,3,1,2,40,1,8,1,10,1,2,3
12964,1.0,5.0,2.0,2.0,5.0,4.0,2.0,1.0,4.0,5.0,1.0,5.0,1.0,4.0,4.0,1.0,4.0,1.0,5.0,5.0,7,1,6,2,4,6,6,3,1,5,1,1,0,1,1,0,0,1,0,1,0,0,0,0,1,1,3,3,2,2,21,2,10,1,60,1,1,2
12965,4.0,4.0,2.0,4.0,3.0,2.0,2.0,4.0,5.0,5.0,2.0,4.0,3.0,4.0,3.0,5.0,5.0,4.0,5.0,3.0,6,1,7,3,6,3,6,3,5,4,1,1,0,1,1,0,0,0,0,1,0,0,1,1,1,1,4,3,1,1,27,1,5,0,60,2,2,3
12966,5.0,5.0,4.0,4.0,4.0,2.0,1.0,1.0,4.0,1.0,1.0,5.0,1.0,1.0,4.0,1.0,2.0,2.0,5.0,4.0,5,6,6,2,5,2,3,1,6,4,1,1,1,1,1,0,0,0,0,1,0,0,1,1,1,1,4,2,2,2,23,1,4,1,10,1,1,1
12967,5.0,5.0,1.0,2.0,5.0,1.0,1.0,5.0,1.0,2.0,1.0,5.0,5.0,1.0,5.0,1.0,1.0,4.0,5.0,5.0,2,6,2,6,7,3,5,6,5,4,1,1,0,1,1,0,1,1,0,1,0,0,1,1,1,1,4,3,1,2,24,1,2,1,70,2,1,2
12968,5.0,5.0,1.0,1.0,5.0,1.0,1.0,5.0,3.0,1.0,1.0,5.0,5.0,1.0,5.0,1.0,1.0,5.0,5.0,5.0,2,1,5,1,7,5,5,3,7,1,1,1,1,1,1,0,1,1,0,1,0,1,1,1,1,1,3,3,1,2,32,1,2,3,10,1,2,3
12969,1.0,2.0,5.0,5.0,1.0,5.0,5.0,1.0,4.0,5.0,4.0,1.0,1.0,5.0,2.0,4.0,3.0,1.0,3.0,1.0,4,2,6,5,6,6,7,2,4,1,1,1,1,1,1,0,0,1,0,1,1,1,1,1,1,1,3,1,2,1,56,1,4,1,60,1,3,2
12970,5.0,5.0,4.0,1.0,5.0,1.0,1.0,5.0,2.0,1.0,1.0,5.0,5.0,1.0,5.0,1.0,1.0,5.0,5.0,1.0,2,6,7,5,7,4,1,1,6,1,1,1,0,1,1,0,0,0,0,1,0,0,0,1,1,1,2,1,1,2,24,2,12,1,60,2,1,2
12971,3.0,5.0,3.0,2.0,4.0,2.0,1.0,4.0,3.0,2.0,1.0,2.0,4.0,1.0,1.0,1.0,1.0,4.0,5.0,3.0,7,6,6,5,7,2,6,5,5,1,1,1,0,1,1,0,0,0,0,1,0,0,0,1,1,1,1,2,1,1,17,1,1,1,60,2,0,4
12972,1.0,4.0,1.0,3.0,5.0,2.0,1.0,4.0,3.0,1.0,1.0,5.0,4.0,1.0,4.0,1.0,1.0,2.0,5.0,4.0,3,6,6,2,6,6,3,5,6,5,1,1,1,1,1,0,0,1,0,0,0,1,1,1,1,1,2,1,1,2,19,1,2,1,60,2,1,3
12973,2.0,4.0,4.0,2.0,5.0,3.0,1.0,1.0,5.0,3.0,3.0,4.0,3.0,2.0,3.0,2.0,5.0,3.0,5.0,1.0,2,2,5,4,7,7,5,5,7,1,1,1,0,1,1,0,0,1,0,1,0,0,1,0,1,1,3,2,1,2,29,1,1,1,60,2,1,1
12974,4.0,4.0,2.0,4.0,5.0,2.0,1.0,1.0,3.0,3.0,1.0,3.0,1.0,2.0,4.0,1.0,3.0,4.0,5.0,3.0,5,1,7,1,7,3,5,1,7,1,1,1,1,1,1,0,1,0,0,1,1,0,1,1,1,1,4,2,1,1,46,1,6,1,60,1,2,4
12975,4.0,1.0,1.0,3.0,4.0,1.0,1.0,5.0,3.0,1.0,1.0,5.0,5.0,1.0,3.0,4.0,3.0,3.0,5.0,5.0,3,7,4,1,6,6,7,2,6,2,1,1,0,1,1,0,0,0,0,1,0,1,1,1,1,1,3,3,2,2,22,1,2,1,10,2,1,2
12976,5.0,5.0,5.0,2.0,4.0,4.0,3.0,4.0,5.0,2.0,2.0,5.0,4.0,1.0,4.0,2.0,4.0,1.0,5.0,4.0,5,5,5,5,7,4,4,3,5,4,1,1,1,1,1,0,0,0,0,1,0,0,1,1,1,1,2,3,1,1,28,2,12,2,60,1,1,3
12977,1.0,2.0,1.0,4.0,1.0,4.0,2.0,1.0,5.0,3.0,2.0,1.0,2.0,2.0,1.0,5.0,5.0,4.0,5.0,4.0,7,2,6,1,7,1,7,5,4,1,1,1,1,1,1,0,1,0,0,1,1,0,1,1,1,1,3,3,2,1,77,2,6,1,60,1,3,2
12978,5.0,4.0,4.0,4.0,5.0,2.0,2.0,4.0,3.0,2.0,3.0,4.0,4.0,4.0,3.0,5.0,5.0,5.0,5.0,3.0,6,6,7,5,4,3,5,6,3,2,1,1,0,1,1,0,0,0,0,0,0,0,0,1,1,1,1,3,2,2,13,1,12,2,50,2,1,1
12979,1.0,2.0,2.0,5.0,2.0,5.0,1.0,1.0,5.0,5.0,1.0,1.0,5.0,1.0,5.0,4.0,4.0,1.0,5.0,1.0,5,1,6,6,7,6,6,3,6,2,1,0,1,1,1,0,0,0,0,1,0,0,1,1,1,1,2,2,1,1,23,1,6,1,30,2,3,5
12980,4.0,4.0,2.0,4.0,4.0,2.0,1.0,4.0,5.0,2.0,1.0,5.0,5.0,2.0,4.0,5.0,1.0,4.0,5.0,4.0,6,5,6,1,6,5,6,2,7,2,1,1,1,1,1,0,0,0,0,1,0,1,1,1,1,1,2,3,1,1,53,1,2,1,30,1,2,5
12981,5.0,5.0,1.0,1.0,5.0,1.0,1.0,5.0,1.0,1.0,1.0,5.0,5.0,1.0,5.0,1.0,1.0,5.0,5.0,1.0,4,6,7,2,7,6,1,4,6,1,1,1,0,1,1,0,0,0,0,1,0,0,1,1,1,1,3,1,1,1,30,1,2,1,60,1,2,0
12982,4.0,4.0,2.0,1.0,5.0,5.0,2.0,2.0,5.0,3.0,1.0,5.0,4.0,1.0,4.0,1.0,1.0,5.0,5.0,2.0,2,7,6,6,2,5,3,5,2,1,1,1,0,1,1,0,0,0,0,1,0,0,1,1,1,1,2,2,2,1,18,1,1,2,60,2,1,2
12983,4.0,2.0,4.0,1.0,2.0,1.0,1.0,4.0,5.0,2.0,1.0,4.0,2.0,2.0,4.0,3.0,1.0,5.0,5.0,4.0,3,1,6,6,5,1,7,5,3,1,1,1,0,1,1,1,1,1,0,1,0,0,1,1,1,1,3,1,2,1,30,1,2,1,60,1,2,1
12984,2.0,1.0,4.0,3.0,4.0,5.0,2.0,1.0,2.0,4.0,2.0,1.0,1.0,2.0,2.0,5.0,1.0,4.0,5.0,1.0,6,5,0,2,7,1,7,7,2,1,0,0,1,0,0,1,1,1,1,0,1,1,1,1,0,0,4,1,1,2,29,1,6,1,60,1,1,3
12985,5.0,5.0,1.0,1.0,5.0,1.0,1.0,1.0,1.0,1.0,1.0,5.0,1.0,1.0,4.0,1.0,1.0,3.0,4.0,2.0,7,7,6,2,7,1,3,6,1,1,1,1,1,1,1,0,1,0,0,1,0,0,1,1,1,1,2,3,2,2,18,1,2,2,60,2,1,0
12986,2.0,3.0,4.0,5.0,1.0,3.0,3.0,2.0,5.0,4.0,2.0,1.0,1.0,3.0,4.0,4.0,4.0,4.0,5.0,1.0,2,6,7,5,5,7,6,1,6,1,1,1,1,1,1,0,0,0,0,1,0,1,1,1,1,1,2,2,1,1,19,1,4,1,60,1,1,3
12987,1.0,4.0,1.0,4.0,2.0,2.0,1.0,3.0,5.0,2.0,1.0,4.0,2.0,1.0,4.0,4.0,1.0,5.0,5.0,1.0,6,1,6,1,6,5,6,4,6,2,1,1,1,1,1,0,0,0,0,1,0,1,1,1,1,1,3,2,2,2,37,1,7,1,60,2,1,3
12988,5.0,3.0,4.0,3.0,4.0,4.0,2.0,3.0,5.0,4.0,4.0,4.0,2.0,2.0,4.0,2.0,2.0,5.0,3.0,4.0,7,4,4,3,5,3,5,6,4,1,1,1,0,1,1,0,0,0,0,1,0,0,0,1,1,1,3,3,2,2,26,2,6,1,60,2,1,2
12989,1.0,1.0,2.0,4.0,2.0,2.0,1.0,1.0,4.0,5.0,1.0,4.0,1.0,2.0,4.0,2.0,2.0,2.0,5.0,2.0,1,2,7,5,6,7,6,5,6,4,1,1,1,1,1,0,1,1,0,1,0,0,1,1,1,1,4,2,2,1,47,1,2,1,60,1,1,2
12990,4.0,4.0,2.0,4.0,4.0,1.0,1.0,2.0,1.0,2.0,2.0,5.0,2.0,2.0,4.0,2.0,2.0,4.0,4.0,4.0,6,5,3,2,6,3,3,5,6,1,1,1,0,1,1,0,0,1,0,1,0,0,1,1,1,1,3,2,1,1,21,2,2,1,60,2,1,3
12991,2.0,2.0,2.0,4.0,2.0,5.0,3.0,2.0,5.0,4.0,2.0,2.0,3.0,2.0,4.0,5.0,1.0,3.0,5.0,1.0,5,4,7,3,6,5,6,2,5,3,1,1,0,1,1,0,0,0,0,1,1,0,1,1,1,1,3,2,2,1,28,1,7,1,60,1,2,2
12992,4.0,4.0,3.0,4.0,4.0,2.0,1.0,4.0,3.0,3.0,1.0,4.0,2.0,2.0,4.0,2.0,2.0,3.0,5.0,1.0,3,5,4,5,5,4,6,5,4,6,1,1,0,1,1,0,0,0,0,1,0,0,1,1,1,1,3,2,1,1,21,1,1,1,70,2,1,2
12993,3.0,4.0,3.0,5.0,2.0,3.0,1.0,2.0,3.0,2.0,1.0,3.0,1.0,4.0,4.0,2.0,2.0,2.0,4.0,2.0,6,1,2,3,7,1,6,6,2,5,1,1,1,1,1,0,0,1,0,1,1,0,1,1,1,1,2,2,1,1,46,2,1,1,60,2,3,3
12994,4.0,1.0,2.0,5.0,3.0,4.0,1.0,1.0,5.0,3.0,1.0,2.0,2.0,2.0,4.0,1.0,2.0,5.0,5.0,3.0,5,6,4,1,7,5,5,7,7,2,1,1,0,1,1,0,0,1,0,1,0,0,1,1,1,1,3,1,1,1,34,1,1,1,60,1,1,3
12995,4.0,3.0,1.0,1.0,5.0,2.0,1.0,4.0,1.0,3.0,1.0,5.0,4.0,1.0,4.0,2.0,5.0,2.0,5.0,5.0,6,7,7,7,4,5,1,2,5,1,1,0,0,1,1,0,0,1,0,1,0,0,1,0,1,1,3,2,1,2,28,2,1,5,60,1,1,1
12996,5.0,2.0,4.0,1.0,5.0,3.0,2.0,5.0,5.0,1.0,1.0,1.0,4.0,3.0,2.0,1.0,1.0,3.0,3.0,1.0,6,7,6,6,5,5,4,3,3,2,1,1,0,1,1,0,0,0,0,1,0,0,1,1,1,1,3,3,1,2,23,1,10,1,70,2,1,3
12997,1.0,2.0,2.0,4.0,4.0,2.0,2.0,5.0,5.0,1.0,2.0,4.0,4.0,2.0,5.0,1.0,1.0,5.0,5.0,1.0,1,4,3,3,7,5,3,5,6,1,1,1,1,1,1,0,1,1,0,1,1,0,1,1,1,1,3,3,1,1,46,1,6,1,60,1,2,4
12998,4.0,1.0,5.0,3.0,5.0,4.0,3.0,4.0,5.0,4.0,2.0,5.0,4.0,1.0,1.0,3.0,2.0,4.0,5.0,1.0,6,7,6,6,7,4,5,1,5,1,1,1,1,1,1,0,0,0,0,1,0,0,1,1,1,1,4,3,1,1,31,2,0,3,70,2,1,2
12999,4.0,5.0,3.0,3.0,5.0,1.0,1.0,5.0,3.0,2.0,1.0,3.0,5.0,3.0,5.0,1.0,1.0,5.0,5.0,1.0,5,5,3,5,6,5,6,6,3,1,1,1,1,1,1,0,0,0,0,1,0,0,1,1,1,1,3,2,2,1,58,2,12,1,60,1,2,4
13000,1.0,1.0,3.0,5.0,4.0,5.0,5.0,1.0,5.0,5.0,5.0,1.0,1.0,2.0,1.0,5.0,5.0,1.0,5.0,1.0,6,6,7,6,6,6,6,3,2,1,1,1,1,1,1,0,0,1,0,1,1,0,1,1,1,1,4,3,2,2,45,1,7,3,70,1,1,1
13001,2.0,5.0,1.0,1.0,4.0,1.0,1.0,5.0,1.0,2.0,1.0,5.0,3.0,1.0,3.0,1.0,1.0,4.0,5.0,3.0,2,6,3,5,5,6,1,2,6,6,1,0,0,1,1,0,0,0,0,1,0,0,1,0,1,1,3,2,1,2,27,1,1,1,60,2,1,2
13002,2.0,1.0,5.0,4.0,5.0,4.0,5.0,5.0,5.0,1.0,3.0,1.0,1.0,3.0,1.0,4.0,1.0,4.0,5.0,5.0,1,1,7,7,7,7,6,1,4,4,1,1,0,1,1,0,0,0,0,1,0,0,1,1,1,1,3,3,1,1,30,1,4,1,60,2,1,2
13003,3.0,2.0,2.0,4.0,5.0,2.0,2.0,2.0,4.0,4.0,3.0,2.0,2.0,1.0,3.0,4.0,2.0,4.0,5.0,2.0,5,3,6,5,7,3,6,7,3,1,1,1,1,1,1,1,1,0,0,1,0,0,1,1,1,1,3,3,2,1,46,1,6,1,60,1,2,5
13004,5.0,5.0,1.0,1.0,5.0,1.0,1.0,5.0,1.0,1.0,1.0,5.0,5.0,1.0,5.0,5.0,1.0,5.0,1.0,5.0,6,7,1,7,7,4,7,7,6,1,1,1,0,1,0,0,0,0,0,1,0,0,0,1,1,1,3,1,2,2,21,1,10,2,60,1,1,2
13005,5.0,4.0,1.0,1.0,5.0,2.0,1.0,5.0,1.0,1.0,1.0,5.0,4.0,1.0,5.0,1.0,5.0,5.0,4.0,1.0,2,7,6,5,7,7,2,5,6,3,1,1,0,1,1,0,0,0,0,1,0,0,1,1,1,1,2,1,1,1,19,1,1,1,30,2,1,4
13006,5.0,5.0,1.0,1.0,4.0,2.0,2.0,1.0,5.0,3.0,2.0,2.0,1.0,3.0,5.0,5.0,1.0,4.0,5.0,2.0,6,7,7,5,6,5,6,2,5,1,1,1,0,1,1,0,0,0,0,1,0,0,0,1,1,1,2,1,1,1,64,1,7,1,60,1,2,3
13007,2.0,4.0,4.0,3.0,5.0,4.0,4.0,5.0,5.0,2.0,4.0,2.0,4.0,2.0,2.0,2.0,2.0,3.0,1.0,4.0,2,5,4,6,5,6,5,6,5,6,1,0,1,1,1,1,1,1,0,1,1,0,1,1,1,1,4,2,1,1,57,1,4,1,60,1,2,6
13008,4.0,4.0,2.0,1.0,4.0,1.0,1.0,5.0,2.0,4.0,2.0,4.0,4.0,4.0,2.0,2.0,2.0,2.0,5.0,2.0,0,4,5,6,6,1,7,3,6,3,1,1,0,1,1,0,0,0,0,1,0,0,1,1,1,1,3,2,2,1,23,1,4,2,60,1,1,2
13009,5.0,4.0,1.0,1.0,3.0,3.0,1.0,3.0,2.0,1.0,1.0,5.0,3.0,1.0,5.0,5.0,1.0,5.0,5.0,2.0,1,5,7,5,7,7,1,1,5,1,1,1,0,1,1,1,0,0,0,1,0,0,1,1,1,1,3,2,1,1,24,1,2,1,70,1,1,2
13010,2.0,5.0,1.0,1.0,4.0,2.0,3.0,2.0,5.0,5.0,1.0,5.0,1.0,1.0,2.0,1.0,2.0,3.0,2.0,5.0,7,5,2,7,4,3,5,6,1,6,1,1,0,1,1,0,0,0,0,1,0,0,0,1,1,1,1,3,2,1,15,1,6,4,60,2,1,2
13011,4.0,4.0,1.0,2.0,4.0,1.0,1.0,4.0,2.0,1.0,1.0,4.0,1.0,2.0,1.0,1.0,3.0,1.0,5.0,3.0,5,3,6,4,3,4,2,3,5,3,1,1,1,1,1,0,1,1,0,1,0,1,1,0,1,1,4,2,2,1,23,1,1,1,60,2,1,1
13012,4.0,5.0,2.0,2.0,5.0,1.0,1.0,5.0,3.0,1.0,1.0,5.0,5.0,1.0,5.0,1.0,1.0,4.0,5.0,5.0,3,2,6,2,7,2,5,3,7,1,1,1,1,1,1,0,1,1,0,1,1,0,1,1,1,1,4,2,1,1,59,1,2,1,60,1,2,2
13013,5.0,4.0,2.0,3.0,5.0,3.0,2.0,4.0,3.0,4.0,1.0,4.0,4.0,2.0,3.0,4.0,2.0,4.0,5.0,3.0,4,2,4,1,5,7,5,6,7,4,1,1,0,1,1,0,0,0,0,1,0,0,1,1,1,1,0,3,1,2,24,1,1,1,10,2,1,2
13014,5.0,3.0,1.0,3.0,5.0,1.0,3.0,5.0,4.0,4.0,1.0,5.0,5.0,2.0,5.0,3.0,5.0,4.0,5.0,5.0,4,6,0,7,4,4,7,5,4,4,0,1,0,1,1,0,0,0,0,1,0,0,0,1,0,1,0,0,1,1,20,1,4,1,60,2,1,3
13015,2.0,2.0,4.0,2.0,4.0,2.0,1.0,5.0,3.0,4.0,3.0,1.0,2.0,2.0,4.0,1.0,2.0,3.0,5.0,1.0,6,4,5,3,7,1,7,1,4,2,1,1,0,1,1,0,0,0,0,1,0,0,1,1,1,1,4,2,2,1,23,3,2,1,60,1,1,1
13016,4.0,1.0,1.0,3.0,1.0,2.0,1.0,1.0,2.0,1.0,1.0,4.0,1.0,5.0,2.0,2.0,1.0,1.0,2.0,1.0,3,2,6,1,6,5,6,1,7,7,1,1,1,1,1,0,0,1,0,1,0,0,1,1,1,1,3,3,1,1,65,2,6,1,60,1,3,4
13017,2.0,3.0,4.0,3.0,4.0,4.0,2.0,2.0,5.0,3.0,2.0,3.0,4.0,3.0,4.0,5.0,3.0,4.0,5.0,2.0,1,2,4,5,5,6,6,5,5,1,1,1,0,1,1,0,0,0,0,1,0,0,0,1,1,1,4,3,2,2,25,1,8,1,10,1,1,2
13018,3.0,3.0,5.0,5.0,1.0,1.0,2.0,1.0,5.0,4.0,3.0,5.0,2.0,3.0,2.0,1.0,5.0,3.0,1.0,1.0,5,5,5,4,6,3,5,3,6,4,1,1,0,1,1,0,0,1,0,1,0,0,1,1,1,1,2,2,1,2,26,1,10,1,10,2,1,5
13019,2.0,4.0,1.0,2.0,4.0,1.0,1.0,4.0,2.0,2.0,2.0,5.0,4.0,1.0,5.0,2.0,2.0,5.0,4.0,2.0,2,6,5,4,5,6,2,2,5,2,1,1,0,1,1,0,0,0,0,1,0,0,1,1,1,1,3,2,1,1,26,1,2,1,60,2,1,2
13020,4.0,4.0,5.0,2.0,5.0,1.0,3.0,4.0,4.0,2.0,2.0,4.0,5.0,1.0,4.0,2.0,5.0,4.0,5.0,5.0,6,3,4,3,6,1,6,3,4,3,1,1,0,1,1,0,0,1,0,1,0,0,0,1,0,1,2,3,2,2,19,1,8,1,10,2,1,2
13021,3.0,3.0,4.0,4.0,4.0,4.0,4.0,4.0,4.0,4.0,2.0,4.0,1.0,2.0,3.0,4.0,3.0,3.0,4.0,2.0,4,2,5,4,6,4,6,3,5,2,1,1,0,1,1,0,0,1,0,1,0,0,1,1,1,1,4,3,1,2,42,3,9,2,60,2,1,4
13022,5.0,5.0,1.0,4.0,4.0,1.0,1.0,5.0,3.0,1.0,1.0,5.0,5.0,1.0,4.0,1.0,1.0,5.0,1.0,5.0,7,4,7,2,7,2,6,1,6,1,1,1,1,1,1,1,1,1,1,1,1,1,1,1,1,1,0,2,1,1,33,1,0,0,0,2,1,0
13023,5.0,5.0,2.0,1.0,5.0,1.0,4.0,5.0,5.0,5.0,1.0,5.0,5.0,1.0,4.0,1.0,1.0,4.0,1.0,2.0,1,1,6,7,5,7,6,2,2,4,1,1,0,1,1,0,0,0,0,1,0,0,0,1,1,1,3,2,1,2,20,1,8,1,10,2,1,1
13024,5.0,1.0,2.0,4.0,4.0,2.0,2.0,5.0,5.0,1.0,3.0,4.0,4.0,1.0,5.0,3.0,1.0,5.0,5.0,2.0,6,7,7,2,7,1,3,4,4,1,1,1,0,1,1,1,0,1,0,1,0,0,1,1,1,1,4,3,1,2,21,1,2,1,60,2,1,3
13025,5.0,5.0,3.0,3.0,4.0,1.0,4.0,5.0,3.0,4.0,3.0,5.0,4.0,2.0,4.0,4.0,5.0,2.0,4.0,5.0,6,7,6,5,6,7,7,5,6,3,1,1,0,1,1,1,0,0,0,1,0,0,1,0,1,1,3,2,1,2,23,1,10,5,20,2,1,3
13026,4.0,5.0,2.0,4.0,2.0,2.0,1.0,2.0,4.0,3.0,1.0,4.0,4.0,2.0,3.0,2.0,1.0,5.0,3.0,2.0,2,5,3,5,6,6,6,7,3,3,1,1,1,1,1,0,0,0,0,1,0,0,1,1,1,1,2,2,1,1,22,1,1,2,70,1,1,1
13027,5.0,5.0,5.0,1.0,5.0,1.0,1.0,5.0,5.0,1.0,1.0,5.0,2.0,1.0,5.0,1.0,1.0,5.0,4.0,1.0,4,5,2,7,7,4,1,5,1,3,1,1,0,1,1,0,0,1,0,1,0,0,1,1,1,1,3,2,2,1,33,2,1,1,60,2,2,4
13028,1.0,2.0,1.0,3.0,3.0,1.0,1.0,5.0,1.0,1.0,1.0,5.0,4.0,1.0,4.0,5.0,5.0,5.0,1.0,1.0,7,6,4,2,6,1,5,6,3,1,1,1,0,1,1,0,0,0,0,1,0,0,0,1,1,1,3,2,1,2,41,1,6,2,30,1,1,3
13029,4.0,5.0,2.0,1.0,2.0,1.0,2.0,5.0,2.0,2.0,1.0,5.0,4.0,1.0,1.0,2.0,1.0,5.0,5.0,5.0,6,6,7,6,7,3,2,2,2,2,1,1,0,1,1,0,0,0,0,1,0,1,1,1,1,1,4,3,1,2,39,1,1,1,60,2,2,2
13030,4.0,4.0,3.0,4.0,1.0,2.0,2.0,2.0,4.0,1.0,1.0,4.0,1.0,4.0,2.0,3.0,4.0,4.0,5.0,3.0,1,3,6,2,7,7,3,5,7,5,1,1,1,1,1,0,1,1,0,1,1,0,1,1,1,1,3,3,1,1,59,1,2,1,60,1,2,4
13031,5.0,4.0,4.0,4.0,5.0,5.0,4.0,4.0,4.0,4.0,4.0,1.0,2.0,4.0,3.0,2.0,4.0,5.0,3.0,5.0,6,6,6,5,7,4,7,4,3,3,1,1,0,1,1,0,0,0,0,1,0,0,1,1,0,1,3,3,2,2,45,1,4,1,70,1,2,3
13032,5.0,5.0,1.0,1.0,5.0,1.0,1.0,4.0,2.0,1.0,1.0,5.0,4.0,2.0,5.0,1.0,2.0,5.0,5.0,5.0,5,7,6,5,7,6,2,4,3,1,1,1,1,1,1,0,0,1,0,1,1,0,1,1,1,1,2,3,1,2,14,1,1,1,60,2,1,2
13033,1.0,1.0,1.0,2.0,1.0,1.0,1.0,2.0,3.0,2.0,1.0,1.0,5.0,1.0,4.0,1.0,1.0,3.0,5.0,4.0,1,1,2,7,6,6,4,7,1,1,1,1,1,1,1,0,1,1,0,1,1,0,1,1,1,1,4,2,1,1,64,1,2,1,70,1,2,2
13034,1.0,5.0,5.0,3.0,5.0,5.0,5.0,5.0,5.0,5.0,1.0,5.0,1.0,1.0,3.0,1.0,5.0,5.0,1.0,5.0,3,6,7,6,6,7,7,5,3,6,0,0,0,0,0,0,0,0,0,0,0,0,0,0,0,1,1,2,1,2,13,1,8,0,10,2,1,0
13035,4.0,4.0,2.0,2.0,4.0,2.0,1.0,5.0,2.0,1.0,1.0,5.0,4.0,1.0,4.0,2.0,2.0,4.0,5.0,4.0,5,5,6,2,7,5,6,2,5,6,1,1,0,1,1,0,0,1,0,1,0,0,1,1,1,1,3,3,2,1,24,1,6,1,60,1,1,2
13036,4.0,2.0,3.0,3.0,2.0,4.0,2.0,1.0,5.0,2.0,2.0,4.0,1.0,2.0,3.0,5.0,4.0,3.0,5.0,1.0,2,2,6,5,7,4,7,4,2,1,1,1,1,1,1,0,1,0,0,1,0,0,1,1,1,1,3,3,2,1,33,1,2,2,60,1,1,3
13037,4.0,4.0,2.0,3.0,4.0,2.0,3.0,5.0,5.0,3.0,2.0,2.0,3.0,2.0,3.0,5.0,3.0,4.0,4.0,4.0,7,3,7,5,5,2,6,2,6,2,1,1,0,1,1,0,0,0,0,1,0,0,1,1,1,1,4,2,2,1,26,1,7,1,30,1,2,2
13038,5.0,4.0,1.0,1.0,5.0,1.0,2.0,4.0,3.0,2.0,1.0,5.0,5.0,2.0,4.0,1.0,2.0,5.0,5.0,4.0,6,4,4,2,6,1,5,5,3,1,1,1,1,1,1,0,0,0,0,1,0,0,1,1,1,1,3,1,2,1,38,1,1,1,60,2,1,4
13039,2.0,3.0,4.0,3.0,2.0,2.0,1.0,1.0,4.0,3.0,1.0,1.0,2.0,2.0,4.0,5.0,4.0,3.0,4.0,1.0,2,5,5,6,4,6,4,1,4,5,1,1,0,1,1,0,0,0,0,1,0,0,1,1,1,1,2,2,2,1,22,1,1,1,60,1,1,2
13040,2.0,4.0,5.0,2.0,4.0,1.0,1.0,4.0,3.0,4.0,1.0,2.0,4.0,2.0,5.0,4.0,2.0,3.0,5.0,4.0,1,2,6,5,6,5,7,5,7,4,1,1,0,1,1,0,0,0,0,1,0,0,0,1,1,1,2,2,1,1,16,1,4,1,70,2,1,1
13041,3.0,1.0,4.0,5.0,2.0,5.0,3.0,1.0,5.0,2.0,3.0,2.0,1.0,4.0,3.0,5.0,4.0,5.0,5.0,1.0,7,5,2,5,7,1,4,2,2,1,1,1,1,1,1,0,0,1,0,1,1,0,0,0,1,1,3,2,2,2,50,1,9,2,60,2,3,2
13042,1.0,4.0,1.0,5.0,3.0,1.0,1.0,4.0,5.0,5.0,2.0,2.0,4.0,3.0,3.0,2.0,2.0,2.0,5.0,1.0,5,5,7,1,5,3,6,1,5,3,1,1,1,1,1,0,0,1,0,1,0,1,1,1,1,1,4,1,2,1,45,1,7,1,60,2,2,2
13043,1.0,2.0,2.0,3.0,2.0,4.0,2.0,2.0,5.0,5.0,3.0,4.0,2.0,3.0,2.0,4.0,2.0,3.0,4.0,2.0,5,3,6,3,4,5,5,3,6,5,1,1,1,1,1,0,0,1,0,1,0,1,1,1,1,1,3,1,2,1,21,1,7,1,60,1,1,1
13044,4.0,4.0,4.0,4.0,4.0,1.0,1.0,4.0,3.0,1.0,1.0,3.0,5.0,2.0,2.0,1.0,2.0,5.0,2.0,4.0,3,2,4,5,6,7,5,6,3,5,1,1,1,1,1,0,0,0,0,1,0,1,1,1,1,1,3,1,1,1,43,0,1,3,60,1,1,2
13045,5.0,5.0,2.0,2.0,4.0,1.0,3.0,4.0,1.0,1.0,1.0,5.0,5.0,3.0,5.0,2.0,1.0,4.0,5.0,5.0,6,5,6,4,7,5,3,3,4,3,1,1,0,1,1,0,0,1,0,1,0,0,1,1,1,1,2,2,2,2,19,1,2,1,10,2,1,4
13046,5.0,4.0,4.0,1.0,5.0,1.0,1.0,4.0,3.0,3.0,1.0,5.0,5.0,1.0,5.0,1.0,1.0,4.0,5.0,3.0,6,6,4,4,6,2,4,6,2,1,1,1,1,1,1,0,1,1,0,1,1,0,1,1,1,1,4,2,1,2,31,1,12,1,60,1,3,4
13047,5.0,4.0,3.0,1.0,4.0,5.0,2.0,4.0,5.0,2.0,2.0,5.0,4.0,4.0,5.0,3.0,2.0,4.0,5.0,3.0,5,6,7,7,6,6,7,4,5,3,1,1,1,1,1,0,1,0,0,1,0,0,1,1,1,1,3,3,1,2,45,1,4,3,60,1,2,7
13048,2.0,1.0,2.0,4.0,4.0,4.0,2.0,1.0,5.0,1.0,4.0,5.0,4.0,1.0,2.0,5.0,5.0,1.0,5.0,4.0,1,5,7,1,7,7,5,1,7,5,1,1,1,1,1,0,0,1,0,1,1,0,1,1,1,1,3,3,1,1,30,1,4,1,10,1,2,2
13049,5.0,5.0,1.0,5.0,5.0,1.0,1.0,5.0,2.0,5.0,1.0,5.0,5.0,2.0,5.0,1.0,1.0,5.0,5.0,3.0,3,5,6,3,5,7,4,4,6,4,1,1,0,1,1,0,0,0,0,1,0,0,1,1,1,1,3,3,2,1,35,1,12,1,60,1,1,2
13050,1.0,4.0,1.0,2.0,4.0,1.0,1.0,1.0,5.0,3.0,1.0,5.0,4.0,1.0,4.0,1.0,1.0,4.0,5.0,1.0,1,4,3,2,7,2,7,5,6,2,1,1,1,1,1,0,1,1,0,1,1,1,1,1,1,1,3,0,1,1,39,1,2,1,60,1,1,2
13051,4.0,4.0,2.0,2.0,4.0,4.0,2.0,4.0,4.0,2.0,1.0,5.0,2.0,1.0,4.0,4.0,4.0,5.0,5.0,4.0,3,5,6,5,6,6,2,2,2,1,1,1,0,1,1,0,0,0,0,0,0,0,0,1,1,1,3,2,1,1,22,1,12,1,70,2,1,1
13052,4.0,3.0,3.0,2.0,2.0,5.0,4.0,4.0,5.0,2.0,1.0,5.0,4.0,2.0,4.0,3.0,5.0,3.0,5.0,4.0,6,0,0,0,0,0,0,0,0,0,1,1,1,1,1,0,1,0,0,1,0,0,1,1,1,1,3,2,1,1,61,1,1,1,40,1,2,3
13053,4.0,1.0,1.0,1.0,2.0,1.0,1.0,2.0,1.0,5.0,4.0,4.0,5.0,1.0,5.0,2.0,4.0,5.0,4.0,5.0,7,7,7,1,7,1,4,1,7,1,1,1,1,1,1,1,1,0,1,1,0,1,1,1,1,1,3,2,1,2,34,1,2,1,60,2,1,1
13054,5.0,5.0,1.0,1.0,5.0,1.0,1.0,5.0,1.0,1.0,1.0,5.0,5.0,1.0,5.0,1.0,1.0,5.0,5.0,5.0,5,3,6,1,5,5,6,1,7,2,1,1,1,1,1,1,1,1,1,1,0,1,1,1,1,1,3,2,1,1,21,1,4,2,60,1,1,3
13055,5.0,5.0,1.0,3.0,2.0,3.0,1.0,5.0,2.0,1.0,1.0,5.0,2.0,2.0,5.0,2.0,3.0,5.0,5.0,5.0,2,2,6,3,5,6,6,2,6,6,1,1,0,1,1,0,1,1,0,1,0,0,1,1,1,1,4,1,1,2,34,1,8,1,10,2,2,2
13056,5.0,5.0,1.0,1.0,4.0,1.0,1.0,4.0,1.0,1.0,1.0,5.0,5.0,1.0,5.0,1.0,5.0,5.0,5.0,5.0,7,7,6,2,7,5,6,2,7,2,1,1,1,1,1,1,0,0,1,1,0,1,1,1,1,1,2,3,1,1,18,1,2,1,30,1,1,4
13057,3.0,5.0,5.0,4.0,5.0,5.0,4.0,2.0,5.0,4.0,2.0,4.0,1.0,1.0,3.0,5.0,2.0,4.0,5.0,1.0,2,5,6,3,6,5,4,3,6,2,1,1,0,1,1,0,0,0,0,1,0,0,1,1,1,1,2,2,1,1,72,1,6,1,60,1,3,3
13058,4.0,4.0,2.0,2.0,4.0,1.0,1.0,4.0,4.0,2.0,1.0,4.0,3.0,2.0,5.0,4.0,2.0,4.0,5.0,1.0,4,6,5,6,6,4,4,5,3,1,1,1,0,1,1,0,0,0,0,1,1,0,1,1,1,1,4,2,2,1,32,2,1,0,60,1,1,2
13059,2.0,1.0,1.0,1.0,4.0,1.0,1.0,4.0,5.0,5.0,1.0,5.0,3.0,1.0,4.0,1.0,1.0,4.0,5.0,1.0,1,7,7,1,6,6,6,1,7,5,1,1,0,1,1,0,0,0,0,1,0,0,1,1,1,1,2,2,1,2,18,1,7,1,60,1,1,2
13060,5.0,2.0,5.0,3.0,3.0,4.0,2.0,2.0,4.0,3.0,2.0,3.0,2.0,3.0,4.0,3.0,2.0,4.0,2.0,1.0,0,1,5,3,6,5,3,3,5,2,1,0,0,1,0,0,0,0,0,1,0,0,0,0,1,1,1,3,2,2,15,1,10,1,10,2,1,2
13061,1.0,1.0,5.0,3.0,1.0,4.0,4.0,1.0,5.0,4.0,3.0,2.0,1.0,3.0,3.0,5.0,4.0,1.0,5.0,1.0,5,4,6,5,7,5,5,2,4,1,1,1,1,1,1,0,1,1,0,1,1,1,1,1,1,1,4,2,2,1,34,1,1,1,60,1,2,2
13062,4.0,5.0,3.0,2.0,3.0,2.0,1.0,5.0,2.0,3.0,1.0,5.0,5.0,2.0,4.0,3.0,1.0,5.0,5.0,2.0,6,7,2,5,5,5,4,5,3,1,1,1,0,1,1,0,1,0,1,1,1,1,1,1,1,1,1,1,1,1,16,1,2,1,60,2,1,3
13063,1.0,2.0,4.0,4.0,1.0,3.0,2.0,2.0,4.0,5.0,2.0,1.0,1.0,4.0,3.0,2.0,1.0,1.0,5.0,1.0,2,1,3,5,5,5,6,5,3,4,0,1,0,1,1,0,0,0,0,1,0,0,1,1,0,1,3,2,2,1,21,1,7,2,60,1,1,3
13064,2.0,1.0,4.0,3.0,1.0,4.0,4.0,2.0,5.0,4.0,3.0,2.0,1.0,4.0,2.0,4.0,5.0,2.0,3.0,1.0,3,5,5,1,7,6,5,1,6,4,1,1,0,1,1,0,0,1,1,1,0,0,1,1,1,1,3,1,2,1,22,1,2,1,60,1,1,4
13065,5.0,4.0,1.0,3.0,3.0,1.0,1.0,4.0,4.0,5.0,1.0,5.0,4.0,3.0,4.0,3.0,1.0,4.0,5.0,2.0,6,2,6,1,4,1,7,4,7,4,0,1,0,1,1,0,0,1,0,1,0,0,0,1,1,1,3,3,1,2,25,1,3,1,60,1,1,1
13066,1.0,3.0,4.0,3.0,3.0,4.0,2.0,1.0,5.0,1.0,1.0,1.0,1.0,4.0,2.0,4.0,3.0,2.0,1.0,1.0,6,3,4,1,3,1,3,4,1,1,1,1,0,1,1,0,0,0,0,1,1,1,0,1,1,1,1,1,2,1,16,1,4,1,60,2,1,3
13067,4.0,3.0,2.0,1.0,4.0,1.0,3.0,5.0,1.0,2.0,2.0,5.0,3.0,1.0,4.0,1.0,3.0,4.0,5.0,2.0,4,4,4,4,5,4,5,4,4,3,1,1,0,1,1,1,0,1,0,1,1,1,1,1,1,1,4,2,3,2,26,2,1,3,60,2,1,1
13068,2.0,3.0,2.0,2.0,4.0,2.0,2.0,4.0,3.0,3.0,2.0,4.0,4.0,3.0,1.0,1.0,2.0,2.0,5.0,2.0,6,6,7,2,6,2,5,3,4,3,1,1,0,1,1,0,1,0,0,1,1,1,1,1,1,1,4,2,2,1,50,1,2,1,60,1,1,2
13069,4.0,4.0,3.0,2.0,5.0,2.0,2.0,5.0,3.0,3.0,2.0,5.0,5.0,2.0,3.0,3.0,2.0,5.0,5.0,4.0,2,3,5,1,5,7,4,3,7,2,1,1,0,1,1,0,0,0,0,1,0,0,1,1,1,1,2,2,1,1,20,1,2,1,10,2,1,2
13070,5.0,4.0,4.0,3.0,4.0,1.0,2.0,2.0,5.0,2.0,2.0,4.0,4.0,3.0,4.0,1.0,1.0,2.0,5.0,2.0,5,5,5,3,4,2,5,3,5,5,1,1,0,1,1,0,0,1,0,1,0,0,1,1,1,1,3,3,1,1,23,1,1,1,70,2,1,2
13071,3.0,1.0,4.0,2.0,4.0,4.0,3.0,4.0,5.0,5.0,3.0,5.0,1.0,1.0,3.0,5.0,1.0,3.0,4.0,4.0,4,5,7,2,6,7,4,1,4,1,1,1,0,1,1,0,1,1,0,1,1,0,0,1,1,1,4,1,1,2,39,1,6,1,70,2,1,3
13072,1.0,3.0,4.0,4.0,4.0,4.0,2.0,1.0,5.0,4.0,1.0,1.0,2.0,4.0,3.0,1.0,5.0,4.0,5.0,2.0,1,1,1,6,7,7,7,6,5,1,1,1,1,1,1,0,0,0,0,1,0,1,1,1,1,1,2,2,2,1,20,1,7,1,60,1,1,2
13073,5.0,3.0,2.0,4.0,3.0,4.0,2.0,2.0,5.0,5.0,1.0,2.0,1.0,2.0,1.0,1.0,2.0,4.0,1.0,1.0,6,1,7,2,7,5,5,2,7,2,1,1,1,1,1,0,0,1,0,1,0,0,1,1,1,1,4,2,1,1,65,1,4,1,60,1,2,4
13074,1.0,2.0,4.0,4.0,5.0,4.0,4.0,2.0,5.0,5.0,1.0,4.0,1.0,1.0,1.0,2.0,5.0,4.0,1.0,3.0,1,3,5,5,6,7,6,3,5,3,1,1,1,1,1,0,0,1,0,1,0,0,1,1,1,1,3,3,1,1,50,2,7,1,60,1,2,3
13075,4.0,4.0,2.0,2.0,2.0,2.0,2.0,4.0,3.0,2.0,1.0,4.0,4.0,2.0,4.0,2.0,1.0,4.0,4.0,2.0,2,5,3,4,5,6,3,5,5,3,1,1,1,1,1,0,0,0,0,1,0,0,1,1,1,1,3,1,1,1,49,1,7,1,50,1,3,4
13076,2.0,2.0,3.0,4.0,5.0,4.0,1.0,2.0,5.0,4.0,4.0,5.0,4.0,1.0,2.0,4.0,2.0,2.0,1.0,1.0,3,5,5,5,5,6,5,3,5,5,1,1,1,1,1,0,0,0,0,1,0,0,1,1,1,1,3,1,2,1,39,1,4,2,60,2,2,2
13077,1.0,1.0,2.0,4.0,3.0,1.0,1.0,1.0,3.0,4.0,1.0,1.0,1.0,1.0,1.0,2.0,1.0,1.0,4.0,1.0,7,5,7,1,7,6,7,2,7,1,1,1,1,1,1,0,1,0,0,1,0,1,1,1,1,1,0,3,2,2,55,1,2,1,70,1,2,6
13078,2.0,2.0,4.0,4.0,2.0,5.0,2.0,3.0,5.0,3.0,2.0,2.0,2.0,4.0,2.0,4.0,2.0,2.0,1.0,1.0,7,3,7,5,5,4,7,3,3,3,1,1,0,1,1,0,0,0,0,1,0,0,0,0,1,1,3,0,1,1,33,2,7,1,60,1,2,3
13079,1.0,1.0,5.0,3.0,2.0,3.0,2.0,1.0,5.0,5.0,1.0,1.0,1.0,1.0,1.0,2.0,3.0,1.0,1.0,1.0,1,6,6,1,1,2,1,6,7,5,1,1,0,1,0,0,0,0,0,1,0,0,0,1,1,1,3,3,1,1,49,1,6,1,30,1,2,4
13080,2.0,1.0,2.0,2.0,5.0,2.0,4.0,3.0,5.0,4.0,2.0,5.0,4.0,3.0,1.0,4.0,4.0,2.0,5.0,4.0,3,3,7,4,5,6,4,1,2,1,1,1,0,1,1,0,0,0,0,1,0,0,1,0,1,1,3,1,2,1,21,1,9,1,60,1,1,2
13081,5.0,5.0,3.0,1.0,5.0,2.0,2.0,5.0,2.0,2.0,1.0,5.0,5.0,1.0,4.0,1.0,1.0,5.0,5.0,4.0,7,7,3,5,7,2,7,7,1,6,1,1,0,1,1,0,0,0,0,1,0,0,0,1,1,1,2,2,2,1,17,1,12,1,10,2,1,2
13082,3.0,4.0,2.0,2.0,5.0,2.0,4.0,5.0,4.0,3.0,4.0,5.0,2.0,2.0,5.0,1.0,1.0,1.0,4.0,3.0,7,5,7,3,6,4,5,2,5,3,1,1,0,1,1,0,0,1,0,1,0,0,1,1,1,1,3,2,2,1,21,2,1,1,70,1,1,3
13083,2.0,4.0,2.0,3.0,3.0,1.0,1.0,3.0,3.0,2.0,2.0,5.0,4.0,4.0,4.0,4.0,1.0,4.0,5.0,2.0,2,5,7,1,7,6,4,1,5,1,0,1,1,1,1,0,1,1,0,1,0,0,1,1,1,1,4,3,1,2,50,1,1,1,70,1,2,2
13084,2.0,4.0,4.0,2.0,5.0,2.0,2.0,4.0,4.0,1.0,2.0,4.0,2.0,2.0,5.0,2.0,4.0,4.0,5.0,1.0,7,1,6,5,6,2,7,5,4,1,1,1,1,1,1,0,1,0,0,1,1,0,1,1,1,1,4,2,2,1,43,1,8,1,10,1,2,2
13085,1.0,5.0,2.0,1.0,4.0,3.0,3.0,5.0,4.0,1.0,2.0,5.0,5.0,1.0,5.0,3.0,1.0,4.0,4.0,4.0,5,3,6,3,6,3,3,1,6,5,1,1,0,1,1,0,0,0,0,1,0,0,1,1,1,1,3,2,1,1,25,1,4,1,60,1,1,2
13086,1.0,1.0,5.0,2.0,1.0,4.0,4.0,4.0,5.0,4.0,3.0,2.0,3.0,1.0,4.0,2.0,2.0,5.0,4.0,1.0,3,3,5,3,4,6,6,6,6,3,1,1,0,1,1,0,0,0,0,1,0,0,1,1,1,1,3,2,2,1,53,1,1,1,60,1,2,2
13087,5.0,4.0,1.0,1.0,4.0,1.0,1.0,5.0,3.0,1.0,1.0,5.0,5.0,1.0,4.0,1.0,1.0,5.0,5.0,5.0,1,6,6,1,5,7,1,5,7,1,1,1,1,1,1,0,0,0,0,1,0,1,1,1,1,1,2,2,1,1,24,2,12,1,60,2,1,1
13088,5.0,4.0,1.0,1.0,5.0,1.0,1.0,5.0,3.0,1.0,1.0,5.0,5.0,1.0,5.0,1.0,1.0,5.0,5.0,5.0,2,5,7,1,4,6,1,2,7,6,0,1,0,1,1,0,0,0,0,1,0,0,1,1,1,1,2,2,1,1,20,2,1,1,10,1,1,1
13089,2.0,1.0,4.0,3.0,4.0,5.0,3.0,2.0,5.0,4.0,2.0,4.0,2.0,3.0,3.0,4.0,2.0,2.0,3.0,3.0,5,5,6,4,4,5,6,5,4,3,1,1,0,1,1,0,0,0,0,1,0,0,0,1,1,1,3,3,2,1,31,1,6,1,60,1,2,2
13090,2.0,1.0,5.0,3.0,1.0,5.0,5.0,3.0,3.0,5.0,2.0,1.0,1.0,2.0,1.0,5.0,3.0,1.0,5.0,1.0,6,7,6,7,6,2,4,3,2,3,1,1,1,1,1,0,0,1,0,1,0,0,0,1,1,1,4,3,2,2,28,1,7,1,60,2,1,2
13091,2.0,4.0,2.0,4.0,2.0,3.0,2.0,2.0,3.0,4.0,3.0,2.0,2.0,1.0,2.0,2.0,2.0,4.0,4.0,3.0,2,4,5,2,4,6,2,3,5,4,1,1,0,1,0,0,0,0,0,1,0,0,1,0,1,1,3,1,1,2,33,1,1,1,60,1,1,2
13092,2.0,3.0,2.0,2.0,3.0,2.0,2.0,5.0,3.0,4.0,1.0,5.0,2.0,1.0,3.0,2.0,2.0,5.0,5.0,5.0,2,6,5,2,6,5,5,6,6,2,1,1,1,1,1,0,0,1,0,1,0,0,1,1,1,1,1,3,1,2,18,1,2,1,60,2,1,2
13093,5.0,4.0,1.0,1.0,4.0,1.0,1.0,5.0,1.0,2.0,1.0,5.0,4.0,1.0,4.0,2.0,2.0,5.0,5.0,2.0,5,7,3,2,2,1,5,2,5,1,1,1,1,1,1,1,1,1,0,1,0,0,1,1,1,1,2,2,2,1,20,1,4,1,70,1,1,3
13094,1.0,3.0,4.0,3.0,4.0,5.0,3.0,4.0,5.0,4.0,2.0,4.0,4.0,4.0,1.0,4.0,2.0,1.0,5.0,2.0,6,2,7,3,7,1,5,5,7,3,1,1,0,1,1,0,1,0,0,1,0,0,1,1,1,1,4,3,1,2,33,1,10,1,10,2,2,7
13095,2.0,1.0,2.0,1.0,2.0,5.0,2.0,2.0,5.0,5.0,1.0,1.0,1.0,1.0,4.0,2.0,4.0,1.0,4.0,1.0,7,5,1,2,6,3,6,7,5,3,1,0,0,1,1,0,0,0,0,1,0,0,0,0,1,1,2,3,2,2,21,1,7,1,10,2,1,3
13096,4.0,4.0,1.0,1.0,5.0,1.0,1.0,5.0,2.0,1.0,1.0,5.0,4.0,1.0,4.0,1.0,1.0,5.0,5.0,4.0,1,1,6,5,7,7,7,7,5,1,1,1,1,1,1,0,1,1,0,1,0,0,1,1,1,1,4,2,1,1,53,1,4,1,60,2,1,4
13097,5.0,5.0,2.0,2.0,5.0,1.0,3.0,5.0,3.0,2.0,2.0,5.0,5.0,1.0,4.0,1.0,2.0,4.0,5.0,4.0,4,2,5,5,6,3,5,1,5,1,1,1,0,1,1,0,0,0,0,1,0,0,1,1,1,1,4,3,2,2,28,2,10,1,70,2,1,4
13098,5.0,5.0,1.0,1.0,5.0,2.0,1.0,5.0,4.0,5.0,1.0,5.0,3.0,2.0,5.0,4.0,5.0,1.0,5.0,5.0,1,3,7,5,6,6,3,6,7,2,1,1,0,1,1,0,0,0,0,1,0,0,1,0,1,1,2,3,2,2,20,1,4,4,70,2,1,1
13099,5.0,5.0,4.0,1.0,5.0,1.0,1.0,4.0,5.0,1.0,1.0,4.0,4.0,1.0,5.0,1.0,1.0,5.0,5.0,1.0,2,5,5,7,6,7,6,3,2,2,1,1,1,1,1,0,1,1,0,1,1,0,1,1,1,1,3,3,1,2,27,2,2,2,60,1,1,2
13100,4.0,3.0,2.0,2.0,5.0,2.0,1.0,2.0,2.0,3.0,3.0,4.0,5.0,2.0,4.0,2.0,1.0,5.0,2.0,4.0,2,6,6,1,6,5,2,1,7,2,1,1,0,1,1,0,0,1,0,1,0,0,0,1,1,1,3,1,2,2,23,1,2,1,60,1,1,1
13101,3.0,5.0,4.0,2.0,2.0,2.0,2.0,2.0,4.0,2.0,4.0,5.0,1.0,2.0,4.0,3.0,3.0,3.0,4.0,1.0,5,3,7,5,3,3,5,6,4,5,0,0,1,1,1,0,0,0,0,0,0,0,0,1,0,1,3,3,2,1,21,1,2,2,60,1,1,2
13102,5.0,4.0,2.0,4.0,5.0,2.0,1.0,1.0,2.0,4.0,1.0,5.0,4.0,1.0,4.0,1.0,1.0,5.0,5.0,2.0,6,5,7,1,7,2,6,2,7,1,1,1,1,1,1,0,1,1,0,1,0,0,1,1,1,1,4,2,1,1,59,1,1,1,60,2,3,4
13103,2.0,4.0,1.0,2.0,5.0,2.0,2.0,1.0,1.0,2.0,1.0,5.0,2.0,1.0,4.0,1.0,1.0,5.0,5.0,4.0,2,7,5,1,7,7,3,6,7,1,1,1,1,1,1,0,0,1,0,1,0,0,1,1,1,1,3,2,1,2,20,1,2,1,20,2,1,2
13104,5.0,4.0,4.0,2.0,2.0,3.0,1.0,1.0,1.0,2.0,1.0,3.0,5.0,1.0,2.0,1.0,1.0,5.0,5.0,4.0,7,7,7,5,7,5,0,1,6,3,1,1,0,1,0,0,0,1,0,1,0,0,1,1,1,1,1,3,1,1,15,1,6,1,60,2,1,2
13105,5.0,4.0,1.0,5.0,5.0,2.0,2.0,5.0,5.0,1.0,1.0,5.0,4.0,3.0,4.0,4.0,1.0,2.0,4.0,4.0,1,7,5,1,7,6,5,3,7,2,1,1,0,1,1,0,0,1,0,1,0,0,1,1,1,1,4,1,1,1,27,1,1,1,60,1,1,3
13106,5.0,5.0,2.0,2.0,5.0,2.0,1.0,3.0,1.0,3.0,1.0,5.0,3.0,3.0,5.0,4.0,4.0,4.0,4.0,2.0,7,6,6,5,6,1,3,3,4,3,1,1,0,1,1,0,0,0,0,1,0,0,1,1,1,1,4,2,1,2,18,1,1,1,60,1,1,0
13107,1.0,1.0,5.0,5.0,1.0,5.0,4.0,1.0,5.0,5.0,5.0,2.0,1.0,4.0,2.0,5.0,3.0,4.0,5.0,1.0,6,5,7,2,6,2,4,1,6,2,1,1,0,1,1,0,0,0,0,1,1,0,0,0,1,1,3,2,2,2,65,1,2,1,60,1,2,3
13108,2.0,5.0,2.0,3.0,5.0,2.0,3.0,3.0,3.0,3.0,1.0,4.0,1.0,1.0,5.0,3.0,5.0,5.0,5.0,1.0,3,6,5,5,7,7,4,4,3,1,1,1,0,1,1,0,1,1,0,1,0,1,0,1,1,1,4,3,2,2,21,3,8,2,10,2,1,2
13109,2.0,4.0,4.0,2.0,3.0,2.0,1.0,1.0,4.0,3.0,2.0,1.0,3.0,1.0,2.0,3.0,2.0,4.0,4.0,2.0,6,2,1,4,6,5,5,5,4,2,1,1,1,1,1,0,1,1,1,1,1,0,1,1,1,1,4,3,2,2,29,1,2,0,60,1,1,3
13110,5.0,4.0,3.0,1.0,5.0,2.0,1.0,5.0,2.0,1.0,1.0,4.0,2.0,1.0,5.0,2.0,5.0,5.0,5.0,3.0,4,7,5,2,7,5,4,1,4,1,1,0,0,1,1,0,0,0,0,1,0,0,1,1,1,1,2,3,2,2,17,1,1,2,60,2,1,2
13111,1.0,2.0,1.0,5.0,4.0,2.0,1.0,5.0,2.0,2.0,2.0,2.0,4.0,1.0,4.0,3.0,1.0,5.0,5.0,1.0,1,2,5,6,7,6,5,3,4,2,1,1,0,1,1,0,0,0,0,1,0,0,1,1,1,1,4,3,1,1,25,1,4,1,30,2,1,1
13112,5.0,5.0,1.0,2.0,4.0,1.0,1.0,5.0,1.0,2.0,1.0,5.0,4.0,2.0,4.0,1.0,1.0,5.0,4.0,5.0,4,6,6,7,2,4,2,1,1,2,1,1,0,1,1,0,1,0,0,1,1,0,1,1,1,1,3,3,1,2,30,1,8,1,70,2,1,1
13113,1.0,2.0,3.0,2.0,1.0,4.0,4.0,1.0,5.0,5.0,1.0,1.0,1.0,2.0,4.0,2.0,3.0,1.0,4.0,1.0,5,2,6,7,6,6,7,1,3,3,1,1,0,1,1,0,0,0,0,1,0,1,1,1,1,1,3,1,2,1,22,1,1,3,60,2,1,1
13114,1.0,2.0,4.0,4.0,4.0,5.0,5.0,1.0,5.0,5.0,1.0,4.0,2.0,2.0,2.0,2.0,2.0,1.0,4.0,4.0,6,2,7,2,6,5,6,3,6,2,1,1,1,1,1,0,1,0,0,1,1,0,1,1,1,1,4,1,2,1,58,1,6,1,60,1,2,3
13115,5.0,5.0,2.0,1.0,5.0,1.0,1.0,5.0,2.0,1.0,1.0,5.0,5.0,2.0,5.0,5.0,3.0,5.0,3.0,3.0,3,6,2,2,3,6,3,6,6,2,1,1,0,1,1,0,0,0,0,1,0,0,1,1,1,1,2,2,1,2,24,1,10,1,70,2,1,5
13116,5.0,5.0,2.0,1.0,4.0,1.0,2.0,5.0,2.0,2.0,1.0,5.0,4.0,1.0,4.0,1.0,5.0,5.0,4.0,2.0,6,6,3,6,6,2,5,5,3,5,1,1,0,1,1,0,0,0,0,1,0,0,0,1,1,1,2,3,1,2,21,1,6,1,10,2,1,2
13117,4.0,1.0,2.0,2.0,2.0,2.0,1.0,2.0,2.0,5.0,1.0,2.0,4.0,4.0,4.0,4.0,3.0,1.0,5.0,3.0,6,3,4,5,5,1,4,5,3,4,1,1,1,0,1,0,0,0,0,0,0,0,0,0,1,0,2,3,1,1,19,1,2,2,60,1,1,2
13118,2.0,1.0,4.0,4.0,3.0,5.0,5.0,1.0,5.0,5.0,2.0,1.0,1.0,4.0,5.0,5.0,2.0,2.0,5.0,1.0,6,5,7,2,7,5,3,1,7,2,1,1,0,1,1,0,0,1,0,1,0,0,0,1,1,1,3,3,2,1,22,1,1,1,60,2,1,3
13119,5.0,5.0,1.0,1.0,5.0,2.0,2.0,5.0,1.0,2.0,1.0,5.0,5.0,1.0,5.0,2.0,1.0,5.0,5.0,3.0,1,6,7,6,6,3,6,1,3,1,0,1,0,1,1,0,0,0,0,1,0,0,1,0,1,1,4,3,1,2,22,2,12,1,70,2,1,5
13120,4.0,4.0,2.0,2.0,3.0,1.0,1.0,4.0,4.0,2.0,2.0,4.0,4.0,1.0,2.0,2.0,2.0,2.0,5.0,3.0,3,5,6,5,5,6,4,3,3,2,1,1,0,1,1,0,0,0,0,1,0,0,0,1,1,1,3,2,1,1,25,1,2,1,60,2,1,3
13121,4.0,4.0,4.0,2.0,4.0,1.0,1.0,2.0,5.0,2.0,1.0,2.0,1.0,1.0,5.0,2.0,1.0,3.0,5.0,1.0,7,2,7,2,7,3,6,5,7,1,1,1,1,1,1,0,1,0,0,1,0,1,1,1,1,1,3,1,2,1,27,1,2,1,60,1,1,1
13122,5.0,5.0,1.0,2.0,5.0,1.0,1.0,5.0,1.0,1.0,1.0,5.0,5.0,1.0,5.0,1.0,1.0,5.0,5.0,5.0,1,6,6,2,7,7,1,2,7,1,1,1,0,1,1,1,0,1,0,0,0,0,1,1,1,1,2,2,1,1,21,1,6,1,60,1,1,1
13123,2.0,2.0,4.0,3.0,3.0,3.0,1.0,4.0,4.0,5.0,2.0,5.0,4.0,2.0,4.0,1.0,4.0,4.0,4.0,4.0,5,6,7,3,2,5,5,3,5,4,1,1,0,1,1,1,0,0,0,1,0,0,1,1,1,1,3,3,2,1,19,1,6,1,30,1,1,2
13124,5.0,5.0,1.0,1.0,4.0,1.0,1.0,4.0,5.0,5.0,1.0,5.0,5.0,1.0,4.0,1.0,1.0,5.0,5.0,1.0,7,6,6,5,6,3,1,3,5,2,1,1,0,1,1,0,0,0,0,0,0,1,1,1,1,1,3,1,1,1,39,1,1,1,60,1,2,5
13125,2.0,4.0,2.0,3.0,3.0,2.0,2.0,5.0,3.0,2.0,2.0,4.0,1.0,1.0,4.0,4.0,2.0,2.0,3.0,2.0,1,5,6,4,3,7,4,1,3,4,1,0,0,1,0,0,0,0,0,1,0,0,0,0,1,1,2,2,2,2,21,1,4,1,60,1,1,3
13126,5.0,5.0,4.0,2.0,4.0,2.0,2.0,5.0,3.0,4.0,1.0,4.0,3.0,1.0,3.0,2.0,3.0,2.0,4.0,3.0,3,5,5,1,6,7,2,3,7,5,1,1,0,0,1,0,0,0,0,1,0,0,1,1,1,1,3,2,2,1,25,2,4,1,60,1,1,3
13127,3.0,4.0,2.0,1.0,5.0,1.0,1.0,5.0,3.0,1.0,1.0,5.0,4.0,1.0,4.0,1.0,5.0,5.0,5.0,3.0,4,6,6,5,7,4,6,1,3,1,1,1,0,1,1,0,0,0,0,1,0,0,1,1,1,1,3,2,2,1,33,1,1,2,60,1,1,4
13128,1.0,4.0,4.0,3.0,1.0,4.0,2.0,2.0,5.0,2.0,1.0,4.0,2.0,2.0,2.0,1.0,5.0,2.0,5.0,1.0,1,6,6,2,2,7,6,2,7,2,1,1,0,1,1,0,0,0,0,1,1,0,1,1,1,1,2,2,2,1,18,1,2,1,70,1,1,2
13129,5.0,5.0,3.0,3.0,3.0,4.0,2.0,2.0,4.0,3.0,2.0,4.0,4.0,2.0,4.0,5.0,1.0,4.0,5.0,4.0,4,5,5,2,6,2,7,1,6,3,1,1,0,1,1,0,0,0,0,1,0,0,0,0,1,1,3,3,1,2,26,1,1,1,10,1,1,1
13130,1.0,4.0,1.0,3.0,2.0,1.0,2.0,1.0,5.0,3.0,2.0,3.0,4.0,3.0,3.0,1.0,3.0,2.0,5.0,3.0,6,6,4,6,6,2,6,5,5,3,1,1,0,1,1,0,0,0,0,1,0,0,0,1,1,1,3,2,2,1,50,1,1,1,60,2,3,1
13131,5.0,5.0,4.0,2.0,4.0,2.0,1.0,2.0,4.0,3.0,2.0,4.0,1.0,2.0,5.0,2.0,2.0,5.0,5.0,2.0,3,5,5,5,6,7,5,5,5,3,1,0,0,1,1,0,0,0,0,1,0,0,0,0,1,1,2,3,1,2,18,1,1,1,10,2,1,1
13132,3.0,5.0,2.0,2.0,3.0,1.0,1.0,5.0,3.0,3.0,2.0,3.0,5.0,2.0,5.0,1.0,5.0,5.0,5.0,2.0,5,4,3,2,6,4,5,6,6,2,1,1,0,1,1,0,0,0,0,1,0,0,1,1,1,1,1,2,1,1,16,1,4,1,60,0,1,1
13133,5.0,4.0,3.0,2.0,5.0,1.0,1.0,5.0,2.0,1.0,1.0,5.0,5.0,1.0,4.0,1.0,1.0,4.0,5.0,4.0,5,6,7,2,7,5,1,1,6,1,1,1,1,1,1,0,0,1,0,1,0,0,1,1,1,1,3,3,1,1,27,2,2,1,60,2,1,1
13134,1.0,1.0,4.0,4.0,1.0,4.0,2.0,1.0,5.0,5.0,1.0,1.0,1.0,3.0,1.0,5.0,3.0,2.0,4.0,1.0,2,3,3,3,5,6,6,5,3,4,1,1,0,1,1,0,0,1,0,1,1,0,1,1,1,1,2,3,1,2,22,1,1,1,60,2,1,3
13135,4.0,4.0,2.0,2.0,4.0,3.0,2.0,3.0,4.0,3.0,1.0,5.0,5.0,2.0,4.0,4.0,1.0,5.0,3.0,2.0,4,5,5,3,7,5,6,4,6,2,1,1,0,1,1,1,0,1,0,1,0,0,1,1,1,1,3,1,1,2,28,2,2,1,60,1,1,3
13136,4.0,5.0,2.0,5.0,4.0,2.0,2.0,1.0,3.0,2.0,1.0,5.0,4.0,1.0,2.0,5.0,5.0,4.0,1.0,3.0,3,7,1,4,7,5,7,7,5,1,1,1,1,1,1,0,0,0,0,1,1,1,1,1,1,1,3,2,1,2,26,1,12,2,60,1,1,2
13137,4.0,3.0,1.0,3.0,5.0,1.0,1.0,5.0,5.0,3.0,2.0,5.0,2.0,3.0,5.0,1.0,3.0,5.0,5.0,1.0,4,5,6,6,7,7,7,1,5,3,1,1,0,1,1,0,0,0,0,1,0,0,1,0,1,1,3,3,2,2,23,1,0,0,10,2,1,1
13138,5.0,5.0,1.0,2.0,4.0,2.0,1.0,4.0,4.0,1.0,2.0,5.0,5.0,1.0,4.0,1.0,1.0,3.0,5.0,5.0,6,6,6,6,3,6,5,7,2,1,1,1,0,1,1,0,0,0,0,1,0,0,1,1,1,1,4,3,1,2,25,1,2,1,70,2,2,2
13139,1.0,2.0,2.0,2.0,4.0,4.0,2.0,1.0,5.0,4.0,2.0,2.0,1.0,2.0,4.0,2.0,1.0,2.0,4.0,1.0,4,4,6,2,6,2,6,1,6,1,1,1,0,1,1,1,0,1,0,1,1,1,0,1,1,1,3,1,2,1,36,3,4,1,60,2,3,3
13140,5.0,4.0,4.0,4.0,5.0,4.0,3.0,5.0,4.0,2.0,1.0,5.0,4.0,1.0,2.0,4.0,1.0,5.0,5.0,1.0,6,6,7,1,7,5,6,6,2,1,1,1,1,1,1,0,1,1,0,1,0,0,1,1,1,1,3,1,2,2,33,1,1,2,60,1,1,3
13141,1.0,2.0,5.0,1.0,1.0,5.0,5.0,5.0,5.0,5.0,1.0,1.0,1.0,1.0,1.0,2.0,3.0,5.0,5.0,5.0,5,7,6,3,5,5,5,1,6,2,1,0,0,1,1,0,0,0,0,1,0,0,0,1,1,1,2,3,2,2,24,2,4,1,60,2,1,1
13142,2.0,2.0,4.0,1.0,4.0,5.0,4.0,5.0,5.0,4.0,2.0,5.0,4.0,1.0,3.0,2.0,1.0,4.0,4.0,3.0,5,6,7,4,7,3,6,3,3,1,1,1,1,1,1,0,0,0,0,1,1,1,1,1,1,1,3,2,2,1,19,1,1,1,10,2,1,2
13143,4.0,4.0,3.0,2.0,5.0,4.0,2.0,5.0,4.0,4.0,1.0,4.0,4.0,1.0,5.0,2.0,1.0,5.0,5.0,3.0,2,5,5,2,5,7,6,2,6,2,1,1,1,1,1,0,0,0,0,1,0,1,1,1,1,1,4,3,1,2,36,1,2,1,60,1,1,2
13144,1.0,1.0,5.0,1.0,1.0,5.0,5.0,4.0,5.0,5.0,2.0,4.0,3.0,1.0,3.0,5.0,1.0,2.0,5.0,1.0,7,7,5,5,7,3,4,3,6,3,1,1,0,1,0,0,0,0,0,0,0,0,1,0,1,1,1,3,1,1,16,1,4,1,60,2,1,1
13145,2.0,1.0,1.0,2.0,3.0,4.0,4.0,4.0,4.0,4.0,1.0,2.0,4.0,1.0,2.0,5.0,4.0,4.0,5.0,2.0,6,6,7,1,6,1,6,1,3,1,1,1,1,1,1,0,0,0,0,1,0,0,1,1,1,1,3,3,1,2,38,1,4,1,60,2,2,2
13146,2.0,4.0,2.0,2.0,5.0,2.0,1.0,4.0,4.0,4.0,2.0,5.0,4.0,3.0,5.0,1.0,1.0,4.0,5.0,1.0,6,1,7,5,5,3,7,5,3,2,1,1,0,0,1,0,0,0,0,1,0,0,1,1,1,1,2,1,2,1,57,1,7,1,60,1,3,3
13147,5.0,5.0,1.0,4.0,4.0,1.0,1.0,3.0,2.0,1.0,1.0,5.0,4.0,2.0,5.0,1.0,3.0,3.0,5.0,2.0,2,3,4,2,6,7,3,5,5,2,1,1,0,1,1,0,0,0,0,1,0,0,1,1,1,1,2,2,1,1,17,1,2,1,60,2,1,3
13148,1.0,5.0,4.0,1.0,4.0,4.0,3.0,2.0,5.0,5.0,1.0,3.0,5.0,1.0,4.0,4.0,1.0,1.0,5.0,3.0,7,6,4,1,7,1,7,5,6,1,1,1,1,1,0,0,0,0,0,1,0,0,1,1,1,1,4,3,1,2,30,1,2,1,60,1,1,1
13149,2.0,1.0,1.0,5.0,3.0,4.0,5.0,1.0,5.0,4.0,4.0,1.0,1.0,2.0,1.0,5.0,1.0,2.0,4.0,1.0,5,2,5,2,7,7,5,2,3,1,1,0,0,1,1,0,0,0,0,0,0,0,0,1,1,1,4,3,1,2,61,1,1,1,60,1,3,5
13150,1.0,2.0,1.0,2.0,2.0,1.0,2.0,2.0,5.0,5.0,1.0,4.0,1.0,2.0,4.0,1.0,3.0,1.0,5.0,1.0,1,4,5,6,2,5,7,2,1,4,1,1,0,1,1,0,0,0,0,1,0,0,1,1,1,1,4,2,2,1,36,1,12,5,60,2,1,1
13151,2.0,3.0,2.0,3.0,3.0,4.0,2.0,5.0,5.0,5.0,4.0,3.0,3.0,4.0,4.0,5.0,3.0,4.0,5.0,3.0,6,3,5,7,5,2,4,2,1,4,1,1,0,1,1,0,0,0,0,1,0,0,0,1,1,1,2,3,2,1,17,1,12,1,70,2,1,2
13152,2.0,3.0,3.0,4.0,4.0,1.0,2.0,2.0,4.0,2.0,1.0,4.0,2.0,4.0,4.0,1.0,2.0,3.0,4.0,3.0,3,7,4,7,7,5,4,6,4,3,1,1,1,1,1,0,0,1,0,1,0,0,1,1,1,1,3,2,2,1,28,1,2,4,60,1,1,5
13153,1.0,2.0,1.0,4.0,1.0,2.0,2.0,2.0,2.0,2.0,1.0,2.0,1.0,1.0,4.0,2.0,4.0,2.0,4.0,1.0,6,6,1,1,7,2,6,4,3,3,1,1,0,1,1,0,0,0,0,1,1,0,1,1,1,1,2,3,2,1,18,1,7,1,30,2,1,2
13154,3.0,3.0,2.0,3.0,5.0,2.0,2.0,4.0,3.0,3.0,2.0,4.0,2.0,2.0,4.0,2.0,1.0,4.0,5.0,1.0,3,6,4,4,6,7,5,5,5,5,1,0,0,1,1,0,0,1,0,1,0,0,0,0,1,1,3,3,1,2,35,1,1,1,60,2,1,2
13155,3.0,4.0,3.0,3.0,3.0,2.0,1.0,1.0,5.0,2.0,1.0,5.0,3.0,2.0,3.0,1.0,1.0,2.0,5.0,5.0,6,2,4,4,3,2,7,4,4,1,1,1,1,1,1,0,1,1,0,1,1,0,1,1,1,1,3,2,2,1,62,1,6,1,60,1,2,3
13156,2.0,5.0,4.0,4.0,2.0,4.0,2.0,2.0,5.0,3.0,2.0,4.0,2.0,2.0,4.0,1.0,4.0,4.0,5.0,1.0,6,5,5,3,7,1,6,6,6,2,1,1,1,1,1,0,0,0,0,1,0,0,1,1,1,1,2,2,2,1,56,1,6,1,60,1,3,3
13157,4.0,5.0,4.0,1.0,5.0,1.0,2.0,2.0,4.0,1.0,1.0,5.0,3.0,1.0,5.0,2.0,3.0,4.0,5.0,4.0,3,6,7,7,7,7,7,4,2,1,1,1,1,1,1,0,1,1,0,1,0,0,1,1,1,1,4,3,1,1,34,1,2,1,30,2,2,3
13158,5.0,5.0,2.0,2.0,5.0,2.0,4.0,5.0,4.0,1.0,1.0,5.0,2.0,2.0,2.0,1.0,3.0,5.0,5.0,5.0,3,5,5,2,3,6,5,5,5,5,1,1,1,1,1,0,0,1,0,1,1,0,1,1,1,1,4,3,2,1,38,1,4,1,70,2,2,3
13159,1.0,2.0,4.0,5.0,2.0,4.0,1.0,2.0,4.0,5.0,3.0,1.0,2.0,1.0,4.0,1.0,2.0,4.0,5.0,1.0,2,3,7,5,7,6,5,1,6,1,1,1,1,1,1,1,1,1,0,1,0,0,1,1,1,1,3,3,1,1,41,1,2,2,60,1,3,2
13160,1.0,3.0,3.0,2.0,1.0,2.0,2.0,4.0,2.0,3.0,1.0,4.0,4.0,1.0,5.0,3.0,1.0,5.0,5.0,2.0,4,5,6,2,6,5,7,1,6,3,1,1,0,1,1,0,0,0,0,1,0,0,1,1,1,1,2,2,1,1,20,2,2,1,60,1,1,2
13161,5.0,5.0,2.0,1.0,4.0,2.0,1.0,4.0,3.0,3.0,2.0,5.0,1.0,1.0,5.0,1.0,2.0,5.0,3.0,2.0,4,5,5,5,7,3,3,6,3,1,1,1,1,1,1,0,1,1,0,1,1,0,1,1,1,1,4,2,2,1,60,1,2,0,60,1,2,3
13162,5.0,5.0,1.0,1.0,5.0,1.0,1.0,5.0,1.0,1.0,1.0,5.0,5.0,1.0,4.0,1.0,1.0,5.0,5.0,5.0,1,5,7,2,1,7,7,3,7,6,1,1,0,1,1,0,0,1,0,1,0,0,1,1,1,1,2,1,1,1,18,1,6,1,60,1,1,2
13163,3.0,5.0,4.0,1.0,5.0,2.0,1.0,5.0,5.0,4.0,1.0,5.0,1.0,1.0,4.0,1.0,2.0,4.0,5.0,5.0,1,7,6,6,2,7,1,1,6,2,1,1,0,1,1,0,0,1,1,1,1,0,1,1,1,1,3,2,1,1,21,1,2,1,60,1,1,1
13164,4.0,3.0,3.0,3.0,4.0,3.0,3.0,4.0,4.0,3.0,2.0,5.0,2.0,2.0,4.0,2.0,2.0,3.0,4.0,3.0,5,6,4,2,6,6,6,5,6,2,1,0,0,1,1,0,0,0,0,1,0,0,0,0,1,1,4,3,1,2,31,1,1,1,60,2,1,3
13165,5.0,2.0,2.0,4.0,2.0,2.0,2.0,3.0,4.0,2.0,1.0,4.0,2.0,2.0,3.0,1.0,2.0,4.0,5.0,5.0,3,6,5,5,6,5,5,3,5,2,1,1,0,1,1,0,0,0,0,1,0,0,1,1,1,1,4,2,1,1,32,1,2,1,60,2,1,3
13166,4.0,2.0,4.0,4.0,4.0,2.0,1.0,4.0,3.0,4.0,2.0,1.0,1.0,1.0,3.0,4.0,1.0,4.0,5.0,4.0,2,7,3,2,6,7,5,5,5,1,1,1,1,1,1,0,1,1,0,1,1,0,1,1,1,1,2,2,1,2,26,1,2,5,60,1,1,3
13167,1.0,2.0,2.0,3.0,1.0,1.0,1.0,5.0,1.0,1.0,1.0,1.0,2.0,1.0,2.0,5.0,3.0,5.0,4.0,1.0,7,1,1,7,7,4,7,7,1,1,1,1,1,1,1,1,1,1,1,1,1,1,1,1,1,1,3,2,1,1,28,1,12,1,60,1,1,3
13168,5.0,4.0,1.0,1.0,4.0,5.0,1.0,3.0,4.0,3.0,1.0,5.0,1.0,1.0,5.0,2.0,1.0,3.0,5.0,1.0,6,5,6,3,7,2,6,5,3,2,1,1,0,1,1,0,0,0,0,1,0,1,0,1,1,1,2,1,1,1,17,1,4,1,60,2,1,3
13169,2.0,2.0,2.0,4.0,2.0,5.0,2.0,4.0,5.0,4.0,4.0,1.0,1.0,2.0,2.0,3.0,1.0,4.0,5.0,2.0,6,6,6,4,6,6,6,5,3,3,1,1,0,1,1,0,0,0,0,1,0,0,1,1,1,1,3,1,1,1,23,1,1,1,60,1,1,3
13170,5.0,1.0,5.0,2.0,5.0,1.0,1.0,4.0,5.0,5.0,3.0,4.0,2.0,1.0,1.0,5.0,1.0,4.0,5.0,1.0,7,6,7,6,7,1,7,1,6,1,1,1,1,1,1,0,1,1,0,1,0,0,1,1,1,1,3,3,1,1,47,1,4,1,60,1,1,2
13171,5.0,4.0,1.0,1.0,5.0,1.0,1.0,1.0,3.0,1.0,1.0,5.0,5.0,1.0,4.0,1.0,1.0,2.0,5.0,1.0,4,5,5,3,7,1,4,5,3,1,1,1,1,1,1,0,0,1,0,1,0,0,1,1,1,1,3,1,1,1,38,1,4,1,60,1,2,3
13172,1.0,2.0,1.0,4.0,3.0,5.0,4.0,1.0,5.0,5.0,1.0,4.0,1.0,1.0,4.0,4.0,2.0,1.0,3.0,1.0,3,4,5,5,3,4,7,2,7,5,1,1,0,1,1,0,0,0,0,1,0,0,1,1,1,1,3,0,1,1,38,1,7,1,60,1,2,1
13173,1.0,4.0,4.0,4.0,4.0,5.0,5.0,5.0,5.0,5.0,3.0,5.0,3.0,3.0,3.0,3.0,1.0,5.0,5.0,1.0,6,1,6,4,6,6,7,4,6,6,1,0,1,1,1,0,1,0,0,1,0,0,1,1,1,1,3,3,1,2,26,1,8,1,10,2,1,2
13174,5.0,5.0,2.0,1.0,5.0,3.0,1.0,3.0,2.0,1.0,1.0,5.0,5.0,1.0,4.0,1.0,1.0,5.0,5.0,3.0,6,6,5,6,4,5,4,4,3,2,1,1,0,1,1,1,0,1,0,1,0,0,1,1,1,1,3,2,1,1,26,1,2,1,60,1,1,1
13175,1.0,4.0,3.0,3.0,2.0,5.0,2.0,4.0,5.0,4.0,2.0,4.0,1.0,2.0,3.0,2.0,2.0,3.0,4.0,2.0,2,2,6,2,3,7,5,2,6,4,1,1,0,1,1,0,0,0,0,1,0,0,1,1,1,1,3,1,2,1,21,1,7,1,60,1,1,3
13176,5.0,5.0,2.0,1.0,5.0,1.0,1.0,5.0,3.0,2.0,1.0,5.0,5.0,1.0,5.0,1.0,1.0,5.0,4.0,4.0,7,5,7,1,7,1,6,1,6,5,1,1,1,1,1,0,0,1,0,1,1,0,1,1,1,1,4,2,1,1,34,2,6,2,60,1,1,3
13177,3.0,4.0,4.0,3.0,2.0,4.0,2.0,3.0,5.0,2.0,2.0,4.0,1.0,2.0,1.0,3.0,3.0,2.0,1.0,2.0,2,2,5,4,6,5,5,6,5,3,1,1,1,1,1,0,0,1,0,1,0,0,0,1,1,1,3,2,2,2,27,3,4,1,60,2,1,1
13178,5.0,1.0,1.0,1.0,5.0,1.0,1.0,5.0,1.0,1.0,1.0,5.0,5.0,1.0,5.0,1.0,1.0,5.0,5.0,5.0,1,1,7,7,6,7,1,1,2,1,1,1,0,1,1,0,1,1,0,1,1,0,1,1,1,1,4,1,1,2,34,1,2,1,10,2,2,4
13179,2.0,4.0,2.0,1.0,5.0,5.0,4.0,4.0,5.0,4.0,1.0,4.0,1.0,1.0,1.0,2.0,5.0,4.0,5.0,1.0,3,6,5,3,5,5,6,3,5,2,1,0,0,1,1,0,0,0,0,1,0,0,0,0,1,1,4,3,2,2,33,1,1,1,60,1,1,2
13180,1.0,1.0,5.0,4.0,2.0,5.0,2.0,1.0,5.0,5.0,1.0,4.0,1.0,4.0,1.0,5.0,5.0,1.0,5.0,1.0,5,5,5,2,6,2,6,1,4,1,1,1,1,1,1,0,0,1,0,1,1,0,1,1,1,1,4,3,2,2,37,1,2,1,60,1,3,2
13181,3.0,4.0,3.0,3.0,5.0,2.0,1.0,5.0,4.0,3.0,1.0,4.0,5.0,1.0,2.0,1.0,1.0,3.0,5.0,5.0,5,4,5,2,6,5,7,2,7,1,1,1,0,1,1,0,0,0,0,1,0,0,1,1,1,1,3,1,2,2,45,2,2,1,60,1,2,5
13182,5.0,5.0,5.0,2.0,5.0,2.0,2.0,4.0,3.0,1.0,2.0,5.0,1.0,1.0,5.0,2.0,1.0,4.0,5.0,1.0,2,2,2,1,2,6,3,3,7,3,1,1,0,1,1,0,0,0,1,1,0,1,0,1,1,1,3,2,1,1,35,1,1,1,60,2,2,4
13183,1.0,1.0,2.0,4.0,2.0,2.0,2.0,4.0,3.0,4.0,1.0,1.0,1.0,3.0,1.0,4.0,2.0,4.0,5.0,3.0,6,1,3,5,7,4,6,5,5,1,1,1,1,1,1,1,1,1,0,1,0,0,1,1,1,1,3,3,1,1,49,1,1,1,60,2,3,2
13184,4.0,1.0,5.0,1.0,4.0,2.0,4.0,1.0,5.0,5.0,1.0,3.0,1.0,2.0,2.0,1.0,2.0,5.0,4.0,1.0,1,6,7,7,7,4,7,7,1,1,1,1,1,1,1,0,0,0,0,1,0,0,1,1,1,1,3,3,2,2,24,1,6,1,10,1,1,4
13185,1.0,1.0,1.0,4.0,5.0,4.0,1.0,1.0,2.0,5.0,1.0,4.0,2.0,2.0,1.0,2.0,5.0,4.0,5.0,1.0,2,1,7,1,6,7,6,1,6,2,1,1,1,1,1,0,1,1,0,1,0,0,1,1,1,1,3,3,1,2,38,1,4,1,70,2,1,1
13186,5.0,2.0,3.0,2.0,5.0,3.0,1.0,3.0,3.0,3.0,1.0,3.0,4.0,2.0,1.0,1.0,1.0,5.0,5.0,3.0,5,5,4,6,7,5,3,7,1,1,1,1,0,1,1,0,0,1,0,1,0,0,1,1,1,1,3,2,3,2,21,3,2,5,60,2,1,2
13187,5.0,5.0,1.0,2.0,5.0,1.0,1.0,4.0,1.0,1.0,1.0,4.0,5.0,2.0,5.0,1.0,3.0,4.0,4.0,3.0,2,4,5,1,4,5,1,1,5,4,1,1,1,0,1,0,0,0,0,1,0,0,1,1,1,1,4,2,1,2,21,1,2,1,60,2,1,1
13188,4.0,3.0,3.0,1.0,4.0,3.0,2.0,2.0,3.0,4.0,1.0,4.0,3.0,2.0,1.0,1.0,5.0,5.0,5.0,1.0,3,6,4,5,6,3,5,6,4,1,0,0,0,0,0,0,0,0,0,0,0,0,0,0,0,0,3,3,1,2,24,3,2,1,70,1,1,1
13189,2.0,1.0,2.0,1.0,4.0,4.0,2.0,4.0,4.0,2.0,1.0,5.0,4.0,3.0,4.0,1.0,3.0,2.0,5.0,2.0,6,5,3,1,6,1,5,1,3,4,1,1,0,1,1,0,0,1,0,1,0,0,0,1,1,1,3,2,2,2,19,2,4,1,60,1,1,1
13190,2.0,4.0,1.0,1.0,4.0,1.0,1.0,4.0,4.0,1.0,1.0,4.0,1.0,1.0,3.0,1.0,1.0,5.0,5.0,4.0,5,2,6,1,6,5,7,1,7,5,1,1,0,1,1,0,0,0,0,1,0,0,1,1,1,1,3,2,1,1,22,1,4,1,70,1,1,3
13191,2.0,4.0,2.0,4.0,4.0,4.0,2.0,4.0,4.0,2.0,1.0,4.0,2.0,2.0,4.0,2.0,1.0,3.0,5.0,1.0,6,6,5,1,7,2,5,3,6,1,1,1,1,1,1,0,1,1,0,1,1,0,1,1,1,1,4,2,1,2,36,1,2,1,60,1,3,3
13192,5.0,1.0,5.0,1.0,5.0,1.0,1.0,5.0,5.0,5.0,1.0,5.0,5.0,5.0,2.0,5.0,1.0,5.0,5.0,5.0,5,4,7,7,6,5,5,2,5,3,1,1,0,1,1,0,0,0,0,1,0,0,0,1,1,1,3,3,2,2,25,1,8,1,10,2,3,1
13193,3.0,4.0,2.0,5.0,2.0,2.0,1.0,5.0,2.0,3.0,3.0,4.0,1.0,2.0,5.0,2.0,1.0,3.0,5.0,1.0,6,4,5,2,7,1,7,2,6,1,1,1,0,1,1,0,1,0,0,1,0,1,1,1,1,1,2,2,1,1,19,1,6,1,60,1,1,2
13194,1.0,1.0,1.0,1.0,1.0,1.0,1.0,1.0,1.0,1.0,1.0,1.0,1.0,1.0,1.0,1.0,1.0,1.0,1.0,1.0,6,5,7,6,5,5,4,6,5,1,1,1,0,1,1,0,0,1,0,1,0,0,1,0,1,1,3,3,2,2,21,2,4,1,10,2,1,5
13195,2.0,2.0,5.0,1.0,4.0,2.0,5.0,3.0,5.0,4.0,1.0,4.0,5.0,3.0,2.0,2.0,4.0,2.0,5.0,4.0,3,7,7,4,3,6,2,7,2,3,0,0,0,0,0,1,0,0,0,0,1,0,1,0,0,1,1,2,2,1,16,2,2,1,60,2,1,2
13196,3.0,3.0,2.0,3.0,4.0,2.0,2.0,3.0,4.0,2.0,1.0,2.0,3.0,1.0,4.0,1.0,4.0,3.0,5.0,3.0,5,6,4,6,5,2,6,5,5,1,1,1,0,1,1,0,0,0,0,1,0,0,1,1,1,1,2,2,1,1,23,1,1,1,60,2,1,2
13197,5.0,3.0,5.0,1.0,4.0,4.0,2.0,5.0,5.0,4.0,1.0,5.0,4.0,1.0,2.0,4.0,5.0,5.0,5.0,2.0,2,6,3,2,5,6,5,5,6,4,1,1,0,1,1,0,0,0,0,1,0,0,1,1,1,1,3,3,1,2,30,1,2,1,70,1,1,2
13198,1.0,2.0,4.0,2.0,2.0,4.0,4.0,4.0,5.0,5.0,1.0,4.0,3.0,1.0,4.0,4.0,1.0,1.0,5.0,1.0,6,1,6,2,5,2,6,3,4,1,1,1,1,1,1,0,1,0,0,1,0,0,1,1,1,1,4,3,1,2,31,1,2,1,60,1,1,2
13199,3.0,5.0,3.0,2.0,3.0,1.0,1.0,5.0,1.0,4.0,1.0,4.0,3.0,2.0,4.0,5.0,1.0,4.0,5.0,1.0,5,5,7,3,5,1,5,1,5,3,1,1,0,1,0,0,0,1,0,1,0,0,0,1,1,1,3,2,2,2,35,1,7,1,60,2,1,2
13200,5.0,2.0,1.0,2.0,5.0,1.0,1.0,5.0,5.0,4.0,3.0,5.0,5.0,2.0,4.0,4.0,1.0,4.0,3.0,3.0,3,6,7,5,5,7,6,1,5,5,1,1,0,1,1,0,0,0,0,1,0,0,0,1,1,1,3,1,1,1,38,1,6,1,60,1,2,3
13201,4.0,5.0,2.0,3.0,5.0,3.0,3.0,1.0,3.0,2.0,2.0,3.0,2.0,1.0,2.0,3.0,4.0,4.0,4.0,4.0,3,5,5,6,6,3,6,1,6,1,1,1,0,1,1,0,0,0,0,1,0,0,1,1,1,1,4,1,1,2,20,1,8,1,70,2,1,2
13202,5.0,1.0,3.0,4.0,4.0,4.0,1.0,1.0,5.0,5.0,3.0,4.0,1.0,4.0,2.0,1.0,5.0,2.0,5.0,3.0,7,7,7,7,7,1,5,2,4,5,1,1,0,1,1,0,0,0,0,1,1,0,0,1,1,1,4,1,2,2,27,1,2,1,60,1,1,3
13203,4.0,5.0,4.0,2.0,3.0,4.0,3.0,5.0,2.0,4.0,2.0,5.0,4.0,2.0,4.0,3.0,2.0,3.0,2.0,4.0,2,2,5,1,7,6,4,3,6,4,1,0,0,1,0,0,0,0,0,1,0,0,0,0,1,1,3,1,1,2,20,1,10,1,60,2,1,2
13204,3.0,4.0,4.0,3.0,4.0,2.0,1.0,2.0,3.0,3.0,2.0,4.0,2.0,3.0,4.0,2.0,3.0,4.0,5.0,2.0,3,3,5,2,7,5,6,4,7,4,1,1,0,1,1,0,1,1,0,1,0,0,1,1,1,1,4,2,1,1,29,1,2,1,60,1,2,3
13205,3.0,4.0,5.0,5.0,4.0,4.0,4.0,1.0,4.0,5.0,3.0,1.0,1.0,3.0,4.0,1.0,5.0,3.0,5.0,3.0,4,2,3,2,3,5,5,1,3,5,1,1,1,1,1,0,1,0,0,1,0,0,1,1,1,1,4,2,2,1,60,1,4,1,60,2,2,5
13206,4.0,5.0,2.0,4.0,5.0,1.0,1.0,5.0,4.0,2.0,1.0,4.0,3.0,1.0,4.0,4.0,1.0,2.0,5.0,4.0,6,6,5,3,7,5,5,5,6,1,1,1,1,1,1,1,0,1,0,1,1,1,1,1,1,1,4,2,1,2,31,1,2,2,60,1,1,2
13207,5.0,2.0,4.0,4.0,3.0,3.0,2.0,1.0,5.0,4.0,1.0,3.0,1.0,2.0,1.0,4.0,1.0,2.0,5.0,1.0,6,1,6,2,5,6,6,3,7,5,1,1,0,1,1,0,0,0,0,1,0,0,1,1,1,1,3,3,1,1,37,1,7,1,70,1,2,2
13208,2.0,4.0,1.0,1.0,1.0,2.0,1.0,5.0,3.0,3.0,1.0,5.0,1.0,1.0,1.0,2.0,1.0,5.0,5.0,1.0,6,7,2,5,7,2,6,7,6,6,0,0,0,1,1,0,0,0,0,1,0,0,0,0,0,1,3,3,0,2,29,1,1,1,60,1,1,1
13209,2.0,2.0,5.0,3.0,3.0,3.0,2.0,3.0,5.0,3.0,2.0,4.0,1.0,1.0,1.0,2.0,3.0,3.0,5.0,1.0,5,7,6,7,2,5,4,2,5,4,1,1,0,1,1,0,0,1,0,1,0,0,1,1,1,1,3,3,2,2,20,1,1,1,70,1,1,1
13210,4.0,4.0,2.0,2.0,4.0,2.0,2.0,4.0,4.0,1.0,1.0,4.0,2.0,1.0,4.0,2.0,2.0,4.0,5.0,1.0,5,3,1,6,5,3,6,7,1,2,1,1,0,1,1,0,0,0,0,1,0,0,1,0,1,1,2,3,1,1,33,1,1,1,60,1,1,4
13211,5.0,5.0,1.0,1.0,5.0,1.0,1.0,5.0,1.0,5.0,1.0,5.0,5.0,1.0,5.0,1.0,1.0,5.0,5.0,5.0,1,7,7,7,4,7,6,1,7,1,1,1,0,1,1,0,0,1,0,1,0,0,1,1,1,1,3,3,1,2,40,1,2,1,60,1,1,2
13212,1.0,1.0,2.0,5.0,1.0,1.0,1.0,4.0,5.0,5.0,1.0,4.0,1.0,4.0,4.0,2.0,1.0,5.0,4.0,1.0,1,7,1,7,6,7,5,7,1,7,1,1,0,1,1,0,0,1,0,1,1,0,1,1,1,1,2,1,2,2,20,1,2,2,60,2,1,1
13213,5.0,5.0,1.0,3.0,5.0,3.0,1.0,5.0,5.0,1.0,1.0,5.0,5.0,1.0,5.0,5.0,5.0,5.0,5.0,5.0,4,5,6,5,7,5,4,4,7,2,1,1,1,1,1,1,1,1,0,1,0,1,1,1,1,1,3,2,1,2,38,1,4,1,60,1,1,4
13214,2.0,2.0,1.0,4.0,5.0,1.0,2.0,3.0,3.0,2.0,1.0,5.0,2.0,1.0,4.0,1.0,1.0,4.0,3.0,1.0,2,6,5,5,6,3,5,4,2,2,1,1,0,1,1,0,0,0,0,1,0,0,1,1,1,1,3,1,1,1,50,1,6,1,60,1,2,1
13215,4.0,5.0,5.0,3.0,5.0,5.0,2.0,2.0,5.0,5.0,2.0,5.0,1.0,1.0,1.0,5.0,1.0,4.0,3.0,4.0,7,1,7,2,7,7,7,1,7,1,1,1,0,1,1,0,0,1,0,1,0,0,1,1,1,1,4,3,2,2,50,2,10,0,20,1,2,2
13216,4.0,3.0,2.0,2.0,4.0,4.0,2.0,5.0,2.0,3.0,2.0,5.0,4.0,2.0,4.0,4.0,1.0,4.0,5.0,4.0,4,2,6,2,7,6,6,3,6,2,1,1,1,1,1,1,1,0,0,1,1,0,1,0,1,1,3,3,1,1,42,1,0,0,0,1,2,0
13217,4.0,4.0,1.0,2.0,5.0,3.0,2.0,3.0,3.0,4.0,2.0,1.0,5.0,1.0,1.0,1.0,5.0,5.0,5.0,3.0,4,6,5,6,7,2,3,2,6,1,0,0,0,1,0,0,1,0,0,1,0,0,0,0,1,0,2,1,1,2,20,1,2,2,20,2,1,3
13218,2.0,4.0,5.0,5.0,4.0,5.0,5.0,5.0,4.0,4.0,1.0,4.0,2.0,3.0,1.0,4.0,3.0,1.0,3.0,1.0,7,5,7,3,7,6,7,5,5,1,1,1,1,1,1,0,0,1,0,1,0,0,0,1,1,1,2,1,2,1,18,1,7,1,60,2,1,4
13219,2.0,4.0,2.0,1.0,4.0,4.0,1.0,2.0,2.0,2.0,1.0,4.0,2.0,1.0,4.0,1.0,3.0,4.0,5.0,1.0,5,5,5,4,7,5,5,7,7,5,1,1,1,1,1,0,0,0,0,1,0,0,0,1,1,1,2,1,1,1,17,2,2,1,60,2,1,2
13220,2.0,3.0,4.0,3.0,4.0,4.0,1.0,3.0,5.0,2.0,2.0,2.0,1.0,2.0,3.0,1.0,2.0,4.0,4.0,1.0,2,6,3,6,7,3,5,5,3,5,1,1,0,1,1,0,0,1,0,1,0,0,0,1,1,1,3,3,2,2,23,1,1,1,60,2,1,2
13221,5.0,5.0,5.0,1.0,5.0,1.0,1.0,5.0,2.0,2.0,1.0,5.0,5.0,1.0,5.0,3.0,1.0,4.0,5.0,1.0,1,7,7,5,1,6,7,5,4,1,1,0,1,1,1,0,1,0,0,1,0,0,0,0,1,1,4,1,2,2,19,1,2,1,60,2,1,2
13222,5.0,4.0,3.0,1.0,4.0,1.0,3.0,5.0,3.0,3.0,1.0,5.0,5.0,1.0,4.0,1.0,1.0,4.0,5.0,5.0,2,2,4,1,5,5,5,3,2,4,1,1,0,1,1,0,0,0,0,1,0,0,1,1,1,1,3,3,2,2,40,1,7,1,60,2,3,2
13223,5.0,5.0,1.0,5.0,5.0,2.0,1.0,5.0,5.0,1.0,2.0,5.0,1.0,1.0,5.0,2.0,3.0,5.0,2.0,5.0,6,7,7,6,7,7,2,1,7,1,1,1,1,1,1,0,0,0,0,1,0,0,1,1,1,1,4,3,1,2,29,1,10,1,10,2,1,2
13224,4.0,4.0,5.0,5.0,2.0,4.0,5.0,1.0,5.0,5.0,2.0,1.0,2.0,1.0,1.0,2.0,5.0,4.0,5.0,5.0,4,6,5,5,7,3,6,2,3,1,1,1,0,1,1,0,0,0,0,1,0,0,0,1,1,1,4,3,2,2,21,1,2,1,60,1,1,3
13225,3.0,5.0,3.0,2.0,4.0,1.0,2.0,4.0,3.0,4.0,1.0,4.0,3.0,2.0,4.0,1.0,2.0,5.0,5.0,5.0,6,4,7,6,6,2,6,1,2,6,1,1,0,1,1,0,0,0,0,1,0,0,0,0,1,1,3,3,1,2,37,1,12,1,10,2,2,1
13226,4.0,5.0,2.0,1.0,4.0,2.0,1.0,5.0,4.0,2.0,2.0,1.0,2.0,2.0,5.0,2.0,2.0,2.0,5.0,1.0,2,5,5,6,2,3,5,6,3,5,1,1,0,1,1,0,0,1,0,1,0,0,1,1,1,1,3,1,2,1,20,1,12,1,60,1,1,2
13227,2.0,2.0,4.0,2.0,2.0,4.0,2.0,4.0,5.0,5.0,2.0,4.0,2.0,2.0,2.0,2.0,4.0,4.0,5.0,1.0,6,6,7,6,7,2,6,6,3,2,1,1,1,1,1,0,0,1,0,1,0,0,1,1,1,1,4,3,2,2,23,1,2,1,60,2,1,1
13228,4.0,1.0,2.0,4.0,3.0,5.0,4.0,1.0,5.0,5.0,2.0,4.0,3.0,1.0,2.0,4.0,5.0,1.0,4.0,1.0,5,7,6,2,7,6,5,1,7,1,0,1,0,1,1,0,0,0,0,1,0,0,1,1,1,1,3,3,1,2,22,1,4,1,60,1,1,3
13229,1.0,4.0,5.0,2.0,4.0,4.0,5.0,4.0,5.0,4.0,1.0,2.0,3.0,2.0,1.0,5.0,4.0,4.0,5.0,1.0,5,5,5,6,7,5,7,3,3,2,1,1,0,1,1,1,0,0,0,1,0,0,1,1,1,1,3,3,2,1,23,1,4,1,10,2,1,3
13230,5.0,3.0,1.0,3.0,5.0,1.0,1.0,3.0,4.0,3.0,1.0,4.0,3.0,1.0,2.0,2.0,1.0,3.0,4.0,3.0,3,1,7,2,7,4,6,2,5,4,1,1,0,1,1,0,0,1,0,1,1,0,1,1,1,1,3,1,1,1,33,2,7,1,60,2,2,2
13231,5.0,5.0,1.0,3.0,4.0,2.0,1.0,4.0,1.0,1.0,1.0,5.0,5.0,3.0,5.0,1.0,1.0,5.0,5.0,3.0,6,5,6,7,6,3,6,7,2,1,1,1,1,1,1,1,0,1,0,1,0,0,1,1,1,1,3,3,2,1,21,3,12,1,50,1,1,2
13232,1.0,3.0,2.0,4.0,2.0,5.0,2.0,2.0,5.0,1.0,2.0,2.0,1.0,2.0,3.0,5.0,3.0,2.0,1.0,1.0,7,6,1,2,7,1,7,5,3,5,0,1,1,1,1,0,0,0,0,0,0,0,1,1,1,1,3,1,2,2,22,2,4,1,60,1,1,2
13233,1.0,2.0,2.0,5.0,1.0,4.0,2.0,2.0,5.0,3.0,4.0,4.0,1.0,3.0,4.0,3.0,2.0,2.0,5.0,1.0,7,5,4,3,5,1,5,1,5,3,1,1,1,1,1,0,0,1,0,1,0,0,1,1,1,1,4,1,1,1,32,1,6,1,60,1,2,1
13234,5.0,4.0,2.0,4.0,2.0,4.0,1.0,2.0,4.0,2.0,2.0,5.0,1.0,3.0,1.0,2.0,3.0,3.0,4.0,5.0,3,7,3,2,6,7,6,6,7,5,1,0,1,1,0,0,0,1,0,1,0,0,0,1,1,1,2,3,1,2,19,1,7,1,60,1,1,1
13235,5.0,4.0,5.0,2.0,4.0,2.0,2.0,1.0,5.0,1.0,1.0,4.0,2.0,2.0,4.0,4.0,2.0,4.0,4.0,1.0,7,1,6,3,6,3,6,5,5,1,1,1,1,1,1,1,1,1,0,1,0,0,1,1,1,1,4,1,2,1,52,1,6,1,60,2,2,5
13236,5.0,5.0,2.0,3.0,5.0,3.0,1.0,5.0,4.0,1.0,1.0,5.0,5.0,1.0,5.0,4.0,5.0,4.0,5.0,4.0,7,5,3,5,7,3,2,6,2,1,1,1,0,1,1,0,0,1,0,1,1,0,1,1,1,1,3,2,3,1,33,1,1,1,20,1,1,3
13237,5.0,5.0,1.0,1.0,5.0,1.0,1.0,5.0,1.0,1.0,1.0,5.0,4.0,1.0,5.0,1.0,1.0,5.0,5.0,4.0,6,1,7,1,7,5,2,1,7,1,1,1,1,1,1,0,1,0,0,1,0,0,1,1,1,1,4,3,1,1,44,1,1,1,60,1,2,3
13238,5.0,3.0,1.0,2.0,4.0,1.0,1.0,4.0,2.0,1.0,2.0,5.0,4.0,1.0,4.0,1.0,1.0,3.0,5.0,4.0,4,6,7,2,6,5,5,5,7,3,1,1,1,1,1,1,1,0,1,1,0,0,1,1,1,1,3,3,1,2,18,1,2,1,70,2,1,2
13239,1.0,1.0,4.0,4.0,2.0,1.0,2.0,1.0,5.0,4.0,2.0,1.0,1.0,4.0,3.0,1.0,5.0,2.0,5.0,1.0,5,1,6,1,7,5,7,6,7,3,1,1,0,1,1,0,0,0,1,1,0,1,1,1,1,1,2,2,2,1,17,1,1,1,70,2,1,2
13240,4.0,4.0,2.0,3.0,4.0,2.0,1.0,4.0,3.0,2.0,1.0,3.0,4.0,2.0,5.0,2.0,1.0,4.0,5.0,4.0,4,2,7,3,7,2,3,2,5,3,1,1,0,1,1,0,0,1,0,1,0,0,1,1,1,1,4,3,1,1,38,1,2,1,60,2,2,2
13241,4.0,4.0,4.0,5.0,4.0,1.0,1.0,4.0,4.0,4.0,2.0,5.0,5.0,1.0,4.0,1.0,1.0,4.0,5.0,5.0,6,1,6,1,7,5,7,5,7,1,1,1,1,1,1,0,1,1,0,1,0,1,1,1,1,1,3,3,1,1,68,1,1,1,30,1,3,1
13242,4.0,4.0,5.0,4.0,2.0,5.0,5.0,2.0,5.0,4.0,4.0,2.0,1.0,4.0,2.0,4.0,2.0,3.0,4.0,2.0,6,2,5,5,6,7,3,4,6,2,1,1,0,1,1,0,1,1,0,1,0,0,1,1,1,1,4,2,1,1,67,2,6,1,60,1,2,3
13243,1.0,4.0,1.0,4.0,4.0,1.0,1.0,4.0,2.0,5.0,3.0,5.0,4.0,2.0,3.0,2.0,1.0,4.0,5.0,3.0,2,5,5,1,6,3,4,2,6,3,1,1,1,1,1,0,0,0,0,1,0,0,1,1,1,1,0,2,1,1,46,1,1,1,60,1,2,2
13244,1.0,2.0,2.0,4.0,2.0,4.0,1.0,1.0,4.0,5.0,2.0,4.0,1.0,4.0,3.0,4.0,4.0,2.0,2.0,1.0,3,3,6,5,7,6,5,5,7,1,1,1,1,1,1,0,0,0,0,1,0,0,1,1,1,1,3,2,1,1,44,1,2,1,60,1,1,3
13245,2.0,1.0,1.0,2.0,2.0,1.0,2.0,2.0,4.0,4.0,2.0,2.0,4.0,2.0,1.0,2.0,4.0,2.0,5.0,2.0,3,3,6,3,5,6,5,1,5,3,1,1,0,1,1,0,0,0,0,1,0,0,1,1,1,1,3,1,2,1,36,1,7,1,60,1,2,4
13246,2.0,2.0,4.0,4.0,4.0,4.0,2.0,1.0,5.0,2.0,1.0,5.0,2.0,2.0,1.0,2.0,1.0,5.0,4.0,1.0,2,7,3,6,5,5,6,5,3,2,1,1,1,1,1,0,1,1,0,1,1,0,1,1,1,1,4,2,1,1,32,1,6,1,60,1,1,2
13247,3.0,1.0,4.0,3.0,5.0,5.0,5.0,3.0,5.0,5.0,1.0,5.0,3.0,4.0,3.0,3.0,2.0,2.0,5.0,3.0,3,5,6,7,7,5,7,6,2,1,1,1,1,1,1,0,0,0,0,1,0,0,1,1,1,1,2,2,2,1,18,1,12,2,30,2,1,3
13248,5.0,4.0,2.0,4.0,4.0,2.0,4.0,4.0,4.0,5.0,2.0,5.0,5.0,2.0,4.0,4.0,1.0,5.0,5.0,4.0,1,5,4,7,3,7,5,5,1,1,1,1,1,1,1,0,0,0,0,1,1,0,1,0,1,1,4,1,1,1,21,1,4,3,60,0,1,0
13249,1.0,1.0,2.0,3.0,5.0,1.0,1.0,5.0,5.0,4.0,1.0,5.0,4.0,1.0,4.0,1.0,5.0,5.0,4.0,2.0,7,6,7,2,7,5,7,2,6,1,1,1,0,1,1,0,0,0,0,1,0,0,0,1,1,1,4,2,1,1,51,1,3,3,60,2,1,3
13250,4.0,4.0,3.0,3.0,4.0,3.0,2.0,2.0,4.0,2.0,4.0,5.0,4.0,2.0,3.0,2.0,3.0,4.0,2.0,2.0,2,6,3,6,6,6,6,5,2,4,1,1,0,1,1,0,0,0,0,1,0,0,1,0,1,1,2,2,1,1,21,1,1,2,10,2,1,2
13251,4.0,2.0,3.0,1.0,2.0,2.0,1.0,3.0,4.0,2.0,1.0,2.0,5.0,1.0,4.0,5.0,1.0,4.0,5.0,4.0,7,5,6,1,7,2,6,0,6,1,1,1,1,1,1,0,0,1,0,1,0,1,1,1,1,1,3,2,1,1,23,1,6,1,60,1,1,2
13252,1.0,1.0,1.0,5.0,1.0,5.0,5.0,1.0,5.0,5.0,5.0,2.0,1.0,5.0,3.0,5.0,5.0,1.0,1.0,1.0,6,5,7,1,7,7,7,1,7,2,1,1,0,1,0,0,0,0,0,1,0,0,0,1,1,1,3,1,2,1,35,1,7,1,30,1,3,3
13253,5.0,3.0,1.0,2.0,5.0,1.0,2.0,4.0,1.0,2.0,3.0,4.0,3.0,2.0,5.0,2.0,1.0,3.0,5.0,1.0,7,5,3,4,6,1,2,7,3,2,1,1,1,1,0,1,1,1,0,1,0,0,1,1,1,1,4,3,2,1,27,2,2,2,60,2,1,2
13254,4.0,4.0,2.0,2.0,4.0,2.0,2.0,2.0,4.0,2.0,2.0,4.0,4.0,2.0,3.0,2.0,3.0,4.0,2.0,4.0,2,6,4,6,6,7,6,5,3,4,1,1,0,1,1,0,0,0,0,0,0,0,1,0,1,1,2,2,1,1,21,1,1,2,10,2,1,2
13255,3.0,4.0,5.0,3.0,3.0,2.0,1.0,2.0,4.0,2.0,1.0,5.0,1.0,3.0,4.0,1.0,5.0,2.0,5.0,1.0,6,5,2,6,7,4,2,7,5,1,1,1,0,1,1,0,1,1,0,1,1,0,1,1,1,1,3,2,2,1,22,1,1,1,60,1,1,2
13256,5.0,3.0,2.0,1.0,5.0,1.0,1.0,4.0,2.0,5.0,1.0,5.0,2.0,1.0,5.0,1.0,1.0,5.0,4.0,2.0,4,4,4,5,6,3,5,4,5,5,1,1,1,1,1,0,1,1,0,1,0,1,1,1,1,1,3,3,2,1,40,1,7,1,30,1,2,1
13257,5.0,3.0,2.0,5.0,5.0,1.0,1.0,4.0,1.0,1.0,1.0,5.0,5.0,1.0,2.0,1.0,1.0,5.0,3.0,1.0,3,1,7,2,7,4,7,5,7,2,1,1,0,1,1,0,1,0,1,1,0,0,1,1,1,1,3,3,1,1,31,1,2,1,60,2,1,0
13258,4.0,1.0,3.0,4.0,4.0,2.0,1.0,3.0,4.0,3.0,1.0,5.0,3.0,2.0,3.0,2.0,1.0,4.0,5.0,1.0,1,6,7,5,6,7,3,2,4,2,1,1,0,1,1,1,0,0,1,1,0,0,1,1,1,1,3,1,1,1,39,1,1,1,60,1,2,2
13259,4.0,3.0,1.0,3.0,5.0,2.0,2.0,4.0,2.0,1.0,2.0,5.0,3.0,1.0,4.0,3.0,1.0,2.0,5.0,3.0,1,5,5,4,4,6,4,1,6,3,1,1,0,1,1,0,0,0,0,1,0,0,1,1,1,1,3,1,1,1,26,1,2,0,60,1,1,2
13260,1.0,1.0,5.0,4.0,1.0,4.0,4.0,1.0,4.0,4.0,1.0,1.0,1.0,1.0,3.0,2.0,1.0,4.0,5.0,3.0,5,6,6,6,7,2,7,1,3,1,1,1,0,1,1,1,0,0,0,1,0,0,1,1,1,1,3,2,2,1,26,1,4,1,60,2,1,2
13261,4.0,5.0,1.0,4.0,4.0,1.0,1.0,4.0,3.0,2.0,1.0,5.0,3.0,1.0,5.0,1.0,2.0,4.0,4.0,3.0,2,7,4,5,2,5,1,5,3,6,1,1,0,1,1,1,0,1,1,1,0,0,1,1,1,1,3,1,1,1,19,1,2,1,60,2,1,3
13262,4.0,3.0,1.0,4.0,4.0,4.0,4.0,4.0,5.0,4.0,4.0,4.0,4.0,1.0,3.0,4.0,1.0,4.0,5.0,1.0,2,5,5,5,6,7,5,5,7,2,1,1,0,1,1,0,0,0,0,1,0,0,1,1,1,1,2,2,1,1,44,1,6,1,60,1,2,3
13263,1.0,1.0,5.0,5.0,4.0,2.0,4.0,1.0,5.0,5.0,1.0,1.0,4.0,4.0,1.0,5.0,2.0,1.0,5.0,1.0,1,1,6,5,4,6,6,1,3,1,1,1,1,1,1,0,0,0,0,1,0,0,1,1,1,1,3,1,2,1,47,1,4,1,60,2,2,2
13264,2.0,5.0,1.0,5.0,5.0,2.0,2.0,5.0,5.0,5.0,1.0,1.0,5.0,1.0,1.0,2.0,1.0,5.0,5.0,1.0,5,5,3,7,7,5,5,5,2,1,1,1,0,1,1,0,0,0,0,1,0,0,1,1,1,1,2,2,1,2,18,1,12,2,10,1,1,3
13265,5.0,3.0,5.0,1.0,5.0,1.0,4.0,5.0,5.0,5.0,1.0,5.0,2.0,1.0,1.0,5.0,1.0,4.0,5.0,3.0,6,6,3,1,5,3,5,5,7,4,1,0,0,1,1,0,0,0,0,1,0,0,0,0,1,1,3,3,1,2,22,1,12,1,10,2,1,1
13266,4.0,1.0,1.0,4.0,4.0,4.0,3.0,1.0,5.0,5.0,4.0,2.0,2.0,3.0,1.0,2.0,1.0,1.0,3.0,5.0,7,1,5,3,6,1,7,5,5,3,1,1,0,1,1,0,0,0,0,1,0,0,0,1,1,1,1,3,1,1,15,2,4,2,60,2,1,3
13267,4.0,4.0,4.0,3.0,3.0,4.0,5.0,3.0,5.0,1.0,3.0,4.0,4.0,2.0,3.0,3.0,3.0,3.0,5.0,2.0,6,4,4,5,6,3,4,3,4,3,0,0,0,0,0,0,0,0,0,0,0,0,0,0,0,1,4,1,1,2,24,1,8,1,10,1,1,2
13268,1.0,5.0,1.0,5.0,5.0,1.0,1.0,1.0,4.0,5.0,1.0,5.0,1.0,1.0,5.0,1.0,1.0,5.0,5.0,4.0,7,7,7,6,6,1,6,1,7,1,1,1,1,1,1,0,1,1,0,1,0,0,1,1,1,1,3,2,1,2,31,1,12,1,30,1,2,2
13269,3.0,5.0,4.0,4.0,4.0,5.0,2.0,5.0,4.0,2.0,4.0,5.0,5.0,1.0,4.0,1.0,1.0,4.0,1.0,1.0,2,7,3,6,5,7,1,7,7,3,1,1,0,1,1,0,0,0,0,1,0,0,1,1,1,1,3,2,1,1,26,1,4,1,60,1,1,3
13270,5.0,4.0,2.0,3.0,5.0,1.0,2.0,4.0,2.0,1.0,1.0,4.0,4.0,2.0,5.0,3.0,2.0,4.0,4.0,4.0,3,6,6,5,5,5,3,2,4,3,1,1,0,1,1,0,0,0,0,1,0,0,0,1,1,1,2,2,1,2,18,1,2,1,60,2,1,1
13271,2.0,4.0,2.0,3.0,3.0,2.0,1.0,2.0,3.0,2.0,1.0,4.0,2.0,4.0,5.0,2.0,5.0,5.0,5.0,4.0,1,7,7,1,5,1,1,7,7,5,1,1,0,1,0,0,0,0,0,1,0,0,0,1,1,1,2,2,1,2,17,0,2,1,60,2,1,2
13272,4.0,4.0,4.0,1.0,4.0,4.0,2.0,1.0,1.0,2.0,2.0,1.0,1.0,3.0,4.0,2.0,1.0,4.0,5.0,1.0,3,6,6,7,3,6,2,5,3,1,1,1,1,1,0,0,0,0,0,1,0,0,1,1,1,1,4,2,1,2,29,1,1,1,0,1,2,2
13273,5.0,5.0,2.0,4.0,5.0,2.0,1.0,5.0,3.0,5.0,1.0,5.0,3.0,1.0,5.0,1.0,1.0,5.0,1.0,5.0,3,5,5,3,5,2,3,4,6,1,1,1,0,1,1,0,0,1,0,1,1,0,1,1,1,1,3,3,1,2,42,1,10,1,60,1,2,2
13274,5.0,5.0,3.0,5.0,2.0,4.0,2.0,2.0,5.0,5.0,1.0,1.0,1.0,1.0,3.0,1.0,3.0,1.0,4.0,3.0,5,4,5,5,6,6,7,5,5,1,1,1,0,1,1,0,0,0,0,1,0,0,1,1,1,1,3,1,1,2,25,1,2,1,60,2,1,1
13275,5.0,4.0,2.0,2.0,5.0,1.0,2.0,5.0,4.0,2.0,1.0,5.0,4.0,2.0,5.0,2.0,2.0,4.0,5.0,5.0,5,5,5,6,6,5,5,5,2,3,1,1,0,1,1,0,0,1,0,1,0,0,0,1,1,1,4,3,2,2,31,1,10,1,10,2,1,4
13276,5.0,5.0,1.0,1.0,5.0,1.0,1.0,5.0,1.0,2.0,1.0,5.0,5.0,1.0,3.0,1.0,5.0,5.0,5.0,2.0,4,1,7,2,5,6,1,3,7,1,1,1,0,1,1,0,0,0,1,1,0,0,1,1,1,1,2,2,1,2,17,1,2,1,10,2,1,3
13277,5.0,4.0,1.0,1.0,5.0,1.0,1.0,4.0,2.0,1.0,1.0,4.0,4.0,2.0,4.0,4.0,2.0,5.0,3.0,3.0,6,5,2,6,6,3,2,6,1,4,1,1,0,1,0,0,0,0,0,1,0,0,0,1,1,1,2,1,2,1,24,1,2,2,60,2,1,3
13278,4.0,1.0,4.0,3.0,4.0,5.0,5.0,1.0,5.0,5.0,5.0,5.0,1.0,1.0,1.0,3.0,3.0,1.0,2.0,1.0,7,2,7,1,7,2,4,1,7,2,1,1,0,1,1,0,0,0,0,1,0,0,0,1,1,1,3,3,2,1,30,1,6,1,10,1,1,3
13279,1.0,1.0,5.0,5.0,1.0,5.0,5.0,1.0,5.0,5.0,3.0,4.0,1.0,4.0,2.0,4.0,5.0,2.0,1.0,2.0,5,5,6,5,5,3,6,5,3,2,1,1,0,1,1,0,1,1,0,1,1,0,1,1,1,1,4,3,1,1,46,1,10,1,20,1,2,2
13280,4.0,4.0,2.0,2.0,3.0,1.0,1.0,1.0,2.0,2.0,1.0,4.0,1.0,1.0,2.0,4.0,1.0,4.0,5.0,1.0,5,5,6,1,7,5,5,3,5,1,1,1,0,1,1,0,0,0,0,1,0,0,0,1,1,1,3,2,2,2,29,1,6,1,60,2,1,1
13281,4.0,4.0,2.0,3.0,5.0,3.0,2.0,2.0,3.0,2.0,1.0,5.0,3.0,2.0,4.0,2.0,5.0,5.0,5.0,1.0,7,6,4,4,6,2,6,5,4,1,1,1,1,1,1,1,0,0,0,1,0,1,0,1,1,1,3,3,2,2,22,1,7,1,60,2,1,1
13282,1.0,1.0,2.0,5.0,1.0,5.0,4.0,1.0,5.0,5.0,5.0,5.0,1.0,5.0,1.0,5.0,1.0,5.0,1.0,1.0,1,4,7,5,6,7,6,2,7,4,1,1,1,1,1,0,0,0,0,1,1,0,1,1,1,1,3,3,2,1,56,1,1,1,60,1,2,6
13283,4.0,3.0,3.0,4.0,5.0,3.0,3.0,2.0,4.0,4.0,1.0,5.0,3.0,2.0,2.0,3.0,2.0,4.0,4.0,2.0,5,6,3,3,6,1,7,7,5,5,1,1,1,1,1,0,0,0,0,1,1,0,1,1,1,1,3,3,2,2,28,1,2,1,60,1,1,2
13284,5.0,2.0,5.0,1.0,5.0,1.0,1.0,5.0,1.0,5.0,1.0,5.0,5.0,1.0,3.0,4.0,4.0,5.0,3.0,4.0,7,6,7,2,7,4,6,1,2,1,1,1,0,1,1,0,1,1,0,1,0,0,1,1,1,1,3,3,2,2,25,1,12,1,60,2,1,2
13285,1.0,5.0,1.0,1.0,5.0,1.0,1.0,5.0,1.0,1.0,1.0,5.0,5.0,1.0,5.0,1.0,1.0,5.0,5.0,5.0,6,3,5,2,7,2,0,0,0,0,1,1,1,1,1,1,1,1,0,1,1,0,1,1,1,1,3,2,1,1,46,1,2,2,60,1,3,3
13286,2.0,4.0,5.0,2.0,2.0,2.0,1.0,2.0,5.0,3.0,1.0,4.0,2.0,1.0,2.0,4.0,2.0,4.0,4.0,1.0,6,3,6,3,6,3,5,3,4,3,1,1,0,1,1,0,0,0,0,1,0,0,1,1,1,1,3,3,1,1,25,1,2,1,10,2,1,3
13287,5.0,2.0,5.0,2.0,5.0,4.0,1.0,5.0,4.0,1.0,5.0,4.0,4.0,1.0,5.0,1.0,1.0,5.0,5.0,3.0,5,7,3,7,5,1,4,5,1,1,1,1,0,1,1,0,0,0,0,1,0,0,1,1,1,1,3,3,1,1,18,1,9,2,60,0,1,1
13288,1.0,4.0,5.0,5.0,2.0,4.0,2.0,1.0,5.0,5.0,3.0,2.0,1.0,4.0,1.0,5.0,4.0,1.0,4.0,1.0,6,2,6,2,6,2,7,2,6,2,1,1,0,1,1,1,1,1,0,1,1,0,0,1,1,1,4,2,2,1,46,1,2,1,60,1,3,2
13289,4.0,4.0,4.0,3.0,3.0,4.0,2.0,4.0,4.0,4.0,3.0,4.0,1.0,2.0,3.0,4.0,2.0,3.0,3.0,3.0,2,2,6,2,4,3,6,3,6,3,1,1,0,1,1,0,0,0,0,1,0,0,0,1,1,1,3,3,1,2,30,1,10,1,70,1,1,2
13290,1.0,1.0,5.0,5.0,1.0,5.0,5.0,1.0,5.0,5.0,1.0,5.0,5.0,5.0,1.0,5.0,5.0,5.0,1.0,1.0,7,1,7,5,7,7,7,1,7,1,1,1,0,1,1,0,0,0,0,1,0,0,1,0,1,1,4,1,1,1,45,1,6,1,60,1,2,3
13291,1.0,4.0,5.0,2.0,1.0,4.0,2.0,1.0,5.0,5.0,3.0,1.0,4.0,3.0,5.0,4.0,2.0,4.0,5.0,1.0,7,1,7,1,7,7,6,5,7,1,1,1,1,1,1,0,1,1,0,1,0,0,1,1,1,1,4,3,1,1,74,1,6,1,30,2,2,1
13292,4.0,5.0,1.0,1.0,5.0,1.0,1.0,4.0,3.0,2.0,1.0,5.0,3.0,1.0,4.0,1.0,1.0,5.0,5.0,5.0,7,5,5,3,7,5,1,3,6,1,1,1,0,1,1,1,1,0,0,1,0,1,1,1,1,1,4,3,1,2,24,1,8,1,10,1,1,1
13293,5.0,4.0,3.0,4.0,3.0,2.0,1.0,5.0,3.0,4.0,5.0,5.0,4.0,1.0,2.0,1.0,5.0,3.0,3.0,2.0,3,5,6,7,6,7,4,2,3,2,1,1,0,1,1,0,0,0,0,1,0,0,0,1,1,1,3,2,1,2,25,1,4,1,10,1,1,3
13294,5.0,4.0,5.0,2.0,3.0,5.0,2.0,3.0,5.0,4.0,2.0,4.0,3.0,4.0,3.0,2.0,2.0,5.0,5.0,4.0,3,1,5,5,4,5,6,2,7,4,1,0,0,1,1,0,0,0,0,1,0,0,1,1,1,1,4,3,2,2,23,1,8,1,10,1,1,1
13295,2.0,4.0,3.0,3.0,5.0,3.0,2.0,5.0,5.0,4.0,2.0,5.0,1.0,2.0,4.0,5.0,4.0,4.0,1.0,2.0,1,6,6,4,7,7,3,5,4,1,1,1,1,1,1,0,0,1,0,1,0,0,1,1,1,1,3,3,2,2,34,2,4,1,60,2,1,3
13296,5.0,4.0,3.0,1.0,5.0,1.0,1.0,5.0,3.0,2.0,1.0,4.0,5.0,1.0,1.0,1.0,1.0,5.0,5.0,5.0,1,6,7,7,7,7,2,7,1,1,1,1,0,1,1,0,0,0,0,1,0,0,0,1,1,1,3,3,1,2,20,2,1,1,60,1,1,1
13297,5.0,3.0,2.0,1.0,4.0,1.0,1.0,4.0,3.0,2.0,1.0,4.0,3.0,1.0,3.0,1.0,1.0,5.0,5.0,4.0,2,4,6,3,7,6,4,6,5,6,1,1,0,1,1,0,0,0,0,1,0,0,0,1,1,1,4,3,1,2,38,2,2,1,60,1,2,2
13298,2.0,4.0,2.0,4.0,4.0,5.0,2.0,2.0,5.0,2.0,1.0,4.0,5.0,2.0,4.0,1.0,4.0,3.0,5.0,1.0,7,7,5,1,7,2,7,3,3,1,1,1,0,1,1,0,0,0,0,1,0,0,0,1,1,1,3,1,2,2,25,1,2,1,60,2,1,2
13299,5.0,5.0,4.0,1.0,5.0,4.0,4.0,4.0,5.0,3.0,4.0,4.0,5.0,1.0,4.0,1.0,1.0,5.0,3.0,5.0,5,6,5,7,4,2,5,4,6,1,0,1,0,0,1,0,0,0,0,1,0,0,0,0,0,1,2,1,2,2,16,0,6,0,60,2,1,2
13300,5.0,3.0,2.0,2.0,4.0,1.0,2.0,4.0,3.0,3.0,2.0,5.0,4.0,1.0,4.0,4.0,1.0,4.0,5.0,4.0,1,6,5,1,4,6,3,3,6,3,1,1,0,1,1,0,0,0,0,1,0,0,0,1,1,1,3,3,1,2,20,3,4,1,70,1,2,2
13301,1.0,1.0,2.0,1.0,4.0,2.0,1.0,1.0,3.0,1.0,1.0,4.0,1.0,1.0,3.0,2.0,2.0,5.0,5.0,1.0,2,3,5,3,6,6,4,4,6,1,1,1,1,1,1,0,1,1,0,1,0,0,1,1,1,1,2,2,1,1,20,1,1,1,60,1,1,4
13302,4.0,5.0,4.0,1.0,5.0,1.0,1.0,4.0,1.0,4.0,1.0,5.0,4.0,1.0,5.0,1.0,5.0,4.0,5.0,2.0,3,7,6,7,6,5,5,3,2,1,1,1,1,1,1,1,1,1,0,1,1,0,1,1,1,1,3,3,2,2,24,1,2,2,70,2,1,1
13303,5.0,5.0,2.0,1.0,5.0,1.0,1.0,5.0,1.0,2.0,2.0,5.0,5.0,1.0,5.0,1.0,1.0,5.0,5.0,4.0,2,6,2,7,3,5,1,6,1,6,1,1,0,1,1,0,0,0,1,1,0,0,1,1,1,1,1,3,3,1,14,1,9,2,60,2,1,3
13304,4.0,4.0,2.0,1.0,5.0,1.0,1.0,3.0,3.0,2.0,2.0,5.0,3.0,2.0,4.0,1.0,1.0,5.0,5.0,1.0,5,1,5,1,2,6,7,1,5,1,1,1,0,1,0,0,0,0,0,1,0,0,0,0,1,1,2,2,1,2,18,1,6,1,10,2,1,1
13305,4.0,2.0,3.0,3.0,3.0,2.0,3.0,5.0,4.0,2.0,1.0,2.0,3.0,2.0,1.0,1.0,3.0,3.0,5.0,5.0,2,5,3,6,6,6,4,5,2,5,1,1,0,1,1,0,0,0,0,1,0,0,0,1,1,1,4,3,1,2,25,1,8,1,10,2,1,2
13306,3.0,1.0,2.0,3.0,2.0,4.0,2.0,1.0,5.0,5.0,2.0,2.0,2.0,5.0,3.0,4.0,2.0,1.0,4.0,1.0,7,5,7,7,7,7,7,2,5,1,1,0,0,1,1,0,0,0,0,1,0,0,0,0,1,1,2,2,2,1,14,1,2,5,60,2,1,3
13307,4.0,2.0,3.0,1.0,5.0,1.0,1.0,4.0,4.0,3.0,4.0,2.0,5.0,1.0,5.0,2.0,2.0,4.0,5.0,5.0,6,6,7,4,7,2,6,3,5,1,1,1,0,1,1,0,0,0,0,1,0,0,0,1,1,1,1,3,2,1,14,1,4,1,60,2,1,3
13308,2.0,5.0,1.0,1.0,4.0,2.0,2.0,5.0,4.0,2.0,2.0,5.0,5.0,1.0,5.0,1.0,3.0,4.0,3.0,5.0,6,5,3,1,6,1,2,1,2,2,0,0,0,1,1,0,0,0,0,1,0,0,0,1,0,1,3,3,2,2,25,1,2,1,60,2,1,1
13309,2.0,4.0,4.0,4.0,3.0,2.0,2.0,2.0,3.0,4.0,2.0,4.0,2.0,2.0,4.0,1.0,1.0,2.0,5.0,1.0,6,3,6,3,6,5,6,3,5,2,1,1,0,1,1,0,0,0,0,1,0,0,1,1,1,1,3,3,1,2,27,1,1,1,60,1,1,2
13310,5.0,5.0,2.0,3.0,4.0,5.0,1.0,4.0,5.0,3.0,1.0,1.0,1.0,1.0,4.0,4.0,3.0,5.0,5.0,1.0,6,7,7,7,6,5,6,2,3,2,1,1,0,1,1,0,0,0,0,1,0,0,0,0,0,1,2,3,2,2,24,1,2,1,60,2,1,2
13311,2.0,4.0,3.0,4.0,5.0,3.0,1.0,1.0,5.0,4.0,2.0,4.0,1.0,3.0,3.0,5.0,2.0,4.0,5.0,1.0,6,4,7,2,7,2,6,1,4,1,1,1,1,1,1,0,0,0,0,1,0,1,1,1,1,1,2,3,1,2,23,3,6,1,70,2,1,4
13312,3.0,4.0,2.0,3.0,4.0,2.0,1.0,5.0,2.0,2.0,2.0,5.0,3.0,2.0,4.0,3.0,1.0,4.0,4.0,3.0,1,4,4,2,4,6,4,3,6,2,1,1,1,1,1,0,0,1,0,1,1,0,1,1,1,1,3,1,2,2,26,1,2,2,60,2,1,2
13313,5.0,5.0,5.0,5.0,5.0,5.0,5.0,3.0,5.0,4.0,3.0,5.0,2.0,4.0,5.0,4.0,1.0,4.0,5.0,1.0,7,2,7,1,7,4,7,3,6,2,1,0,0,1,1,0,1,0,0,1,0,1,0,1,1,1,1,2,1,1,15,3,6,1,50,2,1,2
13314,5.0,5.0,1.0,2.0,5.0,5.0,1.0,5.0,5.0,5.0,1.0,5.0,5.0,1.0,5.0,1.0,1.0,5.0,5.0,5.0,7,6,5,5,4,1,6,1,3,6,1,1,0,1,1,0,0,0,0,1,0,1,0,1,1,1,1,2,1,1,15,3,6,1,60,2,1,2
13315,5.0,4.0,5.0,1.0,5.0,3.0,3.0,4.0,4.0,2.0,2.0,4.0,1.0,5.0,5.0,3.0,4.0,4.0,5.0,2.0,6,5,4,2,7,2,3,4,3,1,1,1,1,1,1,0,0,1,0,1,1,0,0,1,1,1,3,3,2,2,35,1,6,1,60,1,1,3
13316,5.0,2.0,1.0,4.0,4.0,1.0,1.0,2.0,2.0,1.0,1.0,4.0,4.0,1.0,5.0,3.0,2.0,4.0,5.0,2.0,6,5,5,6,6,3,5,2,5,5,1,1,0,1,1,1,0,1,0,1,0,0,1,1,1,1,3,2,1,1,22,1,6,1,60,1,1,2
13317,4.0,4.0,2.0,3.0,5.0,2.0,1.0,4.0,5.0,1.0,1.0,5.0,4.0,2.0,2.0,3.0,1.0,2.0,5.0,1.0,2,6,7,2,7,6,6,2,6,6,1,1,1,1,1,0,1,1,0,1,1,1,1,1,1,1,3,3,1,1,46,1,1,1,60,1,1,2
13318,5.0,4.0,1.0,1.0,4.0,1.0,1.0,3.0,3.0,2.0,1.0,5.0,4.0,2.0,3.0,1.0,2.0,5.0,5.0,1.0,1,6,2,7,6,7,2,6,1,7,1,1,1,1,1,0,1,1,0,1,1,0,1,1,1,1,2,2,1,1,42,1,3,1,60,1,2,2
13319,4.0,5.0,2.0,1.0,4.0,1.0,1.0,5.0,2.0,5.0,1.0,4.0,4.0,1.0,4.0,2.0,3.0,5.0,5.0,5.0,7,7,6,6,6,2,6,4,3,1,1,1,1,1,1,0,1,0,0,1,0,1,1,1,1,1,4,3,1,2,24,1,2,1,60,1,1,3
13320,1.0,1.0,5.0,1.0,5.0,4.0,2.0,4.0,4.0,5.0,1.0,5.0,3.0,1.0,1.0,5.0,1.0,5.0,5.0,1.0,3,5,5,3,7,5,6,7,5,1,1,1,1,1,1,0,1,1,0,1,0,1,1,1,1,1,4,2,1,1,40,2,2,3,60,1,2,4
13321,1.0,1.0,2.0,5.0,5.0,4.0,1.0,1.0,5.0,4.0,1.0,2.0,4.0,2.0,4.0,1.0,4.0,5.0,4.0,4.0,5,1,5,5,7,5,7,6,5,1,1,1,1,1,1,1,0,1,1,1,0,0,1,1,1,1,4,1,2,1,55,1,6,1,60,2,2,3
13322,5.0,4.0,2.0,3.0,1.0,1.0,1.0,4.0,5.0,2.0,1.0,4.0,1.0,1.0,3.0,1.0,1.0,5.0,5.0,4.0,2,6,3,6,3,6,3,4,6,5,1,1,1,1,1,0,0,0,0,1,0,1,1,1,1,1,2,2,1,1,19,1,2,1,60,1,1,2
13323,2.0,5.0,4.0,3.0,2.0,3.0,1.0,4.0,5.0,5.0,1.0,3.0,3.0,2.0,4.0,4.0,3.0,2.0,5.0,1.0,2,6,6,6,7,5,4,5,7,1,1,1,1,1,1,1,1,1,1,1,1,0,1,1,1,1,3,3,1,2,23,2,2,3,60,1,2,1
13324,1.0,1.0,4.0,3.0,1.0,5.0,5.0,1.0,5.0,5.0,1.0,2.0,1.0,4.0,1.0,5.0,4.0,1.0,3.0,1.0,6,5,0,2,7,2,5,1,6,1,1,1,1,1,1,0,1,1,0,1,0,0,1,1,1,1,3,3,1,1,42,1,3,1,60,1,2,2
13325,5.0,1.0,4.0,4.0,2.0,5.0,5.0,1.0,5.0,5.0,1.0,5.0,4.0,1.0,1.0,4.0,2.0,4.0,5.0,1.0,2,3,5,4,7,7,5,6,4,1,1,1,1,1,1,0,0,1,0,1,0,0,1,1,1,1,2,3,2,2,21,1,2,2,60,1,1,0
13326,2.0,2.0,4.0,3.0,4.0,4.0,1.0,1.0,5.0,5.0,3.0,2.0,1.0,5.0,4.0,4.0,2.0,3.0,4.0,1.0,6,4,6,5,6,1,6,2,6,2,1,1,0,1,1,0,0,0,0,1,0,0,0,1,1,1,4,3,2,2,22,1,4,1,60,2,1,5
13327,1.0,4.0,5.0,1.0,5.0,1.0,1.0,1.0,1.0,1.0,1.0,5.0,5.0,1.0,1.0,1.0,1.0,5.0,3.0,1.0,1,7,1,7,4,5,1,7,2,2,1,1,0,1,1,0,0,0,0,1,1,0,1,1,1,1,3,2,1,1,52,1,12,1,60,1,2,1
13328,1.0,4.0,1.0,5.0,4.0,5.0,4.0,1.0,5.0,5.0,1.0,1.0,5.0,1.0,4.0,1.0,5.0,1.0,4.0,1.0,5,6,7,3,6,3,6,5,3,1,1,1,0,1,1,0,0,1,0,1,1,0,1,1,1,1,4,1,1,2,32,1,2,1,60,2,1,4
13329,3.0,3.0,4.0,3.0,1.0,4.0,2.0,2.0,4.0,3.0,3.0,3.0,1.0,2.0,5.0,2.0,2.0,3.0,5.0,1.0,3,4,6,4,5,5,4,1,3,5,1,1,1,1,1,0,1,0,0,1,1,0,1,1,1,1,3,2,1,1,36,1,2,1,60,1,2,4
13330,5.0,2.0,3.0,4.0,5.0,1.0,1.0,1.0,4.0,2.0,1.0,5.0,5.0,2.0,1.0,1.0,1.0,4.0,5.0,1.0,7,7,7,2,6,1,5,6,6,1,1,1,1,1,1,0,1,1,0,1,1,0,1,1,1,1,3,2,1,1,36,1,2,1,70,1,1,2
13331,5.0,4.0,2.0,1.0,5.0,1.0,1.0,3.0,3.0,4.0,1.0,5.0,4.0,1.0,5.0,1.0,1.0,4.0,3.0,3.0,1,6,6,2,6,5,4,2,2,2,1,1,1,1,1,0,1,1,0,1,1,0,1,1,1,1,3,3,1,2,45,1,2,2,60,2,1,1
13332,1.0,2.0,3.0,3.0,2.0,3.0,3.0,1.0,5.0,4.0,1.0,2.0,1.0,3.0,2.0,4.0,2.0,3.0,5.0,2.0,2,5,6,2,5,7,5,2,5,3,1,1,0,1,1,0,0,1,0,1,0,0,1,1,1,1,3,3,2,1,32,1,12,2,60,2,3,3
13333,3.0,4.0,3.0,4.0,4.0,3.0,1.0,1.0,4.0,5.0,1.0,4.0,3.0,1.0,1.0,1.0,3.0,4.0,3.0,4.0,7,2,7,1,7,1,7,7,6,1,1,1,0,1,1,0,0,1,0,1,1,0,1,1,1,1,2,3,1,2,20,1,0,1,60,2,1,1
13334,1.0,1.0,2.0,2.0,2.0,5.0,2.0,2.0,4.0,4.0,2.0,4.0,2.0,2.0,1.0,1.0,2.0,2.0,3.0,1.0,3,6,6,7,2,2,6,3,1,1,1,1,1,1,1,0,1,0,1,1,1,0,0,1,1,1,3,3,1,2,19,1,2,2,60,1,1,3
13335,4.0,4.0,2.0,2.0,5.0,5.0,4.0,4.0,4.0,4.0,3.0,5.0,4.0,1.0,5.0,2.0,2.0,5.0,4.0,1.0,2,6,6,6,7,5,5,2,2,7,0,1,0,1,1,0,0,0,0,1,0,0,1,1,0,1,4,3,1,2,23,1,4,1,60,1,1,3
13336,4.0,4.0,2.0,4.0,4.0,2.0,1.0,1.0,4.0,3.0,1.0,2.0,3.0,4.0,5.0,1.0,3.0,4.0,5.0,3.0,6,5,6,2,6,5,7,5,6,1,1,1,1,1,1,0,0,1,0,1,0,0,1,1,1,1,3,3,2,1,37,1,4,1,60,1,2,3
13337,2.0,4.0,3.0,2.0,2.0,1.0,1.0,1.0,1.0,1.0,1.0,3.0,4.0,1.0,4.0,1.0,1.0,4.0,5.0,3.0,6,5,5,5,6,3,5,3,4,1,1,1,0,1,1,0,0,1,0,1,1,0,1,1,1,1,3,1,1,1,29,1,4,2,60,1,1,2
13338,5.0,5.0,5.0,5.0,1.0,2.0,1.0,1.0,5.0,2.0,1.0,4.0,3.0,1.0,4.0,5.0,1.0,4.0,4.0,1.0,7,7,6,1,7,4,6,3,7,1,1,1,0,1,1,1,0,0,0,1,1,0,1,1,1,1,2,2,1,1,27,3,12,2,10,1,1,2
13339,1.0,1.0,4.0,5.0,1.0,4.0,4.0,1.0,5.0,5.0,3.0,1.0,1.0,4.0,3.0,4.0,4.0,3.0,2.0,2.0,2,2,6,1,7,6,6,5,7,2,1,1,0,1,1,0,0,1,0,1,0,0,1,1,1,1,3,2,1,2,37,2,2,1,60,2,2,2
13340,5.0,2.0,1.0,4.0,5.0,1.0,1.0,4.0,3.0,5.0,1.0,5.0,5.0,3.0,1.0,1.0,5.0,4.0,5.0,5.0,5,7,7,1,6,6,4,1,6,2,1,1,1,1,1,0,0,0,0,1,0,1,1,1,1,1,3,1,1,2,31,1,1,1,10,1,2,2
13341,5.0,5.0,5.0,4.0,4.0,3.0,1.0,1.0,4.0,1.0,2.0,5.0,3.0,2.0,4.0,4.0,1.0,4.0,4.0,5.0,7,7,6,1,7,1,6,7,5,1,1,1,1,1,1,0,0,1,0,1,1,0,1,1,1,1,3,1,1,1,39,1,2,1,60,1,3,4
13342,3.0,3.0,4.0,4.0,2.0,4.0,1.0,2.0,2.0,3.0,2.0,4.0,2.0,4.0,5.0,1.0,1.0,4.0,5.0,1.0,7,5,6,3,6,1,6,5,5,2,1,1,0,1,1,0,0,1,0,1,0,0,1,1,1,1,3,2,1,1,28,1,1,1,60,1,1,1
13343,3.0,3.0,2.0,3.0,4.0,1.0,2.0,3.0,2.0,4.0,1.0,1.0,1.0,1.0,3.0,5.0,1.0,4.0,4.0,3.0,3,6,7,5,6,6,7,1,6,2,1,1,1,1,1,0,0,0,0,1,0,1,1,1,1,1,4,3,0,1,37,1,4,1,70,1,1,2
13344,2.0,5.0,5.0,5.0,5.0,4.0,1.0,5.0,5.0,1.0,1.0,4.0,5.0,2.0,4.0,5.0,1.0,5.0,1.0,1.0,2,6,6,6,3,3,6,3,5,5,1,1,0,1,0,0,0,0,0,1,0,0,1,0,1,1,3,1,1,1,37,1,4,1,60,1,2,4
13345,5.0,4.0,2.0,4.0,4.0,1.0,2.0,1.0,3.0,2.0,1.0,3.0,4.0,2.0,5.0,1.0,3.0,5.0,5.0,3.0,5,2,4,5,7,3,6,2,3,1,1,1,1,1,1,0,1,1,0,1,1,0,1,1,1,1,2,1,1,1,41,1,12,2,60,2,3,2
13346,4.0,4.0,3.0,2.0,4.0,2.0,1.0,3.0,4.0,2.0,2.0,4.0,4.0,2.0,2.0,1.0,1.0,2.0,5.0,1.0,2,3,7,3,5,7,5,5,6,1,1,1,0,1,1,0,0,0,0,1,0,0,1,1,1,1,2,2,2,1,19,1,6,1,60,1,1,3
13347,1.0,2.0,3.0,5.0,2.0,2.0,2.0,2.0,5.0,2.0,3.0,1.0,3.0,3.0,5.0,1.0,1.0,5.0,1.0,1.0,5,5,5,4,7,3,6,5,3,1,1,1,0,1,1,0,0,0,0,1,1,0,1,1,1,1,3,2,1,1,23,1,1,2,60,1,1,3
13348,3.0,4.0,3.0,1.0,3.0,1.0,1.0,4.0,3.0,3.0,1.0,5.0,4.0,2.0,5.0,1.0,1.0,5.0,4.0,2.0,1,6,7,5,7,7,4,2,4,1,1,1,0,1,1,0,0,1,0,1,0,0,1,1,1,1,2,1,1,1,20,1,12,3,30,2,1,2
13349,5.0,5.0,2.0,1.0,5.0,1.0,1.0,4.0,1.0,1.0,1.0,5.0,3.0,1.0,5.0,1.0,1.0,5.0,5.0,4.0,1,7,7,7,2,4,1,1,6,2,1,1,1,1,1,0,0,0,0,1,1,0,1,1,1,1,3,1,1,1,42,2,1,1,60,2,2,2
13350,1.0,2.0,5.0,4.0,1.0,4.0,4.0,3.0,5.0,2.0,1.0,3.0,2.0,1.0,1.0,1.0,3.0,4.0,4.0,1.0,1,1,4,6,6,4,7,6,4,1,1,1,0,1,1,0,0,1,0,1,0,0,1,1,1,1,3,1,2,1,23,1,12,3,60,1,1,4
13351,4.0,3.0,3.0,3.0,5.0,2.0,2.0,2.0,4.0,4.0,1.0,4.0,3.0,3.0,3.0,2.0,1.0,4.0,3.0,4.0,1,6,6,5,5,7,4,3,5,4,1,1,1,1,1,0,1,1,0,1,1,0,1,1,1,1,3,2,1,1,27,1,12,1,60,1,1,3
13352,1.0,4.0,4.0,4.0,5.0,3.0,3.0,3.0,5.0,2.0,2.0,3.0,2.0,4.0,4.0,3.0,5.0,4.0,5.0,1.0,3,2,6,6,6,7,4,5,4,1,1,1,0,1,1,0,0,0,0,1,1,1,1,1,1,1,3,3,2,1,32,1,12,2,60,1,1,2
13353,3.0,4.0,5.0,5.0,1.0,5.0,4.0,2.0,5.0,5.0,5.0,5.0,1.0,5.0,1.0,3.0,5.0,1.0,5.0,1.0,7,3,3,3,5,1,7,5,6,1,1,1,0,1,1,0,0,0,0,1,0,0,1,1,1,1,1,3,1,1,15,1,2,1,10,2,1,2
13354,1.0,2.0,5.0,4.0,2.0,4.0,2.0,2.0,5.0,4.0,2.0,1.0,1.0,5.0,1.0,1.0,2.0,2.0,2.0,1.0,3,2,5,5,5,3,7,2,6,2,1,1,1,1,1,0,0,0,0,1,0,0,1,1,1,1,3,2,2,1,35,1,6,1,60,1,1,2
13355,2.0,4.0,5.0,1.0,2.0,2.0,3.0,4.0,5.0,2.0,1.0,4.0,3.0,3.0,5.0,2.0,1.0,1.0,4.0,1.0,7,1,7,5,6,7,6,2,4,1,1,1,1,1,1,0,1,1,0,1,1,1,1,1,1,1,3,3,1,1,37,1,4,1,60,1,1,2
13356,2.0,2.0,3.0,3.0,4.0,4.0,2.0,2.0,5.0,3.0,1.0,4.0,5.0,2.0,1.0,4.0,3.0,2.0,5.0,1.0,6,6,5,5,7,1,2,3,4,3,1,1,1,1,1,0,0,0,0,1,1,1,1,1,1,1,3,2,2,1,25,1,12,1,60,1,1,3
13357,5.0,5.0,5.0,4.0,4.0,5.0,4.0,3.0,5.0,2.0,4.0,1.0,4.0,4.0,3.0,5.0,1.0,4.0,5.0,4.0,5,6,6,7,5,7,4,6,4,5,1,1,0,1,1,0,0,0,0,1,0,0,0,1,1,1,1,2,1,1,16,1,2,2,60,2,1,1
13358,3.0,2.0,4.0,5.0,2.0,5.0,3.0,1.0,5.0,4.0,2.0,1.0,1.0,4.0,2.0,5.0,3.0,1.0,1.0,4.0,4,2,5,5,7,6,6,6,4,1,1,1,0,1,1,0,0,1,0,1,0,0,1,1,1,1,3,3,2,1,21,1,12,2,70,1,1,2
13359,5.0,5.0,1.0,1.0,1.0,1.0,1.0,1.0,5.0,1.0,1.0,5.0,2.0,4.0,3.0,1.0,1.0,5.0,5.0,5.0,6,2,6,2,7,4,5,7,6,1,1,1,1,1,1,0,1,1,0,1,1,1,1,1,1,1,2,3,1,1,47,1,2,1,60,1,1,2
13360,3.0,4.0,3.0,4.0,5.0,4.0,2.0,2.0,5.0,5.0,1.0,4.0,4.0,1.0,4.0,1.0,1.0,5.0,5.0,4.0,5,6,3,4,7,5,7,7,5,3,1,1,1,1,1,0,1,1,0,1,0,0,1,1,1,1,1,3,1,1,34,1,3,5,60,2,3,6
13361,1.0,2.0,4.0,4.0,4.0,5.0,2.0,1.0,5.0,4.0,1.0,2.0,1.0,2.0,3.0,2.0,4.0,4.0,3.0,2.0,2,1,6,5,5,7,6,3,5,6,1,1,1,1,1,0,1,1,0,1,1,0,1,1,1,1,4,3,2,1,59,1,12,1,60,1,3,3
13362,4.0,5.0,1.0,4.0,5.0,2.0,1.0,5.0,4.0,4.0,1.0,5.0,5.0,1.0,4.0,4.0,2.0,4.0,5.0,2.0,1,4,2,5,6,7,6,6,6,4,1,0,0,1,1,0,0,0,0,1,0,0,0,1,1,1,3,3,2,2,20,1,2,2,10,2,1,1
13363,2.0,4.0,4.0,4.0,4.0,2.0,2.0,4.0,3.0,2.0,1.0,3.0,4.0,3.0,5.0,3.0,3.0,5.0,5.0,1.0,2,2,6,6,6,6,7,6,2,3,0,0,0,0,0,0,0,0,0,0,0,1,0,1,0,0,2,2,1,1,18,2,7,2,30,2,1,3
13364,5.0,4.0,1.0,1.0,5.0,2.0,1.0,5.0,2.0,4.0,4.0,5.0,5.0,1.0,5.0,1.0,5.0,5.0,5.0,4.0,4,7,5,5,5,3,3,3,1,1,1,1,0,1,1,1,0,1,1,1,1,1,1,1,1,1,2,2,1,2,20,1,2,3,70,2,1,3
13365,4.0,4.0,4.0,3.0,1.0,3.0,3.0,2.0,5.0,5.0,3.0,5.0,3.0,1.0,2.0,2.0,5.0,2.0,5.0,1.0,7,3,6,1,5,3,7,1,4,1,1,1,1,1,1,0,0,1,0,1,1,0,0,1,1,1,4,3,2,2,44,1,4,1,60,2,3,2
13366,4.0,4.0,5.0,5.0,4.0,4.0,3.0,5.0,4.0,2.0,1.0,3.0,4.0,3.0,3.0,4.0,3.0,4.0,4.0,3.0,6,5,4,6,7,5,5,3,6,3,1,1,0,1,1,0,0,1,0,1,0,0,0,1,1,1,3,3,2,2,28,1,10,1,60,2,2,2
13367,1.0,1.0,4.0,4.0,1.0,4.0,3.0,1.0,5.0,5.0,2.0,4.0,4.0,4.0,4.0,4.0,3.0,3.0,4.0,1.0,6,5,3,5,6,6,7,6,2,1,1,1,1,1,1,1,1,1,0,1,1,0,1,1,1,1,3,3,3,1,31,1,2,2,60,1,1,2
13368,4.0,4.0,2.0,1.0,2.0,3.0,1.0,2.0,3.0,1.0,2.0,4.0,1.0,1.0,4.0,2.0,1.0,3.0,4.0,1.0,6,7,5,5,7,5,6,1,3,2,1,1,0,1,1,0,0,0,0,1,0,0,1,1,1,1,3,1,1,1,24,1,6,1,60,2,1,2
13369,4.0,2.0,4.0,2.0,4.0,4.0,4.0,4.0,5.0,4.0,2.0,3.0,3.0,2.0,4.0,3.0,4.0,4.0,5.0,2.0,4,4,5,5,5,6,5,2,3,5,1,1,0,1,1,0,0,1,0,1,0,0,0,1,1,1,4,3,1,2,24,1,12,1,60,1,1,2
13370,2.0,4.0,2.0,1.0,4.0,2.0,4.0,4.0,2.0,2.0,1.0,2.0,1.0,1.0,4.0,2.0,4.0,5.0,4.0,1.0,6,6,5,5,5,3,3,2,3,5,1,1,0,1,0,0,0,1,0,1,0,0,0,1,1,1,3,3,2,2,24,1,7,1,60,2,1,2
13371,5.0,5.0,1.0,2.0,5.0,2.0,1.0,5.0,2.0,1.0,1.0,5.0,5.0,1.0,5.0,2.0,4.0,5.0,4.0,3.0,6,7,6,3,6,1,7,5,1,2,1,1,1,1,1,1,0,1,1,1,1,0,1,1,1,1,3,2,2,1,40,1,2,2,60,1,3,3
13372,5.0,4.0,3.0,1.0,5.0,1.0,2.0,5.0,5.0,2.0,1.0,5.0,4.0,1.0,2.0,2.0,1.0,5.0,4.0,1.0,1,1,6,5,6,7,4,3,5,2,1,1,0,1,0,0,0,0,0,1,0,0,0,1,1,1,3,3,2,2,21,1,1,4,10,2,1,3
13373,2.0,3.0,2.0,1.0,4.0,4.0,2.0,4.0,5.0,2.0,1.0,4.0,2.0,1.0,2.0,2.0,2.0,4.0,5.0,1.0,6,7,7,4,7,1,6,1,3,2,1,1,0,1,1,1,1,1,0,1,1,0,1,1,1,1,4,3,2,1,27,1,2,2,60,1,3,2
13374,3.0,5.0,2.0,4.0,2.0,5.0,1.0,4.0,5.0,2.0,1.0,3.0,3.0,2.0,5.0,1.0,1.0,5.0,5.0,3.0,3,5,7,2,6,6,3,2,6,6,1,1,1,1,1,0,0,0,0,1,0,0,1,1,1,1,3,2,1,1,22,1,12,1,60,1,1,4
13375,5.0,5.0,3.0,3.0,4.0,3.0,1.0,2.0,2.0,2.0,2.0,5.0,3.0,1.0,5.0,1.0,1.0,5.0,5.0,1.0,6,7,7,1,7,1,6,2,4,5,1,1,0,1,1,0,0,1,0,1,0,1,0,1,1,1,3,3,2,2,27,1,2,1,60,1,1,1
13376,4.0,5.0,1.0,2.0,4.0,1.0,1.0,4.0,2.0,2.0,1.0,5.0,4.0,2.0,5.0,2.0,2.0,4.0,5.0,2.0,3,6,5,7,5,7,2,2,6,4,1,1,0,1,1,0,0,1,0,1,0,0,1,1,1,1,4,1,1,1,23,1,1,1,60,1,1,2
13377,5.0,5.0,1.0,1.0,5.0,1.0,1.0,4.0,1.0,1.0,1.0,5.0,5.0,1.0,5.0,1.0,1.0,5.0,5.0,3.0,7,7,6,1,5,7,5,1,6,1,1,1,0,1,1,0,0,0,0,1,0,0,1,1,1,1,3,2,1,2,30,1,2,1,60,1,1,3
13378,5.0,4.0,2.0,1.0,3.0,3.0,1.0,5.0,3.0,1.0,2.0,4.0,5.0,2.0,4.0,5.0,1.0,1.0,4.0,5.0,7,6,2,3,6,1,4,5,6,1,1,1,0,1,1,0,0,1,0,1,0,0,1,0,1,1,2,3,2,2,20,1,10,1,20,2,1,3
13379,1.0,1.0,3.0,5.0,2.0,2.0,2.0,4.0,5.0,3.0,2.0,5.0,2.0,1.0,1.0,1.0,5.0,3.0,3.0,4.0,7,2,7,1,6,4,6,2,7,2,1,1,0,1,1,0,0,0,0,1,1,0,0,1,1,1,3,3,2,2,50,1,6,1,60,2,2,2
13380,5.0,5.0,4.0,1.0,5.0,1.0,1.0,1.0,5.0,2.0,1.0,5.0,4.0,1.0,5.0,1.0,3.0,5.0,5.0,5.0,6,2,3,6,3,2,6,2,2,2,1,1,1,1,1,1,0,1,0,1,0,0,1,1,1,1,2,3,2,2,37,1,2,2,60,2,2,2
13381,5.0,2.0,5.0,4.0,4.0,1.0,5.0,5.0,5.0,2.0,2.0,5.0,4.0,1.0,3.0,3.0,4.0,5.0,5.0,3.0,1,7,5,5,7,6,5,5,2,2,1,1,0,1,1,0,0,1,0,0,0,0,0,1,1,1,3,3,2,2,23,1,12,2,70,2,1,4
13382,4.0,5.0,5.0,4.0,5.0,5.0,4.0,5.0,4.0,5.0,4.0,4.0,5.0,4.0,5.0,4.0,2.0,5.0,1.0,1.0,7,7,5,7,5,7,5,6,5,5,1,1,0,1,1,0,0,1,0,1,0,0,0,1,1,1,0,3,1,2,20,1,4,0,10,2,1,3
13383,5.0,5.0,1.0,1.0,5.0,1.0,2.0,4.0,3.0,1.0,1.0,5.0,5.0,1.0,4.0,1.0,1.0,5.0,5.0,2.0,1,1,6,1,5,7,6,1,7,1,1,1,1,1,1,0,1,1,0,1,0,0,1,1,1,1,2,3,1,1,44,1,12,0,30,1,3,1
13384,4.0,4.0,5.0,1.0,5.0,5.0,5.0,2.0,5.0,4.0,1.0,4.0,1.0,2.0,2.0,1.0,1.0,5.0,1.0,4.0,1,2,5,7,6,7,6,4,1,6,1,1,1,1,1,0,1,1,0,1,1,0,1,1,1,1,3,3,1,1,58,1,6,1,60,1,2,3
13385,5.0,5.0,1.0,1.0,5.0,1.0,1.0,5.0,1.0,1.0,1.0,5.0,5.0,1.0,5.0,1.0,1.0,5.0,5.0,5.0,5,7,7,5,3,5,3,1,6,6,1,1,0,1,1,0,0,0,0,1,0,0,0,1,1,1,4,3,1,1,45,2,4,1,60,1,1,2
13386,2.0,1.0,5.0,1.0,4.0,4.0,3.0,3.0,5.0,5.0,1.0,5.0,5.0,1.0,5.0,4.0,1.0,5.0,5.0,3.0,5,4,7,7,7,5,4,2,3,2,1,1,1,1,1,0,0,1,0,1,0,1,0,1,1,1,1,3,2,1,17,1,7,1,60,2,1,3
13387,5.0,5.0,2.0,1.0,5.0,2.0,2.0,5.0,5.0,1.0,1.0,4.0,4.0,1.0,5.0,2.0,1.0,4.0,5.0,5.0,6,7,5,1,5,6,2,1,6,1,1,1,0,1,1,0,0,0,0,1,0,0,1,1,1,1,3,3,1,1,23,1,7,1,30,1,1,2
13388,4.0,5.0,2.0,3.0,3.0,1.0,2.0,4.0,2.0,4.0,1.0,4.0,5.0,2.0,3.0,4.0,1.0,3.0,5.0,5.0,2,2,4,5,6,4,5,5,4,2,1,1,0,1,1,0,0,1,0,1,1,0,1,1,1,1,3,3,2,2,46,1,2,1,60,1,2,2
13389,1.0,1.0,5.0,3.0,2.0,3.0,2.0,1.0,4.0,3.0,2.0,1.0,1.0,3.0,1.0,3.0,5.0,2.0,5.0,1.0,3,5,7,5,7,4,6,3,7,1,1,1,1,1,1,0,1,1,0,1,1,0,1,1,1,1,4,2,2,1,26,1,2,2,70,1,1,1
13390,4.0,2.0,5.0,2.0,5.0,2.0,1.0,5.0,5.0,2.0,1.0,5.0,4.0,2.0,4.0,1.0,2.0,4.0,5.0,3.0,7,7,2,6,6,3,6,7,1,1,1,1,1,1,1,0,0,0,0,1,1,0,1,1,1,1,3,2,2,1,20,1,8,2,10,2,1,2
13391,3.0,1.0,4.0,3.0,4.0,4.0,1.0,4.0,5.0,5.0,2.0,4.0,4.0,2.0,2.0,3.0,1.0,2.0,5.0,1.0,5,5,4,5,7,3,6,5,3,2,1,1,1,1,1,0,0,1,0,1,1,0,1,1,1,1,4,1,2,1,38,1,1,2,20,1,1,7
13392,2.0,1.0,4.0,3.0,2.0,4.0,5.0,3.0,5.0,5.0,3.0,2.0,2.0,4.0,2.0,4.0,1.0,2.0,1.0,1.0,3,2,3,5,6,6,5,5,5,2,1,1,0,1,1,0,0,0,0,1,0,0,0,0,1,1,3,3,1,2,26,1,8,1,10,1,1,2
13393,5.0,5.0,1.0,1.0,5.0,1.0,1.0,5.0,1.0,2.0,1.0,5.0,5.0,1.0,5.0,1.0,2.0,5.0,5.0,4.0,3,7,7,5,5,6,4,1,6,1,0,0,1,0,0,1,0,1,0,0,0,1,0,0,0,0,3,3,1,2,21,1,2,1,60,2,1,2
13394,2.0,1.0,5.0,1.0,1.0,1.0,2.0,1.0,5.0,4.0,3.0,1.0,1.0,1.0,1.0,5.0,1.0,1.0,1.0,3.0,7,4,6,5,7,1,5,7,5,1,1,1,1,0,0,0,0,1,0,1,0,1,1,1,1,1,1,2,1,1,16,1,7,1,30,2,1,3
13395,2.0,3.0,2.0,2.0,5.0,4.0,2.0,2.0,5.0,5.0,1.0,4.0,1.0,1.0,1.0,2.0,1.0,4.0,2.0,1.0,2,2,6,6,5,6,6,2,5,1,1,1,0,1,1,0,0,1,0,1,0,0,1,1,1,1,3,2,1,1,40,1,2,1,60,1,3,3
13396,1.0,1.0,4.0,5.0,2.0,5.0,4.0,1.0,5.0,5.0,2.0,1.0,1.0,4.0,1.0,4.0,2.0,4.0,5.0,1.0,1,2,6,1,7,7,6,5,7,1,1,1,1,1,1,0,0,1,0,1,1,0,1,1,1,1,3,3,1,2,50,1,2,1,60,1,1,3
13397,1.0,1.0,5.0,4.0,1.0,5.0,2.0,1.0,5.0,5.0,5.0,4.0,1.0,5.0,1.0,5.0,5.0,1.0,4.0,1.0,3,1,6,1,6,6,6,1,7,6,1,1,0,1,1,0,0,1,0,1,0,0,0,1,1,1,3,3,2,1,54,1,6,1,60,1,3,3
13398,4.0,4.0,1.0,1.0,4.0,1.0,2.0,4.0,2.0,1.0,1.0,5.0,4.0,1.0,5.0,1.0,1.0,3.0,5.0,1.0,3,6,7,5,6,7,3,2,5,1,1,1,1,1,1,1,1,1,0,1,0,0,1,1,1,1,3,2,1,1,22,1,2,3,60,1,1,3
13399,4.0,5.0,1.0,5.0,5.0,1.0,1.0,5.0,5.0,3.0,2.0,4.0,3.0,2.0,5.0,5.0,1.0,4.0,5.0,3.0,5,5,5,5,7,6,6,3,4,4,1,1,1,1,1,0,0,0,0,1,0,0,1,1,1,1,2,3,2,1,26,1,12,1,60,2,1,1
13400,4.0,4.0,3.0,1.0,5.0,1.0,1.0,5.0,2.0,2.0,1.0,5.0,5.0,1.0,3.0,1.0,1.0,5.0,5.0,5.0,1,5,2,7,4,7,4,5,1,1,1,1,1,1,1,0,1,1,0,1,1,1,1,1,1,1,4,1,2,1,28,1,1,5,60,1,1,2
13401,5.0,5.0,5.0,4.0,5.0,5.0,4.0,4.0,5.0,2.0,3.0,5.0,2.0,1.0,5.0,2.0,1.0,5.0,5.0,4.0,3,7,5,6,6,7,5,5,4,1,1,1,0,1,1,0,0,1,0,1,0,0,1,1,1,1,2,2,1,2,32,1,2,1,60,1,1,3
13402,2.0,1.0,4.0,4.0,2.0,4.0,4.0,2.0,5.0,3.0,3.0,2.0,2.0,3.0,3.0,2.0,3.0,1.0,5.0,1.0,5,3,6,5,6,5,6,2,5,4,1,1,0,1,1,0,0,0,0,1,0,0,1,1,1,1,3,3,2,1,46,1,1,1,60,1,2,1
13403,1.0,1.0,4.0,4.0,1.0,5.0,5.0,2.0,5.0,4.0,3.0,1.0,1.0,1.0,2.0,5.0,2.0,1.0,5.0,1.0,7,5,6,5,6,2,7,1,3,2,1,1,0,1,1,0,0,0,0,1,0,0,1,1,1,1,3,2,2,1,32,1,6,1,60,1,1,1
13404,1.0,1.0,1.0,4.0,1.0,5.0,5.0,2.0,5.0,5.0,3.0,2.0,1.0,2.0,1.0,3.0,5.0,1.0,3.0,1.0,7,1,7,4,6,7,6,1,7,1,0,0,0,0,0,0,0,0,0,0,0,0,0,0,0,0,3,3,1,1,38,1,7,1,30,2,2,4
13405,5.0,5.0,1.0,3.0,4.0,1.0,1.0,4.0,3.0,2.0,2.0,2.0,4.0,1.0,5.0,2.0,2.0,4.0,5.0,3.0,6,5,7,3,6,4,3,2,7,3,1,1,0,1,1,1,0,1,1,0,0,1,1,1,1,1,2,1,1,1,17,1,6,1,60,2,1,4
13406,5.0,5.0,1.0,1.0,4.0,1.0,1.0,5.0,4.0,1.0,1.0,5.0,5.0,1.0,5.0,1.0,1.0,4.0,5.0,3.0,3,6,5,1,7,2,6,1,7,3,1,1,0,1,1,0,0,1,1,1,0,0,0,1,1,1,2,2,1,2,18,1,6,3,60,2,1,4
13407,5.0,5.0,3.0,4.0,3.0,2.0,1.0,5.0,3.0,3.0,3.0,4.0,5.0,3.0,3.0,1.0,3.0,5.0,5.0,5.0,4,5,5,3,6,2,6,2,3,1,0,0,0,0,0,0,0,0,0,0,0,0,0,1,0,0,4,3,2,2,23,3,1,1,10,1,1,2
13408,3.0,4.0,4.0,2.0,4.0,4.0,2.0,2.0,2.0,3.0,1.0,2.0,4.0,2.0,4.0,3.0,2.0,4.0,5.0,1.0,5,3,3,5,7,1,5,5,5,1,1,1,1,1,1,1,0,0,0,1,0,1,1,1,1,1,2,2,1,1,29,2,12,1,60,1,2,6
13409,4.0,5.0,1.0,1.0,5.0,2.0,2.0,3.0,1.0,2.0,1.0,4.0,5.0,2.0,4.0,3.0,3.0,5.0,5.0,4.0,6,6,3,1,7,3,3,2,7,2,1,1,1,1,1,0,0,1,0,1,0,0,1,1,1,1,4,3,1,2,24,1,2,1,60,2,1,4
13410,2.0,3.0,4.0,2.0,4.0,1.0,1.0,2.0,2.0,2.0,1.0,1.0,2.0,2.0,5.0,1.0,1.0,5.0,5.0,1.0,3,5,6,3,6,6,5,3,3,2,1,1,1,1,1,0,1,1,0,1,1,1,1,1,1,1,3,1,2,1,29,1,1,1,60,1,1,2
13411,4.0,3.0,1.0,3.0,3.0,1.0,1.0,1.0,3.0,1.0,1.0,4.0,5.0,1.0,3.0,1.0,1.0,3.0,5.0,3.0,4,4,6,1,7,5,6,4,7,1,1,1,1,1,1,0,1,1,1,1,1,1,1,1,1,1,4,2,1,1,30,3,1,1,60,1,1,1
13412,2.0,4.0,5.0,5.0,1.0,2.0,2.0,4.0,5.0,5.0,2.0,2.0,1.0,5.0,3.0,2.0,3.0,4.0,1.0,1.0,6,5,6,6,5,5,6,5,5,2,1,1,0,1,1,0,0,0,0,1,0,0,1,1,1,1,2,1,2,1,20,1,7,1,60,1,1,2
13413,5.0,5.0,1.0,1.0,4.0,1.0,1.0,5.0,1.0,1.0,1.0,4.0,5.0,1.0,5.0,5.0,1.0,4.0,5.0,5.0,6,5,5,2,7,4,6,3,7,1,0,0,0,0,0,0,0,0,0,1,0,0,0,1,0,0,2,3,1,2,20,1,12,1,60,2,1,2
13414,1.0,2.0,3.0,3.0,2.0,3.0,4.0,1.0,5.0,2.0,2.0,1.0,1.0,4.0,4.0,4.0,2.0,2.0,3.0,1.0,3,5,0,2,6,4,5,3,5,2,1,1,0,1,1,0,0,0,0,1,0,1,1,1,1,1,3,2,1,1,21,1,1,1,60,1,2,2
13415,5.0,4.0,1.0,2.0,4.0,1.0,1.0,4.0,2.0,2.0,1.0,4.0,4.0,3.0,4.0,1.0,2.0,5.0,5.0,1.0,3,1,6,2,4,6,5,2,7,3,1,1,1,1,1,0,0,1,0,1,0,1,1,1,1,1,4,2,2,1,25,1,4,1,60,1,1,6
13416,1.0,2.0,5.0,5.0,1.0,5.0,5.0,2.0,5.0,5.0,4.0,1.0,1.0,4.0,1.0,5.0,5.0,1.0,2.0,1.0,5,6,7,1,7,3,7,1,6,5,1,0,0,1,1,0,0,0,0,0,0,0,1,0,1,1,3,2,1,1,30,1,4,1,60,1,2,3
13417,2.0,4.0,3.0,4.0,4.0,4.0,1.0,3.0,4.0,4.0,2.0,3.0,3.0,4.0,4.0,3.0,2.0,3.0,4.0,2.0,5,6,4,5,7,4,5,5,6,1,1,1,1,1,1,0,0,1,0,1,1,1,1,1,1,1,3,1,1,1,26,1,1,1,60,1,1,2
13418,1.0,1.0,4.0,5.0,3.0,4.0,5.0,1.0,5.0,5.0,3.0,2.0,1.0,2.0,1.0,4.0,5.0,1.0,4.0,1.0,2,5,6,5,5,5,6,4,5,2,1,1,0,1,1,0,0,0,0,1,0,0,1,1,1,1,4,3,2,1,29,1,4,1,60,2,2,4
13419,3.0,4.0,3.0,4.0,4.0,2.0,2.0,4.0,4.0,2.0,4.0,4.0,4.0,2.0,5.0,2.0,2.0,3.0,4.0,2.0,5,3,6,6,6,3,6,2,3,2,1,1,1,1,1,0,1,0,0,1,0,0,1,1,1,1,4,2,2,1,25,1,1,1,60,2,2,3
13420,5.0,5.0,4.0,1.0,4.0,4.0,4.0,2.0,4.0,1.0,3.0,2.0,5.0,2.0,4.0,2.0,1.0,4.0,5.0,4.0,3,7,5,2,7,5,6,3,3,1,0,0,0,1,1,0,0,0,0,0,0,0,0,1,0,1,4,3,1,2,30,1,4,1,70,2,3,1
13421,2.0,4.0,2.0,3.0,2.0,4.0,1.0,5.0,3.0,3.0,2.0,3.0,4.0,2.0,4.0,1.0,3.0,5.0,5.0,2.0,3,4,5,5,7,6,4,5,7,2,1,1,1,1,1,0,0,1,0,1,1,0,1,1,1,1,3,2,1,1,34,1,0,1,60,1,1,4
13422,4.0,3.0,2.0,3.0,3.0,1.0,1.0,1.0,4.0,3.0,3.0,5.0,1.0,1.0,4.0,1.0,1.0,4.0,3.0,4.0,5,1,7,5,4,2,6,6,2,5,1,1,1,1,1,0,1,1,0,1,1,0,1,1,1,1,4,3,1,1,62,0,1,1,60,2,3,2
13423,4.0,4.0,4.0,4.0,4.0,4.0,2.0,2.0,5.0,1.0,3.0,3.0,1.0,3.0,4.0,4.0,2.0,2.0,1.0,4.0,7,2,7,6,7,2,5,1,4,6,1,1,1,1,1,0,1,1,0,1,1,0,1,1,1,1,4,2,2,1,49,1,6,1,60,1,2,1
13424,5.0,4.0,1.0,3.0,2.0,3.0,1.0,5.0,5.0,2.0,1.0,4.0,4.0,2.0,4.0,1.0,1.0,5.0,5.0,3.0,1,6,2,4,6,7,7,7,3,7,1,1,0,1,1,0,0,0,0,1,0,0,1,1,1,1,3,3,1,1,32,1,2,1,60,2,2,2
13425,2.0,2.0,1.0,3.0,2.0,1.0,1.0,4.0,5.0,4.0,1.0,2.0,2.0,1.0,3.0,4.0,1.0,4.0,5.0,4.0,3,2,6,2,5,5,3,1,6,2,0,1,0,1,1,0,0,0,0,1,0,0,1,1,1,1,3,2,1,1,26,1,2,1,60,1,1,4
13426,1.0,4.0,3.0,4.0,3.0,1.0,2.0,4.0,4.0,2.0,4.0,2.0,2.0,3.0,5.0,2.0,2.0,4.0,5.0,2.0,6,6,5,5,3,3,2,5,3,5,1,1,0,1,1,0,0,1,0,1,0,1,1,1,1,1,2,2,2,1,20,1,2,2,60,1,1,2
13427,3.0,2.0,3.0,2.0,4.0,2.0,2.0,4.0,4.0,3.0,2.0,5.0,4.0,2.0,4.0,2.0,2.0,5.0,5.0,2.0,3,5,6,3,6,0,3,3,5,4,1,1,0,1,1,0,0,0,0,1,0,1,1,1,1,1,1,3,2,1,15,1,2,1,60,2,1,4
13428,5.0,5.0,4.0,4.0,5.0,4.0,1.0,5.0,5.0,2.0,3.0,4.0,4.0,2.0,3.0,3.0,5.0,2.0,5.0,1.0,6,1,6,1,7,3,7,4,7,1,1,1,1,1,1,0,0,0,0,1,1,0,1,1,1,1,3,2,1,1,39,1,7,1,30,1,1,7
13429,5.0,5.0,3.0,2.0,5.0,2.0,3.0,4.0,3.0,1.0,2.0,5.0,5.0,1.0,5.0,2.0,3.0,4.0,5.0,5.0,2,6,7,1,7,6,2,3,6,2,1,1,1,1,1,0,1,1,0,1,0,0,1,1,1,1,4,2,1,1,33,1,6,1,10,1,3,2
13430,5.0,5.0,5.0,1.0,5.0,1.0,1.0,5.0,5.0,1.0,5.0,5.0,5.0,1.0,5.0,1.0,2.0,5.0,2.0,3.0,7,6,6,6,7,1,7,6,1,1,0,0,0,0,1,0,0,1,0,0,0,0,0,1,0,1,2,3,1,2,17,1,4,1,50,2,1,2
13431,4.0,4.0,2.0,1.0,5.0,4.0,2.0,4.0,4.0,4.0,1.0,5.0,4.0,2.0,4.0,2.0,1.0,4.0,5.0,3.0,3,6,6,2,5,7,5,5,5,5,1,1,0,1,1,0,0,0,0,1,0,0,1,1,1,1,3,2,1,1,26,1,2,1,60,1,1,1
13432,3.0,1.0,2.0,3.0,1.0,5.0,4.0,3.0,5.0,5.0,3.0,2.0,1.0,3.0,2.0,4.0,2.0,1.0,3.0,2.0,1,2,6,1,5,7,5,5,7,2,0,0,0,0,0,0,0,0,0,0,0,0,0,0,0,1,3,1,1,1,23,1,7,1,30,2,1,3
13433,5.0,4.0,2.0,2.0,5.0,1.0,3.0,5.0,2.0,2.0,1.0,5.0,3.0,1.0,5.0,3.0,5.0,4.0,5.0,5.0,4,2,5,4,6,6,5,7,7,1,1,1,0,1,1,1,0,0,1,1,0,0,1,1,1,1,3,2,1,2,31,1,1,1,30,2,2,4
13434,2.0,1.0,1.0,1.0,2.0,1.0,1.0,1.0,4.0,4.0,1.0,3.0,2.0,2.0,1.0,5.0,4.0,3.0,5.0,1.0,3,7,5,3,5,4,1,2,5,1,1,1,0,1,1,1,0,0,0,1,0,0,1,1,1,1,2,3,1,1,23,1,1,1,60,2,1,3
13435,4.0,4.0,2.0,1.0,4.0,1.0,1.0,2.0,1.0,1.0,1.0,4.0,3.0,1.0,3.0,1.0,3.0,4.0,5.0,3.0,6,4,4,3,5,3,5,6,4,3,1,1,1,1,1,0,0,1,0,1,0,0,1,1,1,1,4,3,2,1,26,1,0,1,60,2,2,2
13436,4.0,4.0,3.0,3.0,5.0,3.0,1.0,5.0,4.0,1.0,2.0,4.0,4.0,2.0,4.0,2.0,2.0,4.0,5.0,2.0,5,2,4,1,7,5,5,6,6,4,1,1,0,1,1,0,0,0,0,1,0,0,1,1,1,1,1,3,1,1,17,1,1,1,70,2,1,4
13437,5.0,5.0,1.0,5.0,5.0,2.0,1.0,4.0,1.0,1.0,1.0,5.0,5.0,1.0,5.0,1.0,1.0,5.0,5.0,5.0,6,5,6,3,6,5,7,3,6,5,1,1,0,1,1,0,0,0,0,1,0,1,1,1,1,1,3,2,1,1,43,2,1,2,60,2,3,4
13438,4.0,4.0,1.0,3.0,2.0,1.0,2.0,4.0,2.0,2.0,1.0,2.0,4.0,1.0,4.0,2.0,2.0,4.0,5.0,2.0,6,6,4,3,5,3,4,4,5,3,1,1,1,1,1,0,1,1,0,1,0,1,1,1,1,1,3,1,1,1,20,1,2,3,60,1,1,3
13439,4.0,3.0,1.0,1.0,5.0,2.0,2.0,5.0,2.0,2.0,1.0,5.0,5.0,1.0,4.0,1.0,5.0,4.0,5.0,3.0,7,6,5,2,7,2,5,5,2,2,1,1,1,1,1,0,0,0,0,1,0,0,1,1,1,1,2,2,1,1,21,1,2,1,60,1,1,4
13440,2.0,4.0,2.0,4.0,5.0,1.0,1.0,2.0,4.0,4.0,1.0,2.0,4.0,1.0,4.0,1.0,2.0,4.0,5.0,1.0,5,7,2,6,7,6,6,6,2,2,1,1,1,1,1,0,0,1,0,1,0,0,1,1,1,1,3,2,2,1,27,3,3,2,60,2,1,4
13441,5.0,3.0,3.0,2.0,4.0,3.0,2.0,3.0,5.0,5.0,2.0,4.0,2.0,1.0,3.0,1.0,1.0,2.0,5.0,2.0,7,5,4,5,6,2,6,5,3,1,1,1,0,1,1,0,0,0,0,1,0,0,1,1,1,1,4,2,1,2,34,1,10,1,30,2,1,9
13442,5.0,4.0,1.0,4.0,5.0,1.0,1.0,2.0,1.0,2.0,3.0,5.0,4.0,2.0,5.0,3.0,1.0,5.0,5.0,4.0,1,7,6,3,5,7,3,2,5,4,1,1,0,1,1,0,0,0,0,1,0,0,1,0,1,1,4,3,1,1,30,1,10,1,60,1,2,3
13443,2.0,5.0,2.0,2.0,4.0,2.0,1.0,2.0,5.0,4.0,1.0,5.0,1.0,2.0,1.0,1.0,2.0,3.0,4.0,1.0,6,5,1,2,7,2,5,3,5,1,1,1,1,1,1,1,0,0,0,1,0,1,0,1,1,1,2,3,2,2,20,2,7,1,60,2,1,2
13444,3.0,2.0,5.0,4.0,4.0,2.0,2.0,4.0,5.0,5.0,2.0,5.0,3.0,3.0,3.0,3.0,2.0,1.0,4.0,1.0,6,5,6,2,6,5,6,5,6,2,1,1,1,1,1,0,0,0,0,1,0,0,1,1,1,1,3,2,2,1,43,2,12,1,60,1,2,1
13445,4.0,5.0,5.0,4.0,5.0,2.0,3.0,2.0,3.0,4.0,1.0,2.0,4.0,2.0,3.0,2.0,1.0,4.0,5.0,3.0,4,5,6,2,7,6,6,4,5,3,1,1,0,1,1,0,0,0,0,1,0,0,0,1,1,1,2,3,1,2,34,1,1,1,60,1,1,1
13446,5.0,4.0,1.0,1.0,5.0,1.0,1.0,5.0,1.0,1.0,1.0,5.0,1.0,1.0,5.0,1.0,5.0,4.0,5.0,1.0,5,7,7,4,3,3,1,1,5,1,1,1,1,1,1,0,0,1,0,1,0,1,0,1,1,1,2,2,2,1,18,1,2,1,10,2,1,2
13447,1.0,3.0,2.0,2.0,4.0,1.0,1.0,2.0,5.0,3.0,2.0,1.0,4.0,1.0,4.0,1.0,1.0,5.0,3.0,3.0,5,6,4,6,6,5,4,5,3,1,1,1,1,1,1,0,1,1,0,1,1,1,1,1,1,1,2,1,1,1,27,1,5,1,60,2,1,5
13448,1.0,2.0,5.0,4.0,1.0,2.0,2.0,1.0,5.0,5.0,1.0,1.0,4.0,1.0,1.0,5.0,5.0,1.0,5.0,1.0,2,1,7,1,6,5,6,1,7,5,1,1,0,1,1,0,0,0,0,1,0,0,1,1,1,1,3,2,2,1,64,1,1,1,60,2,3,6
13449,5.0,3.0,4.0,4.0,4.0,4.0,5.0,2.0,4.0,4.0,2.0,5.0,5.0,1.0,4.0,5.0,2.0,4.0,4.0,3.0,6,6,4,5,7,5,5,4,5,1,1,1,0,1,1,0,0,0,0,1,0,0,1,1,1,1,4,3,1,2,27,1,7,1,60,1,1,1
13450,5.0,4.0,2.0,2.0,5.0,2.0,1.0,5.0,2.0,1.0,1.0,2.0,4.0,3.0,5.0,5.0,2.0,5.0,4.0,1.0,6,7,1,4,6,1,2,7,4,2,1,1,0,1,1,0,0,0,0,1,0,0,0,1,1,1,2,2,1,1,17,1,2,1,60,2,1,2
13451,1.0,4.0,4.0,2.0,5.0,1.0,1.0,4.0,2.0,4.0,5.0,5.0,1.0,1.0,4.0,1.0,1.0,5.0,4.0,1.0,6,6,7,2,6,5,1,6,2,7,1,1,0,1,1,0,0,1,1,1,0,1,1,1,1,1,3,1,2,1,24,1,1,2,60,1,1,1
13452,4.0,5.0,2.0,5.0,2.0,5.0,4.0,4.0,5.0,3.0,1.0,4.0,4.0,4.0,2.0,1.0,1.0,4.0,4.0,1.0,5,2,6,2,5,4,6,3,6,2,1,1,1,1,1,0,0,1,0,1,1,0,1,1,1,1,3,2,1,2,48,1,6,1,60,1,3,2
13453,5.0,5.0,2.0,1.0,5.0,1.0,1.0,5.0,2.0,2.0,1.0,5.0,5.0,1.0,5.0,1.0,1.0,5.0,4.0,4.0,6,3,6,1,7,2,2,5,7,2,1,1,1,1,1,0,1,0,0,1,0,0,1,1,1,1,3,2,1,1,60,1,4,1,60,1,2,1
13454,1.0,2.0,5.0,4.0,2.0,2.0,2.0,2.0,5.0,4.0,1.0,1.0,1.0,3.0,4.0,4.0,4.0,3.0,5.0,1.0,7,2,7,3,7,1,7,2,5,1,1,1,0,1,1,0,0,0,0,1,0,0,0,1,1,1,3,2,2,2,23,1,6,1,60,1,1,1
13455,2.0,1.0,3.0,1.0,5.0,2.0,5.0,5.0,5.0,2.0,2.0,5.0,4.0,3.0,4.0,2.0,2.0,4.0,4.0,2.0,2,3,5,5,6,7,4,5,4,1,1,1,0,1,1,0,0,0,0,1,0,0,0,1,1,1,3,3,2,1,46,1,12,2,60,2,3,1
13456,5.0,5.0,3.0,3.0,5.0,3.0,3.0,5.0,3.0,2.0,3.0,5.0,5.0,3.0,5.0,3.0,1.0,5.0,3.0,3.0,4,7,4,7,7,3,5,7,2,1,1,1,0,1,1,0,0,0,0,1,0,0,1,1,1,1,2,3,2,1,18,1,4,2,10,2,1,2
13457,4.0,4.0,3.0,3.0,4.0,1.0,3.0,3.0,3.0,2.0,2.0,3.0,3.0,1.0,5.0,2.0,3.0,3.0,5.0,3.0,2,4,4,6,6,6,4,5,2,1,1,1,1,1,1,0,1,1,0,1,1,0,1,1,1,1,2,3,1,2,20,1,1,1,10,2,1,1
13458,1.0,4.0,3.0,1.0,5.0,4.0,3.0,1.0,5.0,5.0,3.0,5.0,4.0,1.0,1.0,1.0,5.0,3.0,5.0,5.0,2,2,6,5,6,7,5,1,2,2,0,0,0,1,1,0,0,0,0,0,0,0,1,1,0,0,3,0,1,2,30,1,1,1,60,2,1,1
13459,4.0,4.0,2.0,4.0,4.0,1.0,1.0,4.0,4.0,2.0,1.0,5.0,1.0,2.0,4.0,1.0,1.0,2.0,5.0,2.0,2,5,6,2,5,7,5,3,7,3,1,1,1,1,1,0,0,0,0,1,0,0,1,1,1,1,4,2,1,1,58,1,1,1,60,1,2,5
13460,1.0,1.0,1.0,4.0,3.0,5.0,5.0,2.0,5.0,5.0,1.0,4.0,3.0,3.0,1.0,5.0,3.0,4.0,5.0,3.0,2,6,3,6,5,7,5,6,1,1,1,1,1,1,1,1,1,1,0,1,0,1,1,1,1,1,3,2,2,1,41,1,1,2,50,2,2,1
13461,4.0,5.0,4.0,4.0,5.0,2.0,1.0,5.0,1.0,2.0,1.0,5.0,1.0,1.0,5.0,1.0,5.0,5.0,5.0,1.0,7,1,7,1,7,3,2,1,7,1,1,1,1,1,1,1,1,1,1,1,1,1,1,1,1,1,4,3,2,2,55,1,1,1,60,1,3,2
13462,4.0,4.0,1.0,2.0,4.0,1.0,1.0,3.0,1.0,2.0,1.0,3.0,3.0,1.0,4.0,1.0,3.0,5.0,5.0,3.0,6,4,4,3,5,2,4,6,4,3,1,1,0,1,1,0,0,1,0,1,0,0,1,1,1,1,3,3,2,1,26,1,0,1,60,2,2,2
13463,2.0,2.0,3.0,5.0,3.0,4.0,2.0,4.0,5.0,5.0,3.0,5.0,1.0,1.0,3.0,5.0,3.0,1.0,2.0,4.0,7,6,6,6,7,4,6,2,5,2,1,1,0,1,1,0,0,0,0,1,0,0,0,0,1,1,3,3,1,2,48,1,2,1,60,1,2,2
13464,1.0,4.0,1.0,1.0,2.0,1.0,1.0,4.0,5.0,4.0,1.0,4.0,2.0,1.0,4.0,1.0,3.0,2.0,5.0,4.0,2,4,5,1,7,7,5,3,7,1,1,1,1,1,1,0,0,1,0,1,0,0,1,1,1,1,3,3,1,2,24,1,2,2,60,2,1,2
13465,5.0,5.0,2.0,5.0,4.0,1.0,2.0,5.0,1.0,4.0,1.0,5.0,5.0,1.0,2.0,2.0,3.0,5.0,4.0,3.0,2,5,5,4,2,6,3,5,4,4,0,0,0,1,0,0,0,0,0,0,0,0,0,1,0,0,3,2,1,2,22,1,10,2,10,2,1,5
13466,5.0,2.0,1.0,3.0,5.0,5.0,3.0,1.0,5.0,1.0,1.0,5.0,4.0,1.0,3.0,1.0,2.0,4.0,3.0,3.0,2,6,5,1,6,7,5,1,7,3,1,1,1,1,1,0,1,1,0,1,0,0,1,1,1,1,3,1,1,2,24,3,7,1,60,2,1,2
13467,1.0,1.0,2.0,5.0,1.0,2.0,2.0,1.0,5.0,2.0,2.0,1.0,1.0,3.0,1.0,2.0,1.0,1.0,5.0,1.0,6,1,7,1,6,2,6,1,7,2,1,1,0,1,1,0,0,0,0,1,0,0,1,1,1,1,3,1,1,1,39,1,6,1,60,1,3,3
13468,3.0,1.0,4.0,3.0,4.0,3.0,2.0,4.0,4.0,3.0,1.0,4.0,2.0,2.0,1.0,1.0,1.0,2.0,5.0,2.0,1,5,5,1,5,7,3,3,5,3,1,1,0,1,1,0,0,0,0,1,0,0,1,1,1,1,3,1,1,1,31,2,7,1,60,1,1,2
13469,2.0,2.0,2.0,3.0,4.0,4.0,4.0,2.0,5.0,4.0,1.0,4.0,1.0,2.0,1.0,2.0,2.0,3.0,5.0,1.0,6,5,5,7,3,1,6,1,3,3,1,0,0,1,1,0,0,0,0,1,0,0,0,0,1,1,3,3,2,2,24,1,10,1,10,2,1,2
13470,4.0,5.0,2.0,2.0,2.0,1.0,1.0,5.0,3.0,1.0,1.0,5.0,5.0,3.0,5.0,1.0,5.0,5.0,5.0,1.0,7,6,2,1,7,1,2,2,2,6,1,1,0,1,1,0,0,0,0,1,0,0,0,0,1,1,3,2,2,1,30,1,2,1,60,1,1,1
13471,2.0,4.0,4.0,2.0,4.0,2.0,4.0,4.0,3.0,4.0,2.0,5.0,4.0,2.0,4.0,1.0,5.0,4.0,3.0,4.0,6,7,7,5,7,6,3,1,7,4,1,1,0,1,1,0,0,0,0,0,0,0,1,1,1,1,3,3,2,1,20,1,3,1,10,2,1,2
13472,5.0,5.0,1.0,1.0,5.0,1.0,1.0,5.0,1.0,1.0,1.0,5.0,5.0,1.0,5.0,1.0,1.0,5.0,5.0,5.0,5,2,7,2,6,5,7,1,7,2,1,1,1,1,1,0,1,1,0,1,1,0,1,1,1,1,3,3,1,1,29,1,2,1,0,1,1,3
13473,5.0,3.0,5.0,1.0,5.0,1.0,5.0,5.0,5.0,3.0,5.0,3.0,5.0,1.0,5.0,1.0,2.0,5.0,5.0,1.0,6,7,6,5,7,2,2,1,2,1,0,1,0,1,1,0,0,0,0,1,0,0,0,1,0,1,1,3,2,1,14,3,7,1,70,2,1,3
13474,5.0,3.0,3.0,1.0,1.0,1.0,1.0,5.0,5.0,1.0,1.0,4.0,3.0,1.0,4.0,1.0,1.0,2.0,5.0,1.0,7,4,2,1,7,2,5,6,7,1,1,1,0,1,1,1,1,1,0,1,0,0,1,1,1,1,3,1,1,1,21,1,1,1,60,1,1,3
13475,4.0,4.0,1.0,5.0,4.0,1.0,1.0,4.0,5.0,4.0,2.0,5.0,3.0,4.0,5.0,1.0,1.0,5.0,5.0,1.0,2,6,5,2,7,7,6,6,6,2,1,1,1,1,1,0,0,1,0,1,0,0,1,1,1,1,3,1,1,1,26,1,2,1,60,1,1,2
13476,1.0,2.0,5.0,5.0,3.0,5.0,5.0,4.0,5.0,5.0,1.0,1.0,1.0,1.0,5.0,5.0,1.0,4.0,1.0,1.0,7,5,1,5,7,1,7,7,5,7,1,1,1,1,1,0,1,1,0,1,1,0,1,1,1,1,3,2,2,1,28,1,4,1,60,2,2,2
13477,1.0,1.0,3.0,3.0,2.0,2.0,3.0,2.0,5.0,4.0,2.0,2.0,2.0,3.0,3.0,4.0,3.0,4.0,1.0,1.0,3,5,6,5,5,6,6,1,6,3,1,1,0,1,1,0,0,1,0,1,1,0,1,1,1,1,4,2,2,1,30,1,4,1,60,2,2,4
13478,5.0,4.0,1.0,4.0,1.0,2.0,2.0,2.0,5.0,2.0,1.0,5.0,5.0,2.0,5.0,2.0,3.0,2.0,5.0,1.0,2,2,6,5,7,5,3,2,5,3,1,1,1,1,1,1,1,0,0,1,0,1,1,1,1,1,4,3,2,2,32,1,2,1,10,1,2,3
13479,5.0,5.0,4.0,1.0,5.0,1.0,1.0,5.0,1.0,4.0,1.0,5.0,1.0,1.0,5.0,5.0,1.0,5.0,5.0,3.0,7,6,4,6,6,5,5,5,6,1,1,1,0,1,1,0,0,0,0,1,0,0,0,0,1,1,3,3,2,2,38,1,1,1,60,1,2,2
13480,1.0,2.0,5.0,5.0,1.0,3.0,3.0,3.0,5.0,4.0,4.0,2.0,1.0,4.0,2.0,4.0,4.0,2.0,1.0,1.0,5,2,6,5,5,6,7,3,6,2,1,1,0,1,1,0,0,0,0,0,0,0,1,0,1,1,4,1,2,1,32,1,4,1,60,1,2,6
13481,5.0,2.0,4.0,4.0,5.0,4.0,2.0,3.0,4.0,3.0,5.0,4.0,5.0,5.0,5.0,5.0,1.0,5.0,5.0,1.0,6,5,7,7,1,3,7,1,5,7,1,1,0,1,1,0,0,0,0,1,0,0,0,0,1,1,3,2,2,1,21,2,2,3,60,1,1,6
13482,4.0,5.0,1.0,1.0,5.0,1.0,1.0,4.0,3.0,1.0,2.0,5.0,4.0,1.0,5.0,1.0,5.0,4.0,4.0,2.0,3,4,7,5,6,4,6,1,3,1,1,1,0,1,1,0,0,1,0,1,0,1,1,1,1,1,3,1,2,1,23,1,6,1,60,1,2,3
13483,4.0,4.0,4.0,1.0,5.0,2.0,1.0,5.0,1.0,2.0,2.0,4.0,5.0,1.0,5.0,2.0,2.0,3.0,5.0,3.0,4,5,6,1,5,4,5,5,5,1,1,1,1,1,1,0,0,1,0,1,0,0,1,1,1,1,1,3,2,1,16,1,1,2,60,2,1,3
13484,5.0,1.0,1.0,1.0,5.0,1.0,3.0,5.0,1.0,1.0,1.0,2.0,1.0,1.0,2.0,4.0,4.0,5.0,4.0,2.0,3,6,7,6,5,7,6,6,3,1,1,1,1,1,1,0,1,0,0,1,0,0,1,1,1,1,4,2,2,2,31,1,8,1,10,1,1,1
13485,4.0,1.0,5.0,1.0,2.0,2.0,2.0,1.0,4.0,1.0,1.0,4.0,4.0,1.0,1.0,3.0,5.0,4.0,5.0,1.0,7,6,3,5,1,1,2,3,1,1,1,1,0,1,1,0,0,0,0,1,0,0,0,0,1,1,2,1,3,1,15,1,12,2,60,2,1,4
13486,5.0,3.0,3.0,2.0,5.0,1.0,1.0,5.0,3.0,2.0,1.0,5.0,5.0,2.0,3.0,1.0,1.0,5.0,5.0,2.0,2,7,6,7,6,5,4,2,4,1,1,1,1,1,1,1,0,1,0,1,1,1,1,1,1,1,4,1,2,1,34,2,1,1,60,1,3,1
13487,1.0,1.0,4.0,4.0,2.0,5.0,5.0,1.0,5.0,5.0,1.0,2.0,2.0,2.0,1.0,2.0,2.0,5.0,5.0,2.0,1,6,7,6,6,5,6,1,5,3,1,1,0,1,1,0,0,0,0,1,0,0,1,1,1,1,2,3,2,1,21,2,1,5,70,1,1,3
13488,1.0,2.0,2.0,2.0,2.0,4.0,4.0,2.0,5.0,5.0,2.0,4.0,1.0,1.0,1.0,5.0,1.0,1.0,5.0,1.0,3,5,6,2,7,2,7,5,5,2,1,1,0,1,1,0,0,0,0,1,0,0,1,1,1,1,4,3,1,1,41,1,7,1,30,1,2,3
13489,1.0,2.0,2.0,3.0,2.0,4.0,2.0,1.0,4.0,3.0,3.0,3.0,1.0,2.0,2.0,2.0,2.0,2.0,5.0,4.0,3,1,6,5,3,5,4,3,4,5,1,1,1,1,1,0,0,0,0,1,1,1,1,1,1,1,2,2,2,1,18,1,4,2,60,2,1,2
13490,5.0,4.0,2.0,1.0,5.0,1.0,2.0,5.0,3.0,1.0,1.0,5.0,5.0,2.0,5.0,4.0,3.0,4.0,5.0,5.0,6,2,3,3,7,3,7,5,6,5,1,1,0,1,1,0,0,0,0,1,0,0,1,1,1,1,2,2,1,1,17,1,2,1,10,2,1,2
13491,4.0,4.0,2.0,2.0,4.0,2.0,1.0,4.0,3.0,2.0,2.0,4.0,2.0,2.0,5.0,1.0,2.0,4.0,4.0,2.0,6,6,5,2,7,2,5,6,6,2,1,1,0,1,1,0,1,0,0,1,0,0,1,1,1,1,3,2,2,1,27,1,2,1,60,1,1,2
13492,2.0,4.0,4.0,2.0,4.0,2.0,4.0,3.0,3.0,5.0,2.0,2.0,2.0,2.0,3.0,3.0,4.0,4.0,4.0,4.0,6,1,3,6,1,3,7,7,6,1,1,0,0,1,0,0,0,0,0,1,1,0,0,1,0,0,2,3,1,1,15,1,4,2,60,2,1,4
13493,5.0,5.0,2.0,2.0,5.0,1.0,2.0,2.0,4.0,2.0,1.0,4.0,5.0,2.0,4.0,1.0,1.0,4.0,5.0,1.0,2,6,5,5,3,6,3,3,4,5,1,1,1,1,1,0,1,1,0,1,1,1,1,1,1,1,3,2,1,1,48,1,1,1,60,1,2,2
13494,2.0,2.0,5.0,5.0,5.0,2.0,2.0,4.0,5.0,5.0,5.0,4.0,1.0,2.0,3.0,5.0,5.0,2.0,5.0,1.0,3,1,7,7,5,7,7,1,2,1,1,1,1,1,1,0,1,0,0,1,0,0,1,1,1,1,3,2,2,1,64,1,4,1,60,2,3,10
13495,5.0,5.0,1.0,1.0,5.0,1.0,1.0,5.0,1.0,1.0,1.0,5.0,5.0,1.0,5.0,1.0,1.0,5.0,5.0,5.0,1,7,7,4,5,6,1,2,7,6,1,1,1,1,1,1,1,1,1,1,1,1,1,1,1,1,1,2,1,1,15,3,2,3,10,2,1,5
13496,5.0,5.0,2.0,1.0,5.0,1.0,1.0,5.0,2.0,1.0,1.0,5.0,5.0,1.0,5.0,1.0,1.0,5.0,5.0,3.0,5,6,7,6,7,1,2,2,1,1,1,1,1,1,1,0,0,1,0,1,0,1,1,1,1,1,3,1,2,1,44,1,12,1,70,1,3,3
13497,2.0,2.0,4.0,4.0,4.0,4.0,4.0,2.0,5.0,4.0,2.0,2.0,2.0,2.0,2.0,3.0,2.0,4.0,4.0,1.0,2,3,5,6,5,6,7,5,5,3,1,1,1,1,1,0,0,0,0,1,0,0,1,1,1,1,2,2,1,1,33,1,1,1,60,1,1,2
13498,1.0,4.0,2.0,4.0,2.0,4.0,2.0,2.0,5.0,5.0,1.0,2.0,1.0,2.0,4.0,5.0,1.0,4.0,5.0,1.0,2,5,5,7,5,7,7,2,3,2,1,1,0,1,1,0,0,0,0,1,0,0,1,1,1,1,3,2,2,1,25,1,2,2,60,2,1,2
13499,5.0,1.0,5.0,5.0,4.0,5.0,2.0,2.0,4.0,1.0,3.0,5.0,1.0,1.0,1.0,3.0,1.0,4.0,5.0,3.0,4,6,5,6,7,4,4,1,2,5,1,1,1,1,1,0,1,1,0,1,1,0,1,1,1,1,3,3,2,1,21,1,4,1,10,2,1,3
13500,1.0,1.0,5.0,4.0,4.0,5.0,5.0,2.0,5.0,5.0,2.0,5.0,5.0,2.0,4.0,2.0,4.0,2.0,2.0,1.0,2,1,7,5,6,7,7,1,7,7,1,1,0,1,1,0,0,0,0,1,0,0,0,1,1,1,2,2,2,1,63,1,7,1,30,1,3,3
13501,5.0,3.0,1.0,2.0,4.0,1.0,3.0,4.0,5.0,2.0,1.0,5.0,1.0,1.0,4.0,1.0,1.0,3.0,5.0,1.0,1,4,5,5,7,7,6,2,5,1,0,0,0,0,0,0,0,0,1,0,0,0,0,0,0,0,3,1,2,1,21,1,2,3,60,1,1,2
13502,4.0,4.0,2.0,3.0,3.0,1.0,3.0,3.0,2.0,2.0,1.0,4.0,4.0,2.0,3.0,2.0,2.0,2.0,5.0,3.0,4,5,5,2,6,7,6,5,6,2,1,1,0,1,1,0,0,0,0,1,0,0,1,1,1,1,3,2,2,1,33,1,2,1,60,2,1,1
13503,4.0,1.0,4.0,4.0,1.0,4.0,4.0,2.0,5.0,2.0,3.0,2.0,3.0,2.0,4.0,4.0,2.0,3.0,2.0,1.0,3,1,6,3,6,7,4,3,7,6,1,1,1,1,1,0,1,0,0,1,0,0,1,1,1,1,3,2,1,1,38,1,6,1,60,1,2,2
13504,2.0,1.0,1.0,1.0,4.0,5.0,3.0,2.0,5.0,4.0,1.0,2.0,4.0,1.0,1.0,2.0,1.0,4.0,4.0,2.0,6,6,6,7,5,2,6,4,3,1,1,1,1,1,1,0,0,1,0,1,0,0,1,1,1,1,4,3,1,1,36,1,7,1,60,2,1,3
13505,5.0,5.0,3.0,3.0,4.0,2.0,2.0,1.0,3.0,2.0,2.0,4.0,1.0,1.0,2.0,4.0,1.0,5.0,4.0,4.0,6,5,3,1,7,2,3,6,6,2,0,0,0,1,0,0,0,0,0,1,0,0,1,1,1,1,1,3,1,2,17,3,12,1,60,2,1,1
13506,3.0,2.0,3.0,4.0,4.0,4.0,2.0,1.0,4.0,5.0,2.0,3.0,1.0,3.0,4.0,2.0,2.0,4.0,5.0,1.0,1,5,5,5,5,4,5,3,4,3,1,1,0,1,1,0,0,1,0,1,0,0,1,1,1,1,3,2,2,1,32,1,1,0,60,1,2,3
13507,5.0,5.0,1.0,1.0,4.0,1.0,1.0,5.0,1.0,1.0,1.0,5.0,5.0,1.0,5.0,1.0,1.0,5.0,3.0,5.0,6,5,6,5,6,5,2,3,7,5,1,1,1,1,1,0,1,0,0,1,0,0,1,1,1,1,4,1,1,1,30,1,2,1,60,2,1,2
13508,3.0,4.0,4.0,4.0,2.0,4.0,2.0,3.0,3.0,2.0,4.0,5.0,2.0,2.0,4.0,1.0,1.0,3.0,4.0,2.0,2,5,6,2,5,5,5,1,6,5,1,1,0,1,1,0,0,1,0,1,0,0,1,1,1,1,3,2,1,1,23,1,7,1,60,1,2,2
13509,4.0,2.0,2.0,2.0,2.0,1.0,2.0,2.0,4.0,2.0,2.0,2.0,4.0,2.0,4.0,2.0,2.0,4.0,4.0,2.0,6,3,6,2,6,2,6,2,6,2,1,1,0,1,1,0,0,0,0,1,0,0,0,1,1,1,2,3,2,1,24,1,6,1,60,1,1,0
13510,4.0,4.0,3.0,2.0,3.0,3.0,1.0,5.0,2.0,2.0,1.0,5.0,5.0,1.0,5.0,4.0,1.0,4.0,5.0,1.0,5,5,7,4,3,1,3,1,5,6,1,1,0,1,1,0,0,0,0,1,0,0,1,1,1,1,2,3,1,1,37,1,4,1,60,1,2,2
13511,3.0,4.0,2.0,5.0,3.0,5.0,3.0,2.0,4.0,3.0,3.0,3.0,3.0,3.0,2.0,3.0,3.0,4.0,3.0,2.0,4,4,2,5,7,7,7,6,7,4,1,1,0,1,1,1,0,1,0,1,0,1,0,1,1,1,4,3,2,1,60,1,6,1,60,1,3,3
13512,4.0,5.0,1.0,2.0,5.0,1.0,1.0,5.0,5.0,3.0,2.0,4.0,5.0,1.0,3.0,1.0,1.0,5.0,5.0,1.0,7,7,6,6,5,3,5,5,5,1,1,1,0,1,1,0,0,0,0,1,0,0,1,1,1,1,3,3,1,1,60,1,2,1,60,1,2,5
13513,4.0,5.0,2.0,2.0,4.0,1.0,1.0,4.0,1.0,1.0,1.0,5.0,5.0,1.0,4.0,1.0,2.0,4.0,4.0,3.0,1,7,5,6,6,5,5,3,2,3,1,1,0,1,1,0,0,0,0,1,0,0,1,1,1,1,3,3,1,2,28,1,2,1,60,1,1,0
13514,5.0,2.0,1.0,2.0,4.0,2.0,1.0,5.0,2.0,1.0,1.0,5.0,4.0,1.0,2.0,2.0,2.0,4.0,3.0,3.0,5,6,5,1,7,6,2,6,6,1,1,1,1,1,1,0,0,0,0,1,0,0,1,1,1,1,3,1,1,1,55,1,1,1,60,2,2,2
13515,5.0,4.0,4.0,2.0,5.0,1.0,1.0,4.0,3.0,1.0,1.0,5.0,5.0,2.0,5.0,4.0,2.0,5.0,5.0,3.0,3,5,6,4,5,7,5,7,6,2,1,1,0,1,1,1,0,1,0,1,0,0,0,1,1,1,2,3,2,1,17,1,7,1,70,2,1,2
13516,5.0,4.0,4.0,1.0,2.0,2.0,2.0,5.0,5.0,2.0,1.0,4.0,3.0,1.0,4.0,2.0,2.0,3.0,5.0,4.0,1,4,5,3,5,7,5,5,3,1,1,1,0,1,1,0,0,0,0,1,1,0,1,1,1,1,4,1,1,1,25,2,2,1,60,2,1,2
13517,5.0,5.0,1.0,1.0,5.0,1.0,1.0,5.0,1.0,1.0,1.0,5.0,5.0,1.0,5.0,1.0,5.0,5.0,5.0,5.0,7,1,7,7,7,7,1,5,7,1,1,1,1,1,1,0,0,0,0,1,0,1,0,1,1,1,4,3,1,2,55,1,10,1,10,2,3,4
13518,4.0,4.0,2.0,1.0,4.0,1.0,1.0,4.0,2.0,3.0,1.0,5.0,4.0,1.0,3.0,4.0,1.0,5.0,5.0,1.0,4,7,4,1,4,5,2,1,7,7,1,1,0,1,1,0,0,0,0,1,0,1,1,1,1,1,2,2,1,2,21,2,1,1,60,2,1,3
13519,4.0,4.0,1.0,2.0,4.0,1.0,1.0,4.0,3.0,2.0,1.0,4.0,3.0,1.0,4.0,1.0,3.0,4.0,5.0,1.0,5,6,3,6,6,5,5,7,1,1,1,1,1,1,1,0,0,0,0,1,0,0,1,1,1,1,3,3,2,1,25,1,0,2,60,1,1,1
13520,5.0,5.0,2.0,2.0,4.0,2.0,2.0,5.0,2.0,1.0,1.0,5.0,1.0,1.0,5.0,1.0,4.0,5.0,5.0,4.0,7,7,7,6,7,3,5,1,5,2,1,1,1,1,1,1,1,1,0,1,1,0,1,1,1,1,3,3,2,2,27,1,2,1,60,1,3,1
13521,4.0,5.0,2.0,1.0,5.0,1.0,1.0,5.0,2.0,5.0,1.0,4.0,5.0,1.0,5.0,1.0,3.0,2.0,5.0,4.0,6,5,7,5,7,5,6,1,5,4,1,1,1,1,1,0,1,0,1,1,0,0,1,1,1,1,2,3,2,1,23,1,7,1,60,2,1,5
13522,3.0,4.0,1.0,2.0,5.0,1.0,1.0,2.0,5.0,4.0,1.0,2.0,3.0,4.0,4.0,1.0,3.0,5.0,5.0,2.0,4,3,5,7,7,4,6,6,4,1,1,1,0,1,1,0,0,0,0,0,0,0,1,1,1,1,2,2,2,2,23,3,12,5,60,1,1,3
13523,5.0,4.0,1.0,2.0,4.0,1.0,1.0,5.0,1.0,2.0,1.0,5.0,1.0,2.0,5.0,1.0,1.0,5.0,5.0,1.0,3,5,5,6,5,7,2,3,1,6,0,1,0,1,1,0,0,0,0,1,0,0,1,0,1,1,2,3,1,2,25,1,2,1,60,2,3,2
13524,1.0,1.0,1.0,5.0,1.0,5.0,5.0,1.0,5.0,5.0,4.0,1.0,1.0,3.0,1.0,5.0,5.0,1.0,3.0,1.0,2,1,7,2,5,5,5,1,7,5,1,1,1,1,1,1,1,0,0,1,0,0,1,1,1,1,3,3,2,1,54,1,4,1,60,1,3,2
13525,4.0,2.0,1.0,2.0,3.0,1.0,2.0,4.0,2.0,3.0,1.0,4.0,5.0,1.0,5.0,1.0,5.0,1.0,5.0,3.0,6,5,6,1,7,1,4,3,5,3,1,1,0,1,1,0,0,0,0,1,0,0,1,1,1,1,2,3,1,2,20,1,2,1,10,2,1,0
13526,4.0,4.0,5.0,4.0,3.0,3.0,2.0,2.0,5.0,1.0,1.0,2.0,4.0,2.0,3.0,1.0,1.0,4.0,5.0,3.0,2,5,6,3,6,6,5,5,6,1,1,1,1,1,1,0,1,1,0,1,1,1,1,1,1,1,3,1,1,1,38,1,2,1,60,1,1,2
13527,4.0,2.0,2.0,3.0,4.0,3.0,5.0,1.0,4.0,3.0,2.0,2.0,2.0,2.0,4.0,2.0,3.0,5.0,5.0,1.0,5,5,6,5,7,5,5,2,2,4,1,1,1,1,1,0,0,0,0,1,0,0,1,1,1,1,2,3,1,2,20,1,2,1,60,1,1,3
13528,5.0,4.0,2.0,1.0,1.0,4.0,1.0,1.0,5.0,1.0,1.0,3.0,5.0,1.0,1.0,3.0,5.0,5.0,5.0,1.0,3,1,5,7,7,3,1,6,2,1,1,1,0,1,1,0,0,0,0,1,0,0,1,1,1,1,3,1,2,1,28,2,4,2,60,2,1,3
13529,2.0,1.0,5.0,2.0,4.0,5.0,4.0,4.0,5.0,5.0,1.0,5.0,5.0,2.0,1.0,4.0,2.0,5.0,5.0,1.0,7,6,7,6,6,6,7,3,5,2,0,1,0,1,0,0,0,0,0,1,0,0,0,1,1,1,4,2,1,2,54,1,1,1,70,2,2,2
13530,5.0,4.0,2.0,2.0,5.0,2.0,2.0,4.0,3.0,2.0,2.0,5.0,4.0,2.0,5.0,2.0,2.0,5.0,5.0,3.0,5,4,5,5,7,6,2,1,4,1,1,1,0,1,1,1,1,0,1,1,1,1,0,1,1,1,1,3,1,2,16,1,12,2,70,2,1,1
13531,3.0,4.0,1.0,1.0,3.0,1.0,1.0,4.0,4.0,2.0,1.0,4.0,4.0,2.0,5.0,2.0,2.0,4.0,5.0,4.0,4,2,5,1,6,6,2,2,7,3,1,1,1,1,1,0,0,0,0,1,0,0,1,1,1,1,3,2,1,1,45,1,2,1,60,2,3,5
13532,1.0,2.0,4.0,1.0,5.0,2.0,5.0,5.0,4.0,5.0,1.0,5.0,4.0,1.0,4.0,1.0,1.0,4.0,4.0,1.0,3,1,6,4,5,7,6,3,6,2,1,1,0,1,1,0,1,0,0,1,0,0,1,1,1,1,3,3,1,2,35,1,8,1,10,2,2,3
13533,3.0,4.0,2.0,3.0,4.0,2.0,2.0,4.0,2.0,2.0,2.0,5.0,4.0,2.0,5.0,1.0,2.0,4.0,2.0,2.0,2,6,3,3,4,4,5,5,5,3,0,1,0,1,0,0,0,1,0,1,0,0,0,1,1,1,3,2,1,2,26,1,12,1,60,1,2,2
13534,5.0,5.0,1.0,1.0,5.0,1.0,1.0,5.0,1.0,1.0,1.0,5.0,4.0,2.0,5.0,1.0,1.0,5.0,4.0,5.0,3,6,7,2,7,1,5,1,3,1,1,1,1,1,1,0,0,1,0,1,0,0,1,1,1,1,3,2,1,2,40,1,12,1,70,2,3,3
13535,5.0,5.0,3.0,4.0,5.0,1.0,1.0,5.0,2.0,2.0,1.0,5.0,5.0,2.0,5.0,1.0,2.0,1.0,4.0,4.0,7,7,7,5,6,1,4,1,6,5,0,0,0,0,1,1,0,0,1,1,0,0,0,0,0,1,3,3,2,2,25,1,6,1,10,2,1,2
13536,5.0,1.0,2.0,1.0,4.0,1.0,1.0,5.0,2.0,1.0,1.0,5.0,4.0,1.0,1.0,1.0,1.0,5.0,5.0,5.0,1,5,7,6,2,7,1,6,5,6,0,1,0,1,0,0,0,1,0,0,0,0,1,0,1,0,2,2,2,1,14,0,0,2,30,2,1,1
13537,2.0,1.0,1.0,2.0,5.0,1.0,2.0,2.0,5.0,1.0,2.0,2.0,1.0,1.0,2.0,4.0,5.0,2.0,5.0,1.0,2,2,6,1,6,7,5,2,6,3,1,1,0,1,1,0,0,0,0,1,0,0,0,1,1,1,2,3,2,2,20,1,2,4,10,2,1,2
13538,4.0,2.0,1.0,3.0,5.0,3.0,1.0,4.0,5.0,3.0,1.0,2.0,3.0,3.0,4.0,1.0,5.0,4.0,5.0,3.0,2,5,7,1,7,6,7,1,2,1,1,0,0,1,1,0,0,0,0,1,0,0,0,1,1,1,3,3,1,2,22,1,2,1,10,2,1,2
13539,1.0,3.0,2.0,4.0,1.0,4.0,2.0,1.0,5.0,5.0,2.0,1.0,4.0,1.0,1.0,4.0,3.0,4.0,5.0,4.0,6,6,6,1,4,2,3,1,3,4,1,1,1,1,1,1,1,1,1,1,0,0,1,1,1,1,4,1,1,2,54,1,2,1,10,1,2,1
13540,5.0,1.0,4.0,1.0,1.0,1.0,1.0,5.0,1.0,1.0,1.0,5.0,1.0,1.0,1.0,1.0,1.0,5.0,5.0,5.0,1,5,5,6,7,7,1,6,5,7,0,0,1,1,0,0,0,1,0,0,0,0,1,0,0,0,2,2,2,1,14,1,12,2,30,2,1,1
13541,5.0,5.0,1.0,1.0,5.0,1.0,1.0,5.0,1.0,1.0,5.0,5.0,5.0,3.0,5.0,1.0,1.0,3.0,5.0,5.0,4,5,7,4,7,4,1,7,4,1,1,1,1,1,1,1,0,0,1,1,0,1,0,1,1,1,4,2,1,2,29,1,1,1,60,0,1,9
13542,5.0,5.0,3.0,1.0,1.0,1.0,1.0,5.0,2.0,2.0,1.0,5.0,4.0,1.0,4.0,2.0,5.0,5.0,5.0,3.0,5,6,6,5,5,3,5,6,6,2,1,1,1,1,1,0,0,1,0,1,1,0,1,1,1,1,3,2,1,2,24,1,2,1,60,1,1,2
13543,5.0,1.0,2.0,1.0,5.0,5.0,1.0,5.0,5.0,5.0,1.0,5.0,5.0,5.0,5.0,1.0,1.0,5.0,5.0,1.0,1,7,6,7,7,1,1,7,1,7,1,1,0,1,1,0,0,0,0,1,0,0,1,1,1,1,3,3,2,2,28,1,1,2,70,1,3,5
13544,5.0,4.0,1.0,1.0,5.0,1.0,1.0,5.0,1.0,2.0,1.0,5.0,5.0,1.0,4.0,1.0,1.0,5.0,5.0,4.0,7,3,6,3,2,1,7,2,6,1,1,1,0,1,1,0,0,1,0,1,0,1,0,1,1,1,2,3,1,2,20,1,2,1,20,1,1,2
13545,5.0,4.0,1.0,2.0,4.0,1.0,2.0,4.0,3.0,2.0,1.0,5.0,1.0,2.0,3.0,4.0,1.0,4.0,3.0,1.0,3,5,6,1,6,2,6,2,4,2,1,1,1,1,1,1,1,1,1,1,1,1,1,1,1,1,0,2,2,1,58,1,12,1,70,1,2,11
13546,2.0,4.0,3.0,3.0,4.0,4.0,3.0,4.0,4.0,4.0,4.0,5.0,5.0,2.0,4.0,5.0,2.0,2.0,3.0,2.0,1,5,4,5,6,6,3,5,5,5,1,1,0,1,0,0,0,0,0,0,0,0,0,0,0,1,2,2,1,2,19,1,10,1,10,2,1,2
13547,5.0,5.0,2.0,2.0,4.0,4.0,4.0,4.0,4.0,2.0,2.0,5.0,5.0,1.0,5.0,2.0,5.0,5.0,5.0,4.0,1,5,6,3,7,5,2,3,6,2,1,1,1,1,1,0,0,1,0,1,0,0,1,1,1,1,3,3,2,1,33,1,2,1,10,1,2,3
13548,5.0,4.0,2.0,1.0,5.0,3.0,2.0,4.0,2.0,2.0,1.0,5.0,4.0,2.0,5.0,2.0,1.0,5.0,5.0,1.0,7,1,5,2,7,5,5,3,6,4,0,0,0,0,0,0,0,0,0,1,0,0,0,0,0,1,0,1,1,1,50,1,4,1,60,1,3,2
13549,1.0,1.0,3.0,3.0,1.0,4.0,4.0,1.0,5.0,4.0,2.0,4.0,1.0,1.0,3.0,2.0,2.0,2.0,2.0,1.0,6,6,7,2,5,4,6,1,6,2,1,1,0,1,1,0,0,0,0,1,0,0,0,1,1,1,2,3,2,2,19,1,10,1,20,2,1,4
13550,4.0,4.0,3.0,1.0,4.0,2.0,2.0,4.0,1.0,2.0,1.0,5.0,3.0,1.0,5.0,1.0,1.0,4.0,3.0,3.0,7,4,3,4,5,2,3,5,3,1,1,1,1,1,1,0,0,0,0,1,1,0,1,1,1,1,4,1,2,1,37,1,4,1,60,1,1,4
13551,4.0,2.0,4.0,2.0,2.0,3.0,1.0,4.0,3.0,2.0,1.0,5.0,1.0,1.0,2.0,4.0,5.0,4.0,5.0,4.0,2,3,7,1,2,6,3,1,5,7,1,1,1,1,1,0,0,0,0,1,0,0,1,1,1,1,3,1,2,2,43,1,2,1,60,1,2,5
13552,1.0,1.0,5.0,4.0,2.0,4.0,4.0,2.0,5.0,4.0,2.0,2.0,1.0,3.0,2.0,2.0,2.0,1.0,5.0,1.0,2,5,4,7,6,5,5,3,1,3,1,1,0,1,1,0,1,0,0,1,0,0,1,1,1,1,2,2,2,1,18,1,1,5,10,2,1,3
13553,2.0,2.0,5.0,5.0,2.0,5.0,2.0,2.0,5.0,5.0,2.0,4.0,1.0,2.0,2.0,4.0,2.0,5.0,4.0,1.0,2,1,6,5,5,6,6,2,5,3,1,1,1,1,1,0,1,0,0,1,0,1,1,1,1,1,4,2,2,1,47,1,7,1,60,1,2,3
13554,4.0,3.0,2.0,4.0,4.0,2.0,1.0,4.0,4.0,4.0,2.0,5.0,3.0,2.0,4.0,3.0,3.0,4.0,4.0,3.0,5,5,7,5,6,5,7,1,5,6,1,1,0,0,1,0,0,0,0,1,0,0,1,0,1,1,4,1,1,1,30,1,6,1,60,2,1,2
13555,3.0,4.0,1.0,5.0,4.0,1.0,1.0,4.0,4.0,3.0,1.0,3.0,1.0,4.0,3.0,2.0,2.0,2.0,3.0,4.0,4,7,6,1,7,4,5,1,7,4,1,1,0,1,1,0,0,0,0,1,0,0,1,1,1,1,4,3,1,1,32,1,4,1,70,1,1,3
13556,5.0,5.0,1.0,1.0,5.0,2.0,1.0,2.0,3.0,1.0,1.0,5.0,2.0,1.0,5.0,2.0,3.0,4.0,5.0,2.0,6,7,5,4,5,1,4,2,5,2,1,1,0,1,1,0,0,0,0,1,0,0,1,1,1,1,3,3,1,2,23,1,2,1,10,2,1,1
13557,5.0,5.0,2.0,2.0,2.0,2.0,1.0,4.0,1.0,1.0,1.0,5.0,5.0,1.0,4.0,1.0,2.0,5.0,5.0,5.0,5,6,5,3,7,2,4,3,7,4,1,1,0,1,1,0,0,0,0,1,0,0,0,1,1,1,4,3,2,1,20,1,11,1,10,2,1,2
13558,1.0,1.0,2.0,4.0,1.0,2.0,2.0,1.0,4.0,3.0,4.0,5.0,1.0,3.0,5.0,2.0,2.0,2.0,5.0,2.0,6,2,7,4,6,3,3,1,6,3,1,1,1,1,1,0,1,0,0,1,1,0,1,1,1,1,4,3,1,2,45,1,2,1,60,1,2,4
13559,4.0,3.0,2.0,1.0,5.0,1.0,2.0,3.0,3.0,3.0,1.0,5.0,5.0,1.0,4.0,4.0,3.0,5.0,2.0,4.0,3,6,2,7,4,7,6,7,1,6,1,1,0,1,1,0,1,1,0,1,0,0,0,1,1,1,3,3,1,2,22,1,2,1,10,1,1,5
13560,5.0,5.0,1.0,5.0,4.0,2.0,1.0,2.0,4.0,3.0,1.0,5.0,4.0,2.0,4.0,1.0,2.0,4.0,5.0,4.0,2,2,4,2,5,7,6,2,4,5,1,1,0,1,1,0,0,1,0,1,0,0,1,1,1,1,3,2,1,2,30,1,2,1,60,1,1,3
13561,4.0,2.0,4.0,1.0,3.0,2.0,2.0,4.0,4.0,2.0,2.0,3.0,2.0,2.0,3.0,4.0,5.0,4.0,4.0,1.0,6,5,5,5,6,3,6,4,5,2,0,1,0,1,1,1,1,0,0,1,0,1,1,1,1,1,0,2,1,1,23,2,7,1,70,1,2,2
13562,1.0,2.0,5.0,4.0,1.0,2.0,2.0,1.0,5.0,5.0,5.0,1.0,1.0,2.0,2.0,4.0,1.0,2.0,1.0,4.0,2,1,5,6,5,7,5,6,2,3,1,1,0,1,1,0,0,0,0,1,0,0,1,1,1,1,3,3,1,1,63,1,4,1,60,2,2,3
13563,2.0,5.0,1.0,1.0,5.0,1.0,1.0,1.0,1.0,1.0,1.0,3.0,4.0,2.0,4.0,1.0,3.0,5.0,5.0,1.0,6,5,1,7,7,2,6,7,1,2,1,1,1,1,1,0,0,0,0,1,0,0,1,1,1,1,0,2,2,1,25,2,2,1,60,1,1,4
13564,4.0,3.0,4.0,4.0,4.0,2.0,2.0,4.0,5.0,1.0,1.0,4.0,5.0,1.0,5.0,2.0,1.0,5.0,5.0,1.0,3,6,6,4,5,5,5,2,6,3,1,1,0,1,1,0,0,0,0,1,0,0,0,1,1,1,3,3,2,1,21,1,1,5,60,1,1,3
13565,4.0,5.0,5.0,2.0,2.0,3.0,4.0,4.0,3.0,4.0,2.0,3.0,3.0,2.0,5.0,5.0,1.0,4.0,5.0,5.0,7,5,7,1,6,1,6,4,7,1,1,1,0,1,1,0,0,1,0,1,0,0,1,1,1,1,3,2,1,1,31,1,6,1,60,1,2,7
13566,5.0,2.0,1.0,3.0,5.0,1.0,1.0,4.0,1.0,2.0,1.0,5.0,4.0,1.0,2.0,1.0,1.0,2.0,5.0,1.0,3,2,6,1,6,6,3,1,7,5,1,1,0,1,1,0,0,1,0,1,0,0,1,1,1,1,3,2,1,2,21,1,6,1,30,1,1,4
13567,1.0,4.0,1.0,2.0,2.0,1.0,4.0,1.0,5.0,4.0,3.0,3.0,4.0,2.0,5.0,3.0,2.0,4.0,5.0,3.0,5,3,5,1,5,5,3,5,6,5,1,0,0,1,1,0,0,0,0,1,0,0,0,0,1,1,1,3,1,1,16,1,7,1,50,2,1,5
13568,4.0,4.0,5.0,4.0,5.0,5.0,5.0,1.0,5.0,4.0,1.0,5.0,4.0,1.0,1.0,1.0,2.0,1.0,5.0,5.0,6,1,5,5,7,5,2,5,5,3,1,1,1,1,1,0,0,1,0,1,0,1,1,1,1,1,3,1,3,1,29,3,12,5,50,2,1,2
13569,2.0,3.0,2.0,3.0,2.0,1.0,3.0,5.0,3.0,3.0,2.0,4.0,3.0,3.0,3.0,2.0,4.0,3.0,5.0,1.0,3,5,7,5,7,5,6,1,6,5,1,1,1,1,1,0,0,0,0,1,0,0,1,1,1,1,3,2,2,1,21,1,6,1,60,1,2,3
13570,2.0,4.0,1.0,1.0,4.0,1.0,1.0,5.0,5.0,2.0,1.0,4.0,1.0,2.0,5.0,1.0,2.0,4.0,5.0,1.0,6,5,2,5,7,2,7,5,3,1,1,1,1,1,1,0,0,0,0,1,0,0,0,1,1,1,3,2,2,1,25,1,9,1,60,1,1,0
13571,4.0,4.0,1.0,2.0,5.0,3.0,1.0,2.0,2.0,2.0,3.0,4.0,2.0,1.0,5.0,1.0,1.0,4.0,4.0,1.0,6,1,6,3,6,2,5,1,6,1,1,1,1,1,1,0,1,1,0,1,1,0,1,1,1,1,4,3,1,1,26,1,6,1,60,1,1,1
13572,4.0,5.0,2.0,5.0,5.0,2.0,2.0,1.0,5.0,5.0,2.0,1.0,1.0,4.0,5.0,5.0,1.0,5.0,5.0,1.0,2,5,7,1,6,7,7,1,7,6,1,1,0,1,1,0,1,0,0,1,0,1,0,1,1,1,4,3,2,1,39,1,4,1,70,1,1,4
13573,5.0,2.0,2.0,2.0,5.0,2.0,1.0,5.0,5.0,3.0,1.0,4.0,5.0,1.0,4.0,2.0,2.0,5.0,5.0,5.0,2,6,1,6,6,7,3,6,1,7,1,1,1,1,1,0,0,1,0,1,0,0,0,1,1,1,2,1,1,2,21,1,12,5,60,2,1,2
13574,4.0,5.0,1.0,4.0,4.0,1.0,1.0,3.0,3.0,5.0,1.0,5.0,2.0,2.0,4.0,1.0,1.0,5.0,5.0,3.0,6,4,5,3,7,2,6,3,2,3,1,1,0,1,1,0,0,0,0,1,1,0,0,1,1,1,4,3,2,2,28,1,2,1,60,2,1,1
13575,5.0,2.0,3.0,1.0,5.0,1.0,1.0,5.0,3.0,3.0,1.0,5.0,5.0,3.0,4.0,2.0,1.0,5.0,5.0,5.0,4,6,7,6,7,5,6,7,1,1,1,1,1,1,1,1,1,1,0,1,1,0,1,1,1,1,3,2,1,1,33,1,1,1,60,1,1,2
13576,5.0,5.0,3.0,2.0,5.0,4.0,2.0,5.0,3.0,4.0,1.0,5.0,5.0,3.0,3.0,4.0,1.0,4.0,4.0,4.0,5,6,4,6,5,7,3,7,4,7,1,1,0,1,1,0,0,0,0,1,0,0,1,1,1,1,2,2,2,2,20,1,10,1,10,2,1,3
13577,3.0,4.0,3.0,3.0,5.0,1.0,1.0,3.0,3.0,2.0,1.0,4.0,2.0,2.0,5.0,1.0,2.0,4.0,4.0,1.0,4,2,3,6,3,3,4,6,3,2,1,1,0,1,1,0,0,0,0,1,0,0,1,0,1,1,3,1,2,1,27,1,12,1,60,1,1,3
13578,5.0,5.0,4.0,2.0,5.0,1.0,1.0,2.0,4.0,5.0,1.0,5.0,4.0,1.0,4.0,2.0,1.0,5.0,5.0,1.0,1,6,7,7,7,7,2,1,7,1,1,1,1,1,1,0,0,0,0,1,1,0,1,1,1,1,3,2,2,1,31,1,6,1,60,1,1,2
13579,1.0,2.0,3.0,5.0,1.0,5.0,5.0,2.0,5.0,4.0,2.0,2.0,1.0,3.0,4.0,5.0,4.0,2.0,4.0,1.0,1,3,5,5,2,7,7,1,5,1,1,1,0,1,1,0,0,0,0,1,0,0,1,1,1,1,2,1,1,1,31,1,12,1,60,1,1,1
13580,2.0,2.0,4.0,4.0,4.0,2.0,1.0,4.0,5.0,4.0,2.0,4.0,2.0,2.0,4.0,2.0,2.0,5.0,5.0,1.0,6,5,6,1,7,3,5,5,6,2,1,1,1,1,1,0,1,1,0,1,0,0,1,1,1,1,3,2,1,1,39,1,2,1,60,1,3,3
13581,3.0,4.0,5.0,4.0,2.0,4.0,2.0,1.0,5.0,4.0,2.0,4.0,1.0,5.0,4.0,5.0,1.0,1.0,5.0,1.0,7,4,7,1,7,1,6,1,5,3,1,1,0,1,1,1,0,0,1,1,0,1,1,1,1,1,3,3,2,1,54,1,6,1,60,1,2,2
13582,4.0,2.0,2.0,2.0,3.0,2.0,2.0,1.0,3.0,2.0,1.0,5.0,1.0,2.0,3.0,2.0,2.0,4.0,4.0,2.0,2,1,4,6,3,7,5,5,3,1,1,1,1,1,1,0,0,0,0,1,1,0,1,1,1,1,3,3,1,1,43,1,1,1,60,1,1,1
13583,4.0,5.0,4.0,4.0,4.0,2.0,2.0,5.0,4.0,4.0,2.0,4.0,4.0,4.0,4.0,5.0,1.0,4.0,5.0,4.0,6,5,3,1,5,1,5,7,6,5,1,1,0,1,1,0,0,0,0,1,0,0,0,1,1,1,4,2,2,2,29,2,10,1,10,2,2,7
13584,5.0,5.0,1.0,1.0,5.0,1.0,1.0,4.0,4.0,1.0,1.0,5.0,4.0,1.0,5.0,2.0,1.0,5.0,1.0,1.0,2,6,7,1,7,6,5,1,5,2,1,1,1,1,1,0,0,0,0,1,0,0,1,0,1,1,4,3,2,1,33,1,7,1,30,2,2,3
13585,3.0,5.0,3.0,1.0,5.0,1.0,1.0,1.0,3.0,2.0,1.0,4.0,3.0,1.0,2.0,1.0,3.0,4.0,5.0,1.0,1,7,3,7,6,6,4,7,1,2,1,1,0,1,1,0,0,1,0,1,0,1,1,1,1,1,2,2,2,2,19,3,12,2,20,2,1,2
13586,3.0,3.0,2.0,4.0,3.0,2.0,1.0,3.0,2.0,2.0,2.0,5.0,2.0,2.0,4.0,1.0,1.0,5.0,5.0,2.0,3,7,5,3,2,7,7,7,2,1,1,1,0,1,1,0,0,0,0,1,0,1,1,1,1,1,3,3,1,1,20,1,2,1,30,1,1,2
13587,5.0,5.0,3.0,2.0,5.0,1.0,1.0,4.0,3.0,1.0,4.0,5.0,3.0,3.0,5.0,2.0,3.0,5.0,5.0,4.0,2,2,3,5,7,1,4,6,1,3,1,1,0,1,1,0,0,0,0,1,0,0,0,1,1,1,3,3,1,2,25,1,4,1,60,1,1,1
13588,5.0,3.0,1.0,1.0,5.0,1.0,1.0,5.0,2.0,1.0,1.0,5.0,4.0,1.0,4.0,1.0,1.0,5.0,5.0,3.0,6,7,7,2,7,5,1,5,7,5,1,1,0,1,1,0,0,0,0,1,0,0,1,1,1,1,3,2,2,1,33,1,4,1,60,1,2,4
13589,5.0,4.0,3.0,3.0,3.0,5.0,4.0,3.0,5.0,5.0,1.0,3.0,5.0,1.0,3.0,1.0,4.0,4.0,5.0,4.0,4,6,7,5,5,7,7,4,6,1,0,0,0,1,1,1,0,1,0,0,0,0,0,1,0,1,3,3,1,1,28,3,2,4,60,1,1,1
13590,5.0,5.0,5.0,2.0,5.0,2.0,2.0,4.0,5.0,1.0,1.0,5.0,5.0,1.0,5.0,2.0,1.0,1.0,5.0,1.0,5,1,7,7,7,1,7,1,2,1,1,1,1,1,1,0,0,0,0,1,1,1,1,1,1,1,2,2,2,1,24,1,12,1,30,1,3,4
13591,3.0,5.0,5.0,4.0,3.0,1.0,1.0,3.0,5.0,4.0,2.0,5.0,1.0,2.0,4.0,1.0,1.0,5.0,5.0,1.0,6,7,4,5,6,2,7,4,5,1,1,1,0,1,1,1,0,1,0,1,1,1,1,1,1,1,3,1,2,1,37,1,6,1,60,2,2,2
13592,5.0,1.0,1.0,5.0,5.0,1.0,5.0,1.0,5.0,5.0,1.0,5.0,1.0,2.0,4.0,1.0,3.0,5.0,2.0,1.0,5,6,2,1,7,6,6,2,3,1,1,1,0,1,1,0,1,0,0,1,0,0,1,1,1,1,4,3,1,2,28,1,8,3,10,1,1,3
13593,3.0,4.0,4.0,4.0,2.0,3.0,2.0,2.0,5.0,4.0,3.0,2.0,4.0,2.0,4.0,5.0,2.0,4.0,5.0,1.0,6,1,2,3,5,2,7,5,5,1,1,1,0,1,1,0,0,1,0,1,0,0,1,1,1,1,3,3,3,1,19,1,4,2,60,1,1,3
13594,5.0,5.0,4.0,4.0,3.0,4.0,2.0,2.0,5.0,3.0,3.0,5.0,1.0,1.0,4.0,2.0,3.0,3.0,5.0,2.0,3,7,5,6,7,7,6,7,3,3,1,1,0,1,1,0,0,1,0,1,1,0,1,1,1,1,4,1,1,2,31,1,1,2,60,1,1,2
13595,1.0,2.0,3.0,3.0,1.0,4.0,2.0,2.0,5.0,5.0,3.0,3.0,1.0,4.0,3.0,4.0,1.0,1.0,3.0,1.0,3,1,6,6,7,6,7,3,3,1,1,1,1,1,1,0,0,1,0,1,0,0,1,1,1,1,2,1,2,1,19,1,7,5,60,1,1,1
13596,5.0,5.0,2.0,1.0,5.0,1.0,1.0,4.0,2.0,2.0,1.0,5.0,5.0,1.0,5.0,1.0,1.0,5.0,5.0,5.0,1,6,7,4,7,3,1,2,6,4,1,1,1,1,1,0,1,1,0,1,1,0,1,1,1,1,3,2,2,1,27,1,2,2,60,1,1,1
13597,5.0,5.0,1.0,1.0,5.0,1.0,1.0,5.0,1.0,1.0,1.0,5.0,5.0,1.0,5.0,1.0,1.0,5.0,5.0,1.0,3,6,6,7,5,5,3,5,2,2,1,1,0,1,1,0,0,1,0,1,1,0,1,1,1,1,3,2,2,2,25,1,10,1,60,2,1,3
13598,5.0,1.0,5.0,5.0,1.0,1.0,1.0,3.0,5.0,5.0,1.0,2.0,1.0,2.0,1.0,5.0,3.0,2.0,5.0,3.0,5,7,3,5,5,1,4,7,1,4,1,1,0,1,1,0,0,1,0,1,1,0,1,1,1,1,3,2,1,2,22,1,2,5,60,1,1,2
13599,1.0,2.0,5.0,4.0,5.0,1.0,1.0,2.0,5.0,4.0,1.0,4.0,2.0,2.0,5.0,1.0,2.0,5.0,5.0,1.0,3,5,3,5,5,4,6,5,3,2,1,1,1,1,1,0,0,1,0,1,1,0,1,1,1,1,2,2,1,1,18,1,6,1,60,2,1,3
13600,4.0,3.0,1.0,3.0,4.0,1.0,1.0,4.0,4.0,3.0,1.0,5.0,4.0,1.0,4.0,2.0,1.0,5.0,4.0,4.0,6,1,2,1,7,4,4,1,3,1,1,1,1,1,1,0,1,1,0,1,1,0,1,1,1,1,4,2,1,1,65,2,12,2,60,1,2,3
13601,1.0,1.0,3.0,5.0,5.0,5.0,5.0,1.0,5.0,5.0,1.0,5.0,3.0,5.0,1.0,1.0,5.0,1.0,5.0,1.0,1,6,2,6,6,6,6,6,2,1,1,1,1,1,1,0,0,1,0,1,0,0,1,1,1,1,3,2,2,1,24,3,1,1,70,1,1,2
13602,5.0,4.0,1.0,1.0,5.0,1.0,1.0,4.0,1.0,1.0,2.0,4.0,4.0,1.0,4.0,1.0,2.0,5.0,5.0,2.0,4,5,3,6,6,5,3,3,2,2,1,1,0,1,1,0,0,0,0,1,0,0,1,1,1,1,3,2,2,1,33,1,2,1,60,0,3,4
13603,5.0,5.0,5.0,1.0,5.0,1.0,5.0,5.0,2.0,1.0,1.0,5.0,5.0,1.0,5.0,3.0,1.0,5.0,3.0,4.0,4,7,1,7,7,1,7,7,1,1,1,1,0,1,1,0,1,1,0,1,0,0,0,1,1,1,4,1,2,1,23,1,8,1,10,1,1,0
13604,3.0,5.0,3.0,3.0,4.0,3.0,1.0,2.0,3.0,4.0,1.0,4.0,4.0,2.0,2.0,2.0,1.0,5.0,5.0,2.0,6,6,3,7,7,4,6,6,2,1,1,1,1,1,1,0,0,1,0,1,0,0,1,1,1,1,4,2,2,1,33,1,0,5,60,1,1,2
13605,4.0,4.0,2.0,1.0,4.0,2.0,2.0,5.0,3.0,2.0,1.0,4.0,3.0,1.0,4.0,4.0,1.0,4.0,1.0,3.0,6,7,7,6,6,4,5,1,3,2,1,1,0,1,1,0,0,0,0,1,0,0,1,1,1,1,3,3,2,1,32,1,7,1,70,2,1,0
13606,5.0,3.0,1.0,2.0,5.0,1.0,1.0,5.0,1.0,1.0,2.0,5.0,5.0,1.0,2.0,1.0,1.0,5.0,5.0,1.0,2,6,3,7,6,7,7,1,1,2,1,1,1,1,1,0,0,0,0,1,0,0,1,1,1,1,2,2,1,2,22,1,2,1,60,2,1,2
13607,1.0,1.0,5.0,5.0,1.0,5.0,4.0,3.0,5.0,4.0,5.0,1.0,1.0,5.0,1.0,1.0,1.0,4.0,4.0,1.0,3,5,6,6,7,5,7,2,2,5,1,1,1,1,1,0,0,0,0,1,1,0,1,1,1,1,4,2,2,1,52,1,4,1,60,1,3,2
13608,4.0,5.0,2.0,2.0,5.0,1.0,2.0,4.0,3.0,2.0,1.0,5.0,4.0,3.0,5.0,1.0,2.0,5.0,5.0,3.0,5,5,6,4,6,2,4,2,4,2,1,1,1,1,1,0,1,1,0,1,0,0,1,1,1,1,4,1,1,1,49,1,6,1,60,2,2,2
13609,5.0,4.0,3.0,4.0,3.0,1.0,1.0,1.0,5.0,5.0,1.0,5.0,1.0,1.0,4.0,2.0,5.0,2.0,5.0,3.0,7,4,1,3,7,4,6,6,7,4,1,1,0,1,1,0,0,0,0,1,0,0,1,1,1,1,3,3,1,1,72,1,1,1,60,2,2,1
13610,5.0,5.0,1.0,4.0,1.0,1.0,3.0,5.0,1.0,1.0,1.0,5.0,1.0,1.0,5.0,1.0,1.0,2.0,5.0,5.0,6,6,2,7,7,1,7,5,1,1,1,1,0,1,1,0,1,0,0,1,0,0,1,1,1,1,4,1,1,2,38,1,2,1,10,2,2,2
13611,2.0,2.0,2.0,3.0,2.0,1.0,1.0,2.0,1.0,1.0,5.0,4.0,1.0,2.0,4.0,5.0,3.0,4.0,5.0,1.0,2,5,5,5,7,7,2,3,3,2,1,1,0,1,1,0,0,1,0,1,0,0,1,1,1,1,3,3,1,1,24,1,2,1,60,1,1,3
13612,5.0,5.0,2.0,2.0,4.0,3.0,1.0,5.0,1.0,5.0,2.0,5.0,5.0,1.0,5.0,1.0,5.0,4.0,5.0,5.0,1,5,5,1,5,7,5,4,7,4,1,1,1,1,1,0,1,1,0,1,1,1,0,1,1,1,4,3,1,1,60,1,2,1,60,1,2,1
13613,5.0,4.0,2.0,4.0,4.0,4.0,1.0,4.0,5.0,4.0,3.0,4.0,1.0,1.0,3.0,4.0,3.0,4.0,4.0,2.0,6,6,3,4,7,5,7,6,5,3,1,0,0,1,1,0,0,1,0,1,0,0,0,1,1,1,3,2,1,1,20,1,8,1,10,2,1,2
13614,1.0,4.0,4.0,4.0,1.0,4.0,1.0,1.0,5.0,5.0,1.0,5.0,4.0,1.0,4.0,5.0,4.0,4.0,5.0,1.0,6,3,7,2,7,1,7,1,6,1,1,1,1,1,1,0,1,0,0,1,1,0,1,1,1,1,4,2,2,1,50,1,4,1,60,2,2,2
13615,3.0,4.0,1.0,1.0,4.0,1.0,1.0,2.0,4.0,3.0,1.0,4.0,4.0,1.0,4.0,2.0,2.0,4.0,5.0,1.0,3,6,7,4,4,5,5,3,5,2,1,1,1,1,1,0,0,1,0,1,0,1,1,1,1,1,3,2,1,1,31,1,2,1,60,1,1,2
13616,2.0,3.0,4.0,5.0,5.0,3.0,1.0,4.0,5.0,3.0,1.0,5.0,4.0,5.0,4.0,2.0,4.0,2.0,4.0,2.0,4,5,4,3,6,5,6,6,5,5,1,1,1,1,1,0,0,0,0,1,0,0,1,1,1,1,4,2,2,2,32,1,8,1,10,1,2,3
13617,4.0,4.0,1.0,1.0,5.0,1.0,1.0,1.0,1.0,1.0,1.0,5.0,1.0,1.0,4.0,1.0,2.0,5.0,5.0,1.0,6,6,7,2,4,1,5,1,5,6,1,1,0,1,1,0,0,0,0,1,0,0,0,0,1,1,3,2,2,2,24,1,2,1,60,2,1,1
13618,5.0,4.0,2.0,3.0,5.0,2.0,2.0,3.0,2.0,2.0,1.0,5.0,5.0,1.0,4.0,4.0,4.0,4.0,4.0,1.0,2,6,7,5,7,5,5,2,6,1,1,1,0,1,1,0,1,0,0,1,0,1,1,1,1,1,3,3,1,1,79,1,6,1,70,1,2,7
13619,2.0,4.0,2.0,4.0,4.0,5.0,1.0,1.0,5.0,3.0,2.0,4.0,4.0,3.0,4.0,2.0,2.0,3.0,5.0,3.0,5,3,3,6,6,5,6,2,4,2,1,1,1,1,1,0,0,1,0,1,0,0,1,1,1,1,3,2,1,2,26,1,1,1,60,2,1,2
13620,4.0,4.0,3.0,4.0,4.0,1.0,2.0,1.0,5.0,2.0,1.0,5.0,1.0,1.0,4.0,2.0,1.0,2.0,5.0,1.0,1,6,6,4,3,7,2,4,6,5,1,1,1,1,1,1,0,0,0,1,1,0,1,1,1,1,3,2,1,1,43,1,1,1,60,2,3,2
13621,4.0,5.0,2.0,1.0,5.0,1.0,1.0,5.0,1.0,1.0,1.0,5.0,4.0,1.0,5.0,1.0,1.0,5.0,5.0,3.0,7,7,3,1,7,1,1,1,7,4,1,1,1,1,1,1,0,1,0,1,0,0,1,1,1,1,4,2,1,1,26,1,2,1,60,1,1,2
13622,4.0,2.0,2.0,3.0,4.0,5.0,3.0,5.0,5.0,5.0,1.0,1.0,4.0,3.0,3.0,5.0,5.0,5.0,5.0,2.0,4,7,7,6,5,6,7,1,5,4,1,1,1,1,1,0,1,1,0,1,0,0,0,1,1,1,4,2,2,1,22,1,0,1,60,1,1,2
13623,5.0,3.0,4.0,5.0,4.0,5.0,1.0,1.0,5.0,5.0,1.0,3.0,2.0,1.0,1.0,1.0,5.0,3.0,2.0,4.0,7,4,4,2,7,5,7,4,6,7,1,1,0,1,1,0,1,1,0,1,0,0,1,1,1,1,3,3,1,1,48,2,7,1,30,1,2,2
13624,2.0,4.0,1.0,1.0,4.0,1.0,2.0,4.0,3.0,2.0,1.0,5.0,5.0,1.0,4.0,1.0,2.0,4.0,5.0,4.0,2,5,6,5,6,5,4,4,2,3,1,1,1,1,1,0,1,1,0,1,1,1,1,1,1,1,4,1,2,2,36,1,1,2,60,1,2,3
13625,1.0,1.0,2.0,5.0,1.0,1.0,1.0,4.0,4.0,1.0,1.0,5.0,1.0,1.0,5.0,1.0,1.0,5.0,5.0,1.0,3,5,6,1,5,7,5,2,6,1,1,1,0,1,1,0,0,0,0,1,0,0,1,1,1,1,4,1,1,2,36,1,4,1,70,1,2,4
13626,1.0,2.0,5.0,5.0,4.0,2.0,2.0,1.0,5.0,5.0,4.0,1.0,1.0,3.0,4.0,2.0,1.0,1.0,5.0,1.0,5,5,7,5,6,3,5,1,3,6,1,1,1,1,1,1,1,0,0,1,0,0,1,1,1,1,4,1,2,1,40,1,1,1,60,1,2,2
13627,5.0,5.0,1.0,1.0,4.0,1.0,1.0,5.0,2.0,1.0,1.0,5.0,5.0,2.0,4.0,1.0,5.0,5.0,5.0,3.0,5,7,4,5,7,2,1,1,6,7,1,1,0,1,1,0,0,0,0,1,0,0,1,1,1,1,2,3,1,2,18,1,2,1,60,2,1,1
13628,4.0,2.0,4.0,5.0,2.0,4.0,5.0,1.0,5.0,5.0,3.0,2.0,1.0,1.0,3.0,1.0,3.0,1.0,2.0,1.0,1,6,7,5,6,7,3,6,7,5,1,1,0,1,1,0,0,1,0,1,0,0,1,1,1,1,3,1,1,1,26,1,6,1,60,1,1,5
13629,4.0,5.0,3.0,1.0,4.0,1.0,1.0,4.0,3.0,1.0,1.0,5.0,4.0,2.0,4.0,1.0,1.0,5.0,5.0,5.0,2,5,6,3,5,5,2,4,3,2,1,1,0,1,1,0,0,0,0,1,0,0,1,1,1,1,3,2,2,1,26,1,12,3,60,2,1,3
13630,5.0,1.0,5.0,3.0,4.0,4.0,5.0,5.0,5.0,3.0,1.0,5.0,1.0,1.0,3.0,4.0,1.0,5.0,5.0,3.0,1,1,7,7,1,7,5,4,6,2,1,1,0,1,1,0,1,0,0,1,0,0,1,1,1,1,4,3,1,2,35,1,4,1,20,1,1,6
13631,5.0,4.0,3.0,4.0,4.0,3.0,1.0,5.0,3.0,2.0,2.0,4.0,4.0,2.0,5.0,2.0,1.0,4.0,1.0,3.0,6,5,5,3,6,2,5,2,6,5,1,1,1,1,1,0,1,1,0,1,0,0,1,1,1,1,3,2,1,1,36,2,6,1,60,1,1,1
13632,3.0,4.0,5.0,4.0,4.0,3.0,5.0,5.0,5.0,2.0,1.0,4.0,2.0,3.0,4.0,4.0,3.0,5.0,1.0,5.0,5,2,6,7,7,6,6,2,4,3,1,1,0,1,1,1,0,0,0,1,0,0,1,1,1,1,4,2,2,2,19,1,10,1,10,2,1,4
13633,2.0,4.0,1.0,2.0,2.0,1.0,1.0,4.0,5.0,2.0,2.0,4.0,2.0,1.0,2.0,4.0,1.0,2.0,5.0,2.0,1,1,6,5,7,6,7,1,7,3,1,1,0,1,1,0,0,1,0,1,1,0,1,1,1,1,3,3,2,1,55,2,12,1,30,1,1,4
13634,5.0,5.0,4.0,2.0,5.0,2.0,2.0,4.0,1.0,1.0,1.0,4.0,4.0,1.0,5.0,1.0,1.0,4.0,3.0,3.0,7,5,7,5,7,1,5,3,2,2,1,1,1,1,1,0,1,1,0,1,1,0,1,1,1,1,4,3,2,1,28,1,2,1,60,2,1,3
13635,1.0,4.0,3.0,5.0,2.0,1.0,2.0,1.0,5.0,2.0,1.0,4.0,1.0,2.0,4.0,5.0,1.0,4.0,5.0,1.0,7,6,5,7,7,1,6,1,5,4,1,1,1,1,1,0,1,1,0,1,0,0,1,1,1,1,4,3,2,1,35,1,2,1,60,1,2,2
13636,5.0,4.0,3.0,4.0,4.0,1.0,1.0,1.0,4.0,2.0,1.0,3.0,1.0,2.0,1.0,1.0,5.0,5.0,5.0,1.0,5,7,6,3,7,3,4,2,4,1,1,1,0,1,1,0,0,0,0,1,1,0,1,1,1,1,4,3,1,1,33,1,2,1,60,2,2,3
13637,4.0,4.0,1.0,3.0,5.0,4.0,2.0,2.0,3.0,2.0,1.0,5.0,4.0,2.0,4.0,2.0,1.0,5.0,5.0,3.0,3,7,6,6,6,7,4,5,2,2,1,1,1,1,1,0,1,1,0,1,1,0,1,1,1,1,4,3,1,2,49,1,2,1,60,1,2,2
13638,5.0,2.0,1.0,3.0,2.0,1.0,2.0,5.0,1.0,2.0,1.0,3.0,2.0,2.0,5.0,2.0,3.0,4.0,3.0,3.0,4,3,2,1,6,7,2,1,6,1,1,1,0,1,1,0,0,0,0,1,0,0,0,0,1,1,3,2,2,2,27,1,10,2,20,2,1,6
13639,1.0,3.0,5.0,5.0,1.0,4.0,4.0,1.0,5.0,5.0,3.0,2.0,1.0,4.0,2.0,5.0,2.0,1.0,4.0,2.0,3,2,6,2,6,5,5,3,7,5,1,1,1,1,1,0,1,1,0,1,0,0,1,1,1,1,4,3,1,1,55,2,6,1,60,2,1,5
13640,4.0,4.0,5.0,2.0,4.0,1.0,1.0,1.0,4.0,2.0,1.0,4.0,2.0,2.0,4.0,2.0,1.0,2.0,5.0,5.0,5,3,6,2,7,3,6,4,5,3,1,1,1,1,1,0,1,1,0,1,1,0,1,1,1,1,4,3,2,1,64,1,3,4,60,1,3,4
13641,1.0,2.0,4.0,5.0,2.0,4.0,2.0,1.0,5.0,2.0,2.0,4.0,1.0,2.0,5.0,2.0,2.0,4.0,5.0,1.0,6,5,3,4,7,5,6,5,5,4,1,1,1,1,1,0,0,0,0,1,1,0,1,1,1,1,4,3,2,1,27,1,2,2,60,1,1,2
13642,1.0,2.0,4.0,2.0,2.0,2.0,2.0,4.0,4.0,5.0,2.0,2.0,2.0,2.0,4.0,4.0,5.0,4.0,5.0,4.0,5,7,5,7,3,1,3,5,2,5,1,1,0,1,1,0,0,0,0,1,0,0,1,1,1,1,3,2,1,1,51,1,6,0,60,1,2,2
13643,5.0,5.0,5.0,4.0,5.0,5.0,5.0,5.0,4.0,1.0,4.0,5.0,5.0,2.0,1.0,5.0,2.0,5.0,5.0,5.0,4,7,6,7,7,7,6,7,2,1,0,1,0,1,0,0,0,0,0,1,0,0,1,1,1,1,2,3,1,2,20,1,10,1,10,2,1,3
13644,3.0,2.0,3.0,3.0,5.0,3.0,2.0,4.0,4.0,4.0,1.0,4.0,2.0,1.0,4.0,2.0,1.0,5.0,3.0,1.0,1,4,1,5,5,7,4,6,4,5,1,1,0,0,1,0,0,0,0,1,0,0,0,1,1,1,3,2,1,1,32,1,1,1,60,2,1,3
13645,2.0,4.0,1.0,1.0,5.0,1.0,1.0,5.0,4.0,2.0,1.0,4.0,5.0,1.0,2.0,1.0,1.0,1.0,4.0,2.0,5,7,3,3,7,6,2,6,6,3,1,1,1,1,1,0,0,0,0,1,0,0,1,1,1,1,3,3,1,1,41,1,7,1,60,1,1,2
13646,3.0,5.0,5.0,2.0,4.0,4.0,1.0,4.0,5.0,3.0,1.0,3.0,5.0,2.0,3.0,5.0,2.0,5.0,3.0,2.0,4,3,6,5,5,4,6,1,7,4,1,1,0,1,1,0,0,0,0,1,0,1,0,0,1,1,2,1,1,2,18,1,7,1,60,2,1,1
13647,4.0,5.0,3.0,4.0,4.0,5.0,4.0,4.0,5.0,3.0,2.0,5.0,4.0,2.0,4.0,3.0,1.0,4.0,4.0,1.0,4,1,6,6,6,5,6,2,6,2,1,1,0,1,1,0,0,0,0,1,0,0,1,1,1,1,4,3,1,2,69,2,4,1,70,1,3,5
13648,4.0,4.0,4.0,2.0,2.0,3.0,2.0,3.0,3.0,2.0,1.0,5.0,4.0,1.0,5.0,1.0,1.0,5.0,4.0,1.0,6,5,2,7,5,3,6,6,1,2,1,1,0,1,1,0,0,0,0,1,0,0,1,1,1,1,2,2,1,1,18,1,7,1,60,2,1,2
13649,2.0,4.0,4.0,3.0,4.0,4.0,2.0,3.0,5.0,2.0,1.0,5.0,2.0,2.0,5.0,1.0,1.0,4.0,5.0,1.0,5,3,6,6,5,6,6,3,4,2,1,1,0,1,1,0,0,1,0,1,0,0,1,1,1,1,4,3,2,2,26,1,12,1,70,1,1,2
13650,2.0,5.0,2.0,4.0,3.0,2.0,2.0,3.0,4.0,4.0,2.0,5.0,3.0,4.0,4.0,2.0,3.0,2.0,4.0,3.0,3,5,5,6,6,6,3,3,4,5,1,1,0,1,1,0,0,1,0,1,0,0,1,1,1,1,3,2,2,1,24,1,4,1,60,2,1,1
13651,5.0,5.0,3.0,2.0,5.0,2.0,1.0,5.0,2.0,2.0,2.0,5.0,5.0,2.0,5.0,2.0,2.0,5.0,5.0,5.0,4,3,7,3,7,4,3,1,4,2,1,1,0,1,1,0,0,0,0,1,0,0,1,1,1,1,3,1,2,2,39,1,2,2,10,2,2,4
13652,1.0,1.0,4.0,4.0,2.0,4.0,2.0,1.0,5.0,5.0,2.0,2.0,1.0,2.0,4.0,2.0,4.0,4.0,5.0,5.0,5,2,3,3,5,3,6,3,5,2,1,1,1,1,1,0,1,1,0,1,1,0,1,1,1,1,0,2,1,1,46,1,1,3,0,1,2,2
13653,2.0,1.0,5.0,3.0,5.0,4.0,4.0,4.0,5.0,5.0,3.0,4.0,4.0,2.0,4.0,5.0,4.0,1.0,5.0,2.0,5,6,7,1,6,6,5,5,7,4,1,1,1,1,1,1,0,1,0,1,0,1,1,1,1,1,3,3,1,1,38,1,5,1,60,1,1,6
13654,5.0,2.0,1.0,1.0,5.0,1.0,1.0,2.0,4.0,2.0,1.0,5.0,4.0,1.0,4.0,1.0,3.0,3.0,4.0,3.0,2,2,6,1,5,7,6,1,6,5,1,1,1,1,1,0,1,1,0,1,1,0,1,1,1,1,3,1,2,1,48,1,2,1,60,2,3,1
13655,2.0,5.0,4.0,4.0,4.0,1.0,1.0,1.0,5.0,2.0,1.0,5.0,2.0,1.0,1.0,1.0,2.0,4.0,5.0,4.0,2,3,7,5,6,7,5,5,7,1,1,1,1,1,1,0,1,0,0,1,0,1,1,1,1,1,3,2,2,1,31,1,2,1,60,2,2,2
13656,4.0,5.0,3.0,3.0,3.0,3.0,2.0,4.0,3.0,4.0,3.0,5.0,5.0,3.0,3.0,2.0,2.0,4.0,5.0,5.0,6,3,2,7,5,1,7,7,1,1,1,1,0,1,1,0,1,1,0,0,1,0,1,1,1,1,3,3,1,1,54,1,1,1,60,1,3,2
13657,4.0,4.0,2.0,2.0,4.0,2.0,4.0,2.0,4.0,1.0,1.0,5.0,4.0,1.0,4.0,5.0,1.0,4.0,5.0,1.0,1,7,6,5,2,1,4,3,1,7,1,1,0,1,1,0,0,0,1,1,0,0,1,1,1,1,2,1,1,1,32,1,2,1,60,1,3,4
13658,5.0,4.0,3.0,2.0,4.0,1.0,1.0,4.0,2.0,2.0,1.0,5.0,5.0,3.0,5.0,1.0,1.0,4.0,3.0,3.0,6,7,4,7,5,1,1,3,1,2,1,1,0,1,1,0,0,1,0,1,0,0,0,1,1,1,3,3,1,1,21,1,2,3,60,2,1,2
13659,4.0,4.0,3.0,4.0,5.0,2.0,3.0,4.0,4.0,2.0,2.0,5.0,4.0,3.0,4.0,4.0,3.0,4.0,3.0,1.0,6,6,7,4,5,7,7,1,6,4,1,1,0,1,1,0,0,0,0,1,0,0,0,1,1,1,3,3,2,1,20,1,4,1,60,1,1,2
13660,5.0,5.0,3.0,1.0,5.0,4.0,1.0,3.0,5.0,1.0,3.0,4.0,5.0,1.0,5.0,1.0,5.0,1.0,3.0,3.0,4,1,5,2,7,4,7,4,7,1,1,1,0,1,1,0,0,0,0,1,0,0,1,1,1,1,3,0,2,1,45,1,5,1,50,2,3,5
13661,3.0,1.0,5.0,3.0,1.0,2.0,2.0,1.0,5.0,3.0,2.0,5.0,1.0,1.0,5.0,2.0,1.0,1.0,5.0,4.0,4,4,2,6,7,6,4,5,5,2,1,1,1,1,1,0,1,1,0,1,1,0,1,1,1,1,2,2,1,1,36,1,1,3,60,2,1,1
13662,4.0,2.0,5.0,4.0,4.0,5.0,2.0,2.0,5.0,5.0,4.0,2.0,2.0,1.0,1.0,5.0,3.0,1.0,5.0,2.0,5,3,6,5,3,5,6,5,5,3,1,1,0,1,1,0,0,1,0,1,0,0,1,0,1,1,2,3,2,2,17,1,1,1,60,2,1,1
13663,1.0,2.0,2.0,3.0,3.0,4.0,2.0,1.0,5.0,5.0,2.0,3.0,1.0,3.0,3.0,2.0,3.0,4.0,5.0,1.0,7,3,5,3,7,1,7,5,3,2,1,1,1,1,1,0,0,1,0,1,0,0,1,1,1,1,3,3,2,1,46,1,2,1,60,1,1,4
13664,1.0,1.0,4.0,4.0,2.0,4.0,1.0,1.0,4.0,5.0,2.0,4.0,1.0,5.0,3.0,4.0,4.0,3.0,5.0,1.0,5,3,5,6,7,5,6,5,2,2,1,1,0,1,1,0,0,0,0,1,1,0,0,0,1,1,4,2,2,2,25,1,1,2,60,2,1,1
13665,5.0,4.0,5.0,1.0,5.0,4.0,1.0,4.0,5.0,4.0,2.0,4.0,3.0,3.0,4.0,3.0,5.0,5.0,5.0,1.0,6,5,6,5,7,5,7,6,7,2,1,1,0,1,1,0,0,1,0,1,0,0,1,1,1,1,3,3,1,2,28,1,4,1,60,2,1,2
13666,2.0,2.0,2.0,2.0,4.0,4.0,2.0,2.0,5.0,4.0,1.0,5.0,2.0,2.0,3.0,2.0,2.0,2.0,1.0,4.0,3,3,5,3,3,6,5,3,5,3,0,0,0,0,0,0,0,0,1,0,0,1,0,0,0,0,4,0,2,1,39,1,7,1,60,2,1,4
13667,5.0,5.0,4.0,3.0,5.0,3.0,3.0,4.0,2.0,5.0,4.0,5.0,2.0,5.0,3.0,4.0,2.0,5.0,3.0,2.0,5,6,7,5,6,4,3,2,6,3,1,1,0,1,1,0,0,0,0,1,0,0,0,1,1,1,4,3,1,2,20,2,2,1,10,2,1,6
13668,4.0,2.0,2.0,2.0,4.0,2.0,2.0,2.0,5.0,4.0,2.0,5.0,1.0,1.0,3.0,4.0,5.0,4.0,5.0,4.0,7,2,6,1,7,1,6,1,6,2,1,1,0,1,1,0,1,1,0,1,1,1,0,1,1,1,3,3,2,2,60,1,2,1,70,1,2,2
13669,1.0,5.0,4.0,5.0,4.0,1.0,1.0,1.0,4.0,2.0,1.0,4.0,1.0,2.0,1.0,2.0,1.0,5.0,5.0,1.0,2,3,5,5,5,7,2,1,3,2,0,0,0,0,0,0,0,1,0,0,1,0,0,0,0,0,4,1,2,2,28,1,7,1,60,2,1,1
13670,4.0,5.0,3.0,2.0,3.0,3.0,1.0,5.0,5.0,2.0,2.0,2.0,1.0,1.0,1.0,1.0,3.0,2.0,5.0,3.0,5,5,2,6,5,6,4,6,1,4,1,1,0,1,1,0,0,0,0,1,0,0,1,1,1,1,2,3,1,1,17,1,0,4,10,1,1,2
13671,1.0,2.0,2.0,4.0,2.0,4.0,2.0,2.0,5.0,4.0,2.0,4.0,1.0,2.0,2.0,2.0,5.0,4.0,5.0,1.0,3,5,5,3,5,5,5,2,5,2,1,1,0,1,1,0,0,1,0,1,1,0,1,1,1,1,3,2,1,1,28,1,12,1,60,1,1,4
13672,4.0,4.0,2.0,1.0,5.0,1.0,2.0,5.0,3.0,5.0,1.0,4.0,1.0,1.0,4.0,4.0,1.0,4.0,5.0,1.0,2,3,6,1,6,7,4,2,7,4,1,1,0,1,0,0,0,1,0,1,0,0,1,0,0,1,4,3,1,2,27,1,1,1,60,2,1,2
13673,5.0,5.0,1.0,1.0,5.0,1.0,1.0,4.0,1.0,1.0,1.0,5.0,4.0,1.0,5.0,1.0,1.0,5.0,5.0,4.0,2,6,3,5,6,0,2,1,5,1,1,1,0,1,1,0,0,0,0,1,0,0,1,1,1,1,2,2,1,1,21,2,1,1,60,2,1,3
13674,1.0,1.0,4.0,2.0,2.0,4.0,4.0,3.0,5.0,5.0,2.0,1.0,1.0,2.0,1.0,4.0,2.0,1.0,4.0,2.0,2,3,5,3,3,6,5,2,3,3,1,0,0,1,0,0,0,0,0,1,0,0,0,1,1,1,2,3,2,2,22,2,2,1,60,1,1,2
13675,4.0,1.0,4.0,2.0,1.0,5.0,3.0,1.0,5.0,5.0,1.0,2.0,1.0,4.0,3.0,4.0,1.0,4.0,3.0,1.0,6,2,4,5,3,2,7,2,5,2,0,1,0,1,0,0,0,0,0,1,0,0,1,0,1,1,3,3,2,2,22,1,7,1,60,2,1,1
13676,3.0,4.0,3.0,4.0,5.0,2.0,3.0,4.0,4.0,4.0,2.0,2.0,3.0,2.0,4.0,4.0,4.0,2.0,4.0,1.0,3,6,5,4,7,6,5,2,4,3,1,1,1,1,1,0,0,1,0,1,0,0,1,1,1,1,2,2,2,2,20,1,10,1,10,2,1,2
13677,1.0,1.0,4.0,3.0,4.0,5.0,4.0,3.0,5.0,5.0,2.0,1.0,1.0,1.0,1.0,1.0,3.0,1.0,5.0,2.0,3,5,1,6,7,6,5,7,2,1,1,1,1,1,1,1,1,1,1,1,1,1,1,1,1,1,3,2,2,1,30,1,2,1,60,1,2,1
13678,1.0,2.0,3.0,5.0,1.0,4.0,3.0,1.0,5.0,4.0,3.0,1.0,1.0,3.0,1.0,4.0,2.0,3.0,5.0,1.0,4,5,5,5,5,5,4,2,4,4,1,1,0,1,1,0,0,0,0,1,0,0,1,1,1,1,3,2,1,1,20,1,2,3,60,1,1,3
13679,4.0,4.0,5.0,5.0,4.0,4.0,5.0,2.0,3.0,1.0,1.0,1.0,1.0,5.0,5.0,5.0,5.0,4.0,5.0,1.0,7,3,7,2,7,3,7,1,4,2,1,0,0,1,1,0,0,0,0,1,0,0,0,0,1,1,4,3,2,2,31,1,6,1,60,2,2,1
13680,1.0,4.0,1.0,2.0,1.0,2.0,1.0,5.0,1.0,2.0,1.0,5.0,5.0,1.0,3.0,1.0,5.0,5.0,1.0,5.0,7,7,6,2,7,3,5,2,6,1,1,0,0,1,0,0,0,0,0,1,0,0,0,1,1,1,4,2,1,2,34,1,2,1,60,2,1,2
13681,2.0,4.0,2.0,4.0,2.0,1.0,1.0,4.0,5.0,2.0,2.0,2.0,2.0,3.0,4.0,2.0,2.0,2.0,2.0,1.0,5,5,6,3,6,2,5,1,5,4,1,1,0,1,1,0,0,0,0,1,0,0,1,1,1,1,3,1,1,1,21,1,6,1,60,2,1,3
13682,3.0,3.0,1.0,5.0,4.0,4.0,2.0,1.0,5.0,4.0,2.0,2.0,5.0,2.0,4.0,1.0,2.0,2.0,5.0,3.0,6,2,6,1,6,2,6,2,6,2,1,1,1,1,1,0,1,1,0,1,0,0,1,1,1,1,3,3,2,1,46,1,3,1,60,1,2,2
13683,2.0,5.0,4.0,1.0,4.0,1.0,1.0,4.0,4.0,4.0,1.0,5.0,3.0,1.0,2.0,1.0,1.0,4.0,5.0,4.0,2,6,7,7,3,6,6,1,3,0,1,1,1,1,1,0,0,1,0,1,0,0,1,1,1,1,3,2,2,1,19,1,1,2,60,2,1,2
13684,4.0,2.0,4.0,1.0,5.0,4.0,1.0,1.0,5.0,4.0,1.0,2.0,1.0,1.0,1.0,4.0,5.0,1.0,5.0,2.0,4,6,7,5,5,5,7,2,6,6,0,1,0,1,1,0,0,0,0,1,0,0,1,1,1,1,3,1,2,2,23,2,7,1,60,2,1,1
13685,5.0,5.0,4.0,3.0,5.0,5.0,3.0,3.0,5.0,2.0,1.0,5.0,2.0,2.0,5.0,5.0,2.0,3.0,5.0,5.0,2,5,6,6,7,5,7,5,6,5,1,0,0,1,1,0,0,0,0,1,0,0,0,1,1,1,2,1,1,2,18,1,3,1,10,2,1,4
13686,4.0,5.0,5.0,4.0,5.0,2.0,4.0,4.0,5.0,4.0,1.0,2.0,2.0,3.0,4.0,1.0,2.0,5.0,5.0,2.0,7,5,6,1,7,2,6,6,6,1,1,0,0,0,1,0,0,1,0,1,0,1,0,0,0,1,4,3,1,2,36,1,1,1,10,1,1,2
13687,4.0,3.0,5.0,3.0,4.0,2.0,2.0,5.0,5.0,2.0,4.0,4.0,5.0,2.0,1.0,1.0,4.0,5.0,3.0,4.0,6,6,6,4,7,4,7,2,5,1,1,0,0,1,1,0,0,1,0,1,0,0,0,0,1,1,3,3,1,2,20,1,7,1,60,2,1,2
13688,4.0,5.0,2.0,2.0,5.0,4.0,5.0,3.0,2.0,2.0,2.0,4.0,4.0,1.0,3.0,4.0,5.0,5.0,5.0,1.0,5,4,5,6,5,6,5,2,5,1,1,1,0,1,1,0,0,0,0,1,1,0,1,1,1,1,4,3,1,1,25,1,1,3,60,1,1,2
13689,1.0,1.0,2.0,5.0,1.0,2.0,2.0,1.0,5.0,5.0,2.0,1.0,1.0,3.0,1.0,2.0,4.0,1.0,5.0,1.0,2,1,2,3,5,6,7,2,6,1,1,1,1,1,1,0,1,1,0,1,1,0,1,1,1,1,3,2,2,1,63,0,1,1,60,1,3,2
13690,4.0,2.0,1.0,2.0,3.0,1.0,1.0,1.0,2.0,2.0,2.0,4.0,1.0,1.0,4.0,3.0,2.0,5.0,5.0,1.0,5,6,3,1,5,6,3,6,7,3,1,1,0,1,1,0,0,0,0,1,0,0,1,1,1,1,3,2,1,1,24,1,2,3,60,1,1,3
13691,1.0,2.0,1.0,3.0,5.0,2.0,1.0,1.0,1.0,1.0,1.0,5.0,2.0,1.0,5.0,1.0,1.0,5.0,5.0,1.0,3,7,6,6,2,1,6,1,6,1,1,1,0,1,1,0,1,0,0,1,0,0,1,1,1,1,3,3,2,2,48,1,1,1,60,2,3,2
13692,4.0,5.0,1.0,1.0,4.0,2.0,1.0,4.0,5.0,2.0,1.0,4.0,4.0,1.0,5.0,1.0,1.0,4.0,5.0,3.0,2,1,7,6,6,5,2,2,5,3,1,1,1,1,1,0,1,1,0,1,1,1,1,1,1,1,4,2,1,2,44,2,6,1,60,2,1,2
13693,4.0,5.0,1.0,4.0,2.0,1.0,1.0,1.0,3.0,1.0,1.0,5.0,5.0,1.0,5.0,1.0,1.0,5.0,5.0,4.0,2,7,6,5,6,3,6,3,7,1,1,1,0,1,1,0,0,0,0,1,0,0,1,1,1,1,3,2,1,1,26,1,1,1,60,2,1,2
13694,3.0,5.0,2.0,3.0,5.0,2.0,1.0,5.0,4.0,3.0,1.0,5.0,3.0,2.0,4.0,1.0,2.0,5.0,5.0,1.0,6,6,7,2,6,1,3,1,2,1,1,1,1,1,1,1,1,0,0,1,0,1,1,1,1,1,4,3,2,1,35,1,6,2,60,1,2,2
13695,5.0,1.0,5.0,4.0,3.0,1.0,1.0,4.0,5.0,5.0,1.0,5.0,1.0,1.0,5.0,1.0,5.0,5.0,5.0,4.0,5,1,7,6,7,6,6,1,3,1,1,1,1,1,1,0,1,1,0,1,1,0,1,1,1,1,3,1,2,1,58,1,7,1,60,1,3,3
13696,2.0,4.0,1.0,2.0,1.0,1.0,1.0,2.0,5.0,4.0,1.0,5.0,4.0,4.0,5.0,1.0,1.0,4.0,5.0,4.0,5,5,5,6,6,1,7,1,3,1,1,1,1,1,1,0,1,1,0,1,1,0,1,1,1,1,4,2,2,1,59,1,2,2,60,1,3,4
13697,2.0,5.0,2.0,1.0,4.0,4.0,2.0,4.0,5.0,5.0,3.0,4.0,4.0,2.0,4.0,2.0,1.0,4.0,5.0,1.0,2,3,6,2,5,6,5,1,7,2,0,1,0,1,1,0,0,0,0,1,0,0,1,1,1,1,3,2,2,2,23,1,2,1,10,2,1,2
13698,1.0,4.0,2.0,2.0,5.0,2.0,2.0,4.0,2.0,4.0,1.0,4.0,1.0,2.0,3.0,1.0,1.0,2.0,5.0,2.0,5,2,4,7,6,3,6,4,2,1,1,1,1,1,1,0,0,1,0,1,0,1,1,1,1,1,4,1,2,2,30,3,2,1,60,1,1,2
13699,2.0,2.0,2.0,3.0,4.0,2.0,1.0,2.0,4.0,5.0,2.0,1.0,1.0,4.0,3.0,4.0,1.0,4.0,5.0,2.0,4,5,3,5,5,6,7,4,6,5,1,1,0,1,1,0,0,0,0,1,0,0,0,1,1,1,2,3,2,2,18,1,4,1,60,1,1,2
13700,5.0,5.0,1.0,1.0,4.0,1.0,1.0,2.0,3.0,1.0,1.0,5.0,5.0,2.0,5.0,3.0,1.0,5.0,5.0,5.0,7,7,6,5,7,1,7,1,3,1,1,1,1,1,1,0,1,1,0,1,1,0,1,1,1,1,2,3,2,2,18,2,2,2,60,1,1,1
13701,1.0,1.0,1.0,3.0,1.0,5.0,5.0,4.0,5.0,5.0,1.0,4.0,1.0,2.0,3.0,5.0,5.0,3.0,5.0,1.0,6,6,4,5,7,3,6,4,5,2,1,1,0,1,1,0,1,0,0,1,0,0,1,1,1,1,3,1,2,1,39,1,4,1,60,1,3,7
13702,4.0,3.0,4.0,1.0,4.0,2.0,1.0,4.0,3.0,2.0,1.0,2.0,2.0,2.0,3.0,1.0,4.0,3.0,5.0,3.0,5,5,6,4,6,6,7,4,6,5,1,1,1,1,1,0,1,1,0,1,1,0,1,1,1,1,2,2,2,1,21,1,3,2,60,1,1,3
13703,1.0,1.0,5.0,5.0,1.0,4.0,2.0,1.0,5.0,4.0,2.0,1.0,1.0,2.0,4.0,5.0,4.0,4.0,3.0,1.0,3,5,6,5,6,5,6,1,5,5,1,1,1,1,1,0,1,0,0,1,0,1,1,1,1,1,3,1,2,1,56,1,4,1,60,1,2,13
13704,1.0,2.0,2.0,2.0,2.0,1.0,1.0,1.0,5.0,1.0,1.0,1.0,1.0,2.0,3.0,2.0,2.0,1.0,5.0,1.0,6,5,3,5,6,3,6,3,5,1,1,1,0,1,1,0,0,0,0,1,0,0,0,1,1,1,2,1,2,1,19,1,4,1,60,1,1,2
13705,4.0,3.0,1.0,3.0,4.0,4.0,3.0,4.0,5.0,1.0,2.0,2.0,2.0,1.0,4.0,5.0,1.0,4.0,4.0,3.0,2,5,5,6,7,3,4,6,1,3,1,1,1,1,1,0,0,1,0,1,0,0,1,1,1,1,4,2,2,1,46,1,1,1,60,2,2,4
13706,5.0,3.0,2.0,1.0,5.0,2.0,1.0,4.0,5.0,2.0,1.0,5.0,4.0,1.0,1.0,1.0,1.0,5.0,5.0,3.0,6,3,7,2,6,3,2,1,6,1,1,1,0,1,1,0,0,0,0,1,0,0,1,1,1,1,3,2,1,1,55,1,12,1,60,1,2,4
13707,1.0,4.0,5.0,2.0,2.0,2.0,4.0,4.0,5.0,5.0,2.0,5.0,1.0,2.0,1.0,4.0,2.0,2.0,4.0,1.0,2,1,3,4,2,6,6,2,2,6,1,1,1,1,1,0,1,1,0,1,0,0,1,1,1,1,3,2,2,1,53,1,6,1,60,1,2,4
13708,5.0,1.0,1.0,1.0,5.0,1.0,1.0,3.0,1.0,1.0,1.0,5.0,5.0,1.0,5.0,1.0,5.0,5.0,5.0,5.0,7,7,7,4,7,1,7,1,4,1,1,1,1,1,1,0,0,1,0,1,0,0,1,1,1,1,4,3,1,2,48,1,6,1,70,1,2,4
13709,2.0,4.0,3.0,3.0,4.0,4.0,5.0,2.0,5.0,3.0,2.0,4.0,4.0,4.0,4.0,2.0,5.0,1.0,2.0,3.0,6,3,3,3,6,3,7,1,3,3,1,1,0,1,1,0,0,0,0,1,0,0,0,0,1,1,3,2,2,2,24,1,8,1,10,2,1,2
13710,4.0,3.0,4.0,1.0,4.0,3.0,1.0,3.0,3.0,4.0,1.0,3.0,4.0,2.0,3.0,1.0,4.0,3.0,5.0,1.0,6,7,3,5,5,1,5,6,2,1,1,1,0,1,1,0,0,0,0,1,1,0,1,1,1,1,2,3,1,1,21,3,9,2,0,1,1,3
13711,5.0,5.0,1.0,3.0,3.0,5.0,3.0,5.0,4.0,5.0,5.0,2.0,5.0,1.0,5.0,5.0,3.0,5.0,5.0,3.0,0,0,0,0,0,6,4,5,7,1,1,1,0,1,1,0,0,0,0,1,0,1,1,1,1,1,3,3,1,2,26,1,3,1,10,1,1,3
13712,5.0,1.0,2.0,2.0,4.0,1.0,2.0,3.0,1.0,1.0,3.0,5.0,5.0,1.0,4.0,3.0,3.0,4.0,3.0,3.0,3,1,5,5,5,6,5,4,4,3,0,0,0,0,1,0,0,0,0,1,0,0,0,1,1,1,3,3,2,2,22,2,4,1,10,2,1,4
13713,2.0,2.0,2.0,4.0,3.0,1.0,2.0,1.0,3.0,2.0,1.0,1.0,2.0,4.0,2.0,2.0,3.0,4.0,4.0,1.0,3,5,4,3,6,5,7,4,5,2,1,1,0,1,1,0,0,0,0,1,0,0,1,1,1,1,3,3,1,1,28,1,2,1,60,2,1,3
13714,5.0,5.0,1.0,1.0,5.0,1.0,1.0,5.0,1.0,1.0,1.0,5.0,5.0,1.0,5.0,1.0,1.0,5.0,5.0,5.0,2,6,6,5,7,7,4,5,7,5,1,1,1,1,1,1,1,1,1,1,1,1,1,1,1,1,3,1,1,2,18,1,2,1,60,1,1,1
13715,5.0,5.0,1.0,1.0,1.0,2.0,5.0,5.0,5.0,5.0,1.0,5.0,5.0,1.0,5.0,1.0,1.0,1.0,5.0,5.0,7,3,6,6,6,6,6,5,6,2,1,1,0,0,1,0,0,1,0,1,0,0,0,1,1,0,4,3,2,2,62,1,4,5,10,1,3,7
13716,5.0,5.0,1.0,2.0,5.0,2.0,1.0,2.0,4.0,3.0,1.0,5.0,1.0,2.0,4.0,4.0,2.0,4.0,1.0,1.0,7,7,7,2,7,4,6,3,7,1,1,1,1,1,1,0,0,1,0,1,1,0,1,1,1,1,3,3,1,2,24,3,12,2,60,1,1,1
13717,1.0,1.0,4.0,4.0,1.0,1.0,1.0,2.0,5.0,5.0,1.0,2.0,2.0,1.0,2.0,1.0,1.0,4.0,5.0,1.0,1,2,6,3,6,6,6,5,5,3,1,1,1,1,1,0,0,0,0,1,0,1,1,1,1,1,2,2,1,1,34,1,1,1,60,1,2,3
13718,5.0,5.0,1.0,3.0,1.0,1.0,1.0,4.0,3.0,2.0,1.0,5.0,4.0,2.0,5.0,2.0,4.0,3.0,5.0,2.0,1,5,1,3,5,6,6,7,5,3,1,1,1,1,1,0,0,0,0,1,1,1,1,1,1,1,3,3,1,1,25,1,12,3,60,1,1,1
13719,2.0,4.0,5.0,4.0,4.0,2.0,2.0,4.0,4.0,5.0,2.0,4.0,2.0,3.0,2.0,4.0,3.0,2.0,4.0,1.0,5,2,6,6,3,3,6,5,3,5,1,1,0,1,1,0,0,0,0,1,0,0,1,1,1,1,4,3,2,2,25,1,8,2,10,1,2,1
13720,2.0,2.0,4.0,3.0,2.0,3.0,2.0,4.0,4.0,3.0,2.0,4.0,3.0,4.0,4.0,4.0,2.0,4.0,4.0,2.0,5,2,2,5,3,5,5,3,3,3,1,1,0,1,0,0,0,0,0,1,0,0,0,0,1,1,2,3,2,1,24,1,7,1,60,1,1,2
13721,4.0,4.0,1.0,2.0,4.0,1.0,1.0,4.0,4.0,2.0,2.0,4.0,4.0,2.0,5.0,2.0,1.0,2.0,4.0,1.0,2,5,4,5,7,3,3,6,2,3,1,1,1,1,1,0,1,1,0,1,0,0,1,1,1,1,4,2,2,1,46,1,1,1,70,2,2,4
13722,3.0,1.0,3.0,4.0,3.0,4.0,1.0,4.0,5.0,2.0,3.0,1.0,1.0,2.0,4.0,4.0,3.0,2.0,5.0,1.0,7,7,5,2,6,1,7,6,5,4,0,1,0,1,0,0,0,0,0,1,0,0,1,1,1,1,2,3,1,2,21,1,2,1,60,2,1,2
13723,2.0,4.0,2.0,3.0,4.0,2.0,3.0,3.0,5.0,4.0,2.0,2.0,2.0,3.0,4.0,1.0,1.0,4.0,5.0,2.0,2,1,6,1,6,7,6,3,4,3,1,1,0,1,1,0,0,0,0,1,0,0,1,1,1,1,2,3,2,2,20,1,1,1,10,2,1,2
13724,5.0,4.0,2.0,1.0,4.0,2.0,2.0,5.0,4.0,1.0,2.0,5.0,4.0,1.0,1.0,1.0,5.0,4.0,4.0,4.0,3,2,6,6,5,6,2,1,6,2,1,1,1,1,1,0,0,0,0,1,0,0,1,1,0,1,3,2,1,2,22,1,4,1,10,1,1,4
13725,1.0,1.0,5.0,1.0,1.0,5.0,5.0,1.0,5.0,5.0,1.0,5.0,1.0,1.0,1.0,1.0,1.0,5.0,1.0,5.0,1,1,7,1,1,5,7,2,5,2,1,1,0,1,1,0,0,0,0,1,0,0,1,1,1,1,2,3,1,1,34,2,7,1,30,2,2,2
13726,5.0,5.0,3.0,2.0,4.0,2.0,1.0,1.0,4.0,2.0,2.0,4.0,5.0,1.0,4.0,4.0,3.0,2.0,4.0,3.0,5,3,6,5,6,5,7,4,3,6,1,1,1,1,1,0,0,1,0,1,0,1,1,1,1,1,4,3,1,2,19,1,8,1,10,2,1,2
13727,1.0,1.0,3.0,2.0,5.0,1.0,1.0,4.0,5.0,4.0,2.0,2.0,2.0,1.0,3.0,4.0,2.0,1.0,3.0,1.0,3,6,5,5,7,6,5,5,4,2,1,1,0,1,1,0,0,0,0,1,0,0,1,0,1,1,3,2,1,1,28,1,2,1,60,0,1,4
13728,4.0,4.0,4.0,2.0,4.0,1.0,2.0,2.0,3.0,2.0,2.0,3.0,4.0,3.0,2.0,2.0,3.0,4.0,2.0,2.0,6,5,6,5,5,5,6,3,5,2,1,1,0,1,1,0,0,0,0,1,0,0,0,1,1,1,1,3,1,1,14,1,2,1,60,2,1,5
13729,1.0,4.0,5.0,2.0,4.0,5.0,4.0,4.0,5.0,5.0,2.0,4.0,1.0,1.0,5.0,1.0,2.0,4.0,5.0,1.0,6,2,7,7,7,5,7,3,2,1,1,1,1,1,1,1,0,1,1,1,1,0,1,1,1,1,3,2,2,1,23,1,4,1,60,2,1,2
13730,5.0,5.0,1.0,1.0,5.0,1.0,5.0,1.0,4.0,1.0,3.0,5.0,5.0,1.0,5.0,1.0,1.0,5.0,5.0,3.0,5,1,4,1,7,6,1,5,7,2,1,1,0,1,1,0,0,0,0,1,0,0,1,1,1,1,2,2,1,2,21,1,8,1,10,2,1,3
13731,5.0,5.0,1.0,3.0,5.0,5.0,1.0,1.0,5.0,1.0,1.0,5.0,5.0,3.0,5.0,5.0,1.0,5.0,5.0,1.0,1,7,7,1,4,7,4,7,7,7,1,1,0,1,1,1,0,0,0,1,0,0,1,1,1,1,2,2,1,1,29,1,2,1,60,2,1,2
13732,4.0,4.0,1.0,3.0,3.0,2.0,1.0,5.0,2.0,2.0,1.0,5.0,4.0,1.0,4.0,5.0,2.0,5.0,5.0,2.0,1,6,4,6,6,7,2,4,3,6,1,1,0,1,1,0,0,0,0,1,0,0,1,1,1,1,2,2,1,2,19,2,1,1,60,1,1,2
13733,5.0,4.0,4.0,1.0,1.0,5.0,5.0,5.0,4.0,5.0,1.0,4.0,1.0,1.0,4.0,5.0,5.0,5.0,1.0,5.0,5,6,3,1,7,6,6,2,7,6,1,1,0,1,1,1,1,0,1,1,0,1,0,1,1,1,4,3,1,2,31,3,7,1,60,1,1,4
13734,1.0,1.0,1.0,2.0,5.0,1.0,1.0,1.0,2.0,2.0,1.0,4.0,1.0,1.0,4.0,1.0,1.0,4.0,5.0,1.0,6,6,5,6,7,1,5,2,2,3,1,1,1,1,1,0,1,1,0,1,1,1,1,1,1,1,3,3,2,1,19,1,2,2,60,1,1,1
13735,3.0,2.0,2.0,3.0,5.0,3.0,2.0,5.0,3.0,3.0,1.0,4.0,4.0,4.0,4.0,1.0,1.0,5.0,3.0,1.0,7,3,7,1,7,1,5,6,7,4,1,1,0,1,1,0,0,1,1,1,0,0,1,1,1,1,3,3,1,2,25,1,2,1,60,1,1,1
13736,1.0,2.0,4.0,1.0,4.0,2.0,2.0,4.0,5.0,5.0,4.0,1.0,1.0,2.0,2.0,2.0,4.0,2.0,5.0,2.0,3,7,5,3,5,6,7,1,3,2,1,1,0,1,1,0,0,0,0,1,0,0,1,1,1,1,2,3,1,2,20,1,3,1,10,1,1,2
13737,1.0,1.0,3.0,2.0,5.0,4.0,5.0,4.0,5.0,4.0,1.0,5.0,5.0,3.0,4.0,3.0,2.0,1.0,1.0,1.0,7,5,6,6,6,2,6,6,6,5,1,1,0,1,1,1,1,0,0,1,0,0,1,1,1,1,3,3,2,1,28,1,8,1,10,2,1,2
13738,3.0,3.0,4.0,4.0,5.0,2.0,3.0,4.0,5.0,4.0,1.0,4.0,2.0,2.0,4.0,2.0,2.0,4.0,4.0,2.0,5,6,4,3,6,2,5,2,4,4,0,0,0,1,1,0,0,0,0,1,0,0,0,0,1,1,3,2,1,2,21,1,4,1,60,1,1,2
13739,5.0,5.0,1.0,1.0,4.0,1.0,1.0,5.0,1.0,1.0,1.0,5.0,5.0,1.0,5.0,1.0,1.0,5.0,5.0,4.0,7,4,7,1,6,1,4,1,7,1,1,1,0,0,1,0,0,0,0,0,0,0,1,0,1,1,3,2,1,2,39,1,1,2,60,2,1,2
13740,4.0,5.0,1.0,2.0,5.0,1.0,1.0,4.0,4.0,3.0,1.0,5.0,3.0,4.0,5.0,1.0,2.0,4.0,5.0,1.0,6,5,2,7,7,1,5,6,2,1,1,1,1,1,1,1,1,1,0,1,1,0,1,1,1,1,3,3,1,1,38,1,4,1,60,2,1,2
13741,4.0,4.0,3.0,5.0,5.0,3.0,2.0,2.0,3.0,4.0,3.0,3.0,5.0,1.0,1.0,1.0,1.0,4.0,3.0,1.0,4,2,6,4,6,6,5,5,6,5,1,1,0,1,1,0,0,0,0,1,0,0,1,1,1,1,0,2,1,2,24,1,4,2,10,1,1,3
13742,1.0,1.0,5.0,2.0,1.0,5.0,5.0,1.0,5.0,5.0,2.0,1.0,1.0,2.0,1.0,4.0,5.0,1.0,1.0,1.0,5,5,4,1,7,7,3,3,7,1,1,1,0,1,1,0,0,1,0,1,1,0,0,0,1,1,4,3,1,2,44,1,6,1,60,1,2,2
13743,5.0,5.0,5.0,4.0,5.0,4.0,5.0,1.0,4.0,5.0,2.0,5.0,5.0,2.0,2.0,4.0,2.0,1.0,1.0,4.0,2,1,6,5,7,6,7,5,3,1,0,0,0,1,1,0,0,0,0,1,0,0,0,1,1,1,3,1,1,1,18,1,8,1,10,2,1,4
13744,5.0,5.0,2.0,2.0,4.0,1.0,1.0,5.0,1.0,1.0,2.0,5.0,4.0,1.0,4.0,1.0,3.0,4.0,5.0,4.0,6,3,5,5,6,6,6,6,7,2,1,1,0,1,0,0,0,0,0,1,0,0,0,0,1,1,2,3,1,2,15,1,12,1,60,2,1,2
13745,1.0,1.0,2.0,5.0,1.0,5.0,5.0,4.0,5.0,5.0,1.0,1.0,2.0,1.0,1.0,5.0,1.0,1.0,3.0,5.0,6,5,7,6,3,5,6,6,2,2,1,1,0,1,1,0,0,0,0,1,0,0,1,1,1,1,2,3,1,1,51,1,9,1,60,2,2,6
13746,2.0,5.0,4.0,1.0,5.0,1.0,1.0,2.0,5.0,1.0,1.0,5.0,1.0,3.0,5.0,1.0,1.0,5.0,5.0,5.0,7,7,1,7,7,1,1,7,1,1,1,1,1,1,1,0,1,1,0,1,1,0,1,1,1,1,4,3,1,1,37,1,6,1,60,1,2,1
13747,5.0,3.0,4.0,4.0,4.0,2.0,1.0,2.0,3.0,1.0,3.0,3.0,4.0,1.0,4.0,1.0,2.0,2.0,5.0,3.0,4,6,2,5,6,6,6,6,4,3,1,1,1,1,1,0,0,1,0,1,0,0,1,1,1,1,3,3,1,2,28,1,1,1,60,1,1,1
13748,1.0,5.0,5.0,5.0,5.0,5.0,4.0,1.0,5.0,5.0,3.0,5.0,1.0,1.0,2.0,5.0,3.0,5.0,5.0,1.0,7,2,7,1,7,7,7,1,7,1,1,1,0,1,1,0,0,0,0,1,0,0,0,1,1,1,3,3,1,2,29,1,0,1,10,1,1,3
13749,5.0,5.0,1.0,4.0,5.0,4.0,5.0,5.0,3.0,5.0,5.0,5.0,5.0,5.0,5.0,1.0,5.0,5.0,1.0,5.0,6,7,4,7,7,2,7,7,1,1,0,1,0,0,1,0,0,0,0,0,0,0,0,1,0,0,4,3,1,2,32,1,8,1,10,1,2,1
13750,5.0,5.0,5.0,5.0,4.0,5.0,5.0,5.0,5.0,5.0,3.0,5.0,5.0,4.0,1.0,5.0,5.0,5.0,3.0,2.0,4,6,6,5,5,5,6,3,3,2,1,1,1,1,1,0,0,0,0,1,0,0,0,1,1,1,2,2,1,2,45,1,10,1,10,2,2,5
13751,5.0,5.0,5.0,2.0,5.0,5.0,3.0,5.0,5.0,3.0,1.0,5.0,5.0,3.0,3.0,3.0,4.0,5.0,2.0,5.0,4,5,6,5,4,6,6,2,6,3,1,0,0,1,1,0,1,1,0,1,0,1,1,1,1,1,4,3,1,2,50,1,8,1,10,1,2,4
13752,2.0,4.0,4.0,5.0,1.0,5.0,3.0,1.0,5.0,4.0,3.0,2.0,2.0,4.0,3.0,5.0,5.0,3.0,5.0,3.0,2,6,5,2,6,6,6,3,2,2,1,0,0,1,0,0,0,1,0,1,0,0,0,0,1,1,4,2,2,2,25,1,12,1,60,1,1,1
13753,2.0,4.0,2.0,5.0,4.0,3.0,1.0,1.0,5.0,5.0,1.0,5.0,3.0,5.0,2.0,3.0,1.0,3.0,5.0,3.0,2,1,6,2,7,7,7,3,6,1,1,1,1,1,1,0,1,0,0,1,0,0,1,1,1,1,3,2,1,1,27,1,9,1,60,2,2,2
13754,1.0,2.0,3.0,4.0,1.0,1.0,1.0,3.0,2.0,5.0,1.0,5.0,2.0,3.0,5.0,1.0,3.0,1.0,5.0,1.0,6,4,3,1,6,2,7,5,6,1,1,1,0,1,1,0,0,0,0,1,0,0,0,0,1,1,3,1,1,2,46,1,2,1,60,1,1,2
13755,5.0,5.0,5.0,5.0,5.0,5.0,5.0,5.0,5.0,5.0,5.0,5.0,5.0,1.0,1.0,4.0,5.0,5.0,2.0,5.0,6,1,6,2,6,6,7,5,6,1,1,1,0,1,1,0,0,0,0,1,0,0,0,0,0,1,3,3,1,2,31,1,8,1,70,1,2,2
13756,5.0,5.0,2.0,2.0,5.0,2.0,1.0,5.0,2.0,5.0,4.0,5.0,5.0,4.0,5.0,2.0,1.0,4.0,5.0,1.0,2,6,7,2,7,7,7,5,7,2,1,0,0,1,1,0,0,0,0,1,0,0,0,1,1,1,2,1,1,2,15,1,10,1,40,2,1,3
13757,4.0,3.0,2.0,4.0,4.0,1.0,1.0,2.0,4.0,2.0,4.0,1.0,4.0,4.0,4.0,4.0,2.0,2.0,5.0,1.0,2,5,3,2,5,3,5,6,5,1,1,1,0,1,1,0,0,0,0,1,0,0,0,1,1,1,2,3,2,1,19,1,1,4,60,2,1,2
13758,5.0,5.0,5.0,4.0,4.0,2.0,1.0,1.0,4.0,2.0,2.0,2.0,2.0,1.0,5.0,2.0,4.0,5.0,5.0,2.0,7,6,5,2,6,1,6,2,7,2,1,1,0,1,1,0,0,1,0,1,0,0,0,0,0,1,2,3,1,2,18,2,2,1,70,2,1,1
13759,4.0,3.0,4.0,3.0,4.0,5.0,4.0,4.0,5.0,4.0,2.0,5.0,2.0,2.0,4.0,2.0,2.0,4.0,3.0,2.0,6,4,6,2,7,3,6,2,5,5,1,1,0,1,1,0,0,0,0,1,0,1,1,1,1,1,3,1,1,1,52,1,6,1,60,1,2,2
13760,1.0,4.0,5.0,5.0,5.0,5.0,5.0,1.0,5.0,5.0,4.0,4.0,1.0,4.0,4.0,5.0,5.0,5.0,2.0,1.0,7,7,7,7,7,7,7,1,5,1,1,1,0,1,1,0,0,0,0,1,0,0,0,1,1,1,3,2,2,1,50,1,5,1,60,1,3,9
13761,4.0,1.0,1.0,1.0,4.0,1.0,1.0,2.0,3.0,2.0,2.0,5.0,4.0,1.0,3.0,1.0,5.0,1.0,5.0,1.0,4,7,7,1,7,1,4,5,6,1,1,1,0,1,1,1,1,1,0,1,1,1,1,1,1,1,4,3,1,2,25,1,12,1,70,1,1,1
13762,1.0,5.0,5.0,1.0,5.0,2.0,1.0,5.0,5.0,1.0,3.0,5.0,1.0,1.0,4.0,2.0,3.0,5.0,4.0,5.0,5,6,5,7,3,6,3,5,3,5,1,1,0,1,1,0,1,1,0,1,1,0,1,1,1,1,4,2,1,2,30,1,3,1,10,2,1,0
13763,5.0,2.0,5.0,1.0,5.0,1.0,2.0,5.0,5.0,4.0,1.0,5.0,2.0,1.0,4.0,3.0,1.0,4.0,4.0,4.0,2,6,6,1,7,6,4,2,6,2,1,1,0,1,1,0,1,0,0,1,0,1,0,1,1,1,3,2,2,2,24,1,7,1,60,1,1,1
13764,5.0,5.0,1.0,1.0,4.0,1.0,1.0,4.0,1.0,2.0,1.0,5.0,5.0,2.0,4.0,1.0,5.0,1.0,5.0,4.0,5,7,6,1,6,6,5,3,6,1,1,1,1,1,1,0,1,1,1,1,1,0,1,1,1,1,3,1,1,1,20,1,1,2,50,1,1,1
13765,5.0,4.0,1.0,4.0,4.0,1.0,1.0,4.0,5.0,3.0,2.0,5.0,5.0,1.0,4.0,1.0,5.0,4.0,4.0,4.0,1,5,6,2,5,7,5,2,7,6,1,1,1,1,1,0,1,1,0,1,0,0,1,1,1,1,4,2,1,1,55,1,4,1,60,1,2,4
13766,5.0,5.0,5.0,4.0,4.0,2.0,3.0,5.0,3.0,1.0,1.0,1.0,5.0,1.0,3.0,1.0,5.0,2.0,5.0,1.0,7,7,6,6,3,1,5,7,5,5,1,1,0,1,1,0,0,0,0,0,0,0,0,1,1,1,3,2,2,2,20,1,6,1,30,1,1,3
13767,5.0,4.0,1.0,1.0,5.0,1.0,1.0,5.0,1.0,2.0,1.0,5.0,5.0,2.0,4.0,1.0,2.0,5.0,5.0,2.0,6,6,5,3,7,3,6,7,3,1,1,1,1,1,1,0,1,1,0,1,1,0,1,1,1,1,4,3,1,2,32,2,12,1,60,2,1,1
13768,1.0,3.0,5.0,4.0,2.0,5.0,4.0,1.0,3.0,4.0,2.0,4.0,5.0,1.0,1.0,5.0,3.0,5.0,3.0,3.0,6,2,5,1,5,5,4,2,7,2,1,1,0,1,1,0,0,0,0,1,0,0,0,1,1,1,2,3,1,2,23,1,2,1,60,1,1,1
13769,5.0,4.0,1.0,1.0,4.0,1.0,1.0,4.0,2.0,2.0,1.0,5.0,5.0,1.0,5.0,1.0,1.0,5.0,5.0,4.0,6,6,6,6,7,6,7,5,5,1,1,1,1,1,1,1,1,1,0,1,0,0,1,1,1,1,4,3,1,2,33,1,8,3,10,2,1,3
13770,2.0,3.0,1.0,5.0,3.0,5.0,4.0,1.0,5.0,5.0,1.0,5.0,4.0,3.0,3.0,5.0,1.0,4.0,5.0,3.0,1,6,7,6,4,7,5,3,1,1,1,1,1,1,1,0,0,0,0,1,0,0,1,1,1,1,2,2,1,1,18,1,2,1,60,2,1,2
13771,5.0,4.0,3.0,3.0,1.0,3.0,3.0,4.0,3.0,1.0,1.0,5.0,4.0,3.0,5.0,3.0,1.0,3.0,3.0,1.0,6,1,7,1,7,4,4,1,7,2,1,1,1,1,1,1,1,1,0,1,0,1,1,1,1,1,3,1,1,1,26,1,4,1,60,2,1,2
13772,4.0,4.0,3.0,3.0,2.0,5.0,2.0,3.0,3.0,3.0,3.0,2.0,2.0,2.0,3.0,3.0,4.0,2.0,5.0,4.0,7,6,4,2,7,1,4,5,6,2,1,1,1,1,1,0,1,0,0,1,0,0,1,1,1,1,4,1,1,1,38,1,4,3,60,1,2,1
13773,5.0,2.0,2.0,2.0,5.0,1.0,1.0,2.0,3.0,2.0,1.0,5.0,2.0,2.0,4.0,4.0,2.0,4.0,5.0,1.0,3,5,5,4,6,7,4,3,6,3,1,1,0,1,1,0,0,0,0,1,0,0,1,1,1,1,4,1,1,2,23,2,1,1,60,1,1,2
13774,5.0,4.0,1.0,1.0,5.0,1.0,1.0,5.0,1.0,1.0,1.0,5.0,3.0,1.0,5.0,1.0,1.0,5.0,5.0,5.0,6,3,3,4,7,3,4,4,3,1,1,1,0,1,1,0,0,0,0,1,0,0,1,1,1,1,3,2,1,1,20,2,1,1,60,1,1,2
13775,5.0,3.0,1.0,2.0,4.0,1.0,1.0,3.0,1.0,1.0,1.0,5.0,5.0,2.0,5.0,1.0,2.0,5.0,1.0,5.0,7,6,6,3,5,2,5,6,6,1,1,1,0,1,1,1,0,0,0,1,1,0,1,1,1,1,3,2,1,1,21,1,4,1,60,1,1,4
13776,2.0,1.0,4.0,1.0,4.0,2.0,2.0,1.0,5.0,4.0,1.0,5.0,2.0,4.0,4.0,1.0,1.0,1.0,1.0,1.0,1,2,7,5,3,6,7,1,6,2,1,1,0,1,1,0,0,1,0,1,0,0,1,1,1,1,4,2,2,1,31,1,6,1,60,2,2,5
13777,2.0,2.0,3.0,4.0,5.0,4.0,4.0,5.0,5.0,5.0,3.0,3.0,3.0,2.0,1.0,5.0,3.0,4.0,3.0,1.0,2,2,7,6,4,6,5,2,4,3,1,1,0,1,0,0,0,0,0,1,0,0,0,0,1,1,2,1,2,1,53,1,4,1,30,1,1,2
13778,2.0,5.0,2.0,5.0,4.0,2.0,5.0,5.0,5.0,4.0,2.0,5.0,2.0,4.0,4.0,2.0,2.0,2.0,4.0,2.0,6,2,2,6,7,4,5,6,3,2,1,1,1,1,1,0,0,1,0,1,0,1,0,1,1,1,3,1,2,1,26,2,6,1,60,1,1,2
13779,2.0,1.0,4.0,1.0,5.0,4.0,2.0,2.0,5.0,5.0,1.0,4.0,1.0,1.0,2.0,1.0,2.0,5.0,3.0,4.0,6,7,6,7,6,3,2,1,3,1,1,1,0,1,1,0,0,0,0,1,0,0,1,1,1,1,3,3,1,2,35,1,0,0,0,2,2,0
13780,1.0,3.0,1.0,3.0,5.0,1.0,5.0,4.0,5.0,3.0,1.0,5.0,5.0,1.0,3.0,1.0,1.0,5.0,5.0,5.0,4,4,3,1,7,5,5,5,6,1,0,0,0,0,0,0,0,0,0,0,0,0,0,0,0,1,3,2,1,1,22,1,1,1,10,2,1,3
13781,5.0,5.0,4.0,1.0,5.0,1.0,1.0,1.0,5.0,2.0,1.0,3.0,5.0,1.0,3.0,1.0,1.0,3.0,5.0,5.0,4,2,7,6,5,7,3,4,6,1,0,1,0,1,1,0,0,1,0,1,1,0,1,1,1,1,2,3,2,2,19,1,2,1,60,1,1,1
13782,4.0,5.0,5.0,5.0,2.0,3.0,1.0,4.0,5.0,3.0,2.0,2.0,2.0,1.0,5.0,4.0,1.0,2.0,5.0,1.0,2,1,4,1,4,6,6,4,7,1,1,1,0,1,1,0,1,0,0,1,0,0,1,1,1,1,3,3,1,1,35,1,6,1,30,1,2,5
13783,3.0,4.0,2.0,4.0,4.0,2.0,2.0,4.0,3.0,5.0,1.0,5.0,2.0,3.0,4.0,1.0,2.0,4.0,5.0,3.0,3,6,5,6,4,5,5,5,3,3,1,1,1,1,1,0,0,1,0,1,1,0,1,1,1,1,3,2,1,1,30,1,2,1,60,1,1,2
13784,3.0,4.0,2.0,2.0,5.0,2.0,2.0,4.0,4.0,2.0,1.0,5.0,4.0,2.0,2.0,1.0,4.0,4.0,5.0,3.0,5,2,6,3,6,5,5,2,6,3,1,1,0,1,1,0,0,0,0,1,0,0,1,1,1,1,3,2,1,1,32,1,4,1,60,2,1,2
13785,5.0,5.0,2.0,3.0,5.0,1.0,2.0,3.0,5.0,3.0,1.0,5.0,5.0,1.0,5.0,1.0,1.0,5.0,5.0,4.0,7,7,6,7,6,5,6,2,5,1,1,1,0,1,1,0,0,0,0,1,0,0,0,1,1,1,1,2,2,1,24,1,12,5,50,2,1,6
13786,5.0,4.0,1.0,5.0,5.0,2.0,2.0,4.0,5.0,2.0,1.0,5.0,2.0,1.0,5.0,1.0,5.0,4.0,4.0,5.0,2,2,6,1,7,7,5,1,7,3,1,1,0,1,1,0,0,1,0,1,0,0,1,1,1,1,3,2,1,2,23,1,4,1,30,2,1,3
13787,3.0,1.0,2.0,1.0,4.0,1.0,3.0,3.0,5.0,3.0,1.0,4.0,1.0,1.0,5.0,1.0,1.0,5.0,5.0,3.0,7,5,6,5,7,3,7,4,7,1,1,1,1,1,1,0,0,1,0,1,0,0,1,1,1,1,4,3,1,2,28,1,12,1,60,1,1,1
13788,5.0,4.0,4.0,2.0,5.0,2.0,2.0,4.0,5.0,5.0,1.0,5.0,4.0,2.0,4.0,1.0,1.0,4.0,5.0,2.0,3,5,7,7,7,6,7,1,6,5,1,1,0,1,1,0,0,0,0,1,0,0,1,1,1,1,4,2,1,1,38,1,4,1,70,2,1,2
13789,5.0,5.0,1.0,2.0,5.0,2.0,2.0,5.0,2.0,1.0,1.0,5.0,5.0,3.0,5.0,1.0,1.0,1.0,2.0,5.0,5,0,4,5,5,6,3,5,6,1,1,1,0,1,1,1,0,1,1,1,0,0,1,0,1,0,2,3,1,1,19,1,1,0,30,2,1,3
13790,1.0,1.0,1.0,4.0,2.0,4.0,4.0,1.0,5.0,5.0,2.0,4.0,1.0,2.0,1.0,2.0,5.0,4.0,2.0,4.0,3,1,3,3,7,2,6,3,3,2,1,1,0,1,1,0,0,1,0,1,0,0,0,1,1,1,3,1,2,1,62,1,4,1,60,1,2,6
13791,1.0,1.0,5.0,2.0,2.0,2.0,5.0,3.0,5.0,5.0,1.0,1.0,1.0,1.0,2.0,3.0,1.0,2.0,5.0,4.0,2,6,7,4,4,7,5,1,6,1,1,1,0,0,1,0,0,0,0,1,0,0,1,0,1,1,3,2,2,2,37,1,10,1,70,1,1,3
13792,1.0,1.0,5.0,4.0,2.0,2.0,2.0,1.0,5.0,4.0,3.0,5.0,2.0,3.0,2.0,5.0,2.0,2.0,5.0,1.0,3,3,6,6,7,6,6,5,5,4,1,1,1,1,1,0,1,1,0,0,0,0,1,1,1,1,3,2,1,1,25,3,12,1,70,2,1,2
13793,2.0,4.0,4.0,3.0,2.0,1.0,1.0,1.0,4.0,3.0,1.0,2.0,1.0,1.0,4.0,3.0,3.0,4.0,5.0,3.0,2,5,3,6,6,5,6,5,2,1,1,1,0,1,1,0,0,1,0,1,0,0,1,1,1,0,4,2,1,1,57,1,2,1,60,2,3,3
13794,3.0,4.0,3.0,2.0,4.0,2.0,1.0,2.0,4.0,2.0,2.0,4.0,2.0,2.0,4.0,2.0,3.0,3.0,4.0,1.0,6,5,3,2,6,4,6,7,2,2,1,1,0,1,1,0,0,1,1,1,0,0,1,1,1,1,3,3,2,1,20,1,2,2,60,2,1,2
13795,5.0,4.0,3.0,2.0,4.0,4.0,2.0,4.0,4.0,2.0,1.0,5.0,4.0,2.0,1.0,2.0,5.0,4.0,4.0,2.0,6,5,6,6,7,2,5,5,5,1,1,1,0,1,1,0,0,1,0,1,0,0,1,1,1,1,3,2,2,1,21,1,7,1,60,1,1,2
13796,2.0,5.0,2.0,3.0,4.0,1.0,1.0,5.0,2.0,1.0,2.0,5.0,4.0,1.0,4.0,5.0,1.0,5.0,4.0,1.0,7,7,3,5,6,1,5,5,3,5,1,1,0,1,1,0,0,1,0,1,0,0,1,1,1,1,2,2,1,2,21,1,1,1,60,2,1,1
13797,5.0,4.0,4.0,1.0,2.0,2.0,1.0,4.0,5.0,2.0,2.0,5.0,1.0,1.0,5.0,1.0,3.0,5.0,5.0,5.0,6,2,7,4,6,6,6,4,6,4,1,1,0,1,1,0,0,0,0,1,0,0,1,1,1,1,4,3,1,1,23,1,1,3,60,2,1,3
13798,5.0,4.0,1.0,1.0,5.0,1.0,1.0,2.0,1.0,1.0,1.0,5.0,2.0,1.0,5.0,1.0,5.0,5.0,5.0,5.0,2,5,6,2,6,4,2,1,6,4,1,1,0,1,1,0,0,1,0,1,0,0,1,1,1,1,3,2,1,1,45,1,1,1,60,1,1,3
13799,1.0,3.0,5.0,5.0,1.0,3.0,3.0,2.0,3.0,5.0,5.0,4.0,1.0,3.0,4.0,2.0,3.0,1.0,4.0,1.0,1,2,6,3,4,6,4,2,4,2,1,1,1,1,1,0,0,1,0,1,0,1,1,1,1,1,3,2,2,1,56,3,1,0,60,1,1,4
13800,5.0,5.0,1.0,2.0,4.0,1.0,1.0,5.0,1.0,1.0,1.0,5.0,5.0,2.0,5.0,1.0,2.0,5.0,5.0,1.0,3,5,6,1,7,7,1,5,3,3,1,1,0,1,1,0,1,1,0,1,1,0,1,1,1,1,2,1,1,1,21,1,2,1,60,2,1,2
13801,5.0,4.0,2.0,2.0,5.0,2.0,1.0,5.0,2.0,1.0,1.0,4.0,5.0,1.0,4.0,2.0,2.0,4.0,5.0,3.0,3,2,6,2,6,6,6,2,7,1,1,1,1,1,1,0,0,1,0,1,0,0,1,1,1,1,0,2,2,1,25,1,7,1,60,1,1,2
13802,4.0,4.0,2.0,4.0,1.0,1.0,1.0,1.0,4.0,4.0,2.0,1.0,2.0,1.0,4.0,2.0,2.0,3.0,5.0,1.0,7,6,6,1,6,2,5,1,7,3,1,1,1,1,1,0,1,1,0,1,1,1,1,1,1,1,3,3,2,1,38,1,1,1,60,1,2,1
13803,2.0,3.0,1.0,3.0,4.0,2.0,2.0,4.0,5.0,4.0,1.0,1.0,3.0,2.0,4.0,4.0,3.0,4.0,5.0,1.0,7,6,3,2,6,2,6,6,6,4,1,1,0,1,1,0,0,0,0,1,0,0,1,1,1,1,3,3,1,1,29,1,1,3,60,2,1,2
13804,2.0,3.0,4.0,4.0,1.0,4.0,4.0,1.0,5.0,4.0,1.0,2.0,1.0,3.0,3.0,4.0,4.0,4.0,5.0,2.0,6,3,5,2,7,2,7,3,6,2,1,1,1,1,1,0,0,1,0,1,1,0,1,1,1,1,3,1,2,1,48,3,2,1,60,1,3,2
13805,3.0,2.0,4.0,4.0,3.0,3.0,2.0,1.0,5.0,3.0,2.0,4.0,2.0,2.0,4.0,4.0,2.0,3.0,4.0,1.0,3,5,7,5,6,6,6,2,7,6,1,1,1,1,1,0,1,0,0,1,1,0,1,1,1,1,4,1,1,1,59,1,6,1,60,1,2,3
13806,5.0,5.0,1.0,2.0,5.0,1.0,1.0,5.0,5.0,4.0,1.0,4.0,5.0,1.0,4.0,1.0,5.0,5.0,5.0,5.0,2,1,7,1,6,7,1,1,7,1,1,1,0,1,1,0,0,0,0,1,0,0,1,1,1,1,4,1,1,2,22,1,2,1,70,2,1,1
13807,5.0,5.0,3.0,1.0,5.0,1.0,1.0,5.0,3.0,3.0,1.0,5.0,5.0,1.0,1.0,1.0,1.0,5.0,3.0,1.0,5,7,7,7,7,1,1,7,7,1,1,1,0,1,1,1,0,1,0,1,1,1,1,1,1,1,3,1,1,1,21,1,12,5,30,1,1,3
13808,1.0,4.0,5.0,5.0,3.0,5.0,5.0,1.0,5.0,5.0,3.0,2.0,3.0,2.0,3.0,5.0,3.0,3.0,1.0,1.0,3,1,7,6,6,5,7,1,7,2,1,1,1,1,1,0,1,1,0,1,1,0,1,1,1,1,3,3,1,1,60,2,4,1,60,1,2,3
13809,3.0,4.0,5.0,2.0,4.0,2.0,2.0,5.0,3.0,3.0,2.0,5.0,2.0,2.0,4.0,2.0,4.0,5.0,3.0,2.0,5,5,6,2,6,1,6,1,6,2,1,1,0,1,0,0,0,0,0,1,0,0,0,1,1,1,3,3,1,2,48,1,7,1,60,1,2,2
13810,3.0,4.0,5.0,3.0,4.0,3.0,3.0,4.0,5.0,3.0,1.0,4.0,1.0,3.0,4.0,5.0,1.0,4.0,1.0,1.0,6,5,6,2,7,6,7,2,6,1,1,1,0,1,1,0,0,0,0,1,0,0,0,0,1,1,4,0,2,2,29,1,10,1,20,2,1,4
13811,4.0,1.0,3.0,4.0,3.0,5.0,2.0,4.0,4.0,3.0,3.0,5.0,2.0,3.0,4.0,2.0,2.0,1.0,5.0,2.0,6,5,6,3,7,7,6,4,6,2,0,1,0,1,1,1,0,0,0,1,0,0,1,1,1,1,3,0,1,1,21,1,1,1,0,1,1,1
13812,2.0,2.0,5.0,5.0,2.0,2.0,2.0,2.0,5.0,2.0,4.0,1.0,5.0,5.0,2.0,4.0,4.0,1.0,5.0,1.0,6,5,4,6,7,2,7,6,6,3,1,1,1,1,1,1,0,0,0,1,0,1,1,1,1,1,3,2,2,1,47,1,5,1,60,2,2,7
13813,5.0,4.0,1.0,3.0,5.0,2.0,3.0,4.0,5.0,3.0,2.0,4.0,3.0,1.0,3.0,5.0,5.0,4.0,3.0,3.0,3,5,6,7,7,7,7,5,4,4,1,1,0,1,1,0,0,1,0,1,0,0,0,1,1,1,3,3,2,2,25,2,10,1,20,2,1,2
13814,4.0,5.0,2.0,2.0,5.0,2.0,1.0,4.0,4.0,2.0,1.0,5.0,4.0,2.0,5.0,1.0,5.0,5.0,5.0,1.0,3,2,4,2,7,3,5,4,6,1,1,1,0,1,1,1,0,0,0,1,0,0,1,1,1,1,3,2,1,1,23,1,1,1,30,2,1,3
13815,3.0,2.0,5.0,4.0,2.0,5.0,5.0,1.0,5.0,5.0,2.0,5.0,2.0,2.0,4.0,2.0,4.0,2.0,3.0,1.0,7,2,7,4,7,1,6,2,4,1,1,1,0,1,1,0,1,0,0,1,0,0,1,1,1,1,3,1,1,1,54,1,6,1,60,1,2,2
13816,5.0,2.0,2.0,2.0,3.0,4.0,1.0,5.0,3.0,3.0,1.0,4.0,2.0,2.0,4.0,2.0,1.0,5.0,4.0,1.0,4,5,7,3,6,6,4,2,5,1,1,1,0,1,1,0,0,1,0,1,1,0,0,1,1,1,2,3,1,2,17,1,10,1,60,2,1,2
13817,5.0,5.0,3.0,3.0,5.0,3.0,2.0,4.0,4.0,2.0,3.0,5.0,4.0,3.0,4.0,3.0,2.0,4.0,3.0,4.0,5,4,4,4,6,3,6,6,5,2,1,1,0,1,1,0,0,0,0,1,0,0,0,1,1,1,3,3,1,2,22,1,10,1,10,2,1,4
13818,1.0,3.0,4.0,4.0,3.0,3.0,2.0,2.0,5.0,4.0,2.0,3.0,3.0,2.0,4.0,2.0,1.0,5.0,5.0,1.0,4,5,6,5,5,4,7,5,4,3,1,1,0,1,1,0,0,0,0,1,1,0,1,1,1,1,3,3,2,1,30,2,4,2,60,1,3,2
13819,1.0,4.0,2.0,4.0,2.0,4.0,1.0,2.0,5.0,4.0,2.0,2.0,1.0,1.0,2.0,2.0,5.0,2.0,3.0,1.0,5,3,7,2,6,5,5,2,6,2,1,1,0,1,1,0,0,0,0,1,0,0,1,0,1,1,4,1,1,1,41,1,6,1,60,1,2,4
13820,5.0,5.0,1.0,1.0,4.0,1.0,1.0,4.0,1.0,1.0,2.0,5.0,5.0,2.0,5.0,2.0,1.0,5.0,5.0,4.0,7,6,6,1,6,5,3,5,7,1,1,1,0,1,1,0,0,0,0,1,0,0,0,1,1,1,2,3,1,1,16,1,1,1,60,2,1,2
13821,3.0,5.0,2.0,3.0,5.0,2.0,5.0,5.0,5.0,5.0,1.0,5.0,4.0,1.0,5.0,1.0,5.0,1.0,1.0,1.0,7,5,6,7,5,1,6,7,3,2,1,1,0,1,1,0,0,0,0,1,0,0,0,1,1,1,4,2,2,2,32,1,10,1,20,2,2,7
13822,5.0,1.0,4.0,4.0,5.0,2.0,2.0,4.0,5.0,4.0,2.0,4.0,5.0,1.0,3.0,2.0,5.0,4.0,4.0,2.0,5,1,6,5,6,4,6,2,7,2,0,0,0,0,0,0,0,0,0,1,0,0,0,1,1,1,3,1,2,2,30,1,7,1,60,2,3,2
13823,2.0,2.0,5.0,2.0,4.0,2.0,2.0,4.0,5.0,4.0,2.0,2.0,2.0,2.0,4.0,1.0,2.0,4.0,4.0,2.0,6,6,6,5,6,3,6,3,5,3,0,1,0,1,1,0,1,0,0,1,0,0,1,1,1,1,4,2,2,2,29,1,7,1,10,1,1,3
13824,5.0,4.0,2.0,3.0,4.0,1.0,1.0,1.0,3.0,2.0,1.0,5.0,3.0,1.0,2.0,1.0,1.0,5.0,5.0,2.0,5,5,4,6,5,5,5,6,4,7,1,1,1,1,1,0,0,1,0,1,0,0,1,1,1,1,3,3,1,2,36,1,2,1,60,1,1,1
13825,2.0,1.0,4.0,4.0,4.0,2.0,1.0,1.0,4.0,5.0,1.0,2.0,2.0,1.0,2.0,2.0,4.0,2.0,4.0,1.0,3,5,5,5,7,7,6,5,6,1,1,1,1,1,1,1,1,1,0,1,0,1,1,1,1,1,2,2,1,1,21,1,2,1,60,1,1,2
13826,4.0,5.0,1.0,2.0,5.0,1.0,1.0,5.0,2.0,1.0,2.0,5.0,5.0,1.0,5.0,1.0,1.0,5.0,5.0,1.0,1,6,6,7,7,5,1,5,1,1,1,1,0,1,1,0,0,0,0,1,0,0,1,1,1,1,3,2,1,1,23,1,1,1,60,2,1,3
13827,2.0,2.0,4.0,3.0,5.0,4.0,2.0,1.0,4.0,2.0,1.0,2.0,1.0,5.0,5.0,5.0,4.0,2.0,5.0,4.0,6,5,3,1,6,2,7,3,6,2,0,1,0,1,1,0,0,1,0,1,0,1,1,1,1,1,3,3,1,2,23,1,2,1,60,1,1,1
13828,3.0,3.0,3.0,4.0,4.0,4.0,2.0,1.0,3.0,2.0,2.0,5.0,3.0,2.0,3.0,2.0,2.0,2.0,5.0,1.0,7,5,7,2,7,2,3,1,7,1,1,1,0,1,1,0,0,0,0,1,0,0,0,1,1,1,3,3,2,2,30,1,12,1,70,1,1,2
13829,2.0,5.0,1.0,4.0,2.0,2.0,1.0,2.0,3.0,1.0,2.0,4.0,4.0,1.0,5.0,1.0,3.0,2.0,5.0,2.0,1,1,7,1,4,7,1,1,7,3,1,1,1,1,1,0,0,0,0,1,0,0,1,1,1,1,2,2,1,1,19,1,12,1,60,2,1,2
13830,4.0,2.0,2.0,1.0,5.0,4.0,2.0,4.0,4.0,2.0,1.0,5.0,5.0,1.0,5.0,2.0,1.0,4.0,5.0,4.0,2,5,7,3,7,5,5,3,7,3,1,1,1,1,1,0,0,1,0,1,0,0,1,0,1,1,3,3,1,2,46,1,2,1,70,1,2,1
13831,3.0,5.0,4.0,2.0,4.0,4.0,2.0,3.0,3.0,2.0,1.0,3.0,5.0,2.0,5.0,2.0,2.0,4.0,5.0,4.0,1,5,3,6,4,7,5,3,5,5,1,1,0,1,1,0,0,1,0,1,0,1,1,1,1,1,0,1,1,1,20,1,2,3,60,1,1,2
13832,2.0,2.0,1.0,4.0,4.0,1.0,1.0,4.0,1.0,1.0,1.0,5.0,5.0,1.0,4.0,1.0,1.0,5.0,5.0,1.0,3,7,2,6,5,1,6,7,2,1,1,1,1,1,1,0,1,0,0,1,0,0,1,1,1,1,4,3,1,1,36,1,8,3,10,2,1,2
13833,2.0,1.0,5.0,1.0,4.0,1.0,1.0,4.0,3.0,3.0,2.0,4.0,3.0,1.0,3.0,2.0,1.0,4.0,5.0,2.0,6,3,6,4,5,1,4,3,1,1,1,1,0,1,1,0,1,0,0,1,0,1,1,1,1,1,4,2,1,1,45,1,4,1,60,2,3,3
13834,2.0,1.0,5.0,2.0,5.0,5.0,5.0,2.0,5.0,4.0,3.0,3.0,1.0,3.0,3.0,4.0,3.0,2.0,5.0,1.0,6,6,5,7,7,4,5,7,4,1,1,1,1,1,1,0,1,1,0,1,1,0,1,1,1,1,4,3,1,2,36,1,12,2,60,2,2,1
13835,4.0,3.0,1.0,3.0,4.0,1.0,1.0,3.0,5.0,4.0,1.0,5.0,2.0,2.0,3.0,1.0,1.0,4.0,5.0,3.0,2,4,5,6,5,5,6,4,0,2,1,1,1,1,1,0,0,1,0,1,0,0,1,1,1,1,4,2,1,1,33,1,2,1,60,1,2,2
13836,3.0,4.0,1.0,4.0,3.0,1.0,1.0,5.0,2.0,4.0,1.0,5.0,4.0,2.0,4.0,5.0,1.0,4.0,5.0,2.0,6,5,5,2,7,2,6,3,6,2,1,1,0,1,1,0,0,0,0,1,0,0,1,0,1,1,3,2,1,2,22,2,1,2,60,2,1,2
13837,1.0,2.0,4.0,5.0,1.0,5.0,4.0,1.0,5.0,5.0,3.0,2.0,4.0,2.0,2.0,4.0,2.0,1.0,3.0,1.0,6,7,3,5,6,2,5,6,3,1,1,1,1,1,1,0,1,1,0,1,1,0,1,1,1,1,3,1,1,1,45,1,12,1,60,1,2,1
13838,4.0,5.0,1.0,4.0,5.0,1.0,1.0,3.0,1.0,4.0,1.0,5.0,5.0,1.0,5.0,1.0,2.0,5.0,3.0,1.0,2,1,1,7,6,7,7,7,4,2,1,1,1,1,1,0,1,1,0,1,1,0,1,1,1,1,4,2,2,1,51,1,2,1,60,2,3,2
13839,4.0,4.0,1.0,3.0,5.0,4.0,1.0,5.0,3.0,4.0,1.0,5.0,5.0,4.0,4.0,3.0,1.0,5.0,5.0,5.0,6,6,6,5,7,5,7,7,7,1,1,1,0,1,0,0,0,0,0,1,0,0,0,0,1,1,2,3,1,2,18,1,10,5,70,1,1,2
13840,4.0,5.0,1.0,2.0,5.0,2.0,2.0,1.0,4.0,2.0,1.0,4.0,2.0,1.0,5.0,2.0,2.0,5.0,5.0,1.0,7,6,5,3,6,3,5,5,3,3,1,1,1,1,1,0,0,0,0,1,0,0,0,1,1,1,3,3,2,2,24,1,7,1,60,2,1,2
13841,5.0,5.0,1.0,3.0,4.0,3.0,1.0,5.0,3.0,5.0,1.0,4.0,5.0,1.0,5.0,1.0,1.0,5.0,5.0,1.0,4,7,3,7,7,4,4,5,1,1,1,1,0,1,1,0,0,0,0,1,0,0,1,1,1,1,3,1,1,1,27,2,2,1,60,2,1,0
13842,5.0,3.0,4.0,2.0,5.0,5.0,4.0,4.0,5.0,4.0,1.0,5.0,5.0,1.0,3.0,1.0,1.0,4.0,5.0,3.0,5,2,6,2,6,7,6,4,6,4,1,1,0,1,1,0,0,0,0,1,1,1,1,1,1,1,2,3,2,2,18,1,10,1,60,1,1,2
13843,5.0,1.0,5.0,2.0,2.0,4.0,5.0,4.0,5.0,2.0,1.0,5.0,1.0,1.0,5.0,5.0,1.0,4.0,5.0,1.0,6,3,7,7,7,7,7,5,3,4,1,1,0,1,1,0,0,1,0,1,0,0,1,0,1,1,4,3,2,1,24,1,3,1,70,1,1,2
13844,2.0,4.0,5.0,4.0,4.0,4.0,4.0,4.0,4.0,4.0,1.0,2.0,4.0,1.0,4.0,4.0,2.0,4.0,4.0,1.0,6,5,6,3,5,2,6,2,5,2,1,1,1,1,1,0,0,1,0,1,0,1,1,1,1,1,4,3,2,1,45,1,1,1,60,1,2,5
13845,4.0,3.0,4.0,1.0,4.0,2.0,2.0,2.0,3.0,2.0,2.0,4.0,3.0,2.0,4.0,2.0,3.0,4.0,5.0,3.0,6,5,5,3,4,2,6,2,6,5,1,0,0,1,1,0,0,0,1,1,0,0,0,0,1,1,3,3,1,1,21,1,6,1,30,1,1,5
13846,5.0,1.0,4.0,3.0,3.0,1.0,2.0,4.0,5.0,2.0,3.0,5.0,1.0,3.0,4.0,5.0,3.0,2.0,5.0,2.0,4,2,7,3,6,6,7,2,5,1,1,0,0,1,1,0,0,0,0,1,1,0,0,1,1,1,2,3,2,2,18,1,10,1,20,2,1,4
13847,4.0,3.0,4.0,2.0,4.0,4.0,3.0,2.0,5.0,3.0,2.0,4.0,2.0,2.0,2.0,1.0,1.0,1.0,1.0,3.0,6,4,6,2,7,2,4,3,6,2,1,1,1,1,1,0,0,0,0,1,0,1,1,1,1,1,3,1,1,1,29,1,7,1,60,1,1,7
13848,5.0,5.0,1.0,4.0,5.0,1.0,1.0,5.0,2.0,1.0,1.0,5.0,2.0,1.0,5.0,1.0,3.0,4.0,5.0,3.0,1,5,7,1,5,7,4,1,6,4,1,1,0,1,1,0,0,1,0,1,0,0,1,1,1,1,3,3,1,2,26,1,2,1,60,2,1,2
13849,2.0,2.0,1.0,4.0,5.0,2.0,2.0,2.0,4.0,4.0,2.0,4.0,4.0,5.0,2.0,5.0,1.0,4.0,5.0,2.0,7,2,6,2,7,3,7,5,6,1,1,1,1,1,1,0,1,1,0,1,1,0,1,1,1,1,4,2,2,1,44,1,1,1,60,1,2,3
13850,3.0,4.0,2.0,1.0,5.0,4.0,2.0,2.0,4.0,2.0,1.0,5.0,3.0,3.0,2.0,2.0,2.0,4.0,4.0,1.0,6,6,6,3,7,3,5,5,5,5,1,1,0,1,1,0,0,1,0,1,1,0,0,1,1,1,4,3,2,2,24,1,0,0,20,2,1,4
13851,5.0,5.0,2.0,3.0,5.0,1.0,1.0,5.0,2.0,1.0,1.0,5.0,4.0,1.0,4.0,1.0,5.0,4.0,5.0,2.0,5,5,3,4,6,5,4,3,5,3,1,1,1,1,1,0,1,0,0,1,1,0,1,1,1,1,2,2,2,1,27,1,1,1,60,1,1,2
13852,5.0,5.0,1.0,1.0,5.0,1.0,1.0,4.0,1.0,2.0,1.0,5.0,5.0,1.0,5.0,1.0,1.0,5.0,5.0,5.0,1,5,5,5,6,7,7,6,5,3,1,1,1,1,1,0,1,0,0,1,1,0,1,1,1,1,3,2,1,1,37,1,1,1,60,1,1,2
13853,4.0,1.0,5.0,5.0,2.0,5.0,4.0,1.0,5.0,4.0,2.0,2.0,2.0,2.0,4.0,5.0,4.0,1.0,5.0,1.0,6,5,6,5,7,6,7,5,5,2,1,1,0,1,1,0,0,0,0,1,0,0,0,1,1,1,2,2,2,2,19,1,12,2,60,1,1,2
13854,2.0,5.0,5.0,1.0,5.0,5.0,4.0,4.0,5.0,5.0,2.0,2.0,4.0,1.0,1.0,4.0,2.0,4.0,5.0,4.0,6,6,5,2,6,7,6,5,6,4,0,1,1,1,1,0,0,0,0,1,0,0,1,1,1,1,2,3,1,2,21,1,4,1,70,2,1,3
13855,4.0,4.0,3.0,3.0,4.0,2.0,3.0,2.0,2.0,4.0,2.0,4.0,4.0,3.0,3.0,3.0,2.0,4.0,4.0,2.0,3,6,6,4,6,7,4,6,5,2,0,0,1,1,0,1,0,1,0,0,0,0,1,1,1,0,1,2,1,1,16,1,2,3,60,2,1,0
13856,5.0,5.0,1.0,1.0,3.0,1.0,1.0,4.0,1.0,2.0,1.0,5.0,4.0,1.0,5.0,1.0,1.0,5.0,5.0,5.0,1,4,7,5,4,7,6,1,5,2,1,1,1,1,1,1,0,0,0,1,0,0,1,1,1,1,3,3,2,2,28,2,4,1,70,2,1,2
13857,1.0,2.0,2.0,5.0,1.0,2.0,2.0,1.0,5.0,5.0,4.0,5.0,3.0,4.0,3.0,2.0,2.0,1.0,3.0,1.0,5,2,5,1,7,5,6,3,6,1,1,1,1,1,1,0,1,1,0,1,0,0,1,1,1,1,3,3,2,1,34,1,1,1,60,1,1,5
13858,4.0,4.0,5.0,5.0,2.0,2.0,2.0,4.0,5.0,5.0,2.0,4.0,4.0,4.0,4.0,5.0,2.0,2.0,3.0,1.0,6,5,7,3,4,1,7,1,2,1,1,1,0,1,1,0,0,0,0,1,0,0,0,1,1,1,4,2,2,2,55,1,9,1,60,2,2,2
13859,5.0,5.0,1.0,1.0,5.0,1.0,1.0,5.0,2.0,1.0,1.0,5.0,5.0,1.0,5.0,1.0,1.0,5.0,5.0,5.0,7,2,7,5,7,5,7,1,7,1,1,1,0,1,1,0,1,1,0,1,0,1,1,1,1,1,4,1,2,1,51,1,6,1,50,1,3,2
13860,2.0,3.0,4.0,1.0,5.0,2.0,3.0,2.0,3.0,4.0,1.0,5.0,4.0,1.0,5.0,1.0,2.0,3.0,5.0,1.0,7,5,7,2,7,1,4,2,6,1,1,1,1,1,1,1,0,0,0,1,0,0,0,1,1,1,2,3,2,1,16,1,2,1,60,2,1,2
13861,5.0,2.0,3.0,1.0,4.0,1.0,1.0,1.0,5.0,5.0,1.0,2.0,5.0,1.0,3.0,2.0,5.0,2.0,5.0,1.0,3,5,6,7,5,7,7,1,7,6,1,1,0,1,1,0,0,0,0,1,0,0,0,1,1,1,3,2,1,1,19,2,1,1,70,1,1,5
13862,5.0,1.0,1.0,1.0,5.0,1.0,1.0,4.0,4.0,1.0,1.0,5.0,5.0,1.0,1.0,1.0,1.0,5.0,5.0,5.0,7,7,7,2,7,1,1,1,7,2,1,1,1,1,1,1,1,1,0,1,0,0,1,1,1,1,4,3,1,1,42,1,2,1,60,1,3,3
13863,4.0,2.0,4.0,5.0,4.0,4.0,3.0,5.0,5.0,3.0,1.0,2.0,1.0,2.0,3.0,3.0,2.0,2.0,4.0,3.0,3,7,7,3,7,4,5,1,6,2,1,1,0,1,1,1,0,0,0,1,0,0,1,1,1,1,3,3,1,1,36,1,4,1,70,1,2,5
13864,5.0,2.0,1.0,5.0,5.0,3.0,5.0,2.0,1.0,4.0,2.0,5.0,1.0,1.0,4.0,2.0,3.0,4.0,5.0,1.0,6,7,6,6,3,6,2,1,4,2,1,1,0,1,1,0,0,0,0,1,0,0,0,0,1,1,4,2,1,2,29,1,12,1,10,2,1,1
13865,2.0,4.0,1.0,4.0,4.0,1.0,1.0,4.0,4.0,5.0,1.0,1.0,2.0,1.0,4.0,2.0,2.0,5.0,5.0,2.0,6,6,7,1,7,1,6,3,6,1,1,1,0,1,1,1,0,0,0,1,0,0,1,1,1,1,3,3,1,2,29,1,1,1,60,2,1,4
13866,5.0,2.0,1.0,1.0,4.0,5.0,2.0,1.0,5.0,5.0,1.0,1.0,3.0,1.0,1.0,5.0,3.0,1.0,5.0,2.0,6,1,6,6,6,5,6,5,5,2,1,1,0,1,1,1,0,1,0,1,0,0,0,1,1,1,3,3,2,2,57,1,12,1,10,2,2,5
13867,5.0,4.0,2.0,4.0,4.0,2.0,2.0,2.0,5.0,5.0,1.0,1.0,4.0,4.0,1.0,5.0,1.0,5.0,5.0,1.0,5,3,5,2,7,7,5,1,6,1,1,1,0,1,1,1,0,0,0,1,0,0,1,1,1,1,3,2,2,2,30,1,7,3,60,1,1,2
13868,2.0,5.0,3.0,1.0,4.0,2.0,2.0,1.0,5.0,4.0,1.0,5.0,1.0,1.0,1.0,1.0,3.0,3.0,1.0,4.0,3,5,6,7,7,7,3,1,5,1,1,1,0,1,1,0,0,1,0,1,1,1,0,1,1,1,4,2,1,2,34,1,12,1,30,1,2,6
13869,4.0,5.0,4.0,1.0,4.0,1.0,1.0,2.0,5.0,4.0,1.0,2.0,5.0,1.0,2.0,2.0,1.0,4.0,5.0,1.0,6,5,6,1,6,6,7,2,6,3,1,1,1,1,1,0,0,1,0,1,0,1,0,1,1,1,3,2,2,2,27,2,1,1,60,1,1,1
13870,1.0,2.0,3.0,5.0,1.0,4.0,2.0,1.0,5.0,4.0,3.0,1.0,2.0,2.0,4.0,2.0,2.0,2.0,5.0,1.0,7,2,5,3,7,2,6,3,6,2,1,1,1,1,1,0,1,1,0,1,0,0,1,1,1,1,4,3,1,1,46,1,6,1,60,2,2,4
13871,2.0,1.0,5.0,5.0,2.0,3.0,2.0,1.0,4.0,5.0,4.0,4.0,1.0,5.0,2.0,5.0,5.0,4.0,5.0,1.0,6,3,5,3,7,2,6,3,5,1,1,1,1,1,1,0,1,1,0,1,0,0,1,1,1,1,3,3,2,2,22,2,1,2,70,1,1,2
13872,5.0,3.0,2.0,2.0,4.0,2.0,1.0,2.0,2.0,2.0,1.0,4.0,3.0,2.0,4.0,1.0,2.0,4.0,4.0,5.0,5,3,7,5,6,4,5,2,3,1,1,1,0,1,1,0,0,1,0,1,0,0,1,1,1,1,2,3,1,2,20,1,1,2,60,1,1,2
13873,4.0,4.0,2.0,2.0,4.0,3.0,1.0,2.0,3.0,1.0,2.0,5.0,4.0,2.0,4.0,1.0,2.0,5.0,5.0,2.0,6,5,3,1,7,2,0,5,7,1,1,1,0,1,1,0,0,1,0,1,1,0,1,1,1,1,4,3,2,2,28,1,2,1,60,1,1,1
13874,5.0,5.0,4.0,4.0,5.0,1.0,1.0,2.0,4.0,4.0,1.0,5.0,2.0,2.0,5.0,1.0,1.0,4.0,5.0,2.0,1,6,2,6,3,6,5,6,5,7,1,1,0,1,1,0,0,0,0,1,0,0,1,1,1,1,3,1,1,2,32,1,2,1,60,1,1,2
13875,5.0,5.0,5.0,1.0,5.0,1.0,1.0,1.0,3.0,1.0,3.0,5.0,5.0,2.0,5.0,2.0,1.0,5.0,5.0,3.0,1,6,7,7,7,7,2,6,6,1,1,1,1,1,1,1,1,1,0,1,0,0,1,1,1,1,3,2,1,1,71,1,2,1,60,2,2,5
13876,5.0,5.0,1.0,1.0,5.0,2.0,1.0,5.0,1.0,1.0,1.0,5.0,4.0,1.0,4.0,1.0,1.0,5.0,5.0,4.0,6,6,7,2,7,6,6,1,6,1,0,1,1,1,1,0,0,0,0,1,0,0,0,1,1,1,1,3,1,2,15,1,1,1,60,2,1,2
13877,1.0,4.0,1.0,4.0,2.0,4.0,2.0,1.0,5.0,1.0,1.0,3.0,4.0,1.0,3.0,3.0,4.0,3.0,5.0,1.0,6,5,6,7,7,3,6,2,5,2,1,1,0,1,1,0,0,0,0,1,1,0,1,1,1,1,3,3,1,1,38,1,2,1,60,2,1,3
13878,1.0,2.0,4.0,5.0,1.0,5.0,5.0,1.0,5.0,5.0,5.0,1.0,1.0,4.0,1.0,4.0,5.0,2.0,3.0,1.0,2,1,5,1,7,6,7,2,6,2,1,1,0,1,0,0,0,0,0,1,0,0,1,0,1,1,3,2,1,2,29,1,1,1,60,1,1,3
13879,2.0,1.0,2.0,4.0,2.0,1.0,1.0,2.0,3.0,1.0,1.0,2.0,1.0,2.0,4.0,1.0,4.0,4.0,5.0,1.0,7,5,5,1,7,1,5,6,7,1,1,1,1,1,1,0,1,1,0,1,1,0,1,1,1,1,3,1,1,1,51,1,2,1,60,1,2,3
13880,4.0,2.0,5.0,3.0,2.0,4.0,4.0,4.0,5.0,4.0,2.0,4.0,1.0,2.0,3.0,5.0,5.0,2.0,4.0,1.0,6,6,6,2,6,6,3,5,6,2,1,1,1,1,1,0,0,0,0,1,0,0,1,1,1,1,4,3,2,2,33,1,4,1,60,1,3,3
13881,4.0,4.0,2.0,3.0,4.0,1.0,1.0,4.0,1.0,2.0,1.0,4.0,5.0,1.0,4.0,1.0,1.0,5.0,5.0,1.0,3,7,4,6,3,2,3,6,3,1,1,1,1,1,1,1,0,1,0,1,0,1,1,1,1,1,3,3,2,1,31,1,4,1,60,2,1,2
13882,1.0,2.0,2.0,4.0,4.0,2.0,1.0,5.0,5.0,4.0,2.0,5.0,4.0,3.0,5.0,1.0,1.0,4.0,5.0,1.0,2,2,5,6,7,3,7,3,3,1,1,1,1,1,1,0,1,1,0,1,0,0,1,1,1,1,4,1,2,1,49,1,6,1,60,2,3,3
13883,5.0,2.0,1.0,4.0,4.0,1.0,1.0,1.0,4.0,2.0,1.0,1.0,4.0,4.0,1.0,1.0,2.0,4.0,5.0,3.0,4,4,7,2,7,6,2,2,6,3,1,0,0,0,0,0,0,1,0,1,0,1,0,0,0,1,2,1,0,1,13,2,2,1,60,2,1,2
13884,2.0,1.0,1.0,2.0,3.0,4.0,1.0,2.0,5.0,4.0,2.0,4.0,1.0,1.0,3.0,1.0,1.0,5.0,1.0,4.0,4,5,6,2,6,7,7,6,6,1,1,1,0,1,1,0,0,0,0,1,0,0,0,1,1,1,3,3,1,2,32,1,10,1,20,1,1,3
13885,5.0,2.0,4.0,5.0,2.0,5.0,5.0,2.0,5.0,5.0,1.0,1.0,2.0,4.0,1.0,5.0,1.0,2.0,5.0,1.0,1,7,1,1,5,6,2,3,2,2,1,1,1,1,1,0,0,0,0,1,0,0,1,1,1,1,4,2,2,1,29,1,7,5,10,2,1,2
13886,1.0,1.0,1.0,3.0,1.0,5.0,5.0,1.0,5.0,5.0,5.0,1.0,1.0,5.0,1.0,5.0,1.0,3.0,5.0,1.0,3,5,6,3,7,7,6,2,6,3,1,1,1,1,1,1,0,1,0,1,1,0,1,1,1,1,4,2,2,2,43,1,1,1,60,2,2,2
13887,5.0,1.0,5.0,5.0,4.0,5.0,3.0,1.0,5.0,5.0,5.0,1.0,1.0,2.0,1.0,4.0,1.0,5.0,1.0,1.0,6,6,6,1,7,3,6,1,7,1,1,1,1,1,1,0,1,1,1,1,0,0,0,1,1,1,4,3,2,2,54,1,7,1,60,1,2,1
13888,1.0,1.0,3.0,5.0,3.0,5.0,5.0,1.0,5.0,4.0,4.0,2.0,4.0,3.0,1.0,5.0,5.0,3.0,4.0,1.0,5,2,4,6,7,5,7,2,4,2,1,1,1,1,1,0,0,0,0,1,0,1,1,1,1,1,2,1,2,1,32,1,12,2,60,1,2,8
13889,5.0,5.0,2.0,3.0,4.0,2.0,1.0,4.0,4.0,1.0,1.0,4.0,2.0,1.0,4.0,1.0,1.0,3.0,5.0,5.0,2,4,4,5,4,3,4,1,7,3,1,1,1,1,1,0,1,1,0,1,1,1,1,1,1,1,3,3,2,1,35,1,2,2,60,2,2,1
13890,4.0,5.0,1.0,1.0,5.0,1.0,1.0,3.0,1.0,1.0,1.0,5.0,1.0,1.0,5.0,1.0,1.0,5.0,5.0,3.0,4,6,5,2,7,4,6,3,5,1,1,1,0,1,1,0,0,1,0,1,0,0,0,1,1,1,3,2,1,2,29,1,12,0,0,1,1,2
13891,5.0,5.0,4.0,1.0,4.0,1.0,1.0,2.0,4.0,2.0,1.0,4.0,2.0,1.0,5.0,4.0,5.0,5.0,5.0,3.0,3,2,6,2,6,7,5,6,6,4,1,1,0,1,1,0,0,0,0,1,0,0,1,1,1,1,4,3,1,2,25,1,1,1,60,1,1,3
13892,4.0,2.0,3.0,1.0,5.0,1.0,4.0,4.0,2.0,5.0,1.0,1.0,1.0,2.0,2.0,3.0,5.0,4.0,3.0,3.0,4,4,5,5,5,4,4,4,1,1,0,0,0,1,0,0,0,0,0,0,0,0,0,0,0,1,3,3,1,2,21,1,10,1,30,2,1,3
13893,1.0,3.0,4.0,4.0,5.0,5.0,3.0,3.0,5.0,5.0,1.0,4.0,4.0,4.0,2.0,2.0,2.0,3.0,3.0,1.0,6,7,5,5,7,5,4,6,6,1,1,1,0,1,1,0,0,0,0,0,0,0,1,1,1,1,2,3,1,1,20,1,7,1,70,1,1,0
13894,5.0,5.0,4.0,1.0,4.0,1.0,2.0,1.0,5.0,4.0,1.0,4.0,1.0,1.0,5.0,5.0,1.0,5.0,5.0,5.0,2,1,6,5,7,7,7,7,7,3,1,0,0,1,1,0,0,0,0,1,0,0,1,0,1,1,2,3,1,2,20,2,1,1,60,1,1,1
13895,4.0,3.0,2.0,4.0,1.0,3.0,3.0,1.0,4.0,4.0,3.0,1.0,2.0,1.0,4.0,5.0,3.0,2.0,5.0,1.0,6,6,4,5,5,1,4,2,4,2,1,1,0,1,1,0,1,0,0,1,0,0,1,1,1,1,3,2,1,1,30,1,2,1,60,1,1,2
13896,2.0,2.0,2.0,2.0,2.0,2.0,1.0,2.0,4.0,2.0,2.0,4.0,1.0,1.0,4.0,1.0,2.0,4.0,1.0,4.0,4,6,7,2,3,5,5,1,6,5,0,0,0,1,1,0,0,0,0,1,0,0,0,0,0,1,2,1,1,2,21,1,4,1,60,2,1,9
13897,4.0,3.0,5.0,1.0,4.0,2.0,2.0,2.0,3.0,2.0,1.0,5.0,3.0,1.0,3.0,4.0,2.0,4.0,5.0,2.0,4,6,5,5,6,4,4,5,4,2,1,1,1,1,1,0,1,1,0,1,0,1,1,1,1,1,3,2,1,1,28,1,4,1,60,1,1,3
13898,4.0,5.0,2.0,4.0,3.0,3.0,1.0,4.0,4.0,4.0,1.0,4.0,3.0,2.0,5.0,4.0,2.0,5.0,4.0,4.0,6,5,5,3,6,6,6,2,5,3,1,1,0,1,1,1,0,0,0,1,0,0,1,1,1,1,3,2,1,1,21,1,4,1,60,1,1,3
13899,3.0,4.0,1.0,1.0,3.0,1.0,2.0,1.0,2.0,2.0,2.0,5.0,4.0,1.0,3.0,3.0,1.0,1.0,5.0,1.0,6,6,7,3,5,4,5,1,7,2,1,1,0,1,1,0,0,0,0,1,0,0,1,1,1,1,4,2,1,1,28,1,1,1,60,1,2,2
13900,1.0,2.0,5.0,5.0,1.0,3.0,1.0,1.0,4.0,4.0,3.0,1.0,1.0,3.0,3.0,4.0,5.0,1.0,5.0,1.0,4,5,5,7,7,5,6,3,1,1,1,1,0,1,1,0,1,1,0,1,0,0,1,1,1,1,4,3,2,1,32,1,1,1,60,2,2,2
13901,4.0,5.0,1.0,2.0,5.0,1.0,1.0,5.0,2.0,1.0,1.0,4.0,3.0,1.0,5.0,1.0,3.0,5.0,5.0,1.0,6,7,4,1,7,1,2,6,7,1,1,0,0,1,1,0,0,0,0,1,0,0,0,0,1,1,2,1,1,2,21,1,2,1,60,1,1,3
13902,3.0,4.0,5.0,2.0,4.0,2.0,2.0,4.0,3.0,2.0,1.0,5.0,4.0,3.0,4.0,3.0,2.0,4.0,5.0,2.0,5,6,5,2,4,7,6,3,7,4,0,0,0,1,0,0,0,0,0,1,0,0,1,0,1,1,3,3,1,2,24,1,6,1,60,1,1,2
13903,4.0,5.0,1.0,1.0,5.0,1.0,1.0,4.0,1.0,1.0,2.0,5.0,5.0,1.0,4.0,1.0,1.0,4.0,5.0,5.0,6,7,7,1,6,5,3,4,3,1,1,1,1,1,1,0,1,0,0,1,0,1,1,1,1,1,3,1,1,1,25,1,1,1,70,1,1,2
13904,1.0,1.0,5.0,4.0,1.0,5.0,5.0,2.0,5.0,5.0,5.0,2.0,1.0,4.0,4.0,1.0,2.0,1.0,1.0,1.0,5,3,7,5,5,5,7,1,6,3,1,1,1,1,1,0,0,0,0,1,0,0,1,1,1,1,4,2,2,1,35,1,7,1,60,1,2,4
13905,1.0,1.0,3.0,5.0,2.0,3.0,2.0,1.0,5.0,4.0,2.0,1.0,1.0,2.0,4.0,2.0,2.0,3.0,3.0,1.0,5,6,7,7,7,1,5,5,2,2,1,1,1,1,1,0,1,1,0,1,1,0,1,1,1,1,2,3,1,1,19,1,2,1,0,1,1,2
13906,2.0,2.0,2.0,2.0,2.0,2.0,2.0,2.0,4.0,4.0,2.0,1.0,2.0,1.0,4.0,2.0,1.0,2.0,4.0,4.0,3,5,6,1,6,5,6,1,7,2,1,1,0,1,1,1,1,0,0,1,0,1,1,1,1,1,4,1,1,1,34,1,2,1,60,1,2,4
13907,4.0,4.0,1.0,1.0,4.0,2.0,1.0,2.0,4.0,2.0,1.0,4.0,2.0,2.0,1.0,1.0,2.0,4.0,5.0,2.0,5,6,5,3,3,3,5,3,3,2,1,1,1,1,1,0,0,0,0,1,0,0,1,1,1,1,2,3,1,2,23,1,4,0,30,1,1,2
13908,5.0,5.0,1.0,4.0,4.0,2.0,1.0,1.0,1.0,1.0,1.0,5.0,5.0,1.0,4.0,1.0,1.0,4.0,5.0,2.0,2,7,1,5,7,5,1,7,1,1,1,1,0,1,1,0,0,1,0,1,0,0,1,1,1,1,1,2,1,1,36,1,2,2,60,2,1,4
13909,1.0,1.0,4.0,2.0,4.0,4.0,2.0,2.0,5.0,4.0,2.0,4.0,1.0,2.0,1.0,4.0,2.0,2.0,1.0,4.0,6,5,6,2,6,2,6,5,6,2,1,1,1,1,1,0,1,1,0,1,1,0,1,1,1,1,4,2,1,2,48,1,4,1,60,1,2,2
13910,5.0,5.0,2.0,1.0,5.0,2.0,2.0,2.0,4.0,5.0,1.0,5.0,5.0,1.0,2.0,2.0,5.0,5.0,5.0,4.0,6,7,7,2,7,2,5,1,6,1,1,1,1,1,1,0,0,1,0,1,1,0,0,1,1,1,3,2,2,2,21,2,4,1,60,1,1,4
13911,4.0,2.0,5.0,3.0,2.0,5.0,5.0,1.0,3.0,5.0,2.0,2.0,3.0,3.0,2.0,2.0,4.0,4.0,5.0,1.0,3,6,2,7,7,3,7,5,3,1,1,1,1,1,0,0,0,1,0,1,1,0,0,1,1,1,3,1,2,2,22,1,12,1,60,2,1,2
13912,2.0,2.0,5.0,4.0,2.0,2.0,1.0,2.0,4.0,4.0,1.0,2.0,2.0,2.0,3.0,4.0,2.0,1.0,3.0,2.0,1,5,5,3,2,4,5,5,4,1,1,1,1,1,1,0,0,0,0,1,1,0,1,1,1,1,3,3,2,1,20,1,1,3,70,2,1,2
13913,5.0,5.0,2.0,1.0,4.0,1.0,1.0,5.0,1.0,1.0,1.0,5.0,3.0,1.0,5.0,1.0,5.0,5.0,5.0,1.0,1,5,6,1,2,5,4,5,7,2,1,1,0,1,1,0,0,0,0,1,0,1,1,1,1,1,1,2,1,1,14,0,4,1,60,2,1,3
13914,3.0,3.0,3.0,2.0,4.0,3.0,1.0,3.0,4.0,3.0,2.0,4.0,3.0,1.0,4.0,2.0,3.0,3.0,5.0,1.0,1,6,7,2,6,6,4,3,5,2,1,1,0,1,1,0,0,1,0,1,0,0,1,1,1,1,3,1,1,1,21,1,1,1,60,2,1,2
13915,4.0,4.0,2.0,1.0,4.0,2.0,2.0,5.0,4.0,1.0,1.0,4.0,3.0,2.0,3.0,1.0,1.0,4.0,5.0,2.0,1,5,5,1,7,5,3,1,6,7,1,1,0,1,1,0,0,0,0,1,0,1,1,1,1,1,2,3,1,1,21,1,1,1,60,1,1,4
13916,5.0,5.0,5.0,1.0,5.0,3.0,1.0,5.0,5.0,1.0,1.0,5.0,5.0,1.0,1.0,1.0,1.0,5.0,1.0,1.0,2,6,6,1,7,4,2,4,4,1,1,0,0,1,0,0,0,0,0,1,0,0,0,1,1,1,2,3,2,2,18,1,10,1,10,1,1,5
13917,1.0,4.0,4.0,4.0,2.0,5.0,1.0,1.0,5.0,5.0,1.0,5.0,2.0,2.0,3.0,1.0,1.0,4.0,5.0,1.0,2,5,7,2,7,4,6,1,5,1,1,1,0,1,1,0,0,1,0,1,1,0,1,1,1,1,3,3,1,1,28,2,2,1,60,1,1,2
13918,1.0,1.0,5.0,4.0,1.0,2.0,2.0,1.0,5.0,5.0,1.0,4.0,1.0,4.0,4.0,5.0,1.0,4.0,5.0,1.0,2,1,2,5,7,5,7,2,5,2,1,1,0,1,1,0,1,0,0,1,0,0,1,1,1,1,4,2,2,1,46,1,7,1,60,1,2,4
13919,4.0,3.0,1.0,1.0,4.0,1.0,1.0,2.0,4.0,2.0,2.0,5.0,1.0,2.0,4.0,2.0,1.0,4.0,5.0,1.0,1,1,6,7,3,7,5,5,5,6,1,1,0,1,1,0,0,0,0,1,0,0,1,1,1,1,4,3,2,1,28,1,1,1,60,1,1,2
13920,5.0,5.0,1.0,1.0,5.0,2.0,1.0,5.0,1.0,5.0,1.0,5.0,5.0,1.0,3.0,4.0,2.0,5.0,5.0,5.0,5,6,7,1,7,5,4,2,7,1,1,1,0,1,1,0,0,1,0,1,0,0,1,1,1,1,3,3,1,1,23,1,2,1,30,2,1,3
13921,2.0,2.0,2.0,4.0,2.0,1.0,1.0,1.0,4.0,5.0,2.0,5.0,2.0,2.0,5.0,1.0,1.0,2.0,5.0,1.0,5,2,6,5,2,5,5,5,6,3,1,1,0,1,1,0,0,0,0,1,0,0,1,1,1,1,3,3,2,1,21,1,2,2,60,1,1,2
13922,1.0,1.0,1.0,4.0,4.0,1.0,1.0,4.0,5.0,2.0,1.0,5.0,1.0,2.0,1.0,4.0,1.0,5.0,5.0,1.0,7,6,2,5,7,1,7,7,6,3,1,1,1,1,1,0,0,0,0,1,0,0,1,1,1,1,3,3,2,1,52,1,2,1,60,1,2,3
13923,3.0,2.0,5.0,4.0,1.0,4.0,2.0,1.0,5.0,5.0,3.0,1.0,1.0,4.0,2.0,4.0,4.0,1.0,1.0,1.0,3,3,6,3,7,3,7,1,7,5,1,1,1,1,1,0,0,1,0,1,0,0,1,1,1,1,4,1,2,1,62,1,7,1,60,1,3,4
13924,3.0,3.0,4.0,5.0,2.0,5.0,4.0,1.0,4.0,5.0,2.0,1.0,1.0,4.0,4.0,4.0,4.0,4.0,4.0,3.0,3,5,7,6,5,7,4,1,3,5,1,1,0,1,1,0,0,0,0,1,0,0,1,0,1,1,3,2,2,1,23,1,1,1,60,2,1,1
13925,1.0,2.0,5.0,5.0,1.0,2.0,3.0,2.0,5.0,5.0,4.0,2.0,1.0,3.0,2.0,4.0,4.0,1.0,4.0,1.0,7,1,6,2,6,3,7,4,7,3,1,1,1,1,1,0,1,0,0,1,0,0,1,1,1,1,3,1,2,1,70,1,1,1,60,2,3,2
13926,1.0,1.0,5.0,5.0,4.0,2.0,3.0,1.0,5.0,5.0,1.0,1.0,1.0,3.0,3.0,5.0,2.0,1.0,5.0,1.0,1,1,6,2,6,7,7,1,7,1,1,1,1,1,1,0,0,1,0,1,1,0,1,1,1,1,3,3,2,2,27,1,3,1,70,1,1,2
13927,1.0,5.0,3.0,4.0,5.0,5.0,1.0,2.0,4.0,5.0,4.0,2.0,4.0,1.0,5.0,4.0,5.0,3.0,5.0,2.0,5,5,3,1,6,4,7,7,7,2,1,1,0,1,1,0,0,0,0,1,0,0,1,1,1,1,2,1,2,2,21,1,2,1,60,1,1,3
13928,2.0,1.0,1.0,4.0,4.0,1.0,1.0,1.0,5.0,5.0,3.0,1.0,1.0,2.0,5.0,4.0,3.0,3.0,3.0,3.0,6,6,6,1,6,1,5,5,6,3,1,1,0,1,1,0,0,0,0,1,0,0,1,0,1,1,3,2,2,1,39,1,4,1,60,2,2,4
13929,2.0,2.0,4.0,4.0,2.0,4.0,3.0,1.0,5.0,5.0,3.0,2.0,1.0,4.0,3.0,4.0,1.0,3.0,4.0,2.0,3,5,6,3,6,6,7,2,6,3,0,1,0,0,0,0,0,0,0,0,0,0,0,0,0,1,2,2,2,2,19,1,2,1,60,1,1,3
13930,4.0,2.0,3.0,2.0,3.0,3.0,4.0,2.0,2.0,3.0,1.0,4.0,2.0,2.0,5.0,2.0,2.0,4.0,4.0,1.0,2,2,7,6,7,5,6,5,7,3,1,1,1,1,1,0,0,0,0,1,0,0,1,1,0,1,2,1,1,1,25,1,1,1,60,2,1,5
13931,4.0,3.0,2.0,1.0,5.0,4.0,2.0,4.0,5.0,3.0,2.0,5.0,1.0,2.0,4.0,1.0,1.0,4.0,1.0,2.0,2,2,7,1,2,7,4,2,7,7,1,1,0,1,1,0,0,0,0,1,0,0,1,0,1,1,3,2,1,2,22,1,6,1,60,1,1,4
13932,1.0,1.0,4.0,4.0,1.0,4.0,4.0,2.0,4.0,5.0,1.0,1.0,1.0,1.0,1.0,4.0,1.0,2.0,4.0,1.0,3,3,3,5,5,7,5,5,5,2,1,1,1,1,1,0,1,1,0,1,1,0,1,1,1,1,4,2,1,1,62,1,4,1,60,1,2,3
13933,1.0,1.0,4.0,5.0,2.0,4.0,2.0,1.0,5.0,5.0,1.0,1.0,1.0,2.0,1.0,5.0,1.0,5.0,5.0,3.0,7,6,6,2,7,3,7,4,6,2,0,1,0,1,0,0,0,0,0,0,0,0,0,1,1,1,4,1,2,2,36,2,2,1,60,2,1,1
13934,4.0,5.0,2.0,1.0,4.0,1.0,1.0,4.0,4.0,2.0,1.0,4.0,4.0,2.0,4.0,1.0,2.0,4.0,5.0,5.0,6,6,3,2,7,1,6,5,4,1,1,1,0,1,1,0,0,1,0,1,0,0,0,1,1,1,3,3,1,2,24,1,12,3,60,1,1,2
13935,5.0,4.0,1.0,4.0,5.0,5.0,2.0,4.0,5.0,4.0,1.0,5.0,4.0,1.0,3.0,1.0,5.0,3.0,1.0,1.0,2,1,7,5,4,7,6,2,6,2,1,1,1,1,1,0,1,1,0,1,0,0,1,1,1,1,4,3,1,2,50,1,6,1,30,1,2,5
13936,4.0,5.0,3.0,4.0,2.0,3.0,2.0,2.0,4.0,2.0,3.0,4.0,2.0,3.0,2.0,4.0,4.0,2.0,5.0,4.0,3,5,3,5,5,7,5,4,4,3,1,1,0,1,1,0,0,0,0,1,0,0,1,0,1,1,4,3,1,2,20,1,8,1,10,2,1,2
13937,2.0,2.0,1.0,5.0,4.0,5.0,2.0,1.0,5.0,5.0,2.0,3.0,1.0,2.0,4.0,5.0,4.0,2.0,5.0,1.0,3,1,5,3,7,7,7,3,3,2,0,1,0,0,1,0,0,0,0,1,0,0,1,0,0,0,3,3,1,1,30,2,7,1,30,1,1,3
13938,1.0,2.0,4.0,2.0,4.0,4.0,1.0,4.0,5.0,5.0,1.0,2.0,1.0,2.0,4.0,2.0,2.0,4.0,5.0,1.0,3,5,6,7,2,7,5,7,5,2,1,1,1,1,1,0,1,1,0,1,1,0,1,1,1,1,4,2,1,1,40,1,2,1,60,2,1,6
13939,1.0,3.0,3.0,5.0,4.0,4.0,4.0,1.0,5.0,2.0,1.0,5.0,1.0,5.0,1.0,2.0,2.0,4.0,5.0,1.0,6,3,6,6,6,1,6,2,3,4,1,1,1,1,1,0,1,0,0,1,0,0,1,1,1,1,3,2,2,1,49,1,12,1,60,1,2,3
13940,1.0,1.0,4.0,4.0,3.0,4.0,2.0,4.0,5.0,5.0,1.0,1.0,2.0,1.0,1.0,4.0,3.0,1.0,4.0,1.0,2,3,6,1,7,7,5,3,6,1,0,1,0,1,1,0,0,0,0,1,0,0,1,1,1,1,2,3,1,1,30,1,7,1,70,2,1,2
13941,4.0,5.0,4.0,4.0,4.0,1.0,1.0,2.0,4.0,2.0,1.0,4.0,5.0,1.0,5.0,1.0,1.0,5.0,5.0,3.0,1,5,6,6,7,7,4,3,5,3,1,1,1,1,1,0,0,1,0,1,0,0,1,1,1,1,2,1,2,1,19,1,2,2,60,2,1,1
13942,2.0,3.0,2.0,1.0,4.0,2.0,2.0,4.0,3.0,5.0,2.0,5.0,4.0,2.0,1.0,1.0,3.0,4.0,5.0,2.0,3,5,5,6,6,7,5,2,1,5,1,1,1,1,1,0,0,0,0,1,0,0,0,1,1,1,3,3,2,2,23,1,2,1,30,2,1,3
13943,4.0,4.0,3.0,5.0,5.0,2.0,1.0,5.0,3.0,4.0,1.0,5.0,3.0,3.0,5.0,4.0,2.0,5.0,3.0,2.0,4,4,5,0,7,3,5,7,4,2,1,1,0,1,1,0,1,0,1,1,0,1,1,1,1,1,2,2,2,2,20,1,6,1,10,2,1,3
13944,5.0,5.0,2.0,2.0,5.0,2.0,1.0,5.0,3.0,2.0,2.0,4.0,4.0,1.0,4.0,1.0,2.0,5.0,5.0,4.0,2,6,6,6,5,7,3,3,3,5,0,1,0,1,0,0,0,0,0,1,0,0,0,0,1,1,3,3,2,1,24,2,1,1,10,1,1,3
13945,3.0,4.0,3.0,4.0,5.0,3.0,2.0,4.0,4.0,1.0,1.0,5.0,4.0,2.0,4.0,1.0,1.0,4.0,5.0,2.0,3,5,6,5,7,7,6,5,6,1,1,1,1,1,1,0,0,0,0,1,0,0,1,1,1,1,3,3,2,1,28,1,1,2,60,2,1,2
13946,2.0,4.0,2.0,4.0,5.0,1.0,1.0,4.0,1.0,5.0,1.0,5.0,4.0,1.0,2.0,2.0,2.0,4.0,4.0,3.0,6,5,7,6,7,3,6,1,2,2,1,1,1,1,1,0,1,0,0,1,1,0,1,1,1,1,3,1,2,2,23,1,4,1,60,1,1,2
13947,5.0,5.0,4.0,3.0,4.0,1.0,1.0,5.0,5.0,2.0,2.0,4.0,3.0,2.0,2.0,1.0,2.0,5.0,5.0,1.0,5,3,6,5,7,7,6,6,6,2,1,1,1,1,1,0,0,0,0,1,0,1,1,1,1,1,3,2,1,2,24,2,9,1,70,1,1,2
13948,4.0,3.0,4.0,5.0,4.0,1.0,1.0,2.0,3.0,5.0,1.0,5.0,4.0,1.0,4.0,1.0,3.0,5.0,5.0,1.0,4,6,4,2,6,5,6,6,6,3,1,1,1,1,1,0,1,1,0,1,0,0,1,1,1,1,3,1,1,1,44,1,1,1,60,1,2,3
13949,1.0,2.0,1.0,5.0,1.0,1.0,1.0,2.0,5.0,5.0,5.0,2.0,1.0,4.0,1.0,4.0,5.0,2.0,5.0,1.0,2,1,7,4,5,6,7,1,7,1,1,1,1,1,1,0,0,0,1,1,0,1,1,1,1,1,4,2,2,1,61,1,4,1,60,2,3,5
13950,4.0,5.0,1.0,1.0,5.0,1.0,1.0,5.0,1.0,2.0,1.0,5.0,4.0,1.0,4.0,2.0,1.0,2.0,1.0,2.0,1,7,7,2,1,6,1,1,6,3,1,1,1,1,1,0,0,1,1,1,0,1,1,1,1,1,4,1,1,1,25,2,7,1,60,1,2,3
13951,5.0,4.0,5.0,3.0,5.0,1.0,2.0,5.0,2.0,2.0,1.0,5.0,1.0,1.0,4.0,2.0,1.0,5.0,4.0,3.0,7,5,2,6,7,2,6,2,5,1,1,0,1,0,1,0,0,1,0,1,1,0,1,0,1,0,2,3,1,2,21,1,9,1,60,1,1,2
13952,5.0,4.0,5.0,3.0,3.0,3.0,4.0,2.0,5.0,4.0,3.0,4.0,4.0,2.0,5.0,2.0,2.0,4.0,5.0,2.0,5,4,5,6,6,6,6,4,3,2,1,1,0,1,1,0,0,0,0,1,1,0,0,1,1,1,2,2,1,2,23,1,9,1,60,1,1,2
13953,5.0,5.0,1.0,1.0,5.0,1.0,1.0,5.0,5.0,1.0,1.0,5.0,1.0,5.0,5.0,1.0,5.0,5.0,5.0,1.0,6,6,7,3,6,3,6,2,6,2,0,1,0,1,1,0,0,0,0,1,0,1,0,1,1,1,4,3,2,2,32,1,4,1,10,2,1,3
13954,1.0,1.0,5.0,1.0,4.0,5.0,5.0,1.0,5.0,5.0,5.0,5.0,1.0,1.0,1.0,2.0,2.0,1.0,4.0,1.0,1,5,7,6,6,7,7,4,3,1,1,1,1,1,1,0,0,0,0,1,0,0,1,1,1,1,4,1,2,2,35,1,1,1,60,1,1,2
13955,2.0,2.0,1.0,3.0,1.0,3.0,2.0,1.0,5.0,4.0,4.0,1.0,1.0,2.0,3.0,2.0,1.0,2.0,1.0,1.0,7,3,7,2,7,1,7,6,4,5,1,1,0,1,1,0,0,1,0,1,0,1,1,1,1,1,3,2,1,1,60,2,6,1,60,1,2,3
13956,4.0,5.0,4.0,4.0,5.0,4.0,1.0,4.0,5.0,3.0,1.0,5.0,4.0,1.0,2.0,1.0,5.0,2.0,4.0,1.0,3,1,6,2,2,7,6,2,7,6,1,1,0,1,1,0,0,0,0,1,0,0,1,1,1,1,3,3,1,1,24,1,7,1,30,2,1,4
13957,5.0,5.0,1.0,3.0,3.0,1.0,2.0,2.0,2.0,1.0,1.0,3.0,4.0,1.0,5.0,2.0,1.0,4.0,5.0,4.0,6,2,7,1,7,3,5,1,7,1,1,1,1,1,1,0,1,1,0,1,0,0,1,1,1,1,3,3,2,2,28,1,2,1,60,1,1,3
13958,5.0,4.0,4.0,2.0,4.0,4.0,2.0,2.0,4.0,3.0,2.0,5.0,3.0,1.0,3.0,3.0,3.0,4.0,3.0,3.0,5,2,6,4,5,5,7,2,7,3,1,1,1,1,1,0,0,0,0,1,0,0,0,1,1,1,3,2,1,2,20,1,4,1,60,1,1,1
13959,4.0,5.0,4.0,5.0,2.0,2.0,1.0,2.0,5.0,4.0,1.0,1.0,2.0,2.0,2.0,2.0,5.0,5.0,5.0,2.0,5,5,4,6,7,6,5,6,3,3,1,1,1,1,1,0,1,1,0,1,1,0,1,1,1,1,4,3,1,1,37,1,6,1,60,1,2,2
13960,5.0,5.0,5.0,5.0,5.0,1.0,1.0,5.0,5.0,5.0,1.0,5.0,5.0,1.0,5.0,1.0,1.0,5.0,5.0,5.0,7,6,5,5,5,2,6,2,6,1,1,1,0,1,1,0,0,0,0,1,0,0,1,1,1,1,2,1,1,1,49,1,12,1,50,1,2,2
13961,4.0,5.0,1.0,4.0,4.0,1.0,1.0,2.0,4.0,1.0,1.0,2.0,1.0,1.0,5.0,2.0,1.0,4.0,5.0,2.0,6,7,5,5,6,7,7,7,1,1,1,0,0,1,0,0,0,1,0,1,0,0,0,0,1,1,3,2,1,2,24,1,2,1,60,1,1,2
13962,5.0,5.0,4.0,4.0,1.0,2.0,1.0,4.0,5.0,5.0,1.0,2.0,5.0,1.0,5.0,5.0,1.0,2.0,5.0,1.0,6,1,7,2,5,3,6,3,6,3,1,1,0,1,1,0,0,1,0,1,1,0,1,1,1,1,3,1,1,2,45,1,4,1,60,2,2,2
13963,1.0,5.0,5.0,2.0,4.0,5.0,2.0,1.0,5.0,2.0,2.0,1.0,3.0,4.0,1.0,1.0,2.0,1.0,4.0,1.0,6,5,5,3,7,2,7,5,3,3,1,1,0,1,1,0,0,1,0,1,0,0,1,1,1,1,4,3,2,2,25,2,12,1,70,1,1,3
13964,2.0,4.0,2.0,4.0,2.0,1.0,2.0,1.0,5.0,4.0,4.0,2.0,2.0,2.0,5.0,5.0,1.0,2.0,5.0,1.0,2,5,7,2,7,6,6,1,6,3,1,1,0,1,1,0,0,1,0,1,0,0,1,1,1,1,3,2,2,1,19,1,2,3,60,1,1,2
13965,1.0,1.0,4.0,1.0,1.0,4.0,2.0,2.0,5.0,4.0,1.0,5.0,2.0,2.0,1.0,1.0,1.0,1.0,1.0,1.0,2,1,6,1,7,6,7,1,7,2,1,1,1,1,1,0,1,0,0,1,1,1,1,1,1,1,4,3,2,1,40,1,6,1,60,2,1,2
13966,5.0,5.0,1.0,1.0,5.0,1.0,1.0,1.0,1.0,2.0,1.0,5.0,1.0,1.0,5.0,1.0,5.0,5.0,5.0,3.0,2,6,7,6,5,7,1,5,6,1,1,1,0,1,1,0,0,0,0,1,0,0,0,1,1,1,3,3,1,1,37,1,4,1,10,1,1,3
13967,3.0,5.0,4.0,2.0,4.0,1.0,1.0,5.0,3.0,4.0,1.0,5.0,3.0,1.0,4.0,1.0,5.0,4.0,5.0,5.0,4,5,6,7,2,6,7,3,3,1,1,1,0,1,1,1,0,1,0,1,0,0,0,0,1,1,3,3,1,2,21,1,7,1,60,2,1,2
13968,4.0,5.0,1.0,2.0,5.0,1.0,1.0,4.0,1.0,1.0,1.0,5.0,3.0,1.0,5.0,3.0,1.0,5.0,5.0,4.0,2,7,6,3,4,7,1,3,6,2,1,1,1,1,1,1,0,1,0,1,0,0,1,1,1,1,4,1,2,1,28,1,1,3,60,1,1,2
13969,5.0,4.0,3.0,2.0,5.0,1.0,1.0,5.0,1.0,2.0,1.0,5.0,5.0,1.0,5.0,2.0,1.0,5.0,4.0,4.0,6,5,7,1,7,4,3,5,7,1,1,1,1,1,1,0,0,0,0,1,0,0,1,1,1,1,3,2,1,1,25,1,6,1,60,1,1,2
13970,1.0,4.0,5.0,5.0,1.0,2.0,2.0,1.0,5.0,5.0,1.0,4.0,2.0,3.0,4.0,5.0,2.0,1.0,5.0,1.0,3,1,6,1,6,5,5,1,6,2,1,1,1,1,1,0,0,0,0,1,0,0,1,1,1,1,3,2,2,1,53,1,2,3,60,1,3,3
13971,4.0,5.0,3.0,2.0,4.0,1.0,1.0,4.0,5.0,2.0,3.0,4.0,4.0,4.0,3.0,4.0,1.0,4.0,4.0,4.0,4,5,6,2,6,7,6,1,6,2,1,1,0,1,1,0,0,0,0,1,0,0,1,1,1,1,3,1,2,1,35,1,7,1,70,1,2,4
13972,4.0,2.0,3.0,1.0,5.0,2.0,2.0,5.0,2.0,2.0,1.0,5.0,4.0,1.0,3.0,1.0,1.0,4.0,5.0,4.0,1,5,5,2,2,5,2,6,3,4,1,1,0,1,1,0,0,0,0,1,0,0,1,1,1,1,4,2,1,1,41,2,2,1,60,1,3,1
13973,1.0,2.0,2.0,4.0,2.0,4.0,2.0,1.0,5.0,5.0,2.0,4.0,2.0,4.0,1.0,4.0,3.0,2.0,4.0,1.0,3,5,6,5,5,7,5,5,3,6,1,1,1,1,1,0,1,1,0,1,0,0,1,1,1,1,3,2,1,1,45,1,2,1,60,1,2,5
13974,4.0,5.0,3.0,1.0,4.0,1.0,3.0,3.0,5.0,2.0,1.0,5.0,2.0,1.0,5.0,1.0,2.0,5.0,3.0,1.0,6,4,7,5,4,2,2,2,4,6,1,1,0,1,1,0,0,0,0,1,0,0,1,1,1,1,3,2,1,1,27,1,6,1,60,1,1,1
13975,4.0,3.0,3.0,4.0,3.0,2.0,3.0,3.0,5.0,4.0,3.0,2.0,1.0,2.0,2.0,4.0,2.0,2.0,3.0,3.0,5,7,5,1,7,2,7,2,5,1,1,1,0,1,1,0,0,1,0,1,0,0,0,1,1,1,2,3,1,2,21,1,2,1,60,1,1,1
13976,5.0,1.0,1.0,1.0,5.0,1.0,1.0,1.0,4.0,1.0,1.0,5.0,4.0,1.0,5.0,1.0,1.0,5.0,5.0,1.0,2,1,7,2,7,5,3,1,7,1,1,1,0,1,1,0,0,1,0,1,0,0,1,1,1,1,3,2,1,1,20,1,7,1,30,1,1,2
13977,4.0,2.0,1.0,2.0,1.0,1.0,1.0,2.0,3.0,2.0,1.0,1.0,1.0,1.0,4.0,1.0,5.0,4.0,5.0,1.0,7,6,5,2,6,1,5,1,4,2,1,1,0,1,1,0,0,1,0,1,0,0,1,1,1,1,3,2,1,1,21,1,1,1,60,2,1,4
13978,5.0,3.0,5.0,4.0,5.0,3.0,3.0,3.0,5.0,3.0,1.0,3.0,1.0,2.0,3.0,3.0,4.0,3.0,4.0,1.0,4,5,6,6,5,4,4,2,3,5,0,1,0,1,0,0,0,0,0,1,0,0,0,0,1,1,3,3,2,1,21,1,2,1,70,1,1,3
13979,4.0,4.0,3.0,2.0,5.0,4.0,2.0,4.0,3.0,2.0,3.0,5.0,5.0,2.0,3.0,4.0,4.0,5.0,5.0,5.0,2,2,5,2,5,6,2,4,6,3,1,1,1,1,1,0,1,1,0,1,1,0,1,1,1,1,3,3,1,2,19,1,1,1,70,2,1,2
13980,4.0,5.0,1.0,2.0,5.0,2.0,1.0,5.0,3.0,2.0,1.0,4.0,5.0,2.0,4.0,1.0,2.0,4.0,5.0,1.0,2,5,7,1,2,7,4,1,6,4,1,1,0,1,1,0,0,1,0,1,0,0,1,1,1,1,4,2,1,1,23,1,11,1,10,2,1,1
13981,5.0,2.0,2.0,1.0,5.0,4.0,1.0,5.0,2.0,2.0,2.0,5.0,2.0,1.0,4.0,1.0,1.0,2.0,4.0,4.0,3,6,6,1,6,5,5,3,7,2,1,1,0,1,1,0,0,0,0,1,0,0,1,1,1,1,4,3,1,2,27,1,6,1,70,1,1,1
13982,1.0,1.0,5.0,2.0,5.0,1.0,1.0,4.0,1.0,2.0,1.0,5.0,5.0,3.0,5.0,2.0,2.0,5.0,5.0,4.0,5,6,7,3,3,1,5,1,7,1,1,1,1,1,1,1,1,1,1,1,1,1,1,1,1,1,4,2,1,1,14,1,12,1,70,2,1,3
13983,4.0,4.0,4.0,2.0,2.0,2.0,1.0,3.0,4.0,2.0,2.0,1.0,1.0,1.0,4.0,5.0,1.0,5.0,5.0,5.0,6,1,3,1,7,2,6,6,7,1,1,1,1,1,1,0,1,1,0,1,1,1,1,1,1,0,4,1,1,1,36,1,6,1,60,1,3,2
13984,4.0,5.0,2.0,2.0,4.0,1.0,1.0,4.0,4.0,1.0,2.0,5.0,5.0,2.0,4.0,5.0,3.0,3.0,5.0,4.0,2,5,7,1,6,5,1,3,5,5,1,1,0,1,1,0,0,0,0,1,0,0,0,1,1,1,2,3,1,2,18,1,11,1,10,2,1,2
13985,5.0,5.0,1.0,1.0,5.0,3.0,5.0,5.0,4.0,1.0,1.0,5.0,5.0,2.0,5.0,5.0,1.0,5.0,5.0,4.0,6,7,7,2,7,3,2,1,6,1,1,1,0,1,1,0,0,1,0,1,0,0,1,1,1,1,3,3,1,2,24,1,1,1,10,2,1,2
13986,1.0,1.0,2.0,1.0,1.0,5.0,5.0,1.0,5.0,1.0,1.0,1.0,5.0,5.0,1.0,1.0,5.0,2.0,1.0,1.0,6,5,1,6,5,7,6,7,7,7,0,1,0,1,1,0,0,0,0,1,0,0,1,1,1,1,4,2,1,1,31,1,12,1,10,2,1,3
13987,4.0,1.0,2.0,2.0,3.0,3.0,2.0,2.0,4.0,2.0,1.0,4.0,2.0,2.0,3.0,2.0,4.0,4.0,5.0,2.0,4,5,3,6,3,4,3,2,2,2,1,1,0,1,1,0,0,1,0,1,0,0,0,1,1,1,3,2,2,2,44,2,2,1,60,2,2,1
13988,1.0,1.0,5.0,3.0,4.0,4.0,1.0,1.0,5.0,5.0,1.0,1.0,1.0,3.0,3.0,2.0,1.0,4.0,5.0,1.0,6,6,3,5,7,2,7,5,5,1,1,1,1,1,1,0,0,0,0,1,1,0,1,1,1,1,2,2,2,2,32,1,1,1,60,0,1,2
13989,4.0,2.0,5.0,3.0,4.0,1.0,1.0,1.0,5.0,3.0,1.0,1.0,4.0,1.0,5.0,1.0,1.0,4.0,5.0,1.0,2,4,5,6,7,3,5,3,4,2,1,1,0,1,1,0,0,0,0,1,0,0,0,1,1,1,2,3,2,1,20,1,0,1,70,2,1,1
13990,5.0,1.0,2.0,2.0,3.0,4.0,2.0,1.0,4.0,5.0,2.0,4.0,1.0,2.0,1.0,4.0,2.0,2.0,5.0,2.0,5,5,0,2,5,4,5,1,6,3,1,1,1,1,1,0,0,0,0,1,0,0,1,1,1,1,3,3,2,1,44,1,12,1,70,0,1,3
13991,5.0,5.0,2.0,5.0,5.0,2.0,1.0,5.0,4.0,2.0,1.0,5.0,5.0,1.0,5.0,1.0,5.0,5.0,1.0,5.0,6,3,7,5,6,7,6,1,7,1,1,1,0,1,1,0,0,0,0,1,0,0,1,1,1,1,3,3,2,2,30,2,10,1,10,2,1,4
13992,1.0,4.0,4.0,1.0,4.0,1.0,1.0,1.0,4.0,4.0,1.0,1.0,1.0,1.0,5.0,1.0,1.0,4.0,5.0,1.0,2,5,5,3,3,5,6,3,6,2,1,1,0,1,1,0,1,1,0,1,0,1,1,1,1,1,3,1,1,2,24,1,1,1,60,1,1,1
13993,3.0,4.0,2.0,2.0,4.0,1.0,1.0,2.0,1.0,2.0,1.0,4.0,2.0,1.0,4.0,1.0,4.0,4.0,2.0,1.0,7,6,5,7,7,3,5,6,1,1,1,1,0,1,1,0,0,1,0,1,0,0,1,1,1,1,3,2,2,1,26,1,6,1,10,2,3,2
13994,3.0,2.0,2.0,4.0,4.0,1.0,1.0,5.0,4.0,2.0,1.0,5.0,1.0,1.0,5.0,2.0,1.0,1.0,5.0,1.0,3,2,7,1,7,5,6,1,7,3,1,1,1,1,1,0,1,1,0,1,1,0,1,1,1,1,4,3,2,2,54,1,4,1,10,1,2,2
13995,4.0,2.0,1.0,3.0,5.0,1.0,1.0,1.0,3.0,1.0,1.0,5.0,3.0,3.0,5.0,5.0,5.0,5.0,4.0,3.0,4,4,6,1,7,6,6,2,7,1,1,1,0,1,1,0,0,0,0,1,1,0,1,1,1,1,4,2,1,2,51,1,2,1,60,2,2,2
13996,5.0,5.0,2.0,2.0,4.0,1.0,1.0,2.0,3.0,2.0,1.0,5.0,4.0,1.0,5.0,1.0,2.0,5.0,5.0,4.0,5,6,3,1,7,7,5,5,7,1,1,1,1,1,1,0,0,1,0,1,0,1,1,1,1,1,3,3,2,2,22,2,1,2,60,2,1,2
13997,3.0,2.0,2.0,2.0,4.0,2.0,1.0,4.0,4.0,2.0,1.0,5.0,4.0,1.0,4.0,4.0,1.0,4.0,5.0,1.0,3,6,5,2,7,5,5,3,7,2,1,1,0,1,1,0,0,1,0,1,0,1,0,1,1,1,3,1,1,2,20,1,1,2,60,1,1,3
13998,4.0,2.0,2.0,1.0,4.0,2.0,1.0,5.0,5.0,2.0,1.0,5.0,4.0,2.0,1.0,1.0,1.0,4.0,4.0,1.0,2,3,7,6,6,7,7,1,5,2,1,1,1,1,1,1,0,1,0,1,0,0,1,1,1,1,2,3,2,1,48,1,7,1,60,1,2,2
13999,5.0,5.0,1.0,2.0,5.0,1.0,1.0,3.0,2.0,1.0,1.0,5.0,2.0,1.0,4.0,5.0,1.0,5.0,5.0,2.0,6,2,4,1,7,5,5,6,7,1,1,1,1,1,1,0,0,0,0,1,0,0,1,1,1,1,2,3,1,2,21,1,1,1,70,2,1,0
14000,1.0,4.0,3.0,2.0,1.0,5.0,2.0,2.0,5.0,5.0,4.0,1.0,1.0,5.0,1.0,5.0,3.0,4.0,5.0,2.0,3,6,4,1,6,4,3,3,7,3,1,1,0,1,1,0,0,1,0,1,0,0,1,1,1,1,3,3,1,2,23,1,2,1,60,2,1,1
14001,1.0,1.0,5.0,1.0,1.0,5.0,5.0,5.0,5.0,5.0,3.0,5.0,1.0,1.0,5.0,1.0,1.0,5.0,5.0,1.0,1,1,7,1,5,7,7,5,7,1,1,1,1,1,1,0,0,1,0,1,0,0,1,1,1,1,3,3,1,2,23,1,2,1,60,0,1,2
14002,4.0,4.0,4.0,2.0,5.0,4.0,1.0,2.0,5.0,3.0,2.0,4.0,2.0,1.0,4.0,1.0,1.0,4.0,5.0,1.0,2,4,6,5,6,7,5,1,4,2,0,1,1,1,1,0,0,1,0,0,0,0,0,1,1,1,4,3,2,2,24,1,1,1,60,2,1,3
14003,4.0,5.0,4.0,1.0,2.0,3.0,2.0,2.0,3.0,3.0,2.0,5.0,1.0,1.0,1.0,2.0,2.0,4.0,5.0,1.0,5,3,5,4,3,7,6,6,6,1,1,0,0,1,1,0,0,0,0,1,0,0,0,1,1,1,3,3,1,2,22,1,1,1,20,2,1,3
14004,5.0,5.0,2.0,5.0,5.0,5.0,5.0,4.0,5.0,1.0,2.0,1.0,2.0,5.0,5.0,4.0,5.0,5.0,5.0,3.0,1,5,5,6,7,5,7,4,3,1,1,1,1,1,1,0,0,1,0,1,0,0,0,1,1,1,4,3,2,2,38,1,7,1,60,1,2,1
14005,5.0,5.0,2.0,3.0,4.0,5.0,2.0,5.0,3.0,3.0,2.0,4.0,4.0,1.0,5.0,2.0,5.0,1.0,5.0,4.0,6,7,7,1,5,1,4,5,6,2,1,1,0,1,1,1,0,0,0,1,0,1,1,1,1,1,3,1,1,1,18,1,4,1,60,2,1,2
14006,4.0,4.0,1.0,4.0,5.0,1.0,1.0,4.0,1.0,2.0,1.0,5.0,5.0,4.0,5.0,4.0,1.0,5.0,5.0,1.0,3,6,6,1,5,6,1,2,7,2,1,1,1,1,1,1,1,1,0,1,0,1,0,1,1,1,4,2,1,1,15,1,2,1,60,2,1,1
14007,2.0,1.0,5.0,5.0,4.0,2.0,2.0,2.0,5.0,5.0,4.0,5.0,1.0,2.0,1.0,2.0,4.0,4.0,4.0,3.0,6,5,7,5,4,5,7,1,6,1,1,1,1,1,1,0,1,0,0,1,0,0,1,1,1,1,3,1,2,1,84,2,12,1,60,1,2,4
14008,5.0,4.0,1.0,2.0,5.0,1.0,1.0,5.0,1.0,2.0,1.0,5.0,5.0,1.0,4.0,1.0,1.0,5.0,5.0,5.0,4,6,5,1,5,6,4,1,6,1,1,1,1,1,1,1,1,1,1,1,1,1,1,1,1,1,3,3,2,2,22,3,1,4,60,2,1,1
14009,5.0,2.0,3.0,3.0,5.0,3.0,4.0,5.0,4.0,4.0,1.0,5.0,5.0,1.0,1.0,4.0,2.0,5.0,4.0,4.0,5,5,5,6,5,7,7,4,4,3,0,1,0,1,1,0,0,0,0,1,0,0,0,1,1,1,2,3,2,2,18,1,10,1,60,2,1,2
14010,2.0,5.0,2.0,2.0,4.0,2.0,2.0,3.0,4.0,4.0,1.0,4.0,2.0,4.0,4.0,5.0,2.0,5.0,5.0,1.0,7,5,3,7,5,1,5,3,3,2,1,0,0,1,1,0,0,1,0,1,0,0,0,1,1,1,2,1,2,2,20,1,2,2,60,1,1,3
14011,5.0,5.0,1.0,1.0,4.0,1.0,1.0,1.0,2.0,1.0,1.0,5.0,5.0,1.0,5.0,1.0,1.0,5.0,4.0,3.0,2,4,6,5,7,7,5,4,3,3,1,1,0,1,1,0,0,1,0,1,0,0,1,1,1,1,3,1,1,1,29,1,1,1,60,1,2,1
14012,1.0,1.0,1.0,3.0,5.0,1.0,2.0,5.0,5.0,4.0,1.0,4.0,1.0,1.0,2.0,1.0,1.0,4.0,2.0,5.0,2,7,6,1,2,3,2,1,6,1,0,0,0,0,0,0,0,1,0,0,1,0,0,0,0,0,3,2,2,1,21,1,4,1,60,1,1,2
14013,4.0,3.0,4.0,4.0,4.0,5.0,5.0,3.0,5.0,5.0,3.0,5.0,3.0,4.0,3.0,2.0,4.0,2.0,4.0,1.0,5,5,3,4,6,5,7,1,6,3,1,1,0,1,1,1,0,1,0,1,0,0,1,1,1,1,3,2,2,1,43,1,7,1,60,1,2,9
14014,2.0,2.0,3.0,4.0,3.0,4.0,2.0,4.0,3.0,4.0,4.0,5.0,3.0,1.0,3.0,4.0,1.0,5.0,5.0,1.0,4,6,7,1,6,4,2,1,7,1,1,1,0,1,1,1,0,0,0,1,0,0,1,1,1,1,4,1,1,1,25,1,7,1,60,1,1,3
14015,5.0,5.0,1.0,1.0,5.0,1.0,1.0,5.0,1.0,1.0,1.0,5.0,1.0,1.0,5.0,1.0,1.0,5.0,5.0,5.0,7,7,7,1,7,7,1,1,7,1,1,1,1,1,1,0,0,1,0,1,0,1,1,1,1,1,4,2,1,1,34,1,8,1,60,1,2,4
14016,1.0,1.0,4.0,3.0,4.0,5.0,3.0,1.0,3.0,5.0,1.0,1.0,4.0,4.0,1.0,5.0,1.0,2.0,5.0,2.0,6,3,7,3,7,2,6,1,4,3,1,1,0,1,1,0,0,0,0,1,0,0,1,1,1,1,2,1,1,1,23,2,6,2,60,1,1,3
14017,1.0,1.0,5.0,2.0,4.0,5.0,4.0,4.0,5.0,4.0,4.0,4.0,4.0,1.0,1.0,5.0,1.0,1.0,5.0,1.0,6,3,7,7,6,1,7,3,3,2,1,1,0,0,1,0,0,1,0,1,0,0,0,1,1,1,3,1,2,1,23,1,7,1,60,2,3,2
14018,1.0,1.0,4.0,4.0,4.0,4.0,2.0,2.0,5.0,5.0,3.0,1.0,1.0,5.0,1.0,5.0,4.0,1.0,5.0,1.0,6,2,7,3,7,1,7,3,6,2,1,1,0,1,1,0,0,0,0,1,0,0,1,0,1,1,3,1,2,1,23,1,7,1,60,1,1,3
14019,1.0,4.0,2.0,4.0,1.0,3.0,2.0,1.0,3.0,3.0,3.0,1.0,1.0,3.0,5.0,3.0,1.0,1.0,4.0,1.0,7,2,6,6,7,1,6,4,2,1,1,1,1,1,1,0,0,0,0,1,0,0,1,1,1,1,3,1,2,1,22,1,12,2,60,2,1,3
14020,5.0,4.0,2.0,1.0,4.0,2.0,1.0,5.0,4.0,4.0,1.0,4.0,3.0,1.0,5.0,2.0,1.0,4.0,5.0,2.0,6,7,5,6,6,3,3,6,3,3,1,1,0,1,1,0,0,1,0,1,1,0,1,1,1,1,3,3,1,2,23,1,0,1,60,1,1,4
14021,1.0,1.0,4.0,2.0,4.0,4.0,2.0,1.0,5.0,2.0,1.0,5.0,1.0,4.0,1.0,1.0,1.0,4.0,2.0,1.0,5,6,6,7,6,1,5,2,1,4,1,1,1,1,1,0,0,1,0,1,1,0,1,1,1,1,3,2,2,1,62,1,6,1,60,1,1,1
14022,1.0,2.0,4.0,4.0,4.0,4.0,4.0,1.0,5.0,2.0,1.0,4.0,1.0,1.0,3.0,5.0,3.0,1.0,5.0,1.0,2,3,2,6,7,6,7,2,2,1,1,1,0,1,1,1,0,0,0,1,0,0,1,1,1,1,4,2,2,1,33,1,6,1,60,1,3,2
14023,4.0,4.0,3.0,2.0,4.0,1.0,1.0,4.0,3.0,2.0,1.0,5.0,5.0,2.0,4.0,4.0,1.0,5.0,5.0,2.0,3,5,6,1,5,7,3,3,0,4,0,0,1,0,0,1,1,1,0,0,1,1,0,0,0,0,3,1,1,1,24,1,1,1,60,2,1,4
14024,5.0,4.0,3.0,3.0,4.0,3.0,2.0,2.0,3.0,4.0,1.0,5.0,3.0,2.0,3.0,5.0,4.0,3.0,2.0,3.0,6,6,4,3,5,3,4,4,4,4,1,1,1,1,1,0,0,0,0,1,0,1,1,1,1,1,2,2,3,1,18,1,5,4,60,2,1,6
14025,2.0,3.0,3.0,4.0,4.0,5.0,2.0,4.0,4.0,4.0,2.0,4.0,1.0,2.0,4.0,1.0,3.0,4.0,5.0,1.0,7,5,4,3,6,2,5,5,4,1,1,1,1,1,1,0,0,1,0,1,0,0,1,1,1,1,4,3,1,2,28,1,1,1,60,2,1,2
14026,1.0,4.0,4.0,5.0,1.0,5.0,4.0,1.0,4.0,5.0,1.0,4.0,1.0,2.0,1.0,5.0,1.0,1.0,4.0,1.0,5,1,7,3,7,5,6,1,6,1,1,1,0,1,1,0,1,0,0,1,0,0,1,0,1,1,4,3,2,2,47,1,10,1,10,1,2,3
14027,5.0,5.0,2.0,4.0,5.0,1.0,1.0,4.0,1.0,1.0,1.0,5.0,5.0,1.0,5.0,1.0,1.0,5.0,5.0,1.0,4,6,6,3,7,1,4,3,2,1,1,1,0,1,1,0,1,1,1,1,1,0,1,1,1,1,4,3,1,1,70,1,12,1,60,1,3,2
14028,1.0,5.0,1.0,5.0,1.0,5.0,5.0,1.0,5.0,5.0,5.0,2.0,5.0,4.0,5.0,4.0,1.0,4.0,5.0,1.0,3,6,1,6,7,7,6,7,4,1,1,0,0,1,1,0,0,0,0,0,0,0,0,0,1,1,1,0,2,2,17,1,1,1,10,2,1,2
14029,1.0,3.0,3.0,4.0,4.0,3.0,1.0,1.0,5.0,3.0,2.0,2.0,1.0,4.0,5.0,3.0,1.0,4.0,3.0,1.0,4,5,4,1,6,4,5,5,6,3,1,1,0,1,1,0,0,0,0,1,0,0,1,1,1,1,3,3,1,1,23,1,1,1,60,1,1,2
14030,5.0,4.0,4.0,3.0,4.0,3.0,4.0,4.0,5.0,3.0,1.0,3.0,5.0,2.0,2.0,1.0,3.0,4.0,5.0,1.0,3,7,5,1,6,7,6,5,5,2,1,1,0,1,1,1,0,0,0,1,0,0,1,1,1,1,4,3,1,2,23,1,4,1,10,1,1,3
14031,4.0,1.0,5.0,4.0,2.0,5.0,5.0,4.0,5.0,4.0,2.0,4.0,1.0,1.0,1.0,2.0,4.0,1.0,1.0,4.0,2,2,2,2,4,3,3,6,3,3,1,0,0,1,1,0,0,0,0,1,0,0,0,1,1,1,2,3,1,2,18,1,10,1,10,2,1,5
14032,1.0,2.0,4.0,5.0,2.0,1.0,1.0,1.0,5.0,5.0,1.0,2.0,1.0,4.0,1.0,5.0,3.0,1.0,5.0,1.0,6,1,6,2,6,1,6,1,3,1,1,1,0,1,1,0,0,0,0,1,0,0,1,1,1,1,4,3,2,2,24,1,8,1,10,2,1,2
14033,5.0,5.0,4.0,5.0,4.0,2.0,1.0,5.0,5.0,3.0,2.0,4.0,5.0,4.0,2.0,4.0,2.0,4.0,1.0,5.0,6,5,6,5,7,4,5,5,5,2,1,0,0,1,1,0,0,1,0,1,0,0,0,0,1,1,4,3,1,2,22,1,4,0,10,1,1,5
14034,2.0,2.0,3.0,4.0,2.0,3.0,2.0,4.0,5.0,5.0,2.0,3.0,3.0,2.0,1.0,4.0,1.0,2.0,5.0,2.0,3,6,4,5,5,6,5,5,5,2,1,1,1,1,1,0,0,0,0,1,1,0,1,1,1,1,4,3,2,1,30,1,1,2,10,2,1,3
14035,5.0,5.0,5.0,5.0,4.0,5.0,5.0,5.0,1.0,5.0,2.0,4.0,5.0,5.0,4.0,5.0,2.0,2.0,1.0,5.0,6,5,7,5,6,3,7,1,6,2,1,0,0,1,1,0,0,1,0,1,1,0,0,1,1,1,4,2,1,2,30,1,8,5,10,1,2,3
14036,2.0,4.0,4.0,4.0,1.0,1.0,4.0,2.0,5.0,5.0,2.0,4.0,1.0,3.0,4.0,1.0,3.0,2.0,5.0,1.0,6,5,6,1,6,2,7,5,6,2,1,0,0,1,0,0,0,0,0,1,0,0,0,0,1,1,4,2,1,2,30,1,10,1,60,1,1,2
14037,4.0,5.0,1.0,2.0,5.0,3.0,1.0,5.0,2.0,3.0,1.0,5.0,5.0,1.0,4.0,1.0,1.0,4.0,5.0,5.0,5,1,2,4,7,3,7,7,2,1,1,1,0,1,1,0,0,1,0,1,0,0,1,1,1,1,3,2,1,1,30,1,1,1,60,1,1,3
14038,5.0,4.0,5.0,4.0,1.0,5.0,2.0,1.0,5.0,5.0,1.0,4.0,1.0,2.0,1.0,5.0,1.0,4.0,1.0,4.0,3,5,5,6,5,6,5,5,5,6,1,1,0,1,1,0,0,0,0,1,0,0,0,1,1,1,3,3,2,2,32,1,4,1,10,1,1,3
14039,3.0,5.0,1.0,2.0,4.0,1.0,2.0,2.0,2.0,1.0,2.0,4.0,3.0,2.0,4.0,4.0,1.0,4.0,5.0,2.0,5,7,3,1,6,3,3,5,6,1,1,1,1,1,1,0,0,1,0,1,1,0,1,1,1,1,4,2,1,2,29,1,2,1,60,2,1,3
14040,5.0,5.0,2.0,3.0,5.0,1.0,2.0,5.0,2.0,1.0,1.0,5.0,5.0,1.0,4.0,1.0,5.0,1.0,5.0,3.0,5,7,7,1,5,2,4,1,7,2,1,1,1,1,1,1,1,1,1,1,0,0,1,1,1,1,3,1,1,1,29,1,1,1,60,1,1,2
14041,4.0,2.0,4.0,4.0,2.0,5.0,2.0,2.0,5.0,5.0,2.0,2.0,2.0,4.0,1.0,4.0,3.0,3.0,5.0,1.0,3,2,2,3,5,6,6,5,5,5,1,1,0,1,0,0,0,0,0,1,0,0,0,1,1,1,3,2,2,2,50,1,6,1,60,1,2,3
14042,1.0,2.0,5.0,4.0,2.0,4.0,3.0,1.0,5.0,4.0,3.0,2.0,1.0,3.0,4.0,4.0,1.0,2.0,5.0,1.0,5,1,5,2,7,2,7,2,6,1,1,1,0,1,1,0,0,0,0,1,0,0,0,1,1,1,2,2,1,1,19,2,2,1,60,1,1,1
14043,1.0,3.0,4.0,3.0,3.0,5.0,4.0,3.0,5.0,4.0,2.0,2.0,3.0,2.0,1.0,4.0,4.0,2.0,5.0,1.0,2,3,6,7,5,7,7,1,2,2,1,0,0,1,1,0,0,0,0,1,0,0,0,0,1,1,4,3,2,2,23,1,8,1,10,1,1,3
14044,4.0,4.0,4.0,2.0,5.0,2.0,1.0,4.0,2.0,5.0,1.0,4.0,5.0,2.0,4.0,4.0,3.0,2.0,5.0,1.0,7,6,4,5,3,1,4,1,1,6,1,1,0,1,0,0,0,0,0,1,0,0,0,1,1,1,3,3,2,2,24,1,2,1,60,1,1,1
14045,5.0,1.0,1.0,2.0,5.0,4.0,2.0,5.0,2.0,5.0,1.0,5.0,5.0,1.0,1.0,1.0,5.0,4.0,5.0,1.0,5,2,7,1,6,5,7,2,7,1,1,1,0,1,1,0,0,0,0,1,0,0,1,1,1,1,3,3,2,1,23,1,6,1,30,1,1,2
14046,5.0,4.0,1.0,2.0,1.0,1.0,1.0,4.0,3.0,4.0,1.0,5.0,4.0,1.0,1.0,1.0,1.0,5.0,5.0,4.0,1,1,7,1,7,7,3,4,7,7,1,1,0,1,1,0,0,1,0,1,0,0,1,1,1,1,2,2,1,2,20,1,1,1,10,2,1,2
14047,5.0,4.0,2.0,2.0,5.0,2.0,1.0,5.0,3.0,1.0,1.0,5.0,4.0,1.0,4.0,1.0,1.0,4.0,4.0,5.0,5,6,5,5,6,6,6,6,5,3,1,1,0,1,1,0,0,0,0,1,0,1,1,1,1,1,4,2,2,2,32,3,12,1,60,1,2,3
14048,5.0,4.0,2.0,3.0,5.0,2.0,3.0,4.0,2.0,2.0,3.0,4.0,5.0,3.0,4.0,1.0,3.0,4.0,5.0,4.0,4,5,6,6,6,6,2,1,4,6,1,1,1,1,1,0,0,0,0,1,0,0,1,1,1,1,4,2,2,1,43,2,7,1,60,1,3,2
14049,5.0,4.0,2.0,2.0,5.0,2.0,1.0,5.0,4.0,2.0,3.0,5.0,5.0,1.0,5.0,1.0,1.0,5.0,5.0,1.0,6,7,6,4,4,5,5,5,3,1,1,1,0,1,1,0,1,0,0,1,0,0,0,1,1,1,3,2,1,1,32,1,4,1,70,0,1,3
14050,3.0,4.0,1.0,1.0,3.0,1.0,1.0,4.0,5.0,2.0,1.0,2.0,4.0,1.0,5.0,1.0,1.0,1.0,4.0,5.0,3,1,5,7,7,7,7,5,4,2,1,1,0,1,1,0,0,0,0,1,0,0,1,0,1,1,4,3,1,1,34,1,4,1,60,2,1,2
14051,2.0,3.0,2.0,3.0,4.0,2.0,4.0,1.0,3.0,3.0,2.0,4.0,3.0,3.0,3.0,2.0,4.0,4.0,5.0,1.0,2,6,6,6,5,6,4,2,1,3,1,1,1,1,1,0,0,1,0,1,0,0,1,1,1,1,2,1,1,1,22,1,2,2,60,1,1,1
14052,3.0,3.0,1.0,3.0,4.0,2.0,1.0,2.0,5.0,3.0,1.0,4.0,4.0,2.0,2.0,1.0,3.0,3.0,5.0,1.0,7,1,5,1,6,1,2,2,6,3,1,1,1,1,1,0,0,1,0,1,0,0,1,1,1,1,4,3,1,1,41,2,7,1,60,1,1,1
14053,1.0,2.0,4.0,3.0,1.0,4.0,1.0,2.0,4.0,1.0,1.0,1.0,1.0,1.0,4.0,1.0,1.0,2.0,5.0,1.0,2,3,7,1,7,6,6,2,7,2,1,1,0,1,1,0,0,1,0,1,0,0,1,1,1,1,4,3,1,2,56,1,3,1,60,2,2,3
14054,5.0,4.0,2.0,1.0,5.0,1.0,1.0,4.0,4.0,2.0,1.0,5.0,4.0,4.0,4.0,5.0,5.0,5.0,1.0,2.0,5,6,7,5,7,6,7,5,7,2,1,1,1,1,1,0,0,1,0,1,0,0,1,1,1,1,3,3,1,1,50,1,4,1,60,2,2,2
14055,4.0,5.0,5.0,3.0,5.0,1.0,1.0,5.0,1.0,1.0,1.0,2.0,4.0,1.0,5.0,1.0,1.0,5.0,5.0,3.0,1,7,7,6,7,7,7,3,7,1,1,1,0,1,1,0,0,0,0,1,0,0,1,1,1,1,3,1,1,1,23,2,2,1,60,2,1,3
14056,5.0,5.0,1.0,2.0,4.0,1.0,3.0,4.0,1.0,1.0,1.0,5.0,5.0,1.0,5.0,1.0,1.0,5.0,3.0,5.0,5,7,2,1,7,5,1,6,7,1,1,1,0,1,1,0,0,1,0,1,0,0,1,1,1,1,3,3,1,2,22,1,2,2,60,2,1,1
14057,5.0,1.0,1.0,1.0,5.0,1.0,2.0,5.0,1.0,1.0,1.0,5.0,5.0,1.0,4.0,1.0,1.0,5.0,5.0,5.0,2,4,6,2,6,5,5,5,6,1,1,1,0,1,1,0,0,0,0,1,1,0,1,1,1,1,3,2,1,2,54,1,1,1,60,2,2,4
14058,5.0,4.0,2.0,1.0,5.0,1.0,1.0,4.0,4.0,2.0,1.0,5.0,4.0,1.0,5.0,1.0,1.0,5.0,5.0,5.0,2,2,7,5,3,5,3,1,6,2,1,1,0,1,1,0,1,1,0,1,1,0,1,1,1,1,4,3,1,2,49,2,2,1,60,2,2,3
14059,1.0,1.0,5.0,5.0,1.0,5.0,2.0,1.0,5.0,5.0,2.0,1.0,3.0,4.0,1.0,5.0,4.0,3.0,5.0,1.0,7,1,6,4,7,2,7,3,7,1,1,1,1,1,1,1,1,1,0,1,1,1,1,1,1,1,4,3,2,1,63,1,12,1,60,1,3,2
14060,1.0,3.0,2.0,5.0,3.0,3.0,2.0,4.0,5.0,5.0,1.0,3.0,1.0,2.0,3.0,2.0,2.0,3.0,4.0,2.0,3,4,4,5,7,6,7,4,5,1,1,1,0,1,1,0,1,1,0,1,0,0,1,1,1,1,4,3,2,2,46,1,1,1,60,1,2,2
14061,4.0,3.0,1.0,2.0,3.0,1.0,3.0,4.0,3.0,2.0,1.0,5.0,5.0,1.0,1.0,5.0,1.0,4.0,5.0,3.0,2,7,2,5,6,4,7,5,4,5,0,0,0,0,0,0,0,0,0,0,0,0,0,0,0,0,4,3,1,2,26,1,4,2,70,2,1,1
14062,5.0,1.0,4.0,1.0,5.0,2.0,1.0,5.0,2.0,1.0,1.0,5.0,5.0,1.0,2.0,1.0,1.0,5.0,1.0,5.0,6,1,6,1,6,6,3,1,6,1,1,1,0,1,0,0,0,1,0,1,1,0,1,1,1,1,4,3,1,2,34,1,2,3,70,1,1,1
14063,4.0,4.0,3.0,1.0,4.0,3.0,1.0,1.0,3.0,4.0,1.0,4.0,2.0,2.0,5.0,1.0,1.0,5.0,1.0,2.0,4,3,6,7,7,5,6,4,2,1,1,1,1,1,1,0,0,0,0,1,0,0,0,1,1,1,4,2,1,2,25,1,2,1,60,1,1,2
14064,5.0,4.0,4.0,3.0,3.0,4.0,1.0,4.0,5.0,5.0,1.0,2.0,1.0,3.0,5.0,3.0,5.0,5.0,2.0,2.0,7,3,5,5,7,2,3,2,5,1,1,1,1,1,1,1,0,1,0,1,1,0,1,1,1,1,3,2,2,2,56,1,6,1,60,1,2,3
14065,2.0,3.0,3.0,3.0,3.0,4.0,2.0,4.0,4.0,3.0,2.0,4.0,2.0,2.0,4.0,3.0,2.0,4.0,5.0,1.0,6,7,5,3,6,4,4,3,5,6,1,1,1,1,1,0,0,1,0,1,0,0,1,1,1,1,3,2,1,1,24,1,2,3,60,2,1,5
14066,4.0,5.0,1.0,3.0,5.0,1.0,1.0,2.0,1.0,1.0,2.0,5.0,4.0,1.0,4.0,1.0,1.0,5.0,5.0,3.0,6,7,7,5,7,3,5,2,6,3,0,0,0,0,1,0,0,0,0,0,0,0,0,1,0,0,2,2,1,1,18,2,2,1,60,2,1,2
14067,4.0,2.0,4.0,3.0,4.0,2.0,3.0,3.0,5.0,4.0,2.0,4.0,2.0,1.0,2.0,2.0,4.0,4.0,4.0,4.0,6,6,5,4,7,1,6,6,4,2,1,1,1,1,1,0,1,1,1,1,1,0,1,1,1,1,3,2,1,1,54,1,6,1,60,1,2,3
14068,5.0,1.0,2.0,4.0,1.0,4.0,1.0,1.0,5.0,1.0,1.0,5.0,1.0,4.0,1.0,5.0,1.0,2.0,5.0,1.0,7,6,7,5,7,2,7,1,6,1,1,1,0,1,1,0,0,1,0,1,1,0,0,1,1,1,3,1,2,2,50,1,2,2,60,2,2,2
14069,4.0,4.0,4.0,2.0,4.0,1.0,2.0,4.0,5.0,2.0,1.0,4.0,4.0,2.0,2.0,2.0,2.0,4.0,5.0,2.0,2,2,6,5,3,3,5,3,3,3,1,1,1,1,1,0,0,1,1,1,0,0,1,1,1,1,3,1,2,1,21,2,4,1,60,2,1,1
14070,4.0,5.0,2.0,4.0,4.0,1.0,2.0,5.0,5.0,1.0,1.0,3.0,5.0,1.0,5.0,1.0,1.0,5.0,5.0,1.0,1,4,7,3,7,7,3,3,1,1,1,1,0,1,1,0,0,1,0,1,0,1,1,1,1,1,3,1,2,1,28,2,1,5,70,2,1,0
14071,4.0,4.0,1.0,2.0,5.0,1.0,1.0,1.0,3.0,1.0,1.0,4.0,1.0,3.0,2.0,1.0,1.0,5.0,5.0,3.0,2,2,3,4,6,3,7,7,4,1,1,1,0,1,1,0,0,0,0,1,1,0,1,1,1,1,4,2,2,1,39,2,1,1,60,1,3,2
14072,1.0,2.0,3.0,1.0,5.0,2.0,1.0,2.0,5.0,5.0,2.0,1.0,1.0,1.0,1.0,1.0,1.0,4.0,1.0,3.0,5,5,5,5,2,2,6,5,3,2,1,1,1,1,1,0,1,1,0,1,1,1,1,1,1,1,4,3,2,1,33,1,7,1,30,1,1,2
14073,5.0,5.0,2.0,1.0,5.0,4.0,1.0,5.0,5.0,1.0,5.0,5.0,5.0,1.0,5.0,1.0,1.0,5.0,5.0,5.0,1,6,6,6,6,4,6,4,6,2,0,1,0,0,0,0,0,0,0,1,0,0,0,1,1,1,3,2,1,2,23,1,4,1,60,1,1,2
14074,1.0,1.0,5.0,3.0,3.0,5.0,5.0,5.0,5.0,1.0,1.0,5.0,2.0,2.0,5.0,1.0,1.0,5.0,5.0,5.0,1,7,6,5,5,1,1,5,4,1,1,1,0,1,1,0,0,0,0,1,0,0,1,1,1,1,2,2,1,1,46,1,7,1,60,1,2,1
14075,5.0,1.0,4.0,3.0,5.0,4.0,1.0,1.0,5.0,3.0,2.0,3.0,5.0,1.0,4.0,1.0,3.0,3.0,3.0,1.0,6,4,6,6,7,4,7,2,2,1,1,1,0,1,1,1,0,1,0,1,0,0,0,1,1,1,3,2,2,1,22,1,10,1,70,1,1,2
14076,5.0,4.0,3.0,2.0,5.0,2.0,2.0,1.0,3.0,3.0,2.0,4.0,4.0,2.0,4.0,5.0,4.0,5.0,2.0,3.0,3,6,7,5,6,6,6,7,7,1,1,1,1,1,1,0,1,1,0,1,1,0,0,0,1,1,2,3,2,2,18,1,7,1,60,2,1,2
14077,4.0,4.0,3.0,1.0,1.0,1.0,3.0,5.0,1.0,3.0,1.0,3.0,5.0,3.0,4.0,1.0,1.0,5.0,5.0,3.0,4,6,6,4,6,4,7,4,4,1,1,0,0,1,1,0,0,1,0,1,0,0,1,1,1,1,4,3,1,1,24,1,4,1,60,1,1,3
14078,5.0,4.0,1.0,2.0,5.0,1.0,2.0,5.0,2.0,2.0,1.0,4.0,1.0,1.0,4.0,1.0,1.0,5.0,5.0,5.0,3,6,1,5,6,5,5,6,4,1,1,1,1,1,1,0,0,0,0,1,0,0,1,1,1,1,4,2,1,1,39,1,1,1,60,1,1,3
14079,3.0,4.0,4.0,4.0,2.0,4.0,3.0,3.0,5.0,4.0,4.0,2.0,1.0,4.0,4.0,4.0,3.0,4.0,5.0,1.0,4,4,5,6,5,4,6,3,5,5,1,1,1,1,1,1,0,1,1,1,0,0,1,1,1,1,3,3,2,1,23,1,4,4,60,1,1,3
14080,1.0,2.0,4.0,5.0,1.0,3.0,2.0,1.0,5.0,4.0,4.0,4.0,2.0,2.0,4.0,2.0,2.0,2.0,5.0,1.0,6,1,3,4,5,2,7,3,5,3,1,1,0,1,1,0,0,0,0,1,0,0,1,1,1,1,2,2,2,1,20,1,6,1,60,1,1,2
14081,1.0,1.0,4.0,4.0,1.0,1.0,1.0,1.0,5.0,5.0,1.0,1.0,1.0,3.0,1.0,4.0,4.0,1.0,5.0,1.0,1,4,3,7,5,7,5,3,1,2,1,1,1,1,1,0,0,1,1,1,0,1,1,1,1,1,3,2,2,1,22,1,2,2,60,1,1,2
14082,3.0,5.0,3.0,5.0,3.0,2.0,1.0,3.0,4.0,3.0,3.0,5.0,5.0,3.0,5.0,5.0,1.0,4.0,5.0,5.0,7,5,6,1,7,5,6,3,7,1,1,1,1,1,1,1,0,1,0,1,0,1,1,1,1,1,3,2,1,2,55,1,12,1,60,1,3,2
14083,1.0,1.0,1.0,1.0,4.0,1.0,4.0,1.0,5.0,5.0,1.0,4.0,3.0,4.0,1.0,5.0,1.0,5.0,5.0,5.0,7,7,6,4,7,1,6,1,5,2,1,1,0,1,1,1,0,0,0,1,0,0,0,1,1,1,2,3,1,1,33,2,1,1,60,1,3,3
14084,5.0,4.0,2.0,2.0,4.0,2.0,2.0,2.0,3.0,2.0,1.0,4.0,2.0,2.0,2.0,2.0,1.0,4.0,5.0,2.0,2,5,6,4,7,3,3,2,5,1,1,1,1,1,1,0,0,0,0,1,0,0,1,1,1,1,4,3,2,2,46,1,1,1,10,1,1,1
14085,5.0,5.0,5.0,1.0,4.0,1.0,1.0,5.0,1.0,1.0,1.0,2.0,3.0,1.0,1.0,1.0,5.0,5.0,5.0,5.0,4,7,7,1,7,6,7,5,1,1,1,1,0,1,1,0,0,0,0,1,1,0,1,1,1,1,0,3,2,2,37,1,12,1,60,1,1,1
14086,4.0,1.0,1.0,2.0,5.0,2.0,1.0,5.0,3.0,2.0,1.0,5.0,5.0,2.0,4.0,1.0,1.0,5.0,5.0,2.0,5,6,5,7,7,3,6,5,2,2,1,1,1,1,1,0,1,0,1,1,0,0,1,1,1,1,3,2,2,1,19,1,1,2,30,1,1,1
14087,5.0,5.0,3.0,3.0,5.0,4.0,2.0,2.0,5.0,1.0,1.0,5.0,1.0,1.0,5.0,3.0,5.0,5.0,5.0,1.0,7,4,6,7,7,7,7,7,7,1,1,1,1,1,1,1,1,1,0,1,1,1,1,1,1,0,4,3,1,1,24,1,4,1,60,1,3,2
14088,3.0,4.0,3.0,4.0,2.0,4.0,2.0,2.0,5.0,5.0,3.0,1.0,1.0,4.0,1.0,3.0,3.0,2.0,3.0,3.0,6,1,3,2,6,5,6,2,6,1,1,1,1,1,1,0,0,1,0,1,1,0,1,1,1,1,3,2,2,2,32,2,1,1,60,2,1,2
14089,5.0,5.0,5.0,4.0,5.0,4.0,1.0,5.0,4.0,1.0,1.0,5.0,2.0,3.0,5.0,4.0,1.0,5.0,5.0,1.0,5,3,6,6,7,6,7,5,6,1,1,1,0,1,1,0,0,0,0,1,0,0,0,1,1,1,2,3,2,1,19,1,1,1,0,2,1,10
14090,4.0,4.0,4.0,3.0,4.0,3.0,2.0,5.0,2.0,2.0,3.0,5.0,2.0,2.0,4.0,2.0,3.0,3.0,5.0,1.0,3,3,5,5,7,5,5,6,3,7,1,1,0,1,1,0,0,0,0,1,0,0,1,1,1,1,4,2,1,2,26,1,3,3,10,1,1,0
14091,1.0,1.0,5.0,4.0,2.0,5.0,1.0,4.0,5.0,5.0,3.0,2.0,1.0,3.0,1.0,5.0,1.0,1.0,3.0,5.0,5,6,6,5,5,6,6,1,6,2,1,1,0,1,1,0,0,0,0,1,0,0,1,1,1,1,4,3,1,1,27,1,1,1,10,2,1,3
14092,2.0,5.0,4.0,2.0,4.0,3.0,1.0,3.0,4.0,4.0,1.0,5.0,5.0,1.0,5.0,5.0,2.0,4.0,5.0,5.0,1,6,6,1,5,6,2,3,7,5,1,1,1,1,1,0,0,0,0,1,0,1,1,1,1,1,3,2,1,1,26,2,1,1,10,1,2,4
14093,5.0,5.0,1.0,1.0,5.0,1.0,1.0,5.0,1.0,1.0,1.0,5.0,2.0,1.0,5.0,1.0,1.0,4.0,5.0,2.0,1,6,5,6,2,7,3,2,1,5,1,1,1,1,1,0,1,0,0,1,0,0,1,1,1,1,3,2,2,1,44,1,2,1,60,1,2,1
14094,1.0,3.0,5.0,5.0,1.0,4.0,2.0,2.0,5.0,5.0,2.0,1.0,2.0,2.0,3.0,4.0,5.0,2.0,5.0,1.0,3,5,6,5,7,6,6,5,5,2,1,1,0,1,1,1,0,0,0,1,0,0,1,1,1,1,3,1,2,1,34,1,1,1,60,1,3,5
14095,5.0,5.0,2.0,2.0,4.0,3.0,2.0,4.0,4.0,2.0,1.0,5.0,4.0,1.0,5.0,1.0,1.0,5.0,5.0,4.0,6,5,5,2,6,5,6,2,5,1,1,1,0,1,1,0,0,1,0,1,0,0,1,1,1,1,2,1,2,2,24,1,1,1,60,2,1,2
14096,5.0,5.0,5.0,3.0,5.0,1.0,1.0,5.0,3.0,1.0,1.0,3.0,5.0,1.0,5.0,1.0,5.0,5.0,5.0,3.0,4,7,1,7,7,4,7,7,1,1,1,1,0,1,1,0,0,0,0,1,0,0,1,1,1,1,3,3,1,2,19,1,1,1,10,2,1,1
14097,5.0,3.0,5.0,1.0,5.0,5.0,5.0,5.0,5.0,3.0,3.0,5.0,5.0,1.0,1.0,1.0,5.0,3.0,1.0,5.0,1,1,7,3,5,7,7,1,6,3,1,0,0,1,1,0,1,0,0,1,0,0,0,0,1,1,3,3,2,2,45,1,10,1,10,1,2,8
14098,2.0,3.0,5.0,4.0,1.0,4.0,3.0,4.0,5.0,5.0,1.0,1.0,1.0,2.0,4.0,1.0,5.0,4.0,1.0,2.0,7,6,5,2,7,1,6,2,6,1,1,1,1,1,1,0,0,1,0,1,1,0,1,1,1,1,3,3,1,1,36,1,1,1,60,2,1,1
14099,1.0,1.0,5.0,3.0,1.0,5.0,2.0,1.0,5.0,5.0,2.0,1.0,1.0,1.0,1.0,5.0,5.0,1.0,2.0,1.0,1,2,6,6,5,7,6,3,3,1,1,1,0,1,1,0,0,0,0,1,0,0,1,1,1,1,2,2,2,1,39,2,1,5,60,2,1,3
14100,1.0,3.0,4.0,4.0,3.0,4.0,2.0,2.0,5.0,5.0,4.0,4.0,1.0,4.0,3.0,2.0,5.0,3.0,4.0,1.0,1,6,5,7,3,6,4,4,2,4,1,1,0,1,1,1,0,0,0,1,0,0,1,1,1,1,3,2,1,1,20,2,3,3,10,1,1,2
14101,5.0,2.0,3.0,2.0,5.0,1.0,1.0,5.0,3.0,2.0,1.0,4.0,4.0,2.0,4.0,2.0,1.0,4.0,5.0,3.0,4,2,6,1,5,7,4,2,7,5,1,1,0,1,0,0,0,0,0,1,1,0,0,1,1,1,3,3,1,2,29,1,10,1,20,1,1,3
14102,4.0,5.0,5.0,4.0,4.0,3.0,3.0,5.0,3.0,2.0,5.0,5.0,4.0,3.0,3.0,3.0,1.0,4.0,5.0,3.0,7,4,6,1,7,1,5,5,6,5,1,1,1,1,1,0,0,0,0,1,0,0,1,1,1,1,4,1,1,2,33,1,1,1,60,2,1,0
14103,5.0,5.0,2.0,1.0,4.0,1.0,1.0,5.0,1.0,1.0,1.0,5.0,5.0,1.0,4.0,4.0,1.0,5.0,5.0,3.0,4,6,7,1,6,6,4,3,7,5,1,1,0,1,1,0,0,0,0,1,0,0,1,1,1,1,2,3,1,1,29,1,3,1,60,2,1,2
14104,1.0,1.0,2.0,2.0,1.0,1.0,3.0,1.0,5.0,5.0,1.0,5.0,4.0,1.0,1.0,1.0,4.0,1.0,5.0,1.0,6,3,6,4,7,3,6,2,4,2,1,1,1,1,1,0,0,0,0,1,1,0,1,1,1,1,3,3,1,1,55,1,1,1,60,1,3,4
14105,5.0,4.0,1.0,1.0,5.0,1.0,1.0,5.0,3.0,2.0,1.0,5.0,3.0,1.0,5.0,1.0,1.0,5.0,5.0,3.0,7,5,7,1,6,5,4,1,7,2,1,1,1,1,1,1,0,1,0,1,0,1,1,1,1,1,4,3,1,2,33,3,7,1,60,2,1,1
14106,4.0,1.0,2.0,1.0,5.0,2.0,1.0,4.0,4.0,1.0,1.0,5.0,4.0,1.0,3.0,1.0,2.0,3.0,5.0,3.0,2,5,6,3,7,6,3,5,1,7,1,1,1,1,1,1,0,1,0,1,0,0,1,1,1,1,2,3,2,2,20,1,1,1,60,1,1,0
14107,5.0,4.0,2.0,3.0,4.0,2.0,1.0,1.0,4.0,2.0,1.0,3.0,1.0,2.0,5.0,3.0,2.0,4.0,3.0,1.0,1,3,7,5,6,4,6,1,5,1,1,1,1,1,1,0,1,1,0,1,1,0,1,1,1,1,4,1,2,1,36,1,1,1,60,1,2,2
14108,5.0,5.0,1.0,1.0,5.0,1.0,1.0,5.0,1.0,1.0,1.0,5.0,5.0,1.0,5.0,1.0,1.0,5.0,5.0,5.0,1,1,7,7,4,7,1,1,7,1,1,1,1,1,1,0,0,0,1,1,0,0,1,1,1,1,3,3,1,2,48,1,1,1,60,2,2,3
14109,5.0,2.0,1.0,2.0,5.0,1.0,2.0,2.0,1.0,1.0,2.0,4.0,1.0,1.0,4.0,1.0,5.0,4.0,5.0,1.0,2,5,4,1,6,6,5,7,6,5,1,1,0,1,1,1,1,0,0,1,0,0,1,1,1,1,4,1,1,1,32,1,2,1,60,2,1,0
14110,3.0,4.0,2.0,2.0,4.0,2.0,2.0,3.0,2.0,2.0,3.0,5.0,5.0,2.0,4.0,2.0,2.0,4.0,5.0,4.0,6,2,7,2,7,3,5,3,6,3,0,0,0,0,1,0,0,0,0,0,0,0,0,1,0,1,4,2,1,1,26,1,8,1,10,2,1,2
14111,1.0,3.0,2.0,4.0,4.0,2.0,2.0,2.0,4.0,4.0,1.0,1.0,1.0,4.0,4.0,4.0,4.0,4.0,4.0,1.0,6,5,6,5,6,5,6,5,3,3,1,1,1,1,1,0,0,0,0,1,0,0,1,1,1,1,3,2,2,1,23,1,10,1,10,1,1,4
14112,5.0,5.0,1.0,2.0,5.0,1.0,1.0,5.0,2.0,1.0,1.0,5.0,5.0,1.0,5.0,1.0,1.0,5.0,5.0,5.0,5,3,6,1,7,6,5,1,7,2,1,1,1,1,1,1,1,1,1,1,1,1,1,1,1,1,3,2,1,1,23,1,2,1,10,1,1,2
14113,5.0,5.0,3.0,3.0,3.0,1.0,1.0,5.0,5.0,1.0,1.0,5.0,1.0,1.0,5.0,5.0,3.0,5.0,5.0,3.0,6,5,7,1,7,6,7,1,7,1,1,1,0,1,1,0,0,1,0,1,1,0,1,1,1,1,4,2,1,2,30,2,1,1,60,1,2,3
14114,5.0,5.0,1.0,1.0,5.0,1.0,1.0,5.0,1.0,4.0,1.0,5.0,5.0,1.0,2.0,1.0,1.0,5.0,5.0,2.0,1,7,5,3,3,6,6,2,4,1,1,1,0,1,0,0,0,0,0,1,0,0,0,1,1,1,3,3,1,2,29,1,2,1,60,1,1,2
14115,3.0,2.0,2.0,3.0,1.0,2.0,2.0,1.0,5.0,3.0,1.0,1.0,1.0,2.0,1.0,2.0,4.0,1.0,1.0,1.0,3,1,5,6,7,6,7,5,2,1,1,1,1,1,1,1,0,1,0,1,1,1,1,1,1,1,3,2,2,1,36,1,1,0,70,1,2,3
14116,2.0,4.0,5.0,4.0,2.0,4.0,2.0,1.0,5.0,5.0,2.0,4.0,4.0,2.0,4.0,2.0,2.0,4.0,5.0,1.0,1,5,7,6,6,7,5,1,6,3,1,1,0,1,1,0,0,0,0,1,0,0,1,1,1,1,3,2,1,1,38,2,1,1,60,1,2,2
14117,5.0,5.0,4.0,3.0,5.0,3.0,1.0,5.0,1.0,4.0,2.0,5.0,2.0,1.0,5.0,2.0,1.0,4.0,5.0,4.0,6,6,7,5,5,4,6,1,6,1,1,1,1,1,1,0,1,1,0,1,1,0,1,1,1,1,4,3,1,1,49,1,7,1,60,1,2,2
14118,5.0,5.0,1.0,1.0,5.0,1.0,1.0,5.0,1.0,1.0,1.0,4.0,5.0,1.0,5.0,1.0,5.0,5.0,5.0,2.0,5,3,6,2,6,1,3,1,5,1,1,1,1,1,1,0,1,0,0,1,0,0,0,1,1,1,4,3,1,1,54,1,4,1,60,1,1,3
14119,5.0,5.0,1.0,1.0,5.0,1.0,1.0,5.0,5.0,1.0,1.0,5.0,2.0,1.0,5.0,1.0,1.0,5.0,3.0,5.0,6,2,6,2,6,2,6,1,6,2,1,1,1,1,1,0,1,1,0,1,0,1,1,1,1,1,3,1,1,1,58,1,6,1,50,2,1,8
14120,2.0,3.0,4.0,4.0,2.0,3.0,1.0,4.0,5.0,4.0,1.0,1.0,1.0,1.0,4.0,5.0,2.0,4.0,4.0,4.0,7,1,7,1,7,1,7,1,7,1,1,1,0,1,1,0,0,0,0,1,0,0,1,1,1,1,3,2,1,1,31,1,3,3,70,1,1,2
14121,4.0,4.0,3.0,2.0,5.0,2.0,3.0,4.0,3.0,2.0,1.0,5.0,2.0,2.0,4.0,3.0,1.0,2.0,4.0,4.0,3,6,6,7,5,6,5,3,5,3,1,1,0,1,1,0,0,1,0,1,0,0,1,1,1,1,3,2,1,1,43,1,4,1,30,2,2,2
14122,3.0,4.0,3.0,3.0,2.0,2.0,1.0,4.0,2.0,2.0,3.0,4.0,5.0,2.0,4.0,2.0,2.0,4.0,4.0,1.0,5,4,5,5,7,2,5,7,4,3,1,1,1,1,1,0,0,0,0,0,0,0,1,1,1,1,2,2,1,1,20,3,1,2,60,1,1,0
14123,1.0,1.0,4.0,5.0,2.0,4.0,4.0,1.0,5.0,4.0,2.0,4.0,2.0,2.0,2.0,3.0,4.0,1.0,4.0,1.0,3,3,7,2,5,5,6,1,6,4,1,1,1,1,1,0,0,1,0,1,1,0,1,1,1,1,3,2,1,1,32,1,7,1,60,1,1,2
14124,5.0,4.0,2.0,2.0,5.0,1.0,2.0,4.0,3.0,5.0,1.0,5.0,5.0,1.0,3.0,1.0,1.0,4.0,4.0,3.0,2,4,6,2,6,6,2,2,6,2,1,1,0,1,1,0,0,0,0,1,0,0,1,1,1,1,2,1,1,1,48,2,4,1,60,0,2,1
14125,5.0,5.0,2.0,1.0,4.0,4.0,1.0,4.0,2.0,2.0,1.0,5.0,5.0,1.0,5.0,1.0,3.0,5.0,5.0,1.0,1,2,4,1,5,5,5,6,7,1,0,1,0,1,0,0,0,0,0,1,0,0,1,1,1,1,2,2,2,2,19,3,2,4,60,2,1,1
14126,3.0,4.0,4.0,2.0,5.0,3.0,2.0,4.0,2.0,3.0,1.0,4.0,4.0,2.0,5.0,2.0,2.0,2.0,5.0,1.0,2,5,7,2,2,6,3,2,6,5,1,1,0,1,1,1,0,0,0,1,0,1,1,1,1,1,4,2,1,1,32,2,2,1,60,1,2,2
14127,4.0,4.0,3.0,3.0,4.0,1.0,1.0,3.0,4.0,2.0,2.0,2.0,3.0,3.0,4.0,3.0,2.0,4.0,5.0,1.0,3,5,4,5,7,5,6,4,3,1,1,1,1,1,1,0,0,0,0,1,0,0,1,1,1,1,3,2,2,1,25,1,7,1,60,1,2,3
14128,2.0,3.0,4.0,4.0,3.0,4.0,2.0,2.0,5.0,5.0,2.0,5.0,1.0,2.0,2.0,5.0,1.0,4.0,4.0,1.0,4,2,7,5,5,5,5,1,7,4,1,1,0,1,1,0,0,0,0,1,0,0,1,1,1,1,3,2,1,1,43,1,3,1,10,1,3,3
14129,2.0,4.0,5.0,4.0,4.0,4.0,2.0,2.0,5.0,2.0,3.0,3.0,2.0,2.0,3.0,4.0,1.0,4.0,4.0,2.0,6,6,7,6,7,4,7,5,5,2,1,1,0,1,1,0,0,1,0,1,0,0,1,1,1,1,2,3,1,2,34,1,6,1,60,1,1,2
14130,4.0,1.0,2.0,1.0,5.0,1.0,1.0,5.0,5.0,5.0,1.0,5.0,1.0,1.0,1.0,4.0,2.0,3.0,5.0,2.0,6,6,5,3,5,5,4,6,5,1,1,0,0,0,1,0,0,1,0,0,1,0,0,1,0,0,4,3,2,2,37,1,2,1,10,1,1,1
14131,5.0,4.0,1.0,2.0,4.0,5.0,4.0,5.0,5.0,2.0,2.0,4.0,1.0,1.0,4.0,2.0,1.0,4.0,5.0,1.0,5,2,7,3,6,6,5,3,7,1,1,1,0,1,1,0,0,0,0,1,0,0,1,1,1,1,4,2,1,1,29,2,8,1,10,2,2,2
14132,5.0,4.0,2.0,2.0,4.0,1.0,1.0,5.0,3.0,2.0,1.0,4.0,1.0,2.0,2.0,1.0,3.0,4.0,5.0,5.0,6,1,4,2,7,1,7,2,6,2,1,1,1,1,1,1,0,1,1,1,0,1,1,1,1,1,3,3,2,2,25,2,7,1,60,1,1,1
14133,5.0,4.0,3.0,1.0,5.0,5.0,4.0,5.0,5.0,4.0,1.0,5.0,5.0,1.0,4.0,2.0,2.0,4.0,5.0,4.0,4,5,5,6,6,7,5,5,2,1,1,1,0,1,1,0,0,0,0,1,0,0,1,1,1,1,2,2,2,1,21,1,4,2,60,1,1,3
14134,1.0,2.0,5.0,4.0,2.0,3.0,2.0,2.0,4.0,4.0,1.0,2.0,1.0,2.0,1.0,4.0,1.0,2.0,3.0,1.0,3,1,6,5,6,6,7,5,7,1,1,1,1,1,1,1,1,1,0,1,1,0,1,1,1,1,3,3,2,1,35,1,4,1,60,1,1,2
14135,1.0,1.0,2.0,3.0,3.0,1.0,1.0,3.0,3.0,3.0,1.0,1.0,4.0,1.0,1.0,1.0,1.0,4.0,4.0,3.0,6,7,6,4,7,1,6,6,4,1,1,1,1,1,1,0,1,1,0,1,1,0,1,1,1,1,4,3,1,1,47,1,2,1,60,1,2,1
14136,5.0,3.0,5.0,1.0,4.0,4.0,5.0,4.0,5.0,3.0,1.0,5.0,1.0,1.0,2.0,1.0,1.0,5.0,5.0,2.0,5,6,4,6,6,4,6,7,2,1,0,0,0,0,0,0,0,0,0,1,0,0,1,0,1,1,4,3,1,2,30,1,10,1,60,2,1,3
14137,2.0,4.0,4.0,5.0,2.0,5.0,2.0,5.0,4.0,5.0,1.0,4.0,5.0,1.0,4.0,3.0,3.0,3.0,5.0,5.0,1,6,5,7,7,7,7,7,2,1,1,1,1,1,1,0,0,1,0,1,1,0,1,1,1,1,3,2,2,1,25,1,2,1,60,2,1,2
14138,4.0,5.0,2.0,4.0,2.0,2.0,1.0,2.0,4.0,1.0,2.0,5.0,3.0,1.0,5.0,4.0,1.0,2.0,4.0,1.0,6,1,6,1,6,1,6,1,7,1,1,1,0,1,1,0,0,1,0,1,0,0,0,1,1,1,3,3,1,2,23,1,10,1,20,2,1,3
14139,5.0,3.0,3.0,3.0,4.0,2.0,2.0,4.0,3.0,3.0,2.0,4.0,2.0,2.0,4.0,2.0,2.0,4.0,5.0,4.0,5,6,6,6,6,5,4,4,3,2,1,1,0,1,1,0,1,1,0,1,0,0,1,1,1,1,4,3,2,2,24,1,2,2,70,2,1,2
14140,4.0,4.0,4.0,2.0,4.0,3.0,4.0,3.0,3.0,2.0,3.0,4.0,2.0,2.0,4.0,3.0,2.0,3.0,4.0,2.0,5,4,5,3,5,5,5,6,4,2,1,1,1,1,1,0,1,1,0,1,1,1,1,1,1,1,3,1,2,1,55,1,6,1,60,1,3,2
14141,5.0,3.0,2.0,4.0,4.0,4.0,3.0,4.0,3.0,3.0,2.0,5.0,4.0,2.0,5.0,5.0,5.0,5.0,5.0,4.0,6,2,6,1,6,2,7,1,7,2,1,1,0,1,1,0,0,0,0,1,0,0,1,1,1,1,4,3,2,2,57,1,4,0,10,1,1,4
14142,5.0,4.0,1.0,1.0,4.0,1.0,1.0,4.0,1.0,2.0,1.0,4.0,4.0,2.0,4.0,1.0,1.0,4.0,4.0,5.0,5,2,3,6,5,7,1,5,5,6,1,1,0,1,1,0,0,0,0,1,0,0,1,1,1,1,4,2,1,2,30,1,2,4,10,2,1,1
14143,3.0,4.0,3.0,2.0,5.0,2.0,3.0,4.0,4.0,4.0,1.0,5.0,2.0,1.0,4.0,2.0,3.0,4.0,4.0,4.0,5,5,4,5,4,3,5,1,3,1,1,0,1,1,1,0,0,1,0,1,1,0,1,1,1,1,3,3,2,2,33,1,7,1,60,2,1,2
14144,3.0,4.0,5.0,5.0,1.0,4.0,1.0,1.0,5.0,5.0,4.0,4.0,1.0,1.0,2.0,2.0,3.0,2.0,5.0,1.0,7,5,7,2,7,1,7,6,6,1,1,1,1,1,1,0,0,0,0,1,0,0,1,1,1,1,3,2,2,1,35,1,2,1,60,2,2,3
14145,5.0,1.0,2.0,5.0,5.0,3.0,2.0,1.0,5.0,3.0,1.0,5.0,1.0,1.0,5.0,1.0,1.0,2.0,5.0,5.0,6,6,7,7,6,2,7,4,5,3,1,1,0,1,0,0,0,0,0,1,0,0,1,1,1,1,3,3,2,1,40,1,4,1,60,2,2,2
14146,5.0,5.0,1.0,1.0,5.0,2.0,1.0,4.0,1.0,1.0,1.0,4.0,5.0,1.0,5.0,1.0,1.0,5.0,5.0,4.0,4,5,1,3,7,7,5,6,1,1,1,1,1,1,1,0,1,1,0,1,0,0,1,1,1,1,3,3,1,2,44,1,1,1,60,2,3,5
14147,1.0,1.0,4.0,2.0,2.0,5.0,5.0,2.0,5.0,5.0,1.0,2.0,1.0,2.0,4.0,5.0,4.0,1.0,4.0,1.0,5,1,6,1,5,3,7,2,6,2,1,1,1,1,1,0,0,0,0,1,0,0,1,1,1,1,3,3,2,1,47,3,6,1,60,1,2,3
14148,5.0,5.0,5.0,5.0,5.0,1.0,1.0,5.0,5.0,1.0,1.0,5.0,5.0,1.0,5.0,1.0,5.0,1.0,5.0,5.0,1,4,7,1,7,7,7,4,7,1,1,1,1,1,1,0,1,1,0,1,1,0,1,1,1,1,4,3,2,1,40,1,8,2,10,2,2,2
14149,4.0,5.0,4.0,2.0,4.0,1.0,1.0,5.0,3.0,2.0,1.0,5.0,2.0,1.0,4.0,1.0,1.0,4.0,5.0,2.0,2,5,5,5,5,5,7,3,6,1,1,1,1,1,1,0,1,1,0,1,0,0,1,1,1,1,3,2,1,1,26,1,7,3,30,2,1,2
14150,4.0,3.0,3.0,1.0,4.0,3.0,2.0,4.0,2.0,1.0,1.0,5.0,5.0,1.0,5.0,3.0,5.0,5.0,5.0,5.0,7,6,4,5,7,4,7,5,7,1,0,1,0,1,1,0,0,1,0,1,0,0,0,1,0,1,3,2,1,2,28,1,4,1,60,2,1,1
14151,5.0,1.0,4.0,1.0,4.0,4.0,4.0,4.0,5.0,1.0,1.0,5.0,2.0,1.0,5.0,1.0,3.0,5.0,4.0,1.0,1,5,5,7,7,7,7,7,1,1,1,1,0,1,1,0,0,0,0,1,0,0,0,1,1,1,2,3,2,1,19,1,10,1,10,1,1,2
14152,5.0,5.0,1.0,1.0,5.0,2.0,1.0,4.0,1.0,1.0,2.0,5.0,5.0,1.0,5.0,1.0,1.0,5.0,5.0,3.0,4,7,4,5,7,4,5,6,3,1,1,1,0,1,1,0,0,0,0,1,0,1,0,1,1,1,2,3,1,2,21,2,3,1,60,1,1,4
14153,1.0,3.0,4.0,2.0,4.0,2.0,2.0,4.0,5.0,4.0,1.0,4.0,2.0,2.0,4.0,2.0,1.0,4.0,5.0,5.0,7,5,6,5,7,1,7,2,3,1,1,1,1,1,1,0,0,1,0,1,0,0,0,1,1,1,4,3,1,2,48,1,2,1,60,1,2,3
14154,1.0,2.0,5.0,5.0,1.0,4.0,1.0,1.0,5.0,5.0,4.0,1.0,5.0,5.0,4.0,1.0,5.0,1.0,4.0,1.0,2,6,6,2,6,6,7,1,6,2,1,1,0,1,1,0,0,0,0,1,0,0,1,1,1,1,3,3,2,1,35,1,4,1,60,2,2,1
14155,2.0,5.0,1.0,2.0,5.0,1.0,2.0,5.0,3.0,1.0,5.0,5.0,5.0,1.0,5.0,1.0,1.0,4.0,5.0,2.0,6,6,6,7,7,2,6,3,2,2,1,1,0,1,1,0,0,0,0,1,0,0,0,0,1,1,4,3,2,1,32,1,7,1,10,1,1,3
14156,1.0,4.0,2.0,4.0,3.0,3.0,1.0,3.0,5.0,3.0,1.0,2.0,1.0,1.0,5.0,1.0,3.0,2.0,5.0,4.0,6,5,4,1,5,2,7,1,5,4,1,1,0,1,1,0,0,0,0,1,0,0,1,1,1,1,3,3,2,1,35,1,4,1,60,1,2,4
14157,4.0,5.0,2.0,5.0,2.0,1.0,1.0,1.0,5.0,1.0,1.0,4.0,1.0,2.0,5.0,5.0,5.0,2.0,5.0,1.0,6,7,5,3,5,6,7,5,5,3,1,0,0,1,1,0,0,1,1,1,1,0,1,1,1,1,4,2,1,2,32,1,2,1,60,2,1,2
14158,2.0,3.0,4.0,4.0,3.0,1.0,1.0,4.0,2.0,1.0,2.0,5.0,4.0,3.0,5.0,2.0,2.0,5.0,4.0,4.0,1,2,6,4,6,7,7,5,7,2,1,1,1,1,1,0,1,1,0,1,1,0,1,1,1,1,3,3,2,1,32,1,1,4,60,1,2,2
14159,2.0,2.0,2.0,4.0,2.0,5.0,5.0,3.0,5.0,2.0,3.0,3.0,2.0,4.0,2.0,4.0,4.0,1.0,1.0,1.0,1,5,7,6,2,6,7,5,6,7,1,1,0,1,1,0,0,0,0,1,0,0,1,1,1,1,3,1,2,1,50,1,7,1,60,1,2,3
14160,5.0,4.0,1.0,1.0,4.0,1.0,3.0,4.0,2.0,3.0,3.0,5.0,2.0,1.0,5.0,1.0,4.0,5.0,3.0,4.0,2,6,4,1,5,4,1,6,3,1,1,1,0,1,1,0,0,0,0,1,0,0,0,1,1,1,2,3,2,1,14,1,2,2,70,2,1,3
14161,5.0,5.0,1.0,3.0,4.0,1.0,1.0,1.0,3.0,2.0,2.0,4.0,1.0,1.0,4.0,4.0,1.0,2.0,5.0,1.0,2,1,5,1,7,7,2,6,6,1,1,1,1,1,1,0,1,1,0,1,0,0,1,1,1,1,1,3,2,1,16,1,4,1,60,2,1,3
14162,5.0,4.0,3.0,1.0,5.0,2.0,2.0,2.0,2.0,2.0,1.0,5.0,2.0,2.0,4.0,1.0,1.0,5.0,5.0,1.0,1,5,6,6,3,7,3,5,7,6,1,1,0,1,1,0,0,1,0,1,0,0,1,1,1,1,3,1,1,1,21,1,6,1,60,1,1,2
14163,5.0,5.0,3.0,3.0,4.0,1.0,1.0,5.0,1.0,2.0,1.0,5.0,5.0,1.0,4.0,5.0,3.0,4.0,5.0,3.0,4,5,7,1,6,7,7,2,7,1,0,1,0,0,0,0,0,1,0,1,0,1,0,1,0,1,2,3,1,2,18,1,2,1,60,2,1,2
14164,5.0,4.0,1.0,1.0,5.0,1.0,1.0,5.0,3.0,2.0,1.0,4.0,4.0,2.0,5.0,2.0,3.0,4.0,5.0,3.0,6,3,7,1,2,5,2,1,6,7,1,1,0,1,1,0,0,1,0,1,0,0,1,1,1,1,3,2,1,1,22,1,6,1,60,1,1,3
14165,3.0,2.0,3.0,4.0,3.0,3.0,2.0,2.0,4.0,3.0,2.0,4.0,2.0,2.0,4.0,3.0,3.0,4.0,3.0,2.0,4,4,5,2,6,4,5,2,6,3,1,1,0,1,1,0,0,0,0,1,0,0,0,1,1,1,4,2,1,2,44,1,4,1,60,2,2,2
14166,1.0,1.0,1.0,4.0,4.0,1.0,2.0,4.0,5.0,1.0,1.0,4.0,1.0,1.0,1.0,1.0,1.0,4.0,5.0,3.0,7,7,7,7,7,2,7,5,6,1,1,1,0,1,1,0,0,0,0,1,0,0,0,1,1,1,0,3,2,2,49,1,12,1,10,2,3,3
14167,4.0,5.0,1.0,3.0,4.0,1.0,1.0,2.0,5.0,1.0,1.0,5.0,5.0,1.0,3.0,1.0,1.0,5.0,4.0,5.0,5,3,6,2,6,5,5,1,5,3,1,1,1,1,1,0,1,1,0,1,0,0,1,1,1,1,4,2,1,1,60,2,4,1,60,1,1,3
14168,3.0,5.0,1.0,1.0,4.0,1.0,1.0,1.0,3.0,3.0,1.0,3.0,2.0,1.0,3.0,3.0,3.0,2.0,5.0,1.0,1,6,4,5,3,7,3,7,6,1,1,1,0,1,1,0,0,0,0,1,0,0,0,1,1,1,2,2,1,2,31,1,2,1,60,1,1,2
14169,5.0,5.0,1.0,1.0,5.0,2.0,1.0,5.0,4.0,5.0,1.0,5.0,4.0,1.0,4.0,1.0,4.0,2.0,5.0,1.0,3,7,2,2,7,7,6,2,6,2,1,0,0,1,1,0,0,0,1,1,0,0,0,1,1,1,3,3,1,2,18,1,2,1,30,2,1,3
14170,3.0,3.0,3.0,2.0,3.0,1.0,1.0,4.0,2.0,3.0,1.0,4.0,2.0,1.0,4.0,1.0,3.0,4.0,5.0,2.0,6,4,6,2,7,5,3,1,6,2,1,1,0,1,1,0,0,0,0,1,0,0,1,1,1,1,3,3,2,1,21,1,1,1,60,1,1,1
14171,2.0,2.0,2.0,4.0,4.0,4.0,4.0,4.0,5.0,5.0,2.0,4.0,2.0,4.0,1.0,2.0,2.0,1.0,4.0,2.0,5,3,3,6,6,6,6,5,3,1,1,1,0,1,1,0,0,0,0,1,0,0,0,1,1,1,3,3,2,1,25,1,4,1,60,1,1,2
14172,1.0,4.0,5.0,1.0,5.0,1.0,1.0,2.0,3.0,2.0,1.0,2.0,1.0,1.0,5.0,1.0,5.0,5.0,5.0,1.0,6,2,4,4,6,1,7,4,4,5,1,1,0,1,1,0,0,0,0,1,0,0,1,1,1,1,3,2,2,1,27,1,1,1,40,1,1,4
14173,1.0,1.0,1.0,5.0,4.0,1.0,2.0,4.0,4.0,5.0,3.0,3.0,1.0,1.0,4.0,4.0,5.0,4.0,5.0,1.0,3,3,5,1,7,6,6,5,6,1,1,1,1,1,1,0,1,0,0,1,0,0,1,1,1,1,2,2,2,1,60,1,6,1,60,1,2,3
14174,5.0,3.0,1.0,2.0,5.0,1.0,1.0,5.0,2.0,1.0,1.0,5.0,3.0,2.0,5.0,1.0,1.0,5.0,5.0,1.0,1,6,4,2,5,3,1,2,6,2,1,1,1,1,1,1,1,1,0,1,0,1,1,1,1,1,3,2,2,1,20,1,1,1,60,1,1,3
14175,5.0,4.0,2.0,2.0,5.0,2.0,1.0,5.0,3.0,1.0,2.0,5.0,1.0,1.0,5.0,4.0,1.0,5.0,1.0,4.0,4,7,7,6,6,7,7,1,4,1,1,1,1,1,1,1,1,1,1,1,1,1,1,1,1,1,3,3,2,2,25,1,2,1,10,1,1,3
14176,3.0,2.0,3.0,4.0,4.0,3.0,3.0,2.0,4.0,4.0,3.0,2.0,2.0,4.0,4.0,4.0,2.0,4.0,5.0,2.0,7,4,7,3,7,3,4,3,3,3,0,1,0,1,1,0,0,0,0,1,0,0,0,0,1,1,3,2,1,1,25,1,1,1,60,1,1,1
14177,1.0,5.0,4.0,4.0,5.0,5.0,2.0,5.0,3.0,5.0,1.0,2.0,1.0,4.0,3.0,4.0,1.0,1.0,5.0,1.0,6,5,4,6,7,1,4,6,3,1,1,1,1,1,1,0,1,0,0,1,0,0,1,1,1,1,3,2,1,1,65,1,1,1,60,2,2,3
14178,4.0,4.0,1.0,2.0,5.0,2.0,1.0,1.0,5.0,4.0,1.0,2.0,4.0,1.0,4.0,1.0,1.0,4.0,5.0,1.0,2,7,4,6,7,5,4,3,4,7,1,1,0,1,1,0,0,0,0,1,1,0,1,1,1,1,3,2,1,1,34,1,1,1,60,2,1,1
14179,1.0,1.0,5.0,4.0,4.0,4.0,4.0,1.0,4.0,4.0,1.0,5.0,1.0,2.0,4.0,2.0,4.0,5.0,5.0,1.0,3,2,4,6,6,5,7,5,1,1,1,1,1,1,1,0,1,1,0,1,1,0,1,1,1,1,4,2,1,1,54,1,2,1,60,1,3,4
14180,5.0,1.0,2.0,1.0,4.0,1.0,2.0,2.0,4.0,1.0,1.0,5.0,4.0,1.0,4.0,1.0,1.0,5.0,5.0,4.0,1,6,6,6,6,6,6,2,6,2,1,1,0,1,1,0,0,0,0,1,0,0,0,0,1,1,3,3,1,2,32,1,12,1,30,1,2,4
14181,4.0,4.0,2.0,1.0,5.0,1.0,1.0,4.0,2.0,2.0,1.0,5.0,5.0,1.0,5.0,1.0,2.0,4.0,5.0,4.0,2,6,6,3,5,7,5,1,6,4,1,1,0,1,1,0,0,1,1,1,0,0,1,1,1,1,3,3,1,1,18,1,12,1,60,2,1,2
14182,4.0,4.0,2.0,4.0,4.0,4.0,2.0,4.0,5.0,5.0,2.0,4.0,2.0,4.0,4.0,5.0,5.0,4.0,5.0,1.0,5,2,5,2,6,1,6,1,6,2,1,1,0,1,1,0,0,0,0,1,0,0,1,1,1,1,4,1,2,1,55,1,7,1,60,1,2,4
14183,5.0,4.0,1.0,2.0,5.0,2.0,1.0,5.0,1.0,3.0,1.0,5.0,3.0,1.0,5.0,1.0,1.0,5.0,3.0,5.0,2,3,7,1,4,7,2,3,7,4,1,1,0,1,1,0,0,0,0,1,0,0,1,1,1,1,4,2,1,2,24,1,8,1,70,1,1,2
14184,1.0,3.0,3.0,1.0,5.0,1.0,1.0,4.0,2.0,2.0,1.0,2.0,2.0,2.0,4.0,2.0,1.0,3.0,5.0,2.0,3,7,7,6,4,2,4,4,3,5,1,1,1,1,1,0,1,0,0,1,0,0,1,1,1,1,4,3,2,1,30,1,2,3,10,1,1,2
14185,2.0,4.0,4.0,4.0,5.0,2.0,2.0,4.0,5.0,1.0,1.0,2.0,2.0,2.0,2.0,4.0,1.0,2.0,1.0,1.0,1,5,7,5,1,7,7,5,7,3,1,1,0,1,1,0,0,0,0,1,0,0,1,1,1,1,3,1,2,1,30,2,1,2,50,1,2,3
14186,3.0,5.0,4.0,4.0,3.0,2.0,2.0,2.0,4.0,2.0,2.0,4.0,4.0,1.0,5.0,4.0,2.0,2.0,5.0,2.0,6,4,5,3,7,5,5,5,4,2,1,1,0,1,1,0,0,0,0,1,0,0,1,1,1,1,2,2,1,1,19,1,1,1,10,2,1,2
14187,4.0,5.0,2.0,1.0,5.0,1.0,1.0,3.0,3.0,2.0,1.0,5.0,5.0,1.0,5.0,1.0,1.0,5.0,5.0,4.0,7,4,7,1,6,4,5,1,7,1,1,1,1,1,1,1,1,1,0,1,0,1,1,1,1,1,3,2,2,1,17,1,1,1,50,2,1,2
14188,5.0,5.0,2.0,5.0,5.0,1.0,1.0,5.0,4.0,1.0,1.0,5.0,5.0,1.0,1.0,4.0,3.0,4.0,1.0,1.0,6,7,5,6,7,7,6,2,6,1,1,1,1,1,1,0,0,0,0,1,0,0,0,1,1,1,2,2,2,2,17,1,10,1,10,2,1,3
14189,5.0,5.0,1.0,1.0,5.0,1.0,1.0,5.0,1.0,1.0,1.0,5.0,5.0,1.0,5.0,5.0,1.0,5.0,5.0,5.0,5,7,7,1,4,6,6,1,7,1,1,1,0,1,1,0,0,1,0,1,0,0,1,1,1,1,3,3,1,2,30,1,6,1,10,1,1,3
14190,3.0,3.0,5.0,3.0,1.0,2.0,2.0,1.0,5.0,2.0,3.0,2.0,1.0,1.0,4.0,3.0,1.0,2.0,5.0,2.0,6,1,4,2,7,1,7,5,4,1,1,1,0,1,1,0,0,0,0,1,0,0,1,1,1,1,4,3,2,1,17,1,1,3,70,2,1,2
14191,5.0,1.0,1.0,5.0,5.0,5.0,1.0,5.0,5.0,1.0,1.0,1.0,5.0,5.0,5.0,1.0,1.0,5.0,5.0,5.0,4,4,5,5,2,6,6,3,5,5,1,1,0,1,1,0,0,0,0,1,0,0,0,1,1,1,2,3,1,1,18,1,6,1,10,2,1,3
14192,3.0,3.0,2.0,1.0,2.0,3.0,1.0,4.0,4.0,3.0,1.0,5.0,4.0,1.0,5.0,2.0,5.0,4.0,5.0,1.0,1,3,4,4,5,5,2,4,2,1,1,1,1,1,1,0,1,1,1,1,0,0,1,1,1,1,3,2,1,2,23,1,12,1,60,2,1,2
14193,5.0,5.0,5.0,4.0,5.0,2.0,3.0,4.0,5.0,4.0,2.0,5.0,3.0,1.0,3.0,2.0,5.0,4.0,4.0,3.0,6,5,6,5,6,5,6,3,5,3,1,1,0,1,1,0,0,0,0,1,0,0,1,1,1,1,3,2,1,2,38,1,8,1,10,1,2,1
14194,5.0,4.0,5.0,2.0,2.0,4.0,1.0,1.0,5.0,2.0,2.0,5.0,1.0,1.0,4.0,5.0,2.0,3.0,5.0,1.0,7,7,5,3,7,5,6,6,3,1,1,1,0,1,1,0,0,1,0,1,1,0,1,1,0,1,4,3,2,2,25,1,2,1,60,1,1,2
14195,5.0,4.0,3.0,2.0,4.0,1.0,1.0,4.0,3.0,1.0,1.0,5.0,5.0,1.0,3.0,3.0,1.0,3.0,5.0,5.0,4,4,7,3,7,3,4,1,4,1,1,1,1,1,1,1,1,1,0,1,0,0,1,1,1,1,4,1,1,2,54,1,4,1,10,2,2,4
14196,1.0,3.0,3.0,3.0,4.0,5.0,2.0,5.0,5.0,5.0,3.0,1.0,1.0,1.0,1.0,4.0,2.0,1.0,5.0,4.0,7,5,7,1,6,1,6,1,7,5,1,1,1,1,1,0,0,1,0,1,0,1,1,1,1,1,4,1,2,1,42,1,12,1,60,1,1,3
14197,5.0,1.0,5.0,1.0,5.0,1.0,1.0,5.0,1.0,1.0,1.0,3.0,1.0,1.0,5.0,1.0,1.0,5.0,3.0,5.0,1,6,1,6,6,6,1,1,1,1,1,1,0,1,1,0,0,0,0,1,0,0,0,1,1,1,4,3,1,2,25,2,10,1,60,1,1,4
14198,5.0,5.0,5.0,5.0,5.0,4.0,2.0,4.0,5.0,4.0,2.0,4.0,4.0,5.0,4.0,2.0,2.0,3.0,1.0,2.0,4,1,7,0,5,3,6,3,7,2,0,0,0,1,1,0,0,0,0,1,0,0,0,1,1,1,4,3,2,2,23,1,10,3,10,2,1,2
14199,5.0,4.0,1.0,3.0,5.0,4.0,5.0,5.0,5.0,5.0,1.0,5.0,5.0,1.0,1.0,1.0,1.0,1.0,5.0,1.0,1,6,5,2,7,6,6,4,6,2,0,1,0,1,0,0,0,0,0,0,0,0,0,0,0,0,4,3,1,2,25,1,0,1,10,1,1,2
14200,5.0,5.0,4.0,1.0,2.0,4.0,4.0,4.0,5.0,3.0,4.0,5.0,2.0,4.0,5.0,4.0,1.0,1.0,5.0,1.0,1,4,7,4,5,7,1,1,7,1,1,1,0,1,1,0,0,0,0,1,1,0,0,1,1,1,3,1,2,1,25,1,3,1,60,1,1,2
14201,1.0,2.0,3.0,2.0,3.0,1.0,1.0,1.0,5.0,1.0,1.0,1.0,1.0,1.0,1.0,3.0,2.0,1.0,2.0,2.0,1,1,3,1,7,6,4,5,7,1,1,1,1,1,1,0,1,1,0,1,1,0,1,1,1,1,3,2,1,1,52,1,7,1,60,1,2,4
14202,4.0,3.0,3.0,4.0,2.0,4.0,2.0,4.0,4.0,3.0,1.0,3.0,4.0,3.0,4.0,2.0,3.0,4.0,5.0,3.0,2,1,4,6,6,5,7,6,3,2,1,1,0,1,1,0,0,0,0,1,0,0,0,1,0,1,3,2,2,1,20,1,1,1,70,1,1,3
14203,5.0,4.0,1.0,3.0,3.0,1.0,1.0,4.0,2.0,2.0,2.0,5.0,3.0,3.0,5.0,1.0,2.0,4.0,5.0,4.0,2,3,5,2,4,6,1,2,7,5,1,1,1,1,1,0,1,0,0,1,0,0,1,1,1,1,3,3,1,1,33,1,6,1,60,1,2,3
14204,2.0,5.0,4.0,4.0,4.0,4.0,4.0,2.0,4.0,1.0,3.0,4.0,2.0,2.0,4.0,2.0,1.0,4.0,5.0,1.0,2,3,5,6,5,6,6,6,4,2,1,1,1,1,1,0,0,0,0,1,0,0,1,1,1,1,3,2,2,1,29,1,1,1,0,2,1,1
14205,5.0,4.0,2.0,5.0,1.0,1.0,1.0,1.0,5.0,5.0,4.0,1.0,1.0,5.0,4.0,1.0,5.0,5.0,5.0,1.0,7,7,6,5,7,2,7,1,2,1,0,0,0,0,1,0,0,0,0,1,0,0,0,0,0,1,3,0,1,2,32,1,1,1,60,1,1,5
14206,4.0,1.0,3.0,2.0,5.0,2.0,2.0,4.0,4.0,3.0,2.0,4.0,4.0,2.0,5.0,2.0,2.0,3.0,5.0,1.0,2,6,3,7,7,6,6,7,2,2,1,1,0,1,1,0,0,0,0,1,0,0,1,1,1,1,2,2,2,1,27,1,7,1,30,2,1,3
14207,3.0,4.0,4.0,4.0,1.0,1.0,1.0,1.0,4.0,4.0,1.0,4.0,1.0,4.0,4.0,2.0,4.0,5.0,5.0,1.0,2,3,5,4,6,7,6,5,5,2,1,1,1,1,1,0,0,0,0,1,0,0,1,1,1,1,2,3,2,1,47,1,1,1,60,2,2,3
14208,5.0,4.0,3.0,3.0,3.0,2.0,1.0,4.0,3.0,2.0,3.0,4.0,3.0,1.0,4.0,5.0,1.0,5.0,4.0,1.0,3,6,7,1,7,6,6,1,6,1,1,1,0,1,1,0,1,0,0,1,0,0,1,1,1,1,4,2,3,1,69,1,0,1,0,1,3,2
14209,1.0,1.0,5.0,5.0,1.0,5.0,5.0,1.0,5.0,5.0,2.0,2.0,1.0,2.0,1.0,5.0,4.0,1.0,5.0,1.0,6,2,7,1,7,1,7,1,6,1,1,1,1,1,1,1,1,1,0,1,0,0,1,1,1,1,4,1,1,1,64,2,2,1,60,1,2,4
14210,1.0,1.0,5.0,5.0,2.0,4.0,4.0,1.0,5.0,1.0,2.0,5.0,2.0,5.0,1.0,2.0,2.0,4.0,4.0,1.0,3,3,6,3,7,4,6,4,4,1,1,1,1,1,1,0,1,0,0,1,0,0,1,1,1,1,4,2,2,1,36,2,6,1,60,1,2,2
14211,5.0,4.0,2.0,1.0,4.0,1.0,1.0,4.0,2.0,1.0,2.0,5.0,5.0,2.0,4.0,2.0,5.0,4.0,5.0,2.0,3,2,3,2,6,4,5,6,5,3,1,1,1,1,1,1,1,1,0,1,0,1,1,1,1,1,3,3,1,1,32,3,1,1,70,1,2,3
14212,4.0,3.0,5.0,2.0,4.0,4.0,3.0,4.0,4.0,5.0,4.0,3.0,1.0,4.0,3.0,3.0,3.0,4.0,1.0,1.0,1,4,1,7,1,5,4,7,1,3,1,1,1,1,1,0,1,1,0,1,0,1,1,1,1,1,3,2,1,1,31,1,7,1,60,2,1,3
14213,4.0,4.0,3.0,1.0,4.0,2.0,2.0,3.0,3.0,2.0,1.0,5.0,4.0,2.0,4.0,1.0,1.0,4.0,5.0,2.0,4,6,6,1,5,5,2,6,6,5,1,1,1,1,1,0,0,1,0,1,0,0,1,1,1,1,3,2,1,1,21,1,2,1,60,2,1,3
14214,1.0,3.0,4.0,4.0,2.0,4.0,4.0,1.0,5.0,5.0,3.0,1.0,1.0,4.0,4.0,2.0,3.0,5.0,1.0,1.0,7,1,5,2,5,2,7,3,6,2,1,1,0,0,1,0,0,0,0,1,0,0,1,1,1,0,3,1,2,1,47,1,6,1,60,1,2,2
14215,2.0,5.0,3.0,4.0,2.0,2.0,3.0,4.0,4.0,2.0,1.0,4.0,2.0,1.0,4.0,4.0,2.0,4.0,5.0,2.0,5,1,3,5,6,3,6,5,2,3,1,1,1,1,1,0,1,1,0,0,0,0,1,0,1,1,3,2,1,1,24,1,1,2,60,1,1,2
14216,5.0,2.0,2.0,2.0,2.0,2.0,3.0,4.0,3.0,2.0,1.0,5.0,4.0,2.0,5.0,1.0,2.0,4.0,4.0,2.0,6,4,5,2,6,5,6,2,3,3,1,1,0,1,1,0,0,1,0,1,0,0,0,1,1,1,2,1,2,2,18,1,2,1,60,2,1,2
14217,4.0,1.0,4.0,4.0,1.0,2.0,1.0,4.0,3.0,1.0,2.0,5.0,1.0,1.0,3.0,1.0,3.0,4.0,3.0,1.0,6,6,6,2,7,4,6,4,7,6,1,1,0,1,0,0,0,0,0,1,0,0,0,1,1,1,2,1,1,2,21,1,2,1,60,1,1,2
14218,5.0,1.0,1.0,1.0,5.0,1.0,1.0,5.0,4.0,2.0,1.0,5.0,4.0,1.0,2.0,1.0,1.0,2.0,4.0,3.0,2,6,7,1,7,6,3,1,7,2,1,1,1,1,1,0,1,1,0,1,1,1,1,1,1,1,3,2,1,1,44,1,6,1,60,1,2,5
14219,5.0,5.0,1.0,1.0,4.0,1.0,5.0,5.0,1.0,1.0,1.0,5.0,5.0,1.0,5.0,1.0,1.0,5.0,5.0,5.0,2,6,2,7,5,5,1,5,3,2,1,1,0,1,1,0,0,0,0,1,0,1,0,1,1,1,1,2,1,2,15,1,1,2,10,2,1,2
14220,5.0,5.0,1.0,1.0,5.0,2.0,1.0,5.0,5.0,2.0,1.0,5.0,4.0,1.0,4.0,1.0,3.0,5.0,5.0,5.0,7,7,6,7,5,1,7,3,5,1,1,1,1,1,1,0,1,1,0,1,0,0,1,1,1,1,4,1,1,2,41,1,2,3,60,1,1,2
14221,2.0,1.0,4.0,5.0,1.0,5.0,2.0,5.0,5.0,3.0,1.0,4.0,1.0,1.0,4.0,2.0,5.0,4.0,5.0,3.0,7,7,2,5,5,1,6,6,5,1,1,1,0,1,1,0,0,0,0,1,0,0,1,1,1,1,2,3,2,2,24,1,2,3,60,1,1,3
14222,5.0,5.0,1.0,2.0,5.0,2.0,1.0,5.0,1.0,3.0,1.0,5.0,2.0,1.0,5.0,1.0,5.0,4.0,4.0,3.0,4,5,6,6,7,7,4,5,4,1,1,1,1,1,1,1,0,0,0,1,1,0,1,1,1,1,3,3,2,1,22,1,1,1,60,2,1,2
14223,2.0,1.0,5.0,4.0,1.0,3.0,2.0,1.0,5.0,5.0,1.0,2.0,2.0,4.0,3.0,2.0,3.0,1.0,5.0,1.0,7,2,6,2,7,2,6,3,3,1,1,1,1,1,1,0,1,1,0,1,0,1,1,1,1,1,3,2,2,1,47,1,6,1,60,1,3,2
14224,5.0,5.0,3.0,1.0,5.0,5.0,5.0,1.0,5.0,5.0,1.0,5.0,4.0,1.0,1.0,1.0,2.0,5.0,3.0,5.0,4,4,4,4,7,1,1,1,1,1,0,1,0,1,1,0,0,0,1,1,0,0,1,1,1,1,2,3,1,2,20,1,10,1,20,2,1,1
14225,1.0,2.0,2.0,3.0,4.0,2.0,2.0,2.0,5.0,3.0,1.0,4.0,1.0,3.0,2.0,3.0,2.0,1.0,5.0,1.0,1,5,6,6,7,5,6,4,2,1,1,1,1,1,1,1,1,0,0,1,1,1,1,1,1,1,3,1,2,1,19,3,1,2,60,1,1,2
14226,2.0,4.0,2.0,2.0,4.0,1.0,1.0,2.0,2.0,4.0,1.0,5.0,5.0,1.0,4.0,1.0,5.0,2.0,5.0,3.0,1,7,6,4,6,7,5,5,6,1,1,1,0,1,1,1,0,0,1,1,1,1,1,1,1,1,2,1,2,2,19,1,2,2,60,2,1,2
14227,4.0,4.0,1.0,2.0,4.0,1.0,1.0,4.0,2.0,2.0,1.0,5.0,5.0,1.0,4.0,1.0,5.0,4.0,5.0,3.0,1,7,6,4,6,7,2,5,4,1,1,1,1,1,1,1,0,0,1,1,0,1,1,1,1,1,2,1,2,2,19,1,2,2,60,2,1,2
14228,1.0,1.0,3.0,4.0,4.0,4.0,3.0,1.0,5.0,5.0,2.0,1.0,1.0,3.0,1.0,1.0,5.0,4.0,3.0,1.0,6,3,5,6,7,6,7,4,1,2,1,1,0,1,1,0,0,0,0,1,0,0,1,1,1,1,2,3,1,2,30,1,2,2,60,1,1,1
14229,4.0,5.0,5.0,1.0,4.0,4.0,2.0,5.0,5.0,3.0,2.0,3.0,3.0,2.0,5.0,1.0,1.0,5.0,4.0,3.0,6,5,3,6,7,2,6,6,4,1,1,1,0,1,1,0,0,0,0,1,0,0,1,1,1,1,2,2,1,1,19,1,7,3,10,1,1,4
14230,5.0,2.0,1.0,2.0,4.0,4.0,2.0,5.0,4.0,5.0,1.0,5.0,5.0,1.0,3.0,1.0,4.0,4.0,5.0,5.0,1,5,1,5,1,4,2,7,2,1,1,1,1,1,1,0,1,1,0,1,0,0,1,1,1,1,4,2,2,1,25,1,2,4,60,1,1,2
14231,5.0,5.0,1.0,3.0,5.0,1.0,1.0,2.0,1.0,1.0,1.0,5.0,4.0,2.0,5.0,1.0,5.0,5.0,5.0,1.0,2,7,7,5,3,7,3,1,7,3,1,1,1,1,1,0,0,0,0,1,0,0,1,1,1,1,3,3,2,1,47,1,2,1,10,1,1,3
14232,5.0,4.0,2.0,1.0,5.0,1.0,1.0,5.0,2.0,4.0,1.0,5.0,5.0,1.0,4.0,1.0,1.0,4.0,5.0,1.0,3,5,6,5,7,7,2,1,5,5,1,1,0,1,1,0,0,0,0,1,0,0,0,0,1,1,3,2,2,2,22,1,1,2,60,1,1,2
14233,5.0,1.0,2.0,1.0,5.0,1.0,1.0,5.0,2.0,3.0,1.0,5.0,5.0,3.0,5.0,4.0,5.0,4.0,5.0,5.0,5,7,4,5,6,3,2,7,2,1,1,1,0,1,1,0,0,0,0,1,0,0,0,1,1,1,4,3,2,2,22,2,1,1,10,2,1,2
14234,2.0,2.0,4.0,2.0,4.0,4.0,5.0,4.0,5.0,4.0,4.0,4.0,3.0,2.0,4.0,5.0,3.0,2.0,5.0,1.0,5,3,6,5,7,3,6,3,5,3,1,1,0,1,1,0,0,0,0,1,0,1,1,1,1,1,3,2,2,2,26,1,7,1,70,1,1,3
14235,5.0,5.0,4.0,2.0,5.0,5.0,3.0,5.0,4.0,2.0,3.0,5.0,4.0,2.0,5.0,4.0,4.0,4.0,4.0,1.0,6,7,4,6,7,6,7,5,6,4,1,1,1,1,1,0,0,1,0,1,0,0,1,1,0,1,3,3,1,2,26,1,4,1,70,1,1,5
14236,4.0,5.0,2.0,4.0,5.0,2.0,2.0,5.0,5.0,5.0,1.0,5.0,5.0,1.0,1.0,4.0,1.0,4.0,5.0,5.0,2,6,7,5,2,7,6,1,5,6,1,1,1,1,1,0,0,0,0,1,0,0,1,1,1,1,3,3,1,1,26,1,4,1,60,1,1,2
14237,2.0,3.0,2.0,1.0,3.0,2.0,2.0,4.0,4.0,2.0,2.0,5.0,4.0,2.0,4.0,2.0,2.0,4.0,5.0,4.0,1,6,7,7,2,7,5,3,2,4,1,1,0,1,1,0,0,0,0,1,0,0,1,1,1,1,3,3,2,1,24,1,12,1,60,1,1,3
14238,1.0,2.0,2.0,5.0,2.0,1.0,1.0,2.0,5.0,4.0,2.0,5.0,1.0,4.0,1.0,2.0,4.0,4.0,5.0,1.0,7,5,7,5,6,1,7,6,6,6,1,1,0,1,1,0,0,0,0,1,0,0,1,1,1,1,3,2,1,1,24,2,1,1,60,1,1,3
14239,2.0,2.0,4.0,2.0,4.0,4.0,2.0,4.0,5.0,2.0,2.0,4.0,1.0,2.0,3.0,4.0,3.0,3.0,1.0,1.0,2,5,5,5,6,5,4,4,5,2,1,1,1,1,1,0,0,0,0,1,0,0,0,1,1,1,2,3,2,2,22,1,12,1,70,1,1,4
14240,4.0,4.0,1.0,1.0,5.0,1.0,1.0,4.0,3.0,5.0,2.0,4.0,4.0,1.0,5.0,3.0,1.0,4.0,3.0,4.0,6,5,4,4,6,2,4,4,4,1,1,1,1,1,1,0,1,1,0,1,1,0,1,1,1,1,4,3,1,1,43,1,12,1,70,1,1,3
14241,2.0,2.0,1.0,5.0,3.0,1.0,1.0,1.0,3.0,5.0,2.0,2.0,1.0,1.0,4.0,5.0,1.0,4.0,5.0,1.0,5,6,7,1,7,3,4,2,6,1,1,1,0,1,1,0,0,1,0,1,0,0,1,1,1,1,3,1,1,1,28,1,4,1,60,1,1,3
14242,4.0,3.0,4.0,3.0,2.0,4.0,3.0,5.0,4.0,3.0,2.0,4.0,3.0,1.0,5.0,1.0,2.0,2.0,5.0,2.0,6,5,7,1,6,5,2,1,7,4,1,1,1,1,1,0,1,0,0,1,0,0,1,1,1,1,3,2,1,1,23,1,2,1,70,1,1,1
14243,1.0,1.0,2.0,5.0,1.0,5.0,5.0,4.0,5.0,5.0,2.0,4.0,1.0,4.0,4.0,2.0,4.0,1.0,5.0,1.0,6,2,6,5,7,3,6,3,3,1,1,1,0,1,1,1,0,1,1,1,0,0,1,1,1,1,3,2,2,1,31,1,7,1,60,1,2,2
14244,5.0,4.0,4.0,1.0,5.0,1.0,1.0,5.0,3.0,2.0,1.0,5.0,5.0,2.0,4.0,1.0,1.0,5.0,5.0,5.0,7,7,6,2,7,2,2,3,6,1,1,1,1,1,1,1,1,1,1,1,1,1,1,1,1,1,4,1,1,1,43,2,1,1,70,1,2,1
14245,1.0,4.0,4.0,5.0,1.0,5.0,5.0,1.0,5.0,5.0,2.0,4.0,1.0,5.0,1.0,4.0,5.0,4.0,5.0,1.0,7,5,7,1,7,2,6,2,6,1,1,1,1,1,1,0,0,1,0,1,1,1,1,1,1,1,3,2,2,1,60,2,2,1,60,1,1,2
14246,5.0,3.0,5.0,1.0,5.0,1.0,1.0,1.0,4.0,1.0,1.0,5.0,5.0,1.0,3.0,1.0,1.0,5.0,5.0,1.0,7,6,6,1,7,1,7,7,6,1,1,1,0,1,1,1,0,0,0,1,1,0,1,1,1,1,3,0,1,2,31,1,4,1,60,1,1,2
14247,4.0,1.0,2.0,4.0,2.0,4.0,1.0,2.0,4.0,3.0,2.0,2.0,1.0,3.0,4.0,1.0,3.0,4.0,5.0,2.0,2,7,7,2,7,6,6,7,6,2,1,1,0,1,1,0,0,1,0,1,0,0,1,1,1,1,3,2,1,1,22,1,1,1,60,1,1,2
14248,4.0,5.0,3.0,1.0,5.0,1.0,1.0,5.0,4.0,4.0,2.0,4.0,5.0,2.0,4.0,4.0,1.0,4.0,3.0,3.0,5,7,7,6,2,3,2,3,5,3,1,1,1,1,1,0,0,0,0,1,0,0,1,1,1,1,3,1,2,2,28,1,6,1,10,2,1,5
14249,1.0,5.0,2.0,4.0,2.0,1.0,1.0,1.0,3.0,1.0,1.0,2.0,4.0,2.0,4.0,2.0,1.0,4.0,5.0,1.0,7,2,3,1,6,1,6,5,3,1,1,1,0,1,1,0,0,0,0,1,0,0,1,1,1,1,3,3,2,1,49,1,1,2,60,2,2,1
14250,2.0,2.0,4.0,4.0,2.0,2.0,2.0,2.0,5.0,4.0,1.0,2.0,3.0,4.0,4.0,2.0,3.0,2.0,5.0,1.0,5,2,7,5,5,5,7,2,6,3,1,1,1,1,1,0,0,1,0,1,0,0,1,1,1,1,4,1,2,1,34,1,6,1,60,1,1,2
14251,5.0,5.0,5.0,5.0,1.0,4.0,2.0,4.0,5.0,2.0,5.0,2.0,2.0,4.0,5.0,2.0,2.0,1.0,5.0,1.0,5,3,3,5,6,6,5,1,5,5,1,1,0,1,1,0,0,0,0,1,0,0,1,1,1,1,3,2,1,1,32,1,1,2,60,1,1,1
14252,4.0,5.0,4.0,3.0,4.0,1.0,1.0,4.0,4.0,2.0,1.0,4.0,4.0,1.0,4.0,1.0,2.0,5.0,3.0,2.0,6,5,6,1,6,3,3,2,6,1,1,1,0,1,1,0,0,1,0,1,0,0,1,1,1,1,4,2,2,1,30,1,4,1,10,1,1,3
14253,4.0,2.0,1.0,2.0,5.0,1.0,1.0,4.0,2.0,2.0,1.0,4.0,2.0,1.0,5.0,1.0,1.0,5.0,5.0,1.0,1,5,5,3,5,6,5,5,5,5,1,1,1,1,1,0,0,0,0,1,0,0,1,1,1,1,3,1,2,1,53,1,1,3,60,2,2,3
14254,2.0,2.0,3.0,4.0,2.0,2.0,2.0,2.0,4.0,4.0,3.0,2.0,2.0,4.0,4.0,3.0,2.0,3.0,5.0,3.0,6,5,6,2,7,2,6,2,6,2,1,1,0,1,1,0,0,0,0,1,0,0,1,1,1,1,3,3,1,1,47,1,2,1,60,1,2,2
14255,5.0,4.0,1.0,1.0,5.0,1.0,1.0,4.0,2.0,1.0,1.0,4.0,5.0,2.0,4.0,1.0,1.0,4.0,4.0,3.0,7,7,7,5,7,2,6,4,3,1,1,1,0,1,1,1,1,1,1,1,1,1,1,1,1,1,4,2,1,1,22,3,12,1,60,1,1,2
14256,2.0,1.0,4.0,3.0,4.0,2.0,2.0,1.0,5.0,4.0,1.0,4.0,2.0,3.0,4.0,2.0,3.0,4.0,4.0,2.0,6,5,4,6,7,2,5,5,5,1,1,1,1,1,1,0,1,0,0,1,1,1,1,1,1,1,4,2,2,1,27,1,6,1,60,1,2,2
14257,3.0,1.0,4.0,5.0,4.0,2.0,2.0,1.0,5.0,3.0,3.0,4.0,4.0,2.0,1.0,4.0,2.0,1.0,3.0,1.0,6,3,5,5,6,3,6,2,3,3,1,1,0,1,0,0,0,0,0,1,0,0,0,1,1,1,0,3,2,1,52,1,6,1,50,1,1,4
14258,5.0,4.0,3.0,1.0,5.0,1.0,1.0,4.0,2.0,2.0,1.0,1.0,4.0,3.0,4.0,1.0,1.0,4.0,3.0,3.0,3,4,5,6,7,1,2,1,3,6,0,1,0,0,0,0,0,1,0,0,1,0,1,1,1,1,4,3,1,2,32,1,7,2,10,2,1,2
14259,5.0,5.0,2.0,3.0,4.0,2.0,2.0,2.0,4.0,4.0,2.0,5.0,5.0,1.0,5.0,2.0,1.0,4.0,4.0,3.0,3,4,5,5,6,6,5,5,6,3,1,1,1,1,1,0,1,0,0,1,1,0,1,1,1,1,4,1,1,2,28,1,4,1,10,1,1,4
14260,4.0,4.0,1.0,3.0,5.0,2.0,4.0,4.0,5.0,3.0,3.0,4.0,4.0,1.0,4.0,2.0,3.0,4.0,5.0,1.0,3,6,6,6,4,5,6,2,4,2,1,1,0,1,1,0,0,0,0,1,0,0,0,1,1,1,3,2,2,2,27,1,2,1,60,2,1,1
14261,5.0,2.0,4.0,1.0,3.0,1.0,1.0,1.0,4.0,4.0,1.0,5.0,2.0,1.0,1.0,1.0,4.0,4.0,5.0,3.0,1,7,4,5,7,7,6,5,4,1,1,1,0,1,1,0,0,1,0,1,0,0,0,0,1,1,0,3,1,2,20,1,1,1,10,2,1,1
14262,1.0,2.0,4.0,5.0,1.0,5.0,4.0,4.0,5.0,5.0,4.0,2.0,1.0,4.0,1.0,5.0,1.0,5.0,5.0,3.0,3,3,3,1,6,6,7,5,7,3,1,1,1,1,1,0,0,0,0,1,0,1,1,1,1,1,3,2,1,2,51,1,2,1,60,1,2,1
14263,4.0,5.0,1.0,1.0,5.0,1.0,2.0,5.0,1.0,1.0,1.0,5.0,5.0,1.0,5.0,1.0,2.0,5.0,5.0,4.0,6,7,2,4,6,5,6,7,7,7,1,1,0,1,1,0,0,0,0,1,0,0,0,0,1,1,3,1,1,2,27,1,2,4,60,1,1,2
14264,3.0,1.0,5.0,5.0,1.0,4.0,3.0,1.0,5.0,5.0,3.0,1.0,1.0,3.0,1.0,5.0,5.0,4.0,5.0,1.0,4,5,7,5,7,6,3,1,7,1,1,1,0,1,0,0,0,0,0,1,0,0,0,0,1,1,3,2,1,2,49,1,2,1,60,1,2,3
14265,3.0,1.0,3.0,2.0,4.0,3.0,4.0,4.0,3.0,1.0,2.0,4.0,2.0,2.0,5.0,2.0,3.0,4.0,5.0,2.0,6,6,6,1,7,4,5,2,6,4,0,0,0,0,0,0,0,0,0,1,0,0,0,0,0,1,4,3,1,2,26,1,4,1,60,1,1,2
14266,5.0,5.0,1.0,1.0,5.0,1.0,4.0,3.0,1.0,1.0,1.0,5.0,4.0,1.0,5.0,1.0,1.0,5.0,5.0,1.0,6,7,6,1,7,2,2,6,7,1,1,1,1,1,1,0,1,1,0,1,0,1,1,1,1,1,4,3,1,2,28,1,1,1,20,1,1,2
14267,4.0,5.0,2.0,3.0,4.0,2.0,2.0,4.0,3.0,1.0,2.0,4.0,4.0,3.0,4.0,2.0,5.0,4.0,5.0,1.0,2,7,6,5,6,6,6,5,3,3,1,1,1,1,1,1,1,1,0,1,1,1,1,1,1,1,4,3,2,1,31,1,1,4,60,2,2,1
14268,2.0,2.0,3.0,5.0,4.0,1.0,2.0,1.0,5.0,2.0,1.0,2.0,2.0,1.0,3.0,2.0,3.0,4.0,5.0,1.0,5,3,5,1,6,5,4,2,6,3,0,1,1,1,1,0,1,0,0,1,1,0,0,1,1,1,3,2,1,2,62,1,2,1,60,1,2,2
14269,4.0,5.0,2.0,2.0,4.0,1.0,1.0,4.0,3.0,1.0,1.0,5.0,4.0,1.0,4.0,1.0,1.0,1.0,5.0,3.0,1,5,2,4,5,7,3,5,7,3,1,1,1,1,1,0,0,1,0,1,1,0,1,1,1,1,0,1,2,2,23,1,4,4,10,2,1,2
14270,5.0,5.0,2.0,2.0,4.0,2.0,1.0,4.0,3.0,2.0,2.0,5.0,1.0,2.0,5.0,2.0,3.0,4.0,1.0,4.0,5,1,6,5,6,7,6,5,7,4,1,1,1,1,1,0,0,0,0,1,0,0,0,1,1,1,2,3,2,2,21,1,4,1,10,1,1,2
14271,5.0,4.0,1.0,1.0,3.0,2.0,1.0,4.0,3.0,1.0,1.0,4.0,3.0,1.0,4.0,2.0,1.0,3.0,5.0,3.0,1,5,4,4,5,7,6,5,4,5,1,1,1,1,1,0,1,0,0,1,0,0,1,1,1,1,3,3,2,2,24,1,4,2,10,1,1,4
14272,5.0,3.0,1.0,1.0,5.0,1.0,1.0,3.0,3.0,2.0,1.0,5.0,3.0,1.0,1.0,2.0,1.0,5.0,5.0,3.0,1,7,4,1,7,7,4,4,7,2,1,1,0,1,1,0,0,1,0,1,0,0,1,1,1,1,3,3,1,1,20,1,1,5,10,1,1,2
14273,5.0,5.0,1.0,1.0,5.0,1.0,1.0,4.0,1.0,1.0,1.0,5.0,5.0,4.0,5.0,2.0,2.0,5.0,5.0,5.0,7,6,7,6,7,5,4,2,7,2,1,1,0,1,1,1,1,1,1,1,0,1,1,1,1,1,3,3,1,2,41,1,4,3,10,1,1,0
14274,5.0,4.0,3.0,2.0,5.0,3.0,4.0,4.0,2.0,2.0,1.0,5.0,4.0,2.0,4.0,3.0,4.0,3.0,5.0,4.0,6,5,5,4,6,4,6,3,4,2,1,1,0,1,1,0,0,1,0,1,0,1,0,1,1,1,3,2,2,2,21,1,2,2,0,2,1,2
14275,3.0,2.0,3.0,5.0,4.0,1.0,2.0,2.0,5.0,4.0,5.0,2.0,4.0,5.0,2.0,5.0,2.0,1.0,1.0,1.0,5,5,6,5,7,5,7,5,6,3,1,1,1,1,1,0,0,0,0,1,0,0,0,1,1,1,3,2,2,1,36,1,6,1,60,1,1,1
14276,5.0,3.0,4.0,4.0,5.0,2.0,2.0,1.0,5.0,3.0,4.0,5.0,4.0,2.0,4.0,2.0,2.0,3.0,4.0,1.0,3,5,2,6,4,6,6,2,6,6,1,1,1,1,1,0,1,1,0,1,1,0,1,1,1,1,3,1,1,1,59,1,6,2,60,2,2,3
14277,5.0,5.0,1.0,1.0,3.0,1.0,2.0,2.0,1.0,5.0,2.0,5.0,4.0,1.0,5.0,1.0,1.0,3.0,5.0,5.0,2,7,1,6,7,7,7,5,3,4,1,1,0,1,1,0,0,1,0,1,1,0,1,1,1,1,4,2,1,2,28,1,2,1,70,1,1,2
14278,4.0,2.0,4.0,3.0,4.0,3.0,2.0,2.0,3.0,2.0,2.0,2.0,1.0,2.0,3.0,4.0,4.0,2.0,3.0,1.0,3,6,5,5,6,5,6,4,3,3,1,1,0,1,1,0,0,0,0,1,0,0,1,1,1,1,3,2,1,1,41,1,4,1,60,1,2,6
14279,4.0,4.0,1.0,2.0,4.0,1.0,1.0,4.0,2.0,2.0,2.0,5.0,5.0,2.0,4.0,2.0,4.0,5.0,5.0,5.0,6,7,6,7,6,2,6,2,6,3,1,1,0,1,1,1,1,1,1,1,0,0,0,1,1,1,3,1,1,2,19,1,1,2,60,1,1,2
14280,1.0,2.0,4.0,4.0,2.0,2.0,4.0,2.0,5.0,4.0,2.0,2.0,1.0,3.0,2.0,4.0,1.0,1.0,1.0,1.0,6,5,5,1,6,1,6,3,5,1,1,1,0,1,1,0,0,1,0,1,1,1,0,1,1,1,3,2,2,2,34,1,12,1,60,1,1,3
14281,5.0,1.0,1.0,1.0,5.0,1.0,1.0,5.0,5.0,1.0,1.0,5.0,1.0,1.0,4.0,1.0,1.0,5.0,5.0,5.0,3,5,7,1,7,6,6,1,7,1,1,1,1,1,1,0,1,1,0,1,1,0,1,1,1,1,4,2,1,1,35,1,1,1,60,1,3,2
14282,5.0,4.0,2.0,1.0,5.0,1.0,1.0,4.0,3.0,2.0,1.0,5.0,4.0,1.0,4.0,2.0,1.0,5.0,4.0,5.0,7,3,6,1,7,1,6,2,7,2,1,1,1,1,1,1,1,1,0,1,1,0,1,1,1,1,4,1,2,2,48,1,1,1,60,1,1,2
14283,5.0,4.0,4.0,3.0,4.0,1.0,2.0,5.0,2.0,3.0,1.0,5.0,4.0,2.0,4.0,1.0,1.0,3.0,5.0,4.0,5,7,6,2,7,5,2,5,6,1,1,1,1,1,1,0,0,0,0,1,0,0,1,1,1,1,3,3,2,1,30,1,7,1,60,2,1,0
14284,5.0,4.0,1.0,2.0,4.0,4.0,1.0,2.0,3.0,2.0,1.0,5.0,4.0,1.0,4.0,2.0,1.0,5.0,5.0,5.0,3,3,6,3,7,5,6,4,2,1,1,1,1,1,1,0,0,1,0,1,1,0,1,1,1,1,3,3,1,2,26,1,1,1,60,2,1,3
14285,3.0,2.0,2.0,4.0,4.0,2.0,2.0,4.0,4.0,4.0,1.0,4.0,4.0,2.0,3.0,2.0,2.0,4.0,5.0,2.0,6,7,5,7,6,5,7,6,2,2,1,1,0,1,1,0,0,0,0,1,0,0,0,0,1,1,3,3,2,1,41,1,12,1,30,2,3,13
14286,5.0,5.0,1.0,1.0,5.0,1.0,2.0,5.0,1.0,2.0,1.0,5.0,5.0,1.0,5.0,1.0,5.0,4.0,5.0,4.0,7,5,6,1,6,1,6,6,3,6,1,1,0,1,1,0,0,0,0,1,0,0,1,0,1,1,3,2,1,1,43,1,6,1,30,1,2,4
14287,4.0,4.0,1.0,2.0,5.0,1.0,1.0,4.0,1.0,1.0,2.0,1.0,2.0,1.0,5.0,3.0,3.0,4.0,4.0,3.0,1,6,7,5,6,4,5,3,4,2,1,1,0,1,1,0,0,1,0,1,0,0,1,1,1,1,2,2,2,1,19,1,1,1,60,2,1,3
14288,5.0,4.0,2.0,2.0,4.0,2.0,1.0,4.0,2.0,4.0,1.0,4.0,3.0,2.0,4.0,4.0,4.0,5.0,3.0,2.0,5,3,2,4,6,2,4,2,6,1,1,1,0,1,1,0,0,0,0,1,0,0,0,0,1,1,3,3,1,2,35,1,7,1,60,2,2,2
14289,1.0,4.0,5.0,2.0,1.0,1.0,3.0,1.0,5.0,5.0,1.0,1.0,3.0,4.0,3.0,3.0,3.0,4.0,2.0,1.0,7,2,6,5,7,2,7,5,2,1,1,0,0,1,1,0,0,0,0,1,0,0,1,1,1,1,2,3,2,2,18,1,10,2,10,2,1,2
14290,5.0,1.0,5.0,1.0,5.0,4.0,1.0,1.0,5.0,2.0,2.0,5.0,4.0,1.0,3.0,1.0,4.0,3.0,5.0,3.0,2,4,6,1,7,6,6,7,7,3,1,1,0,1,1,0,0,0,0,1,0,0,0,1,1,1,1,3,1,2,20,1,2,1,70,2,1,3
14291,4.0,5.0,2.0,4.0,4.0,1.0,1.0,2.0,2.0,2.0,2.0,5.0,5.0,1.0,5.0,2.0,4.0,5.0,5.0,1.0,2,5,6,1,7,7,5,6,7,2,1,1,1,1,1,1,0,0,0,1,0,0,1,1,1,1,3,3,1,2,32,1,2,1,60,1,1,3
14292,5.0,5.0,1.0,3.0,5.0,2.0,1.0,5.0,3.0,1.0,1.0,5.0,3.0,3.0,5.0,5.0,5.0,5.0,5.0,3.0,3,6,3,4,7,6,6,3,7,1,1,1,0,1,1,1,0,1,0,1,1,1,0,1,1,1,4,2,1,2,30,1,7,1,60,1,1,2
14293,4.0,3.0,3.0,3.0,4.0,2.0,1.0,2.0,3.0,2.0,1.0,5.0,2.0,2.0,2.0,1.0,3.0,4.0,5.0,2.0,6,4,5,4,4,3,5,5,3,5,1,1,0,1,1,0,0,0,0,1,0,0,1,1,1,1,4,3,1,2,35,1,1,1,70,2,2,3
14294,2.0,4.0,3.0,4.0,5.0,1.0,1.0,4.0,2.0,4.0,1.0,5.0,4.0,1.0,4.0,3.0,4.0,4.0,5.0,1.0,7,6,6,2,7,1,7,3,4,1,1,1,1,1,1,0,1,1,1,1,0,1,1,1,1,1,3,1,1,1,22,1,6,3,60,1,1,3
14295,4.0,4.0,2.0,3.0,3.0,2.0,2.0,1.0,3.0,3.0,2.0,4.0,2.0,2.0,4.0,2.0,2.0,5.0,5.0,1.0,3,6,5,5,7,5,2,3,5,3,1,1,0,1,1,0,0,0,0,1,0,0,0,1,1,1,2,1,1,1,25,1,2,1,60,2,1,2
14296,1.0,1.0,1.0,1.0,4.0,1.0,1.0,1.0,5.0,3.0,1.0,3.0,3.0,3.0,3.0,1.0,1.0,4.0,5.0,1.0,2,5,2,5,7,7,5,6,2,1,1,1,0,1,1,1,0,0,0,1,0,0,1,1,0,1,2,2,2,1,23,2,1,2,60,2,1,1
14297,1.0,5.0,5.0,1.0,5.0,2.0,1.0,1.0,4.0,5.0,2.0,4.0,2.0,1.0,4.0,1.0,2.0,5.0,5.0,5.0,3,3,1,7,6,2,7,7,5,1,1,1,0,1,1,0,0,0,0,1,0,0,1,1,1,1,3,2,1,1,29,1,2,3,60,2,1,2
14298,3.0,4.0,4.0,1.0,4.0,3.0,5.0,5.0,4.0,3.0,2.0,3.0,5.0,1.0,1.0,2.0,4.0,4.0,4.0,5.0,5,3,5,3,5,6,6,4,3,4,1,1,0,1,1,0,0,0,0,1,0,0,0,0,1,1,3,3,1,2,20,1,10,1,20,2,1,3
14299,4.0,5.0,2.0,3.0,5.0,1.0,4.0,5.0,1.0,3.0,1.0,5.0,5.0,1.0,5.0,1.0,1.0,5.0,5.0,3.0,5,5,7,5,5,6,5,5,5,1,1,1,0,1,1,0,1,1,0,1,0,0,0,0,1,1,3,3,2,1,30,1,3,1,10,2,1,2
14300,5.0,1.0,4.0,1.0,5.0,5.0,5.0,5.0,5.0,1.0,3.0,5.0,5.0,1.0,5.0,4.0,3.0,5.0,4.0,1.0,6,6,6,5,7,3,6,4,5,5,1,0,0,1,0,0,0,0,0,1,0,0,0,0,1,1,4,1,2,2,29,1,4,1,10,2,3,5
14301,2.0,1.0,4.0,2.0,5.0,4.0,1.0,1.0,1.0,5.0,1.0,5.0,1.0,1.0,5.0,4.0,2.0,4.0,1.0,1.0,2,1,6,3,5,7,7,3,7,1,1,1,0,1,1,0,0,0,0,1,0,0,1,1,1,1,2,2,2,1,20,1,6,5,30,1,1,1
14302,1.0,1.0,5.0,2.0,5.0,3.0,5.0,1.0,4.0,4.0,1.0,5.0,1.0,3.0,5.0,1.0,2.0,5.0,5.0,1.0,7,6,5,7,7,7,7,1,5,1,1,1,1,1,1,0,0,1,0,1,1,0,1,1,1,1,4,3,1,2,22,2,7,1,30,1,1,1
14303,5.0,2.0,3.0,2.0,4.0,1.0,1.0,4.0,4.0,2.0,1.0,3.0,2.0,2.0,4.0,2.0,1.0,4.0,4.0,2.0,5,5,3,6,7,2,4,2,5,4,1,1,0,1,1,0,0,0,0,1,1,1,1,1,1,1,3,3,2,1,28,1,12,1,30,2,1,0
14304,4.0,2.0,1.0,4.0,2.0,1.0,1.0,2.0,5.0,2.0,1.0,4.0,5.0,2.0,1.0,1.0,1.0,4.0,5.0,2.0,2,5,7,2,7,6,6,6,5,7,1,1,1,1,1,0,1,1,0,1,1,0,1,1,1,1,4,2,1,1,60,1,1,1,60,2,2,2
14305,5.0,2.0,5.0,3.0,4.0,4.0,1.0,5.0,3.0,1.0,1.0,2.0,5.0,2.0,3.0,4.0,4.0,4.0,2.0,1.0,7,5,6,5,7,1,7,4,6,1,1,1,1,1,1,0,0,1,0,1,1,1,1,1,1,1,2,3,1,1,24,1,1,2,0,1,1,1
14306,4.0,4.0,5.0,4.0,5.0,2.0,2.0,5.0,4.0,4.0,2.0,5.0,5.0,4.0,2.0,3.0,3.0,4.0,5.0,2.0,5,6,6,5,6,7,6,5,6,2,1,1,1,1,1,0,0,0,0,1,0,0,1,1,1,1,3,3,2,2,22,1,1,1,70,2,1,2
14307,5.0,4.0,2.0,3.0,4.0,1.0,1.0,2.0,3.0,2.0,1.0,4.0,4.0,1.0,5.0,1.0,2.0,3.0,5.0,3.0,2,5,6,1,5,7,7,4,7,5,1,1,1,1,1,1,1,1,0,1,1,0,1,1,1,1,3,2,1,1,32,1,2,2,60,1,2,2
14308,2.0,4.0,2.0,5.0,2.0,4.0,1.0,1.0,5.0,3.0,1.0,4.0,3.0,2.0,5.0,2.0,2.0,5.0,5.0,1.0,4,5,7,1,4,3,7,1,7,3,1,1,1,1,1,0,0,0,0,1,0,0,1,1,1,1,3,2,1,1,50,1,1,1,60,1,2,3
14309,5.0,3.0,2.0,4.0,4.0,2.0,2.0,4.0,3.0,4.0,2.0,4.0,4.0,3.0,4.0,2.0,2.0,4.0,4.0,2.0,6,6,5,5,5,3,5,5,2,2,1,1,0,1,1,0,0,0,0,1,0,0,1,1,1,1,3,2,1,2,21,1,4,1,10,1,1,3
14310,3.0,1.0,1.0,3.0,3.0,1.0,1.0,2.0,5.0,5.0,3.0,4.0,2.0,3.0,4.0,1.0,1.0,1.0,5.0,1.0,4,4,4,4,7,4,4,4,4,4,1,1,0,1,1,0,0,1,0,1,0,0,1,1,1,1,3,2,1,1,36,1,12,1,60,2,1,4
14311,5.0,5.0,5.0,1.0,5.0,1.0,1.0,1.0,5.0,5.0,1.0,4.0,5.0,1.0,5.0,3.0,1.0,1.0,5.0,1.0,4,7,7,2,4,4,6,4,4,1,1,1,0,1,1,0,0,0,0,1,0,0,0,0,1,1,4,3,2,1,44,1,4,1,70,1,1,1
14312,1.0,1.0,2.0,4.0,1.0,5.0,2.0,2.0,3.0,2.0,2.0,1.0,1.0,1.0,4.0,2.0,3.0,3.0,4.0,1.0,6,5,6,2,6,5,5,2,6,1,1,1,0,1,1,0,0,0,0,1,0,0,1,1,1,1,3,3,1,1,27,1,4,1,10,1,2,2
14313,5.0,5.0,5.0,2.0,5.0,2.0,1.0,5.0,3.0,1.0,2.0,2.0,1.0,2.0,3.0,2.0,2.0,4.0,5.0,1.0,6,7,2,7,7,5,6,7,2,2,1,1,0,1,1,0,0,0,0,1,0,0,1,1,1,1,2,3,2,1,18,2,4,1,70,2,1,4
14314,2.0,2.0,3.0,5.0,1.0,1.0,2.0,1.0,5.0,3.0,1.0,2.0,3.0,5.0,1.0,2.0,3.0,4.0,5.0,1.0,4,1,5,4,7,5,6,4,4,1,1,1,1,1,1,0,1,1,0,1,1,0,1,1,1,1,3,3,1,1,36,1,2,2,60,2,1,2
14315,4.0,5.0,4.0,3.0,4.0,5.0,4.0,5.0,5.0,3.0,2.0,4.0,4.0,1.0,4.0,2.0,3.0,4.0,2.0,5.0,5,6,4,6,6,5,7,4,2,1,0,1,1,1,1,0,0,0,0,1,1,0,1,1,0,0,4,2,1,2,50,1,4,1,70,1,2,4
14316,1.0,2.0,1.0,5.0,2.0,5.0,1.0,1.0,5.0,1.0,2.0,5.0,1.0,2.0,2.0,5.0,1.0,1.0,5.0,5.0,6,5,5,1,7,6,7,1,7,3,1,1,0,1,1,1,0,1,1,1,0,1,1,1,1,1,4,3,1,1,36,1,7,0,70,1,3,6
14317,4.0,4.0,1.0,2.0,5.0,1.0,1.0,5.0,2.0,3.0,1.0,5.0,4.0,1.0,3.0,1.0,2.0,5.0,1.0,2.0,7,7,5,6,6,1,2,5,2,3,1,1,0,1,1,0,0,0,0,1,0,0,1,1,1,1,2,2,1,1,18,1,5,2,60,2,1,6
14318,4.0,4.0,1.0,5.0,4.0,1.0,1.0,2.0,3.0,1.0,1.0,4.0,4.0,3.0,4.0,2.0,1.0,4.0,4.0,3.0,4,7,3,2,7,7,6,5,3,1,1,1,1,1,1,0,1,0,0,1,1,0,1,1,1,1,4,0,1,1,51,1,2,1,60,2,2,2
14319,1.0,2.0,2.0,1.0,2.0,2.0,1.0,1.0,4.0,4.0,1.0,3.0,1.0,1.0,3.0,1.0,1.0,4.0,5.0,1.0,2,6,1,7,5,5,5,5,2,3,1,1,1,1,1,0,0,0,0,1,1,0,1,1,1,1,3,3,2,1,23,1,2,2,60,1,1,2
14320,4.0,4.0,2.0,2.0,5.0,3.0,3.0,5.0,4.0,4.0,2.0,4.0,4.0,4.0,4.0,2.0,2.0,4.0,5.0,4.0,3,5,6,6,5,4,1,2,2,4,1,1,0,1,1,0,1,1,0,1,0,1,0,1,1,1,4,3,2,2,20,1,4,3,10,1,1,3
14321,5.0,3.0,5.0,2.0,5.0,2.0,3.0,3.0,3.0,3.0,1.0,4.0,5.0,1.0,4.0,3.0,5.0,5.0,5.0,5.0,6,5,6,3,6,6,4,2,4,1,1,1,0,1,1,0,1,0,0,1,1,0,0,1,1,1,2,3,1,1,20,1,10,1,10,1,1,4
14322,5.0,5.0,3.0,1.0,5.0,1.0,1.0,5.0,1.0,3.0,1.0,5.0,5.0,1.0,5.0,2.0,2.0,5.0,5.0,5.0,6,7,7,3,7,1,6,2,6,1,0,0,0,1,0,0,0,0,0,1,0,0,0,0,1,1,4,3,1,2,28,1,2,2,10,1,2,2
14323,2.0,4.0,1.0,5.0,5.0,2.0,2.0,4.0,5.0,5.0,1.0,5.0,4.0,3.0,4.0,1.0,1.0,4.0,4.0,3.0,1,5,6,2,4,6,4,3,6,4,1,1,1,1,1,0,1,0,0,1,0,0,1,1,1,1,3,2,2,1,56,1,2,1,60,1,1,5
14324,5.0,5.0,3.0,1.0,5.0,5.0,5.0,5.0,5.0,3.0,5.0,3.0,5.0,1.0,4.0,5.0,1.0,3.0,5.0,1.0,1,6,3,5,7,5,7,7,5,4,0,0,0,1,0,0,0,1,0,0,0,0,0,0,0,1,3,2,1,2,22,1,6,1,10,2,1,4
14325,3.0,4.0,3.0,4.0,2.0,5.0,3.0,1.0,5.0,3.0,3.0,1.0,2.0,3.0,3.0,4.0,3.0,3.0,5.0,1.0,7,3,5,1,7,3,5,5,7,1,1,1,0,1,1,0,0,0,0,1,0,0,0,1,1,1,2,2,1,1,23,1,4,1,70,2,2,4
14326,5.0,5.0,3.0,1.0,5.0,4.0,4.0,5.0,2.0,5.0,1.0,5.0,5.0,1.0,4.0,1.0,3.0,4.0,4.0,3.0,5,1,7,4,6,6,4,2,5,2,1,0,0,1,1,0,0,0,0,1,0,0,0,0,1,1,4,3,1,2,28,1,12,1,10,1,1,0
14327,4.0,5.0,1.0,4.0,4.0,1.0,1.0,5.0,3.0,1.0,1.0,5.0,2.0,1.0,5.0,1.0,1.0,5.0,5.0,1.0,1,7,1,3,7,7,1,7,3,1,1,1,0,1,1,0,0,1,0,1,0,0,1,1,1,1,2,1,1,1,20,3,2,1,60,1,1,0
14328,2.0,2.0,5.0,5.0,2.0,4.0,3.0,2.0,5.0,5.0,4.0,1.0,1.0,4.0,4.0,3.0,4.0,4.0,4.0,1.0,6,4,6,3,7,6,6,5,3,2,1,1,1,1,1,0,0,1,0,1,0,0,1,1,1,1,3,2,2,2,19,2,1,2,70,2,1,4
14329,2.0,3.0,3.0,4.0,1.0,2.0,2.0,3.0,4.0,4.0,2.0,5.0,3.0,2.0,5.0,5.0,3.0,2.0,5.0,1.0,0,6,7,5,7,6,5,2,4,1,1,1,1,1,1,0,0,0,0,1,0,0,1,1,1,1,2,2,1,1,23,1,4,1,60,2,1,3
14330,4.0,2.0,5.0,1.0,1.0,5.0,5.0,3.0,5.0,5.0,3.0,2.0,1.0,1.0,1.0,4.0,2.0,4.0,1.0,1.0,5,1,7,1,7,4,6,1,7,1,1,1,0,1,1,0,1,0,0,1,0,0,0,0,1,1,3,3,2,2,22,1,8,1,10,1,1,2
14331,1.0,4.0,4.0,5.0,3.0,5.0,4.0,4.0,5.0,4.0,4.0,4.0,4.0,5.0,1.0,2.0,2.0,2.0,1.0,4.0,4,1,7,3,7,6,7,1,6,2,0,0,0,0,0,0,0,0,0,0,0,0,0,0,0,0,4,3,1,2,32,2,7,3,70,1,2,3
14332,4.0,2.0,4.0,5.0,4.0,5.0,5.0,4.0,5.0,4.0,2.0,2.0,2.0,4.0,1.0,2.0,2.0,4.0,2.0,4.0,6,1,6,5,7,6,7,1,6,2,1,1,1,1,1,0,0,0,0,1,1,0,0,1,1,1,4,3,1,2,32,2,7,1,10,1,2,3
14333,5.0,5.0,5.0,5.0,5.0,5.0,5.0,1.0,5.0,5.0,1.0,5.0,5.0,5.0,5.0,3.0,5.0,5.0,1.0,1.0,7,5,7,1,7,1,7,1,7,1,1,1,1,1,1,1,1,1,1,1,1,1,1,1,1,1,4,3,1,2,27,1,7,1,10,2,1,3
14334,4.0,5.0,1.0,5.0,1.0,4.0,2.0,5.0,5.0,2.0,3.0,1.0,2.0,1.0,4.0,1.0,2.0,4.0,5.0,1.0,5,6,5,3,6,3,7,3,7,3,1,1,1,1,1,0,0,0,1,1,0,0,1,1,1,1,3,3,1,1,21,1,1,3,60,1,1,4
14335,3.0,4.0,3.0,2.0,1.0,1.0,1.0,4.0,3.0,2.0,2.0,5.0,2.0,1.0,5.0,1.0,2.0,4.0,5.0,1.0,3,4,6,2,6,5,4,5,7,2,1,1,0,1,1,0,0,0,0,1,0,0,1,0,1,1,2,3,1,1,30,1,2,1,10,1,1,3
14336,1.0,2.0,3.0,2.0,4.0,4.0,2.0,4.0,5.0,1.0,3.0,4.0,1.0,2.0,2.0,5.0,5.0,2.0,3.0,1.0,3,2,7,7,6,6,7,5,2,2,1,1,1,1,1,0,0,0,0,1,0,0,1,1,1,1,3,1,1,1,46,1,6,1,60,1,3,2
14337,4.0,2.0,2.0,2.0,5.0,4.0,2.0,2.0,5.0,5.0,1.0,4.0,4.0,1.0,1.0,2.0,4.0,4.0,3.0,3.0,7,3,7,1,7,5,7,1,4,1,1,1,0,1,1,0,0,1,0,1,0,0,0,1,1,1,3,3,2,2,28,1,10,1,20,2,1,2
14338,1.0,1.0,4.0,3.0,2.0,5.0,2.0,1.0,5.0,4.0,2.0,1.0,1.0,5.0,1.0,2.0,3.0,2.0,5.0,3.0,4,6,7,3,6,6,6,5,4,3,1,1,0,1,1,0,0,1,0,1,1,0,1,1,1,1,3,2,2,1,24,3,1,1,60,1,1,4
14339,5.0,5.0,1.0,1.0,5.0,1.0,1.0,5.0,1.0,5.0,2.0,5.0,5.0,3.0,5.0,4.0,1.0,5.0,5.0,5.0,7,6,7,5,7,5,4,1,6,2,1,1,0,0,1,0,0,1,1,1,0,1,1,1,1,1,3,2,1,2,37,1,8,1,10,1,2,4
14340,2.0,2.0,3.0,4.0,2.0,2.0,3.0,2.0,4.0,3.0,1.0,4.0,2.0,3.0,4.0,4.0,4.0,4.0,4.0,3.0,2,5,6,2,5,6,2,3,5,3,1,1,0,1,1,0,0,0,0,1,1,0,1,1,1,1,2,3,1,2,34,1,2,1,60,2,1,2
14341,5.0,4.0,4.0,4.0,2.0,3.0,1.0,4.0,1.0,2.0,1.0,5.0,5.0,2.0,3.0,5.0,1.0,4.0,5.0,4.0,6,5,6,5,5,2,5,2,2,2,1,1,1,1,1,1,1,0,1,1,0,1,1,1,1,1,3,2,1,1,26,1,2,1,60,1,1,2
14342,1.0,2.0,5.0,4.0,4.0,4.0,4.0,1.0,4.0,5.0,1.0,1.0,4.0,4.0,3.0,4.0,1.0,4.0,4.0,1.0,3,7,7,2,7,5,4,1,6,1,1,1,0,1,1,0,0,1,0,1,1,0,0,1,1,1,3,1,2,2,49,1,4,1,60,1,2,2
14343,5.0,5.0,5.0,3.0,4.0,5.0,5.0,5.0,5.0,5.0,4.0,5.0,4.0,1.0,4.0,5.0,5.0,5.0,5.0,5.0,4,1,6,5,6,5,6,1,7,1,1,1,0,1,1,0,0,0,0,1,0,0,0,0,1,1,2,3,1,2,42,2,10,1,10,1,2,2
14344,4.0,3.0,1.0,1.0,5.0,1.0,1.0,4.0,2.0,1.0,1.0,4.0,5.0,1.0,3.0,2.0,1.0,4.0,5.0,3.0,6,7,5,5,6,4,6,5,7,1,1,0,1,1,1,0,0,1,0,1,1,0,1,1,1,1,4,3,1,2,33,1,2,1,70,2,2,0
14345,5.0,5.0,2.0,1.0,5.0,1.0,1.0,4.0,2.0,2.0,1.0,5.0,3.0,1.0,5.0,2.0,1.0,3.0,3.0,5.0,1,5,4,1,5,7,1,6,6,2,1,1,0,1,1,0,0,1,0,1,0,0,1,1,1,1,3,2,1,1,34,1,1,1,60,1,1,2
14346,2.0,2.0,1.0,4.0,2.0,1.0,2.0,4.0,5.0,4.0,1.0,2.0,2.0,2.0,2.0,1.0,5.0,4.0,5.0,1.0,6,6,7,5,6,2,5,3,6,2,1,1,1,1,1,1,1,1,0,1,0,1,1,1,1,1,4,1,2,1,45,1,12,0,0,1,3,0
14347,4.0,4.0,2.0,1.0,4.0,1.0,1.0,3.0,5.0,4.0,2.0,5.0,4.0,2.0,2.0,1.0,1.0,4.0,4.0,3.0,6,3,2,7,7,5,5,6,3,1,1,1,0,1,1,1,0,1,0,1,1,0,1,1,1,1,2,2,1,1,18,2,4,3,30,2,1,3
14348,5.0,5.0,1.0,1.0,5.0,1.0,2.0,4.0,1.0,1.0,1.0,5.0,1.0,5.0,5.0,1.0,2.0,5.0,5.0,4.0,6,7,5,5,6,6,3,5,2,1,1,1,0,1,1,0,0,0,0,1,0,0,1,1,1,1,3,2,2,2,32,1,10,1,70,2,1,4
14349,4.0,4.0,4.0,4.0,4.0,4.0,2.0,2.0,5.0,2.0,2.0,4.0,4.0,4.0,4.0,2.0,4.0,4.0,4.0,4.0,2,5,5,5,5,5,5,3,5,3,1,1,0,1,1,0,0,1,0,0,0,0,0,1,0,1,3,3,2,2,32,1,2,1,60,2,1,1
14350,4.0,5.0,1.0,1.0,5.0,1.0,1.0,5.0,1.0,1.0,1.0,5.0,5.0,1.0,5.0,1.0,1.0,5.0,5.0,4.0,2,7,6,0,7,6,1,2,5,2,1,1,1,1,1,1,1,1,0,1,1,1,1,1,1,1,3,3,1,2,30,2,1,2,30,2,1,4
14351,5.0,5.0,3.0,1.0,5.0,2.0,1.0,3.0,3.0,3.0,1.0,5.0,5.0,1.0,3.0,1.0,4.0,1.0,5.0,5.0,2,5,7,7,7,7,3,4,6,2,1,1,1,1,1,0,0,0,0,1,0,0,1,1,1,1,3,2,2,1,26,1,1,1,30,2,1,1
14352,5.0,4.0,2.0,1.0,4.0,2.0,1.0,4.0,2.0,4.0,1.0,5.0,4.0,1.0,3.0,4.0,1.0,5.0,4.0,1.0,4,6,6,3,6,5,5,2,6,5,1,1,1,1,1,0,0,1,0,1,1,0,1,1,1,1,2,3,2,2,23,2,7,1,20,2,1,3
14353,4.0,5.0,1.0,2.0,3.0,4.0,3.0,2.0,2.0,1.0,1.0,5.0,2.0,1.0,5.0,1.0,1.0,3.0,5.0,1.0,6,5,6,2,7,6,4,5,7,1,1,1,0,1,1,0,0,1,0,1,0,0,1,1,1,1,4,3,1,2,26,1,2,1,60,2,1,2
14354,4.0,4.0,5.0,3.0,4.0,4.0,2.0,1.0,5.0,4.0,1.0,4.0,1.0,2.0,3.0,2.0,1.0,4.0,4.0,1.0,6,2,5,7,6,2,7,7,2,1,1,1,1,1,1,0,0,0,0,1,1,0,1,1,1,0,3,2,2,1,37,1,1,0,60,2,2,2
14355,5.0,5.0,4.0,1.0,4.0,4.0,2.0,5.0,5.0,5.0,1.0,5.0,5.0,1.0,4.0,3.0,2.0,5.0,5.0,5.0,5,1,6,2,7,7,6,2,7,4,1,1,0,1,1,1,0,1,0,1,0,0,0,0,1,1,3,3,1,2,59,1,7,1,30,2,2,10
14356,5.0,5.0,4.0,1.0,5.0,5.0,1.0,2.0,4.0,4.0,1.0,5.0,5.0,1.0,5.0,5.0,3.0,5.0,5.0,5.0,2,7,3,5,7,7,6,3,6,1,0,1,1,1,1,0,0,1,0,1,0,1,1,1,1,1,2,2,2,2,19,1,2,1,70,2,1,0
14357,1.0,1.0,5.0,3.0,4.0,4.0,2.0,2.0,5.0,5.0,3.0,4.0,1.0,4.0,1.0,2.0,2.0,1.0,5.0,1.0,3,5,7,2,7,6,4,1,5,3,1,1,0,1,1,0,0,0,0,1,0,0,1,1,1,1,3,2,2,1,25,1,2,1,60,2,1,3
14358,4.0,4.0,2.0,2.0,4.0,4.0,1.0,5.0,3.0,3.0,2.0,5.0,4.0,1.0,4.0,1.0,1.0,5.0,5.0,1.0,6,7,5,2,3,4,5,5,5,1,1,1,0,1,1,0,0,0,0,1,0,0,1,1,1,0,3,2,1,1,26,2,1,3,60,2,2,2
14359,1.0,2.0,5.0,3.0,1.0,5.0,4.0,1.0,5.0,4.0,2.0,1.0,1.0,4.0,5.0,5.0,2.0,1.0,5.0,1.0,7,1,6,5,7,1,7,3,3,3,0,1,0,0,1,0,0,0,0,0,0,0,1,0,1,0,2,2,2,1,19,2,1,1,60,2,1,4
14360,4.0,4.0,3.0,4.0,5.0,2.0,1.0,5.0,2.0,2.0,2.0,4.0,4.0,3.0,5.0,3.0,2.0,4.0,4.0,3.0,6,3,5,3,7,2,7,6,2,3,1,1,0,1,1,0,0,1,0,1,1,0,1,1,1,1,3,2,2,2,35,1,2,2,60,1,2,2
14361,5.0,5.0,1.0,2.0,5.0,1.0,3.0,5.0,3.0,4.0,1.0,5.0,4.0,1.0,5.0,1.0,5.0,5.0,5.0,4.0,7,7,7,5,7,1,5,1,3,7,1,1,1,1,1,1,0,0,1,1,0,1,1,1,1,1,3,3,1,1,27,1,7,3,60,1,1,2
14362,3.0,4.0,2.0,3.0,4.0,1.0,1.0,4.0,2.0,2.0,2.0,3.0,2.0,2.0,5.0,4.0,4.0,2.0,5.0,1.0,5,3,5,2,6,2,7,2,6,7,1,1,1,1,1,0,0,1,0,1,1,0,1,1,1,1,3,2,1,1,27,1,2,1,60,2,1,1
14363,2.0,2.0,2.0,2.0,2.0,2.0,1.0,1.0,5.0,4.0,1.0,2.0,2.0,1.0,4.0,5.0,3.0,4.0,5.0,1.0,5,0,0,0,0,0,0,0,0,0,1,1,1,1,1,0,1,0,0,1,1,1,1,1,1,1,4,3,1,1,30,1,1,3,60,1,1,4
14364,1.0,1.0,5.0,5.0,1.0,1.0,1.0,4.0,5.0,3.0,3.0,1.0,1.0,1.0,1.0,1.0,1.0,1.0,5.0,1.0,5,5,5,4,6,4,5,5,5,2,1,1,1,1,1,0,1,1,0,1,1,0,1,1,1,1,3,2,2,1,48,1,4,1,10,2,1,3
14365,1.0,2.0,4.0,4.0,1.0,2.0,1.0,1.0,5.0,2.0,1.0,1.0,1.0,2.0,4.0,2.0,5.0,1.0,5.0,2.0,5,3,6,2,7,5,7,5,6,2,1,1,0,1,1,0,0,1,0,1,0,0,0,1,1,1,3,3,2,1,23,1,1,2,60,1,1,2
14366,2.0,3.0,4.0,2.0,5.0,3.0,2.0,4.0,5.0,3.0,2.0,4.0,4.0,2.0,3.0,4.0,3.0,3.0,4.0,1.0,5,5,4,6,3,5,2,4,3,2,1,1,0,1,1,0,0,0,0,1,0,0,1,1,1,1,1,1,2,1,15,1,6,1,50,2,1,2
14367,4.0,5.0,2.0,4.0,3.0,2.0,2.0,3.0,2.0,2.0,2.0,4.0,4.0,1.0,4.0,3.0,1.0,4.0,5.0,1.0,5,6,3,3,5,5,2,6,5,4,1,1,0,1,1,0,0,0,0,1,0,0,1,1,1,1,2,3,1,1,16,1,2,1,60,2,1,2
14368,1.0,1.0,3.0,5.0,1.0,5.0,4.0,1.0,5.0,5.0,4.0,1.0,1.0,4.0,2.0,5.0,5.0,1.0,5.0,1.0,6,3,5,7,7,2,7,7,1,1,1,1,1,1,1,0,0,0,0,1,1,0,1,1,1,1,2,2,1,1,18,1,4,2,60,2,1,1
14369,4.0,5.0,4.0,1.0,5.0,4.0,3.0,5.0,5.0,4.0,1.0,4.0,4.0,1.0,3.0,1.0,1.0,5.0,3.0,5.0,2,1,7,1,4,3,7,1,7,4,1,1,1,1,1,0,1,1,0,1,1,0,1,1,1,1,4,3,1,2,50,1,4,1,60,1,2,2
14370,2.0,3.0,3.0,4.0,4.0,2.0,2.0,3.0,3.0,1.0,3.0,4.0,2.0,2.0,4.0,2.0,4.0,4.0,5.0,1.0,6,2,3,3,6,2,5,5,5,2,1,1,0,1,1,0,1,0,0,1,0,0,1,1,1,1,4,3,2,2,23,1,12,1,10,2,1,1
14371,4.0,1.0,2.0,3.0,3.0,4.0,3.0,5.0,5.0,2.0,4.0,4.0,1.0,1.0,4.0,5.0,3.0,1.0,5.0,4.0,3,7,2,5,7,4,3,5,5,1,1,1,0,1,1,0,0,1,1,1,0,1,0,1,1,1,3,3,1,2,21,1,4,1,60,2,1,1
14372,5.0,4.0,3.0,1.0,5.0,3.0,1.0,2.0,1.0,1.0,1.0,5.0,1.0,1.0,5.0,1.0,1.0,2.0,5.0,1.0,6,7,6,2,7,1,6,6,7,2,1,1,0,1,1,0,0,1,0,1,0,0,1,1,1,1,3,1,1,1,23,1,4,1,60,1,1,4
14373,4.0,2.0,1.0,5.0,5.0,1.0,1.0,4.0,1.0,1.0,1.0,4.0,2.0,1.0,4.0,1.0,2.0,5.0,5.0,2.0,1,5,6,2,6,5,2,1,7,1,1,1,0,1,1,0,0,0,0,1,0,0,0,1,1,1,2,2,2,1,18,1,12,2,60,2,1,6
14374,5.0,5.0,1.0,5.0,5.0,1.0,1.0,1.0,5.0,1.0,1.0,1.0,5.0,5.0,5.0,5.0,1.0,4.0,5.0,5.0,7,5,6,5,7,2,7,5,1,1,1,1,1,1,1,0,0,0,0,1,0,0,0,1,1,1,1,2,2,1,13,1,7,1,60,2,1,3
14375,4.0,4.0,3.0,1.0,5.0,4.0,3.0,4.0,4.0,2.0,3.0,5.0,4.0,1.0,4.0,3.0,1.0,4.0,5.0,1.0,6,6,5,3,6,0,6,6,4,2,1,1,1,1,0,0,0,0,0,1,0,0,0,0,1,1,1,3,2,2,15,1,7,2,60,2,1,1
14376,1.0,1.0,5.0,5.0,1.0,5.0,5.0,2.0,5.0,5.0,1.0,5.0,1.0,2.0,1.0,1.0,2.0,1.0,4.0,1.0,7,5,3,2,4,1,7,3,5,1,1,1,0,1,1,0,0,0,0,1,0,0,0,0,1,1,3,3,2,2,34,1,10,5,20,2,2,3
14377,4.0,1.0,2.0,3.0,3.0,1.0,2.0,4.0,4.0,2.0,2.0,5.0,4.0,3.0,4.0,1.0,2.0,2.0,2.0,4.0,1,6,5,2,5,7,3,1,7,2,1,1,0,1,1,0,0,0,0,1,0,0,0,1,1,1,2,1,2,1,18,1,6,1,60,2,1,3
14378,1.0,3.0,5.0,4.0,3.0,5.0,5.0,1.0,5.0,5.0,1.0,1.0,1.0,3.0,4.0,5.0,1.0,1.0,1.0,1.0,0,0,0,0,0,0,0,0,0,0,1,1,1,1,1,0,0,1,0,1,0,1,1,1,1,1,3,1,2,1,54,1,4,1,60,1,2,4
14379,1.0,1.0,4.0,2.0,4.0,4.0,4.0,4.0,5.0,5.0,3.0,3.0,2.0,1.0,3.0,4.0,4.0,3.0,5.0,2.0,6,6,4,5,7,2,7,1,3,1,1,1,0,1,1,0,0,0,0,1,0,0,0,1,1,1,3,3,1,1,26,1,10,1,60,1,1,3
14380,5.0,5.0,1.0,1.0,5.0,1.0,1.0,1.0,1.0,1.0,1.0,5.0,5.0,1.0,5.0,1.0,1.0,5.0,5.0,5.0,6,6,5,1,6,7,1,4,7,1,1,1,1,1,0,1,1,1,1,1,1,1,1,1,1,1,3,3,1,2,20,1,2,2,50,2,1,3
14381,5.0,5.0,3.0,3.0,5.0,2.0,1.0,4.0,3.0,3.0,1.0,5.0,4.0,2.0,3.0,2.0,1.0,2.0,3.0,3.0,2,3,5,5,5,7,5,2,4,4,1,1,1,1,1,0,1,1,0,1,0,0,1,1,1,1,3,1,1,1,30,1,4,1,60,2,1,2
14382,5.0,3.0,1.0,2.0,5.0,1.0,2.0,4.0,4.0,2.0,1.0,5.0,4.0,1.0,4.0,1.0,1.0,4.0,4.0,2.0,2,7,6,6,5,4,2,1,3,3,1,1,0,1,1,0,0,0,0,1,0,0,1,1,1,1,3,3,1,1,22,1,4,1,60,1,1,5
14383,2.0,5.0,1.0,2.0,5.0,1.0,1.0,3.0,3.0,4.0,1.0,4.0,4.0,1.0,5.0,1.0,1.0,3.0,5.0,5.0,4,6,6,5,6,6,5,2,3,1,1,1,1,1,1,1,1,1,0,1,1,0,1,1,1,1,3,3,2,1,22,1,4,2,70,1,1,2
14384,5.0,5.0,4.0,2.0,5.0,2.0,1.0,5.0,2.0,2.0,2.0,4.0,5.0,1.0,5.0,2.0,5.0,5.0,5.0,5.0,6,7,7,6,7,6,6,1,5,2,1,1,0,1,1,0,0,1,0,1,1,0,1,1,1,1,2,3,1,2,21,1,12,1,10,2,1,3
14385,1.0,1.0,5.0,2.0,4.0,5.0,5.0,1.0,5.0,5.0,2.0,4.0,1.0,3.0,2.0,2.0,1.0,1.0,2.0,1.0,3,4,5,1,5,6,3,2,5,6,1,1,0,1,1,0,0,0,0,1,0,0,1,1,1,1,3,1,1,1,34,1,7,1,60,1,2,3
14386,5.0,5.0,1.0,1.0,5.0,1.0,1.0,1.0,1.0,1.0,1.0,5.0,5.0,1.0,5.0,1.0,1.0,5.0,5.0,1.0,7,7,7,1,7,1,6,1,1,1,1,1,1,1,1,0,0,1,0,1,0,0,1,1,1,1,2,3,1,1,39,2,7,1,60,2,2,2
14387,5.0,4.0,1.0,1.0,5.0,1.0,1.0,5.0,1.0,2.0,1.0,5.0,4.0,3.0,5.0,1.0,3.0,5.0,5.0,2.0,6,2,7,2,7,6,5,2,7,1,1,1,1,1,1,0,0,1,0,1,0,0,1,1,1,1,3,3,2,2,30,1,2,2,60,2,2,2
14388,4.0,3.0,3.0,5.0,4.0,5.0,5.0,3.0,5.0,5.0,1.0,2.0,1.0,3.0,3.0,4.0,2.0,3.0,1.0,4.0,2,4,7,4,7,7,3,5,6,4,1,1,1,1,1,0,0,0,0,1,0,0,1,1,1,1,3,1,1,1,52,1,4,1,60,1,2,7
14389,4.0,3.0,2.0,4.0,4.0,2.0,2.0,4.0,3.0,3.0,2.0,4.0,4.0,4.0,2.0,2.0,2.0,4.0,5.0,1.0,6,6,7,6,5,4,3,2,3,2,1,1,0,1,1,0,0,0,0,1,0,0,1,1,1,1,3,3,2,1,39,1,7,1,60,1,2,4
14390,5.0,5.0,1.0,2.0,4.0,1.0,1.0,4.0,2.0,1.0,1.0,5.0,1.0,1.0,4.0,2.0,1.0,5.0,5.0,4.0,2,5,4,1,6,7,6,3,6,2,1,1,1,1,1,0,1,1,0,1,1,0,1,1,1,1,3,1,1,2,35,1,1,1,60,1,1,2
14391,4.0,4.0,2.0,3.0,4.0,1.0,2.0,3.0,3.0,1.0,1.0,4.0,2.0,2.0,3.0,1.0,3.0,4.0,4.0,4.0,2,6,5,6,4,3,4,3,5,6,1,1,1,1,1,1,0,0,0,1,0,0,1,1,1,1,3,2,1,1,20,1,2,1,60,1,1,3
14392,1.0,1.0,2.0,5.0,1.0,1.0,2.0,1.0,2.0,3.0,4.0,1.0,1.0,1.0,1.0,4.0,1.0,5.0,5.0,3.0,5,1,4,6,7,6,6,7,7,1,1,1,1,1,1,0,1,1,0,1,1,0,1,1,1,1,3,3,2,1,47,1,12,1,60,1,1,1
14393,4.0,2.0,4.0,4.0,3.0,1.0,1.0,2.0,5.0,2.0,1.0,5.0,1.0,1.0,3.0,2.0,1.0,5.0,5.0,3.0,2,7,2,6,6,1,7,7,1,1,1,1,0,1,1,0,0,1,0,1,1,0,1,1,1,1,2,2,1,2,25,2,12,1,70,2,1,3
14394,4.0,2.0,5.0,2.0,5.0,2.0,4.0,4.0,5.0,5.0,1.0,4.0,2.0,2.0,3.0,5.0,4.0,4.0,5.0,1.0,6,2,6,5,7,6,6,5,7,4,1,0,0,1,1,0,0,0,0,1,0,0,1,1,1,1,4,1,1,2,19,2,8,1,10,2,1,2
14395,5.0,1.0,2.0,2.0,5.0,4.0,1.0,5.0,5.0,5.0,1.0,5.0,5.0,1.0,4.0,1.0,1.0,5.0,5.0,5.0,7,6,6,3,7,1,6,3,5,1,1,1,0,1,1,0,0,0,0,1,0,0,1,1,1,1,3,2,1,1,21,1,1,1,30,1,1,1
14396,4.0,5.0,1.0,2.0,5.0,1.0,1.0,4.0,2.0,2.0,1.0,4.0,4.0,1.0,5.0,1.0,1.0,5.0,5.0,2.0,1,3,4,1,6,7,3,6,6,2,0,0,0,0,0,0,0,0,0,0,0,0,0,0,0,0,4,3,2,0,27,1,2,2,60,1,1,3
14397,5.0,5.0,1.0,3.0,5.0,1.0,1.0,4.0,1.0,2.0,1.0,4.0,5.0,4.0,5.0,1.0,5.0,5.0,1.0,3.0,6,5,5,3,3,5,1,1,5,1,1,1,0,1,1,1,1,0,0,1,0,1,1,1,1,1,2,2,1,1,18,3,2,1,60,1,1,2
14398,5.0,5.0,1.0,1.0,5.0,2.0,2.0,5.0,3.0,4.0,1.0,5.0,5.0,2.0,3.0,1.0,1.0,5.0,5.0,4.0,1,7,7,1,7,7,2,1,7,1,1,1,1,1,1,0,1,1,0,1,1,0,1,1,1,1,2,2,1,1,16,1,2,1,10,2,1,2
14399,4.0,1.0,2.0,3.0,4.0,4.0,2.0,4.0,5.0,5.0,1.0,5.0,1.0,1.0,1.0,2.0,2.0,2.0,5.0,1.0,6,5,7,2,7,1,4,2,6,5,1,1,0,1,1,0,0,0,0,1,1,0,1,1,1,1,4,2,2,2,25,1,4,1,30,2,1,2
14400,5.0,4.0,4.0,2.0,5.0,2.0,1.0,5.0,5.0,2.0,1.0,5.0,5.0,1.0,4.0,2.0,2.0,4.0,5.0,4.0,1,4,7,2,5,7,3,2,7,2,1,1,1,1,1,0,0,0,0,1,1,0,1,1,1,1,1,1,1,2,28,1,1,1,30,2,1,4
14401,4.0,2.0,4.0,5.0,4.0,3.0,2.0,2.0,4.0,4.0,4.0,2.0,4.0,4.0,4.0,4.0,2.0,4.0,5.0,1.0,5,3,6,1,6,3,6,2,6,2,1,1,0,1,1,0,1,1,1,1,0,0,0,1,1,1,4,2,2,1,32,2,7,1,60,1,1,3
14402,1.0,2.0,2.0,3.0,4.0,5.0,2.0,1.0,5.0,5.0,1.0,2.0,5.0,1.0,1.0,2.0,1.0,4.0,5.0,1.0,5,5,5,1,7,6,3,5,7,1,1,1,1,1,1,0,0,0,0,1,0,0,1,1,1,1,3,1,3,1,27,1,1,5,30,2,1,2
14403,4.0,5.0,5.0,5.0,4.0,3.0,2.0,2.0,5.0,5.0,3.0,3.0,2.0,5.0,3.0,5.0,5.0,3.0,5.0,3.0,5,7,7,6,6,4,5,2,6,6,1,1,0,1,1,0,0,1,0,1,0,0,1,1,1,1,3,2,1,2,21,1,4,1,10,2,1,2
14404,3.0,3.0,3.0,3.0,5.0,1.0,1.0,3.0,3.0,3.0,2.0,5.0,1.0,1.0,3.0,3.0,1.0,3.0,5.0,3.0,5,6,5,5,6,3,5,5,4,1,1,1,0,1,1,0,0,1,0,1,0,0,1,1,1,0,3,2,1,1,26,1,12,1,60,1,1,3
14405,2.0,5.0,4.0,3.0,5.0,1.0,1.0,2.0,2.0,1.0,3.0,5.0,5.0,1.0,5.0,4.0,5.0,1.0,5.0,2.0,6,2,3,3,7,4,6,6,2,1,1,1,0,1,1,0,0,1,0,1,0,0,0,1,1,1,3,3,2,2,26,1,10,1,60,1,1,2
14406,2.0,2.0,4.0,4.0,4.0,2.0,1.0,1.0,5.0,5.0,1.0,1.0,1.0,2.0,2.0,4.0,2.0,4.0,5.0,1.0,2,1,5,5,5,6,6,5,3,3,1,1,0,1,1,0,0,0,0,1,0,0,1,1,1,1,3,3,2,2,35,1,2,5,60,2,1,2
14407,5.0,5.0,2.0,1.0,5.0,2.0,2.0,5.0,3.0,5.0,1.0,5.0,4.0,1.0,4.0,1.0,1.0,4.0,4.0,4.0,6,6,7,5,3,3,6,1,5,1,1,1,0,1,1,0,0,0,0,1,0,0,1,1,1,1,0,1,1,1,52,1,6,1,60,1,2,2
14408,2.0,1.0,2.0,4.0,3.0,2.0,2.0,1.0,4.0,4.0,2.0,4.0,1.0,2.0,4.0,4.0,2.0,3.0,5.0,1.0,5,5,5,6,6,5,4,5,5,2,1,1,0,1,1,0,0,0,0,1,0,0,1,1,1,1,3,2,2,1,50,1,0,1,60,1,2,3
14409,3.0,5.0,4.0,3.0,1.0,1.0,1.0,5.0,5.0,2.0,4.0,4.0,3.0,5.0,1.0,2.0,4.0,4.0,5.0,5.0,3,3,3,6,7,5,3,5,2,1,1,1,0,1,1,0,0,0,0,1,0,0,0,1,1,1,4,2,1,2,24,1,8,1,10,2,1,2
14410,3.0,5.0,5.0,1.0,5.0,3.0,3.0,2.0,5.0,5.0,1.0,4.0,5.0,1.0,3.0,4.0,2.0,4.0,5.0,3.0,4,5,7,5,6,5,5,1,5,1,1,1,0,1,1,0,0,0,0,1,0,0,1,1,1,1,3,3,1,2,42,3,12,1,60,1,2,2
14411,5.0,5.0,2.0,2.0,5.0,2.0,1.0,4.0,4.0,3.0,2.0,5.0,4.0,2.0,4.0,2.0,4.0,4.0,3.0,2.0,5,5,3,6,7,6,4,5,6,7,1,1,0,1,1,0,0,1,0,1,0,0,1,1,1,1,3,3,2,2,26,1,7,2,10,1,1,2
14412,4.0,5.0,3.0,2.0,5.0,2.0,1.0,5.0,2.0,2.0,1.0,4.0,4.0,1.0,3.0,1.0,1.0,4.0,5.0,3.0,7,7,6,3,5,2,6,3,5,1,1,1,0,1,1,0,0,0,0,1,1,0,1,1,1,1,3,3,1,2,26,1,1,1,60,2,1,1
14413,5.0,5.0,1.0,1.0,5.0,1.0,1.0,4.0,1.0,5.0,1.0,5.0,5.0,1.0,5.0,1.0,1.0,5.0,5.0,4.0,7,6,6,1,7,2,5,0,6,1,1,1,1,1,1,0,1,1,0,1,1,0,1,1,1,1,3,1,1,1,26,1,6,1,60,1,1,2
14414,1.0,1.0,1.0,2.0,5.0,1.0,1.0,5.0,1.0,3.0,1.0,4.0,5.0,2.0,1.0,5.0,5.0,5.0,5.0,5.0,7,7,1,1,7,1,2,7,7,1,1,1,0,1,1,0,0,0,0,0,0,0,0,1,1,1,4,2,1,2,25,2,2,1,20,2,1,1
14415,5.0,4.0,1.0,4.0,5.0,5.0,4.0,4.0,5.0,4.0,4.0,5.0,4.0,1.0,5.0,4.0,4.0,1.0,5.0,4.0,6,5,6,6,7,5,6,4,3,1,1,1,0,1,1,0,1,0,0,1,0,1,1,1,1,1,4,3,2,1,30,3,7,1,30,2,1,1
14416,5.0,5.0,2.0,1.0,5.0,1.0,1.0,5.0,1.0,1.0,1.0,5.0,4.0,1.0,5.0,1.0,1.0,5.0,5.0,3.0,1,7,3,1,6,7,1,4,7,6,1,0,0,1,1,1,1,1,1,1,1,0,1,1,1,1,4,3,1,2,20,3,10,4,60,2,1,2
14417,1.0,2.0,4.0,5.0,4.0,4.0,2.0,1.0,5.0,5.0,1.0,2.0,1.0,5.0,2.0,4.0,3.0,1.0,5.0,1.0,6,2,5,5,7,4,7,6,5,2,1,1,1,1,1,0,1,1,0,1,0,0,1,1,1,1,3,2,2,1,30,1,3,1,60,1,1,2
14418,2.0,4.0,1.0,2.0,2.0,1.0,1.0,2.0,1.0,1.0,1.0,4.0,4.0,1.0,2.0,1.0,1.0,5.0,5.0,1.0,6,5,7,3,7,5,3,1,7,5,1,1,0,1,1,0,0,0,0,1,0,0,1,1,1,1,4,3,2,1,24,2,2,1,60,2,1,2
14419,5.0,4.0,1.0,1.0,5.0,1.0,1.0,4.0,1.0,1.0,1.0,5.0,4.0,2.0,4.0,1.0,1.0,5.0,5.0,2.0,5,5,5,5,5,2,2,1,4,5,1,1,0,1,1,0,1,1,0,1,1,0,1,1,1,1,3,3,1,1,31,1,2,3,60,1,2,1
14420,5.0,4.0,1.0,1.0,5.0,1.0,1.0,5.0,1.0,2.0,1.0,5.0,5.0,1.0,5.0,1.0,1.0,4.0,5.0,5.0,6,4,7,1,4,5,1,1,6,4,1,1,1,1,1,1,1,1,1,1,1,0,0,1,1,1,4,3,1,1,29,1,4,1,60,1,2,9
14421,4.0,2.0,2.0,2.0,4.0,1.0,1.0,2.0,4.0,3.0,1.0,5.0,2.0,2.0,4.0,1.0,2.0,4.0,4.0,2.0,3,5,6,2,5,6,5,3,4,6,1,1,0,1,1,0,0,1,0,1,0,0,1,1,1,1,2,2,1,1,18,1,2,1,60,1,1,3
14422,5.0,2.0,1.0,1.0,5.0,1.0,1.0,5.0,1.0,3.0,1.0,5.0,5.0,1.0,5.0,5.0,1.0,5.0,2.0,1.0,5,6,7,1,6,1,4,3,4,4,1,1,1,1,0,0,0,1,0,1,1,0,1,1,1,1,2,1,1,2,19,1,7,1,60,1,1,2
14423,5.0,5.0,3.0,1.0,5.0,2.0,1.0,5.0,4.0,5.0,2.0,5.0,5.0,1.0,5.0,4.0,2.0,4.0,5.0,5.0,2,5,2,5,6,5,3,4,2,2,1,1,1,1,1,0,0,1,0,1,0,0,1,1,1,1,3,3,2,2,23,1,4,1,70,2,1,1
14424,5.0,5.0,2.0,2.0,5.0,5.0,4.0,5.0,5.0,1.0,1.0,5.0,5.0,2.0,4.0,2.0,4.0,5.0,5.0,1.0,4,3,5,7,6,7,3,1,6,6,1,0,0,1,1,0,1,0,0,1,0,0,0,1,1,1,3,3,1,2,24,1,10,1,10,2,1,3
14425,4.0,4.0,1.0,1.0,4.0,1.0,1.0,1.0,2.0,4.0,4.0,4.0,4.0,1.0,2.0,1.0,2.0,4.0,5.0,4.0,2,7,7,6,7,6,2,6,3,1,1,1,0,1,1,0,0,0,0,1,0,0,1,1,1,1,2,2,2,1,18,2,2,2,60,2,1,2
14426,3.0,4.0,3.0,3.0,5.0,2.0,3.0,2.0,3.0,2.0,1.0,2.0,4.0,2.0,4.0,5.0,1.0,2.0,3.0,3.0,5,6,7,3,6,4,2,1,3,5,1,1,0,1,1,0,0,1,0,1,0,0,1,1,1,1,3,3,1,1,37,1,4,1,60,1,2,5
14427,2.0,2.0,2.0,3.0,2.0,3.0,1.0,2.0,4.0,2.0,3.0,2.0,1.0,3.0,3.0,1.0,3.0,5.0,4.0,1.0,2,6,4,5,7,5,4,6,4,3,1,1,0,1,1,0,0,1,0,1,1,0,1,1,1,1,2,1,1,2,24,2,12,1,60,2,1,1
14428,4.0,5.0,3.0,2.0,5.0,2.0,1.0,4.0,2.0,4.0,2.0,4.0,5.0,2.0,5.0,1.0,1.0,4.0,5.0,2.0,6,2,5,5,7,2,6,2,2,1,1,1,1,1,1,0,0,1,0,1,1,0,1,1,1,1,4,1,1,1,48,1,3,3,60,1,2,1
14429,5.0,5.0,1.0,2.0,4.0,4.0,2.0,2.0,2.0,2.0,1.0,4.0,4.0,2.0,4.0,1.0,4.0,4.0,5.0,4.0,1,5,3,5,5,2,5,5,3,2,1,1,0,1,1,0,0,0,0,1,0,0,1,1,1,1,2,3,1,2,30,1,1,1,60,1,2,1
14430,4.0,5.0,2.0,2.0,5.0,1.0,1.0,4.0,2.0,2.0,1.0,5.0,4.0,1.0,5.0,3.0,2.0,5.0,4.0,3.0,6,6,2,5,3,5,2,7,3,5,1,1,0,1,1,0,0,0,0,1,0,0,0,1,1,1,2,3,2,2,17,1,6,1,10,2,1,2
14431,3.0,4.0,2.0,1.0,5.0,2.0,4.0,3.0,3.0,1.0,2.0,5.0,4.0,1.0,4.0,2.0,3.0,3.0,4.0,4.0,2,5,5,5,6,6,1,5,4,1,1,1,0,1,1,0,0,0,0,1,0,0,1,1,1,1,1,2,2,2,18,1,3,2,60,2,1,2
14432,3.0,4.0,3.0,3.0,4.0,4.0,1.0,4.0,2.0,2.0,1.0,3.0,2.0,1.0,3.0,1.0,1.0,4.0,5.0,4.0,7,6,5,1,7,1,4,4,7,1,1,1,1,1,1,1,0,0,0,1,0,0,1,1,1,1,4,1,1,1,36,1,7,1,60,1,2,2
14433,4.0,3.0,4.0,4.0,4.0,4.0,4.0,4.0,4.0,4.0,2.0,4.0,2.0,2.0,4.0,4.0,2.0,4.0,4.0,4.0,3,5,5,5,5,5,6,3,5,5,1,1,1,1,1,0,0,1,0,1,1,1,1,1,1,1,4,2,2,2,55,1,4,1,60,1,2,2
14434,4.0,1.0,1.0,2.0,4.0,2.0,2.0,2.0,5.0,5.0,2.0,2.0,2.0,4.0,3.0,5.0,2.0,2.0,5.0,1.0,1,1,6,5,7,7,6,1,6,2,1,1,1,1,1,0,0,0,0,1,0,0,1,1,1,1,3,3,2,1,44,1,10,1,60,2,2,5
14435,5.0,5.0,5.0,1.0,5.0,1.0,2.0,4.0,3.0,1.0,1.0,5.0,2.0,1.0,4.0,1.0,3.0,5.0,3.0,1.0,4,1,6,6,7,6,6,5,3,2,1,1,1,1,1,0,0,0,0,1,0,0,1,1,1,1,3,3,2,2,22,1,10,1,10,2,1,4
14436,1.0,2.0,1.0,2.0,5.0,5.0,2.0,1.0,5.0,5.0,1.0,2.0,2.0,5.0,4.0,1.0,2.0,4.0,5.0,1.0,7,2,6,6,7,1,7,5,6,6,1,1,0,1,1,0,0,1,0,1,0,0,1,1,1,1,3,1,2,1,27,1,7,1,60,1,1,1
14437,5.0,2.0,2.0,1.0,3.0,2.0,2.0,1.0,3.0,2.0,1.0,5.0,2.0,2.0,5.0,1.0,1.0,2.0,1.0,4.0,6,1,6,2,7,6,7,3,5,1,1,1,1,1,1,0,0,0,0,1,0,0,1,1,1,1,2,3,1,2,18,1,1,1,60,2,1,2
14438,3.0,4.0,3.0,4.0,4.0,4.0,3.0,4.0,5.0,4.0,3.0,5.0,2.0,2.0,2.0,4.0,3.0,5.0,2.0,5.0,0,7,5,4,7,4,7,5,1,1,1,0,0,1,0,0,0,1,0,1,0,0,0,0,0,1,4,3,1,2,39,1,10,1,60,2,2,1
14439,1.0,4.0,2.0,5.0,4.0,5.0,5.0,1.0,5.0,1.0,4.0,2.0,2.0,3.0,3.0,5.0,1.0,5.0,4.0,1.0,7,5,7,2,7,1,6,1,6,5,1,1,1,1,1,0,1,1,0,1,0,0,1,1,1,1,3,2,2,1,51,3,4,1,60,1,2,4
14440,2.0,2.0,2.0,3.0,4.0,2.0,1.0,5.0,5.0,2.0,1.0,5.0,1.0,1.0,2.0,1.0,2.0,5.0,5.0,1.0,6,3,5,2,7,3,7,6,4,1,1,0,0,1,1,0,0,0,0,1,0,0,0,0,1,1,2,2,2,2,20,1,3,1,10,2,1,5
14441,5.0,5.0,1.0,1.0,5.0,1.0,1.0,5.0,1.0,1.0,1.0,5.0,5.0,1.0,5.0,1.0,1.0,5.0,5.0,5.0,1,7,7,3,6,7,7,1,7,4,1,1,0,1,0,0,0,0,0,1,0,0,0,0,1,1,3,1,1,2,29,1,2,1,60,2,1,2
14442,1.0,2.0,5.0,3.0,2.0,5.0,5.0,2.0,5.0,4.0,3.0,2.0,1.0,3.0,1.0,5.0,1.0,1.0,2.0,1.0,2,2,6,5,5,6,6,2,4,2,0,0,0,1,1,0,0,0,0,1,0,0,0,1,0,1,3,2,2,2,38,1,1,1,60,1,1,2
14443,1.0,2.0,5.0,5.0,1.0,5.0,5.0,1.0,5.0,5.0,4.0,2.0,1.0,2.0,1.0,4.0,4.0,2.0,4.0,1.0,7,3,6,7,6,5,7,2,3,1,1,1,1,1,1,0,0,1,0,1,0,0,1,1,1,1,0,1,2,1,55,1,12,1,60,1,2,3
14444,5.0,3.0,4.0,1.0,4.0,2.0,1.0,4.0,3.0,3.0,1.0,5.0,4.0,1.0,3.0,1.0,2.0,4.0,3.0,5.0,3,1,7,2,7,7,6,1,7,1,1,1,1,1,1,0,0,1,0,1,1,1,1,1,1,1,4,3,3,1,42,1,7,5,50,1,2,4
14445,5.0,5.0,1.0,5.0,5.0,1.0,1.0,5.0,1.0,1.0,1.0,5.0,5.0,1.0,5.0,1.0,5.0,5.0,3.0,5.0,7,6,3,5,6,6,6,7,5,6,1,1,0,1,1,0,0,0,0,1,0,0,1,1,1,1,4,3,1,1,29,1,4,1,30,2,1,4
14446,1.0,1.0,5.0,3.0,5.0,5.0,5.0,1.0,5.0,5.0,1.0,5.0,5.0,2.0,5.0,2.0,1.0,5.0,5.0,1.0,1,6,7,7,3,7,5,1,1,1,1,1,1,1,1,0,0,0,0,1,0,0,1,1,1,1,3,2,2,1,27,1,12,2,60,1,1,3
14447,5.0,4.0,4.0,3.0,4.0,3.0,2.0,3.0,4.0,4.0,1.0,4.0,2.0,2.0,4.0,5.0,3.0,2.0,5.0,1.0,2,3,5,3,3,7,5,3,6,6,1,1,1,1,1,0,0,1,0,1,0,0,1,1,1,1,2,2,2,1,20,1,1,1,60,2,1,3
14448,5.0,4.0,1.0,2.0,4.0,1.0,1.0,5.0,1.0,1.0,1.0,5.0,5.0,2.0,4.0,1.0,1.0,5.0,5.0,4.0,6,5,6,2,7,2,3,2,6,1,1,1,1,1,1,1,1,1,0,1,0,0,1,1,1,1,3,1,1,1,22,1,2,1,60,1,1,1
14449,5.0,5.0,1.0,2.0,5.0,1.0,1.0,5.0,2.0,5.0,1.0,5.0,5.0,2.0,5.0,2.0,1.0,4.0,4.0,3.0,2,2,5,2,6,6,5,3,7,1,1,1,1,1,1,1,0,1,0,1,0,1,1,1,1,1,2,2,2,1,25,1,7,1,60,1,1,2
14450,5.0,5.0,1.0,1.0,5.0,1.0,1.0,1.0,5.0,5.0,1.0,2.0,5.0,1.0,5.0,1.0,1.0,5.0,5.0,1.0,2,2,6,2,6,6,5,4,6,3,1,1,0,1,1,0,0,0,0,1,0,0,1,1,1,1,2,2,1,1,19,2,1,1,30,2,1,2
14451,1.0,4.0,4.0,4.0,3.0,2.0,2.0,2.0,3.0,4.0,1.0,4.0,2.0,2.0,3.0,1.0,1.0,4.0,5.0,2.0,3,5,6,4,7,6,5,5,5,5,1,1,0,1,1,0,0,0,0,1,0,0,1,1,1,1,2,3,2,2,26,1,1,2,60,2,1,2
14452,4.0,2.0,4.0,3.0,5.0,1.0,1.0,4.0,5.0,2.0,2.0,5.0,4.0,2.0,4.0,2.0,5.0,5.0,5.0,3.0,2,1,5,6,7,5,7,7,6,6,1,1,1,1,1,0,0,0,0,1,0,0,1,1,1,1,3,2,2,2,29,1,11,1,70,2,2,3
14453,2.0,4.0,1.0,4.0,3.0,1.0,1.0,5.0,5.0,4.0,2.0,4.0,4.0,1.0,5.0,1.0,3.0,5.0,5.0,3.0,2,5,5,7,6,2,7,7,7,7,1,1,1,1,1,0,0,0,0,1,0,0,1,1,1,1,2,2,1,2,20,1,2,1,60,1,1,2
14454,4.0,4.0,2.0,2.0,4.0,2.0,1.0,4.0,4.0,2.0,2.0,4.0,4.0,2.0,2.0,1.0,2.0,5.0,4.0,2.0,2,5,6,5,3,6,2,5,7,6,1,1,1,1,1,0,1,0,0,1,0,1,1,1,1,1,4,1,1,1,44,1,6,1,60,2,2,4
14455,5.0,4.0,3.0,1.0,4.0,1.0,1.0,5.0,1.0,1.0,1.0,3.0,5.0,3.0,1.0,5.0,2.0,5.0,4.0,4.0,3,3,6,7,5,2,1,6,3,1,1,0,0,1,1,0,0,0,0,1,0,0,0,1,1,1,3,3,1,2,23,1,10,1,20,2,1,2
14456,3.0,4.0,1.0,1.0,5.0,2.0,3.0,5.0,3.0,4.0,2.0,5.0,2.0,3.0,4.0,2.0,2.0,4.0,5.0,1.0,6,6,5,2,5,2,4,5,6,5,1,1,1,1,1,1,0,0,1,1,0,1,1,1,1,1,3,2,1,2,27,1,4,1,60,1,2,2
14457,2.0,4.0,2.0,2.0,3.0,2.0,2.0,5.0,4.0,5.0,1.0,5.0,2.0,1.0,5.0,1.0,5.0,2.0,4.0,2.0,3,5,6,1,7,5,5,3,6,6,1,1,1,1,1,0,1,1,0,1,0,0,1,1,1,1,4,1,1,1,70,1,2,1,60,1,2,2
14458,4.0,3.0,3.0,3.0,2.0,1.0,2.0,5.0,4.0,3.0,2.0,4.0,3.0,3.0,1.0,1.0,2.0,3.0,4.0,4.0,6,5,2,5,7,3,5,5,5,1,1,1,0,1,1,0,0,0,0,1,1,0,1,1,1,1,3,3,2,1,27,1,2,2,60,1,1,2
14459,4.0,3.0,2.0,1.0,5.0,1.0,1.0,2.0,1.0,2.0,1.0,5.0,5.0,1.0,1.0,4.0,1.0,4.0,5.0,2.0,1,3,7,5,7,7,7,1,5,5,1,1,1,1,1,0,1,0,0,1,0,0,1,1,1,1,4,2,2,1,37,1,12,1,70,2,2,2
14460,1.0,3.0,4.0,4.0,5.0,1.0,1.0,2.0,4.0,2.0,5.0,3.0,4.0,1.0,4.0,2.0,1.0,2.0,5.0,2.0,7,4,6,4,7,1,4,2,5,1,1,1,0,1,1,0,0,1,0,1,0,0,1,1,1,1,3,2,1,1,30,1,1,1,70,1,1,3
14461,4.0,5.0,3.0,3.0,4.0,2.0,2.0,4.0,3.0,2.0,1.0,4.0,5.0,1.0,4.0,4.0,1.0,4.0,5.0,3.0,6,7,5,5,6,5,4,2,3,5,1,1,1,1,1,0,0,1,0,1,0,0,1,1,1,1,3,2,1,1,25,1,9,1,60,1,1,2
14462,1.0,1.0,4.0,2.0,3.0,4.0,2.0,2.0,5.0,4.0,1.0,3.0,2.0,5.0,1.0,2.0,1.0,1.0,4.0,1.0,3,2,7,2,5,6,7,2,7,1,1,1,1,1,1,0,1,0,0,1,0,0,1,1,1,1,3,2,2,1,52,1,6,1,60,1,2,4
14463,4.0,3.0,5.0,5.0,4.0,5.0,3.0,2.0,5.0,5.0,1.0,4.0,1.0,4.0,2.0,2.0,3.0,4.0,3.0,1.0,7,6,5,7,7,7,7,5,6,2,1,1,0,1,1,0,0,0,0,1,0,0,1,1,1,1,3,3,2,1,24,1,7,1,30,2,1,2
14464,1.0,2.0,5.0,3.0,1.0,4.0,2.0,1.0,5.0,2.0,2.0,4.0,1.0,3.0,4.0,2.0,2.0,1.0,5.0,1.0,6,2,6,1,6,2,5,1,7,2,1,1,1,1,1,0,1,0,0,1,0,0,1,1,1,1,4,1,2,1,58,1,1,1,60,1,2,2
14465,2.0,5.0,4.0,1.0,5.0,3.0,2.0,4.0,5.0,2.0,1.0,5.0,3.0,1.0,3.0,1.0,1.0,4.0,2.0,3.0,1,5,6,7,2,6,6,2,2,4,1,1,1,1,1,0,0,0,0,1,0,0,1,1,1,1,3,1,2,1,33,1,7,1,60,1,1,3
14466,1.0,1.0,5.0,5.0,1.0,5.0,2.0,1.0,5.0,5.0,2.0,1.0,1.0,3.0,3.0,5.0,4.0,2.0,5.0,1.0,6,2,6,7,7,4,7,5,3,1,1,1,0,1,1,0,0,1,0,1,1,1,1,1,1,1,3,2,2,2,43,1,4,1,60,1,1,3
14467,5.0,3.0,2.0,4.0,1.0,2.0,1.0,2.0,5.0,5.0,1.0,4.0,5.0,3.0,4.0,4.0,4.0,5.0,5.0,1.0,3,1,6,2,4,6,5,7,6,5,1,1,0,1,1,0,0,1,1,1,1,0,1,1,1,1,3,3,1,1,23,1,12,1,50,0,1,1
14468,1.0,2.0,1.0,2.0,4.0,1.0,1.0,1.0,5.0,1.0,1.0,4.0,1.0,5.0,5.0,1.0,4.0,2.0,5.0,5.0,2,6,4,4,3,2,2,5,4,4,1,1,1,1,1,0,1,1,0,1,1,1,1,1,1,1,3,1,2,1,28,2,1,2,20,1,1,1
14469,5.0,5.0,5.0,5.0,5.0,5.0,5.0,1.0,5.0,5.0,5.0,5.0,5.0,1.0,5.0,4.0,2.0,5.0,5.0,5.0,6,5,3,7,6,5,4,6,6,3,1,1,0,1,1,0,0,0,0,1,0,0,0,1,1,1,3,2,1,2,23,1,4,1,10,1,1,2
14470,3.0,4.0,3.0,3.0,3.0,2.0,3.0,4.0,4.0,3.0,1.0,4.0,4.0,2.0,4.0,2.0,2.0,4.0,4.0,2.0,2,3,5,3,5,6,4,4,6,4,1,1,0,1,1,0,0,1,0,1,1,0,1,1,1,1,3,1,2,2,32,1,1,1,60,1,1,2
14471,3.0,4.0,4.0,3.0,4.0,3.0,1.0,2.0,3.0,2.0,1.0,5.0,3.0,2.0,3.0,3.0,2.0,2.0,2.0,3.0,2,4,5,4,4,6,5,6,5,1,1,1,0,1,1,0,0,0,0,1,0,0,1,1,1,1,2,3,1,2,23,3,12,1,60,2,1,2
14472,5.0,5.0,1.0,2.0,5.0,1.0,1.0,5.0,1.0,1.0,1.0,5.0,5.0,1.0,5.0,1.0,1.0,5.0,5.0,4.0,2,5,7,1,6,7,3,2,7,6,1,1,1,1,1,0,0,1,0,1,0,1,1,1,1,1,3,2,1,1,19,1,7,1,60,1,1,2
14473,3.0,4.0,4.0,3.0,2.0,5.0,4.0,4.0,5.0,5.0,3.0,3.0,4.0,3.0,4.0,2.0,2.0,3.0,3.0,2.0,5,5,4,6,6,5,4,3,4,2,1,1,0,1,1,0,0,1,0,1,0,0,1,1,1,1,2,2,2,1,20,1,2,4,60,1,1,2
14474,1.0,1.0,2.0,5.0,4.0,5.0,1.0,1.0,5.0,2.0,2.0,4.0,1.0,2.0,3.0,2.0,1.0,1.0,4.0,3.0,2,2,7,1,6,5,6,2,7,3,1,1,1,1,1,0,1,1,0,1,0,0,1,1,1,1,3,2,2,1,47,1,1,1,60,1,3,0
14475,1.0,3.0,3.0,4.0,2.0,5.0,5.0,1.0,5.0,5.0,1.0,1.0,1.0,5.0,3.0,5.0,3.0,5.0,1.0,1.0,4,6,3,7,6,7,6,4,5,3,1,1,0,1,1,0,0,0,0,1,0,0,0,1,1,1,3,2,2,2,21,1,4,1,60,2,1,3
14476,5.0,5.0,1.0,1.0,5.0,4.0,2.0,5.0,2.0,5.0,1.0,5.0,4.0,1.0,5.0,1.0,1.0,4.0,5.0,5.0,6,7,2,4,7,3,2,6,3,2,1,1,0,1,1,0,0,1,0,1,0,0,1,1,1,1,4,3,1,2,36,1,4,1,60,1,1,2
14477,5.0,4.0,1.0,1.0,5.0,1.0,1.0,2.0,2.0,1.0,1.0,2.0,4.0,3.0,5.0,1.0,1.0,5.0,5.0,4.0,6,7,7,2,2,3,1,1,7,5,1,1,0,1,1,1,0,0,0,1,1,0,1,1,1,1,2,2,1,1,18,1,1,3,60,2,1,1
14478,1.0,1.0,1.0,4.0,2.0,2.0,2.0,2.0,5.0,3.0,2.0,1.0,4.0,4.0,3.0,4.0,3.0,3.0,5.0,1.0,2,4,6,7,6,7,6,3,4,1,1,1,0,1,1,1,0,0,0,1,0,0,1,1,1,1,2,3,2,1,30,2,12,2,60,1,2,3
14479,5.0,5.0,2.0,4.0,2.0,4.0,2.0,5.0,2.0,4.0,3.0,5.0,5.0,1.0,5.0,2.0,1.0,1.0,4.0,5.0,3,2,7,3,7,6,2,1,7,1,1,1,1,1,1,0,0,1,0,1,1,1,1,1,1,1,3,2,2,1,30,3,12,1,60,1,3,1
14480,5.0,4.0,2.0,2.0,5.0,1.0,1.0,5.0,2.0,2.0,1.0,5.0,5.0,1.0,4.0,5.0,1.0,4.0,5.0,5.0,6,7,7,1,5,2,1,1,7,5,1,1,1,1,1,1,1,1,0,1,0,0,1,1,1,1,4,2,1,1,37,1,2,1,60,1,1,4
14481,4.0,1.0,1.0,3.0,5.0,1.0,2.0,3.0,5.0,4.0,1.0,4.0,4.0,2.0,5.0,1.0,1.0,5.0,5.0,2.0,3,6,4,6,7,7,6,5,1,1,1,1,1,1,1,0,0,1,0,1,1,0,1,1,1,1,3,2,2,2,34,1,4,1,10,1,1,2
14482,3.0,1.0,1.0,3.0,3.0,5.0,1.0,5.0,5.0,3.0,1.0,5.0,5.0,1.0,1.0,5.0,1.0,5.0,5.0,5.0,1,7,7,4,4,4,4,1,7,1,1,1,1,1,1,1,1,1,0,1,0,0,1,1,1,1,2,1,1,1,33,1,2,1,60,2,2,2
14483,4.0,5.0,2.0,4.0,5.0,1.0,2.0,1.0,4.0,2.0,1.0,4.0,5.0,3.0,2.0,3.0,3.0,4.0,5.0,5.0,5,5,4,7,6,3,6,5,2,3,1,1,0,1,1,0,0,1,0,1,1,1,1,1,1,1,2,2,2,1,21,1,12,1,10,1,1,1
14484,2.0,1.0,5.0,3.0,4.0,2.0,2.0,1.0,5.0,3.0,1.0,4.0,1.0,3.0,1.0,4.0,5.0,5.0,3.0,1.0,2,5,4,4,6,7,6,2,4,1,1,1,0,1,1,0,1,0,0,1,1,0,1,1,1,1,4,1,1,1,23,1,12,1,50,2,1,2
14485,5.0,3.0,2.0,4.0,5.0,4.0,1.0,4.0,5.0,2.0,1.0,5.0,1.0,2.0,4.0,2.0,5.0,5.0,5.0,1.0,2,6,5,7,3,5,6,2,1,2,1,1,0,1,1,0,0,1,0,1,1,0,1,1,1,1,3,2,2,2,25,1,4,2,70,2,1,2
14486,3.0,2.0,4.0,4.0,5.0,5.0,4.0,4.0,5.0,2.0,1.0,5.0,3.0,2.0,5.0,5.0,2.0,5.0,5.0,2.0,3,3,6,4,3,6,5,1,6,7,1,1,1,1,1,1,0,1,0,1,1,0,1,1,1,1,3,2,1,1,28,1,4,1,60,1,1,2
14487,4.0,4.0,3.0,1.0,5.0,3.0,3.0,5.0,2.0,2.0,1.0,3.0,5.0,1.0,4.0,2.0,5.0,4.0,4.0,5.0,4,4,6,4,5,7,5,2,4,3,1,1,0,1,1,0,0,0,1,1,0,0,0,1,1,1,3,2,1,2,19,1,10,1,20,2,1,2
14488,4.0,5.0,4.0,2.0,4.0,2.0,2.0,3.0,4.0,2.0,2.0,4.0,3.0,2.0,5.0,2.0,3.0,3.0,3.0,2.0,5,2,2,1,6,4,5,5,6,4,1,1,1,1,1,0,0,0,0,1,0,0,1,1,1,1,3,2,1,1,30,1,1,3,10,2,1,4
14489,5.0,5.0,2.0,4.0,5.0,2.0,2.0,4.0,3.0,3.0,1.0,5.0,4.0,1.0,4.0,2.0,5.0,4.0,4.0,1.0,3,6,4,4,7,5,5,5,5,1,0,0,0,0,0,0,0,0,0,1,0,0,0,0,0,1,3,3,1,1,30,2,1,1,70,1,1,2
14490,2.0,1.0,5.0,2.0,4.0,4.0,1.0,4.0,4.0,4.0,1.0,5.0,3.0,1.0,5.0,4.0,3.0,4.0,4.0,1.0,2,5,6,5,7,6,7,3,3,2,1,1,0,1,1,0,0,1,0,1,0,0,0,1,1,1,4,1,2,2,25,1,1,1,70,2,1,2
14491,4.0,5.0,3.0,3.0,4.0,3.0,1.0,5.0,3.0,4.0,1.0,5.0,3.0,4.0,5.0,1.0,3.0,4.0,5.0,1.0,1,7,2,5,5,4,4,7,1,1,1,1,1,1,1,0,0,0,0,1,0,0,1,1,1,1,2,1,2,2,20,1,1,2,60,1,1,2
14492,2.0,2.0,4.0,4.0,4.0,2.0,1.0,3.0,2.0,3.0,1.0,1.0,1.0,1.0,5.0,1.0,2.0,5.0,1.0,2.0,6,7,6,3,5,1,7,3,4,2,1,1,0,1,1,0,0,1,0,1,0,0,0,1,1,1,2,2,1,1,19,1,6,1,60,1,1,3
14493,5.0,4.0,1.0,4.0,4.0,1.0,1.0,2.0,4.0,1.0,1.0,5.0,1.0,1.0,5.0,1.0,1.0,3.0,5.0,4.0,2,5,6,6,7,3,6,2,3,1,1,1,1,1,1,1,1,1,0,1,1,1,1,1,1,1,4,3,2,2,60,2,4,1,60,2,3,4
14494,5.0,5.0,2.0,1.0,5.0,1.0,2.0,5.0,1.0,1.0,1.0,5.0,5.0,1.0,5.0,1.0,1.0,5.0,5.0,5.0,4,6,6,1,7,6,5,2,7,2,1,1,0,1,1,0,0,1,0,1,0,0,1,1,1,1,3,1,1,2,27,2,2,1,60,1,1,2
14495,1.0,1.0,4.0,3.0,2.0,4.0,2.0,1.0,5.0,1.0,2.0,1.0,1.0,2.0,3.0,1.0,2.0,1.0,4.0,1.0,2,1,7,2,5,6,7,1,7,5,1,1,1,1,1,0,0,0,0,1,0,0,1,1,1,1,3,3,2,1,57,1,1,1,60,1,2,2
14496,5.0,5.0,1.0,1.0,5.0,1.0,1.0,5.0,4.0,1.0,1.0,5.0,4.0,1.0,4.0,5.0,1.0,5.0,5.0,5.0,3,2,7,2,7,5,2,2,6,1,1,1,1,1,1,0,0,1,0,1,0,1,1,1,1,1,3,3,2,1,48,3,12,4,60,1,1,1
14497,5.0,5.0,1.0,1.0,1.0,1.0,1.0,5.0,1.0,1.0,1.0,5.0,1.0,1.0,5.0,1.0,1.0,5.0,5.0,1.0,7,7,7,1,6,7,5,1,7,5,1,1,1,1,1,0,0,0,0,1,0,0,1,1,1,1,3,2,1,1,71,2,4,1,60,2,2,2
14498,5.0,4.0,4.0,5.0,5.0,5.0,5.0,5.0,5.0,5.0,3.0,3.0,4.0,5.0,4.0,5.0,3.0,3.0,5.0,1.0,5,5,6,5,7,5,6,2,4,2,1,1,0,1,1,0,0,1,0,1,0,0,0,1,1,1,3,3,1,2,19,1,6,0,10,2,1,4
14499,5.0,4.0,4.0,3.0,5.0,1.0,1.0,4.0,3.0,5.0,1.0,5.0,1.0,1.0,3.0,1.0,1.0,5.0,5.0,3.0,2,6,5,1,5,6,4,5,6,2,1,1,0,1,1,0,1,1,0,1,0,0,1,1,1,1,3,2,1,2,37,1,2,1,60,2,1,1
14500,4.0,4.0,1.0,3.0,5.0,1.0,1.0,2.0,2.0,2.0,1.0,5.0,4.0,2.0,4.0,1.0,3.0,4.0,5.0,2.0,1,6,2,6,5,7,1,6,2,3,1,1,1,1,1,0,0,1,0,1,1,0,1,1,1,1,3,1,2,2,40,1,2,1,60,2,1,1
14501,3.0,1.0,4.0,2.0,3.0,5.0,5.0,2.0,5.0,5.0,4.0,4.0,2.0,1.0,4.0,5.0,1.0,4.0,5.0,3.0,6,5,1,5,7,6,7,5,6,7,1,1,0,1,1,0,0,1,0,1,0,0,1,1,1,1,3,1,2,1,29,1,3,1,60,1,3,3
14502,5.0,5.0,1.0,1.0,5.0,1.0,1.0,4.0,1.0,1.0,1.0,5.0,5.0,1.0,5.0,1.0,1.0,5.0,3.0,5.0,7,6,6,6,7,1,2,5,6,1,0,1,1,1,1,1,0,0,0,1,1,0,1,1,1,1,3,2,1,2,32,1,4,1,30,1,2,4
14503,4.0,4.0,2.0,4.0,3.0,3.0,3.0,2.0,3.0,2.0,2.0,5.0,4.0,1.0,5.0,2.0,1.0,5.0,4.0,3.0,5,5,6,5,6,5,5,6,6,2,1,1,0,1,1,0,0,0,0,1,0,0,0,1,1,1,3,2,1,1,28,1,4,1,60,1,1,3
14504,4.0,5.0,3.0,1.0,4.0,3.0,2.0,5.0,2.0,2.0,1.0,5.0,1.0,1.0,3.0,1.0,4.0,5.0,4.0,3.0,3,6,6,5,4,6,2,4,5,1,1,1,0,1,1,0,0,0,0,1,0,0,1,1,1,1,3,3,1,2,26,1,1,1,70,1,1,4
14505,5.0,5.0,1.0,4.0,5.0,1.0,1.0,4.0,1.0,1.0,1.0,5.0,4.0,1.0,4.0,1.0,5.0,4.0,4.0,3.0,2,2,1,5,4,6,4,2,5,1,1,1,1,1,1,0,1,1,0,1,0,0,1,1,1,1,4,3,1,1,50,1,1,1,30,1,2,5
14506,5.0,2.0,1.0,4.0,5.0,4.0,1.0,4.0,1.0,1.0,1.0,5.0,5.0,1.0,5.0,1.0,1.0,5.0,5.0,2.0,6,3,3,7,5,3,2,5,3,3,1,1,0,1,1,0,0,0,0,1,0,0,1,1,1,1,3,3,1,2,25,1,2,1,60,2,1,2
14507,5.0,5.0,1.0,2.0,5.0,1.0,1.0,5.0,1.0,1.0,1.0,5.0,4.0,1.0,5.0,2.0,1.0,5.0,5.0,5.0,5,6,7,5,6,3,5,1,5,1,1,1,1,1,1,0,0,1,0,1,0,0,1,1,1,1,2,0,1,1,50,1,6,1,30,1,3,3
14508,3.0,4.0,2.0,4.0,2.0,1.0,2.0,4.0,4.0,4.0,1.0,1.0,4.0,2.0,3.0,1.0,2.0,4.0,4.0,1.0,3,2,6,5,6,5,7,3,4,1,1,1,0,1,1,1,0,0,0,1,0,1,1,1,1,1,2,1,2,1,18,1,7,1,60,2,1,2
14509,4.0,4.0,3.0,3.0,2.0,3.0,1.0,2.0,3.0,4.0,1.0,4.0,5.0,1.0,5.0,4.0,2.0,5.0,5.0,1.0,2,6,1,7,1,7,3,7,1,3,1,1,1,1,1,0,0,0,0,1,0,0,1,1,1,1,2,3,2,1,19,2,2,2,60,2,1,3
14510,5.0,5.0,1.0,1.0,5.0,1.0,1.0,5.0,5.0,5.0,1.0,5.0,5.0,1.0,5.0,1.0,5.0,5.0,5.0,5.0,1,2,5,1,7,6,6,1,7,1,1,1,1,1,1,1,1,1,1,1,1,1,1,1,1,1,4,3,1,2,65,3,9,1,0,2,3,3
14511,3.0,1.0,1.0,3.0,5.0,4.0,2.0,5.0,5.0,2.0,4.0,4.0,2.0,3.0,2.0,4.0,4.0,4.0,5.0,1.0,6,5,7,4,2,4,4,1,7,2,1,1,0,1,1,0,0,0,0,1,0,0,1,1,1,1,3,2,1,1,25,1,6,1,30,2,1,2
14512,3.0,4.0,1.0,1.0,5.0,5.0,3.0,1.0,1.0,5.0,5.0,5.0,4.0,1.0,2.0,5.0,1.0,5.0,1.0,1.0,6,6,7,1,7,7,7,1,7,2,1,1,1,1,1,0,0,1,0,1,0,0,0,1,1,1,4,3,1,2,23,1,2,1,60,1,1,2
14513,4.0,5.0,5.0,1.0,5.0,1.0,1.0,5.0,5.0,2.0,4.0,5.0,5.0,1.0,5.0,1.0,1.0,4.0,5.0,1.0,3,5,3,2,6,6,5,6,6,5,1,1,0,1,1,0,0,1,0,1,0,0,0,1,1,1,2,1,1,2,22,1,6,1,60,1,1,2
14514,5.0,5.0,5.0,5.0,5.0,5.0,1.0,1.0,1.0,1.0,1.0,5.0,2.0,1.0,1.0,1.0,1.0,5.0,5.0,1.0,7,7,4,1,7,4,6,3,1,1,1,1,1,1,1,0,1,1,0,1,1,1,0,1,0,1,4,2,1,2,42,1,2,1,60,2,2,6
14515,5.0,5.0,2.0,1.0,5.0,1.0,1.0,4.0,2.0,2.0,1.0,5.0,4.0,1.0,3.0,2.0,1.0,4.0,5.0,5.0,1,6,6,3,3,6,1,1,7,4,1,1,1,1,1,1,1,1,1,1,1,1,1,1,1,1,3,3,1,2,29,1,1,1,60,2,1,2
14516,1.0,1.0,5.0,2.0,5.0,5.0,5.0,1.0,5.0,5.0,3.0,2.0,1.0,1.0,2.0,1.0,3.0,2.0,5.0,1.0,5,5,7,5,7,1,5,1,4,1,1,1,0,1,0,0,0,0,0,1,0,0,0,1,1,1,3,3,2,2,30,1,2,1,70,2,1,2
14517,1.0,2.0,5.0,4.0,1.0,4.0,4.0,3.0,5.0,5.0,1.0,4.0,1.0,3.0,4.0,2.0,2.0,2.0,5.0,2.0,4,5,2,3,6,4,7,6,3,2,1,1,1,1,1,0,0,0,0,1,1,0,1,1,1,1,3,2,2,1,22,3,1,1,60,2,1,1
14518,2.0,5.0,4.0,4.0,5.0,2.0,1.0,1.0,4.0,1.0,1.0,4.0,4.0,3.0,4.0,1.0,1.0,5.0,5.0,4.0,6,6,5,5,6,2,6,1,3,2,1,1,1,1,1,0,1,1,0,1,1,0,1,1,1,1,4,2,1,1,51,1,2,1,60,2,2,2
14519,2.0,1.0,3.0,3.0,4.0,4.0,2.0,2.0,5.0,4.0,2.0,2.0,1.0,4.0,4.0,4.0,3.0,1.0,4.0,1.0,3,5,7,6,5,6,7,1,5,5,1,1,0,1,1,0,0,0,0,1,0,0,1,1,1,1,3,1,2,1,27,1,4,1,60,1,1,2
14520,5.0,5.0,1.0,3.0,5.0,1.0,1.0,3.0,1.0,2.0,1.0,5.0,5.0,4.0,5.0,1.0,1.0,5.0,5.0,1.0,6,4,7,2,7,3,4,4,4,1,1,1,0,1,1,0,0,0,0,1,0,0,1,1,1,1,3,3,1,1,54,1,7,1,30,1,3,2
14521,5.0,5.0,1.0,1.0,5.0,1.0,1.0,4.0,4.0,1.0,1.0,5.0,5.0,4.0,5.0,1.0,1.0,5.0,5.0,4.0,6,6,7,1,7,6,2,1,7,2,1,1,0,1,1,0,0,0,0,1,0,0,1,1,1,1,3,1,1,2,19,1,2,1,60,2,1,2
14522,5.0,4.0,3.0,3.0,4.0,1.0,1.0,4.0,3.0,1.0,3.0,5.0,4.0,5.0,4.0,1.0,5.0,3.0,5.0,3.0,4,5,5,5,6,5,5,1,5,4,1,1,1,1,1,0,0,1,0,1,1,0,1,1,1,1,3,3,2,1,43,1,12,1,70,1,2,2
14523,2.0,3.0,2.0,2.0,3.0,4.0,5.0,4.0,5.0,3.0,2.0,4.0,2.0,3.0,4.0,1.0,3.0,3.0,4.0,5.0,4,3,5,5,4,6,6,2,4,3,1,1,1,1,1,1,0,1,0,1,0,0,1,1,1,1,2,3,1,2,32,1,6,1,70,2,1,0
14524,3.0,5.0,2.0,2.0,5.0,1.0,1.0,5.0,3.0,2.0,2.0,5.0,4.0,2.0,5.0,5.0,1.0,4.0,5.0,5.0,2,5,7,2,7,6,4,5,5,6,0,0,0,0,0,0,0,0,0,0,0,0,0,0,0,0,3,2,1,1,22,1,6,3,60,1,1,3
14525,1.0,1.0,4.0,5.0,4.0,2.0,2.0,1.0,5.0,5.0,1.0,5.0,1.0,5.0,5.0,1.0,2.0,5.0,5.0,1.0,5,7,6,7,5,1,6,3,1,1,1,1,0,1,1,1,0,0,0,1,0,0,1,1,1,1,3,1,1,1,37,1,7,1,60,1,2,3
14526,5.0,5.0,1.0,1.0,5.0,1.0,1.0,4.0,1.0,1.0,2.0,5.0,2.0,1.0,4.0,1.0,1.0,5.0,5.0,4.0,7,5,2,4,7,1,6,7,5,1,1,1,1,1,1,0,0,1,0,1,0,0,1,1,1,1,2,2,1,1,35,1,12,1,60,2,1,3
14527,5.0,5.0,1.0,1.0,5.0,5.0,4.0,5.0,5.0,2.0,1.0,5.0,5.0,5.0,5.0,5.0,5.0,5.0,5.0,4.0,6,2,7,1,6,7,1,5,7,2,1,1,1,1,1,1,0,0,0,1,0,0,1,1,1,1,3,3,1,2,29,3,7,1,70,2,2,3
14528,2.0,3.0,4.0,5.0,2.0,2.0,1.0,2.0,5.0,5.0,4.0,5.0,2.0,2.0,4.0,2.0,2.0,2.0,5.0,1.0,2,2,6,1,6,7,6,3,3,4,1,1,0,1,1,0,1,1,0,1,1,0,1,1,1,1,3,1,2,1,34,2,2,1,60,2,2,3
14529,5.0,4.0,3.0,2.0,4.0,1.0,1.0,4.0,3.0,2.0,1.0,4.0,3.0,2.0,3.0,1.0,3.0,3.0,5.0,1.0,1,3,7,6,4,6,3,1,3,1,1,1,1,1,1,0,0,0,0,1,0,0,1,1,1,1,3,2,2,1,23,1,2,1,60,1,1,3
14530,5.0,2.0,1.0,4.0,5.0,1.0,1.0,5.0,3.0,3.0,1.0,5.0,1.0,1.0,3.0,1.0,1.0,5.0,5.0,1.0,6,7,6,7,7,1,4,3,3,1,1,1,1,1,1,0,0,0,0,1,0,0,0,1,1,1,4,3,1,2,30,2,1,1,10,2,1,2
14531,5.0,4.0,4.0,2.0,5.0,4.0,3.0,5.0,4.0,2.0,2.0,3.0,3.0,2.0,4.0,4.0,1.0,4.0,4.0,2.0,2,5,4,5,6,6,3,5,6,4,0,1,0,1,1,0,0,1,0,1,0,0,0,1,1,1,3,1,2,2,22,1,10,1,10,1,1,5
14532,2.0,3.0,3.0,4.0,2.0,4.0,4.0,1.0,5.0,3.0,1.0,1.0,2.0,4.0,2.0,5.0,2.0,2.0,5.0,5.0,5,2,6,3,7,7,6,3,4,1,1,0,0,1,1,0,0,0,1,1,0,1,0,1,1,1,0,1,2,1,24,1,1,2,60,1,1,3
14533,3.0,4.0,3.0,3.0,3.0,4.0,2.0,4.0,4.0,4.0,3.0,4.0,2.0,2.0,4.0,4.0,3.0,4.0,4.0,2.0,5,4,3,5,5,3,3,5,5,3,1,1,1,1,1,0,0,0,0,1,1,0,1,1,1,1,3,3,1,1,22,1,1,1,60,1,1,1
14534,3.0,4.0,3.0,1.0,4.0,3.0,1.0,5.0,1.0,1.0,1.0,5.0,1.0,1.0,5.0,1.0,2.0,5.0,2.0,1.0,4,6,6,2,7,6,1,2,4,3,1,1,1,1,1,0,0,0,0,1,0,0,1,1,1,1,2,3,1,2,20,1,12,1,70,1,1,2
14535,5.0,5.0,1.0,1.0,5.0,2.0,1.0,5.0,2.0,1.0,1.0,5.0,5.0,1.0,5.0,1.0,1.0,2.0,4.0,4.0,7,7,6,6,4,1,4,5,2,2,1,1,0,1,1,0,1,1,0,1,0,1,1,1,1,1,3,2,1,1,24,1,7,1,60,1,1,2
14536,5.0,5.0,1.0,1.0,5.0,1.0,1.0,5.0,2.0,2.0,1.0,5.0,5.0,1.0,5.0,1.0,5.0,5.0,5.0,5.0,7,4,7,1,7,5,5,1,0,1,1,1,0,1,1,0,0,0,0,1,0,0,0,0,1,1,4,1,2,2,31,1,10,1,20,2,3,8
14537,5.0,5.0,3.0,4.0,5.0,2.0,2.0,4.0,4.0,1.0,1.0,5.0,5.0,2.0,5.0,2.0,1.0,4.0,1.0,5.0,6,6,6,5,6,5,5,5,5,2,1,1,0,1,1,0,0,0,0,1,0,0,1,1,1,1,2,2,1,2,20,1,8,1,70,2,1,2
14538,5.0,5.0,1.0,1.0,5.0,1.0,1.0,5.0,1.0,1.0,1.0,5.0,5.0,1.0,5.0,1.0,5.0,5.0,5.0,5.0,7,6,5,1,6,2,6,2,6,5,1,1,1,1,1,0,0,1,0,1,0,0,1,1,1,1,4,3,1,2,44,3,7,1,60,1,2,6
14539,1.0,2.0,4.0,4.0,1.0,4.0,4.0,3.0,4.0,5.0,1.0,1.0,1.0,2.0,4.0,5.0,2.0,4.0,5.0,1.0,4,7,3,4,2,3,6,3,7,1,1,1,0,1,1,0,1,1,0,1,1,0,1,1,1,1,2,2,1,1,19,1,7,1,60,2,1,2
14540,1.0,1.0,5.0,5.0,1.0,2.0,2.0,1.0,5.0,5.0,4.0,1.0,2.0,5.0,1.0,5.0,5.0,1.0,4.0,1.0,6,1,7,1,7,4,7,1,7,1,1,1,0,1,1,0,1,1,0,1,1,1,1,1,1,1,3,2,2,1,21,1,5,1,10,1,1,2
14541,1.0,1.0,5.0,4.0,2.0,3.0,3.0,4.0,5.0,1.0,4.0,1.0,1.0,5.0,3.0,3.0,5.0,1.0,3.0,1.0,5,6,6,3,7,5,6,3,5,1,1,1,1,1,1,0,1,0,0,1,0,0,1,1,1,1,4,3,2,1,32,1,7,1,30,1,1,4
14542,2.0,2.0,2.0,5.0,2.0,3.0,1.0,1.0,4.0,5.0,3.0,2.0,4.0,2.0,3.0,2.0,2.0,2.0,3.0,3.0,5,6,7,3,4,3,3,1,7,5,1,1,0,1,1,1,0,1,0,1,0,0,1,1,1,1,3,3,1,1,22,2,1,1,60,1,1,3
14543,4.0,4.0,1.0,1.0,5.0,1.0,1.0,2.0,2.0,1.0,1.0,4.0,5.0,2.0,4.0,1.0,1.0,5.0,5.0,5.0,2,6,3,7,6,7,5,7,1,1,1,1,0,1,1,0,0,0,0,1,0,0,1,1,1,1,3,2,2,1,24,1,12,2,60,2,1,2
14544,4.0,4.0,1.0,1.0,4.0,1.0,1.0,5.0,2.0,2.0,1.0,5.0,5.0,4.0,5.0,1.0,1.0,5.0,1.0,1.0,2,4,0,6,6,7,2,1,6,1,1,1,0,1,1,0,0,0,0,1,0,0,0,1,1,1,3,2,1,1,30,2,1,1,60,1,1,3
14545,5.0,4.0,1.0,3.0,3.0,3.0,1.0,4.0,3.0,1.0,2.0,5.0,4.0,3.0,4.0,1.0,1.0,4.0,5.0,1.0,4,5,7,3,7,6,6,2,4,1,1,1,1,1,1,0,0,1,0,1,1,0,1,1,1,1,2,3,1,1,48,1,2,2,30,1,1,1
14546,5.0,2.0,3.0,4.0,4.0,5.0,4.0,5.0,5.0,4.0,3.0,2.0,4.0,5.0,1.0,3.0,3.0,1.0,5.0,5.0,6,7,6,5,7,3,2,7,6,2,1,1,0,1,0,0,0,0,0,1,0,0,0,1,1,1,4,3,1,2,24,1,12,1,10,1,1,2
14547,2.0,4.0,2.0,1.0,5.0,1.0,2.0,2.0,5.0,5.0,1.0,5.0,2.0,2.0,4.0,4.0,1.0,5.0,5.0,2.0,6,6,3,3,7,2,2,6,1,3,1,1,0,1,1,0,1,0,0,1,0,0,1,1,1,1,2,1,1,1,21,1,5,1,60,2,1,2
14548,1.0,2.0,2.0,2.0,4.0,3.0,2.0,4.0,5.0,4.0,3.0,3.0,2.0,2.0,2.0,2.0,2.0,2.0,4.0,3.0,5,6,5,3,6,3,2,5,5,5,1,1,1,1,1,0,1,1,0,1,0,0,1,1,1,1,3,2,1,1,29,1,1,1,60,2,1,4
14549,5.0,5.0,1.0,2.0,5.0,2.0,2.0,4.0,4.0,2.0,1.0,5.0,4.0,2.0,5.0,1.0,3.0,4.0,5.0,2.0,6,7,5,5,5,3,5,5,3,6,1,1,0,1,1,0,0,0,0,1,0,0,0,1,1,1,3,1,1,2,20,1,4,1,10,1,1,0
14550,3.0,4.0,5.0,1.0,5.0,5.0,2.0,2.0,5.0,4.0,2.0,4.0,5.0,4.0,3.0,1.0,3.0,4.0,5.0,1.0,3,1,3,6,5,6,7,7,2,3,1,1,0,1,1,0,0,0,0,1,0,0,1,1,1,1,3,3,1,1,21,1,2,1,10,2,1,3
14551,4.0,5.0,1.0,2.0,4.0,1.0,1.0,1.0,2.0,1.0,2.0,5.0,2.0,1.0,5.0,4.0,2.0,5.0,5.0,3.0,6,6,7,1,6,2,4,1,3,3,1,1,0,1,1,1,0,1,0,1,0,1,0,1,1,1,3,1,1,2,20,1,6,1,60,1,1,2
14552,5.0,5.0,1.0,4.0,4.0,2.0,2.0,2.0,4.0,4.0,1.0,5.0,4.0,1.0,1.0,2.0,1.0,4.0,5.0,3.0,3,7,7,1,7,7,2,5,6,4,1,1,0,1,1,0,0,0,0,1,0,0,1,1,1,1,2,3,1,1,19,1,6,1,60,2,1,5
14553,3.0,3.0,5.0,3.0,4.0,5.0,3.0,3.0,5.0,4.0,1.0,4.0,4.0,2.0,4.0,3.0,4.0,4.0,5.0,3.0,4,3,6,6,7,5,5,2,3,2,1,1,1,1,1,0,0,0,0,1,1,0,1,1,1,1,3,2,1,1,43,1,12,2,60,2,2,1
14554,2.0,4.0,3.0,4.0,4.0,4.0,3.0,3.0,5.0,3.0,3.0,2.0,1.0,4.0,4.0,2.0,4.0,3.0,4.0,1.0,3,2,2,1,3,1,2,2,3,2,1,1,0,1,1,0,0,0,0,1,0,1,0,1,1,1,3,3,2,2,18,1,2,1,10,2,1,2
14555,3.0,4.0,2.0,2.0,4.0,1.0,1.0,2.0,3.0,2.0,1.0,5.0,4.0,1.0,5.0,1.0,2.0,5.0,5.0,3.0,7,4,6,1,7,1,2,2,7,6,1,1,0,1,1,0,0,0,0,1,0,0,1,0,1,1,4,3,1,1,28,1,1,1,60,1,1,3
14556,5.0,5.0,1.0,4.0,5.0,1.0,1.0,4.0,3.0,1.0,1.0,4.0,5.0,1.0,4.0,3.0,2.0,4.0,5.0,2.0,2,6,6,3,5,5,3,6,4,7,1,1,0,1,1,0,0,0,0,1,0,0,1,1,1,1,2,2,1,1,16,3,2,1,60,2,1,1
14557,5.0,5.0,1.0,1.0,5.0,1.0,1.0,4.0,2.0,1.0,1.0,5.0,5.0,2.0,4.0,1.0,5.0,4.0,4.0,4.0,1,5,4,2,6,7,3,5,7,5,1,1,1,1,1,0,0,1,0,1,0,0,1,1,1,1,2,3,1,2,18,1,6,1,10,2,1,2
14558,4.0,5.0,4.0,3.0,5.0,5.0,1.0,2.0,4.0,5.0,3.0,1.0,1.0,3.0,1.0,5.0,3.0,5.0,3.0,3.0,4,6,6,5,7,7,5,1,2,5,0,0,0,1,1,0,0,0,0,1,0,0,0,1,1,1,3,3,1,2,22,1,7,1,60,2,1,1
14559,4.0,4.0,4.0,4.0,4.0,4.0,2.0,2.0,4.0,4.0,2.0,3.0,2.0,2.0,3.0,4.0,3.0,3.0,5.0,2.0,3,5,4,2,5,6,5,5,4,3,1,1,0,1,1,0,0,0,0,1,0,0,0,1,1,1,3,3,2,2,22,1,12,5,10,2,1,4
14560,5.0,1.0,2.0,1.0,5.0,5.0,1.0,2.0,5.0,5.0,1.0,5.0,1.0,1.0,3.0,1.0,1.0,5.0,5.0,3.0,3,5,5,5,7,6,3,1,5,1,1,1,0,1,1,0,1,1,0,1,0,0,1,1,1,1,4,2,1,2,40,1,1,1,60,1,1,1
14561,2.0,5.0,4.0,1.0,4.0,4.0,5.0,5.0,5.0,4.0,2.0,4.0,1.0,1.0,4.0,4.0,2.0,2.0,5.0,5.0,3,6,6,5,5,5,5,5,5,5,1,1,0,1,1,0,0,0,0,1,0,0,1,1,1,1,2,2,1,2,20,1,3,1,10,2,1,4
14562,1.0,4.0,5.0,3.0,1.0,3.0,1.0,1.0,5.0,5.0,3.0,2.0,1.0,3.0,2.0,3.0,4.0,2.0,3.0,1.0,6,3,7,1,7,5,7,2,5,1,1,1,0,1,1,0,0,1,0,1,0,0,0,1,1,1,4,3,2,2,46,3,1,1,60,1,2,2
14563,5.0,5.0,1.0,2.0,4.0,1.0,1.0,2.0,5.0,1.0,2.0,5.0,3.0,1.0,3.0,1.0,1.0,5.0,5.0,3.0,2,2,6,6,6,4,5,5,2,2,1,1,1,1,1,0,0,0,0,1,0,0,1,1,1,1,3,1,1,1,48,1,6,1,60,1,2,3
14564,5.0,4.0,2.0,1.0,5.0,3.0,2.0,5.0,2.0,3.0,1.0,4.0,4.0,1.0,3.0,2.0,1.0,4.0,4.0,5.0,4,6,3,6,7,6,7,7,3,2,1,0,0,1,1,0,0,0,0,1,0,0,0,0,1,1,4,3,1,2,33,1,1,1,60,2,2,2
14565,5.0,5.0,5.0,1.0,5.0,3.0,3.0,5.0,5.0,1.0,1.0,5.0,1.0,1.0,5.0,1.0,1.0,5.0,5.0,5.0,5,5,4,5,6,7,6,5,6,1,1,1,0,1,1,0,0,0,0,1,0,0,1,0,1,1,3,2,1,1,30,1,6,1,30,1,1,3
14566,5.0,4.0,3.0,3.0,4.0,3.0,2.0,4.0,3.0,2.0,1.0,5.0,3.0,2.0,4.0,1.0,1.0,4.0,5.0,4.0,7,3,4,1,7,1,6,3,6,1,1,1,1,1,1,0,0,0,0,1,0,1,0,0,1,1,0,2,1,2,58,1,0,1,60,2,3,2
14567,5.0,5.0,2.0,1.0,5.0,2.0,3.0,4.0,3.0,1.0,1.0,5.0,4.0,3.0,5.0,1.0,4.0,5.0,2.0,4.0,3,2,4,3,5,7,5,4,6,2,1,1,0,1,1,0,0,0,0,1,0,0,1,1,1,1,2,3,1,2,22,1,6,1,30,1,1,4
14568,5.0,4.0,1.0,2.0,1.0,1.0,1.0,5.0,2.0,1.0,1.0,5.0,4.0,1.0,3.0,1.0,3.0,5.0,5.0,1.0,1,7,6,6,2,6,1,6,4,1,1,1,0,1,1,0,0,0,0,1,0,0,0,1,1,1,2,3,1,1,19,1,2,1,10,2,1,3
14569,1.0,1.0,5.0,5.0,1.0,5.0,2.0,1.0,5.0,5.0,2.0,1.0,5.0,5.0,1.0,5.0,1.0,1.0,5.0,1.0,7,7,6,5,7,6,7,1,6,1,0,1,0,1,1,0,0,1,0,0,0,0,1,1,1,1,4,1,1,1,50,1,1,1,60,2,3,5
14570,5.0,5.0,3.0,1.0,3.0,2.0,5.0,5.0,1.0,1.0,1.0,5.0,2.0,2.0,4.0,2.0,2.0,1.0,5.0,5.0,5,6,5,5,2,5,4,5,4,6,1,1,0,1,1,0,0,0,0,1,0,0,1,0,1,1,4,3,1,2,25,2,11,1,10,1,1,2
14571,5.0,4.0,3.0,5.0,5.0,3.0,1.0,5.0,4.0,3.0,1.0,3.0,4.0,5.0,3.0,4.0,2.0,5.0,5.0,4.0,2,6,6,7,5,7,7,2,6,1,1,1,1,1,1,1,0,1,0,1,0,0,1,1,1,1,3,3,2,2,20,1,4,2,10,1,1,2
14572,4.0,1.0,2.0,3.0,4.0,2.0,2.0,2.0,4.0,4.0,2.0,4.0,1.0,1.0,2.0,2.0,2.0,3.0,5.0,2.0,3,5,5,4,6,5,5,2,5,2,1,1,0,1,1,0,0,1,0,1,0,0,1,0,1,1,0,3,1,2,28,2,2,1,60,1,1,2
14573,1.0,3.0,3.0,4.0,2.0,5.0,2.0,3.0,5.0,5.0,1.0,2.0,2.0,2.0,4.0,5.0,3.0,4.0,5.0,1.0,3,5,5,5,7,5,7,1,5,1,1,1,0,1,1,0,0,1,0,1,0,0,0,0,1,1,2,3,2,2,23,2,2,1,60,2,1,4
14574,2.0,5.0,1.0,2.0,5.0,4.0,1.0,4.0,4.0,2.0,1.0,4.0,2.0,1.0,5.0,1.0,1.0,5.0,5.0,4.0,4,6,5,7,6,1,6,7,5,5,1,1,1,1,1,0,0,0,0,1,0,0,1,1,1,1,3,3,1,2,29,1,2,1,60,1,1,2
14575,2.0,2.0,5.0,5.0,1.0,5.0,4.0,1.0,5.0,4.0,5.0,3.0,1.0,3.0,1.0,4.0,4.0,1.0,3.0,1.0,4,1,7,2,6,4,7,2,7,4,1,1,1,1,1,0,0,0,0,1,0,0,0,1,1,1,3,1,2,1,60,1,6,1,60,1,3,4
14576,2.0,3.0,3.0,3.0,2.0,2.0,2.0,4.0,3.0,3.0,1.0,4.0,4.0,1.0,4.0,2.0,1.0,3.0,5.0,2.0,5,5,6,2,6,1,5,2,6,2,1,1,0,1,1,0,0,0,0,1,0,0,1,1,1,1,3,2,2,1,32,1,1,1,60,1,1,2
14577,1.0,4.0,5.0,5.0,4.0,2.0,2.0,4.0,5.0,5.0,1.0,4.0,1.0,4.0,4.0,2.0,1.0,4.0,5.0,2.0,3,6,6,3,6,1,7,6,6,3,1,1,0,1,1,0,0,0,0,1,0,0,0,1,1,1,4,3,2,1,51,2,4,1,60,1,3,3
14578,4.0,3.0,2.0,1.0,4.0,1.0,1.0,1.0,1.0,4.0,2.0,4.0,5.0,3.0,4.0,1.0,1.0,4.0,5.0,1.0,3,1,4,1,6,5,4,7,5,1,1,1,1,1,1,1,1,1,0,1,0,1,1,1,1,1,2,2,1,1,35,1,1,1,60,1,3,1
14579,5.0,5.0,1.0,2.0,5.0,2.0,1.0,5.0,2.0,1.0,1.0,5.0,4.0,1.0,5.0,1.0,1.0,5.0,5.0,3.0,6,4,6,1,6,3,6,3,1,2,0,0,0,1,0,0,0,0,0,1,0,0,0,1,1,1,2,3,1,2,16,1,12,1,60,2,1,2
14580,1.0,1.0,5.0,5.0,2.0,4.0,4.0,2.0,5.0,5.0,2.0,4.0,5.0,3.0,4.0,4.0,2.0,2.0,4.0,1.0,2,5,6,6,5,6,7,6,3,6,1,1,0,1,1,0,0,0,0,1,0,0,0,0,1,1,4,1,2,1,35,1,7,1,60,1,1,4
14581,1.0,4.0,3.0,4.0,4.0,2.0,1.0,4.0,5.0,4.0,2.0,5.0,2.0,4.0,4.0,1.0,1.0,4.0,5.0,1.0,3,5,7,5,7,5,5,5,3,2,1,1,1,1,1,0,1,0,0,1,1,1,1,1,1,1,3,3,2,1,34,3,12,1,60,1,2,2
14582,4.0,4.0,2.0,3.0,4.0,3.0,1.0,5.0,3.0,2.0,1.0,4.0,5.0,2.0,4.0,4.0,2.0,3.0,5.0,5.0,5,7,4,5,7,5,6,5,4,4,1,1,0,1,1,0,0,1,0,1,1,0,1,1,1,1,2,2,3,1,28,1,1,2,60,1,1,3
14583,4.0,5.0,2.0,5.0,4.0,5.0,2.0,1.0,5.0,4.0,2.0,2.0,2.0,2.0,2.0,4.0,4.0,4.0,5.0,1.0,2,5,5,3,6,5,6,5,5,2,1,1,1,1,1,0,1,1,0,1,0,1,1,1,1,1,2,3,2,1,56,1,4,1,60,1,3,6
14584,3.0,4.0,3.0,3.0,5.0,2.0,2.0,2.0,2.0,2.0,3.0,5.0,2.0,3.0,3.0,4.0,2.0,3.0,5.0,2.0,5,5,6,7,7,3,6,2,3,2,1,1,1,1,1,0,0,1,0,1,0,0,1,1,1,1,3,2,2,1,20,1,2,2,60,1,1,2
14585,4.0,5.0,4.0,2.0,5.0,1.0,1.0,5.0,2.0,2.0,1.0,5.0,4.0,2.0,5.0,4.0,1.0,5.0,5.0,1.0,3,6,5,6,3,5,3,5,3,5,1,1,0,1,1,0,0,0,0,0,0,0,0,1,1,1,3,3,2,1,21,1,4,2,60,1,1,2
14586,5.0,4.0,2.0,2.0,5.0,1.0,1.0,5.0,3.0,1.0,1.0,5.0,4.0,1.0,4.0,1.0,1.0,4.0,5.0,1.0,6,6,3,5,7,2,4,6,2,1,1,1,1,1,1,0,0,1,0,1,1,0,1,1,1,1,3,3,1,2,23,1,1,1,60,2,1,2
14587,3.0,5.0,3.0,3.0,3.0,2.0,1.0,2.0,3.0,2.0,1.0,4.0,4.0,2.0,5.0,4.0,1.0,4.0,5.0,4.0,1,3,6,5,7,7,2,2,7,2,1,1,1,1,1,1,0,0,0,1,1,0,1,1,1,1,3,2,1,1,33,1,2,1,60,1,2,2
14588,5.0,4.0,5.0,4.0,5.0,2.0,1.0,5.0,2.0,2.0,1.0,2.0,4.0,4.0,5.0,2.0,4.0,5.0,5.0,2.0,6,3,7,7,6,3,6,3,6,2,1,0,0,0,0,0,0,0,0,1,0,0,0,0,0,1,2,2,2,1,19,1,2,1,60,2,1,3
14589,1.0,1.0,4.0,5.0,2.0,5.0,4.0,1.0,5.0,5.0,5.0,2.0,1.0,3.0,2.0,4.0,3.0,2.0,4.0,1.0,6,5,7,2,5,3,6,5,6,2,1,1,0,1,1,0,1,0,0,1,1,0,1,1,1,1,4,2,2,1,34,1,1,1,60,1,2,3
14590,2.0,2.0,1.0,2.0,4.0,4.0,4.0,4.0,5.0,4.0,1.0,4.0,4.0,2.0,1.0,4.0,4.0,3.0,2.0,1.0,4,2,6,2,6,2,6,2,6,1,1,1,0,1,1,0,0,0,0,1,0,0,0,1,1,1,2,2,1,1,49,1,4,1,60,2,3,6
14591,1.0,2.0,1.0,4.0,1.0,4.0,4.0,1.0,5.0,5.0,1.0,1.0,1.0,2.0,3.0,3.0,1.0,1.0,5.0,1.0,5,1,7,6,6,3,7,1,5,2,1,1,1,1,1,0,0,0,0,1,0,0,1,1,1,1,3,1,2,1,38,1,2,1,60,2,3,2
14592,4.0,2.0,5.0,1.0,5.0,1.0,1.0,4.0,5.0,1.0,5.0,5.0,5.0,4.0,4.0,1.0,3.0,5.0,1.0,1.0,4,6,7,3,2,3,4,2,1,1,1,1,0,1,1,0,0,0,0,1,0,0,0,1,1,1,4,2,1,2,25,1,10,0,20,2,1,2
14593,3.0,4.0,1.0,4.0,4.0,4.0,1.0,2.0,4.0,5.0,1.0,5.0,4.0,2.0,2.0,2.0,2.0,4.0,5.0,2.0,1,7,6,4,6,5,3,1,7,2,1,1,1,1,1,0,1,0,0,1,1,0,1,1,1,1,4,2,1,1,42,1,4,1,60,2,2,3
14594,4.0,2.0,2.0,3.0,4.0,1.0,1.0,5.0,2.0,2.0,2.0,5.0,3.0,1.0,5.0,1.0,1.0,4.0,5.0,2.0,4,6,7,2,6,5,5,1,3,5,1,1,1,1,1,0,0,1,0,1,0,0,1,1,1,1,2,2,1,1,18,1,2,1,60,2,1,2
14595,5.0,5.0,1.0,2.0,3.0,1.0,1.0,5.0,5.0,1.0,1.0,5.0,5.0,1.0,1.0,5.0,5.0,5.0,1.0,5.0,6,7,7,7,1,4,7,1,6,1,0,1,0,1,1,0,0,1,0,1,1,0,1,1,1,1,3,3,1,2,23,1,10,1,20,1,1,2
14596,3.0,3.0,5.0,5.0,1.0,3.0,3.0,4.0,5.0,4.0,3.0,5.0,1.0,2.0,1.0,3.0,4.0,4.0,4.0,3.0,4,5,6,5,5,6,5,5,4,4,1,1,0,1,1,1,1,1,0,1,0,1,1,1,1,1,2,3,1,2,35,1,2,1,70,1,3,3
14597,3.0,1.0,2.0,5.0,1.0,4.0,2.0,1.0,5.0,3.0,1.0,1.0,1.0,1.0,2.0,1.0,2.0,5.0,5.0,1.0,1,2,6,7,7,7,7,2,3,3,1,1,1,1,1,0,0,0,0,1,1,0,1,1,1,1,3,0,2,1,34,1,2,0,60,1,2,3
14598,2.0,1.0,1.0,4.0,2.0,4.0,4.0,2.0,5.0,4.0,4.0,1.0,1.0,2.0,4.0,2.0,1.0,2.0,2.0,1.0,7,1,6,2,6,2,7,1,6,3,1,1,1,1,1,0,0,0,0,1,0,0,1,1,1,1,3,3,2,1,57,1,6,1,60,1,2,3
14599,5.0,5.0,2.0,2.0,4.0,2.0,3.0,4.0,3.0,2.0,1.0,4.0,2.0,1.0,5.0,4.0,1.0,5.0,5.0,4.0,1,5,5,6,7,5,4,6,3,1,1,1,0,1,1,0,0,1,0,1,0,0,1,1,1,1,2,2,3,1,18,0,1,3,10,2,1,2
14600,1.0,1.0,1.0,5.0,1.0,5.0,5.0,1.0,5.0,5.0,1.0,1.0,1.0,5.0,1.0,5.0,1.0,1.0,5.0,1.0,7,2,6,1,6,4,6,1,7,1,1,1,0,1,1,0,0,0,0,1,0,0,1,1,1,1,3,2,1,1,42,1,1,1,60,1,2,2
14601,5.0,1.0,1.0,1.0,5.0,1.0,1.0,5.0,3.0,1.0,1.0,5.0,5.0,1.0,1.0,1.0,5.0,5.0,5.0,1.0,3,6,6,6,6,1,3,6,1,1,1,1,0,1,1,0,0,0,0,1,0,0,1,1,1,1,3,3,2,1,26,1,12,2,60,1,1,7
14602,1.0,1.0,5.0,1.0,5.0,5.0,5.0,5.0,5.0,5.0,1.0,5.0,5.0,1.0,5.0,1.0,1.0,5.0,1.0,5.0,1,7,4,1,6,3,2,5,3,3,0,1,0,1,0,0,0,0,0,1,0,0,0,0,1,1,3,1,1,2,50,1,7,1,60,2,1,2
14603,1.0,3.0,4.0,4.0,1.0,2.0,2.0,1.0,5.0,4.0,3.0,3.0,2.0,3.0,3.0,3.0,4.0,1.0,5.0,1.0,2,5,6,6,5,5,7,3,3,1,1,1,1,1,1,0,0,1,0,1,1,0,1,1,1,1,2,2,2,1,23,1,1,4,60,2,1,2
14604,1.0,1.0,1.0,3.0,3.0,3.0,1.0,1.0,3.0,3.0,1.0,1.0,1.0,4.0,3.0,2.0,5.0,3.0,5.0,3.0,4,5,5,5,7,4,3,5,3,1,1,1,1,1,1,0,1,1,0,1,0,0,1,1,1,1,3,1,2,1,48,1,2,1,60,2,1,2
14605,1.0,1.0,4.0,3.0,2.0,4.0,2.0,2.0,5.0,5.0,4.0,4.0,2.0,3.0,1.0,4.0,3.0,2.0,5.0,1.0,7,5,6,5,7,1,6,1,3,1,1,1,1,1,1,1,0,0,1,1,0,1,1,1,1,1,4,1,2,1,39,1,2,1,60,1,2,2
14606,1.0,5.0,2.0,1.0,4.0,1.0,1.0,3.0,5.0,2.0,1.0,4.0,2.0,1.0,5.0,1.0,1.0,4.0,5.0,4.0,1,4,1,7,5,7,7,7,1,2,1,1,1,1,1,0,1,1,0,1,1,1,1,1,1,1,4,2,2,1,38,1,12,4,60,1,1,2
14607,2.0,2.0,2.0,1.0,4.0,4.0,5.0,2.0,3.0,5.0,2.0,4.0,4.0,2.0,3.0,2.0,2.0,1.0,4.0,2.0,2,6,5,4,5,5,6,7,4,1,1,1,1,1,1,1,1,0,0,0,0,0,1,1,1,1,4,1,2,1,45,1,1,1,60,1,2,4
14608,1.0,1.0,5.0,5.0,1.0,5.0,5.0,1.0,5.0,5.0,3.0,1.0,1.0,5.0,1.0,5.0,3.0,1.0,4.0,1.0,7,3,5,2,5,1,6,1,6,6,1,1,1,1,1,0,1,1,0,1,1,0,1,1,1,1,4,3,2,1,46,1,6,1,60,1,2,4
14609,4.0,4.0,2.0,5.0,1.0,5.0,2.0,2.0,5.0,4.0,3.0,2.0,3.0,4.0,4.0,4.0,3.0,4.0,5.0,1.0,5,5,3,5,6,4,4,7,5,3,1,1,0,1,1,0,0,1,0,1,0,0,1,1,1,1,3,3,1,1,23,1,1,1,70,1,1,2
14610,2.0,4.0,1.0,4.0,2.0,2.0,1.0,2.0,5.0,5.0,1.0,1.0,1.0,3.0,3.0,2.0,1.0,1.0,2.0,1.0,2,6,6,1,6,7,6,3,7,5,1,1,0,1,1,0,0,0,0,1,0,0,1,1,1,1,3,1,1,1,22,1,4,1,60,2,1,5
14611,1.0,1.0,5.0,5.0,1.0,2.0,2.0,2.0,5.0,5.0,2.0,4.0,2.0,4.0,1.0,3.0,4.0,1.0,4.0,1.0,3,3,6,1,6,7,6,2,7,1,1,1,0,1,1,0,0,0,0,1,0,0,1,0,1,1,3,2,1,1,46,1,6,1,60,1,2,2
14612,4.0,5.0,1.0,1.0,4.0,1.0,1.0,3.0,2.0,1.0,1.0,3.0,3.0,1.0,4.0,1.0,1.0,5.0,5.0,3.0,2,7,6,3,5,2,2,4,6,3,1,1,0,1,1,0,1,0,0,1,0,0,1,1,1,1,3,3,1,2,25,1,2,1,10,2,1,2
14613,1.0,1.0,3.0,1.0,5.0,4.0,5.0,1.0,5.0,5.0,1.0,3.0,5.0,1.0,1.0,3.0,3.0,3.0,3.0,1.0,5,4,6,4,6,6,6,4,6,2,1,0,0,1,0,0,0,0,0,1,0,0,0,0,1,1,3,1,1,2,29,1,3,1,60,2,1,2
14614,3.0,1.0,1.0,3.0,5.0,2.0,3.0,1.0,5.0,1.0,1.0,5.0,1.0,1.0,3.0,1.0,2.0,5.0,5.0,1.0,1,6,6,3,5,7,4,5,5,1,1,1,0,1,1,0,0,0,0,1,0,0,1,1,1,1,3,2,1,1,37,1,2,1,70,2,1,2
14615,1.0,1.0,4.0,3.0,4.0,4.0,1.0,2.0,4.0,4.0,1.0,2.0,4.0,4.0,3.0,1.0,2.0,4.0,5.0,1.0,6,3,3,5,7,6,7,6,3,2,1,1,1,1,1,0,0,1,0,1,1,0,1,1,1,1,2,3,2,1,17,1,12,2,30,2,1,1
14616,2.0,5.0,1.0,4.0,5.0,2.0,1.0,3.0,4.0,2.0,1.0,2.0,1.0,3.0,3.0,1.0,1.0,1.0,4.0,2.0,3,6,2,5,4,6,2,5,2,1,1,1,1,1,1,0,1,1,0,1,0,0,1,1,1,1,4,3,1,1,31,1,1,1,60,1,1,4
14617,5.0,4.0,5.0,5.0,5.0,1.0,1.0,4.0,5.0,2.0,1.0,4.0,3.0,4.0,2.0,1.0,3.0,5.0,5.0,1.0,2,2,3,4,5,6,6,5,3,1,1,1,1,1,1,0,0,1,0,1,1,0,1,1,1,1,3,2,2,1,41,2,2,1,60,1,1,1
14618,4.0,1.0,3.0,1.0,5.0,4.0,2.0,5.0,5.0,5.0,1.0,5.0,4.0,1.0,1.0,1.0,1.0,4.0,5.0,4.0,2,6,7,5,5,5,3,2,5,2,1,1,0,1,1,0,0,1,1,1,0,0,1,1,1,1,2,3,1,1,33,1,12,1,70,2,3,3
14619,5.0,4.0,2.0,3.0,4.0,2.0,1.0,5.0,4.0,2.0,1.0,4.0,4.0,2.0,3.0,2.0,3.0,4.0,5.0,5.0,4,6,4,3,3,5,7,6,5,5,1,1,0,1,0,0,0,0,0,1,0,0,1,1,1,1,2,3,1,2,20,1,2,1,20,2,1,4
14620,5.0,5.0,1.0,1.0,5.0,1.0,1.0,1.0,1.0,1.0,1.0,5.0,1.0,1.0,4.0,1.0,5.0,5.0,5.0,1.0,1,6,2,5,7,7,3,4,1,1,1,1,0,1,1,0,1,0,0,1,0,0,0,1,1,1,2,3,2,2,18,1,10,1,10,1,1,3
14621,1.0,1.0,5.0,3.0,1.0,4.0,1.0,5.0,5.0,5.0,1.0,3.0,3.0,2.0,1.0,5.0,1.0,1.0,5.0,1.0,6,1,6,2,3,6,7,4,6,1,1,1,1,1,1,0,1,1,0,1,1,0,1,1,1,1,3,2,2,1,53,2,12,1,60,1,2,3
14622,1.0,2.0,4.0,4.0,2.0,5.0,2.0,2.0,5.0,5.0,4.0,5.0,1.0,4.0,1.0,4.0,3.0,2.0,4.0,2.0,6,5,5,2,7,1,6,5,4,1,1,1,0,1,1,0,1,0,0,1,0,0,1,1,1,1,3,3,1,2,35,1,8,1,10,2,2,3
14623,4.0,3.0,2.0,2.0,5.0,4.0,2.0,4.0,3.0,3.0,1.0,5.0,2.0,2.0,4.0,4.0,3.0,4.0,5.0,1.0,3,2,5,7,5,5,6,5,5,6,1,1,1,1,1,0,1,0,0,1,1,0,1,1,1,1,3,1,1,1,22,1,2,4,60,2,1,2
14624,5.0,5.0,1.0,1.0,5.0,1.0,1.0,4.0,2.0,1.0,1.0,5.0,4.0,2.0,5.0,1.0,1.0,5.0,1.0,4.0,6,6,6,2,6,6,5,6,6,2,1,1,0,1,1,0,0,0,0,1,0,0,1,1,1,1,2,3,1,2,20,1,8,1,70,2,1,2
14625,5.0,5.0,1.0,1.0,5.0,1.0,2.0,5.0,1.0,4.0,1.0,5.0,5.0,1.0,5.0,1.0,1.0,1.0,5.0,4.0,6,7,7,6,6,5,1,1,5,1,1,1,1,1,1,0,1,1,0,1,1,0,1,1,1,1,4,3,1,2,36,2,2,1,60,1,1,0
14626,1.0,1.0,4.0,5.0,1.0,4.0,2.0,1.0,5.0,5.0,1.0,1.0,1.0,3.0,2.0,2.0,2.0,4.0,5.0,1.0,5,6,5,3,4,5,6,6,7,6,1,1,0,1,1,0,0,0,0,1,0,0,1,1,1,1,2,1,1,1,20,1,9,1,60,1,1,2
14627,1.0,1.0,1.0,2.0,1.0,1.0,1.0,1.0,5.0,1.0,1.0,4.0,1.0,2.0,1.0,1.0,1.0,4.0,5.0,1.0,3,6,2,5,3,6,6,2,5,5,1,1,1,1,1,0,0,1,0,1,1,0,1,1,1,1,4,1,1,2,47,1,6,1,10,1,1,2
14628,4.0,4.0,1.0,1.0,5.0,3.0,1.0,3.0,2.0,2.0,1.0,4.0,3.0,1.0,4.0,1.0,1.0,4.0,5.0,4.0,2,4,3,5,3,6,2,2,5,5,1,1,0,1,1,0,0,0,0,1,0,0,1,1,1,1,3,1,1,2,25,1,2,1,60,1,1,2
14629,5.0,4.0,1.0,2.0,2.0,1.0,1.0,2.0,5.0,1.0,1.0,5.0,2.0,1.0,2.0,1.0,3.0,2.0,4.0,1.0,5,6,7,4,5,3,7,1,3,1,1,1,0,1,1,0,0,1,0,1,0,0,1,1,1,1,4,1,2,2,31,1,2,1,60,2,1,3
14630,4.0,4.0,3.0,2.0,4.0,2.0,2.0,2.0,3.0,3.0,1.0,5.0,5.0,1.0,3.0,3.0,2.0,4.0,3.0,2.0,6,4,3,5,4,2,4,6,5,2,1,0,0,1,1,0,0,0,0,0,0,0,0,1,1,1,2,2,1,2,21,1,2,1,60,2,1,1
14631,5.0,2.0,5.0,4.0,4.0,2.0,2.0,2.0,5.0,3.0,3.0,4.0,4.0,3.0,4.0,3.0,2.0,4.0,5.0,4.0,4,5,5,6,4,7,5,1,5,1,1,1,1,1,1,0,0,0,1,1,0,0,1,1,1,1,2,3,1,2,23,1,2,1,70,2,1,2
14632,5.0,3.0,4.0,2.0,4.0,2.0,2.0,4.0,3.0,2.0,2.0,5.0,4.0,2.0,2.0,1.0,5.0,5.0,5.0,4.0,1,5,4,7,6,5,5,4,3,6,1,1,1,1,0,0,1,1,0,1,1,0,1,1,1,1,3,3,2,1,60,1,2,1,60,1,2,3
14633,5.0,5.0,5.0,2.0,5.0,4.0,1.0,3.0,5.0,2.0,2.0,5.0,5.0,1.0,5.0,5.0,1.0,5.0,5.0,5.0,5,5,6,6,7,3,7,6,5,1,1,1,0,1,1,1,0,0,0,1,0,1,1,1,1,1,2,2,1,1,20,1,2,1,20,2,1,0
14634,1.0,2.0,5.0,4.0,4.0,3.0,4.0,4.0,5.0,4.0,2.0,4.0,2.0,2.0,4.0,2.0,2.0,3.0,5.0,3.0,5,2,6,1,7,6,7,2,7,3,1,1,0,1,1,0,0,0,0,1,0,0,1,1,1,1,4,1,1,1,34,1,6,0,60,1,2,2
14635,4.0,5.0,4.0,3.0,4.0,3.0,4.0,4.0,3.0,3.0,3.0,5.0,3.0,2.0,4.0,3.0,4.0,3.0,5.0,3.0,5,5,5,5,6,6,6,2,5,3,1,1,0,1,1,0,0,0,0,1,0,1,1,1,1,1,2,3,1,2,29,1,7,1,60,1,1,4
14636,4.0,2.0,5.0,3.0,4.0,2.0,2.0,5.0,2.0,4.0,2.0,5.0,2.0,2.0,3.0,2.0,1.0,4.0,5.0,1.0,1,5,6,7,6,7,7,6,4,1,1,1,0,1,1,0,0,0,0,1,0,0,1,1,1,1,3,2,1,0,40,1,1,1,60,1,2,2
14637,3.0,4.0,2.0,3.0,4.0,1.0,1.0,2.0,5.0,2.0,1.0,5.0,4.0,1.0,2.0,1.0,1.0,5.0,5.0,4.0,5,1,6,5,7,5,7,1,6,4,1,1,1,1,1,1,0,1,0,1,1,0,1,1,1,1,3,1,1,2,30,1,1,1,60,1,1,3
14638,5.0,5.0,1.0,1.0,5.0,1.0,1.0,5.0,1.0,1.0,1.0,5.0,5.0,1.0,5.0,1.0,1.0,5.0,5.0,5.0,1,2,1,7,1,7,2,5,1,1,1,1,0,1,1,0,0,0,0,1,0,0,1,1,1,1,3,2,1,2,24,1,2,1,10,1,1,2
14639,5.0,1.0,3.0,4.0,4.0,5.0,4.0,1.0,5.0,4.0,2.0,5.0,1.0,5.0,1.0,1.0,5.0,5.0,5.0,1.0,5,6,6,2,7,7,6,2,7,1,1,1,1,1,1,0,1,1,0,1,0,0,1,1,1,1,3,3,2,1,24,1,1,1,10,2,1,2
14640,5.0,4.0,2.0,2.0,4.0,3.0,4.0,5.0,5.0,3.0,2.0,4.0,3.0,2.0,4.0,1.0,3.0,4.0,3.0,1.0,1,5,4,5,6,7,4,2,7,5,1,0,0,1,0,0,0,0,0,1,0,0,1,0,1,1,3,3,1,2,23,2,8,1,10,1,1,2
14641,5.0,5.0,1.0,1.0,5.0,1.0,1.0,3.0,1.0,2.0,1.0,4.0,5.0,1.0,4.0,2.0,5.0,4.0,5.0,3.0,4,3,3,5,7,6,5,5,1,2,1,1,1,1,1,0,1,1,0,1,1,0,1,1,1,1,3,2,2,2,23,1,2,2,60,1,1,2
14642,5.0,5.0,1.0,4.0,5.0,2.0,2.0,5.0,5.0,2.0,1.0,4.0,2.0,2.0,5.0,1.0,1.0,5.0,5.0,2.0,2,5,7,1,6,5,5,1,7,5,1,1,1,1,1,0,0,1,0,1,0,0,1,1,1,1,4,2,1,1,52,1,2,1,60,1,2,3
14643,4.0,4.0,4.0,4.0,5.0,1.0,1.0,4.0,4.0,4.0,1.0,5.0,4.0,2.0,4.0,1.0,1.0,5.0,5.0,3.0,3,6,6,3,6,6,5,3,5,3,1,1,1,1,1,0,0,0,0,1,0,0,1,1,1,1,3,2,1,1,27,1,1,1,60,1,1,5
14644,3.0,1.0,5.0,4.0,4.0,4.0,1.0,3.0,5.0,5.0,2.0,5.0,4.0,4.0,4.0,2.0,2.0,5.0,5.0,1.0,2,5,7,5,7,5,7,2,6,1,1,1,1,1,1,0,1,1,0,1,0,0,1,1,1,1,4,3,2,1,45,1,4,2,10,2,2,3
14645,5.0,4.0,3.0,1.0,5.0,1.0,1.0,4.0,3.0,4.0,1.0,5.0,5.0,3.0,2.0,1.0,3.0,3.0,5.0,2.0,6,6,6,4,4,3,2,2,6,4,1,1,1,1,1,0,0,0,0,1,0,0,1,1,1,1,0,3,2,2,13,0,8,1,10,2,1,3
14646,5.0,2.0,2.0,1.0,5.0,2.0,2.0,4.0,1.0,2.0,1.0,5.0,4.0,1.0,4.0,1.0,1.0,5.0,4.0,1.0,3,2,7,1,7,3,5,1,7,1,1,1,1,1,1,0,0,0,0,1,1,0,1,1,1,1,4,0,2,1,62,1,4,1,60,2,1,8
14647,1.0,5.0,5.0,5.0,5.0,5.0,5.0,1.0,5.0,1.0,5.0,5.0,1.0,5.0,1.0,5.0,1.0,5.0,5.0,5.0,5,3,5,5,5,5,5,5,6,6,1,0,0,1,1,0,0,0,0,1,0,0,0,0,1,1,4,1,1,2,27,1,8,1,10,1,0,2
14648,2.0,4.0,1.0,2.0,2.0,2.0,3.0,4.0,5.0,4.0,1.0,2.0,2.0,1.0,4.0,3.0,2.0,2.0,5.0,4.0,7,2,6,1,7,1,7,1,6,1,1,1,0,1,1,0,0,0,0,1,0,1,1,1,1,1,3,3,2,1,21,1,7,1,30,1,1,1
14649,1.0,4.0,5.0,5.0,2.0,5.0,5.0,4.0,5.0,5.0,5.0,1.0,1.0,5.0,4.0,5.0,2.0,1.0,5.0,1.0,3,2,6,3,6,6,4,5,6,3,1,1,0,1,1,0,0,0,0,1,0,0,1,1,1,1,3,3,1,2,27,1,4,1,70,2,1,4
14650,5.0,5.0,5.0,2.0,5.0,4.0,4.0,4.0,5.0,5.0,1.0,5.0,4.0,1.0,4.0,2.0,1.0,4.0,5.0,1.0,3,7,1,7,4,2,3,7,1,4,1,1,1,1,1,0,1,1,0,1,1,0,1,1,1,1,4,2,2,1,25,2,4,4,60,2,1,2
14651,4.0,4.0,1.0,2.0,4.0,1.0,1.0,4.0,3.0,2.0,1.0,4.0,3.0,1.0,4.0,2.0,3.0,4.0,5.0,2.0,4,3,5,2,6,4,5,2,6,2,1,1,0,1,0,0,0,0,0,1,0,0,1,1,1,1,3,2,1,2,26,1,7,1,60,2,1,1
14652,5.0,5.0,1.0,2.0,5.0,1.0,5.0,5.0,5.0,1.0,1.0,3.0,5.0,2.0,3.0,4.0,5.0,5.0,5.0,1.0,5,7,4,5,5,1,7,1,5,1,1,1,0,1,1,0,0,1,0,1,1,0,0,0,1,1,4,3,1,2,34,1,7,1,60,1,2,2
14653,5.0,5.0,4.0,4.0,4.0,5.0,1.0,5.0,4.0,2.0,1.0,5.0,2.0,1.0,4.0,5.0,4.0,3.0,1.0,1.0,2,3,2,1,5,7,3,6,7,2,1,1,0,1,1,0,0,1,0,1,0,0,1,1,1,1,3,3,1,2,21,1,10,1,30,2,1,7
14654,5.0,5.0,2.0,2.0,5.0,3.0,1.0,5.0,1.0,2.0,1.0,5.0,2.0,1.0,5.0,1.0,5.0,4.0,1.0,1.0,1,4,4,7,2,7,7,7,4,7,1,1,1,1,1,0,0,1,0,1,1,0,0,1,1,1,3,3,2,2,33,2,7,1,60,2,1,1
14655,5.0,4.0,1.0,1.0,5.0,1.0,1.0,4.0,1.0,1.0,1.0,5.0,5.0,1.0,4.0,3.0,1.0,5.0,5.0,4.0,7,7,2,1,7,1,3,6,2,1,1,1,1,1,1,0,1,1,0,1,0,1,1,1,1,1,3,3,1,1,29,0,4,1,60,2,3,1
14656,2.0,1.0,1.0,2.0,4.0,4.0,4.0,5.0,5.0,2.0,1.0,5.0,5.0,1.0,2.0,2.0,2.0,2.0,5.0,5.0,3,5,7,3,7,6,3,1,3,1,1,1,0,1,1,0,0,0,0,1,0,0,1,1,1,1,3,2,2,1,48,3,12,1,60,2,1,3
14657,2.0,4.0,4.0,4.0,2.0,4.0,5.0,4.0,5.0,4.0,3.0,2.0,1.0,4.0,2.0,2.0,4.0,1.0,5.0,2.0,6,6,6,2,7,3,5,2,5,3,1,0,0,1,1,0,1,0,0,1,0,0,1,1,1,1,3,3,2,2,24,1,6,1,60,1,1,2
14658,2.0,4.0,5.0,5.0,5.0,4.0,2.0,1.0,5.0,5.0,2.0,1.0,5.0,1.0,2.0,5.0,1.0,1.0,5.0,1.0,4,1,6,2,7,3,7,1,7,1,1,1,1,1,1,0,0,1,0,1,0,0,0,1,1,1,2,2,2,1,33,1,7,1,60,1,1,2
14659,1.0,1.0,4.0,3.0,4.0,2.0,2.0,3.0,4.0,2.0,2.0,5.0,1.0,2.0,1.0,1.0,1.0,1.0,5.0,2.0,4,2,5,3,5,2,5,1,5,3,1,1,1,1,1,0,1,1,0,1,1,0,1,1,1,1,4,2,2,1,29,1,2,1,60,2,1,2
14660,2.0,1.0,2.0,2.0,3.0,2.0,1.0,2.0,2.0,3.0,1.0,3.0,1.0,3.0,2.0,5.0,3.0,2.0,5.0,3.0,4,4,7,1,7,2,6,1,7,3,1,1,1,1,1,0,0,0,0,1,0,1,0,1,1,1,2,2,2,1,19,1,7,5,60,2,1,3
14661,5.0,5.0,2.0,2.0,4.0,3.0,1.0,3.0,3.0,2.0,1.0,5.0,5.0,4.0,4.0,1.0,2.0,4.0,5.0,2.0,1,7,4,6,7,5,2,3,2,2,1,1,1,1,1,0,0,0,0,1,0,1,1,1,1,1,1,3,2,1,17,1,12,2,60,2,1,1
14662,2.0,1.0,4.0,5.0,1.0,2.0,1.0,2.0,5.0,5.0,2.0,2.0,1.0,1.0,5.0,4.0,1.0,1.0,5.0,1.0,2,3,1,6,3,7,6,6,7,7,1,1,0,1,1,0,1,0,0,1,1,0,1,1,1,1,3,2,1,1,29,2,2,1,60,2,1,2
14663,2.0,3.0,5.0,3.0,3.0,4.0,5.0,4.0,3.0,2.0,3.0,1.0,3.0,2.0,2.0,2.0,1.0,3.0,3.0,1.0,6,4,6,3,7,4,7,5,6,3,1,1,1,1,1,0,0,0,0,1,0,1,0,1,1,1,4,3,2,1,31,3,4,1,60,1,3,4
14664,2.0,4.0,2.0,4.0,2.0,1.0,2.0,4.0,3.0,2.0,2.0,2.0,3.0,4.0,4.0,2.0,3.0,4.0,5.0,4.0,5,4,6,3,6,4,3,1,4,2,1,1,1,1,1,0,0,0,0,1,0,0,1,1,1,1,2,1,2,1,20,1,1,1,60,1,1,3
14665,4.0,3.0,2.0,4.0,2.0,1.0,1.0,3.0,2.0,2.0,3.0,3.0,4.0,3.0,4.0,3.0,1.0,5.0,5.0,2.0,3,6,4,1,6,3,4,2,7,2,1,1,1,1,1,0,0,0,0,1,0,0,1,1,1,1,3,2,1,1,35,1,2,1,60,2,2,2
14666,5.0,5.0,1.0,2.0,5.0,1.0,1.0,5.0,1.0,1.0,1.0,5.0,5.0,1.0,4.0,1.0,1.0,4.0,5.0,4.0,1,5,5,1,7,5,1,4,6,1,1,1,1,1,1,0,1,0,0,1,1,0,1,1,1,1,4,1,1,1,38,1,2,1,70,1,1,3
14667,4.0,5.0,4.0,3.0,5.0,1.0,1.0,4.0,2.0,2.0,2.0,5.0,3.0,3.0,5.0,1.0,1.0,4.0,4.0,3.0,7,4,3,7,6,1,7,3,1,4,1,1,1,1,1,0,0,1,0,1,0,0,1,1,1,1,3,2,2,1,20,1,2,1,60,1,1,2
14668,5.0,5.0,1.0,2.0,5.0,1.0,1.0,3.0,1.0,1.0,1.0,5.0,5.0,1.0,5.0,2.0,3.0,5.0,5.0,4.0,3,7,5,4,7,7,1,5,4,3,1,1,0,1,1,0,0,0,0,1,0,0,1,1,1,1,3,3,3,1,20,1,12,3,60,1,2,2
14669,1.0,5.0,1.0,4.0,4.0,5.0,5.0,3.0,5.0,5.0,2.0,3.0,4.0,3.0,4.0,2.0,2.0,5.0,4.0,3.0,3,1,6,2,7,6,4,3,7,2,1,1,1,1,1,0,0,0,0,1,0,0,1,1,1,1,3,2,2,1,23,1,6,1,60,1,1,2
14670,4.0,4.0,1.0,1.0,5.0,1.0,1.0,5.0,1.0,3.0,1.0,5.0,4.0,1.0,5.0,1.0,5.0,5.0,5.0,5.0,5,5,7,1,3,6,2,4,4,2,1,1,1,1,1,0,1,0,0,1,0,1,1,1,1,1,3,0,1,1,50,3,1,1,60,1,2,4
14671,3.0,3.0,3.0,2.0,3.0,3.0,3.0,4.0,4.0,3.0,2.0,3.0,4.0,2.0,4.0,3.0,2.0,4.0,3.0,3.0,2,2,6,5,4,6,5,2,6,4,1,1,0,1,1,0,1,0,0,1,0,0,1,1,1,1,2,3,2,1,21,1,7,1,70,1,1,3
14672,2.0,4.0,1.0,2.0,4.0,2.0,2.0,1.0,3.0,1.0,1.0,1.0,1.0,2.0,3.0,2.0,5.0,1.0,5.0,1.0,7,2,6,1,6,4,6,3,6,4,1,1,1,1,1,0,0,1,0,1,0,0,1,1,1,1,3,3,2,2,28,1,1,1,60,2,1,4
14673,5.0,1.0,5.0,5.0,2.0,4.0,5.0,2.0,5.0,4.0,2.0,4.0,1.0,4.0,2.0,5.0,1.0,1.0,2.0,1.0,2,1,7,6,5,6,7,1,7,3,1,0,0,0,1,0,0,0,0,1,0,0,0,1,0,1,3,2,2,1,58,1,6,1,60,1,2,2
14674,5.0,4.0,1.0,2.0,5.0,1.0,1.0,4.0,3.0,1.0,1.0,5.0,3.0,1.0,5.0,1.0,4.0,5.0,5.0,4.0,6,1,5,1,7,2,7,4,4,1,1,1,1,1,1,0,0,0,0,1,0,1,1,1,1,1,3,1,2,1,48,2,6,1,60,1,3,4
14675,5.0,5.0,1.0,4.0,3.0,1.0,1.0,5.0,1.0,1.0,1.0,5.0,5.0,1.0,5.0,2.0,2.0,5.0,5.0,4.0,7,6,2,5,7,1,1,7,7,7,1,1,0,1,1,0,0,0,0,1,0,0,1,1,1,1,2,2,1,1,17,1,1,1,60,2,1,4
14676,3.0,2.0,3.0,3.0,3.0,3.0,2.0,2.0,5.0,4.0,2.0,2.0,3.0,3.0,2.0,3.0,3.0,2.0,4.0,2.0,5,3,5,5,6,5,6,4,4,4,1,1,0,1,1,1,0,1,0,1,0,0,0,1,1,1,3,2,2,1,24,1,12,1,70,2,1,2
14677,5.0,5.0,1.0,2.0,5.0,1.0,1.0,2.0,2.0,2.0,1.0,5.0,5.0,1.0,5.0,1.0,1.0,5.0,1.0,5.0,7,6,5,5,7,2,2,2,6,1,1,0,0,1,1,0,0,0,0,1,0,0,1,1,1,1,3,0,1,2,22,1,10,1,70,2,1,3
14678,5.0,3.0,3.0,1.0,3.0,2.0,2.0,1.0,3.0,3.0,1.0,3.0,4.0,2.0,4.0,1.0,2.0,4.0,4.0,1.0,2,5,6,4,7,5,6,6,6,1,1,1,0,1,1,1,1,0,0,1,0,0,1,1,1,1,3,2,2,1,20,1,1,5,30,1,1,2
14679,3.0,1.0,4.0,4.0,3.0,4.0,2.0,1.0,3.0,4.0,3.0,4.0,4.0,1.0,3.0,2.0,1.0,4.0,5.0,3.0,7,2,4,3,6,2,7,3,3,1,1,1,0,1,1,0,0,0,1,1,0,0,1,0,1,1,2,2,1,1,22,1,1,1,60,1,1,2
14680,4.0,4.0,4.0,2.0,4.0,2.0,1.0,2.0,2.0,2.0,2.0,5.0,2.0,1.0,3.0,1.0,1.0,4.0,5.0,2.0,5,7,3,6,7,1,2,6,3,3,1,1,1,1,1,0,1,1,0,1,0,1,1,1,1,1,3,2,1,1,29,2,2,1,60,2,1,2
14681,1.0,3.0,2.0,4.0,1.0,4.0,4.0,1.0,2.0,4.0,1.0,3.0,1.0,3.0,3.0,1.0,4.0,1.0,5.0,1.0,6,2,6,3,6,1,7,1,6,1,1,1,1,1,0,0,1,1,1,1,0,0,1,1,1,1,4,3,1,1,72,1,2,1,60,2,3,4
14682,5.0,4.0,3.0,4.0,4.0,2.0,5.0,5.0,3.0,5.0,1.0,5.0,1.0,1.0,4.0,3.0,1.0,4.0,4.0,3.0,4,5,3,6,7,5,6,7,6,3,1,1,0,1,1,0,1,1,0,1,0,0,1,1,1,1,4,2,1,2,22,1,8,1,70,2,1,2
14683,4.0,4.0,1.0,3.0,4.0,2.0,1.0,2.0,4.0,1.0,1.0,5.0,2.0,2.0,4.0,1.0,2.0,3.0,5.0,2.0,6,6,7,1,6,4,3,6,7,1,1,1,0,1,1,0,1,1,0,1,0,0,1,1,1,1,4,2,1,1,27,1,1,1,10,2,1,1
14684,2.0,4.0,5.0,5.0,4.0,4.0,4.0,2.0,5.0,4.0,1.0,2.0,1.0,3.0,4.0,3.0,3.0,2.0,4.0,1.0,6,5,6,6,6,3,5,1,5,6,1,1,1,1,0,0,0,0,0,1,0,0,0,1,1,1,4,3,2,2,29,1,7,1,60,2,1,2
14685,5.0,5.0,1.0,1.0,5.0,1.0,1.0,5.0,1.0,1.0,1.0,5.0,5.0,1.0,5.0,1.0,1.0,5.0,5.0,5.0,7,5,4,3,5,3,1,1,7,1,1,1,1,1,1,1,1,1,1,1,1,1,1,1,1,1,3,2,1,1,32,2,4,1,10,1,1,4
14686,1.0,1.0,3.0,5.0,1.0,2.0,3.0,1.0,5.0,5.0,1.0,1.0,1.0,2.0,1.0,2.0,5.0,2.0,5.0,1.0,3,1,7,1,7,5,5,1,6,2,1,1,0,1,1,0,0,0,0,1,0,0,0,1,1,1,4,3,2,1,30,1,4,1,60,1,1,2
14687,1.0,3.0,4.0,5.0,5.0,2.0,1.0,4.0,4.0,2.0,2.0,1.0,2.0,3.0,1.0,2.0,5.0,4.0,4.0,2.0,3,4,7,2,6,7,6,2,6,6,1,1,0,1,1,0,0,0,0,1,1,0,1,1,1,1,2,3,1,1,18,1,2,1,60,1,1,2
14688,5.0,4.0,1.0,1.0,5.0,1.0,1.0,5.0,2.0,1.0,1.0,5.0,4.0,1.0,4.0,1.0,3.0,5.0,5.0,3.0,2,3,3,4,7,2,3,2,2,2,1,1,0,1,1,1,0,0,0,1,0,1,0,1,1,1,4,3,2,2,24,1,10,1,70,2,1,4
14689,2.0,2.0,3.0,4.0,4.0,4.0,2.0,2.0,4.0,5.0,3.0,1.0,1.0,3.0,3.0,2.0,4.0,3.0,5.0,1.0,6,4,4,2,6,1,4,4,2,1,1,1,0,1,0,0,0,0,1,1,0,0,0,1,1,1,2,1,2,1,18,2,1,1,60,1,1,2
14690,5.0,5.0,1.0,2.0,4.0,1.0,3.0,4.0,3.0,5.0,1.0,5.0,4.0,1.0,4.0,3.0,2.0,5.0,5.0,5.0,3,6,7,2,7,5,4,1,5,1,1,1,0,1,1,0,0,0,0,1,0,0,0,1,1,1,2,3,1,2,26,1,2,1,60,2,1,2
14691,2.0,2.0,1.0,4.0,4.0,1.0,1.0,2.0,1.0,2.0,1.0,1.0,1.0,1.0,5.0,1.0,1.0,5.0,5.0,3.0,5,5,6,3,7,6,6,2,6,2,1,1,0,0,1,1,0,1,0,1,1,0,1,1,0,1,3,3,1,2,33,1,4,1,60,1,1,2
14692,4.0,2.0,4.0,4.0,2.0,1.0,1.0,2.0,5.0,2.0,1.0,1.0,2.0,2.0,2.0,1.0,4.0,4.0,4.0,1.0,0,0,0,0,0,0,0,0,0,0,1,1,1,1,1,0,1,0,0,1,0,0,1,1,1,1,2,2,3,1,53,1,12,5,60,1,3,6
14693,5.0,1.0,3.0,1.0,3.0,5.0,1.0,1.0,5.0,3.0,1.0,1.0,1.0,3.0,3.0,1.0,1.0,3.0,1.0,1.0,4,4,5,5,5,6,3,4,4,4,1,1,0,1,1,1,0,1,0,1,0,0,1,1,1,1,4,3,1,2,35,1,10,1,60,2,2,1
14694,1.0,1.0,3.0,3.0,4.0,5.0,2.0,3.0,5.0,5.0,2.0,1.0,4.0,3.0,5.0,2.0,5.0,5.0,5.0,1.0,6,6,6,3,7,5,6,4,7,1,1,1,1,1,1,0,0,1,0,1,0,0,0,1,1,1,2,0,2,2,18,1,4,1,60,1,1,0
14695,4.0,1.0,5.0,5.0,5.0,2.0,2.0,4.0,5.0,5.0,2.0,5.0,2.0,4.0,4.0,2.0,1.0,1.0,5.0,2.0,2,1,6,5,7,7,7,2,6,2,1,1,0,1,1,0,0,1,0,1,0,0,1,1,1,1,3,2,1,2,45,1,3,1,60,2,1,1
14696,3.0,3.0,3.0,4.0,4.0,4.0,2.0,4.0,4.0,3.0,1.0,4.0,2.0,2.0,5.0,2.0,2.0,4.0,4.0,2.0,4,6,5,5,5,5,6,5,5,5,0,1,0,1,1,0,0,0,0,1,0,0,0,0,1,1,3,2,1,2,31,1,6,1,60,1,1,2
14697,5.0,5.0,1.0,4.0,5.0,1.0,1.0,5.0,1.0,1.0,2.0,5.0,5.0,1.0,5.0,1.0,1.0,5.0,5.0,5.0,6,7,5,3,6,7,1,3,5,6,1,1,0,1,1,0,0,0,1,1,0,0,1,1,1,1,1,1,1,2,15,1,7,1,60,2,1,3
14698,5.0,5.0,4.0,4.0,5.0,1.0,1.0,5.0,4.0,4.0,2.0,2.0,2.0,2.0,5.0,1.0,5.0,2.0,1.0,2.0,5,6,6,2,7,1,5,7,6,4,1,1,0,1,1,0,0,0,0,1,0,0,0,1,1,1,4,3,1,2,25,1,10,2,10,1,1,3
14699,5.0,5.0,1.0,3.0,5.0,1.0,1.0,4.0,3.0,2.0,1.0,5.0,5.0,1.0,5.0,1.0,1.0,5.0,5.0,3.0,1,7,6,3,6,7,1,2,5,5,1,1,1,1,1,0,0,1,1,1,0,0,1,1,1,1,3,3,1,1,21,1,2,1,60,1,1,1
14700,1.0,2.0,3.0,1.0,1.0,5.0,3.0,1.0,5.0,5.0,1.0,1.0,1.0,3.0,1.0,5.0,3.0,3.0,3.0,1.0,4,1,7,4,7,4,7,4,4,1,1,1,1,1,1,0,1,1,0,1,0,0,1,1,1,1,3,2,2,1,62,2,12,1,60,1,3,2
14701,5.0,5.0,1.0,1.0,5.0,1.0,1.0,5.0,1.0,1.0,1.0,5.0,4.0,1.0,5.0,5.0,1.0,4.0,5.0,4.0,1,7,1,6,1,5,1,7,1,7,1,1,0,1,0,0,0,0,0,1,0,0,0,0,1,1,3,3,2,2,23,1,4,4,10,1,1,2
14702,5.0,4.0,2.0,1.0,4.0,1.0,2.0,4.0,4.0,4.0,1.0,5.0,4.0,1.0,5.0,1.0,2.0,5.0,5.0,4.0,3,5,3,6,3,4,5,2,6,3,1,1,0,1,1,0,0,0,0,1,0,0,1,1,1,1,4,2,1,1,31,1,7,1,60,1,2,1
14703,4.0,5.0,4.0,3.0,4.0,4.0,2.0,5.0,5.0,2.0,1.0,5.0,5.0,1.0,3.0,4.0,1.0,5.0,5.0,1.0,1,6,3,7,7,7,5,7,1,5,1,0,0,1,1,0,0,0,0,1,0,0,0,0,1,0,3,3,2,2,31,1,2,1,10,1,1,2
14704,3.0,1.0,1.0,4.0,2.0,3.0,4.0,2.0,4.0,4.0,2.0,3.0,2.0,2.0,4.0,3.0,2.0,3.0,5.0,1.0,2,3,4,5,6,6,4,3,6,2,1,1,1,1,1,0,1,1,1,1,1,0,1,1,1,1,4,1,1,1,56,1,1,1,60,1,2,5
14705,1.0,1.0,5.0,5.0,2.0,5.0,2.0,1.0,5.0,5.0,4.0,4.0,1.0,2.0,3.0,5.0,2.0,1.0,3.0,1.0,5,1,7,1,5,5,7,1,6,1,1,1,1,1,1,0,1,0,0,1,0,0,1,1,1,1,3,1,2,1,58,1,3,1,60,2,1,3
14706,5.0,3.0,3.0,4.0,3.0,3.0,3.0,5.0,4.0,3.0,3.0,5.0,2.0,1.0,5.0,3.0,5.0,4.0,5.0,2.0,2,2,6,2,6,6,3,2,7,4,1,1,1,1,1,0,1,0,0,1,0,1,1,1,1,1,3,3,2,2,44,1,4,1,10,1,2,1
14707,1.0,3.0,5.0,5.0,1.0,4.0,1.0,1.0,3.0,4.0,4.0,1.0,1.0,1.0,4.0,4.0,4.0,3.0,4.0,1.0,6,5,2,7,7,1,6,7,3,1,1,1,1,1,1,0,0,0,1,1,0,0,1,1,1,1,2,2,2,1,19,1,2,2,60,2,1,3
14708,5.0,4.0,4.0,1.0,5.0,4.0,2.0,5.0,2.0,1.0,1.0,5.0,5.0,1.0,4.0,1.0,1.0,5.0,5.0,3.0,1,5,7,5,7,7,3,1,4,1,1,1,1,1,1,1,1,1,1,1,1,1,1,1,1,1,4,2,2,2,31,1,2,1,60,1,1,1
14709,2.0,4.0,4.0,3.0,4.0,4.0,2.0,1.0,4.0,1.0,1.0,1.0,1.0,2.0,5.0,1.0,3.0,4.0,5.0,1.0,4,4,4,7,5,4,6,3,6,1,1,1,1,1,1,0,0,1,0,1,1,0,1,1,1,1,3,3,2,1,30,1,12,2,60,1,2,3
14710,5.0,3.0,3.0,1.0,5.0,2.0,1.0,4.0,3.0,4.0,1.0,5.0,4.0,1.0,1.0,1.0,3.0,5.0,5.0,3.0,3,7,5,6,7,5,6,3,4,1,1,1,0,1,1,0,0,0,0,1,1,0,1,1,1,1,2,3,1,1,22,1,2,1,70,1,1,2
14711,5.0,2.0,1.0,3.0,4.0,1.0,1.0,5.0,4.0,1.0,1.0,5.0,2.0,1.0,4.0,1.0,1.0,5.0,5.0,5.0,4,7,7,2,7,5,3,2,5,2,1,1,1,1,1,0,1,1,0,1,1,1,1,1,1,1,4,3,1,1,24,1,4,3,70,2,1,1
14712,5.0,4.0,2.0,3.0,4.0,5.0,4.0,2.0,3.0,4.0,2.0,4.0,2.0,4.0,5.0,2.0,2.0,4.0,5.0,4.0,6,2,6,3,6,6,5,2,5,3,1,1,0,1,1,0,0,0,0,1,0,0,0,0,1,0,3,2,1,1,32,1,4,1,60,1,2,4
14713,2.0,4.0,1.0,5.0,4.0,2.0,1.0,1.0,4.0,5.0,3.0,4.0,2.0,3.0,4.0,5.0,1.0,3.0,5.0,1.0,7,6,7,5,7,7,5,5,6,1,1,1,1,1,1,0,1,1,0,1,1,0,1,1,1,1,3,2,1,1,36,2,7,1,50,1,3,3
14714,1.0,4.0,5.0,5.0,5.0,5.0,5.0,1.0,5.0,5.0,3.0,1.0,1.0,1.0,1.0,1.0,3.0,3.0,5.0,1.0,7,2,7,2,7,3,7,2,6,1,1,1,1,1,1,0,0,1,0,1,0,0,1,1,1,1,4,3,2,1,24,1,1,2,70,1,1,3
14715,1.0,4.0,4.0,4.0,3.0,2.0,2.0,4.0,4.0,5.0,2.0,4.0,4.0,2.0,3.0,2.0,1.0,2.0,5.0,1.0,5,5,5,3,3,5,6,2,6,5,1,1,0,1,1,0,0,0,0,1,0,0,1,1,1,1,4,2,2,1,32,1,4,1,60,1,1,2
14716,2.0,4.0,1.0,1.0,4.0,1.0,1.0,1.0,5.0,1.0,1.0,5.0,5.0,1.0,5.0,1.0,1.0,5.0,5.0,2.0,2,5,6,6,6,6,3,2,6,2,1,1,1,1,1,0,0,0,0,1,0,0,1,1,1,1,3,2,1,1,54,1,12,1,60,1,2,3
14717,2.0,3.0,4.0,4.0,4.0,3.0,3.0,2.0,4.0,3.0,2.0,4.0,1.0,2.0,3.0,3.0,2.0,4.0,4.0,1.0,5,5,6,5,6,6,5,3,3,2,1,1,1,1,1,0,1,0,0,1,1,0,1,1,1,1,3,2,2,1,34,2,1,1,60,1,2,2
14718,1.0,1.0,4.0,3.0,4.0,4.0,1.0,2.0,5.0,5.0,1.0,4.0,1.0,3.0,1.0,2.0,3.0,4.0,5.0,1.0,6,5,6,5,7,1,7,4,5,1,1,1,1,1,1,0,0,0,0,1,0,0,1,1,1,1,4,3,2,2,45,1,6,1,60,1,3,1
14719,4.0,5.0,1.0,2.0,5.0,3.0,2.0,2.0,3.0,5.0,2.0,4.0,1.0,2.0,3.0,4.0,1.0,2.0,4.0,3.0,6,5,4,5,7,5,5,2,4,4,1,1,0,1,1,0,0,0,1,1,0,0,0,1,1,1,3,3,1,2,22,2,10,1,60,1,1,2
14720,3.0,1.0,4.0,1.0,1.0,2.0,1.0,3.0,3.0,1.0,1.0,2.0,5.0,1.0,5.0,2.0,1.0,2.0,5.0,1.0,5,5,3,4,6,3,6,6,7,1,1,1,0,1,1,0,0,1,0,1,0,0,1,1,1,1,3,3,2,1,25,1,1,1,30,2,1,3
14721,1.0,1.0,4.0,3.0,5.0,5.0,4.0,2.0,5.0,5.0,2.0,1.0,1.0,1.0,1.0,5.0,2.0,4.0,4.0,3.0,2,5,4,5,7,6,3,3,7,1,1,1,0,1,1,0,0,1,0,1,0,0,1,1,1,1,3,3,1,2,29,1,7,1,60,1,1,2
14722,1.0,1.0,1.0,5.0,1.0,1.0,1.0,1.0,5.0,5.0,5.0,5.0,1.0,1.0,1.0,5.0,1.0,5.0,5.0,1.0,5,7,2,7,7,3,7,6,1,1,1,0,0,1,0,0,0,0,0,1,1,0,0,1,1,1,3,3,1,2,28,3,7,1,60,1,1,1
14723,3.0,3.0,2.0,4.0,5.0,2.0,1.0,5.0,3.0,2.0,1.0,5.0,4.0,1.0,2.0,1.0,1.0,4.0,5.0,1.0,3,3,6,2,6,5,5,1,7,3,1,1,0,1,1,0,0,0,0,1,0,0,1,1,1,1,3,3,1,1,45,1,7,1,60,1,2,1
14724,4.0,3.0,4.0,1.0,3.0,4.0,4.0,4.0,5.0,5.0,1.0,4.0,2.0,1.0,3.0,1.0,1.0,4.0,5.0,4.0,6,5,7,6,5,5,6,2,5,5,1,1,0,1,1,0,0,0,0,1,0,0,0,1,1,1,3,2,2,1,54,1,4,1,60,1,1,5
14725,2.0,4.0,4.0,2.0,4.0,4.0,4.0,1.0,5.0,4.0,2.0,5.0,3.0,1.0,3.0,2.0,1.0,4.0,3.0,4.0,6,7,6,1,7,3,6,1,6,1,1,1,1,1,1,1,0,1,0,1,1,0,1,1,1,1,4,3,2,2,35,1,2,1,60,1,1,2
14726,1.0,3.0,4.0,3.0,3.0,4.0,2.0,2.0,5.0,4.0,2.0,2.0,1.0,2.0,2.0,4.0,3.0,3.0,4.0,2.0,6,2,6,6,7,2,6,4,6,1,1,1,1,1,1,0,0,1,0,1,0,0,0,1,1,1,3,3,2,2,23,1,2,1,60,1,1,1
14727,5.0,5.0,5.0,1.0,5.0,2.0,1.0,5.0,2.0,2.0,1.0,4.0,2.0,1.0,4.0,4.0,1.0,5.0,5.0,3.0,3,7,6,2,6,2,6,1,6,2,1,1,1,1,1,0,0,1,0,1,1,1,1,1,1,1,3,3,1,2,43,1,7,1,60,1,2,2
14728,4.0,4.0,3.0,3.0,3.0,3.0,2.0,4.0,3.0,2.0,2.0,3.0,2.0,2.0,4.0,2.0,4.0,4.0,4.0,1.0,6,6,5,6,5,3,5,2,2,4,1,1,1,1,1,0,0,1,0,1,0,0,0,1,1,1,3,3,2,2,29,1,7,2,60,1,2,1
14729,5.0,4.0,4.0,3.0,5.0,4.0,2.0,2.0,4.0,3.0,1.0,5.0,1.0,3.0,5.0,3.0,2.0,4.0,5.0,1.0,5,3,2,5,5,4,7,3,7,2,1,1,1,1,1,0,0,1,0,1,1,0,1,1,1,1,4,3,2,2,37,1,7,1,60,1,2,2
14730,5.0,5.0,5.0,1.0,5.0,5.0,4.0,5.0,5.0,5.0,1.0,5.0,5.0,5.0,1.0,1.0,5.0,5.0,5.0,5.0,0,0,0,6,0,0,0,0,0,0,1,1,1,1,1,0,0,1,0,1,0,0,0,1,1,1,3,3,2,2,36,1,7,1,60,1,2,1
14731,1.0,1.0,2.0,4.0,3.0,5.0,5.0,1.0,1.0,5.0,2.0,3.0,1.0,5.0,1.0,3.0,3.0,3.0,1.0,1.0,5,3,6,2,7,6,7,1,4,1,0,0,0,0,1,0,0,0,0,1,0,0,0,1,0,1,4,0,2,2,26,1,7,1,60,1,1,2
14732,4.0,4.0,3.0,3.0,4.0,2.0,2.0,4.0,4.0,3.0,2.0,4.0,3.0,1.0,2.0,2.0,3.0,2.0,4.0,2.0,4,2,5,3,6,6,3,2,5,2,1,1,1,1,1,0,1,1,1,1,1,0,1,1,1,1,2,3,2,2,21,1,4,1,60,2,1,1
14733,5.0,4.0,2.0,2.0,4.0,4.0,3.0,4.0,3.0,2.0,2.0,5.0,2.0,2.0,4.0,2.0,3.0,4.0,5.0,2.0,7,7,7,2,7,2,6,2,4,1,1,1,1,1,0,0,0,0,0,1,0,0,0,1,1,1,2,3,1,2,22,1,7,1,60,2,1,1
14734,5.0,3.0,1.0,2.0,5.0,1.0,1.0,4.0,3.0,1.0,1.0,5.0,5.0,1.0,4.0,1.0,4.0,3.0,5.0,5.0,5,7,5,4,7,5,5,2,6,2,1,1,1,1,1,0,0,1,0,1,1,0,1,1,1,1,4,3,1,2,39,1,1,1,60,1,1,1
14735,4.0,5.0,3.0,5.0,5.0,5.0,5.0,4.0,3.0,4.0,2.0,5.0,4.0,1.0,2.0,5.0,1.0,4.0,4.0,4.0,5,5,2,2,7,5,6,6,6,2,1,1,1,1,1,0,0,0,0,1,0,0,0,1,1,1,3,3,1,2,38,1,7,1,60,1,2,2
14736,2.0,2.0,2.0,1.0,5.0,2.0,1.0,5.0,4.0,4.0,1.0,5.0,4.0,2.0,4.0,2.0,5.0,4.0,5.0,2.0,6,7,4,5,6,1,7,2,2,2,1,1,1,1,1,0,0,1,0,1,0,1,1,1,1,1,4,3,2,2,36,1,1,2,60,1,2,1
14737,5.0,5.0,1.0,5.0,5.0,5.0,1.0,5.0,4.0,1.0,1.0,5.0,5.0,1.0,5.0,5.0,1.0,5.0,5.0,5.0,1,5,6,1,7,7,7,1,7,1,1,1,0,1,1,0,0,0,0,1,0,0,1,1,1,1,3,1,1,2,35,1,1,1,60,2,2,2
14738,5.0,1.0,1.0,1.0,1.0,5.0,5.0,1.0,5.0,3.0,1.0,5.0,5.0,5.0,1.0,5.0,5.0,1.0,5.0,5.0,7,5,5,2,7,5,6,3,3,2,0,1,0,0,0,0,0,0,0,1,0,0,0,1,0,1,3,3,2,2,37,1,7,1,60,1,1,1
14739,4.0,4.0,3.0,5.0,3.0,3.0,2.0,2.0,4.0,5.0,3.0,2.0,2.0,3.0,2.0,4.0,3.0,5.0,4.0,2.0,7,4,2,2,6,1,7,1,6,1,1,1,0,1,1,0,0,0,0,1,0,0,0,1,1,1,3,3,2,2,37,3,7,1,60,2,2,1
14740,1.0,4.0,5.0,5.0,4.0,2.0,1.0,1.0,5.0,5.0,1.0,1.0,1.0,3.0,1.0,1.0,1.0,4.0,3.0,1.0,6,5,6,3,7,2,6,5,6,2,1,1,1,1,1,0,0,0,0,1,0,0,0,1,1,1,3,2,2,2,39,1,2,1,60,1,2,2
14741,5.0,4.0,3.0,4.0,4.0,2.0,1.0,5.0,2.0,2.0,3.0,5.0,4.0,2.0,4.0,4.0,3.0,4.0,5.0,4.0,3,2,6,2,7,7,7,4,6,3,1,1,1,1,1,1,1,0,0,1,0,0,1,1,1,1,4,3,1,2,22,1,2,1,70,2,1,2
14742,4.0,5.0,4.0,2.0,4.0,4.0,2.0,4.0,5.0,2.0,2.0,1.0,4.0,2.0,5.0,2.0,4.0,2.0,2.0,4.0,6,6,3,2,6,1,7,5,4,1,1,1,1,1,1,0,0,0,0,1,1,0,0,1,1,1,3,3,1,2,40,1,7,1,60,1,2,2
14743,4.0,4.0,4.0,2.0,4.0,4.0,2.0,5.0,2.0,2.0,2.0,4.0,2.0,2.0,4.0,2.0,2.0,4.0,4.0,4.0,5,2,1,2,6,3,6,6,2,5,1,1,1,1,1,0,0,0,0,1,0,0,0,1,1,1,3,3,1,2,43,1,7,1,60,1,1,1
14744,4.0,5.0,3.0,3.0,5.0,5.0,2.0,2.0,5.0,4.0,1.0,5.0,4.0,1.0,5.0,1.0,2.0,4.0,5.0,2.0,4,6,6,1,6,4,5,3,5,5,1,1,1,1,1,0,1,0,0,1,0,0,1,1,1,1,4,3,1,1,42,1,5,1,60,2,2,5
14745,4.0,1.0,1.0,1.0,5.0,4.0,2.0,1.0,4.0,1.0,2.0,4.0,2.0,1.0,4.0,4.0,5.0,2.0,5.0,3.0,5,7,6,1,0,6,7,3,7,1,1,1,0,1,1,0,0,1,0,1,0,0,0,1,1,1,4,3,2,2,37,3,2,1,30,2,1,1
14746,5.0,5.0,2.0,1.0,5.0,2.0,2.0,2.0,4.0,2.0,3.0,2.0,5.0,1.0,2.0,2.0,2.0,5.0,5.0,5.0,6,4,3,2,6,7,5,2,7,2,1,1,1,1,1,0,0,0,1,1,1,1,0,0,1,1,4,1,1,2,33,1,7,1,60,1,1,1
14747,4.0,5.0,5.0,1.0,5.0,2.0,5.0,5.0,3.0,5.0,1.0,5.0,3.0,1.0,3.0,2.0,1.0,5.0,5.0,5.0,5,6,2,2,4,7,7,6,2,4,1,1,1,1,1,1,1,1,1,1,1,1,1,1,1,1,4,3,2,2,37,1,7,1,60,1,1,1
14748,5.0,2.0,2.0,2.0,4.0,2.0,3.0,2.0,3.0,3.0,2.0,3.0,5.0,2.0,2.0,3.0,2.0,1.0,3.0,3.0,5,5,5,5,3,4,5,2,5,4,1,1,0,1,1,0,0,0,0,1,0,0,1,1,1,1,3,2,2,1,21,2,6,1,70,2,1,2
14749,4.0,4.0,5.0,1.0,5.0,2.0,3.0,1.0,3.0,4.0,1.0,4.0,2.0,2.0,5.0,2.0,4.0,4.0,5.0,1.0,1,1,6,5,5,4,5,1,4,6,0,0,0,1,0,0,0,0,0,1,0,0,0,1,0,1,4,3,2,2,29,1,7,1,60,1,3,2
14750,4.0,4.0,5.0,5.0,4.0,3.0,3.0,3.0,3.0,3.0,3.0,4.0,5.0,3.0,2.0,4.0,4.0,2.0,4.0,2.0,5,5,4,2,5,4,4,6,4,3,0,0,0,0,0,0,0,0,0,1,0,0,0,0,0,0,3,3,1,2,30,1,7,1,60,2,1,2
14751,4.0,4.0,3.0,5.0,4.0,3.0,2.0,4.0,5.0,4.0,1.0,5.0,1.0,4.0,4.0,2.0,4.0,4.0,5.0,1.0,6,5,7,3,7,5,7,5,6,2,1,1,1,1,1,0,0,0,0,1,0,0,1,1,1,1,4,1,1,1,33,1,2,3,60,2,1,3
14752,4.0,1.0,2.0,3.0,5.0,3.0,2.0,1.0,4.0,2.0,1.0,2.0,2.0,2.0,2.0,1.0,1.0,3.0,3.0,4.0,6,4,5,4,7,6,5,3,4,2,1,1,0,1,1,0,0,0,0,1,0,0,0,1,1,1,2,3,1,2,20,1,7,1,60,1,1,2
14753,2.0,4.0,2.0,4.0,4.0,1.0,1.0,2.0,5.0,3.0,1.0,4.0,1.0,1.0,2.0,1.0,2.0,2.0,5.0,1.0,2,3,1,7,5,5,6,7,1,2,1,1,1,1,1,0,0,0,0,1,0,0,1,1,1,1,2,3,2,1,19,1,1,3,60,1,1,3
14754,2.0,4.0,4.0,2.0,4.0,4.0,3.0,5.0,2.0,2.0,2.0,4.0,3.0,2.0,4.0,4.0,2.0,4.0,4.0,2.0,1,2,3,2,6,7,7,1,7,1,1,1,1,1,1,0,1,1,0,1,0,0,1,1,1,1,4,1,0,1,45,1,1,1,60,1,2,2
14755,2.0,4.0,4.0,2.0,4.0,2.0,2.0,2.0,4.0,2.0,1.0,4.0,4.0,2.0,4.0,2.0,2.0,4.0,4.0,4.0,6,3,5,5,5,2,5,2,3,5,1,1,0,1,0,0,0,0,0,1,0,0,0,1,1,1,4,3,2,2,36,1,7,1,60,2,2,1
14756,5.0,5.0,1.0,2.0,5.0,2.0,1.0,2.0,3.0,1.0,2.0,5.0,2.0,1.0,5.0,1.0,1.0,5.0,5.0,3.0,4,5,5,5,6,3,5,5,7,4,1,1,0,1,1,0,0,1,0,1,0,0,1,1,1,1,3,1,1,2,30,1,1,3,10,1,1,2
14757,4.0,4.0,2.0,1.0,5.0,1.0,1.0,4.0,2.0,1.0,2.0,5.0,4.0,1.0,3.0,1.0,2.0,5.0,4.0,2.0,4,6,5,5,5,5,2,1,5,3,1,1,1,1,1,1,0,1,0,0,0,1,1,1,1,1,3,3,1,1,25,1,6,4,10,2,1,2
14758,2.0,4.0,1.0,1.0,5.0,2.0,1.0,4.0,4.0,3.0,2.0,4.0,4.0,1.0,4.0,1.0,2.0,4.0,5.0,1.0,2,4,2,4,2,6,6,2,6,2,1,1,1,1,1,0,0,0,0,1,0,1,1,1,1,1,3,2,1,1,60,1,12,1,60,1,2,2
14759,2.0,2.0,3.0,4.0,4.0,2.0,2.0,4.0,4.0,4.0,2.0,2.0,1.0,3.0,4.0,4.0,3.0,4.0,5.0,5.0,3,6,7,5,6,6,5,1,5,5,1,1,0,1,1,0,0,1,0,1,0,0,0,1,1,1,2,2,1,1,19,1,2,0,60,2,1,2
14760,2.0,5.0,2.0,2.0,4.0,2.0,1.0,2.0,4.0,2.0,2.0,4.0,2.0,2.0,4.0,1.0,2.0,4.0,5.0,1.0,5,6,7,5,6,3,6,2,5,2,1,1,0,1,1,0,1,0,0,1,0,0,1,1,1,1,2,3,2,1,18,1,1,2,30,2,1,3
14761,5.0,5.0,2.0,2.0,5.0,4.0,1.0,3.0,1.0,5.0,1.0,5.0,4.0,1.0,2.0,1.0,1.0,5.0,3.0,3.0,6,7,4,7,7,4,6,3,3,1,1,1,0,1,1,0,0,1,0,1,0,0,1,0,1,1,3,2,1,1,21,1,10,1,10,2,1,3
14762,2.0,2.0,2.0,4.0,3.0,1.0,2.0,1.0,3.0,4.0,2.0,4.0,2.0,3.0,2.0,1.0,4.0,4.0,4.0,2.0,3,2,6,3,6,5,6,2,4,2,1,1,1,1,1,0,1,1,0,1,0,0,1,1,1,1,0,2,2,1,60,0,1,1,60,1,2,2
14763,5.0,5.0,1.0,1.0,5.0,1.0,1.0,5.0,1.0,1.0,1.0,5.0,5.0,2.0,5.0,1.0,1.0,5.0,1.0,4.0,7,5,2,5,6,1,5,6,5,6,1,0,0,1,1,0,0,0,1,1,1,0,1,0,0,0,0,1,1,1,18,3,8,1,70,1,1,3
14764,5.0,5.0,2.0,1.0,5.0,2.0,1.0,5.0,4.0,2.0,1.0,5.0,4.0,1.0,3.0,1.0,2.0,5.0,5.0,3.0,1,6,3,2,5,7,5,6,7,4,1,1,0,1,1,0,0,0,0,1,0,0,1,1,1,1,2,3,1,2,24,1,2,1,60,1,1,2
14765,5.0,5.0,5.0,1.0,5.0,5.0,3.0,1.0,5.0,4.0,1.0,5.0,1.0,1.0,1.0,1.0,1.0,1.0,1.0,2.0,1,5,5,5,4,5,3,6,3,5,1,1,1,1,1,0,1,0,0,1,0,0,0,1,1,1,2,3,1,2,38,1,7,1,60,1,1,1
14766,5.0,5.0,1.0,2.0,5.0,1.0,1.0,5.0,5.0,1.0,1.0,5.0,5.0,1.0,5.0,1.0,1.0,5.0,5.0,1.0,2,5,7,1,7,6,2,2,7,2,1,0,0,1,1,0,0,0,0,1,0,0,1,1,1,1,3,3,1,1,21,1,2,1,60,2,1,2
14767,2.0,5.0,1.0,4.0,2.0,4.0,1.0,4.0,3.0,1.0,2.0,5.0,2.0,1.0,5.0,1.0,1.0,3.0,5.0,3.0,7,6,7,1,6,2,7,1,7,2,1,1,0,1,1,0,0,0,0,1,1,0,1,1,1,1,4,3,2,2,23,1,3,2,60,2,1,2
14768,5.0,5.0,2.0,2.0,4.0,1.0,1.0,5.0,4.0,1.0,1.0,3.0,2.0,1.0,5.0,1.0,4.0,5.0,5.0,1.0,1,1,7,4,5,6,5,1,7,3,1,1,1,1,1,0,1,1,0,1,1,0,1,1,1,1,3,2,2,1,27,1,1,1,60,1,2,4
14769,4.0,3.0,2.0,3.0,4.0,2.0,1.0,4.0,3.0,2.0,2.0,5.0,3.0,1.0,4.0,1.0,2.0,4.0,5.0,1.0,6,5,5,1,7,2,5,1,6,3,1,1,1,1,1,0,1,1,0,1,1,0,1,1,1,1,4,0,2,2,26,1,6,2,0,1,1,2
14770,4.0,4.0,1.0,4.0,5.0,3.0,1.0,4.0,5.0,3.0,1.0,5.0,5.0,1.0,5.0,1.0,1.0,5.0,5.0,1.0,6,2,5,1,6,2,6,3,6,2,1,1,0,1,1,0,0,0,0,1,0,0,1,1,1,1,4,3,1,2,56,1,6,0,60,2,2,3
14771,5.0,4.0,2.0,4.0,4.0,1.0,1.0,4.0,4.0,1.0,1.0,5.0,4.0,1.0,5.0,5.0,2.0,4.0,1.0,2.0,2,6,6,6,5,5,3,2,5,5,1,1,0,1,1,0,1,1,0,1,0,0,1,1,1,1,4,3,1,1,37,1,4,2,70,1,1,4
14772,1.0,1.0,4.0,5.0,1.0,2.0,2.0,1.0,5.0,4.0,2.0,1.0,1.0,2.0,3.0,4.0,1.0,1.0,4.0,1.0,5,3,7,2,7,4,7,2,7,1,1,1,1,1,1,0,0,0,0,1,1,0,1,1,1,1,4,3,2,1,34,1,2,1,60,1,2,2
14773,5.0,5.0,1.0,2.0,4.0,3.0,3.0,1.0,1.0,3.0,1.0,5.0,5.0,1.0,4.0,1.0,4.0,4.0,5.0,3.0,6,7,7,3,6,5,5,1,2,3,1,1,0,1,1,0,0,0,0,1,0,0,0,1,1,1,2,3,1,1,53,1,4,1,60,1,2,3
14774,1.0,4.0,5.0,3.0,2.0,2.0,2.0,1.0,5.0,4.0,2.0,2.0,1.0,2.0,3.0,4.0,4.0,1.0,4.0,2.0,3,2,7,1,5,6,5,1,7,2,1,1,1,1,1,0,0,0,0,1,0,0,1,1,1,1,4,3,1,1,50,1,1,1,60,1,2,2
14775,4.0,4.0,5.0,3.0,5.0,1.0,1.0,4.0,2.0,4.0,1.0,5.0,4.0,4.0,4.0,2.0,1.0,5.0,5.0,2.0,1,1,6,1,6,7,7,5,6,1,1,1,0,1,1,0,0,0,0,1,0,0,1,1,1,1,3,3,2,1,38,1,7,1,30,1,1,1
14776,2.0,2.0,4.0,4.0,4.0,2.0,2.0,4.0,5.0,5.0,4.0,5.0,4.0,2.0,2.0,5.0,4.0,2.0,5.0,1.0,2,2,5,2,6,5,6,2,6,2,1,1,1,1,1,0,0,1,0,0,0,0,1,1,1,1,3,2,2,2,25,1,6,2,60,1,2,3
14777,1.0,5.0,2.0,1.0,2.0,4.0,2.0,2.0,2.0,4.0,1.0,1.0,2.0,1.0,5.0,1.0,3.0,5.0,5.0,1.0,1,5,6,7,6,7,6,6,2,2,1,1,0,1,1,0,0,1,0,1,0,0,1,1,1,1,2,2,1,1,18,1,1,3,10,2,1,3
14778,5.0,5.0,1.0,5.0,5.0,1.0,1.0,5.0,1.0,2.0,1.0,5.0,5.0,1.0,5.0,5.0,1.0,5.0,5.0,1.0,1,3,5,7,5,7,5,1,1,1,1,1,0,1,1,0,0,1,0,1,0,0,1,1,1,1,3,3,2,2,28,2,2,3,10,2,1,3
14779,5.0,4.0,2.0,1.0,4.0,1.0,1.0,5.0,2.0,2.0,2.0,4.0,4.0,2.0,4.0,1.0,3.0,2.0,5.0,5.0,1,6,7,7,6,5,5,1,1,2,1,1,0,1,1,0,0,1,0,1,0,0,1,1,1,1,3,2,2,1,22,2,1,1,60,2,1,2
14780,4.0,4.0,1.0,4.0,2.0,1.0,1.0,1.0,2.0,2.0,1.0,2.0,1.0,1.0,4.0,2.0,4.0,4.0,4.0,1.0,2,1,2,1,6,6,5,1,6,2,1,1,1,1,1,0,0,0,0,1,1,0,1,1,1,1,3,2,2,1,36,1,4,1,60,2,3,4
14781,4.0,4.0,3.0,2.0,5.0,2.0,2.0,4.0,4.0,2.0,1.0,5.0,4.0,2.0,5.0,2.0,1.0,5.0,3.0,2.0,6,3,2,1,7,2,7,5,5,1,1,1,0,1,1,0,0,1,0,1,1,1,0,1,1,1,3,1,2,2,23,1,7,1,60,1,1,2
14782,2.0,3.0,4.0,1.0,5.0,4.0,2.0,3.0,5.0,5.0,1.0,5.0,4.0,2.0,5.0,1.0,3.0,5.0,5.0,1.0,5,5,6,7,6,5,7,4,3,1,1,1,0,1,1,0,0,0,0,1,0,0,0,1,1,1,3,2,2,1,22,1,4,2,10,1,1,3
14783,4.0,3.0,2.0,2.0,5.0,2.0,1.0,2.0,3.0,2.0,1.0,5.0,2.0,1.0,3.0,1.0,1.0,5.0,4.0,3.0,7,6,6,1,6,1,3,2,7,4,1,1,1,1,1,0,0,0,0,1,0,0,0,1,1,1,3,3,1,2,36,1,1,1,60,1,2,2
14784,4.0,1.0,3.0,3.0,4.0,1.0,1.0,3.0,1.0,5.0,1.0,4.0,2.0,3.0,4.0,5.0,1.0,4.0,4.0,2.0,5,3,2,2,5,1,6,4,3,1,1,1,0,1,1,0,0,0,0,1,0,0,0,1,0,1,0,3,1,2,40,1,7,1,60,2,3,2
14785,1.0,1.0,5.0,5.0,3.0,4.0,1.0,1.0,5.0,5.0,2.0,2.0,1.0,4.0,1.0,5.0,3.0,4.0,5.0,1.0,2,1,6,6,7,7,7,6,5,1,1,1,0,1,1,0,0,0,0,1,0,0,1,1,1,1,2,1,2,1,18,1,2,1,60,2,1,1
14786,5.0,5.0,4.0,5.0,5.0,2.0,5.0,5.0,3.0,5.0,4.0,5.0,4.0,3.0,3.0,4.0,3.0,3.0,4.0,3.0,4,5,4,5,6,7,7,3,7,2,1,1,1,1,0,0,0,1,0,1,0,0,0,1,1,1,3,1,2,2,34,1,7,1,60,1,1,2
14787,4.0,2.0,4.0,1.0,2.0,4.0,5.0,1.0,5.0,5.0,1.0,4.0,1.0,2.0,1.0,2.0,4.0,3.0,2.0,4.0,5,7,6,7,5,5,7,2,5,1,0,0,0,0,0,0,0,0,0,1,0,0,0,0,0,1,4,3,2,2,28,1,7,1,60,1,2,3
14788,5.0,4.0,4.0,1.0,5.0,2.0,1.0,2.0,1.0,5.0,1.0,5.0,1.0,2.0,4.0,2.0,2.0,4.0,5.0,5.0,4,5,6,1,6,1,7,1,6,1,1,1,1,1,1,0,0,0,0,1,0,0,0,1,1,1,3,3,2,2,38,1,12,1,60,1,3,2
14789,4.0,4.0,1.0,2.0,4.0,2.0,2.0,1.0,1.0,1.0,1.0,5.0,1.0,1.0,4.0,1.0,1.0,5.0,5.0,2.0,5,6,3,5,6,5,5,6,3,2,1,1,0,1,1,0,0,1,0,1,1,0,1,1,1,1,2,3,1,2,34,1,2,2,60,2,1,2
14790,3.0,2.0,4.0,4.0,2.0,3.0,2.0,2.0,4.0,3.0,2.0,4.0,1.0,2.0,3.0,3.0,3.0,3.0,4.0,2.0,5,5,5,4,5,4,5,3,4,3,1,1,1,1,1,0,0,1,1,1,0,0,1,1,1,1,4,3,1,2,36,1,1,1,60,1,1,1
14791,5.0,4.0,3.0,1.0,4.0,2.0,2.0,4.0,5.0,2.0,2.0,2.0,4.0,3.0,5.0,4.0,4.0,3.0,5.0,4.0,5,3,3,2,6,1,3,7,4,4,1,1,0,1,1,0,0,0,0,1,0,0,0,0,1,1,3,3,2,2,20,1,2,1,10,2,1,3
14792,5.0,5.0,3.0,4.0,4.0,3.0,3.0,5.0,3.0,3.0,1.0,4.0,3.0,3.0,5.0,1.0,4.0,4.0,5.0,4.0,5,4,5,1,7,5,6,4,7,4,1,0,1,1,1,0,0,0,0,1,0,0,0,1,0,1,3,3,1,2,25,1,1,1,60,1,2,2
14793,5.0,3.0,1.0,1.0,5.0,1.0,1.0,1.0,3.0,2.0,1.0,5.0,5.0,2.0,5.0,1.0,1.0,4.0,4.0,1.0,5,6,2,1,7,6,4,6,7,1,1,1,1,1,1,0,1,1,0,1,0,1,1,1,1,1,2,2,1,1,20,1,6,1,60,1,1,2
14794,4.0,5.0,2.0,1.0,4.0,1.0,2.0,2.0,4.0,3.0,1.0,4.0,5.0,2.0,1.0,1.0,2.0,4.0,5.0,4.0,2,1,1,3,6,6,5,4,7,1,1,1,0,1,1,0,0,1,0,1,0,1,0,1,1,1,3,1,2,2,21,2,2,2,60,1,1,3
14795,5.0,5.0,1.0,1.0,5.0,1.0,1.0,5.0,2.0,1.0,1.0,5.0,5.0,1.0,4.0,1.0,1.0,5.0,5.0,5.0,5,7,6,7,7,3,3,2,2,1,1,1,1,1,1,0,0,0,0,0,0,0,0,1,1,1,3,3,1,2,36,1,7,1,60,1,2,1
14796,1.0,1.0,5.0,3.0,2.0,4.0,2.0,1.0,4.0,5.0,1.0,3.0,1.0,2.0,1.0,2.0,3.0,2.0,2.0,1.0,3,4,7,5,6,5,5,2,6,5,1,1,0,1,1,0,0,0,0,1,0,0,0,1,1,1,3,3,2,2,23,1,6,1,60,1,1,9
14797,3.0,4.0,3.0,3.0,5.0,2.0,3.0,4.0,2.0,3.0,1.0,5.0,2.0,2.0,3.0,2.0,5.0,4.0,5.0,3.0,4,6,0,5,6,7,6,5,6,6,0,1,1,1,1,0,0,0,0,1,0,0,0,1,1,1,4,3,2,2,28,1,1,1,60,1,1,2
14798,4.0,5.0,4.0,4.0,5.0,2.0,3.0,5.0,2.0,4.0,2.0,4.0,4.0,4.0,2.0,4.0,5.0,3.0,3.0,5.0,2,2,6,2,7,7,7,1,6,3,1,1,1,1,1,0,0,1,0,1,0,0,0,1,1,1,4,1,2,2,27,1,7,1,60,1,1,2
14799,4.0,4.0,2.0,3.0,2.0,2.0,2.0,4.0,3.0,2.0,2.0,5.0,3.0,3.0,3.0,1.0,1.0,4.0,4.0,4.0,6,3,5,3,6,2,6,5,6,3,1,1,1,1,1,1,0,0,1,1,0,0,1,1,1,1,3,3,1,2,36,1,2,1,60,1,2,1
14800,4.0,1.0,3.0,2.0,3.0,3.0,1.0,4.0,5.0,2.0,1.0,4.0,3.0,3.0,5.0,2.0,2.0,4.0,4.0,4.0,5,6,3,7,7,2,6,1,3,1,1,1,0,1,1,1,0,0,0,1,0,0,1,1,1,1,3,1,1,1,26,1,7,2,60,1,1,2
14801,5.0,4.0,2.0,5.0,4.0,5.0,2.0,5.0,5.0,5.0,2.0,1.0,4.0,5.0,1.0,2.0,1.0,5.0,2.0,4.0,2,5,7,5,7,7,7,5,3,1,1,1,1,0,1,0,0,1,0,1,0,0,0,1,1,1,2,3,1,2,24,2,12,1,60,2,1,3
14802,4.0,4.0,4.0,4.0,4.0,4.0,4.0,1.0,4.0,4.0,4.0,4.0,4.0,4.0,4.0,4.0,3.0,4.0,4.0,4.0,3,6,4,4,5,4,5,6,7,1,0,0,1,0,0,1,0,0,0,0,1,0,0,1,0,0,3,2,1,2,25,1,4,4,10,1,1,0
14803,4.0,2.0,4.0,2.0,2.0,2.0,4.0,4.0,5.0,5.0,2.0,4.0,1.0,1.0,1.0,5.0,1.0,4.0,2.0,2.0,2,6,6,6,3,6,7,4,3,2,1,1,1,1,1,0,0,0,0,1,0,0,0,1,1,1,3,3,2,2,33,1,7,1,60,1,3,2
14804,2.0,3.0,4.0,3.0,2.0,4.0,4.0,3.0,3.0,4.0,3.0,1.0,1.0,3.0,2.0,3.0,2.0,3.0,4.0,2.0,4,6,2,4,7,2,0,6,2,1,1,1,1,1,1,0,0,0,0,1,0,0,0,1,1,1,3,2,2,2,52,1,2,1,60,1,3,2
14805,4.0,1.0,2.0,4.0,4.0,4.0,4.0,2.0,5.0,5.0,4.0,4.0,1.0,3.0,2.0,2.0,3.0,4.0,3.0,1.0,5,4,5,1,6,5,5,5,5,4,1,1,1,1,1,0,1,0,0,1,1,0,1,1,1,1,3,1,2,2,25,1,6,1,60,1,2,2
14806,5.0,5.0,1.0,1.0,5.0,1.0,1.0,5.0,1.0,1.0,1.0,5.0,5.0,1.0,5.0,1.0,1.0,5.0,5.0,3.0,7,6,6,1,7,1,2,1,7,1,1,1,1,1,1,0,0,1,0,1,1,0,1,1,1,1,2,3,2,2,20,2,1,1,60,2,1,2
14807,1.0,2.0,3.0,3.0,1.0,2.0,2.0,2.0,4.0,5.0,1.0,2.0,1.0,2.0,1.0,5.0,1.0,2.0,5.0,1.0,6,6,5,3,6,6,7,2,3,5,1,1,1,1,1,0,1,0,1,1,1,0,1,1,1,1,3,3,2,2,42,2,4,1,60,1,1,4
14808,1.0,1.0,1.0,4.0,5.0,4.0,1.0,1.0,5.0,5.0,1.0,5.0,5.0,1.0,1.0,1.0,5.0,5.0,5.0,1.0,7,6,7,1,7,1,7,1,4,1,1,1,1,1,1,0,0,1,0,1,0,0,0,1,1,1,4,3,2,2,39,1,7,1,60,1,2,2
14809,1.0,2.0,4.0,4.0,3.0,2.0,1.0,1.0,4.0,3.0,1.0,2.0,1.0,3.0,4.0,2.0,5.0,4.0,5.0,2.0,6,2,5,2,7,4,6,3,6,3,1,1,0,1,1,0,0,1,0,1,0,0,1,1,1,1,3,1,1,2,24,1,1,1,60,1,1,0
14810,4.0,3.0,3.0,4.0,3.0,3.0,1.0,3.0,4.0,4.0,1.0,2.0,2.0,2.0,3.0,5.0,5.0,3.0,5.0,3.0,7,6,6,4,7,4,6,5,5,2,1,1,1,1,1,1,0,1,1,1,1,0,1,1,1,1,2,1,1,2,20,1,12,1,60,1,1,1
14811,4.0,2.0,2.0,1.0,5.0,2.0,2.0,4.0,3.0,2.0,1.0,4.0,4.0,1.0,5.0,2.0,2.0,4.0,2.0,3.0,3,6,5,4,6,4,5,3,4,1,1,1,0,1,1,0,0,0,0,1,0,0,0,1,1,1,2,2,2,2,18,1,10,1,10,2,1,2
14812,4.0,4.0,2.0,4.0,4.0,2.0,2.0,2.0,4.0,2.0,2.0,2.0,1.0,1.0,3.0,1.0,5.0,2.0,5.0,1.0,5,6,5,5,6,3,6,2,5,2,0,1,0,1,0,0,0,0,0,1,0,0,1,0,1,1,2,3,1,2,20,1,6,1,60,2,1,1
14813,5.0,1.0,1.0,2.0,5.0,1.0,1.0,5.0,4.0,5.0,1.0,5.0,4.0,1.0,1.0,1.0,1.0,4.0,5.0,5.0,2,6,3,1,6,4,1,1,7,2,0,1,0,0,1,0,0,0,0,1,0,0,1,1,1,1,4,3,2,2,23,1,1,1,10,2,1,4
14814,4.0,5.0,2.0,4.0,5.0,4.0,5.0,4.0,2.0,4.0,4.0,5.0,3.0,1.0,4.0,1.0,1.0,5.0,1.0,4.0,3,6,6,7,5,6,5,1,2,1,1,1,1,1,1,1,0,0,0,1,0,1,1,1,1,1,3,3,2,2,26,1,7,1,60,1,2,2
14815,5.0,5.0,1.0,1.0,5.0,2.0,1.0,5.0,2.0,2.0,1.0,5.0,2.0,1.0,5.0,2.0,5.0,5.0,5.0,1.0,6,7,5,5,6,1,6,6,2,2,1,1,1,1,1,0,0,1,0,1,0,1,1,1,1,1,4,3,2,2,34,1,7,1,60,1,3,1
14816,4.0,4.0,3.0,1.0,4.0,3.0,2.0,2.0,5.0,3.0,2.0,3.0,5.0,1.0,3.0,2.0,2.0,5.0,5.0,4.0,3,4,2,5,6,7,2,7,6,5,1,1,1,1,1,0,0,0,0,1,0,0,1,1,1,1,2,3,1,2,20,1,10,1,10,2,1,1
14817,1.0,1.0,5.0,5.0,2.0,4.0,2.0,2.0,5.0,5.0,1.0,4.0,1.0,3.0,1.0,5.0,5.0,4.0,5.0,2.0,5,0,7,2,6,5,7,3,7,1,1,1,0,1,1,0,1,1,0,1,1,0,1,1,1,1,4,2,1,1,58,1,2,0,60,2,2,1
14818,5.0,4.0,3.0,5.0,5.0,2.0,1.0,4.0,3.0,3.0,1.0,3.0,3.0,2.0,4.0,1.0,4.0,5.0,5.0,2.0,3,4,6,5,7,6,6,6,2,1,1,1,1,1,1,0,0,0,1,1,1,1,1,1,1,1,4,2,1,1,33,1,1,1,60,1,2,2
14819,5.0,5.0,5.0,4.0,5.0,2.0,4.0,5.0,4.0,2.0,2.0,4.0,2.0,2.0,5.0,2.0,1.0,5.0,5.0,4.0,4,3,2,5,6,5,6,7,5,2,1,1,0,1,1,0,0,0,0,1,0,0,1,1,1,1,3,2,1,1,36,1,4,1,40,2,1,3
14820,4.0,4.0,1.0,2.0,2.0,1.0,1.0,2.0,3.0,3.0,1.0,3.0,5.0,2.0,4.0,1.0,2.0,4.0,5.0,4.0,2,4,7,1,6,6,2,1,3,1,1,1,1,1,1,0,1,1,0,1,1,0,1,1,1,1,3,2,2,1,39,1,12,2,60,2,2,2
14821,5.0,4.0,2.0,5.0,5.0,1.0,1.0,4.0,4.0,5.0,1.0,5.0,5.0,1.0,1.0,1.0,4.0,5.0,5.0,1.0,7,7,6,5,7,6,7,1,5,1,1,1,0,1,1,0,0,1,0,1,1,0,1,1,1,1,4,1,2,2,37,1,1,1,60,1,1,2
14822,5.0,2.0,5.0,1.0,2.0,4.0,1.0,2.0,4.0,5.0,1.0,2.0,2.0,4.0,4.0,2.0,2.0,4.0,5.0,1.0,1,3,3,2,6,6,6,7,5,2,1,1,1,1,1,0,0,1,0,1,0,0,1,1,1,1,3,3,1,1,28,1,2,1,60,1,1,3
14823,5.0,3.0,1.0,3.0,4.0,4.0,1.0,4.0,4.0,5.0,2.0,2.0,1.0,2.0,2.0,1.0,4.0,5.0,5.0,2.0,5,7,7,5,6,7,5,7,7,1,1,0,0,1,1,0,0,0,0,1,0,0,1,1,1,1,4,3,1,2,24,1,7,5,10,1,1,2
14824,1.0,1.0,4.0,4.0,3.0,4.0,3.0,5.0,5.0,3.0,5.0,3.0,4.0,3.0,2.0,4.0,3.0,1.0,3.0,3.0,5,6,7,4,7,7,7,1,6,1,0,0,0,0,0,0,0,1,0,0,0,0,0,0,0,1,2,3,2,2,16,1,10,1,10,2,1,4
14825,1.0,5.0,4.0,2.0,5.0,4.0,5.0,4.0,4.0,3.0,3.0,4.0,4.0,1.0,5.0,4.0,1.0,4.0,5.0,3.0,6,5,6,6,6,1,6,2,3,1,1,0,0,1,0,0,0,0,0,1,0,0,0,0,0,1,3,3,2,2,33,1,4,1,60,2,3,3
14826,5.0,5.0,2.0,2.0,5.0,3.0,1.0,5.0,3.0,1.0,2.0,5.0,5.0,3.0,4.0,2.0,1.0,5.0,5.0,2.0,6,5,5,3,5,2,3,5,4,3,1,1,1,1,1,0,0,0,0,1,0,0,1,1,1,1,3,3,2,2,18,1,1,2,10,2,1,2
14827,1.0,1.0,1.0,1.0,5.0,1.0,1.0,1.0,2.0,1.0,1.0,5.0,1.0,1.0,5.0,1.0,4.0,4.0,5.0,1.0,7,7,7,5,6,2,4,2,5,1,1,1,0,1,0,0,0,0,0,1,1,1,0,1,1,1,3,2,2,2,29,2,10,2,10,1,1,4
14828,5.0,2.0,2.0,4.0,4.0,1.0,1.0,4.0,2.0,2.0,1.0,4.0,5.0,2.0,4.0,1.0,1.0,4.0,5.0,3.0,3,5,4,6,6,2,4,1,5,2,1,1,1,1,1,0,0,1,0,1,0,1,1,1,1,1,3,2,1,1,35,1,2,1,60,1,2,2
14829,1.0,1.0,5.0,5.0,1.0,5.0,4.0,2.0,5.0,5.0,1.0,2.0,2.0,4.0,1.0,4.0,3.0,1.0,4.0,1.0,5,2,6,5,7,3,6,1,6,1,1,1,0,1,1,0,0,0,0,1,1,0,0,0,1,1,4,2,2,2,49,1,6,1,60,2,2,3
14830,2.0,4.0,3.0,3.0,5.0,5.0,5.0,3.0,4.0,4.0,2.0,4.0,4.0,2.0,4.0,4.0,3.0,2.0,4.0,2.0,7,2,6,7,7,2,7,5,2,2,1,1,1,1,1,0,0,1,0,1,0,0,1,1,1,1,3,2,2,1,33,1,2,1,60,1,2,2
14831,4.0,5.0,5.0,5.0,5.0,5.0,1.0,5.0,5.0,5.0,5.0,5.0,5.0,1.0,4.0,5.0,3.0,5.0,5.0,4.0,7,7,5,5,1,1,6,5,7,6,1,0,0,1,1,0,0,0,0,1,0,0,0,1,1,1,4,1,2,2,24,1,7,1,10,1,1,2
14832,5.0,4.0,1.0,4.0,5.0,2.0,4.0,5.0,1.0,5.0,5.0,5.0,1.0,1.0,2.0,1.0,5.0,3.0,3.0,5.0,5,3,0,5,7,6,7,2,5,1,1,1,0,1,0,0,0,0,0,0,0,0,0,0,1,1,3,2,1,2,24,1,10,1,10,0,1,1
14833,5.0,5.0,5.0,4.0,5.0,5.0,5.0,5.0,5.0,5.0,3.0,5.0,5.0,3.0,4.0,5.0,5.0,3.0,5.0,5.0,5,6,6,7,7,3,7,3,6,7,1,0,0,1,1,0,0,0,0,1,0,0,0,0,0,1,3,2,2,2,21,1,10,3,10,0,1,2
14834,5.0,2.0,3.0,5.0,5.0,1.0,2.0,5.0,5.0,2.0,1.0,5.0,5.0,1.0,3.0,1.0,1.0,5.0,3.0,5.0,1,1,5,7,6,7,6,6,1,4,0,1,0,1,1,0,0,0,0,1,0,0,0,1,1,1,4,3,2,2,25,1,8,1,10,2,1,2
14835,4.0,4.0,2.0,2.0,4.0,1.0,1.0,4.0,3.0,1.0,2.0,4.0,4.0,2.0,4.0,1.0,2.0,4.0,5.0,2.0,6,5,7,4,7,1,3,1,6,1,1,1,1,1,1,0,1,1,0,1,1,0,1,1,1,1,4,1,1,1,35,1,6,3,60,1,3,3
14836,3.0,2.0,4.0,5.0,4.0,5.0,2.0,5.0,5.0,5.0,1.0,2.0,1.0,2.0,2.0,5.0,3.0,2.0,5.0,4.0,2,6,6,6,3,5,6,6,3,1,1,0,0,1,1,0,0,0,0,1,0,0,0,0,0,0,4,1,1,2,26,1,1,1,10,1,1,2
14837,5.0,5.0,5.0,5.0,3.0,5.0,3.0,5.0,5.0,5.0,1.0,5.0,3.0,1.0,3.0,5.0,3.0,5.0,5.0,5.0,5,0,0,7,0,0,7,0,0,0,1,0,0,1,1,0,0,0,0,1,0,0,0,0,1,1,2,1,2,2,21,1,8,0,10,1,1,1
14838,5.0,3.0,5.0,4.0,3.0,3.0,3.0,4.0,5.0,5.0,4.0,5.0,2.0,3.0,3.0,3.0,3.0,5.0,5.0,5.0,0,0,0,0,0,0,0,0,0,0,1,0,0,1,1,0,0,0,0,1,0,0,0,0,1,1,4,3,2,2,20,1,8,0,10,2,1,2
14839,3.0,4.0,4.0,1.0,4.0,5.0,2.0,4.0,3.0,5.0,1.0,5.0,1.0,1.0,3.0,4.0,2.0,4.0,5.0,4.0,2,2,5,5,5,4,5,3,3,2,1,1,1,1,1,1,0,0,0,1,0,1,0,1,1,1,4,1,2,2,24,1,4,1,60,2,1,1
14840,4.0,4.0,5.0,4.0,3.0,2.0,5.0,4.0,3.0,3.0,3.0,5.0,2.0,3.0,4.0,3.0,2.0,3.0,4.0,4.0,6,5,5,4,6,5,5,3,5,4,1,1,1,1,1,1,0,0,1,1,0,1,0,1,1,1,4,3,2,2,21,1,8,0,10,2,1,2
14841,4.0,2.0,5.0,2.0,3.0,4.0,2.0,4.0,5.0,4.0,2.0,3.0,1.0,2.0,4.0,4.0,2.0,4.0,3.0,1.0,7,6,7,4,6,2,6,3,5,5,1,1,0,1,1,0,0,0,1,1,0,0,1,1,1,1,4,1,1,2,25,1,8,1,10,1,1,2
14842,5.0,2.0,4.0,4.0,2.0,4.0,2.0,4.0,5.0,4.0,1.0,4.0,3.0,3.0,2.0,4.0,4.0,5.0,4.0,1.0,6,2,6,1,5,5,6,2,6,2,1,1,0,1,1,0,0,0,0,1,0,0,0,1,1,1,4,2,1,2,25,1,8,1,10,1,1,2
14843,5.0,1.0,5.0,1.0,5.0,3.0,2.0,2.0,5.0,5.0,2.0,5.0,4.0,1.0,1.0,1.0,1.0,3.0,5.0,3.0,2,6,6,1,6,4,6,1,6,1,1,1,0,1,1,0,0,0,0,1,0,0,1,1,1,1,4,3,1,2,25,1,2,1,10,2,1,2
14844,3.0,4.0,4.0,2.0,5.0,4.0,2.0,4.0,4.0,2.0,2.0,4.0,4.0,2.0,4.0,5.0,2.0,4.0,4.0,2.0,6,2,5,3,7,5,7,3,5,2,1,1,0,1,1,0,0,0,0,1,0,0,0,1,1,1,3,3,2,2,21,1,7,1,60,2,1,2
14845,5.0,4.0,5.0,1.0,5.0,4.0,2.0,2.0,5.0,5.0,1.0,5.0,1.0,1.0,1.0,5.0,1.0,5.0,5.0,2.0,1,7,6,5,2,6,3,3,6,7,1,1,0,1,1,0,0,1,0,1,0,0,0,1,1,1,4,3,2,2,28,1,1,1,60,1,1,2
14846,5.0,5.0,2.0,1.0,3.0,4.0,1.0,5.0,3.0,2.0,2.0,5.0,4.0,3.0,4.0,4.0,5.0,5.0,1.0,3.0,7,5,4,5,7,1,5,1,3,1,1,1,0,1,1,0,0,1,0,1,0,0,0,1,0,1,3,3,1,2,25,1,7,1,60,2,1,1
14847,5.0,5.0,1.0,1.0,5.0,1.0,1.0,3.0,1.0,1.0,1.0,5.0,5.0,1.0,5.0,1.0,1.0,5.0,5.0,5.0,7,5,6,6,7,1,5,1,6,1,1,1,1,1,1,1,1,1,1,1,1,1,1,1,1,1,3,3,1,1,33,1,2,1,70,2,2,6
14848,1.0,2.0,4.0,2.0,4.0,4.0,2.0,5.0,5.0,5.0,1.0,4.0,1.0,2.0,2.0,4.0,1.0,1.0,5.0,1.0,6,7,6,7,6,2,6,1,2,2,1,1,0,1,1,0,0,0,0,1,0,0,0,0,1,1,4,3,2,2,26,1,8,1,10,1,1,2
14849,4.0,3.0,3.0,3.0,3.0,3.0,3.0,3.0,3.0,3.0,3.0,3.0,3.0,3.0,3.0,3.0,3.0,3.0,3.0,3.0,4,4,4,4,4,4,4,4,4,4,1,1,0,1,1,0,0,1,1,1,0,0,0,0,0,1,4,2,1,2,27,1,4,2,10,1,1,3
14850,4.0,2.0,2.0,2.0,4.0,2.0,1.0,4.0,3.0,2.0,1.0,5.0,4.0,1.0,4.0,1.0,5.0,5.0,5.0,1.0,3,2,6,1,6,6,2,1,7,7,0,1,1,1,1,1,1,0,0,1,0,0,0,1,1,1,4,3,2,1,45,1,4,1,60,1,2,3
14851,5.0,3.0,1.0,4.0,4.0,2.0,2.0,5.0,5.0,1.0,1.0,5.0,5.0,1.0,4.0,1.0,1.0,2.0,5.0,1.0,2,6,4,6,7,4,3,2,6,1,1,1,0,1,1,0,0,0,0,1,0,0,0,1,1,1,3,2,1,1,31,1,1,1,60,1,2,5
14852,5.0,1.0,5.0,3.0,3.0,5.0,5.0,5.0,4.0,3.0,4.0,5.0,5.0,5.0,4.0,4.0,5.0,4.0,5.0,5.0,7,5,5,2,5,6,7,5,3,2,1,0,0,1,1,0,0,0,0,1,0,0,0,0,1,1,4,1,1,2,24,1,7,2,10,1,1,3
14853,5.0,5.0,1.0,1.0,5.0,1.0,1.0,5.0,2.0,1.0,1.0,5.0,5.0,1.0,5.0,1.0,1.0,4.0,5.0,4.0,6,6,7,1,5,7,2,2,6,5,1,1,0,1,1,0,0,0,0,1,0,0,1,1,1,1,3,3,1,2,21,1,7,1,60,1,1,2
14854,1.0,3.0,4.0,4.0,2.0,5.0,5.0,4.0,5.0,5.0,2.0,4.0,1.0,2.0,3.0,4.0,4.0,4.0,1.0,4.0,5,2,5,2,2,5,7,6,5,5,1,0,1,1,1,0,0,0,0,1,0,0,0,1,1,0,3,1,2,1,65,1,6,1,60,1,3,6
14855,1.0,1.0,1.0,3.0,3.0,5.0,2.0,2.0,5.0,5.0,1.0,4.0,1.0,2.0,1.0,2.0,3.0,1.0,5.0,1.0,0,0,0,0,0,0,0,0,0,0,1,1,0,1,1,0,1,1,0,1,1,0,1,1,1,1,4,3,2,2,30,1,4,1,60,1,1,2
14856,4.0,4.0,2.0,1.0,4.0,4.0,2.0,5.0,3.0,5.0,2.0,5.0,3.0,1.0,4.0,1.0,1.0,5.0,5.0,5.0,6,7,4,5,6,1,3,2,2,1,1,1,1,1,1,0,0,1,0,1,1,1,0,1,1,1,3,1,1,2,30,1,6,4,60,1,1,2
14857,5.0,5.0,2.0,4.0,5.0,2.0,1.0,5.0,5.0,2.0,1.0,4.0,1.0,1.0,2.0,1.0,4.0,4.0,5.0,2.0,7,7,2,2,3,2,7,1,6,1,1,1,1,1,0,0,0,0,0,1,0,0,0,1,1,1,4,1,2,2,24,1,7,1,60,1,1,1
14858,1.0,1.0,2.0,5.0,5.0,5.0,5.0,1.0,5.0,5.0,4.0,2.0,1.0,5.0,1.0,5.0,4.0,1.0,4.0,4.0,1,6,7,6,4,7,7,5,3,1,1,1,1,1,0,0,0,1,1,1,0,1,0,1,1,1,3,3,2,2,24,1,1,1,60,1,1,2
14859,1.0,1.0,5.0,3.0,5.0,4.0,2.0,3.0,4.0,4.0,1.0,4.0,1.0,2.0,4.0,1.0,3.0,5.0,5.0,2.0,3,6,6,6,2,4,7,5,2,5,1,1,0,1,1,0,0,0,0,1,0,0,1,1,1,1,2,3,1,2,22,2,4,1,60,1,1,2
14860,2.0,1.0,5.0,3.0,1.0,5.0,4.0,2.0,5.0,5.0,1.0,4.0,4.0,5.0,3.0,4.0,1.0,5.0,5.0,1.0,5,6,5,1,4,1,7,5,3,1,1,1,0,1,1,0,0,0,0,1,0,0,1,0,1,1,4,1,1,2,25,1,8,1,10,2,1,2
14861,4.0,4.0,2.0,3.0,4.0,4.0,2.0,4.0,4.0,3.0,1.0,4.0,5.0,2.0,5.0,2.0,2.0,4.0,5.0,1.0,2,1,7,6,5,7,6,1,3,1,1,1,1,1,1,1,1,1,0,1,1,0,1,1,1,1,4,3,2,1,29,1,1,1,60,1,2,3
14862,3.0,2.0,4.0,4.0,3.0,3.0,4.0,1.0,5.0,3.0,4.0,3.0,1.0,2.0,1.0,2.0,2.0,2.0,4.0,4.0,2,2,6,5,6,6,6,2,3,3,1,1,0,1,1,0,0,0,0,0,0,0,1,0,1,1,3,2,1,1,36,1,2,1,60,1,3,1
14863,4.0,4.0,4.0,4.0,4.0,4.0,4.0,4.0,4.0,4.0,2.0,5.0,4.0,2.0,4.0,4.0,1.0,4.0,5.0,4.0,5,6,7,4,7,3,6,2,5,7,1,1,0,1,1,0,0,0,0,1,0,0,0,0,1,1,4,2,2,1,41,1,7,1,10,1,2,2
14864,4.0,4.0,3.0,3.0,2.0,2.0,2.0,4.0,4.0,2.0,1.0,4.0,2.0,2.0,4.0,3.0,2.0,3.0,4.0,4.0,5,5,3,6,5,5,5,3,3,4,1,1,0,1,1,0,1,1,0,1,0,0,1,1,1,1,3,3,1,1,28,1,8,3,10,2,1,2
14865,2.0,3.0,3.0,2.0,3.0,3.0,2.0,2.0,3.0,5.0,2.0,3.0,2.0,2.0,4.0,1.0,4.0,2.0,5.0,1.0,2,5,3,3,5,6,4,5,4,3,1,1,1,1,1,0,0,1,0,1,0,0,1,1,1,1,2,1,2,2,20,1,1,4,60,1,1,1
14866,5.0,5.0,3.0,4.0,5.0,5.0,2.0,4.0,3.0,2.0,1.0,4.0,5.0,3.0,5.0,3.0,2.0,5.0,5.0,2.0,7,6,2,1,7,1,6,2,7,5,1,1,1,1,1,0,1,1,0,1,0,0,1,1,1,1,4,2,2,1,57,1,6,1,60,1,2,1
14867,2.0,4.0,1.0,4.0,3.0,1.0,1.0,4.0,3.0,3.0,2.0,4.0,2.0,4.0,4.0,4.0,3.0,4.0,5.0,1.0,4,5,5,5,6,5,5,6,7,3,1,1,1,1,1,0,0,1,0,1,0,0,1,1,1,1,2,2,1,1,23,1,2,1,60,1,1,3
14868,5.0,4.0,2.0,4.0,4.0,1.0,1.0,2.0,1.0,1.0,1.0,4.0,3.0,2.0,4.0,1.0,1.0,4.0,4.0,4.0,5,6,2,6,5,5,5,7,2,1,1,1,1,1,1,0,1,0,0,1,0,0,1,1,1,1,4,3,1,1,42,1,1,1,60,1,2,2
14869,2.0,2.0,3.0,5.0,1.0,4.0,2.0,2.0,1.0,3.0,1.0,2.0,3.0,2.0,5.0,2.0,5.0,4.0,5.0,2.0,5,5,3,7,5,2,6,4,2,2,1,1,0,1,1,0,0,0,0,1,0,0,0,1,1,1,3,3,2,2,39,1,12,0,0,2,1,3
14870,5.0,5.0,1.0,4.0,5.0,1.0,1.0,1.0,1.0,1.0,1.0,5.0,5.0,2.0,3.0,4.0,5.0,3.0,5.0,3.0,1,7,4,5,1,7,1,4,4,2,1,1,0,1,1,0,0,1,0,1,1,1,1,1,1,1,3,1,1,2,27,1,4,1,60,1,1,3
14871,4.0,4.0,2.0,3.0,2.0,4.0,2.0,2.0,2.0,2.0,2.0,5.0,4.0,1.0,5.0,1.0,1.0,4.0,4.0,1.0,2,6,6,2,6,5,2,5,5,1,1,1,1,1,1,0,0,1,0,1,1,1,1,1,1,1,3,3,1,2,29,1,2,1,10,1,1,2
14872,4.0,4.0,3.0,1.0,4.0,2.0,1.0,5.0,4.0,2.0,1.0,4.0,1.0,1.0,5.0,2.0,1.0,3.0,5.0,2.0,5,6,7,1,6,4,2,3,7,3,1,1,0,1,1,1,0,0,0,1,0,0,1,1,1,1,3,2,1,1,29,1,2,1,60,1,2,2
14873,4.0,3.0,3.0,2.0,4.0,2.0,2.0,4.0,4.0,3.0,1.0,4.0,4.0,1.0,4.0,3.0,1.0,5.0,5.0,4.0,5,6,5,2,7,5,2,3,7,1,1,1,0,1,1,0,0,1,0,1,0,0,1,1,1,1,2,2,1,1,20,1,5,1,70,1,1,4
14874,4.0,4.0,1.0,1.0,4.0,1.0,2.0,2.0,3.0,3.0,1.0,4.0,3.0,2.0,3.0,4.0,4.0,4.0,5.0,2.0,4,7,7,5,7,4,5,1,5,2,1,1,1,1,1,0,0,0,0,1,0,0,1,1,1,1,2,3,1,2,20,1,1,1,70,1,1,1
14875,3.0,3.0,3.0,5.0,4.0,2.0,1.0,5.0,5.0,3.0,1.0,3.0,2.0,2.0,4.0,5.0,2.0,4.0,5.0,2.0,5,5,6,5,6,5,5,2,6,2,1,1,0,1,1,0,0,0,0,1,0,0,1,1,1,1,3,3,2,1,24,2,3,1,70,1,1,2
14876,1.0,1.0,5.0,5.0,1.0,4.0,5.0,1.0,5.0,5.0,4.0,1.0,1.0,2.0,3.0,2.0,5.0,1.0,5.0,1.0,3,2,7,5,6,6,7,2,6,2,1,1,1,1,1,0,1,0,0,1,0,0,1,1,1,1,3,2,1,1,25,2,2,1,60,1,1,2
14877,5.0,5.0,1.0,1.0,5.0,1.0,1.0,5.0,1.0,1.0,1.0,5.0,5.0,1.0,5.0,1.0,1.0,1.0,5.0,1.0,1,6,7,5,6,7,4,4,7,2,1,1,1,1,1,1,0,0,1,1,0,1,1,1,1,1,2,2,1,1,26,1,7,1,60,2,1,4
14878,5.0,5.0,1.0,1.0,4.0,2.0,1.0,2.0,1.0,1.0,1.0,5.0,2.0,1.0,5.0,4.0,1.0,5.0,5.0,3.0,6,6,3,4,6,4,6,7,5,2,1,0,0,1,1,0,0,0,0,1,0,0,0,1,1,1,4,1,1,2,26,2,8,1,70,1,1,1
14879,4.0,4.0,2.0,4.0,4.0,2.0,2.0,2.0,3.0,2.0,2.0,4.0,1.0,3.0,3.0,2.0,3.0,4.0,5.0,3.0,4,6,3,5,5,7,6,5,3,2,1,1,0,1,1,0,0,1,0,1,0,0,1,1,1,1,2,3,1,2,26,1,1,1,10,1,1,1
14880,2.0,1.0,2.0,3.0,2.0,3.0,2.0,2.0,5.0,4.0,2.0,4.0,4.0,3.0,4.0,2.0,2.0,3.0,5.0,4.0,5,5,6,2,6,3,6,4,5,4,1,1,1,1,1,0,0,1,0,1,1,1,1,1,1,1,3,3,1,1,38,1,1,1,60,1,2,2
14881,5.0,5.0,2.0,5.0,4.0,1.0,1.0,5.0,3.0,1.0,1.0,5.0,5.0,2.0,4.0,5.0,1.0,5.0,5.0,2.0,2,6,3,7,7,6,6,7,4,1,1,1,0,1,1,0,0,0,0,0,1,0,1,1,1,1,2,2,1,1,21,1,2,1,60,1,1,4
14882,5.0,1.0,4.0,5.0,1.0,4.0,1.0,1.0,4.0,1.0,2.0,1.0,1.0,2.0,4.0,2.0,2.0,1.0,4.0,1.0,2,5,3,4,7,6,6,7,6,5,1,1,1,1,1,0,1,1,0,1,1,0,1,1,1,1,4,2,1,1,25,1,2,1,60,1,1,2
14883,5.0,5.0,2.0,1.0,5.0,1.0,1.0,5.0,5.0,3.0,1.0,4.0,5.0,1.0,5.0,1.0,1.0,5.0,5.0,1.0,7,7,2,6,7,1,7,6,4,1,1,1,0,1,1,0,0,1,0,1,0,0,1,1,1,1,2,2,1,1,20,1,1,1,30,2,2,2
14884,5.0,5.0,2.0,5.0,2.0,4.0,5.0,1.0,2.0,5.0,4.0,5.0,4.0,4.0,1.0,1.0,2.0,5.0,5.0,3.0,5,7,2,3,5,5,7,2,1,5,1,0,0,1,0,1,0,0,0,0,1,1,0,0,0,0,4,3,3,2,25,1,7,1,60,1,1,4
14885,5.0,3.0,3.0,3.0,5.0,1.0,1.0,5.0,2.0,3.0,1.0,4.0,1.0,1.0,4.0,3.0,1.0,4.0,5.0,5.0,4,6,2,4,6,4,1,5,4,2,1,1,1,1,1,0,0,1,0,1,1,0,1,1,1,1,3,2,1,1,34,1,2,1,60,2,1,1
14886,3.0,3.0,5.0,3.0,3.0,5.0,5.0,1.0,5.0,5.0,3.0,1.0,1.0,5.0,3.0,5.0,5.0,1.0,3.0,3.0,4,4,4,4,7,4,7,4,7,4,1,1,0,1,1,1,0,0,0,1,0,0,1,1,1,1,3,2,1,2,44,2,10,3,20,2,1,4
14887,5.0,2.0,2.0,1.0,5.0,1.0,2.0,4.0,1.0,5.0,2.0,5.0,4.0,2.0,5.0,1.0,5.0,5.0,2.0,1.0,6,6,5,7,7,1,1,7,4,1,1,1,0,1,1,0,0,0,0,1,0,0,1,1,1,1,3,3,1,2,30,1,4,1,10,1,1,3
14888,2.0,3.0,4.0,3.0,3.0,3.0,2.0,2.0,5.0,2.0,2.0,4.0,2.0,4.0,3.0,4.0,4.0,2.0,4.0,2.0,7,5,7,5,6,3,6,1,3,2,1,1,1,1,1,1,1,1,0,1,0,1,1,1,1,1,3,1,2,1,26,1,6,3,60,1,2,4
14889,4.0,5.0,2.0,4.0,5.0,2.0,2.0,4.0,4.0,2.0,1.0,4.0,5.0,1.0,5.0,1.0,2.0,5.0,4.0,5.0,7,3,6,5,7,5,7,5,5,2,1,1,0,1,1,0,0,1,0,1,0,0,1,1,1,1,3,3,2,1,22,1,9,1,10,1,2,4
14890,3.0,5.0,2.0,1.0,5.0,2.0,2.0,4.0,4.0,4.0,1.0,4.0,4.0,2.0,5.0,1.0,2.0,5.0,3.0,1.0,1,2,6,7,3,6,6,1,2,6,1,1,1,1,1,0,0,1,0,1,1,1,1,1,1,1,3,2,1,1,24,1,6,1,60,1,1,3
14891,2.0,2.0,3.0,3.0,4.0,4.0,4.0,1.0,5.0,5.0,4.0,4.0,4.0,2.0,4.0,4.0,3.0,4.0,3.0,2.0,1,2,5,5,7,6,7,5,6,2,1,1,0,1,1,0,0,1,0,1,0,0,0,1,1,1,2,2,1,1,19,1,6,1,30,2,1,1
14892,3.0,5.0,3.0,3.0,2.0,1.0,1.0,4.0,4.0,3.0,1.0,3.0,4.0,2.0,4.0,3.0,2.0,2.0,5.0,4.0,4,5,6,5,6,4,3,3,4,4,1,1,0,1,1,0,0,0,0,1,0,0,1,1,1,1,3,2,1,1,26,1,1,1,10,1,2,0
14893,3.0,5.0,2.0,2.0,5.0,2.0,2.0,2.0,4.0,2.0,1.0,4.0,4.0,2.0,3.0,2.0,2.0,4.0,5.0,4.0,5,7,3,6,6,5,5,3,2,1,1,1,1,1,1,0,1,1,0,1,0,0,0,1,1,1,2,2,1,2,22,1,1,1,60,1,1,0
14894,5.0,5.0,1.0,1.0,2.0,1.0,1.0,5.0,1.0,1.0,1.0,5.0,5.0,1.0,4.0,1.0,1.0,5.0,5.0,5.0,2,7,7,4,5,5,1,5,4,2,1,1,1,1,1,0,1,1,0,1,1,1,1,1,1,1,4,3,1,1,27,3,4,1,60,1,2,2
14895,4.0,3.0,3.0,2.0,4.0,4.0,1.0,5.0,5.0,4.0,1.0,5.0,5.0,1.0,3.0,5.0,2.0,4.0,5.0,3.0,2,5,4,5,6,6,5,3,5,3,1,1,0,1,1,1,0,1,0,1,0,0,1,1,1,1,4,1,1,1,22,1,2,1,70,1,1,2
14896,1.0,2.0,4.0,3.0,1.0,2.0,3.0,3.0,4.0,4.0,1.0,3.0,2.0,1.0,3.0,1.0,5.0,4.0,5.0,1.0,4,5,6,5,6,5,5,4,5,2,1,1,1,1,1,0,0,0,0,1,0,0,1,1,1,1,2,2,1,1,20,1,1,2,60,1,1,3
14897,4.0,4.0,3.0,3.0,2.0,1.0,1.0,3.0,3.0,3.0,2.0,2.0,1.0,1.0,3.0,4.0,3.0,2.0,5.0,1.0,5,5,7,5,6,4,4,5,4,1,1,1,1,1,1,0,1,1,0,1,1,0,1,1,1,1,4,3,2,1,29,1,1,1,70,2,2,2
14898,3.0,4.0,4.0,2.0,5.0,3.0,2.0,3.0,5.0,5.0,1.0,5.0,2.0,2.0,5.0,2.0,2.0,1.0,5.0,1.0,1,1,7,6,3,6,6,5,3,2,1,1,1,1,1,0,0,0,0,1,0,0,1,1,1,1,3,1,2,1,27,3,2,1,60,1,2,2
14899,1.0,4.0,4.0,5.0,2.0,4.0,4.0,4.0,5.0,5.0,1.0,2.0,4.0,1.0,1.0,5.0,5.0,4.0,5.0,4.0,3,5,7,7,2,6,5,1,2,3,1,1,1,1,1,1,0,1,0,1,0,1,1,1,1,1,3,2,1,1,38,1,4,1,60,2,2,1
14900,3.0,5.0,1.0,5.0,4.0,5.0,3.0,4.0,5.0,4.0,3.0,5.0,5.0,3.0,3.0,4.0,5.0,4.0,4.0,4.0,6,2,4,6,6,6,7,4,4,2,1,0,0,1,1,0,0,0,0,1,0,0,0,1,1,1,3,2,1,2,25,1,8,4,10,1,1,1
14901,5.0,5.0,5.0,2.0,5.0,2.0,1.0,2.0,5.0,1.0,1.0,5.0,5.0,1.0,2.0,2.0,2.0,2.0,5.0,2.0,6,6,6,5,5,3,6,2,5,1,1,1,1,1,1,1,1,0,0,1,0,0,1,1,1,1,3,3,1,2,35,1,4,1,60,1,3,4
14902,4.0,2.0,4.0,2.0,2.0,1.0,1.0,2.0,4.0,4.0,2.0,4.0,2.0,2.0,2.0,2.0,1.0,4.0,5.0,1.0,5,6,5,5,6,5,5,3,5,1,1,1,0,1,1,0,0,0,0,1,0,0,1,1,0,1,3,1,1,1,27,1,1,1,60,2,1,3
14903,3.0,3.0,2.0,3.0,4.0,1.0,2.0,5.0,5.0,2.0,2.0,4.0,4.0,2.0,5.0,1.0,1.0,4.0,5.0,1.0,4,5,4,7,7,2,5,5,1,1,1,1,1,1,1,0,1,1,0,1,1,0,1,1,1,1,4,1,2,1,34,1,12,2,60,2,2,2
14904,5.0,4.0,5.0,4.0,3.0,2.0,5.0,4.0,4.0,4.0,1.0,5.0,5.0,1.0,3.0,1.0,3.0,2.0,5.0,5.0,7,4,3,5,6,3,6,7,2,1,1,1,1,1,1,0,0,0,0,1,0,0,1,0,1,1,3,3,1,2,24,1,4,2,70,2,1,8
14905,5.0,5.0,5.0,4.0,4.0,4.0,4.0,5.0,5.0,5.0,5.0,5.0,4.0,1.0,5.0,5.0,5.0,5.0,1.0,4.0,2,1,5,6,5,7,6,4,5,2,1,1,0,1,1,0,0,0,0,1,0,0,0,0,1,1,4,3,1,2,27,1,12,1,10,2,1,3
14906,5.0,4.0,5.0,2.0,5.0,2.0,5.0,5.0,5.0,5.0,4.0,4.0,1.0,3.0,2.0,4.0,1.0,5.0,2.0,1.0,6,3,5,6,6,1,7,5,2,1,1,1,0,1,1,0,0,0,0,1,0,0,0,1,1,1,3,3,2,2,21,1,10,1,10,2,1,2
14907,5.0,4.0,5.0,1.0,5.0,2.0,2.0,4.0,2.0,1.0,1.0,5.0,4.0,2.0,4.0,4.0,1.0,4.0,2.0,4.0,2,4,3,5,2,5,5,4,3,3,1,1,1,1,1,1,0,1,1,1,1,1,1,1,1,1,3,2,1,1,23,1,6,1,60,1,1,2
14908,5.0,5.0,3.0,1.0,2.0,1.0,2.0,5.0,4.0,1.0,1.0,3.0,5.0,1.0,5.0,5.0,1.0,5.0,5.0,1.0,6,4,7,7,7,3,6,7,5,1,1,1,1,1,1,0,0,0,0,1,1,1,1,1,1,1,2,2,2,1,27,1,12,2,30,1,1,2
14909,1.0,2.0,4.0,2.0,5.0,3.0,2.0,2.0,5.0,3.0,3.0,1.0,4.0,1.0,4.0,4.0,2.0,4.0,5.0,1.0,2,6,6,6,7,6,6,1,2,1,1,1,1,1,1,0,0,0,0,1,0,0,1,1,1,1,3,1,2,1,24,1,12,2,60,1,2,1
14910,5.0,5.0,1.0,1.0,5.0,1.0,1.0,5.0,1.0,1.0,1.0,5.0,5.0,1.0,5.0,1.0,1.0,5.0,5.0,5.0,1,7,7,1,1,7,1,1,7,7,1,1,1,1,1,0,0,0,0,1,0,0,1,1,1,1,2,3,1,1,18,1,2,4,10,2,1,3
14911,1.0,1.0,5.0,1.0,5.0,5.0,5.0,5.0,5.0,5.0,3.0,5.0,4.0,2.0,4.0,2.0,4.0,1.0,4.0,2.0,7,6,7,6,7,5,7,6,6,1,1,1,1,1,1,0,1,1,0,1,0,1,1,1,1,1,3,3,2,2,32,1,12,1,30,2,1,5
14912,1.0,1.0,5.0,4.0,3.0,5.0,1.0,1.0,5.0,5.0,4.0,4.0,1.0,4.0,3.0,3.0,5.0,3.0,4.0,1.0,2,1,7,5,7,5,7,2,5,1,1,1,1,0,1,0,1,0,0,1,1,0,1,1,1,1,4,2,2,1,54,1,12,1,60,1,2,4
14913,1.0,3.0,4.0,4.0,1.0,2.0,2.0,1.0,5.0,4.0,1.0,1.0,1.0,3.0,3.0,1.0,1.0,4.0,5.0,1.0,3,2,3,5,4,6,5,5,5,3,1,1,0,1,1,0,0,0,0,1,1,0,1,1,1,1,3,2,1,1,29,2,1,1,60,2,1,3
14914,3.0,2.0,2.0,4.0,2.0,2.0,2.0,2.0,4.0,2.0,1.0,3.0,2.0,3.0,4.0,3.0,2.0,2.0,5.0,1.0,6,5,5,1,7,3,5,5,7,2,1,1,1,1,1,0,0,1,1,1,1,1,1,1,1,1,3,3,2,1,27,1,4,2,60,1,1,2
14915,3.0,2.0,2.0,4.0,4.0,3.0,3.0,1.0,5.0,5.0,1.0,5.0,4.0,2.0,1.0,2.0,3.0,4.0,5.0,4.0,2,5,2,7,5,6,6,6,2,1,1,1,1,1,1,0,1,1,0,1,1,0,1,1,1,1,4,1,1,1,47,1,2,1,60,2,3,9
14916,3.0,2.0,3.0,5.0,4.0,4.0,3.0,2.0,3.0,3.0,2.0,4.0,1.0,3.0,3.0,4.0,3.0,3.0,4.0,1.0,6,3,6,7,5,2,4,5,4,2,1,1,1,1,1,0,0,0,0,1,0,0,1,1,1,1,3,2,2,1,22,1,1,2,60,1,1,3
14917,2.0,4.0,4.0,3.0,2.0,4.0,3.0,1.0,5.0,3.0,3.0,3.0,2.0,3.0,4.0,5.0,2.0,2.0,4.0,1.0,3,5,3,4,7,6,5,3,4,1,1,1,1,1,1,0,0,1,0,1,1,1,1,1,1,1,2,2,1,1,19,1,1,1,60,1,1,2
14918,5.0,5.0,1.0,1.0,5.0,1.0,1.0,5.0,1.0,1.0,1.0,5.0,5.0,2.0,5.0,1.0,1.0,5.0,1.0,5.0,7,7,6,5,7,2,1,2,5,1,1,1,1,1,1,0,0,0,0,1,0,0,1,1,1,1,2,2,1,2,22,1,10,1,70,2,1,3
14919,2.0,2.0,1.0,2.0,5.0,4.0,3.0,5.0,5.0,5.0,1.0,2.0,4.0,2.0,2.0,1.0,1.0,4.0,5.0,2.0,2,6,6,5,7,6,7,2,6,6,1,1,1,1,1,0,0,0,0,1,0,1,1,1,1,1,3,2,1,1,23,1,2,1,60,1,1,2
14920,1.0,3.0,1.0,5.0,1.0,4.0,1.0,1.0,5.0,2.0,1.0,1.0,2.0,2.0,3.0,5.0,1.0,1.0,5.0,3.0,3,5,7,6,6,6,6,2,7,1,1,1,0,1,1,0,0,0,0,1,0,0,1,1,1,1,3,1,1,1,24,1,12,1,60,2,1,2
14921,1.0,5.0,4.0,5.0,3.0,3.0,2.0,5.0,5.0,4.0,1.0,5.0,4.0,1.0,1.0,2.0,4.0,1.0,4.0,1.0,4,3,7,5,2,7,6,1,3,1,1,1,0,1,1,1,0,1,0,1,0,0,1,1,1,1,3,2,2,1,40,1,7,1,60,2,1,0
14922,3.0,2.0,5.0,5.0,4.0,5.0,3.0,5.0,3.0,2.0,1.0,4.0,5.0,1.0,5.0,5.0,1.0,5.0,5.0,5.0,4,6,6,1,6,4,3,4,7,1,1,1,0,1,1,0,0,1,0,1,0,0,1,1,1,1,3,2,1,1,27,2,1,0,70,2,1,4
14923,5.0,5.0,3.0,4.0,4.0,2.0,2.0,5.0,3.0,3.0,4.0,5.0,3.0,3.0,5.0,3.0,4.0,3.0,5.0,5.0,4,5,6,6,6,6,6,5,4,4,1,1,1,1,1,0,0,0,0,1,0,0,1,1,1,1,3,3,2,2,34,1,1,1,70,2,1,2
14924,4.0,2.0,1.0,4.0,2.0,1.0,2.0,3.0,3.0,2.0,1.0,4.0,2.0,1.0,5.0,1.0,1.0,4.0,5.0,1.0,3,3,5,2,6,7,3,5,6,2,1,1,0,1,0,0,0,0,0,1,1,0,0,0,1,1,1,2,1,2,17,1,1,1,60,2,1,3
14925,5.0,3.0,4.0,5.0,5.0,5.0,5.0,4.0,5.0,5.0,1.0,4.0,5.0,1.0,1.0,5.0,1.0,5.0,3.0,1.0,7,4,7,1,7,5,7,1,7,1,1,1,1,1,1,1,1,1,1,1,1,1,1,1,1,1,3,2,1,1,29,1,7,1,60,1,1,1
14926,5.0,4.0,2.0,3.0,5.0,1.0,1.0,4.0,5.0,4.0,1.0,5.0,5.0,1.0,3.0,5.0,1.0,1.0,3.0,5.0,4,4,6,5,6,5,4,1,7,2,1,1,0,1,1,0,0,1,0,1,0,0,0,1,0,1,3,3,1,2,24,1,10,1,20,2,1,3
14927,4.0,4.0,2.0,1.0,4.0,3.0,1.0,3.0,4.0,5.0,1.0,4.0,4.0,2.0,5.0,1.0,1.0,5.0,5.0,2.0,2,7,6,4,5,7,5,4,6,6,0,1,0,1,1,0,0,0,0,1,0,0,0,1,1,1,4,1,1,2,28,1,2,1,60,1,1,2
14928,3.0,4.0,1.0,2.0,4.0,5.0,1.0,5.0,2.0,5.0,3.0,5.0,1.0,3.0,4.0,3.0,2.0,5.0,5.0,2.0,6,5,6,3,6,3,6,1,5,3,1,0,0,0,1,0,0,0,0,1,0,0,0,0,0,1,4,1,1,2,31,1,12,1,10,2,1,3
14929,5.0,2.0,2.0,1.0,5.0,2.0,1.0,5.0,1.0,5.0,1.0,5.0,5.0,1.0,1.0,1.0,2.0,5.0,3.0,5.0,6,3,2,5,7,7,5,4,3,6,1,1,0,1,0,0,0,0,0,1,0,0,0,1,1,1,3,3,1,2,23,1,4,1,30,2,1,3
14930,2.0,5.0,4.0,4.0,4.0,4.0,2.0,5.0,5.0,4.0,1.0,5.0,2.0,2.0,3.0,4.0,4.0,5.0,5.0,2.0,1,5,1,6,5,6,4,7,2,5,1,1,0,1,1,0,0,0,0,1,0,0,0,1,0,1,2,3,1,2,27,2,2,1,60,2,1,1
14931,1.0,1.0,5.0,4.0,2.0,4.0,2.0,1.0,5.0,4.0,2.0,1.0,1.0,2.0,2.0,5.0,2.0,2.0,5.0,1.0,7,4,4,4,7,1,7,6,3,1,1,1,0,1,0,0,0,1,0,1,0,0,0,1,1,1,2,3,2,2,21,1,1,1,60,2,1,2
14932,2.0,2.0,4.0,5.0,2.0,4.0,2.0,1.0,5.0,5.0,2.0,2.0,1.0,4.0,3.0,5.0,4.0,4.0,3.0,1.0,5,5,6,4,5,3,5,5,5,2,1,1,1,1,1,1,0,0,0,1,0,0,1,1,1,1,2,2,2,1,22,1,6,1,60,2,1,4
14933,2.0,2.0,2.0,4.0,4.0,5.0,5.0,4.0,5.0,5.0,4.0,2.0,1.0,2.0,1.0,4.0,1.0,4.0,4.0,2.0,5,5,6,5,6,3,6,2,6,1,1,1,1,1,1,0,0,1,0,1,1,1,1,1,1,1,4,3,1,2,38,1,7,1,60,1,2,2
14934,4.0,4.0,2.0,1.0,4.0,2.0,1.0,4.0,5.0,5.0,3.0,5.0,5.0,1.0,5.0,1.0,1.0,4.0,5.0,1.0,5,7,1,7,6,7,6,7,1,3,1,1,1,1,1,0,0,1,0,1,0,0,1,1,1,1,4,1,2,1,27,1,1,2,50,2,3,3
14935,2.0,1.0,4.0,5.0,1.0,4.0,2.0,2.0,5.0,4.0,1.0,2.0,1.0,2.0,2.0,4.0,4.0,4.0,5.0,1.0,2,6,7,3,6,6,5,5,7,4,1,1,1,1,1,0,0,0,0,1,0,0,1,1,1,1,2,3,1,2,20,1,1,1,60,1,1,1
14936,4.0,3.0,2.0,1.0,3.0,2.0,5.0,5.0,3.0,1.0,1.0,3.0,1.0,1.0,3.0,1.0,3.0,2.0,5.0,3.0,6,6,4,7,6,4,5,4,3,4,1,1,0,1,1,0,0,0,0,1,0,0,0,1,1,1,4,3,2,2,28,1,2,1,60,1,1,2
14937,1.0,3.0,3.0,5.0,2.0,4.0,4.0,4.0,4.0,3.0,3.0,1.0,1.0,4.0,3.0,2.0,2.0,1.0,5.0,1.0,6,3,3,1,6,1,6,6,7,2,1,1,1,1,1,0,1,1,0,1,1,0,1,1,1,1,4,3,1,1,41,1,2,1,60,1,2,3
14938,1.0,1.0,4.0,4.0,5.0,4.0,4.0,2.0,5.0,4.0,1.0,1.0,1.0,1.0,3.0,1.0,2.0,2.0,5.0,1.0,7,3,7,1,7,1,7,1,6,1,1,1,1,1,1,0,0,0,0,1,0,0,1,1,1,1,4,2,2,1,35,1,12,1,60,1,1,5
14939,5.0,1.0,1.0,2.0,4.0,5.0,1.0,4.0,4.0,2.0,1.0,5.0,5.0,1.0,1.0,1.0,1.0,2.0,5.0,1.0,6,7,2,4,7,1,4,7,1,1,1,1,0,1,1,0,0,0,0,1,0,0,1,1,1,1,3,1,1,1,25,1,1,1,60,2,1,5
14940,5.0,1.0,1.0,3.0,5.0,1.0,2.0,1.0,5.0,5.0,1.0,4.0,1.0,1.0,4.0,1.0,3.0,4.0,5.0,1.0,1,2,6,7,5,6,2,5,1,5,1,1,0,1,1,0,0,0,0,1,0,0,1,1,1,1,2,2,2,1,19,1,2,1,60,1,1,3
14941,4.0,2.0,4.0,2.0,5.0,5.0,2.0,4.0,4.0,2.0,1.0,4.0,4.0,2.0,4.0,3.0,5.0,4.0,5.0,4.0,4,7,6,6,4,7,4,1,6,4,1,1,0,1,1,0,0,0,0,1,0,0,1,1,1,1,2,3,1,1,20,1,4,1,60,2,1,3
14942,4.0,4.0,3.0,1.0,4.0,4.0,4.0,5.0,5.0,5.0,1.0,4.0,3.0,1.0,1.0,2.0,1.0,5.0,1.0,1.0,3,5,6,2,7,6,5,5,7,2,1,0,0,1,1,0,0,1,1,1,0,0,0,0,1,1,3,3,1,2,23,1,10,1,60,1,1,4
14943,5.0,5.0,2.0,1.0,4.0,4.0,4.0,2.0,4.0,5.0,1.0,4.0,5.0,1.0,4.0,1.0,4.0,4.0,4.0,2.0,3,5,6,1,7,6,6,2,5,1,1,1,1,1,1,0,0,1,0,1,0,0,1,1,1,1,3,2,2,2,24,2,1,1,60,1,1,4
14944,3.0,2.0,4.0,4.0,4.0,3.0,2.0,2.0,5.0,3.0,2.0,4.0,1.0,2.0,3.0,2.0,1.0,4.0,5.0,2.0,3,4,2,3,7,5,4,5,3,2,1,1,1,1,1,0,1,1,0,1,1,0,1,1,1,1,4,2,1,1,45,1,1,1,70,1,1,2
14945,4.0,4.0,3.0,3.0,4.0,1.0,1.0,5.0,3.0,1.0,1.0,5.0,4.0,1.0,3.0,1.0,1.0,5.0,5.0,1.0,2,7,5,1,3,4,2,2,7,1,1,1,1,1,1,0,0,1,0,1,1,1,1,1,1,1,3,2,1,1,32,2,2,1,60,1,1,3
14946,4.0,4.0,2.0,1.0,5.0,2.0,1.0,4.0,2.0,2.0,1.0,4.0,5.0,1.0,4.0,1.0,1.0,4.0,5.0,1.0,1,3,6,5,6,7,3,2,6,2,1,1,1,1,1,0,1,1,0,1,0,0,1,1,1,1,3,1,1,1,45,1,6,1,60,1,2,5
14947,2.0,3.0,4.0,5.0,2.0,4.0,4.0,2.0,5.0,5.0,2.0,1.0,1.0,5.0,1.0,4.0,2.0,1.0,5.0,1.0,5,2,7,6,6,4,7,2,4,1,1,1,1,1,1,0,0,0,0,1,0,0,0,1,1,1,3,2,2,2,27,1,2,1,60,1,1,3
14948,5.0,1.0,3.0,2.0,3.0,2.0,2.0,4.0,5.0,5.0,1.0,3.0,5.0,3.0,1.0,2.0,1.0,4.0,5.0,1.0,2,7,5,6,7,6,3,5,3,1,1,1,0,1,1,0,0,0,0,1,0,0,1,1,1,1,3,2,1,1,28,1,12,1,30,2,1,2
14949,2.0,4.0,4.0,4.0,4.0,2.0,2.0,4.0,4.0,4.0,4.0,4.0,2.0,4.0,3.0,4.0,2.0,4.0,4.0,1.0,2,3,5,6,6,6,6,6,3,3,1,1,1,1,1,0,0,0,0,1,0,0,1,1,1,1,4,2,2,1,29,1,1,2,60,2,2,1
14950,5.0,5.0,3.0,3.0,5.0,3.0,5.0,5.0,5.0,3.0,3.0,3.0,5.0,3.0,5.0,3.0,1.0,5.0,5.0,5.0,7,1,7,1,7,4,4,1,7,1,1,1,0,1,1,0,0,0,0,1,1,0,1,1,1,1,3,3,2,2,62,1,6,1,10,2,3,4
14951,5.0,4.0,5.0,1.0,5.0,1.0,1.0,5.0,1.0,5.0,1.0,5.0,5.0,1.0,5.0,5.0,5.0,5.0,4.0,4.0,7,6,7,6,7,6,7,5,3,2,1,1,0,1,1,0,0,1,0,1,0,0,1,1,1,1,4,3,2,2,23,1,10,1,20,1,1,4
14952,4.0,3.0,3.0,4.0,4.0,2.0,2.0,2.0,5.0,2.0,3.0,4.0,4.0,4.0,4.0,2.0,4.0,4.0,1.0,1.0,2,2,5,7,6,6,7,3,4,7,1,1,1,1,0,1,1,1,0,1,1,0,1,1,1,1,3,3,2,1,42,1,4,4,60,1,1,2
14953,5.0,3.0,3.0,1.0,4.0,3.0,1.0,4.0,2.0,2.0,1.0,5.0,5.0,1.0,4.0,1.0,1.0,5.0,5.0,1.0,3,6,5,4,6,4,6,5,5,5,1,1,0,1,1,0,0,0,0,1,0,0,1,1,1,1,3,2,1,1,22,1,2,5,60,1,1,2
14954,2.0,2.0,4.0,3.0,1.0,2.0,1.0,1.0,5.0,3.0,1.0,4.0,2.0,5.0,2.0,5.0,3.0,4.0,4.0,1.0,6,6,4,5,5,5,5,3,4,1,1,0,0,1,0,0,0,0,0,1,0,0,0,0,0,1,2,1,1,2,22,1,4,1,60,2,1,2
14955,1.0,4.0,5.0,4.0,1.0,2.0,5.0,2.0,5.0,5.0,1.0,2.0,1.0,2.0,4.0,2.0,5.0,5.0,5.0,1.0,2,1,6,6,5,7,7,2,6,5,1,1,1,1,1,0,0,0,0,1,0,0,1,1,1,1,4,3,2,1,48,1,4,1,60,1,3,2
14956,4.0,2.0,5.0,4.0,3.0,3.0,3.0,1.0,5.0,4.0,3.0,2.0,1.0,4.0,3.0,4.0,4.0,1.0,1.0,1.0,3,1,7,2,5,7,5,2,7,4,1,1,0,1,1,0,0,0,0,1,0,0,0,1,1,1,3,3,2,1,24,1,6,1,30,1,2,3
14957,2.0,2.0,2.0,4.0,2.0,4.0,2.0,2.0,4.0,4.0,2.0,4.0,1.0,2.0,2.0,2.0,2.0,4.0,4.0,1.0,2,5,5,2,5,6,2,5,6,3,1,1,1,1,1,1,1,1,1,1,1,1,1,1,1,1,3,1,1,2,40,1,2,1,60,1,1,2
14958,5.0,5.0,1.0,5.0,5.0,1.0,1.0,5.0,5.0,1.0,1.0,5.0,1.0,5.0,5.0,5.0,5.0,5.0,1.0,1.0,5,7,7,7,7,5,7,5,3,6,1,0,0,1,1,0,0,0,0,1,0,0,0,0,1,1,4,3,1,1,34,1,4,1,10,2,2,2
14959,1.0,4.0,3.0,5.0,4.0,1.0,1.0,1.0,5.0,5.0,1.0,4.0,4.0,4.0,4.0,5.0,3.0,2.0,5.0,3.0,2,2,7,4,2,6,7,2,4,2,1,1,1,1,1,0,1,0,1,1,0,0,1,1,1,1,4,1,1,1,56,1,2,1,60,1,2,2
14960,2.0,2.0,3.0,3.0,4.0,1.0,1.0,5.0,3.0,1.0,2.0,5.0,5.0,1.0,5.0,1.0,3.0,5.0,5.0,1.0,2,7,5,2,7,4,6,6,7,1,1,1,0,1,1,0,0,0,0,1,0,0,1,1,1,1,3,3,1,1,24,1,2,1,60,2,1,2
14961,3.0,4.0,4.0,3.0,2.0,2.0,2.0,4.0,5.0,3.0,2.0,4.0,1.0,1.0,2.0,4.0,3.0,4.0,4.0,4.0,3,1,6,5,2,6,4,2,6,3,1,1,0,1,1,0,0,0,0,1,0,0,1,1,1,1,3,2,1,1,63,1,6,1,60,1,2,2
14962,2.0,4.0,3.0,3.0,4.0,2.0,2.0,4.0,4.0,3.0,1.0,4.0,3.0,1.0,1.0,3.0,2.0,4.0,2.0,4.0,6,6,3,3,6,2,6,5,5,2,1,1,1,1,1,0,1,0,1,1,1,0,1,1,1,1,3,2,1,2,31,1,7,1,60,2,1,3
14963,5.0,5.0,1.0,2.0,3.0,1.0,1.0,4.0,5.0,1.0,2.0,4.0,4.0,3.0,5.0,5.0,1.0,3.0,5.0,1.0,6,7,4,6,6,4,7,2,1,6,1,1,1,1,1,1,0,1,0,1,1,1,1,1,1,0,3,3,1,1,28,1,1,1,60,1,1,2
14964,3.0,1.0,5.0,4.0,4.0,2.0,5.0,4.0,5.0,3.0,1.0,3.0,2.0,4.0,1.0,5.0,1.0,2.0,5.0,2.0,6,4,4,3,6,3,7,1,6,4,1,1,0,1,0,0,0,0,0,1,0,0,0,0,1,1,3,1,2,1,39,1,7,1,60,1,2,2
14965,2.0,2.0,4.0,2.0,5.0,1.0,1.0,1.0,5.0,2.0,1.0,2.0,1.0,1.0,4.0,1.0,1.0,4.0,5.0,1.0,1,3,7,1,7,7,7,1,7,5,1,1,0,1,1,0,0,0,0,1,0,0,1,1,1,1,4,1,1,1,26,1,6,1,60,1,1,2
14966,5.0,5.0,1.0,5.0,5.0,1.0,1.0,5.0,3.0,1.0,1.0,5.0,4.0,1.0,5.0,5.0,5.0,5.0,5.0,2.0,4,5,5,1,6,5,3,2,6,5,1,1,0,1,1,0,0,0,1,1,0,0,1,1,1,1,2,2,1,1,20,1,2,1,60,2,1,3
14967,4.0,5.0,2.0,2.0,2.0,1.0,1.0,4.0,3.0,4.0,1.0,4.0,3.0,1.0,5.0,1.0,2.0,4.0,5.0,1.0,3,3,5,5,6,6,6,5,5,2,1,1,1,1,1,0,0,1,0,1,1,0,1,1,1,1,4,2,1,2,31,1,12,1,70,1,1,3
14968,5.0,3.0,3.0,2.0,2.0,1.0,2.0,4.0,4.0,2.0,1.0,4.0,4.0,1.0,4.0,1.0,4.0,4.0,5.0,1.0,5,5,3,2,7,7,7,5,6,1,1,1,1,1,1,0,1,1,0,1,1,0,1,1,1,1,3,2,2,1,55,1,1,1,70,1,3,5
14969,3.0,4.0,4.0,4.0,5.0,2.0,2.0,4.0,5.0,2.0,1.0,2.0,2.0,4.0,4.0,1.0,1.0,4.0,4.0,1.0,5,2,7,6,6,6,5,1,5,3,1,1,1,1,1,1,0,0,0,1,0,0,1,1,1,1,4,1,2,1,26,1,1,3,60,1,1,3
14970,5.0,5.0,1.0,1.0,5.0,1.0,1.0,5.0,1.0,3.0,1.0,5.0,5.0,1.0,5.0,1.0,4.0,5.0,5.0,4.0,2,7,4,7,6,7,4,4,2,1,1,1,0,1,1,0,0,1,0,1,0,0,0,1,1,1,3,3,1,2,26,1,2,1,60,2,1,1
14971,4.0,5.0,2.0,1.0,2.0,1.0,1.0,4.0,1.0,1.0,1.0,4.0,5.0,1.0,4.0,3.0,1.0,1.0,2.0,3.0,5,0,2,1,6,3,6,3,7,2,1,1,1,1,1,0,0,1,0,1,1,0,1,1,1,1,3,1,1,1,20,1,2,1,60,1,1,2
14972,5.0,5.0,3.0,2.0,5.0,1.0,1.0,4.0,1.0,1.0,1.0,5.0,4.0,2.0,4.0,2.0,2.0,4.0,5.0,3.0,6,5,4,5,7,1,2,5,2,1,1,1,1,1,1,1,1,1,1,1,0,1,1,1,1,1,4,1,1,1,26,1,2,1,60,1,1,0
14973,5.0,4.0,3.0,3.0,5.0,1.0,1.0,5.0,3.0,1.0,1.0,5.0,1.0,1.0,5.0,1.0,3.0,5.0,5.0,1.0,5,6,7,4,6,5,5,1,4,1,1,1,1,1,1,0,0,0,0,1,1,0,1,1,1,1,3,3,2,2,23,1,2,2,60,1,1,1
14974,2.0,1.0,2.0,5.0,4.0,2.0,1.0,1.0,5.0,2.0,2.0,4.0,1.0,2.0,1.0,2.0,1.0,2.0,4.0,1.0,6,2,6,2,6,0,6,1,7,4,1,1,1,1,1,0,0,0,0,1,0,0,1,1,1,1,4,2,2,1,51,1,4,1,60,1,2,2
14975,3.0,4.0,2.0,2.0,4.0,1.0,1.0,4.0,3.0,3.0,1.0,4.0,1.0,2.0,5.0,1.0,1.0,3.0,5.0,2.0,1,6,2,7,5,7,5,6,3,6,1,1,1,1,1,0,0,0,0,1,0,1,1,1,1,1,3,3,1,1,26,1,1,2,60,2,1,2
14976,4.0,4.0,4.0,4.0,4.0,4.0,1.0,5.0,5.0,2.0,2.0,5.0,1.0,2.0,1.0,1.0,1.0,1.0,1.0,3.0,3,5,6,7,5,6,5,1,2,5,1,1,1,1,1,0,0,0,0,1,1,0,1,1,1,1,3,3,2,2,34,1,4,1,10,2,1,4
14977,4.0,4.0,1.0,2.0,4.0,1.0,1.0,4.0,1.0,3.0,1.0,5.0,5.0,1.0,3.0,1.0,1.0,5.0,5.0,1.0,3,7,6,7,4,7,5,1,5,1,1,1,1,1,1,0,0,0,0,1,1,1,1,1,1,1,2,2,1,1,28,1,1,5,60,1,2,4
14978,4.0,4.0,2.0,3.0,4.0,2.0,2.0,2.0,4.0,2.0,2.0,4.0,3.0,1.0,4.0,2.0,2.0,5.0,2.0,3.0,2,5,6,2,5,5,5,2,5,2,1,1,1,1,1,0,1,1,1,1,1,1,1,1,1,1,4,2,1,1,32,1,4,1,60,1,3,3
14979,5.0,4.0,1.0,3.0,4.0,2.0,2.0,4.0,3.0,2.0,2.0,4.0,5.0,2.0,5.0,1.0,2.0,5.0,5.0,1.0,3,2,3,5,6,3,5,3,3,2,1,1,1,1,1,0,1,0,0,1,0,0,1,1,1,1,3,3,2,1,45,1,2,2,60,1,2,1
14980,5.0,4.0,3.0,1.0,4.0,3.0,5.0,1.0,5.0,2.0,1.0,5.0,1.0,1.0,1.0,4.0,1.0,3.0,1.0,5.0,6,7,6,5,5,3,5,2,6,2,1,1,1,1,1,0,0,1,0,1,0,0,1,1,1,1,2,2,1,1,32,1,4,1,60,0,1,5
14981,4.0,2.0,2.0,3.0,4.0,2.0,2.0,4.0,5.0,5.0,1.0,4.0,4.0,4.0,4.0,2.0,2.0,2.0,4.0,1.0,1,6,6,7,2,3,5,1,3,5,1,1,1,1,1,0,0,0,0,1,0,0,1,1,1,1,2,3,2,1,37,1,12,1,30,2,2,2
14982,1.0,1.0,3.0,2.0,4.0,5.0,5.0,2.0,5.0,5.0,3.0,2.0,1.0,2.0,1.0,5.0,1.0,1.0,3.0,2.0,7,3,7,5,7,1,7,5,5,1,1,1,0,1,1,1,0,1,0,1,0,0,1,1,1,1,3,3,2,1,50,1,7,1,30,1,3,11
14983,4.0,4.0,1.0,1.0,5.0,1.0,1.0,5.0,4.0,4.0,1.0,4.0,5.0,1.0,5.0,1.0,1.0,4.0,5.0,1.0,7,7,7,6,7,3,7,3,5,1,1,1,1,1,1,1,0,1,0,1,0,0,1,1,1,1,3,3,1,1,26,1,1,1,70,1,1,4
14984,2.0,1.0,5.0,3.0,5.0,4.0,4.0,4.0,5.0,4.0,2.0,2.0,1.0,1.0,3.0,4.0,3.0,4.0,4.0,1.0,2,6,5,6,6,5,6,5,3,2,1,1,0,1,1,0,1,1,0,1,1,1,1,1,1,1,3,2,2,1,21,2,1,1,70,1,1,3
14985,5.0,3.0,2.0,2.0,4.0,2.0,2.0,3.0,3.0,3.0,3.0,5.0,2.0,1.0,4.0,1.0,5.0,4.0,5.0,1.0,2,5,6,6,7,6,4,5,6,2,1,1,0,1,1,0,0,0,0,1,0,1,1,1,1,1,3,2,2,1,23,1,12,1,60,2,1,2
14986,3.0,4.0,2.0,2.0,4.0,2.0,2.0,5.0,4.0,2.0,1.0,5.0,5.0,1.0,3.0,3.0,3.0,4.0,5.0,5.0,5,7,6,5,6,6,6,3,6,1,1,1,0,1,1,0,0,0,0,1,1,0,1,1,1,1,3,2,1,1,27,1,6,1,10,2,1,3
14987,1.0,1.0,4.0,5.0,1.0,2.0,1.0,1.0,3.0,3.0,5.0,2.0,2.0,1.0,1.0,4.0,1.0,2.0,5.0,2.0,3,5,7,4,7,5,6,1,5,2,1,1,0,1,1,0,0,0,0,1,0,0,1,1,1,1,3,2,1,1,22,1,12,3,60,1,1,3
14988,3.0,4.0,1.0,1.0,4.0,1.0,1.0,4.0,1.0,3.0,2.0,5.0,4.0,1.0,5.0,1.0,4.0,5.0,5.0,2.0,5,6,4,1,7,2,4,5,5,2,0,1,0,1,1,0,0,0,0,1,0,0,0,1,1,1,3,3,2,2,27,1,2,2,60,2,1,1
14989,4.0,3.0,1.0,1.0,4.0,1.0,1.0,4.0,2.0,3.0,1.0,5.0,4.0,1.0,4.0,1.0,1.0,5.0,5.0,1.0,2,6,5,2,2,5,2,4,6,4,1,1,0,1,1,0,0,0,0,1,0,0,1,0,1,1,1,2,1,1,15,1,2,1,10,2,1,2
14990,3.0,4.0,3.0,2.0,4.0,1.0,1.0,4.0,3.0,4.0,1.0,5.0,1.0,2.0,4.0,2.0,1.0,4.0,4.0,1.0,6,5,3,5,5,2,6,5,6,1,1,1,1,1,1,0,0,0,0,1,1,1,1,1,1,1,2,1,2,1,35,1,12,2,60,1,1,1
14991,5.0,5.0,2.0,2.0,5.0,1.0,1.0,4.0,3.0,4.0,2.0,5.0,5.0,1.0,4.0,2.0,1.0,4.0,5.0,3.0,4,6,2,5,6,7,5,6,7,2,1,1,0,1,1,0,0,1,1,1,0,1,0,1,1,1,1,3,1,1,14,1,12,1,60,2,1,4
14992,3.0,4.0,1.0,2.0,5.0,1.0,1.0,2.0,5.0,1.0,1.0,5.0,2.0,1.0,3.0,1.0,1.0,5.0,5.0,1.0,5,6,6,5,7,1,6,2,5,2,1,1,1,1,1,1,1,0,0,1,1,0,1,1,1,1,3,3,1,1,46,1,2,1,60,1,2,2
14993,4.0,1.0,2.0,4.0,1.0,2.0,2.0,4.0,5.0,5.0,1.0,5.0,4.0,1.0,4.0,2.0,4.0,1.0,2.0,4.0,5,2,6,2,7,5,6,1,6,6,1,1,0,1,1,0,0,1,0,1,0,0,1,1,1,1,3,3,2,1,41,1,4,2,60,2,1,4
14994,5.0,5.0,1.0,2.0,4.0,1.0,1.0,5.0,1.0,1.0,1.0,5.0,5.0,2.0,5.0,1.0,1.0,5.0,5.0,4.0,5,2,3,3,7,6,4,5,5,2,1,1,1,1,1,1,0,1,1,1,0,1,1,1,1,1,3,2,1,1,32,1,1,5,60,2,1,3
14995,1.0,2.0,2.0,4.0,3.0,4.0,1.0,1.0,5.0,4.0,1.0,4.0,1.0,3.0,4.0,4.0,1.0,4.0,5.0,1.0,5,5,5,5,6,5,5,2,5,3,1,1,1,1,1,0,1,1,0,1,1,0,1,1,1,1,4,2,1,1,59,1,2,1,60,2,2,2
14996,5.0,4.0,2.0,2.0,5.0,2.0,1.0,4.0,1.0,1.0,1.0,5.0,5.0,2.0,4.0,2.0,1.0,5.0,4.0,3.0,6,2,1,2,7,7,2,5,6,3,1,1,0,1,1,0,0,0,0,1,0,0,0,1,1,1,4,1,1,2,27,1,8,1,10,2,1,2
14997,5.0,4.0,5.0,4.0,5.0,1.0,3.0,5.0,5.0,3.0,1.0,5.0,5.0,3.0,5.0,1.0,1.0,5.0,5.0,5.0,6,4,4,1,7,2,4,4,4,4,1,1,0,1,1,0,0,0,0,1,0,0,0,1,1,1,4,2,1,1,40,1,8,1,70,2,2,3
14998,3.0,5.0,2.0,3.0,5.0,2.0,1.0,5.0,3.0,2.0,1.0,5.0,1.0,2.0,3.0,5.0,4.0,4.0,5.0,4.0,6,5,7,1,5,6,3,5,7,4,1,1,1,1,1,0,0,1,0,1,0,0,1,1,1,1,3,2,1,2,31,1,2,1,60,2,1,1
14999,1.0,2.0,5.0,1.0,3.0,5.0,4.0,4.0,5.0,5.0,1.0,1.0,4.0,1.0,2.0,3.0,3.0,1.0,1.0,1.0,6,4,5,1,6,2,5,4,7,4,1,1,0,1,1,0,0,1,0,1,0,0,0,1,1,1,3,2,1,2,29,1,6,1,60,2,2,5
15000,5.0,4.0,2.0,3.0,2.0,2.0,1.0,5.0,4.0,1.0,1.0,5.0,2.0,2.0,5.0,1.0,4.0,4.0,5.0,2.0,6,4,5,3,7,5,5,5,4,1,1,1,0,1,1,0,0,0,0,1,0,0,0,1,1,1,2,1,2,2,20,1,2,2,60,1,1,3
15001,1.0,4.0,1.0,5.0,2.0,1.0,1.0,1.0,5.0,1.0,1.0,4.0,2.0,5.0,2.0,2.0,2.0,5.0,5.0,1.0,7,2,3,3,7,2,6,4,6,1,1,1,1,1,1,0,0,1,0,1,0,0,1,1,1,1,3,3,2,1,47,1,2,1,60,1,3,2
15002,4.0,4.0,4.0,4.0,5.0,4.0,2.0,4.0,4.0,4.0,2.0,4.0,5.0,2.0,4.0,5.0,1.0,5.0,4.0,4.0,6,7,7,2,7,5,7,5,7,1,1,1,0,1,1,0,0,0,0,1,0,0,1,1,1,1,2,3,1,2,16,1,2,1,10,2,1,1
15003,5.0,5.0,4.0,1.0,2.0,5.0,2.0,4.0,5.0,3.0,3.0,1.0,3.0,1.0,4.0,4.0,2.0,1.0,5.0,3.0,5,7,6,4,5,6,6,6,5,5,1,1,0,1,1,0,0,0,0,1,0,0,1,1,1,1,2,2,1,2,23,1,7,1,60,1,1,1
15004,5.0,5.0,3.0,3.0,4.0,3.0,3.0,4.0,3.0,2.0,1.0,5.0,5.0,2.0,4.0,2.0,4.0,4.0,3.0,3.0,6,7,7,5,5,6,5,2,7,1,1,0,0,1,0,0,0,0,1,1,0,0,0,0,1,1,3,3,1,2,30,1,2,1,30,1,1,2
15005,5.0,4.0,3.0,2.0,4.0,2.0,1.0,1.0,2.0,2.0,2.0,5.0,4.0,1.0,4.0,1.0,1.0,5.0,5.0,4.0,4,5,5,3,6,4,2,2,6,1,1,1,0,1,1,0,0,0,0,1,0,0,0,1,1,1,2,3,1,2,19,3,2,1,60,1,1,3
15006,5.0,5.0,3.0,1.0,5.0,1.0,1.0,1.0,1.0,1.0,1.0,5.0,5.0,2.0,5.0,3.0,1.0,4.0,5.0,1.0,5,3,7,1,7,7,2,5,7,1,1,1,0,1,1,0,0,0,0,1,1,1,1,1,1,1,3,2,1,1,30,1,2,1,50,2,1,2
15007,2.0,1.0,4.0,3.0,3.0,4.0,2.0,2.0,5.0,5.0,1.0,5.0,4.0,2.0,2.0,4.0,2.0,4.0,4.0,4.0,5,7,6,5,7,3,6,5,5,3,1,1,0,1,1,0,0,0,0,1,1,0,0,1,1,1,3,2,1,2,26,1,1,1,60,2,1,3
15008,5.0,4.0,1.0,1.0,4.0,4.0,1.0,2.0,2.0,2.0,1.0,5.0,5.0,1.0,5.0,1.0,1.0,5.0,5.0,1.0,6,5,7,1,7,3,1,2,3,1,1,1,0,0,1,0,1,1,0,1,0,0,0,1,1,1,2,3,2,2,19,1,4,1,60,1,1,2
15009,1.0,1.0,4.0,5.0,1.0,4.0,4.0,1.0,5.0,5.0,3.0,1.0,1.0,3.0,2.0,5.0,5.0,1.0,5.0,1.0,5,2,6,1,6,3,7,2,6,2,1,1,1,1,1,0,1,0,0,1,0,0,1,1,1,1,3,2,2,1,23,1,2,1,60,1,1,4
15010,4.0,3.0,1.0,2.0,3.0,1.0,5.0,4.0,2.0,1.0,1.0,3.0,4.0,2.0,5.0,1.0,3.0,5.0,5.0,5.0,3,6,5,3,7,3,5,5,3,3,1,1,0,1,1,0,0,0,0,1,0,0,0,1,1,1,3,3,2,2,28,1,4,1,10,1,2,2
15011,4.0,5.0,5.0,1.0,5.0,3.0,3.0,3.0,4.0,5.0,1.0,4.0,4.0,3.0,3.0,4.0,4.0,4.0,1.0,3.0,6,6,5,7,5,7,7,5,5,4,1,1,0,1,1,0,0,0,0,1,0,0,0,1,1,1,3,3,2,1,35,1,8,5,10,2,1,4
15012,4.0,3.0,3.0,3.0,5.0,3.0,5.0,5.0,5.0,4.0,1.0,4.0,2.0,3.0,5.0,1.0,5.0,5.0,5.0,4.0,6,6,7,6,7,6,6,5,6,1,1,1,1,1,1,1,1,1,1,1,1,1,1,1,1,1,2,0,2,1,16,3,7,1,60,2,1,4
15013,3.0,4.0,2.0,2.0,5.0,3.0,1.0,3.0,4.0,3.0,3.0,5.0,5.0,1.0,1.0,2.0,2.0,3.0,4.0,1.0,6,2,7,1,6,5,6,1,6,4,1,1,1,1,1,0,0,1,0,1,0,0,1,1,1,1,3,1,2,1,23,1,2,2,60,1,1,3
15014,1.0,1.0,5.0,1.0,2.0,5.0,5.0,2.0,5.0,5.0,2.0,2.0,1.0,2.0,1.0,1.0,5.0,1.0,1.0,1.0,6,5,7,1,6,3,7,1,7,3,1,1,1,1,1,1,0,1,0,1,0,1,1,1,1,1,2,1,1,1,19,2,6,1,60,1,1,2
15015,5.0,1.0,3.0,4.0,1.0,5.0,4.0,2.0,5.0,5.0,1.0,2.0,1.0,4.0,2.0,4.0,1.0,1.0,3.0,5.0,6,2,6,1,7,3,6,1,6,6,1,1,0,1,1,0,0,0,0,1,0,0,1,1,1,1,3,3,2,1,50,1,6,1,60,1,3,3
15016,5.0,5.0,2.0,3.0,4.0,2.0,1.0,4.0,4.0,1.0,2.0,1.0,1.0,1.0,1.0,2.0,5.0,4.0,5.0,1.0,6,2,7,3,7,5,6,2,5,3,1,1,1,1,1,0,1,1,0,1,0,0,1,1,1,1,2,3,1,2,18,1,2,1,10,2,1,2
15017,4.0,4.0,3.0,2.0,4.0,3.0,2.0,4.0,2.0,4.0,2.0,3.0,4.0,2.0,4.0,2.0,1.0,4.0,4.0,2.0,5,5,5,5,5,5,5,5,3,5,1,1,0,1,1,0,0,0,0,1,0,0,1,1,1,1,2,2,1,1,28,1,1,1,60,2,1,3
15018,3.0,3.0,1.0,2.0,2.0,2.0,2.0,4.0,2.0,2.0,1.0,4.0,5.0,1.0,3.0,4.0,1.0,5.0,5.0,4.0,5,6,3,6,6,6,5,6,6,2,1,1,1,1,1,1,1,0,1,1,1,1,1,1,1,1,3,1,1,2,20,1,2,2,60,1,1,1
15019,2.0,1.0,2.0,4.0,1.0,2.0,1.0,1.0,5.0,5.0,1.0,1.0,1.0,2.0,2.0,4.0,1.0,5.0,5.0,4.0,5,2,6,6,7,4,6,5,5,1,1,1,1,1,1,0,0,0,1,1,0,0,1,1,1,1,2,1,1,1,65,1,6,1,60,1,2,2
15020,1.0,1.0,5.0,4.0,1.0,4.0,2.0,1.0,5.0,5.0,1.0,1.0,1.0,4.0,1.0,5.0,1.0,1.0,1.0,2.0,1,1,7,1,6,7,6,1,7,1,1,1,1,1,1,1,0,0,0,1,0,0,1,1,1,1,2,2,2,1,61,1,4,1,60,1,2,4
15021,5.0,4.0,3.0,3.0,2.0,1.0,4.0,1.0,4.0,2.0,2.0,4.0,1.0,4.0,4.0,2.0,3.0,5.0,1.0,1.0,2,5,4,5,4,6,3,2,3,5,1,1,0,1,1,0,0,0,0,1,0,0,0,1,1,1,4,3,2,1,23,1,4,1,20,2,1,3
15022,5.0,2.0,2.0,3.0,3.0,2.0,1.0,1.0,3.0,5.0,2.0,2.0,1.0,3.0,4.0,2.0,3.0,3.0,2.0,3.0,4,6,6,1,7,5,4,1,7,2,1,0,0,1,1,0,0,0,0,1,0,0,0,1,1,1,4,3,1,2,28,1,12,1,10,2,1,1
15023,2.0,5.0,3.0,3.0,4.0,2.0,1.0,4.0,5.0,2.0,2.0,5.0,1.0,2.0,3.0,4.0,1.0,2.0,5.0,3.0,2,6,3,7,7,5,5,4,2,2,1,1,1,1,1,0,1,1,0,1,1,0,1,1,1,1,4,3,1,2,32,1,2,1,60,1,1,2
15024,1.0,4.0,1.0,3.0,5.0,1.0,1.0,5.0,3.0,5.0,1.0,5.0,3.0,1.0,5.0,1.0,1.0,1.0,1.0,1.0,2,2,7,1,7,7,6,4,7,1,1,1,0,1,1,1,0,0,0,1,0,0,1,1,1,1,3,2,1,1,58,1,6,1,70,1,3,3
15025,2.0,1.0,4.0,2.0,3.0,1.0,2.0,2.0,5.0,4.0,3.0,5.0,2.0,1.0,4.0,2.0,1.0,4.0,5.0,5.0,3,4,6,2,7,7,5,1,5,1,1,1,1,1,1,0,0,0,0,1,1,1,0,1,1,1,1,0,1,1,14,1,7,1,60,2,1,3
15026,5.0,5.0,2.0,2.0,5.0,5.0,2.0,2.0,5.0,4.0,1.0,5.0,1.0,4.0,2.0,4.0,4.0,5.0,5.0,5.0,6,5,6,4,7,5,7,1,5,1,0,0,0,0,0,0,0,0,0,1,0,0,0,1,0,1,4,1,2,2,28,1,4,1,60,1,1,2
15027,4.0,5.0,5.0,4.0,5.0,4.0,2.0,4.0,2.0,5.0,2.0,5.0,2.0,2.0,4.0,3.0,5.0,4.0,2.0,5.0,7,6,7,3,6,2,5,5,7,5,1,1,0,1,1,0,0,1,0,1,0,0,1,1,1,1,4,2,1,2,30,1,10,1,10,1,1,4
15028,1.0,2.0,4.0,5.0,2.0,2.0,2.0,1.0,5.0,3.0,3.0,1.0,1.0,3.0,3.0,3.0,1.0,1.0,5.0,1.0,6,2,7,5,6,4,7,1,5,3,1,1,1,1,1,0,0,0,0,1,0,0,1,1,1,1,3,3,2,1,36,2,1,3,70,2,2,4
15029,4.0,5.0,2.0,1.0,5.0,1.0,2.0,2.0,3.0,2.0,1.0,4.0,4.0,1.0,5.0,2.0,1.0,4.0,5.0,2.0,6,4,5,2,6,1,5,1,7,4,1,1,0,1,1,0,0,1,0,1,0,0,1,1,1,1,2,2,1,1,20,1,2,1,60,1,1,3
15030,1.0,3.0,4.0,5.0,2.0,2.0,3.0,5.0,5.0,5.0,2.0,2.0,4.0,2.0,1.0,2.0,3.0,3.0,2.0,1.0,5,7,7,7,5,7,5,4,4,4,1,1,0,1,1,0,0,0,0,1,0,0,0,1,1,1,2,3,2,1,21,1,12,1,60,2,1,3
15031,3.0,4.0,2.0,1.0,2.0,1.0,1.0,4.0,1.0,3.0,1.0,5.0,4.0,2.0,4.0,1.0,3.0,3.0,5.0,2.0,1,6,5,6,2,6,1,3,2,2,1,0,0,1,0,0,0,1,0,1,0,0,0,1,0,1,3,3,2,2,22,1,2,2,60,2,1,5
15032,5.0,3.0,3.0,1.0,4.0,1.0,4.0,2.0,2.0,2.0,1.0,5.0,4.0,2.0,4.0,2.0,1.0,4.0,5.0,2.0,4,7,6,5,3,5,4,1,4,5,1,0,0,1,1,0,0,0,0,1,0,0,0,0,0,0,3,3,1,1,25,2,6,1,60,1,1,4
15033,5.0,5.0,2.0,1.0,5.0,1.0,1.0,5.0,1.0,5.0,1.0,5.0,5.0,1.0,5.0,1.0,1.0,5.0,5.0,5.0,7,7,1,6,7,1,6,6,1,1,0,1,0,1,1,0,0,1,1,1,0,0,1,1,1,1,4,2,1,2,27,3,3,1,60,1,1,1
15034,1.0,1.0,4.0,5.0,1.0,5.0,5.0,1.0,5.0,5.0,1.0,1.0,1.0,5.0,1.0,5.0,1.0,1.0,4.0,1.0,5,4,5,1,6,5,7,7,6,2,1,1,1,1,1,0,0,0,1,1,1,0,1,1,1,1,3,2,1,1,57,1,12,1,60,2,1,2
15035,5.0,5.0,1.0,2.0,4.0,2.0,1.0,3.0,1.0,1.0,1.0,5.0,1.0,3.0,5.0,2.0,2.0,5.0,5.0,2.0,2,6,5,2,5,3,3,5,4,5,1,1,0,1,1,0,1,0,1,1,0,0,1,1,1,1,2,3,1,1,17,1,2,1,60,2,1,1
15036,5.0,4.0,2.0,3.0,4.0,2.0,2.0,3.0,5.0,1.0,1.0,2.0,3.0,2.0,5.0,4.0,1.0,5.0,5.0,5.0,5,1,6,2,2,4,5,1,6,1,1,1,1,1,1,0,0,0,0,1,1,0,1,1,1,1,3,1,1,1,24,1,6,1,60,1,2,4
15037,2.0,5.0,4.0,1.0,5.0,1.0,1.0,5.0,5.0,1.0,1.0,5.0,5.0,1.0,5.0,1.0,2.0,5.0,5.0,1.0,6,2,7,5,7,2,7,6,2,1,1,1,1,1,1,0,0,1,0,1,0,0,1,1,1,1,3,1,2,1,42,1,6,0,60,2,3,2
15038,2.0,2.0,4.0,2.0,4.0,3.0,2.0,4.0,3.0,2.0,1.0,5.0,3.0,2.0,4.0,3.0,2.0,4.0,2.0,1.0,7,6,6,5,7,1,3,4,3,1,1,1,0,1,1,0,0,1,0,1,0,0,1,1,1,1,3,3,2,1,20,1,1,1,60,2,1,0
15039,5.0,4.0,3.0,4.0,4.0,4.0,1.0,5.0,5.0,4.0,1.0,5.0,4.0,1.0,5.0,5.0,3.0,5.0,4.0,3.0,6,5,5,2,7,5,5,4,6,1,1,1,1,1,1,0,0,0,0,1,0,0,1,1,1,1,3,1,2,1,24,1,1,2,70,1,1,2
15040,5.0,5.0,1.0,1.0,1.0,1.0,1.0,1.0,1.0,1.0,1.0,5.0,1.0,3.0,5.0,1.0,1.0,5.0,5.0,1.0,1,1,7,1,7,7,1,1,7,1,1,1,1,1,1,0,0,0,0,1,0,0,1,1,1,1,3,2,1,1,37,1,2,1,60,2,2,2
15041,4.0,2.0,4.0,1.0,5.0,2.0,4.0,4.0,5.0,4.0,1.0,2.0,1.0,1.0,1.0,1.0,4.0,3.0,1.0,4.0,5,5,3,6,7,2,3,6,6,2,1,1,1,1,1,0,0,1,0,1,0,0,1,1,1,1,2,2,2,1,19,1,6,1,60,2,1,3
15042,1.0,3.0,5.0,5.0,1.0,4.0,4.0,1.0,5.0,1.0,2.0,1.0,1.0,1.0,1.0,5.0,4.0,3.0,5.0,4.0,6,1,7,7,7,3,6,1,2,1,1,1,0,1,1,0,0,0,0,1,0,0,1,1,1,1,4,2,2,1,26,1,6,1,0,1,1,3
15043,4.0,3.0,2.0,3.0,2.0,4.0,2.0,4.0,2.0,3.0,1.0,1.0,1.0,1.0,4.0,5.0,2.0,1.0,1.0,3.0,2,5,7,1,4,7,1,2,7,3,1,1,1,1,1,1,0,1,0,1,0,1,1,1,1,1,4,2,1,1,27,1,4,1,60,2,1,1
15044,3.0,1.0,1.0,3.0,4.0,2.0,2.0,4.0,4.0,4.0,1.0,2.0,1.0,1.0,4.0,1.0,2.0,4.0,4.0,1.0,2,5,6,6,2,6,5,2,3,6,1,1,0,1,1,0,0,0,0,1,0,0,1,1,1,1,3,2,1,1,27,1,6,1,60,1,1,2
15045,2.0,4.0,2.0,4.0,5.0,3.0,3.0,1.0,5.0,2.0,3.0,2.0,1.0,3.0,4.0,1.0,1.0,4.0,5.0,1.0,2,7,5,5,5,3,5,5,3,1,1,1,1,1,1,0,0,1,0,1,1,1,1,1,1,1,3,2,2,1,30,1,1,2,60,1,2,3
15046,1.0,2.0,1.0,4.0,4.0,5.0,1.0,4.0,4.0,5.0,1.0,4.0,2.0,2.0,5.0,1.0,4.0,5.0,5.0,3.0,6,2,6,1,7,3,6,5,6,1,1,1,1,1,1,0,0,1,0,1,0,0,1,1,1,1,2,1,1,1,19,1,2,1,60,2,1,3
15047,2.0,2.0,4.0,2.0,4.0,4.0,2.0,4.0,4.0,4.0,1.0,5.0,4.0,2.0,4.0,1.0,3.0,5.0,5.0,4.0,6,2,6,1,7,2,6,7,7,1,1,1,1,1,1,0,0,1,0,1,0,1,1,1,1,1,2,1,1,1,19,1,2,1,60,2,1,3
15048,1.0,4.0,3.0,5.0,3.0,4.0,2.0,1.0,5.0,4.0,2.0,1.0,1.0,4.0,3.0,5.0,3.0,3.0,5.0,1.0,5,6,6,7,5,5,7,5,5,2,1,1,0,0,1,0,0,0,0,1,0,0,0,1,1,1,2,3,2,1,39,1,1,1,60,1,3,2
15049,4.0,5.0,3.0,4.0,5.0,5.0,5.0,5.0,5.0,5.0,2.0,2.0,1.0,2.0,4.0,3.0,3.0,3.0,2.0,4.0,3,4,5,6,6,6,6,2,2,6,1,1,0,1,1,0,0,1,0,1,0,0,0,1,0,1,2,1,1,2,22,1,7,1,60,1,1,2
15050,5.0,5.0,4.0,1.0,4.0,2.0,2.0,4.0,3.0,2.0,1.0,3.0,5.0,2.0,5.0,1.0,4.0,5.0,3.0,2.0,7,5,6,1,6,1,3,1,5,1,1,1,0,1,1,0,0,0,0,1,0,0,0,1,1,1,3,1,1,2,19,1,4,1,30,2,1,1
15051,5.0,5.0,1.0,1.0,5.0,1.0,2.0,5.0,1.0,2.0,1.0,5.0,4.0,1.0,5.0,1.0,5.0,5.0,5.0,4.0,3,6,3,1,7,6,1,6,7,1,1,1,1,1,1,0,0,1,0,1,1,0,1,1,1,1,4,3,2,2,48,1,2,1,60,2,3,1
15052,2.0,3.0,5.0,5.0,2.0,4.0,4.0,3.0,5.0,3.0,2.0,2.0,2.0,2.0,4.0,4.0,2.0,4.0,5.0,2.0,2,4,4,5,7,5,6,7,3,1,1,1,0,1,1,0,0,0,0,1,0,0,1,1,1,1,3,2,1,1,30,1,2,2,60,1,2,4
15053,1.0,1.0,2.0,5.0,1.0,2.0,2.0,3.0,5.0,5.0,3.0,1.0,1.0,5.0,3.0,5.0,1.0,1.0,5.0,1.0,7,1,7,1,7,4,7,1,7,4,1,1,1,1,1,0,0,1,0,1,0,0,1,1,1,1,3,2,2,1,55,1,2,1,0,2,3,3
15054,5.0,5.0,2.0,1.0,5.0,2.0,1.0,2.0,3.0,2.0,1.0,5.0,5.0,2.0,5.0,2.0,5.0,5.0,4.0,5.0,7,3,7,1,7,5,3,3,2,4,0,0,0,0,1,0,1,0,0,1,0,0,0,0,1,1,3,2,1,1,22,1,7,1,60,1,1,5
15055,4.0,4.0,2.0,3.0,5.0,2.0,3.0,4.0,2.0,3.0,2.0,5.0,1.0,3.0,5.0,2.0,1.0,4.0,5.0,4.0,6,5,6,2,6,1,7,4,4,2,1,0,0,1,0,0,0,0,0,1,0,0,0,0,1,1,3,3,2,2,22,1,12,1,10,2,1,0
15056,4.0,4.0,2.0,3.0,2.0,1.0,2.0,2.0,4.0,2.0,2.0,3.0,2.0,2.0,4.0,2.0,4.0,2.0,5.0,4.0,5,5,5,3,7,5,5,6,3,1,1,1,1,1,1,0,1,1,0,1,1,0,1,1,1,1,4,1,2,1,36,1,1,2,60,1,3,2
15057,1.0,1.0,5.0,1.0,4.0,1.0,4.0,4.0,5.0,5.0,1.0,4.0,2.0,1.0,5.0,2.0,1.0,2.0,1.0,1.0,7,5,7,5,7,5,3,1,6,3,1,1,0,1,1,1,0,0,0,1,0,0,1,0,1,1,2,2,2,1,28,1,6,1,60,1,2,2
15058,5.0,3.0,2.0,3.0,5.0,2.0,1.0,2.0,2.0,2.0,1.0,5.0,1.0,4.0,4.0,4.0,1.0,2.0,5.0,2.0,5,6,5,2,6,6,6,6,6,5,1,1,0,1,1,1,0,0,0,1,1,0,1,1,1,1,3,3,1,2,27,1,4,1,10,2,1,4
15059,2.0,1.0,1.0,3.0,4.0,4.0,2.0,2.0,4.0,5.0,1.0,4.0,1.0,1.0,4.0,2.0,1.0,2.0,5.0,1.0,3,2,5,5,5,5,5,4,5,3,1,1,1,1,1,0,1,1,0,1,0,0,1,1,1,1,3,2,1,1,43,1,12,1,60,2,2,2
15060,1.0,1.0,2.0,4.0,1.0,4.0,4.0,1.0,5.0,5.0,1.0,1.0,3.0,4.0,2.0,5.0,2.0,3.0,4.0,1.0,6,2,6,1,7,3,7,6,6,2,1,1,1,1,1,0,1,0,0,1,1,0,1,1,1,1,4,2,2,1,54,1,12,5,60,0,2,3
15061,5.0,5.0,3.0,2.0,5.0,2.0,5.0,5.0,4.0,4.0,2.0,5.0,2.0,2.0,1.0,4.0,4.0,4.0,3.0,4.0,2,6,7,2,5,5,5,1,7,7,1,1,0,1,0,0,0,0,0,1,0,0,0,0,1,1,3,2,1,1,22,1,10,1,20,1,1,3
15062,3.0,4.0,3.0,3.0,5.0,1.0,3.0,3.0,3.0,4.0,2.0,2.0,1.0,4.0,3.0,1.0,2.0,4.0,5.0,1.0,6,1,6,3,3,5,6,1,6,1,1,1,1,1,1,0,0,1,0,1,1,0,1,1,1,1,4,3,2,1,31,2,1,1,10,2,2,2
15063,5.0,5.0,1.0,1.0,5.0,1.0,5.0,5.0,1.0,5.0,1.0,5.0,5.0,1.0,5.0,1.0,1.0,5.0,5.0,5.0,1,7,7,6,7,7,1,7,1,4,0,0,0,0,1,0,0,0,0,0,0,0,0,1,1,0,3,1,2,2,17,1,4,2,10,2,1,9
15064,5.0,3.0,1.0,2.0,5.0,5.0,5.0,5.0,2.0,3.0,1.0,5.0,4.0,1.0,4.0,1.0,1.0,4.0,5.0,2.0,3,1,7,5,7,7,6,2,5,2,1,1,0,1,1,0,0,1,0,1,0,0,0,1,1,1,4,3,1,2,29,1,4,1,70,1,2,3
15065,4.0,5.0,3.0,3.0,4.0,5.0,2.0,5.0,5.0,4.0,2.0,4.0,5.0,2.0,4.0,3.0,3.0,4.0,5.0,4.0,2,1,6,1,7,7,7,6,6,2,1,1,1,1,1,1,1,1,1,1,1,1,1,1,1,1,2,3,1,2,18,2,5,1,60,2,1,1
15066,4.0,4.0,1.0,2.0,3.0,1.0,1.0,4.0,2.0,1.0,2.0,4.0,2.0,1.0,2.0,1.0,3.0,4.0,1.0,4.0,3,2,4,1,6,3,2,1,3,1,1,1,1,1,1,0,1,1,0,1,1,0,1,1,1,1,4,2,2,1,59,2,2,1,60,2,2,2
15067,4.0,3.0,4.0,5.0,5.0,5.0,1.0,4.0,4.0,5.0,2.0,5.0,1.0,2.0,5.0,1.0,4.0,5.0,5.0,1.0,3,5,4,1,7,6,7,2,7,3,0,1,0,1,1,0,0,0,0,1,0,0,0,0,1,1,2,3,2,2,20,1,6,1,60,1,1,4
15068,3.0,1.0,2.0,3.0,5.0,3.0,3.0,5.0,5.0,5.0,3.0,4.0,5.0,1.0,1.0,1.0,1.0,4.0,3.0,1.0,4,5,3,4,6,3,5,3,5,2,1,1,0,1,1,0,0,0,1,1,0,0,1,1,1,1,2,1,1,1,16,1,1,1,10,2,1,2
15069,5.0,4.0,3.0,3.0,4.0,1.0,2.0,5.0,3.0,1.0,1.0,2.0,4.0,4.0,5.0,4.0,2.0,4.0,5.0,1.0,5,6,2,5,7,2,4,5,3,5,1,1,0,1,1,0,0,1,0,1,0,1,0,1,1,1,2,2,1,1,19,1,7,1,60,1,1,2
15070,5.0,5.0,5.0,1.0,5.0,5.0,5.0,5.0,5.0,5.0,1.0,5.0,5.0,1.0,1.0,1.0,5.0,5.0,5.0,1.0,1,2,2,7,6,6,5,5,5,1,1,1,1,1,1,0,0,1,0,1,0,0,1,1,1,1,3,2,3,2,21,1,2,5,10,2,1,4
15071,5.0,4.0,2.0,1.0,4.0,2.0,2.0,5.0,2.0,2.0,3.0,4.0,1.0,1.0,5.0,5.0,2.0,2.0,5.0,1.0,7,7,1,6,7,3,5,5,2,1,1,1,0,1,1,0,0,1,0,1,0,0,0,1,1,1,2,3,2,2,21,1,2,1,70,2,1,3
15072,4.0,2.0,2.0,3.0,4.0,2.0,2.0,3.0,4.0,2.0,1.0,4.0,4.0,4.0,3.0,5.0,2.0,3.0,5.0,2.0,5,5,6,2,7,5,3,2,6,2,1,1,0,1,1,1,0,0,0,1,0,0,1,1,1,1,0,2,1,1,45,1,6,1,60,1,2,2
15073,2.0,4.0,4.0,5.0,4.0,2.0,2.0,3.0,5.0,4.0,4.0,4.0,1.0,4.0,3.0,1.0,2.0,3.0,5.0,2.0,4,4,6,5,7,4,6,2,5,1,1,1,1,1,1,0,0,0,0,1,0,0,1,1,1,1,4,2,2,1,51,1,6,1,60,1,2,5
15074,4.0,5.0,4.0,2.0,4.0,2.0,4.0,4.0,4.0,2.0,1.0,5.0,5.0,2.0,1.0,3.0,4.0,3.0,5.0,4.0,1,3,6,5,7,7,6,3,5,1,1,1,0,1,1,0,0,1,0,1,0,0,1,1,1,1,2,3,2,2,18,1,1,1,10,2,1,1
15075,3.0,2.0,3.0,4.0,4.0,4.0,2.0,1.0,5.0,5.0,3.0,2.0,5.0,4.0,1.0,2.0,2.0,1.0,4.0,4.0,7,5,5,2,7,1,7,2,7,1,0,0,0,0,1,0,0,0,0,1,0,0,0,0,0,0,3,1,2,2,36,1,4,1,60,1,3,2
15076,1.0,1.0,5.0,5.0,2.0,5.0,4.0,1.0,3.0,1.0,3.0,1.0,1.0,1.0,1.0,5.0,3.0,1.0,1.0,1.0,6,5,6,2,6,2,6,1,6,3,1,1,0,1,1,0,1,1,0,1,0,1,0,1,1,1,3,1,2,2,29,1,7,1,60,1,1,2
15077,5.0,5.0,2.0,1.0,4.0,1.0,1.0,5.0,2.0,1.0,1.0,5.0,4.0,1.0,5.0,1.0,5.0,5.0,5.0,3.0,6,1,6,1,6,3,4,1,7,2,1,1,0,1,1,0,0,1,1,1,0,0,0,1,1,1,3,2,1,2,23,1,3,2,70,1,1,3
15078,2.0,4.0,2.0,1.0,5.0,1.0,1.0,2.0,5.0,2.0,3.0,5.0,4.0,1.0,5.0,1.0,1.0,5.0,5.0,1.0,2,6,6,3,7,6,3,5,6,3,1,1,1,1,1,0,0,1,0,1,1,0,0,1,1,1,3,3,2,2,30,1,1,1,60,2,1,0
15079,3.0,4.0,5.0,3.0,5.0,3.0,3.0,5.0,5.0,3.0,1.0,4.0,3.0,1.0,1.0,1.0,3.0,4.0,4.0,3.0,4,5,1,7,7,4,5,7,1,1,1,1,0,1,1,0,0,0,0,1,0,0,0,1,1,1,2,1,2,2,18,1,2,1,60,2,1,2
15080,5.0,4.0,2.0,2.0,5.0,5.0,1.0,5.0,5.0,1.0,1.0,5.0,5.0,2.0,5.0,1.0,2.0,5.0,2.0,5.0,3,6,6,7,7,7,7,1,2,1,1,1,1,1,1,1,0,0,0,1,1,1,1,1,1,1,2,3,1,1,27,1,12,1,30,2,1,2
15081,1.0,2.0,5.0,5.0,1.0,5.0,5.0,1.0,5.0,5.0,1.0,1.0,1.0,2.0,3.0,4.0,3.0,1.0,3.0,1.0,4,3,6,2,6,2,7,5,7,5,1,1,0,1,1,0,1,0,0,1,0,0,1,1,1,1,3,2,1,1,44,1,7,1,60,1,2,2
15082,5.0,2.0,5.0,2.0,4.0,5.0,5.0,4.0,5.0,5.0,4.0,4.0,3.0,2.0,1.0,4.0,5.0,1.0,1.0,1.0,6,1,7,6,7,7,7,2,6,5,1,1,1,1,1,0,0,1,0,1,0,0,1,1,1,1,3,0,1,0,64,1,6,1,60,1,2,2
15083,5.0,4.0,5.0,4.0,4.0,4.0,4.0,4.0,5.0,4.0,4.0,4.0,1.0,5.0,5.0,5.0,1.0,2.0,2.0,2.0,6,1,6,5,7,5,5,4,6,2,1,0,0,1,1,0,0,0,0,1,0,1,0,1,1,1,2,1,1,2,20,1,10,1,10,2,1,5
15084,4.0,5.0,4.0,1.0,4.0,2.0,1.0,4.0,4.0,1.0,1.0,4.0,4.0,1.0,5.0,1.0,2.0,5.0,4.0,4.0,6,7,1,6,1,1,3,7,1,1,1,1,1,1,1,0,0,0,0,1,0,0,1,1,1,1,3,2,2,1,19,1,1,2,60,1,1,5
15085,3.0,4.0,1.0,4.0,5.0,1.0,1.0,2.0,2.0,2.0,1.0,5.0,4.0,1.0,3.0,1.0,2.0,5.0,4.0,5.0,5,7,6,4,7,5,6,6,3,1,1,1,1,1,1,1,0,1,1,1,0,0,1,1,1,1,2,2,1,1,20,1,1,1,60,1,1,2
15086,3.0,4.0,1.0,1.0,5.0,2.0,4.0,5.0,2.0,2.0,4.0,5.0,4.0,2.0,4.0,2.0,2.0,4.0,4.0,1.0,6,7,7,5,5,1,7,2,3,2,1,1,0,1,1,0,0,1,0,1,0,0,0,1,1,1,2,3,2,2,18,1,1,1,60,2,1,1
15087,2.0,3.0,2.0,3.0,3.0,1.0,1.0,2.0,3.0,1.0,1.0,4.0,2.0,2.0,4.0,3.0,1.0,3.0,5.0,1.0,3,4,5,5,7,6,7,4,4,2,0,0,0,0,0,0,1,1,1,0,1,1,0,0,0,0,3,3,2,1,37,1,1,1,60,1,1,0
15088,4.0,3.0,5.0,3.0,3.0,5.0,5.0,2.0,5.0,5.0,2.0,1.0,3.0,3.0,2.0,4.0,4.0,2.0,4.0,4.0,2,2,6,6,6,6,7,3,4,2,1,1,0,1,1,0,0,0,0,0,0,0,1,1,1,1,3,1,1,1,19,1,2,3,60,1,1,3
15089,5.0,5.0,3.0,2.0,4.0,1.0,1.0,5.0,2.0,1.0,1.0,5.0,1.0,1.0,4.0,1.0,2.0,4.0,5.0,4.0,6,5,6,6,6,4,5,3,2,2,1,1,0,1,1,0,1,0,0,1,0,0,0,1,1,1,4,3,2,1,28,1,8,1,10,2,2,2
15090,5.0,5.0,1.0,5.0,5.0,3.0,1.0,1.0,4.0,1.0,1.0,5.0,5.0,1.0,5.0,3.0,1.0,5.0,5.0,2.0,3,5,5,3,7,6,5,3,0,5,1,1,0,1,1,0,0,0,0,1,0,0,0,1,1,1,3,0,1,2,26,1,12,2,30,2,1,2
15091,2.0,2.0,5.0,2.0,3.0,5.0,4.0,2.0,2.0,4.0,2.0,4.0,2.0,4.0,1.0,3.0,3.0,5.0,4.0,1.0,6,5,7,4,5,3,6,2,5,2,1,1,1,1,1,0,0,1,0,1,1,1,1,1,1,1,4,2,2,1,63,1,6,1,60,1,2,3
15092,3.0,4.0,3.0,5.0,2.0,3.0,1.0,2.0,4.0,1.0,1.0,4.0,2.0,2.0,3.0,2.0,3.0,5.0,5.0,3.0,2,7,7,6,7,6,5,5,5,1,1,1,0,1,1,0,0,0,0,1,0,0,0,1,1,1,2,2,1,2,22,1,7,1,60,1,1,2
15093,1.0,2.0,1.0,4.0,1.0,5.0,5.0,1.0,5.0,5.0,5.0,1.0,1.0,3.0,3.0,3.0,1.0,4.0,2.0,1.0,5,7,5,3,7,2,6,6,5,1,1,1,0,1,1,0,0,1,0,1,1,0,1,1,1,1,2,2,1,1,22,1,9,1,60,1,1,3
15094,4.0,2.0,4.0,2.0,5.0,2.0,2.0,1.0,5.0,2.0,5.0,4.0,2.0,3.0,4.0,4.0,4.0,4.0,4.0,1.0,5,3,4,6,7,6,7,5,3,3,1,1,0,1,1,1,0,0,1,1,0,1,1,1,0,1,3,2,2,1,25,1,4,1,60,1,1,3
15095,4.0,4.0,1.0,1.0,4.0,2.0,1.0,4.0,2.0,1.0,1.0,5.0,3.0,1.0,4.0,2.0,2.0,4.0,4.0,3.0,5,6,5,5,5,3,4,4,5,2,0,1,0,1,1,0,1,1,0,1,1,0,1,1,1,1,3,2,1,1,23,1,4,1,60,1,1,3
15096,5.0,5.0,3.0,1.0,4.0,4.0,5.0,2.0,2.0,5.0,1.0,5.0,5.0,5.0,5.0,1.0,5.0,5.0,5.0,4.0,7,5,6,3,7,1,6,7,6,4,1,1,0,1,1,0,1,1,0,1,0,1,1,1,1,1,3,2,1,2,20,1,1,1,10,1,1,1
15097,2.0,1.0,1.0,4.0,1.0,4.0,4.0,1.0,4.0,4.0,2.0,2.0,1.0,4.0,4.0,2.0,1.0,4.0,4.0,1.0,1,1,6,6,6,7,6,2,3,3,1,1,1,1,1,0,0,0,0,1,0,0,1,1,1,1,3,2,2,1,37,1,4,1,60,1,2,2
15098,3.0,4.0,2.0,4.0,4.0,2.0,2.0,4.0,5.0,4.0,2.0,4.0,4.0,2.0,2.0,4.0,1.0,4.0,5.0,2.0,3,5,1,2,5,5,5,5,4,2,1,1,1,1,1,0,1,1,0,1,1,1,1,1,1,1,4,2,1,1,65,1,12,1,60,1,2,2
15099,2.0,3.0,2.0,5.0,1.0,1.0,1.0,2.0,2.0,4.0,3.0,1.0,4.0,2.0,5.0,2.0,4.0,4.0,5.0,1.0,6,2,6,1,7,2,6,2,7,3,1,1,0,1,1,0,0,0,0,1,0,0,1,1,1,1,3,2,1,1,46,1,6,1,60,1,2,3
15100,5.0,4.0,5.0,2.0,5.0,1.0,5.0,4.0,4.0,5.0,1.0,4.0,5.0,2.0,5.0,1.0,2.0,4.0,5.0,4.0,1,6,7,3,5,6,5,1,5,1,1,1,0,1,0,0,0,1,0,1,0,0,0,1,1,1,3,3,1,2,24,1,2,1,60,2,1,1
15101,5.0,5.0,3.0,1.0,4.0,1.0,1.0,4.0,2.0,4.0,1.0,4.0,3.0,1.0,4.0,2.0,2.0,5.0,5.0,2.0,5,3,6,2,7,6,5,2,6,2,1,1,0,1,1,0,0,1,0,1,0,0,0,1,1,1,3,1,1,2,36,1,1,1,60,1,2,3
15102,3.0,3.0,4.0,5.0,2.0,4.0,2.0,2.0,5.0,4.0,1.0,3.0,3.0,4.0,4.0,4.0,3.0,4.0,4.0,1.0,5,4,6,5,5,5,6,2,5,3,1,1,1,1,1,0,0,0,0,1,0,0,1,1,1,1,3,3,2,1,57,1,6,1,60,1,2,2
15103,5.0,4.0,2.0,3.0,4.0,2.0,1.0,2.0,5.0,4.0,1.0,5.0,1.0,2.0,5.0,4.0,1.0,4.0,5.0,1.0,6,3,7,5,7,5,7,5,6,1,1,1,1,1,1,1,0,1,0,1,0,0,1,1,1,1,3,3,2,1,41,2,12,1,60,1,3,2
15104,3.0,4.0,2.0,4.0,2.0,2.0,2.0,1.0,5.0,4.0,2.0,1.0,2.0,2.0,4.0,4.0,2.0,4.0,5.0,2.0,5,5,5,1,5,2,6,2,4,3,1,1,0,1,1,0,0,0,1,1,0,0,1,1,1,1,3,3,1,1,65,1,6,1,60,2,2,4
15105,4.0,4.0,2.0,4.0,5.0,3.0,2.0,2.0,2.0,1.0,1.0,5.0,4.0,2.0,5.0,4.0,2.0,2.0,5.0,2.0,2,1,2,7,5,7,5,6,2,1,1,1,0,1,1,0,0,0,0,1,0,0,1,1,1,1,3,2,2,1,19,1,1,2,60,2,1,4
15106,1.0,1.0,1.0,1.0,5.0,1.0,1.0,5.0,5.0,1.0,1.0,5.0,5.0,1.0,1.0,1.0,1.0,5.0,5.0,2.0,5,7,6,5,7,3,1,1,1,1,0,1,0,1,1,0,0,0,0,1,0,0,1,1,1,1,2,1,2,1,37,1,2,1,60,1,1,3
15107,5.0,5.0,1.0,3.0,4.0,1.0,1.0,4.0,1.0,2.0,1.0,4.0,4.0,1.0,5.0,5.0,1.0,5.0,4.0,2.0,5,6,6,7,7,7,5,1,2,1,1,1,0,1,1,0,0,1,0,1,0,0,1,1,1,1,2,3,1,1,22,1,2,1,30,1,1,1
15108,5.0,2.0,4.0,2.0,5.0,2.0,2.0,4.0,3.0,2.0,2.0,4.0,5.0,2.0,2.0,2.0,2.0,5.0,4.0,3.0,6,5,2,7,7,6,5,5,2,1,1,1,0,1,1,0,0,0,0,1,0,0,1,1,1,1,3,3,2,1,24,1,7,1,60,2,1,2
15109,2.0,4.0,4.0,2.0,4.0,5.0,4.0,2.0,5.0,4.0,4.0,5.0,2.0,2.0,4.0,4.0,4.0,4.0,5.0,1.0,1,5,5,7,3,6,6,2,2,2,1,1,0,1,1,0,0,0,0,1,0,0,0,1,1,1,3,3,2,1,29,1,7,1,60,2,1,3
15110,4.0,4.0,2.0,1.0,5.0,1.0,1.0,5.0,4.0,3.0,1.0,4.0,5.0,1.0,4.0,1.0,3.0,4.0,5.0,1.0,4,5,6,5,7,7,7,3,6,1,1,1,1,1,1,1,0,1,1,1,1,1,1,1,1,1,3,3,2,2,25,1,2,1,60,2,1,1
15111,4.0,5.0,5.0,4.0,5.0,2.0,2.0,2.0,5.0,3.0,2.0,2.0,2.0,3.0,4.0,3.0,2.0,4.0,5.0,1.0,5,4,7,4,7,5,7,2,7,4,1,1,1,1,1,0,0,1,0,1,0,1,0,1,1,1,3,2,2,1,23,1,1,2,60,1,1,3
15112,3.0,1.0,1.0,3.0,1.0,4.0,1.0,5.0,5.0,5.0,1.0,5.0,5.0,1.0,3.0,1.0,1.0,5.0,5.0,4.0,6,5,4,1,7,3,1,5,7,1,1,1,0,1,1,0,0,0,0,1,0,0,1,1,1,1,3,1,1,1,23,1,2,1,60,1,1,4
15113,5.0,5.0,1.0,2.0,5.0,1.0,1.0,4.0,1.0,1.0,1.0,5.0,4.0,3.0,4.0,1.0,1.0,5.0,5.0,5.0,0,0,0,0,0,0,0,0,6,0,1,1,1,1,1,1,1,0,0,1,1,0,1,1,1,1,3,3,1,1,69,1,2,1,60,2,2,2
15114,1.0,4.0,4.0,3.0,4.0,1.0,1.0,3.0,5.0,4.0,2.0,3.0,1.0,4.0,4.0,1.0,2.0,4.0,5.0,1.0,5,3,5,4,5,6,6,5,5,4,1,1,1,1,1,0,0,1,0,1,1,1,1,1,1,1,3,3,2,1,34,1,6,2,60,2,2,2
15115,2.0,1.0,3.0,5.0,4.0,2.0,2.0,1.0,5.0,5.0,2.0,4.0,1.0,5.0,4.0,4.0,2.0,1.0,2.0,2.0,3,1,7,5,6,6,7,1,6,1,0,0,0,0,0,0,0,0,0,0,0,0,0,0,0,0,4,2,2,1,52,2,7,1,60,0,2,6
15116,1.0,4.0,1.0,4.0,3.0,1.0,2.0,2.0,2.0,4.0,2.0,3.0,2.0,3.0,4.0,2.0,2.0,4.0,5.0,1.0,3,5,4,7,6,3,6,5,2,5,1,1,1,1,1,0,0,0,0,1,1,0,1,1,1,1,2,3,2,1,38,1,2,1,60,1,2,2
15117,5.0,4.0,2.0,1.0,5.0,1.0,1.0,4.0,2.0,1.0,1.0,5.0,4.0,1.0,4.0,1.0,1.0,4.0,5.0,5.0,2,7,7,5,6,2,2,2,3,2,1,1,1,1,1,0,1,1,0,1,1,1,1,1,1,1,4,1,2,0,58,1,1,0,60,1,2,4
15118,3.0,4.0,2.0,3.0,5.0,5.0,4.0,4.0,5.0,2.0,2.0,4.0,4.0,1.0,5.0,3.0,1.0,4.0,4.0,2.0,5,7,7,6,6,7,3,1,7,1,1,1,0,1,1,0,0,0,0,1,0,0,0,0,1,1,3,2,1,1,24,2,1,1,60,1,1,3
15119,1.0,4.0,5.0,4.0,3.0,5.0,5.0,2.0,5.0,5.0,3.0,4.0,3.0,1.0,1.0,5.0,4.0,1.0,4.0,3.0,5,5,4,3,6,2,2,5,5,1,1,1,0,1,1,0,0,0,0,1,0,0,1,1,1,1,0,3,2,1,43,2,12,0,70,1,3,2
15120,3.0,4.0,2.0,2.0,4.0,3.0,2.0,2.0,3.0,4.0,2.0,4.0,1.0,2.0,2.0,2.0,2.0,3.0,4.0,2.0,3,5,5,3,4,5,6,5,6,3,1,1,1,1,1,0,0,0,0,1,1,0,1,1,1,1,4,3,2,1,41,1,7,1,30,2,1,4
15121,4.0,4.0,1.0,2.0,4.0,1.0,1.0,4.0,3.0,2.0,1.0,3.0,3.0,2.0,4.0,4.0,1.0,4.0,5.0,4.0,5,5,4,6,6,5,5,5,4,5,1,1,1,1,1,0,1,1,0,1,0,0,1,1,1,1,3,2,1,1,29,1,6,1,10,1,1,1
15122,5.0,4.0,1.0,4.0,5.0,4.0,1.0,5.0,5.0,1.0,1.0,5.0,5.0,1.0,5.0,1.0,1.0,5.0,5.0,5.0,1,6,6,5,7,7,5,5,3,5,1,1,1,1,1,0,0,1,0,1,0,0,1,1,1,1,4,1,1,1,33,1,6,1,50,2,2,3
15123,1.0,1.0,5.0,4.0,1.0,2.0,1.0,1.0,5.0,1.0,1.0,1.0,1.0,1.0,1.0,1.0,1.0,1.0,5.0,1.0,2,2,2,5,7,7,6,3,7,6,1,1,0,1,1,0,0,1,0,1,0,0,1,1,1,1,3,2,2,1,30,1,6,1,50,1,2,1
15124,2.0,2.0,2.0,3.0,2.0,2.0,2.0,1.0,4.0,3.0,2.0,3.0,1.0,4.0,2.0,4.0,4.0,4.0,5.0,3.0,6,3,5,5,7,3,6,5,5,1,1,1,0,1,1,0,0,0,0,1,0,0,1,1,1,1,4,3,1,1,30,1,11,1,70,2,1,2
15125,1.0,3.0,1.0,5.0,5.0,1.0,1.0,2.0,5.0,1.0,3.0,3.0,1.0,4.0,5.0,5.0,1.0,5.0,4.0,4.0,2,1,6,2,7,6,5,5,6,3,1,1,1,1,1,0,0,1,0,1,0,0,1,1,1,1,2,2,1,1,20,1,6,1,60,1,1,1
15126,1.0,1.0,2.0,5.0,4.0,4.0,3.0,1.0,5.0,5.0,2.0,1.0,2.0,5.0,4.0,5.0,2.0,5.0,5.0,1.0,5,7,6,5,7,1,6,3,3,1,1,1,1,1,1,0,1,1,1,1,1,0,1,1,1,1,4,2,1,1,43,1,12,1,60,1,1,4
15127,5.0,5.0,3.0,2.0,5.0,1.0,3.0,5.0,2.0,1.0,1.0,5.0,5.0,2.0,5.0,2.0,1.0,5.0,4.0,5.0,4,5,5,4,7,3,5,1,4,1,1,1,0,1,1,0,0,0,0,1,0,0,1,1,1,1,4,3,2,2,28,2,10,1,70,2,1,4
15128,5.0,5.0,2.0,1.0,5.0,2.0,2.0,5.0,2.0,2.0,2.0,5.0,5.0,1.0,5.0,4.0,1.0,5.0,5.0,4.0,6,6,6,5,7,3,5,3,3,2,1,1,1,1,1,1,0,0,0,1,0,1,1,1,1,1,2,3,1,2,19,1,7,1,60,2,1,1
15129,2.0,2.0,4.0,3.0,2.0,4.0,4.0,2.0,5.0,5.0,1.0,1.0,1.0,3.0,2.0,3.0,4.0,1.0,5.0,1.0,2,3,6,7,3,6,6,3,3,1,1,1,0,1,1,0,0,0,0,1,0,0,1,1,1,1,2,3,2,1,18,2,1,1,70,2,1,3
15130,4.0,4.0,2.0,1.0,5.0,1.0,1.0,5.0,4.0,1.0,1.0,5.0,5.0,1.0,5.0,1.0,1.0,5.0,5.0,2.0,6,3,7,1,6,2,5,1,6,2,1,1,1,1,1,0,0,0,0,1,1,0,1,0,1,1,4,3,1,1,37,1,1,1,70,2,2,2
15131,2.0,1.0,2.0,4.0,4.0,5.0,5.0,1.0,4.0,2.0,1.0,2.0,1.0,4.0,1.0,2.0,1.0,3.0,3.0,1.0,5,3,5,2,5,6,6,3,6,3,1,1,0,1,1,0,0,0,0,1,0,0,1,1,1,1,4,2,2,1,44,1,1,1,60,1,2,2
15132,4.0,4.0,4.0,3.0,2.0,3.0,1.0,4.0,4.0,4.0,1.0,4.0,2.0,1.0,4.0,2.0,2.0,4.0,4.0,2.0,2,6,6,5,5,5,7,4,6,2,1,1,0,1,1,1,1,0,0,1,1,1,1,1,1,1,3,0,1,2,30,1,1,1,60,1,1,0
15133,5.0,5.0,1.0,1.0,5.0,1.0,1.0,5.0,1.0,1.0,1.0,5.0,5.0,1.0,5.0,1.0,1.0,5.0,5.0,5.0,7,5,7,5,7,6,2,4,6,1,1,1,1,1,1,0,1,1,0,1,1,0,1,1,1,1,2,3,1,2,16,3,1,4,10,2,1,2
15134,2.0,3.0,4.0,5.0,4.0,3.0,4.0,2.0,3.0,2.0,2.0,1.0,1.0,4.0,2.0,5.0,1.0,4.0,5.0,1.0,6,6,7,4,7,3,5,3,5,5,1,1,1,1,1,1,0,1,0,1,0,0,1,1,1,1,4,3,2,1,30,1,8,1,10,1,1,2
15135,2.0,2.0,4.0,4.0,3.0,2.0,2.0,4.0,5.0,4.0,2.0,1.0,1.0,2.0,4.0,1.0,1.0,4.0,5.0,3.0,3,2,5,7,6,4,7,4,3,6,1,1,1,1,1,0,1,1,0,1,0,0,1,1,1,1,4,3,2,1,41,1,6,1,60,2,1,2
15136,2.0,5.0,5.0,2.0,2.0,4.0,4.0,2.0,5.0,5.0,3.0,1.0,3.0,4.0,5.0,5.0,2.0,5.0,5.0,5.0,7,6,7,1,7,5,4,1,6,1,1,0,0,1,0,0,0,0,0,1,0,0,0,0,0,1,2,2,1,1,20,1,10,1,30,2,1,4
15137,4.0,4.0,2.0,1.0,4.0,1.0,1.0,5.0,5.0,2.0,1.0,5.0,1.0,1.0,4.0,1.0,1.0,4.0,5.0,4.0,6,3,6,3,7,2,5,3,6,1,1,1,0,1,1,0,0,1,0,0,1,0,0,1,1,1,4,2,1,2,38,1,6,1,0,1,2,3
15138,1.0,3.0,3.0,3.0,2.0,3.0,2.0,2.0,5.0,4.0,1.0,3.0,2.0,3.0,3.0,5.0,3.0,4.0,4.0,1.0,2,1,4,6,6,6,5,6,3,2,1,1,1,1,1,0,1,1,0,1,1,0,1,1,1,1,2,3,2,1,22,1,2,2,60,2,1,3
15139,2.0,2.0,4.0,4.0,2.0,2.0,3.0,2.0,5.0,4.0,2.0,2.0,2.0,3.0,4.0,3.0,2.0,1.0,5.0,1.0,2,5,6,2,6,5,5,2,7,3,1,1,1,1,1,0,1,0,0,1,0,0,1,1,1,1,4,2,2,1,34,1,1,2,60,1,1,2
15140,3.0,4.0,4.0,1.0,4.0,4.0,1.0,2.0,5.0,5.0,1.0,5.0,1.0,2.0,4.0,1.0,1.0,4.0,5.0,1.0,7,2,7,1,7,1,7,2,6,2,1,1,0,1,1,0,0,1,0,1,0,0,0,1,1,1,4,2,2,2,40,1,2,1,60,1,2,2
15141,5.0,5.0,3.0,1.0,5.0,3.0,1.0,5.0,1.0,3.0,1.0,5.0,5.0,1.0,5.0,1.0,1.0,5.0,5.0,1.0,3,7,4,7,7,2,5,5,5,4,1,1,0,1,1,0,1,1,0,1,0,1,1,1,1,1,4,3,1,1,38,1,1,1,60,1,3,1
15142,4.0,4.0,2.0,2.0,4.0,2.0,4.0,4.0,2.0,2.0,2.0,4.0,4.0,2.0,4.0,2.0,2.0,4.0,4.0,4.0,4,5,5,6,7,7,5,6,6,3,1,1,0,1,1,0,0,0,0,1,0,0,0,1,1,1,2,3,1,2,18,1,2,1,10,2,1,2
15143,4.0,4.0,2.0,4.0,4.0,4.0,1.0,4.0,2.0,2.0,2.0,4.0,2.0,2.0,5.0,2.0,1.0,4.0,4.0,4.0,3,5,7,3,6,5,5,1,6,1,1,1,0,1,1,0,1,1,0,1,1,0,1,1,1,1,3,1,1,1,40,1,1,1,60,1,1,3
15144,2.0,5.0,2.0,3.0,5.0,2.0,1.0,4.0,4.0,4.0,1.0,5.0,2.0,2.0,4.0,5.0,2.0,4.0,4.0,2.0,5,5,7,2,7,5,6,5,4,2,1,1,1,1,1,0,0,0,0,1,0,0,0,1,1,1,3,3,1,2,20,1,7,1,60,2,1,2
15145,4.0,4.0,3.0,1.0,5.0,1.0,2.0,1.0,2.0,2.0,2.0,5.0,3.0,2.0,5.0,1.0,1.0,5.0,5.0,3.0,7,7,7,5,4,2,6,1,2,3,1,1,0,1,1,1,1,1,0,1,0,0,1,1,1,1,4,3,1,2,28,2,2,1,70,1,1,3
15146,4.0,2.0,3.0,3.0,5.0,1.0,1.0,4.0,4.0,5.0,1.0,5.0,5.0,3.0,5.0,2.0,1.0,2.0,5.0,5.0,2,0,4,1,6,7,5,0,6,5,1,1,0,1,1,0,0,0,0,1,1,1,1,1,1,1,4,3,1,1,39,1,1,1,60,2,3,3
15147,2.0,4.0,3.0,2.0,3.0,2.0,2.0,1.0,4.0,4.0,1.0,2.0,1.0,2.0,4.0,3.0,2.0,3.0,2.0,1.0,2,5,6,2,6,5,5,2,7,3,1,1,1,1,1,0,0,0,0,1,0,0,0,1,1,1,2,3,1,2,18,1,7,1,60,2,1,2
15148,5.0,4.0,1.0,1.0,5.0,1.0,1.0,5.0,1.0,1.0,1.0,5.0,2.0,1.0,3.0,2.0,1.0,5.0,3.0,4.0,3,1,7,5,6,7,6,5,6,1,1,1,0,1,1,0,1,0,0,1,0,0,1,1,1,1,3,3,1,2,22,1,12,1,30,2,1,1
15149,4.0,5.0,3.0,4.0,4.0,2.0,2.0,5.0,3.0,2.0,1.0,5.0,5.0,2.0,4.0,2.0,1.0,4.0,3.0,1.0,5,4,5,6,7,4,5,3,2,4,1,1,0,1,1,0,0,0,0,1,0,0,1,1,1,1,3,3,2,1,22,1,7,1,30,1,1,2
15150,5.0,5.0,1.0,2.0,5.0,1.0,1.0,4.0,1.0,1.0,5.0,5.0,5.0,1.0,3.0,1.0,1.0,5.0,5.0,2.0,5,5,7,1,6,2,5,1,4,1,1,0,0,1,0,0,0,0,0,1,0,0,0,0,1,1,2,3,1,2,16,2,2,1,60,2,1,2
15151,2.0,5.0,4.0,2.0,4.0,2.0,1.0,5.0,4.0,3.0,2.0,5.0,3.0,1.0,4.0,3.0,1.0,5.0,5.0,4.0,1,7,1,5,6,7,4,5,5,1,1,1,1,1,1,0,0,0,0,1,1,0,1,1,1,1,3,2,1,2,23,1,1,1,60,2,1,2
15152,2.0,1.0,5.0,4.0,1.0,3.0,2.0,1.0,4.0,3.0,5.0,5.0,1.0,3.0,1.0,2.0,3.0,1.0,5.0,1.0,6,1,6,3,7,2,7,5,6,1,1,1,1,1,1,0,1,0,0,1,0,0,1,1,1,1,4,2,2,1,53,1,6,1,60,1,2,4
15153,5.0,4.0,2.0,2.0,4.0,1.0,2.0,4.0,2.0,2.0,1.0,3.0,1.0,2.0,3.0,1.0,3.0,3.0,4.0,3.0,3,5,7,4,3,5,6,2,3,3,1,0,0,1,1,0,0,0,0,0,0,0,1,1,1,1,4,3,1,2,28,1,10,1,60,1,1,4
15154,5.0,5.0,2.0,1.0,4.0,1.0,2.0,5.0,2.0,1.0,2.0,5.0,5.0,1.0,4.0,1.0,1.0,4.0,5.0,2.0,5,5,5,2,6,5,5,7,5,5,1,1,0,1,1,0,0,0,0,1,0,0,0,1,1,1,3,2,1,2,23,1,1,1,60,2,1,1
15155,2.0,4.0,1.0,1.0,4.0,1.0,1.0,5.0,4.0,2.0,1.0,4.0,1.0,1.0,3.0,1.0,1.0,5.0,5.0,3.0,1,4,4,1,4,7,3,4,4,4,1,1,1,1,1,0,0,1,0,1,0,1,1,1,1,1,3,2,1,1,46,1,4,1,60,1,1,1
15156,4.0,1.0,1.0,2.0,4.0,4.0,2.0,2.0,5.0,4.0,2.0,4.0,2.0,1.0,1.0,1.0,2.0,2.0,5.0,1.0,1,2,6,6,7,7,6,2,5,1,1,1,1,1,1,0,0,0,0,1,0,0,1,1,1,1,4,3,2,1,49,1,12,1,60,1,2,4
15157,5.0,4.0,1.0,3.0,3.0,1.0,1.0,2.0,1.0,2.0,1.0,4.0,3.0,1.0,3.0,2.0,3.0,4.0,4.0,1.0,2,1,6,1,7,6,2,6,7,2,1,1,1,1,1,0,0,1,0,1,0,0,1,1,1,1,4,2,2,1,32,2,2,2,60,2,2,2
15158,5.0,5.0,1.0,1.0,5.0,1.0,1.0,5.0,1.0,1.0,1.0,5.0,5.0,1.0,5.0,1.0,1.0,5.0,1.0,5.0,6,7,3,6,6,5,6,5,2,5,1,1,1,1,1,1,1,0,0,1,1,0,1,1,1,1,0,3,1,1,48,1,4,1,60,1,2,2
15159,1.0,1.0,4.0,1.0,3.0,1.0,2.0,1.0,5.0,5.0,1.0,5.0,1.0,1.0,3.0,1.0,1.0,1.0,5.0,1.0,7,5,2,5,7,1,3,5,3,1,1,1,0,1,1,0,0,1,0,1,0,0,1,1,1,1,2,3,1,2,21,1,2,1,60,1,1,2
15160,5.0,5.0,1.0,1.0,2.0,1.0,1.0,1.0,1.0,3.0,1.0,5.0,4.0,1.0,5.0,4.0,5.0,5.0,5.0,1.0,2,7,1,1,6,1,1,7,7,2,1,0,0,1,1,0,0,0,0,1,0,0,0,1,1,1,3,1,1,2,40,1,2,1,60,2,1,5
15161,1.0,2.0,2.0,2.0,5.0,5.0,5.0,5.0,5.0,4.0,2.0,4.0,1.0,2.0,2.0,5.0,2.0,2.0,5.0,1.0,7,4,7,7,6,3,7,2,4,2,1,1,0,1,1,0,1,0,0,1,1,0,0,1,1,1,2,3,2,1,19,2,7,1,60,2,1,4
15162,1.0,3.0,2.0,5.0,1.0,1.0,1.0,1.0,3.0,4.0,2.0,2.0,4.0,3.0,2.0,4.0,1.0,2.0,5.0,1.0,5,5,7,1,5,3,6,1,7,4,1,1,1,1,1,1,0,0,0,1,0,0,1,1,1,1,4,2,1,1,32,1,1,2,60,1,1,2
15163,2.0,4.0,5.0,4.0,4.0,5.0,3.0,3.0,5.0,4.0,2.0,4.0,2.0,5.0,4.0,3.0,4.0,1.0,5.0,4.0,2,5,6,6,5,5,3,1,4,6,1,1,0,1,1,1,0,1,0,1,0,0,1,1,1,1,4,2,2,1,32,1,1,1,70,1,2,1
15164,5.0,1.0,1.0,1.0,5.0,1.0,1.0,5.0,1.0,1.0,1.0,5.0,4.0,1.0,1.0,1.0,1.0,5.0,5.0,5.0,1,7,5,5,1,7,2,7,5,0,0,0,0,1,0,0,0,0,0,0,0,1,1,1,0,0,2,2,2,1,14,1,12,2,30,2,1,1
15165,4.0,5.0,2.0,2.0,4.0,4.0,2.0,5.0,2.0,1.0,1.0,5.0,1.0,1.0,3.0,1.0,2.0,4.0,5.0,4.0,3,6,3,5,6,6,2,6,3,7,1,1,0,1,1,0,0,0,0,1,0,0,1,1,1,1,3,3,2,2,22,1,2,1,60,1,1,1
15166,1.0,3.0,3.0,2.0,4.0,4.0,4.0,5.0,5.0,5.0,2.0,2.0,3.0,4.0,4.0,2.0,1.0,4.0,5.0,2.0,6,6,4,3,7,4,7,1,6,1,1,1,0,1,1,1,0,1,0,1,0,1,1,1,1,1,3,2,2,2,23,1,1,1,60,2,1,1
15167,4.0,3.0,3.0,2.0,3.0,4.0,1.0,4.0,4.0,3.0,2.0,5.0,2.0,1.0,4.0,1.0,1.0,4.0,4.0,3.0,1,5,3,3,7,6,2,4,3,1,1,1,0,1,1,0,0,1,0,1,0,0,1,1,1,1,3,3,1,2,36,1,2,1,60,2,2,2
15168,2.0,4.0,2.0,4.0,4.0,3.0,4.0,4.0,5.0,2.0,2.0,1.0,1.0,2.0,3.0,1.0,5.0,1.0,4.0,1.0,5,6,4,6,6,5,4,4,4,5,1,1,0,1,1,0,0,0,0,1,0,0,0,1,1,1,2,3,2,2,24,1,2,1,60,2,1,2
15169,4.0,2.0,3.0,2.0,2.0,4.0,2.0,1.0,3.0,3.0,1.0,5.0,1.0,1.0,1.0,2.0,4.0,5.0,3.0,4.0,5,1,4,6,6,4,6,3,5,3,1,1,0,1,1,0,0,1,0,1,0,0,0,0,1,1,3,3,2,2,36,1,7,1,60,1,2,2
15170,4.0,2.0,4.0,2.0,4.0,4.0,2.0,2.0,5.0,4.0,2.0,4.0,2.0,2.0,4.0,4.0,4.0,2.0,5.0,2.0,2,5,7,6,4,5,6,3,6,2,0,1,0,1,1,0,0,0,0,1,0,0,1,1,1,1,3,3,2,1,26,2,2,1,60,1,1,2
15171,5.0,5.0,1.0,3.0,5.0,1.0,1.0,4.0,2.0,5.0,3.0,5.0,5.0,1.0,3.0,1.0,1.0,5.0,5.0,3.0,2,4,2,6,5,4,4,1,1,1,1,1,0,1,1,0,0,0,0,1,0,0,0,0,1,1,4,3,1,2,25,1,12,1,60,2,1,1
15172,4.0,2.0,2.0,2.0,5.0,4.0,1.0,4.0,4.0,2.0,1.0,4.0,2.0,1.0,4.0,2.0,2.0,4.0,1.0,4.0,1,1,6,2,5,7,6,5,7,4,1,1,1,1,1,0,0,1,0,1,1,1,1,1,1,1,2,2,1,1,20,2,6,1,70,1,1,2
15173,3.0,5.0,2.0,2.0,4.0,2.0,2.0,4.0,2.0,3.0,1.0,4.0,1.0,1.0,3.0,4.0,2.0,4.0,3.0,2.0,6,5,3,5,6,2,6,6,2,2,1,1,0,1,1,0,0,1,0,1,0,0,0,1,1,1,3,3,2,2,34,1,1,2,60,2,1,4
15174,4.0,1.0,2.0,4.0,5.0,2.0,2.0,5.0,5.0,4.0,1.0,2.0,4.0,2.0,3.0,2.0,3.0,4.0,5.0,1.0,6,5,5,7,6,3,6,4,3,5,1,1,0,1,1,0,0,0,0,1,0,0,0,1,1,1,2,3,2,1,37,2,6,2,70,2,2,3
15175,5.0,2.0,4.0,2.0,1.0,1.0,1.0,1.0,3.0,1.0,1.0,1.0,1.0,1.0,1.0,1.0,5.0,3.0,4.0,1.0,4,1,6,1,7,6,7,3,7,1,1,1,0,1,1,1,0,0,0,1,0,0,1,1,1,1,4,1,2,1,40,1,12,1,60,1,1,3
15176,5.0,4.0,1.0,3.0,5.0,5.0,1.0,3.0,3.0,3.0,1.0,5.0,5.0,1.0,2.0,4.0,5.0,2.0,5.0,5.0,1,2,7,1,7,7,7,4,7,1,1,1,1,1,1,0,0,1,0,1,0,1,1,1,1,1,3,2,2,1,37,1,1,1,60,2,1,3
15177,2.0,3.0,3.0,3.0,4.0,3.0,2.0,2.0,4.0,4.0,2.0,4.0,5.0,4.0,4.0,2.0,2.0,4.0,5.0,1.0,1,3,4,7,5,3,5,6,3,3,1,1,1,1,1,0,0,0,0,1,1,1,1,1,1,1,3,1,2,1,32,1,0,1,60,1,2,4
15178,1.0,1.0,1.0,4.0,4.0,1.0,4.0,1.0,5.0,2.0,1.0,4.0,1.0,1.0,1.0,1.0,5.0,1.0,4.0,3.0,5,2,3,1,6,7,5,1,5,1,1,1,1,1,1,0,0,0,0,1,0,0,1,1,1,1,0,3,2,1,37,1,7,1,70,2,2,6
15179,1.0,1.0,5.0,4.0,2.0,5.0,2.0,1.0,5.0,5.0,1.0,1.0,4.0,3.0,1.0,4.0,1.0,5.0,5.0,1.0,3,2,4,7,5,5,7,1,2,1,1,1,1,1,1,0,1,1,0,1,1,0,1,1,1,1,4,2,2,1,53,1,1,1,60,2,1,6
15180,5.0,1.0,1.0,1.0,5.0,1.0,1.0,5.0,2.0,1.0,1.0,5.0,5.0,1.0,5.0,1.0,1.0,5.0,5.0,5.0,2,7,6,5,7,7,4,2,4,1,1,1,1,1,1,1,1,1,0,1,1,0,1,1,1,1,4,3,1,1,48,1,2,1,70,1,2,2
15181,1.0,1.0,5.0,5.0,1.0,4.0,2.0,2.0,5.0,4.0,2.0,2.0,1.0,4.0,4.0,5.0,2.0,2.0,5.0,1.0,2,5,7,3,6,5,7,1,5,3,1,1,0,1,1,0,0,0,0,1,0,0,0,1,1,1,4,1,2,1,29,1,7,2,60,1,2,2
15182,4.0,4.0,3.0,3.0,3.0,4.0,4.0,5.0,3.0,2.0,1.0,5.0,5.0,1.0,3.0,1.0,2.0,5.0,5.0,2.0,2,2,5,2,7,5,2,3,6,1,1,1,1,1,1,0,1,1,0,1,0,0,1,1,1,1,2,2,1,1,22,1,1,4,60,1,1,2
15183,5.0,5.0,1.0,1.0,5.0,1.0,1.0,5.0,1.0,1.0,1.0,5.0,5.0,1.0,5.0,1.0,5.0,5.0,1.0,4.0,6,7,7,2,5,2,2,5,7,6,1,1,0,1,1,0,0,1,0,1,0,0,1,1,1,1,3,2,1,1,22,1,4,1,10,2,1,2
15184,1.0,4.0,2.0,4.0,4.0,3.0,3.0,4.0,4.0,2.0,1.0,4.0,1.0,3.0,4.0,2.0,2.0,4.0,5.0,1.0,3,5,6,4,3,6,6,1,7,6,1,1,0,1,1,0,0,1,0,1,0,0,1,1,1,1,3,1,2,2,23,1,4,1,60,2,1,3
15185,2.0,4.0,2.0,5.0,4.0,2.0,2.0,2.0,5.0,5.0,1.0,4.0,1.0,4.0,4.0,2.0,1.0,4.0,5.0,1.0,6,3,6,5,7,3,7,5,5,1,1,1,1,1,1,0,1,1,0,1,0,0,1,1,1,1,3,1,2,1,48,1,0,1,60,1,2,3
15186,3.0,1.0,1.0,2.0,4.0,5.0,2.0,2.0,5.0,4.0,2.0,4.0,5.0,1.0,4.0,2.0,1.0,4.0,5.0,4.0,2,6,4,5,2,5,3,5,2,1,1,1,1,1,1,1,0,0,0,1,0,0,1,1,1,1,2,3,2,1,18,1,1,1,30,2,1,1
15187,2.0,2.0,4.0,4.0,4.0,4.0,2.0,2.0,5.0,4.0,2.0,4.0,2.0,4.0,1.0,2.0,3.0,4.0,4.0,3.0,5,5,7,2,7,5,6,5,5,1,1,0,1,1,1,1,0,0,0,1,0,1,1,1,1,1,4,1,1,1,33,1,5,1,60,2,2,1
15188,3.0,4.0,2.0,1.0,5.0,1.0,2.0,1.0,3.0,3.0,1.0,4.0,4.0,1.0,2.0,2.0,1.0,3.0,5.0,3.0,2,5,5,6,6,5,6,5,3,1,1,1,1,1,1,0,1,1,0,1,1,0,1,1,1,1,4,3,1,1,41,1,12,1,60,2,2,4
15189,4.0,4.0,1.0,2.0,4.0,1.0,1.0,2.0,4.0,1.0,1.0,4.0,5.0,1.0,3.0,1.0,4.0,5.0,5.0,1.0,1,5,5,2,6,5,1,4,4,5,1,1,0,1,1,0,0,0,0,1,0,0,1,1,1,1,2,3,1,1,29,1,4,1,60,1,3,2
15190,2.0,4.0,1.0,3.0,5.0,1.0,1.0,2.0,3.0,3.0,1.0,5.0,2.0,2.0,4.0,4.0,2.0,5.0,5.0,3.0,2,2,4,2,5,5,5,5,6,2,1,1,1,1,1,1,0,0,0,1,0,1,1,1,1,1,2,1,1,1,47,2,2,1,60,1,2,2
15191,2.0,2.0,4.0,3.0,4.0,4.0,2.0,1.0,5.0,5.0,1.0,4.0,1.0,1.0,5.0,1.0,1.0,4.0,5.0,1.0,6,3,7,3,6,5,6,2,7,3,1,1,0,1,1,0,0,0,0,1,0,0,1,1,1,1,3,2,1,1,22,1,4,1,60,1,1,3
15192,5.0,5.0,3.0,1.0,5.0,1.0,1.0,2.0,2.0,2.0,1.0,5.0,5.0,1.0,5.0,1.0,1.0,4.0,5.0,1.0,2,3,5,2,5,7,4,3,6,2,1,1,0,1,1,0,1,0,0,1,0,1,1,1,0,1,4,3,1,1,30,1,6,1,60,1,2,1
15193,4.0,4.0,3.0,2.0,4.0,2.0,2.0,5.0,5.0,1.0,1.0,5.0,4.0,1.0,2.0,4.0,2.0,4.0,1.0,4.0,2,6,7,2,7,7,6,2,7,1,1,1,0,1,1,0,0,0,0,1,0,0,1,1,1,1,2,3,1,1,27,1,10,1,10,1,2,3
15194,5.0,5.0,3.0,3.0,5.0,3.0,3.0,4.0,3.0,1.0,1.0,5.0,3.0,1.0,5.0,3.0,1.0,3.0,5.0,1.0,1,4,7,4,7,4,4,1,4,1,1,1,1,1,1,0,0,1,0,1,0,0,1,1,1,1,4,3,1,1,34,1,12,1,10,2,1,1
15195,5.0,4.0,2.0,1.0,4.0,2.0,2.0,4.0,2.0,2.0,1.0,4.0,4.0,3.0,5.0,5.0,1.0,4.0,5.0,2.0,1,7,6,4,5,7,4,1,3,1,0,0,0,0,0,0,0,0,1,0,0,0,1,0,0,1,3,3,2,1,24,1,12,2,60,1,1,2
15196,2.0,4.0,2.0,4.0,5.0,3.0,1.0,2.0,2.0,2.0,2.0,5.0,4.0,1.0,4.0,1.0,3.0,4.0,5.0,3.0,2,4,5,3,3,5,4,3,6,3,1,1,1,1,1,0,0,0,0,1,0,0,1,1,1,1,4,2,2,2,53,1,1,1,60,1,2,2
15197,2.0,4.0,4.0,5.0,4.0,2.0,4.0,4.0,5.0,4.0,1.0,5.0,3.0,2.0,1.0,2.0,3.0,4.0,5.0,3.0,1,6,5,4,5,7,5,5,6,1,0,1,0,1,0,0,0,0,0,0,0,0,0,0,0,0,2,2,2,2,19,2,1,4,10,2,1,8
15198,5.0,5.0,2.0,1.0,2.0,2.0,1.0,4.0,2.0,1.0,2.0,5.0,4.0,2.0,5.0,2.0,4.0,5.0,5.0,3.0,3,6,7,6,3,6,2,6,3,6,1,1,0,1,1,0,1,0,0,1,0,0,1,1,1,1,3,2,1,1,20,2,2,2,60,2,1,4
15199,1.0,5.0,1.0,1.0,5.0,1.0,1.0,5.0,1.0,5.0,1.0,5.0,1.0,1.0,5.0,1.0,1.0,5.0,5.0,1.0,1,6,7,6,2,6,5,2,3,3,1,1,0,1,1,0,0,0,0,1,0,0,0,0,1,1,2,3,1,1,46,1,12,1,70,1,2,2
15200,2.0,1.0,2.0,2.0,5.0,5.0,5.0,4.0,5.0,5.0,3.0,5.0,1.0,3.0,1.0,2.0,2.0,2.0,5.0,5.0,2,5,7,2,6,7,5,2,6,2,1,1,1,1,1,0,1,1,0,1,1,0,1,1,1,1,3,3,1,2,40,1,1,1,60,1,1,2
15201,1.0,4.0,1.0,5.0,5.0,1.0,1.0,3.0,4.0,4.0,1.0,4.0,4.0,2.0,4.0,3.0,1.0,5.0,5.0,4.0,3,3,6,4,5,6,6,4,7,1,1,1,1,1,1,0,1,1,0,1,0,0,1,1,1,1,4,3,1,1,41,1,1,1,60,1,2,2
15202,1.0,2.0,2.0,5.0,2.0,5.0,2.0,1.0,5.0,4.0,1.0,2.0,1.0,2.0,2.0,2.0,1.0,2.0,5.0,1.0,2,2,3,6,5,7,7,5,3,6,1,1,1,1,1,0,1,1,0,1,1,0,1,1,1,1,4,2,2,1,42,1,2,1,60,1,2,1
15203,1.0,3.0,5.0,3.0,2.0,4.0,2.0,2.0,4.0,4.0,4.0,4.0,1.0,3.0,3.0,2.0,3.0,4.0,5.0,3.0,5,5,6,2,6,3,4,4,6,3,1,1,1,1,1,0,1,0,0,1,0,0,1,1,1,1,4,1,1,2,29,1,6,1,60,1,1,3
15204,5.0,5.0,1.0,1.0,5.0,1.0,1.0,5.0,1.0,1.0,1.0,5.0,4.0,2.0,5.0,5.0,1.0,4.0,5.0,5.0,7,5,2,4,7,7,2,5,6,1,1,0,0,1,1,0,1,0,0,1,0,0,0,1,1,1,4,2,1,2,23,1,8,1,10,2,1,2
15205,4.0,4.0,1.0,3.0,4.0,2.0,1.0,3.0,2.0,2.0,1.0,3.0,1.0,3.0,3.0,4.0,2.0,3.0,2.0,3.0,7,2,6,1,6,2,7,2,5,2,1,1,0,1,1,0,0,0,0,1,0,0,0,1,1,1,3,3,2,2,42,1,7,1,60,1,3,1
15206,2.0,5.0,3.0,3.0,5.0,2.0,2.0,5.0,3.0,3.0,2.0,2.0,1.0,3.0,3.0,2.0,3.0,4.0,5.0,1.0,2,2,7,4,7,6,7,3,4,1,1,0,0,1,1,0,0,0,0,1,0,0,0,1,1,1,4,3,1,1,24,1,8,1,10,1,1,1
15207,2.0,5.0,1.0,4.0,5.0,1.0,1.0,4.0,4.0,3.0,1.0,5.0,5.0,1.0,4.0,2.0,5.0,5.0,5.0,1.0,3,6,5,5,5,6,5,1,5,1,1,1,0,1,1,0,0,1,0,1,0,0,1,1,1,1,3,2,1,2,32,1,2,1,60,1,1,3
15208,5.0,4.0,2.0,4.0,4.0,2.0,1.0,2.0,2.0,4.0,1.0,3.0,4.0,2.0,2.0,2.0,2.0,5.0,4.0,2.0,3,5,5,1,7,3,4,5,5,1,1,1,1,1,1,0,0,0,0,1,0,0,0,1,1,1,3,2,1,1,40,1,2,1,60,1,2,2
15209,4.0,4.0,4.0,1.0,5.0,3.0,4.0,5.0,3.0,3.0,1.0,5.0,5.0,1.0,5.0,3.0,1.0,5.0,1.0,5.0,1,5,6,4,4,7,2,3,1,1,1,1,0,1,1,0,1,1,0,1,1,0,1,1,1,1,3,3,1,1,20,1,10,4,70,2,1,0
15210,4.0,4.0,2.0,2.0,5.0,1.0,1.0,4.0,3.0,4.0,2.0,5.0,3.0,1.0,5.0,1.0,4.0,4.0,4.0,1.0,4,3,4,5,6,3,7,5,6,3,1,1,1,1,1,0,0,0,0,1,0,0,1,1,1,1,0,2,1,2,30,1,7,1,60,1,1,4
15211,1.0,3.0,4.0,4.0,5.0,5.0,4.0,3.0,5.0,4.0,1.0,1.0,2.0,1.0,3.0,4.0,3.0,2.0,4.0,1.0,6,7,5,5,6,5,7,3,6,2,1,1,0,1,1,0,0,0,0,1,0,0,1,1,1,1,2,3,2,1,19,1,6,1,60,1,1,4
15212,3.0,5.0,2.0,2.0,5.0,1.0,1.0,4.0,3.0,3.0,2.0,5.0,2.0,1.0,3.0,1.0,1.0,5.0,4.0,3.0,2,5,5,3,4,7,6,5,6,2,1,1,0,1,1,0,0,1,0,1,1,0,1,1,1,1,2,1,1,2,19,1,1,1,60,2,1,4
15213,1.0,1.0,5.0,3.0,2.0,4.0,3.0,1.0,5.0,5.0,1.0,2.0,2.0,3.0,1.0,3.0,2.0,1.0,5.0,3.0,2,5,5,6,6,6,6,5,5,3,1,1,0,1,1,0,0,0,0,1,0,0,1,1,1,1,3,2,2,1,25,1,2,1,60,1,2,4
15214,1.0,1.0,4.0,5.0,2.0,3.0,3.0,1.0,5.0,5.0,1.0,1.0,2.0,3.0,1.0,4.0,2.0,4.0,5.0,1.0,2,6,7,1,7,7,7,2,7,1,1,1,1,1,1,0,0,1,0,1,0,0,1,1,1,1,4,1,1,1,44,1,2,1,60,1,2,2
15215,5.0,4.0,2.0,2.0,4.0,2.0,1.0,5.0,3.0,1.0,1.0,5.0,5.0,1.0,3.0,1.0,4.0,5.0,4.0,5.0,6,2,5,4,7,2,6,5,5,1,1,1,1,1,1,0,0,0,0,1,0,0,1,1,1,1,3,1,1,2,28,1,4,1,60,1,1,2
15216,4.0,3.0,3.0,3.0,4.0,2.0,2.0,2.0,3.0,4.0,2.0,4.0,2.0,1.0,5.0,5.0,1.0,5.0,5.0,4.0,3,1,7,3,6,5,4,5,5,2,1,1,0,1,1,0,0,1,0,1,0,0,0,1,1,1,4,3,2,2,35,1,12,1,10,2,3,1
15217,1.0,5.0,5.0,4.0,5.0,1.0,5.0,4.0,5.0,5.0,1.0,5.0,1.0,5.0,4.0,1.0,4.0,5.0,5.0,1.0,7,5,5,2,7,2,7,2,6,1,0,0,0,0,1,0,0,0,0,1,0,0,0,0,0,1,3,3,1,2,47,1,2,1,60,1,1,1
15218,5.0,4.0,5.0,1.0,5.0,1.0,3.0,4.0,5.0,5.0,1.0,5.0,5.0,1.0,5.0,1.0,4.0,4.0,2.0,5.0,2,7,7,3,6,7,1,1,3,1,1,1,0,1,1,1,0,1,1,1,0,1,1,1,1,1,1,2,2,1,14,1,4,1,30,2,1,2
15219,1.0,4.0,2.0,1.0,5.0,4.0,1.0,4.0,4.0,4.0,2.0,5.0,2.0,3.0,1.0,4.0,3.0,1.0,5.0,1.0,6,4,4,5,7,1,4,1,3,1,1,1,0,1,1,0,0,1,0,1,0,0,0,1,1,1,2,2,1,2,20,1,1,1,10,2,1,0
15220,1.0,2.0,3.0,5.0,3.0,5.0,5.0,2.0,5.0,5.0,4.0,2.0,4.0,5.0,1.0,5.0,5.0,4.0,5.0,1.0,5,5,7,6,5,5,7,1,6,4,1,1,0,1,1,0,0,0,0,1,0,0,1,1,1,1,3,1,2,1,62,1,6,1,60,1,1,1
15221,5.0,4.0,4.0,2.0,5.0,1.0,2.0,5.0,3.0,1.0,1.0,4.0,4.0,1.0,5.0,1.0,2.0,4.0,5.0,1.0,3,3,3,2,7,2,5,3,2,3,1,1,1,1,1,0,1,1,1,1,1,1,1,1,1,1,4,1,2,1,29,1,1,1,60,1,2,2
15222,5.0,5.0,1.0,1.0,5.0,1.0,1.0,1.0,2.0,1.0,1.0,5.0,5.0,1.0,5.0,1.0,5.0,5.0,5.0,4.0,2,6,7,6,7,7,6,1,7,1,1,1,0,1,1,0,0,0,0,1,0,0,1,1,1,1,2,3,2,1,67,1,1,1,70,1,3,3
15223,4.0,5.0,4.0,2.0,4.0,2.0,3.0,4.0,3.0,2.0,2.0,4.0,5.0,2.0,5.0,4.0,3.0,5.0,5.0,2.0,6,4,6,4,7,2,7,3,4,6,1,1,0,1,1,0,1,0,0,1,0,0,1,1,1,1,2,2,2,2,18,1,4,1,60,2,1,2
15224,4.0,4.0,1.0,2.0,5.0,1.0,1.0,5.0,3.0,1.0,2.0,5.0,4.0,1.0,5.0,2.0,4.0,4.0,4.0,1.0,5,1,3,6,7,1,6,6,1,7,1,1,0,1,1,0,0,1,0,1,0,0,1,1,1,1,2,2,1,1,28,2,2,1,60,2,3,2
15225,5.0,4.0,5.0,2.0,5.0,4.0,3.0,5.0,4.0,2.0,1.0,5.0,5.0,3.0,4.0,1.0,4.0,5.0,5.0,5.0,6,2,5,3,7,5,7,6,6,2,1,1,1,1,1,0,0,0,0,1,0,0,1,1,1,1,4,2,2,2,28,1,8,1,10,1,1,2
15226,4.0,3.0,3.0,1.0,5.0,4.0,3.0,5.0,4.0,3.0,1.0,3.0,3.0,1.0,3.0,1.0,1.0,4.0,5.0,3.0,1,5,5,5,5,5,2,1,1,1,1,1,1,1,1,0,1,1,0,1,1,1,1,1,1,1,4,2,2,1,37,1,6,2,10,1,1,2
15227,1.0,3.0,3.0,1.0,5.0,1.0,4.0,4.0,5.0,4.0,1.0,5.0,1.0,1.0,5.0,1.0,2.0,5.0,5.0,1.0,3,7,6,6,7,5,1,2,3,2,1,1,1,1,1,1,0,1,0,1,0,1,1,1,1,1,2,2,2,1,18,1,2,1,60,2,1,1
15228,2.0,5.0,3.0,4.0,4.0,2.0,1.0,2.0,2.0,2.0,2.0,3.0,2.0,3.0,4.0,4.0,1.0,2.0,4.0,2.0,1,5,7,1,6,7,4,3,7,5,1,1,1,1,1,0,0,0,0,1,0,0,1,1,1,1,3,2,1,1,29,1,2,1,60,1,1,2
15229,4.0,1.0,1.0,2.0,4.0,1.0,1.0,4.0,3.0,2.0,1.0,5.0,2.0,2.0,4.0,1.0,1.0,5.0,5.0,1.0,2,7,6,5,5,6,3,3,3,2,1,1,1,1,1,0,1,1,0,1,1,0,1,1,1,1,2,1,1,2,19,1,2,1,60,2,1,0
15230,1.0,4.0,1.0,3.0,3.0,2.0,1.0,4.0,5.0,3.0,1.0,5.0,1.0,1.0,5.0,4.0,1.0,5.0,5.0,3.0,4,7,7,5,3,5,7,1,3,1,1,1,1,1,1,0,1,1,0,1,0,1,1,1,1,1,2,2,1,2,21,1,2,1,60,2,1,2
15231,4.0,5.0,3.0,1.0,4.0,1.0,1.0,1.0,5.0,2.0,1.0,2.0,5.0,3.0,2.0,1.0,1.0,5.0,5.0,3.0,2,2,3,3,2,7,6,4,6,5,1,0,0,1,1,0,0,0,0,1,0,0,0,0,1,1,2,3,1,2,19,1,2,1,10,2,1,2
15232,1.0,4.0,2.0,1.0,2.0,1.0,1.0,2.0,5.0,2.0,2.0,2.0,1.0,4.0,2.0,1.0,2.0,1.0,1.0,1.0,1,3,6,2,5,7,6,5,6,6,1,1,0,1,1,0,0,0,0,1,0,0,1,1,1,1,3,0,2,1,49,1,6,1,60,1,3,2
15233,2.0,4.0,4.0,4.0,5.0,2.0,1.0,5.0,3.0,5.0,1.0,4.0,2.0,1.0,4.0,1.0,1.0,3.0,5.0,5.0,5,5,3,4,5,3,5,3,5,3,1,1,0,1,1,0,1,0,0,1,1,0,1,1,1,1,3,2,1,1,27,1,4,1,10,1,1,1
15234,2.0,3.0,5.0,4.0,5.0,5.0,2.0,4.0,2.0,1.0,1.0,2.0,1.0,2.0,2.0,5.0,3.0,4.0,5.0,3.0,5,6,5,6,7,2,5,5,4,1,0,1,0,1,1,0,0,0,0,1,0,0,0,1,0,1,4,3,2,2,26,1,7,1,60,1,1,2
15235,2.0,1.0,2.0,4.0,5.0,1.0,1.0,4.0,4.0,3.0,4.0,4.0,2.0,2.0,4.0,1.0,1.0,4.0,4.0,1.0,5,6,5,5,5,6,6,6,5,1,1,0,0,0,0,0,0,0,0,0,0,0,0,0,1,1,2,3,1,1,23,2,12,1,60,2,1,6
15236,5.0,1.0,2.0,1.0,4.0,5.0,4.0,5.0,5.0,3.0,1.0,3.0,2.0,1.0,1.0,5.0,3.0,2.0,5.0,4.0,3,6,6,5,7,6,4,2,6,3,1,1,0,1,1,0,0,1,0,1,1,0,1,1,1,1,1,2,1,2,17,2,2,0,60,2,1,2
15237,4.0,4.0,1.0,4.0,4.0,1.0,1.0,5.0,4.0,4.0,2.0,4.0,4.0,2.0,5.0,1.0,1.0,2.0,3.0,1.0,2,6,4,5,6,5,5,5,3,2,1,1,0,1,1,0,0,0,0,1,1,0,1,1,1,1,3,2,1,1,26,1,2,1,60,1,1,3
15238,5.0,2.0,1.0,3.0,5.0,2.0,1.0,2.0,4.0,2.0,3.0,2.0,2.0,1.0,4.0,1.0,1.0,1.0,5.0,1.0,2,7,5,2,7,5,1,3,6,2,1,1,0,1,1,0,1,1,0,1,0,0,1,1,1,1,3,2,1,1,30,2,12,1,60,1,1,4
15239,2.0,3.0,2.0,1.0,2.0,2.0,2.0,4.0,1.0,4.0,1.0,4.0,1.0,1.0,3.0,2.0,3.0,3.0,5.0,2.0,3,6,6,5,4,1,5,1,3,1,1,1,0,1,1,0,1,0,0,1,0,0,0,1,1,1,4,2,1,2,26,1,10,1,70,2,2,1
15240,5.0,4.0,1.0,4.0,4.0,1.0,1.0,5.0,3.0,2.0,1.0,5.0,5.0,1.0,5.0,2.0,1.0,5.0,4.0,5.0,1,7,7,1,6,5,3,1,7,2,1,1,0,1,1,0,0,0,0,1,0,0,0,1,1,1,3,2,2,1,30,1,7,1,60,2,3,2
15241,3.0,3.0,2.0,5.0,3.0,1.0,1.0,4.0,5.0,3.0,3.0,5.0,2.0,1.0,5.0,1.0,1.0,1.0,5.0,1.0,2,4,3,5,6,7,7,5,3,2,1,1,1,1,1,0,0,0,0,1,0,0,1,1,1,1,0,3,1,1,32,1,2,1,60,1,1,3
15242,3.0,4.0,3.0,3.0,4.0,3.0,2.0,3.0,3.0,3.0,3.0,5.0,3.0,3.0,4.0,3.0,3.0,5.0,4.0,2.0,3,5,5,1,6,7,6,2,6,1,1,1,0,1,1,0,0,1,0,1,0,0,1,1,1,1,4,3,1,2,37,2,1,1,60,1,2,4
15243,4.0,5.0,3.0,1.0,5.0,4.0,1.0,5.0,2.0,2.0,1.0,5.0,5.0,1.0,4.0,2.0,1.0,5.0,3.0,2.0,3,7,6,7,7,5,6,1,3,1,1,1,0,1,1,0,0,0,0,1,0,0,0,1,1,1,3,3,1,2,23,1,10,2,70,2,1,2
15244,4.0,4.0,2.0,4.0,4.0,1.0,1.0,2.0,5.0,2.0,4.0,4.0,4.0,3.0,1.0,4.0,1.0,3.0,5.0,1.0,4,3,6,1,6,5,5,1,7,1,1,1,0,1,1,0,0,0,0,1,0,0,1,1,1,1,3,2,1,1,57,2,2,1,60,2,3,3
15245,5.0,4.0,1.0,3.0,5.0,1.0,1.0,5.0,4.0,4.0,1.0,5.0,5.0,2.0,3.0,1.0,1.0,2.0,5.0,4.0,7,4,3,1,7,1,2,7,4,2,1,1,1,1,1,0,1,0,0,1,0,1,1,1,1,1,4,1,1,1,58,1,7,1,60,1,2,3
15246,5.0,4.0,1.0,4.0,5.0,2.0,2.0,5.0,1.0,2.0,1.0,5.0,2.0,3.0,5.0,2.0,1.0,4.0,5.0,5.0,6,6,6,3,7,2,3,7,2,7,1,1,1,1,1,0,1,0,0,1,0,1,1,1,1,1,4,3,1,1,35,1,1,2,60,1,1,2
15247,2.0,4.0,1.0,4.0,1.0,2.0,1.0,4.0,4.0,1.0,1.0,4.0,1.0,1.0,4.0,2.0,1.0,1.0,5.0,2.0,6,7,4,7,5,4,7,6,2,5,1,1,0,1,1,0,0,0,0,1,0,0,1,1,1,1,3,2,2,1,33,1,4,1,70,1,2,4
15248,3.0,4.0,5.0,2.0,3.0,1.0,1.0,2.0,4.0,2.0,1.0,3.0,1.0,1.0,4.0,2.0,2.0,5.0,5.0,2.0,5,5,6,6,7,5,6,2,3,1,1,1,1,1,1,0,0,1,0,1,1,0,1,1,1,1,3,3,2,2,48,1,1,1,60,2,1,1
15249,1.0,1.0,3.0,3.0,1.0,1.0,1.0,5.0,5.0,4.0,1.0,4.0,2.0,3.0,4.0,1.0,1.0,5.0,3.0,1.0,2,6,7,4,6,7,2,1,7,2,1,1,0,1,1,0,1,1,0,1,0,1,1,1,1,1,4,2,1,1,25,1,6,1,60,1,1,1
15250,1.0,2.0,4.0,3.0,3.0,4.0,5.0,1.0,5.0,3.0,2.0,4.0,1.0,3.0,2.0,5.0,3.0,1.0,3.0,1.0,4,4,6,2,6,5,4,3,6,4,1,1,0,1,1,0,0,0,0,1,1,1,1,1,1,1,3,2,2,1,33,3,4,1,60,2,2,3
15251,2.0,2.0,3.0,4.0,4.0,5.0,2.0,1.0,5.0,3.0,2.0,4.0,4.0,2.0,1.0,5.0,4.0,1.0,5.0,1.0,3,1,6,3,5,2,7,1,7,5,1,1,0,1,1,0,0,0,0,1,0,0,1,0,1,1,3,3,1,1,25,2,5,1,60,2,2,3
15252,1.0,2.0,4.0,3.0,2.0,2.0,2.0,2.0,5.0,3.0,1.0,4.0,2.0,1.0,3.0,4.0,3.0,4.0,4.0,1.0,2,5,5,7,4,5,5,2,4,3,1,1,1,1,1,0,0,0,0,1,0,0,1,1,1,1,3,1,2,1,24,1,5,1,60,2,2,4
15253,1.0,1.0,5.0,4.0,1.0,5.0,5.0,1.0,5.0,5.0,4.0,1.0,1.0,5.0,2.0,5.0,2.0,1.0,5.0,1.0,5,5,7,4,6,6,7,1,7,2,1,1,0,1,1,1,1,0,0,1,0,0,1,1,1,1,3,3,1,1,31,3,8,2,60,1,2,2
15254,5.0,2.0,4.0,3.0,4.0,5.0,3.0,5.0,5.0,3.0,5.0,4.0,4.0,1.0,2.0,1.0,1.0,3.0,5.0,1.0,7,6,5,7,7,7,2,7,3,1,1,1,0,1,1,0,0,0,0,1,1,0,1,1,1,1,2,1,1,1,19,2,1,1,60,1,1,2
15255,3.0,4.0,1.0,1.0,4.0,2.0,1.0,5.0,4.0,2.0,5.0,5.0,5.0,2.0,5.0,1.0,1.0,4.0,1.0,1.0,5,6,7,3,5,3,2,2,3,2,1,1,0,1,1,0,0,0,1,1,0,0,1,1,1,1,2,1,1,1,23,1,2,1,60,2,1,2
15256,5.0,5.0,1.0,3.0,3.0,1.0,1.0,4.0,1.0,4.0,3.0,5.0,1.0,2.0,5.0,1.0,2.0,4.0,5.0,1.0,7,3,3,1,6,1,7,5,6,1,1,1,0,1,1,0,0,0,0,1,0,0,1,1,1,1,3,3,1,2,20,1,7,1,60,1,1,0
15257,5.0,4.0,5.0,3.0,5.0,5.0,5.0,4.0,5.0,5.0,3.0,5.0,3.0,5.0,5.0,5.0,1.0,5.0,5.0,4.0,6,6,6,6,6,5,6,5,6,1,1,1,0,1,1,1,0,0,0,1,0,0,1,1,1,1,4,2,1,1,33,1,12,1,60,2,1,0
15258,2.0,4.0,5.0,2.0,3.0,2.0,2.0,1.0,5.0,3.0,2.0,4.0,4.0,2.0,3.0,4.0,2.0,1.0,5.0,1.0,7,5,6,7,7,2,7,5,3,1,1,1,0,1,1,0,0,0,0,1,0,0,1,1,1,1,1,2,2,1,17,1,2,1,60,2,1,2
15259,5.0,4.0,1.0,1.0,5.0,1.0,1.0,4.0,1.0,1.0,2.0,4.0,3.0,2.0,4.0,1.0,1.0,4.0,5.0,3.0,6,5,7,2,5,4,5,2,7,5,1,1,0,1,1,0,0,0,0,1,0,0,1,1,1,1,4,1,1,2,21,1,1,1,60,1,1,3
15260,4.0,5.0,3.0,3.0,4.0,2.0,1.0,4.0,3.0,4.0,4.0,5.0,2.0,2.0,4.0,3.0,5.0,4.0,5.0,3.0,6,6,7,6,7,6,5,2,3,1,0,0,0,0,1,0,0,0,0,0,0,0,0,1,0,1,3,2,1,2,20,1,4,1,10,1,1,2
15261,4.0,5.0,4.0,1.0,4.0,2.0,1.0,5.0,5.0,1.0,1.0,5.0,2.0,1.0,4.0,1.0,4.0,3.0,2.0,4.0,6,6,2,1,7,5,6,6,6,2,1,1,0,1,1,0,1,1,0,1,1,0,1,1,1,1,4,3,1,2,31,1,4,1,60,1,1,2
15262,4.0,5.0,1.0,1.0,5.0,1.0,1.0,5.0,2.0,1.0,1.0,5.0,5.0,1.0,3.0,1.0,1.0,4.0,5.0,5.0,1,6,4,5,3,2,3,1,6,4,1,1,0,1,1,0,0,0,0,1,0,0,1,1,1,1,2,1,1,1,24,1,7,4,60,1,1,2
15263,1.0,2.0,4.0,3.0,4.0,4.0,2.0,1.0,5.0,5.0,2.0,4.0,1.0,2.0,4.0,1.0,2.0,4.0,5.0,1.0,7,1,6,5,7,1,7,2,3,1,1,1,1,1,1,0,1,1,0,1,1,1,1,1,1,1,3,2,2,1,43,1,1,1,60,1,2,3
15264,4.0,1.0,1.0,4.0,1.0,1.0,2.0,1.0,2.0,3.0,1.0,2.0,1.0,5.0,2.0,1.0,2.0,1.0,5.0,1.0,6,2,5,2,6,5,6,2,6,3,1,1,1,1,1,0,0,0,0,1,0,0,1,1,1,1,3,3,1,1,25,1,2,1,60,1,1,1
15265,5.0,5.0,1.0,1.0,4.0,1.0,1.0,5.0,1.0,1.0,1.0,5.0,4.0,1.0,5.0,1.0,4.0,5.0,5.0,2.0,6,5,7,2,7,6,4,1,7,2,1,1,1,1,1,0,1,1,0,1,0,0,1,1,1,1,4,2,1,2,25,1,8,1,70,1,1,2
15266,1.0,5.0,5.0,1.0,5.0,4.0,5.0,5.0,5.0,5.0,1.0,5.0,5.0,1.0,5.0,5.0,5.0,5.0,5.0,5.0,6,7,5,6,7,1,7,1,7,1,1,0,0,1,0,0,0,0,0,1,0,0,0,0,0,1,3,1,1,2,38,1,4,1,60,1,2,2
15267,2.0,2.0,4.0,2.0,4.0,4.0,2.0,2.0,5.0,4.0,2.0,1.0,1.0,1.0,4.0,1.0,5.0,4.0,2.0,1.0,2,6,3,6,5,7,5,6,5,3,1,1,0,1,1,0,0,1,0,0,0,0,1,1,1,1,3,2,1,2,37,1,1,1,60,1,1,4
15268,2.0,2.0,5.0,3.0,4.0,2.0,2.0,4.0,5.0,3.0,1.0,4.0,2.0,2.0,4.0,2.0,1.0,4.0,5.0,2.0,6,2,6,1,6,2,6,6,6,4,1,1,1,1,1,0,0,1,0,1,0,0,1,1,1,1,3,3,2,1,36,1,5,1,60,2,3,10
15269,5.0,5.0,1.0,1.0,4.0,1.0,1.0,5.0,2.0,1.0,1.0,5.0,4.0,2.0,4.0,1.0,2.0,4.0,5.0,3.0,3,7,6,1,6,7,3,4,7,5,1,1,0,1,1,0,0,0,0,1,0,0,1,1,1,1,2,3,2,2,20,1,4,3,30,1,1,1
15270,2.0,5.0,4.0,1.0,3.0,4.0,2.0,5.0,2.0,5.0,1.0,4.0,2.0,2.0,3.0,4.0,1.0,2.0,5.0,1.0,6,6,6,5,4,4,3,1,6,3,0,1,0,1,1,0,0,1,0,1,1,0,1,1,1,1,3,3,2,2,44,1,12,3,70,1,1,1
15271,1.0,2.0,4.0,4.0,3.0,4.0,1.0,2.0,5.0,5.0,2.0,2.0,2.0,3.0,2.0,2.0,3.0,4.0,4.0,1.0,6,5,4,4,7,5,6,6,6,2,1,1,1,1,1,0,0,0,0,1,0,0,1,1,1,1,2,1,1,2,20,1,2,2,60,1,1,4
15272,4.0,4.0,4.0,4.0,3.0,5.0,1.0,4.0,5.0,4.0,1.0,2.0,2.0,4.0,3.0,5.0,2.0,3.0,5.0,4.0,2,7,3,7,5,4,6,6,3,6,1,1,1,1,1,0,1,1,0,1,1,1,0,1,1,1,3,3,1,2,25,1,4,1,60,1,1,2
15273,2.0,4.0,4.0,2.0,4.0,5.0,4.0,4.0,5.0,4.0,2.0,4.0,2.0,3.0,1.0,4.0,1.0,5.0,5.0,4.0,2,2,5,7,7,7,7,2,3,1,1,1,1,1,0,0,0,1,0,1,0,0,0,1,1,1,4,2,2,2,25,1,2,1,60,1,1,2
15274,2.0,4.0,4.0,4.0,2.0,5.0,2.0,4.0,5.0,4.0,3.0,1.0,1.0,1.0,1.0,3.0,3.0,3.0,4.0,4.0,1,6,6,4,2,6,3,6,5,4,1,1,1,1,1,0,0,1,0,1,0,0,0,1,1,1,2,1,1,2,19,1,2,1,60,2,1,1
15275,1.0,1.0,5.0,5.0,1.0,4.0,5.0,1.0,5.0,5.0,1.0,2.0,1.0,3.0,1.0,5.0,3.0,4.0,5.0,1.0,4,5,7,5,6,4,6,2,6,2,1,1,0,1,1,0,1,1,0,1,1,0,1,1,1,1,3,2,2,2,48,2,12,1,60,2,3,3
15276,2.0,2.0,2.0,2.0,4.0,2.0,3.0,3.0,1.0,3.0,1.0,4.0,4.0,1.0,4.0,5.0,4.0,5.0,5.0,2.0,6,2,7,6,6,3,4,4,2,1,1,1,0,1,1,0,0,1,0,1,1,0,0,1,1,1,4,3,2,2,32,1,12,1,70,2,2,2
15277,4.0,5.0,3.0,2.0,4.0,1.0,1.0,5.0,3.0,1.0,1.0,3.0,2.0,1.0,4.0,2.0,2.0,5.0,5.0,1.0,3,1,7,5,5,6,7,1,3,2,1,1,0,1,1,0,0,0,1,1,0,0,1,1,1,1,4,2,1,1,26,1,11,1,10,1,1,3
15278,5.0,5.0,4.0,1.0,5.0,1.0,2.0,5.0,2.0,1.0,1.0,5.0,4.0,2.0,5.0,1.0,5.0,4.0,5.0,4.0,6,7,2,2,6,1,2,2,6,1,1,1,0,1,1,0,1,0,0,1,0,1,1,1,1,1,3,3,1,2,20,1,8,1,10,2,1,1
15279,5.0,3.0,5.0,1.0,3.0,1.0,4.0,5.0,4.0,4.0,2.0,5.0,3.0,2.0,4.0,1.0,1.0,3.0,5.0,2.0,2,6,5,3,5,7,4,2,6,3,1,1,0,1,1,0,0,1,0,1,0,0,0,1,1,1,3,2,1,2,36,1,1,4,10,1,2,4
15280,2.0,4.0,3.0,2.0,4.0,2.0,2.0,3.0,4.0,4.0,2.0,4.0,1.0,2.0,4.0,4.0,2.0,4.0,5.0,1.0,5,2,6,1,5,4,6,1,6,4,0,1,1,1,1,0,1,0,0,1,0,0,0,1,1,1,3,2,2,2,26,1,6,1,10,2,1,4
15281,4.0,4.0,4.0,2.0,5.0,2.0,2.0,5.0,3.0,3.0,1.0,4.0,3.0,1.0,4.0,2.0,3.0,2.0,5.0,5.0,5,6,5,6,5,5,6,2,3,1,1,0,0,1,0,0,0,0,0,1,0,0,0,0,1,1,3,3,2,2,20,1,3,1,10,2,1,2
15282,3.0,3.0,1.0,1.0,5.0,1.0,1.0,5.0,2.0,2.0,1.0,5.0,3.0,1.0,4.0,2.0,1.0,4.0,5.0,2.0,6,7,7,1,7,1,3,2,7,1,1,1,1,1,1,1,1,1,0,1,1,0,1,1,1,1,4,3,2,2,51,1,12,1,60,1,2,3
15283,2.0,5.0,3.0,5.0,4.0,2.0,2.0,1.0,3.0,1.0,1.0,4.0,1.0,2.0,4.0,2.0,2.0,5.0,5.0,1.0,3,5,5,4,7,7,6,2,7,4,1,1,1,1,1,1,0,1,0,1,0,0,1,1,1,1,3,2,2,2,27,1,1,1,60,2,1,3
15284,1.0,1.0,5.0,4.0,2.0,5.0,3.0,3.0,5.0,5.0,1.0,2.0,1.0,4.0,1.0,5.0,5.0,2.0,4.0,1.0,2,1,5,7,7,3,7,1,3,3,1,1,1,1,1,0,1,1,0,1,1,0,1,1,1,1,4,3,1,2,46,2,1,3,60,2,1,3
15285,3.0,2.0,1.0,1.0,4.0,2.0,4.0,5.0,5.0,4.0,2.0,5.0,4.0,1.0,3.0,2.0,5.0,4.0,5.0,1.0,7,5,7,4,7,1,4,2,3,4,1,1,0,1,1,0,0,1,0,1,0,0,0,1,1,1,3,3,2,2,20,1,8,1,10,2,1,2
15286,5.0,4.0,5.0,5.0,4.0,4.0,1.0,1.0,5.0,1.0,1.0,5.0,2.0,5.0,2.0,5.0,1.0,5.0,5.0,1.0,7,6,6,1,7,5,7,2,7,1,1,1,1,1,1,1,1,0,0,1,1,0,1,1,1,1,2,3,1,1,29,1,6,1,30,1,1,5
15287,4.0,4.0,4.0,4.0,4.0,2.0,2.0,5.0,4.0,2.0,2.0,2.0,2.0,2.0,2.0,2.0,2.0,4.0,4.0,4.0,3,5,3,5,7,6,6,6,5,3,1,1,0,1,1,1,0,0,0,1,0,0,1,1,1,1,3,2,2,1,23,1,7,2,10,2,1,3
15288,5.0,4.0,1.0,1.0,3.0,1.0,3.0,3.0,4.0,4.0,1.0,5.0,5.0,2.0,4.0,1.0,4.0,4.0,5.0,5.0,2,2,6,5,6,5,6,2,6,2,1,1,0,1,1,0,0,0,0,1,0,0,1,1,1,1,3,1,1,2,30,1,6,1,30,1,1,10
15289,3.0,5.0,3.0,3.0,5.0,1.0,1.0,2.0,2.0,1.0,1.0,5.0,4.0,1.0,5.0,2.0,1.0,4.0,5.0,3.0,2,6,3,5,5,7,5,4,2,3,1,1,0,1,1,0,0,0,0,1,0,0,1,1,1,1,4,3,1,2,25,1,2,1,70,1,1,2
15290,3.0,5.0,5.0,4.0,3.0,2.0,2.0,4.0,4.0,2.0,2.0,5.0,5.0,5.0,5.0,2.0,5.0,4.0,5.0,1.0,3,5,6,5,7,5,5,5,3,3,1,1,0,1,1,0,0,0,0,1,0,0,1,1,1,1,3,2,1,1,23,1,4,1,60,2,1,2
15291,4.0,5.0,1.0,1.0,5.0,1.0,1.0,5.0,2.0,1.0,1.0,5.0,5.0,1.0,5.0,1.0,5.0,5.0,5.0,5.0,5,7,1,1,7,5,7,5,7,1,1,1,0,1,1,0,0,0,0,1,0,1,0,0,1,1,3,3,2,2,21,1,2,1,60,2,1,2
15292,5.0,3.0,3.0,3.0,4.0,1.0,3.0,5.0,3.0,3.0,1.0,3.0,4.0,1.0,3.0,5.0,2.0,3.0,1.0,2.0,3,6,4,2,7,5,6,1,6,3,1,1,0,1,1,1,0,1,0,1,0,0,0,1,1,1,2,3,1,1,20,1,1,1,60,2,1,2
15293,4.0,1.0,1.0,5.0,1.0,3.0,1.0,2.0,3.0,5.0,1.0,5.0,1.0,1.0,5.0,4.0,1.0,5.0,5.0,1.0,3,4,4,6,3,6,6,6,6,1,1,1,0,1,1,0,0,0,0,1,0,0,1,1,1,1,2,2,1,1,23,1,4,1,60,1,1,1
15294,5.0,5.0,1.0,2.0,2.0,2.0,1.0,2.0,3.0,1.0,1.0,4.0,1.0,2.0,4.0,1.0,2.0,4.0,5.0,2.0,6,2,1,1,7,3,6,6,7,1,1,1,1,1,1,0,0,0,0,1,1,1,1,1,1,1,3,2,1,2,44,1,12,1,60,1,1,1
15295,5.0,5.0,2.0,1.0,5.0,2.0,1.0,4.0,3.0,1.0,1.0,2.0,5.0,1.0,5.0,2.0,1.0,4.0,5.0,5.0,5,4,7,2,5,5,1,4,6,2,1,1,0,1,1,1,1,1,0,1,1,1,0,1,1,1,2,1,1,1,18,2,2,2,60,2,1,4
15296,4.0,3.0,3.0,3.0,2.0,3.0,1.0,2.0,4.0,2.0,2.0,2.0,1.0,2.0,3.0,1.0,3.0,3.0,5.0,3.0,2,6,4,6,5,5,4,5,4,1,1,1,0,1,1,0,0,1,0,1,0,0,1,1,1,1,3,3,1,2,27,1,7,1,60,1,1,1
15297,5.0,5.0,1.0,1.0,5.0,1.0,1.0,5.0,1.0,1.0,1.0,5.0,5.0,1.0,5.0,5.0,1.0,5.0,5.0,3.0,7,5,6,2,6,2,5,6,6,1,1,1,0,1,0,0,0,0,0,1,0,0,0,0,1,1,3,3,1,2,20,1,10,1,20,1,1,2
15298,4.0,4.0,2.0,1.0,4.0,1.0,1.0,4.0,4.0,1.0,1.0,5.0,4.0,1.0,4.0,1.0,1.0,4.0,5.0,1.0,2,1,7,1,6,6,2,2,7,6,1,1,1,1,1,0,1,1,0,1,1,0,1,1,1,1,3,1,1,1,38,3,7,1,60,1,2,6
15299,1.0,1.0,4.0,5.0,1.0,2.0,4.0,1.0,5.0,4.0,1.0,1.0,1.0,5.0,2.0,2.0,2.0,1.0,5.0,1.0,5,3,6,7,3,3,6,5,3,2,1,1,1,1,0,0,0,0,0,1,0,0,0,0,1,1,3,3,2,2,34,1,2,5,60,1,1,3
15300,4.0,5.0,2.0,3.0,5.0,1.0,1.0,2.0,5.0,3.0,1.0,4.0,1.0,1.0,4.0,1.0,1.0,4.0,5.0,1.0,2,5,4,6,7,6,7,7,4,2,1,1,1,1,1,0,1,1,0,1,1,1,1,1,1,1,2,3,2,1,29,1,2,2,30,1,1,1
15301,5.0,5.0,4.0,1.0,5.0,1.0,5.0,5.0,1.0,5.0,1.0,1.0,5.0,1.0,5.0,1.0,5.0,5.0,5.0,4.0,6,5,7,4,5,5,7,7,1,1,0,1,1,0,0,1,0,0,1,1,0,0,1,0,0,1,0,1,1,2,18,0,4,1,60,2,1,2
15302,1.0,4.0,3.0,2.0,4.0,1.0,1.0,4.0,5.0,4.0,1.0,5.0,1.0,1.0,1.0,1.0,1.0,5.0,1.0,5.0,1,6,5,1,7,6,1,5,2,1,1,1,1,1,1,0,0,1,0,1,0,0,1,1,1,1,2,3,1,2,19,1,7,1,60,2,1,1
15303,1.0,1.0,1.0,5.0,1.0,2.0,1.0,1.0,5.0,5.0,1.0,1.0,1.0,1.0,1.0,2.0,2.0,3.0,5.0,3.0,4,6,5,5,7,4,6,2,1,1,1,1,1,1,1,0,1,1,0,1,1,0,1,1,1,1,3,1,2,1,53,1,2,1,60,1,2,4
15304,2.0,4.0,1.0,4.0,2.0,1.0,1.0,2.0,4.0,1.0,2.0,5.0,4.0,1.0,5.0,1.0,2.0,5.0,5.0,4.0,1,6,3,6,5,6,3,3,6,2,1,1,0,1,1,0,0,0,0,1,0,0,1,1,1,1,3,1,1,1,23,2,2,1,60,1,1,1
15305,4.0,5.0,5.0,2.0,5.0,1.0,1.0,4.0,5.0,2.0,1.0,4.0,2.0,1.0,5.0,2.0,1.0,5.0,5.0,1.0,3,2,6,5,6,6,6,2,6,4,1,1,1,1,1,0,0,1,1,1,0,1,1,1,1,1,3,3,2,1,27,1,4,1,60,1,1,1
15306,5.0,5.0,1.0,1.0,5.0,1.0,5.0,5.0,1.0,5.0,1.0,5.0,5.0,1.0,3.0,1.0,1.0,5.0,5.0,5.0,7,7,7,7,6,2,6,1,2,2,0,0,1,0,0,1,1,1,0,1,0,0,0,1,0,1,2,1,1,2,18,1,4,1,60,2,1,2
15307,5.0,5.0,2.0,2.0,2.0,2.0,1.0,2.0,5.0,2.0,1.0,5.0,4.0,3.0,4.0,4.0,1.0,5.0,5.0,1.0,5,5,6,1,7,7,5,1,6,2,1,0,0,1,1,0,0,0,0,1,0,0,0,1,1,1,2,3,3,2,17,1,4,2,10,2,1,2
15308,5.0,5.0,2.0,1.0,5.0,2.0,1.0,5.0,3.0,2.0,1.0,5.0,5.0,1.0,4.0,1.0,1.0,5.0,5.0,5.0,2,6,7,7,6,6,2,2,6,1,1,1,1,1,1,0,0,1,0,1,0,0,1,1,1,1,3,3,3,2,28,1,1,4,60,1,1,1
15309,5.0,5.0,4.0,1.0,5.0,2.0,1.0,5.0,3.0,2.0,1.0,5.0,3.0,1.0,5.0,2.0,1.0,5.0,5.0,3.0,2,7,5,7,7,5,1,6,1,5,1,1,0,1,1,0,0,0,0,1,0,0,1,1,1,1,2,2,2,1,19,1,7,2,70,1,1,2
15310,4.0,4.0,4.0,1.0,2.0,1.0,1.0,2.0,4.0,2.0,1.0,5.0,5.0,1.0,1.0,3.0,1.0,5.0,5.0,4.0,2,6,3,7,3,7,5,3,3,3,1,1,0,1,1,0,0,1,0,1,0,0,1,1,1,1,3,2,1,2,23,2,4,1,60,1,1,4
15311,5.0,5.0,1.0,4.0,5.0,1.0,1.0,5.0,2.0,1.0,1.0,5.0,5.0,1.0,5.0,5.0,1.0,4.0,1.0,1.0,4,7,7,1,7,4,6,1,7,1,0,1,1,1,1,1,1,0,1,1,1,1,1,1,1,1,4,3,1,2,29,3,10,1,70,1,1,2
15312,2.0,2.0,4.0,3.0,3.0,3.0,2.0,2.0,5.0,3.0,2.0,5.0,2.0,4.0,3.0,4.0,3.0,4.0,4.0,1.0,2,5,6,6,5,6,5,2,4,2,1,1,1,1,1,0,1,1,0,1,1,1,1,1,1,1,4,2,2,1,28,1,12,1,60,1,2,3
15313,4.0,5.0,4.0,1.0,5.0,1.0,1.0,2.0,2.0,1.0,1.0,5.0,5.0,1.0,5.0,3.0,1.0,4.0,3.0,5.0,5,5,7,1,7,1,3,3,5,2,1,1,0,1,1,0,0,0,0,1,1,0,1,1,1,1,3,2,1,1,18,1,1,1,60,1,1,2
15314,2.0,2.0,1.0,2.0,4.0,1.0,1.0,1.0,4.0,5.0,1.0,5.0,1.0,2.0,4.0,1.0,1.0,4.0,5.0,4.0,2,5,3,2,7,5,6,3,4,5,1,1,1,1,1,1,1,0,0,1,1,0,1,1,1,1,3,1,1,1,58,1,2,2,60,1,2,2
15315,1.0,1.0,1.0,4.0,1.0,1.0,1.0,1.0,5.0,4.0,1.0,1.0,2.0,4.0,1.0,4.0,2.0,1.0,1.0,1.0,2,1,2,1,6,5,7,5,7,1,1,1,1,1,1,0,1,1,0,1,1,0,1,1,1,1,4,2,2,1,60,1,12,1,60,1,2,3
15316,4.0,4.0,2.0,3.0,5.0,3.0,2.0,1.0,4.0,4.0,3.0,5.0,5.0,3.0,3.0,1.0,3.0,4.0,5.0,5.0,5,7,3,1,4,3,1,5,7,3,1,1,0,1,1,0,0,0,0,1,0,0,1,1,1,1,2,1,1,1,18,1,7,1,60,2,1,3
15317,4.0,3.0,2.0,4.0,2.0,2.0,2.0,2.0,5.0,4.0,2.0,2.0,2.0,2.0,3.0,4.0,4.0,2.0,5.0,2.0,7,2,6,3,3,5,6,2,6,5,1,1,0,1,0,0,0,0,0,1,0,0,1,1,1,1,2,1,1,1,51,1,6,1,60,1,2,4
15318,3.0,5.0,4.0,1.0,5.0,1.0,1.0,5.0,4.0,3.0,1.0,5.0,5.0,1.0,4.0,1.0,1.0,5.0,5.0,5.0,1,7,3,7,5,4,1,3,1,6,1,0,0,1,1,0,0,0,0,1,0,0,0,1,1,1,1,1,2,1,14,1,7,1,60,2,1,4
15319,5.0,4.0,2.0,2.0,5.0,1.0,1.0,5.0,2.0,1.0,1.0,4.0,4.0,1.0,4.0,4.0,1.0,5.0,5.0,1.0,2,6,4,2,7,2,3,2,6,1,1,1,1,1,1,0,0,0,0,1,0,0,1,1,1,1,4,3,1,1,36,1,4,2,70,2,3,3
15320,5.0,5.0,4.0,1.0,2.0,2.0,1.0,4.0,2.0,4.0,1.0,5.0,5.0,1.0,3.0,1.0,1.0,5.0,5.0,5.0,5,6,4,2,6,7,2,4,7,2,1,1,1,1,1,0,1,1,0,1,0,0,0,1,1,1,2,1,2,2,29,1,2,4,60,2,1,2
15321,5.0,4.0,5.0,2.0,4.0,4.0,2.0,3.0,2.0,5.0,2.0,5.0,3.0,2.0,4.0,5.0,3.0,1.0,5.0,1.0,2,5,5,5,5,6,4,5,3,1,1,1,0,1,1,0,0,0,0,1,0,0,0,1,1,1,3,1,1,1,22,1,6,1,30,2,1,3
15322,5.0,1.0,5.0,1.0,5.0,1.0,1.0,2.0,1.0,1.0,1.0,5.0,5.0,1.0,5.0,5.0,5.0,5.0,5.0,1.0,7,7,7,1,7,6,1,1,7,1,1,1,1,1,1,0,1,1,1,1,1,0,1,1,1,1,3,2,1,2,21,1,11,1,10,1,1,0
15323,5.0,4.0,1.0,1.0,5.0,1.0,1.0,5.0,1.0,1.0,1.0,5.0,5.0,1.0,5.0,1.0,1.0,5.0,5.0,5.0,7,3,7,1,7,5,6,2,7,1,0,1,0,0,1,0,0,0,0,1,0,0,0,0,1,0,2,1,1,1,23,1,6,1,60,2,1,3
15324,2.0,5.0,5.0,5.0,4.0,1.0,3.0,4.0,5.0,4.0,1.0,5.0,5.0,1.0,1.0,1.0,1.0,5.0,5.0,1.0,3,3,7,3,6,6,7,3,4,5,1,1,0,1,1,0,0,0,0,1,0,0,1,1,1,1,4,3,1,1,33,1,8,1,10,1,1,2
15325,5.0,5.0,1.0,1.0,4.0,1.0,1.0,4.0,3.0,2.0,1.0,4.0,4.0,3.0,2.0,2.0,2.0,4.0,5.0,2.0,3,5,6,2,5,7,2,4,4,5,1,1,0,1,1,0,0,0,0,1,0,0,0,1,1,1,3,3,1,1,20,1,1,1,70,1,1,0
15326,4.0,3.0,5.0,2.0,3.0,2.0,1.0,5.0,3.0,2.0,1.0,4.0,1.0,1.0,3.0,2.0,2.0,5.0,5.0,4.0,1,1,6,4,5,7,5,5,6,6,1,1,0,1,1,0,0,0,0,1,0,0,1,1,1,1,3,3,1,1,40,1,2,1,60,2,2,2
15327,5.0,5.0,1.0,1.0,5.0,1.0,1.0,5.0,1.0,1.0,1.0,5.0,5.0,1.0,5.0,1.0,1.0,5.0,5.0,3.0,4,1,7,1,7,4,1,1,7,5,1,1,0,1,1,0,0,1,0,1,0,0,1,1,1,1,3,1,1,1,26,1,1,1,60,2,1,1
15328,5.0,5.0,3.0,1.0,4.0,2.0,2.0,5.0,2.0,2.0,2.0,5.0,2.0,1.0,5.0,4.0,5.0,4.0,5.0,4.0,4,3,7,1,7,7,5,1,6,1,1,1,1,1,1,1,1,1,1,1,1,1,1,0,1,1,2,2,1,2,20,2,1,1,70,2,1,2
15329,2.0,5.0,1.0,1.0,3.0,2.0,1.0,2.0,1.0,4.0,1.0,4.0,3.0,2.0,4.0,1.0,3.0,4.0,4.0,5.0,7,6,6,6,7,2,2,4,3,1,1,1,0,1,1,0,0,0,0,1,0,0,0,1,1,1,3,2,1,1,29,1,2,1,60,1,1,2
15330,1.0,2.0,4.0,4.0,1.0,4.0,4.0,2.0,5.0,5.0,2.0,4.0,1.0,3.0,1.0,4.0,3.0,3.0,4.0,1.0,2,3,4,7,5,6,5,4,1,2,1,1,0,1,1,0,1,1,0,1,0,0,1,1,1,1,4,3,1,1,55,1,1,3,60,1,1,2
15331,5.0,5.0,4.0,4.0,4.0,4.0,2.0,1.0,5.0,4.0,1.0,5.0,1.0,1.0,1.0,5.0,5.0,5.0,5.0,1.0,6,2,7,7,5,5,7,5,5,4,0,1,0,1,1,0,0,0,0,1,0,0,0,1,1,1,3,1,2,1,21,1,12,0,60,2,1,2
15332,5.0,5.0,2.0,4.0,4.0,2.0,1.0,2.0,2.0,2.0,1.0,5.0,3.0,1.0,5.0,1.0,1.0,1.0,4.0,2.0,5,7,7,7,2,1,5,1,7,4,1,1,0,1,1,0,1,0,0,1,0,0,1,1,1,1,2,2,1,1,18,1,4,1,60,1,1,2
15333,4.0,2.0,3.0,2.0,5.0,3.0,4.0,3.0,4.0,3.0,2.0,5.0,2.0,1.0,4.0,4.0,1.0,3.0,4.0,1.0,3,1,5,5,6,5,6,5,7,1,1,1,0,1,1,0,1,0,0,1,0,1,0,1,1,1,2,3,2,1,23,1,7,1,30,1,1,2
15334,4.0,2.0,4.0,4.0,2.0,2.0,1.0,1.0,5.0,3.0,1.0,5.0,3.0,3.0,1.0,2.0,4.0,5.0,5.0,3.0,2,4,4,5,7,6,6,5,4,2,1,1,1,1,1,0,0,0,0,1,0,0,1,1,1,1,3,2,1,1,28,1,2,2,60,1,1,2
15335,5.0,4.0,4.0,3.0,5.0,4.0,4.0,4.0,5.0,2.0,2.0,4.0,4.0,4.0,2.0,1.0,2.0,5.0,1.0,5.0,3,1,6,1,5,7,7,2,7,5,1,1,0,1,1,1,0,1,0,1,0,1,1,1,1,1,3,2,1,2,22,1,6,1,30,1,1,2
15336,3.0,2.0,2.0,5.0,4.0,4.0,2.0,1.0,2.0,4.0,2.0,4.0,2.0,2.0,4.0,1.0,2.0,4.0,3.0,2.0,5,5,4,5,6,5,3,5,4,6,1,1,0,1,1,0,0,0,0,1,0,0,1,1,1,1,3,2,1,1,21,1,1,1,10,1,1,3
15337,4.0,5.0,1.0,4.0,5.0,4.0,2.0,2.0,4.0,5.0,2.0,4.0,5.0,4.0,5.0,4.0,4.0,4.0,5.0,2.0,5,5,6,5,5,3,4,5,5,4,1,1,0,1,1,0,1,0,0,1,0,0,1,1,0,1,2,2,1,1,17,1,4,1,10,2,1,2
15338,4.0,4.0,2.0,2.0,5.0,2.0,1.0,5.0,3.0,3.0,1.0,5.0,2.0,1.0,5.0,2.0,2.0,3.0,5.0,5.0,5,6,4,6,6,5,6,7,1,6,1,1,0,1,0,0,0,1,0,1,1,0,0,0,1,1,2,3,2,2,21,1,1,1,60,2,1,1
15339,1.0,4.0,5.0,4.0,5.0,4.0,5.0,5.0,5.0,2.0,1.0,4.0,1.0,2.0,3.0,2.0,3.0,5.0,5.0,1.0,2,3,4,7,6,4,7,6,4,2,1,1,0,1,1,0,0,0,0,1,0,0,0,1,1,1,3,3,2,1,29,1,3,1,10,2,1,2
15340,2.0,2.0,4.0,4.0,4.0,2.0,2.0,2.0,5.0,3.0,2.0,4.0,3.0,2.0,4.0,4.0,1.0,2.0,5.0,1.0,3,2,4,2,5,5,7,6,6,2,1,1,0,1,1,0,0,1,0,1,1,0,0,0,1,1,4,3,1,2,27,2,4,3,60,2,1,3
15341,1.0,1.0,5.0,5.0,4.0,3.0,4.0,4.0,5.0,3.0,2.0,1.0,1.0,2.0,4.0,2.0,3.0,3.0,5.0,3.0,5,6,1,6,7,6,7,6,2,2,1,1,1,0,1,1,0,1,0,1,0,1,1,1,1,1,3,3,2,1,24,1,1,2,70,1,1,4
15342,4.0,5.0,3.0,5.0,1.0,2.0,2.0,5.0,2.0,4.0,1.0,4.0,1.0,1.0,1.0,3.0,1.0,4.0,1.0,5.0,5,5,4,4,6,7,2,2,4,4,1,1,1,1,1,0,1,0,0,1,0,1,1,1,1,1,4,3,1,2,27,1,4,1,60,2,1,3
15343,4.0,5.0,2.0,3.0,5.0,1.0,1.0,4.0,2.0,1.0,1.0,5.0,5.0,1.0,4.0,2.0,2.0,4.0,5.0,1.0,3,5,7,4,2,5,5,2,6,2,1,1,1,1,1,0,1,1,0,1,1,0,1,1,1,1,3,2,1,2,21,1,4,3,60,1,1,2
15344,5.0,3.0,5.0,5.0,1.0,5.0,5.0,1.0,5.0,5.0,5.0,1.0,1.0,5.0,3.0,5.0,1.0,4.0,1.0,1.0,7,1,7,2,6,1,5,1,7,1,1,0,0,1,1,0,0,0,0,1,0,0,0,0,0,0,4,3,2,2,26,1,8,1,10,1,1,0
15345,1.0,4.0,1.0,2.0,5.0,2.0,1.0,2.0,4.0,4.0,2.0,2.0,1.0,2.0,4.0,4.0,4.0,4.0,5.0,1.0,6,6,6,2,5,1,7,3,2,5,0,1,1,1,1,1,0,0,0,1,0,0,1,1,1,1,4,2,2,2,23,1,1,1,60,1,1,1
15346,3.0,4.0,4.0,4.0,4.0,2.0,2.0,2.0,5.0,2.0,3.0,4.0,1.0,1.0,3.0,1.0,5.0,4.0,5.0,1.0,1,7,4,2,6,6,5,1,2,1,1,1,1,1,1,0,1,0,0,1,1,0,1,1,1,1,3,3,2,2,33,1,12,1,60,1,1,1
15347,5.0,5.0,1.0,1.0,5.0,5.0,1.0,5.0,1.0,1.0,1.0,5.0,5.0,1.0,5.0,1.0,1.0,5.0,5.0,5.0,2,6,7,2,7,7,6,1,6,1,1,1,1,1,1,0,1,1,0,1,1,0,1,1,1,1,2,0,1,1,54,1,2,1,60,1,3,4
15348,2.0,4.0,2.0,4.0,3.0,1.0,1.0,1.0,4.0,3.0,3.0,4.0,5.0,5.0,2.0,1.0,2.0,1.0,4.0,1.0,5,4,7,6,7,5,6,5,6,1,1,1,1,1,1,0,1,1,0,1,0,0,1,1,1,1,3,2,2,2,20,1,8,1,10,2,1,2
15349,1.0,1.0,5.0,5.0,1.0,5.0,5.0,1.0,5.0,5.0,3.0,1.0,1.0,5.0,1.0,5.0,5.0,1.0,1.0,1.0,6,1,7,4,7,4,7,1,6,1,1,1,0,1,1,1,0,0,0,1,0,0,0,1,1,1,3,3,2,1,54,1,4,1,60,2,3,6
15350,5.0,5.0,5.0,5.0,5.0,5.0,5.0,4.0,5.0,5.0,2.0,1.0,1.0,4.0,1.0,5.0,1.0,2.0,5.0,3.0,7,1,6,2,7,5,6,2,6,4,0,0,0,0,0,0,0,0,0,0,0,0,0,0,0,0,4,3,1,2,57,1,8,5,10,2,2,4
15351,5.0,5.0,5.0,3.0,2.0,2.0,1.0,1.0,5.0,2.0,2.0,2.0,1.0,1.0,1.0,1.0,2.0,2.0,5.0,1.0,1,5,4,7,7,7,7,1,2,6,1,1,1,1,1,0,1,0,0,1,1,0,1,1,1,1,3,2,1,1,46,1,12,1,60,1,1,1
15352,4.0,5.0,3.0,4.0,2.0,5.0,2.0,2.0,5.0,3.0,2.0,5.0,2.0,2.0,4.0,4.0,5.0,5.0,5.0,2.0,6,5,5,1,6,3,6,4,2,2,1,1,1,1,1,1,0,0,0,1,0,1,1,1,1,1,4,3,3,1,26,1,2,4,60,1,1,6
15353,5.0,2.0,2.0,2.0,4.0,4.0,2.0,4.0,4.0,3.0,2.0,5.0,4.0,1.0,2.0,1.0,3.0,5.0,5.0,1.0,6,2,7,5,7,4,6,6,5,1,1,1,1,1,1,0,0,1,0,1,1,0,1,1,1,1,3,1,2,2,23,1,2,1,60,1,1,3
15354,5.0,4.0,2.0,2.0,3.0,1.0,1.0,1.0,1.0,1.0,2.0,5.0,2.0,1.0,4.0,1.0,3.0,4.0,5.0,1.0,3,7,5,3,6,7,6,1,7,1,1,1,0,1,1,0,1,1,0,1,0,0,1,1,1,1,2,3,1,2,19,1,1,1,70,2,1,2
15355,1.0,3.0,2.0,2.0,4.0,3.0,5.0,5.0,5.0,4.0,1.0,4.0,1.0,1.0,1.0,1.0,2.0,1.0,3.0,1.0,2,6,7,3,5,6,5,1,4,3,1,0,0,1,1,0,0,0,0,1,0,0,1,1,1,1,4,3,2,2,35,1,4,1,60,1,1,2
15356,2.0,2.0,2.0,2.0,2.0,4.0,1.0,4.0,3.0,1.0,2.0,4.0,4.0,3.0,4.0,2.0,1.0,4.0,5.0,1.0,6,6,5,3,5,1,3,2,6,2,1,1,0,1,1,1,0,1,1,1,0,0,1,1,1,1,2,2,1,1,20,1,12,1,60,2,1,2
15357,3.0,1.0,4.0,2.0,3.0,2.0,3.0,4.0,4.0,4.0,2.0,5.0,5.0,3.0,5.0,5.0,1.0,4.0,3.0,3.0,4,3,6,5,5,2,6,5,7,3,1,0,0,0,0,0,0,0,0,1,0,0,0,1,1,1,1,3,2,1,15,1,7,2,30,2,1,4
15358,1.0,2.0,4.0,3.0,2.0,5.0,5.0,1.0,5.0,5.0,5.0,1.0,1.0,3.0,3.0,4.0,4.0,4.0,5.0,1.0,4,1,6,6,7,7,7,5,6,1,1,1,0,1,1,0,0,1,0,0,0,0,0,1,1,1,2,1,1,1,20,1,12,1,60,2,1,2
15359,5.0,5.0,2.0,2.0,5.0,2.0,1.0,1.0,5.0,1.0,2.0,5.0,1.0,2.0,5.0,1.0,2.0,5.0,2.0,4.0,1,1,6,7,6,7,7,7,6,1,1,1,1,1,1,0,1,1,0,1,0,0,1,1,1,1,4,2,1,1,46,1,4,1,60,1,2,1
15360,2.0,5.0,5.0,4.0,4.0,2.0,2.0,1.0,3.0,1.0,1.0,4.0,3.0,1.0,5.0,5.0,1.0,5.0,1.0,1.0,7,6,7,1,6,2,6,5,6,1,1,1,0,1,1,0,0,0,0,1,0,0,0,1,1,1,3,2,2,2,31,1,4,1,60,1,2,1
15361,2.0,2.0,5.0,3.0,4.0,3.0,3.0,3.0,5.0,5.0,2.0,4.0,2.0,4.0,2.0,4.0,2.0,3.0,5.0,3.0,5,2,5,2,6,6,6,2,6,5,1,1,0,1,0,0,1,1,0,1,1,0,1,1,1,1,4,3,1,2,28,1,8,2,10,2,1,1
15362,1.0,1.0,4.0,4.0,1.0,5.0,4.0,2.0,5.0,5.0,1.0,2.0,1.0,2.0,4.0,5.0,4.0,1.0,4.0,1.0,6,7,7,2,7,5,6,1,6,1,1,1,1,1,1,1,1,1,1,1,1,1,1,1,1,1,3,3,1,1,29,1,7,1,60,1,1,2
15363,1.0,2.0,5.0,4.0,2.0,5.0,5.0,4.0,5.0,2.0,2.0,4.0,1.0,1.0,4.0,4.0,4.0,3.0,3.0,4.0,1,1,7,4,5,2,6,1,5,5,1,1,1,1,1,0,0,0,0,1,0,0,1,1,1,1,4,1,2,1,65,2,6,1,60,1,2,2
15364,5.0,4.0,2.0,2.0,4.0,4.0,2.0,4.0,4.0,2.0,1.0,4.0,2.0,1.0,4.0,1.0,1.0,5.0,5.0,2.0,2,2,1,2,7,2,5,5,3,5,1,1,1,1,1,0,1,1,0,1,1,0,1,1,1,1,3,2,1,1,36,1,2,1,60,1,1,2
15365,5.0,5.0,1.0,1.0,5.0,1.0,1.0,5.0,1.0,1.0,1.0,5.0,5.0,5.0,5.0,1.0,1.0,5.0,5.0,5.0,3,5,5,5,7,6,5,5,7,1,0,1,0,0,0,0,0,0,0,0,0,0,1,1,0,1,2,3,1,2,25,2,1,1,10,2,1,1
15366,1.0,1.0,5.0,5.0,1.0,4.0,5.0,1.0,5.0,5.0,3.0,1.0,1.0,4.0,1.0,5.0,1.0,1.0,5.0,1.0,2,1,5,1,7,6,7,6,7,1,1,1,1,1,1,0,0,1,0,1,0,1,1,1,1,1,3,1,2,1,43,1,2,1,60,2,3,3
15367,5.0,5.0,1.0,1.0,5.0,1.0,1.0,4.0,1.0,1.0,1.0,5.0,5.0,4.0,5.0,2.0,1.0,5.0,5.0,4.0,6,7,6,2,6,1,4,7,4,1,0,1,0,1,0,0,0,0,0,1,0,0,0,1,1,1,3,2,1,2,20,1,1,1,60,2,1,2
15368,3.0,2.0,3.0,5.0,1.0,5.0,5.0,1.0,5.0,5.0,1.0,4.0,1.0,1.0,2.0,4.0,3.0,4.0,5.0,1.0,5,1,6,2,4,3,6,2,7,1,1,1,0,1,1,0,0,1,0,1,0,0,0,1,1,1,2,1,2,1,20,2,12,1,60,1,1,2
15369,5.0,3.0,3.0,1.0,4.0,5.0,5.0,5.0,5.0,3.0,1.0,5.0,5.0,1.0,3.0,1.0,1.0,4.0,4.0,1.0,2,6,7,6,6,7,3,2,6,5,1,1,1,1,1,0,0,1,0,1,1,1,1,1,1,1,3,2,2,1,38,1,2,1,60,1,1,2
15370,5.0,4.0,3.0,3.0,5.0,3.0,2.0,3.0,3.0,3.0,2.0,3.0,4.0,3.0,5.0,3.0,3.0,3.0,4.0,2.0,2,5,4,5,6,7,7,3,4,4,1,1,0,1,1,0,0,0,0,1,0,0,1,1,1,1,3,2,1,1,22,1,1,2,60,1,1,2
15371,1.0,3.0,3.0,2.0,5.0,3.0,2.0,5.0,5.0,4.0,3.0,3.0,1.0,3.0,3.0,4.0,2.0,5.0,5.0,1.0,5,3,2,7,6,6,5,6,5,5,1,1,0,1,1,0,1,0,1,1,0,0,1,1,1,1,3,1,2,2,26,2,4,3,60,1,1,1
15372,1.0,1.0,3.0,4.0,4.0,1.0,2.0,2.0,5.0,5.0,2.0,2.0,1.0,1.0,4.0,5.0,4.0,4.0,4.0,1.0,5,2,2,1,5,5,6,5,6,3,1,1,0,1,1,0,0,0,0,1,0,0,0,1,1,1,1,3,1,2,18,1,7,1,60,1,1,3
15373,5.0,5.0,1.0,1.0,1.0,1.0,1.0,5.0,1.0,1.0,1.0,5.0,5.0,1.0,5.0,5.0,1.0,5.0,5.0,5.0,3,6,6,6,6,6,5,2,3,5,1,1,0,1,1,0,0,0,0,1,0,0,1,0,1,1,1,2,1,1,16,1,1,1,60,2,1,3
15374,4.0,4.0,2.0,2.0,4.0,1.0,1.0,3.0,2.0,3.0,1.0,3.0,5.0,1.0,3.0,3.0,3.0,4.0,5.0,4.0,5,2,6,2,4,5,5,2,7,3,1,0,0,1,0,0,0,0,0,1,0,0,0,0,1,1,1,3,1,2,14,1,1,1,60,2,1,0
15375,4.0,4.0,2.0,4.0,3.0,2.0,2.0,1.0,2.0,1.0,1.0,1.0,3.0,3.0,4.0,2.0,2.0,5.0,4.0,1.0,7,6,5,3,7,1,4,5,3,1,1,1,1,1,1,0,1,1,0,1,1,0,1,1,1,1,4,2,2,1,40,2,1,1,60,1,2,2
15376,3.0,1.0,5.0,5.0,4.0,4.0,3.0,1.0,5.0,5.0,1.0,2.0,1.0,5.0,1.0,4.0,1.0,4.0,4.0,2.0,6,5,7,5,7,6,7,3,6,2,1,1,0,1,1,0,0,0,0,1,0,1,0,1,1,1,4,3,2,2,52,1,1,1,60,2,2,1
15377,5.0,5.0,1.0,1.0,5.0,1.0,1.0,5.0,2.0,1.0,1.0,5.0,5.0,1.0,5.0,1.0,1.0,5.0,3.0,2.0,1,2,5,1,5,7,5,5,5,1,1,1,0,1,1,0,0,0,0,1,0,0,1,1,1,1,3,2,1,1,39,2,1,1,60,1,1,2
15378,2.0,5.0,2.0,1.0,4.0,2.0,1.0,5.0,2.0,2.0,1.0,5.0,5.0,1.0,4.0,2.0,1.0,2.0,5.0,4.0,6,7,5,3,6,2,4,1,4,1,1,1,0,1,1,0,0,0,0,1,0,0,1,0,1,1,2,3,1,2,30,3,2,1,60,2,2,3
15379,2.0,5.0,4.0,4.0,3.0,2.0,1.0,2.0,3.0,2.0,2.0,5.0,5.0,2.0,4.0,5.0,5.0,2.0,5.0,3.0,5,3,7,3,6,2,7,1,6,5,1,1,1,1,1,0,0,1,0,1,0,0,1,1,1,1,3,3,1,2,40,1,1,1,60,2,2,3
15380,1.0,1.0,2.0,4.0,2.0,4.0,3.0,1.0,5.0,5.0,2.0,5.0,1.0,1.0,1.0,4.0,3.0,2.0,2.0,1.0,2,5,5,5,6,4,3,2,2,2,0,1,0,1,1,0,0,1,0,1,1,0,1,0,1,1,4,3,2,2,36,1,4,1,60,2,1,3
15381,1.0,3.0,4.0,5.0,1.0,4.0,2.0,2.0,5.0,2.0,2.0,4.0,1.0,3.0,1.0,2.0,4.0,1.0,5.0,2.0,6,2,6,2,6,1,6,1,6,4,1,1,1,1,1,1,0,0,0,1,0,0,1,0,1,1,4,1,2,1,38,1,1,0,60,1,1,2
15382,5.0,4.0,2.0,1.0,5.0,1.0,1.0,1.0,2.0,2.0,1.0,5.0,2.0,1.0,1.0,1.0,1.0,2.0,5.0,3.0,2,7,6,6,7,7,5,7,7,1,1,1,0,1,1,0,0,0,0,1,0,0,1,1,1,1,4,1,1,2,24,1,2,1,10,1,1,2
15383,2.0,3.0,2.0,4.0,5.0,2.0,2.0,5.0,4.0,3.0,1.0,4.0,4.0,2.0,4.0,3.0,1.0,4.0,5.0,4.0,5,3,4,2,6,5,6,5,6,2,1,1,1,1,1,0,1,1,0,1,1,1,1,1,1,1,3,1,1,1,26,1,12,1,50,2,2,1
15384,2.0,4.0,1.0,5.0,5.0,4.0,2.0,1.0,5.0,5.0,2.0,2.0,1.0,1.0,4.0,1.0,1.0,1.0,1.0,1.0,5,1,7,7,5,6,7,1,6,1,1,1,0,1,1,0,0,0,0,1,0,0,1,1,1,1,4,1,2,1,31,2,6,1,60,1,2,3
15385,4.0,5.0,2.0,2.0,4.0,2.0,2.0,2.0,3.0,1.0,1.0,5.0,4.0,1.0,5.0,2.0,1.0,5.0,1.0,3.0,7,1,7,1,5,1,3,5,7,5,0,0,0,0,0,0,0,0,0,0,0,0,0,0,0,1,3,2,1,1,20,1,4,1,60,2,1,3
15386,5.0,4.0,3.0,2.0,1.0,1.0,2.0,3.0,5.0,4.0,1.0,3.0,1.0,3.0,4.0,5.0,4.0,4.0,4.0,4.0,2,5,6,7,6,1,5,3,2,4,1,1,0,1,0,0,0,0,0,1,0,0,0,0,1,1,3,3,2,2,37,1,10,1,10,1,3,4
15387,2.0,2.0,3.0,4.0,3.0,5.0,3.0,2.0,5.0,3.0,5.0,2.0,1.0,3.0,3.0,2.0,1.0,1.0,3.0,1.0,3,3,5,4,7,6,6,5,6,2,1,1,0,1,1,0,0,0,0,1,0,0,1,0,1,1,3,1,1,1,23,3,7,1,60,1,1,1
15388,1.0,2.0,5.0,4.0,2.0,4.0,4.0,1.0,5.0,5.0,2.0,2.0,1.0,3.0,1.0,2.0,4.0,4.0,4.0,2.0,6,1,5,3,5,1,7,5,5,3,1,1,0,1,1,1,1,0,0,1,0,0,1,1,1,1,3,3,1,2,34,1,8,1,10,2,2,3
15389,4.0,3.0,3.0,3.0,4.0,4.0,5.0,4.0,5.0,4.0,2.0,4.0,1.0,2.0,2.0,5.0,4.0,4.0,5.0,1.0,2,1,6,6,7,7,7,1,7,5,1,1,0,1,1,1,0,0,0,1,0,0,0,1,1,1,3,1,2,1,24,1,7,1,60,2,2,2
15390,1.0,1.0,1.0,5.0,1.0,5.0,5.0,3.0,5.0,2.0,2.0,1.0,2.0,2.0,3.0,5.0,5.0,1.0,1.0,1.0,7,2,7,2,7,2,6,2,6,1,1,0,0,1,1,0,0,0,0,1,0,0,0,0,1,1,2,3,2,1,20,1,4,1,60,1,1,1
15391,5.0,5.0,5.0,1.0,5.0,1.0,1.0,2.0,5.0,5.0,1.0,5.0,3.0,1.0,5.0,4.0,1.0,5.0,5.0,1.0,1,5,7,3,6,4,7,1,6,2,1,1,0,1,1,1,0,0,0,1,0,0,1,1,1,1,3,3,1,2,42,1,1,1,60,1,2,4
15392,4.0,3.0,2.0,3.0,2.0,2.0,3.0,4.0,3.0,2.0,3.0,4.0,4.0,2.0,3.0,5.0,1.0,2.0,5.0,4.0,2,4,7,3,5,5,4,1,7,6,1,1,1,1,1,0,0,0,0,1,0,0,1,1,1,1,3,3,1,1,67,1,1,1,60,2,2,2
15393,3.0,5.0,1.0,3.0,3.0,1.0,1.0,5.0,5.0,1.0,1.0,5.0,1.0,1.0,5.0,1.0,1.0,5.0,5.0,1.0,3,2,2,7,7,3,7,1,2,1,1,1,0,1,1,0,1,1,0,1,0,0,1,1,1,1,4,3,2,2,54,1,2,1,10,1,3,2
15394,1.0,2.0,4.0,5.0,2.0,4.0,4.0,2.0,5.0,5.0,4.0,2.0,1.0,5.0,3.0,4.0,4.0,2.0,5.0,2.0,5,2,6,2,6,2,6,1,6,7,1,1,0,1,1,0,0,0,0,1,0,0,0,1,1,1,4,3,2,2,40,1,2,1,60,2,2,4
15395,4.0,4.0,2.0,4.0,5.0,4.0,1.0,4.0,4.0,2.0,1.0,4.0,1.0,1.0,4.0,2.0,1.0,4.0,5.0,4.0,6,5,7,1,7,4,7,5,7,5,1,1,1,1,1,0,0,0,0,1,0,0,1,1,1,1,4,2,2,1,71,1,6,3,60,1,3,1
15396,3.0,4.0,4.0,5.0,4.0,1.0,2.0,1.0,5.0,2.0,1.0,4.0,1.0,2.0,4.0,1.0,3.0,5.0,4.0,1.0,6,7,2,5,7,2,7,3,6,1,1,1,0,1,1,0,0,0,0,1,0,0,1,1,1,1,1,2,1,1,16,1,4,1,60,2,1,4
15397,2.0,4.0,2.0,4.0,2.0,1.0,1.0,1.0,1.0,1.0,2.0,5.0,4.0,2.0,4.0,5.0,2.0,2.0,3.0,2.0,5,6,5,3,6,2,2,2,4,3,1,1,1,1,1,0,1,1,0,1,0,0,1,1,1,1,4,1,2,2,26,1,6,1,60,1,1,2
15398,2.0,2.0,1.0,2.0,4.0,2.0,2.0,4.0,2.0,4.0,3.0,5.0,2.0,1.0,2.0,4.0,4.0,4.0,5.0,1.0,6,4,6,2,5,5,5,2,5,3,1,1,0,1,1,0,0,0,0,1,0,0,0,1,1,1,3,1,1,1,43,1,6,1,60,1,2,5
15399,5.0,5.0,1.0,1.0,5.0,1.0,1.0,4.0,1.0,1.0,1.0,5.0,5.0,3.0,5.0,1.0,1.0,5.0,5.0,2.0,7,7,6,1,7,3,4,5,7,1,1,1,1,1,1,0,1,1,0,1,0,1,1,1,1,1,2,2,1,1,20,1,4,3,70,1,1,2
15400,2.0,4.0,4.0,4.0,4.0,4.0,3.0,4.0,5.0,3.0,1.0,3.0,2.0,3.0,3.0,3.0,4.0,3.0,2.0,1.0,5,5,6,4,5,3,5,2,6,3,1,1,1,1,1,0,0,1,0,1,1,0,1,1,1,1,4,2,2,1,27,1,0,0,0,0,0,4
15401,5.0,5.0,1.0,5.0,5.0,1.0,1.0,5.0,5.0,1.0,1.0,5.0,5.0,1.0,5.0,1.0,1.0,5.0,5.0,5.0,7,7,7,7,7,7,2,1,2,1,1,1,1,1,1,0,0,0,0,1,1,0,1,1,1,1,3,1,1,1,46,1,7,1,60,2,1,2
15402,1.0,4.0,5.0,5.0,2.0,3.0,2.0,2.0,3.0,5.0,2.0,5.0,1.0,2.0,2.0,4.0,2.0,1.0,5.0,1.0,6,2,5,1,7,1,6,3,0,6,1,1,0,1,1,0,0,0,0,1,0,0,0,1,1,1,3,2,1,1,38,2,4,3,60,1,2,5
15403,4.0,4.0,4.0,4.0,4.0,2.0,2.0,5.0,4.0,4.0,2.0,5.0,4.0,2.0,5.0,4.0,4.0,4.0,1.0,1.0,3,2,2,6,5,7,3,6,3,5,0,0,0,1,0,0,0,0,0,0,0,0,0,0,1,0,3,1,1,2,24,2,10,1,10,2,1,7
15404,5.0,4.0,1.0,2.0,5.0,1.0,1.0,2.0,3.0,2.0,1.0,5.0,4.0,2.0,5.0,2.0,3.0,5.0,5.0,5.0,6,6,4,2,6,7,4,7,1,1,1,1,0,1,0,0,0,0,0,1,0,0,1,0,1,1,2,2,1,2,22,2,2,1,60,1,1,3
15405,5.0,1.0,1.0,1.0,5.0,1.0,1.0,5.0,1.0,5.0,1.0,5.0,5.0,1.0,1.0,1.0,1.0,5.0,5.0,5.0,1,7,7,1,7,7,1,7,6,1,0,0,0,0,0,0,0,0,0,0,0,0,0,1,0,0,3,2,1,2,20,1,8,1,70,2,1,2
15406,5.0,5.0,4.0,3.0,4.0,1.0,1.0,1.0,2.0,1.0,1.0,5.0,3.0,1.0,5.0,1.0,1.0,3.0,5.0,2.0,5,6,4,3,6,2,5,6,3,5,1,1,0,1,1,0,0,1,0,1,1,0,0,1,1,1,2,1,1,2,23,1,2,1,60,1,1,2
15407,2.0,2.0,4.0,3.0,3.0,3.0,3.0,2.0,5.0,5.0,2.0,4.0,3.0,2.0,4.0,2.0,3.0,2.0,3.0,2.0,2,4,5,4,5,7,6,4,5,5,1,1,0,1,1,0,0,0,0,1,0,0,1,1,1,1,3,2,1,2,23,1,7,1,30,1,1,2
15408,4.0,2.0,3.0,1.0,4.0,2.0,2.0,4.0,2.0,2.0,2.0,5.0,2.0,1.0,2.0,1.0,2.0,4.0,5.0,3.0,3,3,5,5,3,2,6,3,5,4,1,1,1,1,1,0,0,0,0,1,0,0,1,1,1,1,3,3,1,1,35,1,4,1,30,2,1,6
15409,4.0,5.0,2.0,1.0,4.0,1.0,1.0,2.0,2.0,2.0,1.0,5.0,1.0,1.0,4.0,4.0,2.0,5.0,4.0,3.0,6,7,4,2,6,2,5,2,4,3,1,1,0,1,1,1,0,0,0,1,0,0,1,1,1,1,3,2,1,1,18,1,2,1,60,2,1,2
15410,5.0,5.0,1.0,1.0,5.0,1.0,1.0,4.0,3.0,5.0,1.0,5.0,3.0,1.0,5.0,1.0,1.0,2.0,5.0,1.0,2,7,7,7,7,1,7,1,4,1,1,1,0,1,1,0,0,0,0,1,0,0,0,1,1,1,4,1,2,2,29,1,4,1,30,1,1,3
15411,1.0,5.0,5.0,5.0,1.0,5.0,5.0,1.0,5.0,5.0,1.0,1.0,1.0,1.0,5.0,1.0,1.0,5.0,1.0,1.0,1,6,6,6,6,6,6,2,3,2,1,1,0,1,1,0,0,0,0,1,0,0,1,0,1,1,3,1,1,1,41,1,4,1,60,1,2,4
15412,1.0,1.0,5.0,4.0,5.0,5.0,1.0,2.0,5.0,5.0,1.0,2.0,4.0,1.0,1.0,2.0,1.0,1.0,5.0,1.0,3,5,7,1,7,7,6,1,7,1,1,1,1,1,1,0,1,1,0,1,1,0,1,1,1,1,3,0,1,1,50,1,2,1,60,1,3,3
15413,2.0,3.0,4.0,2.0,2.0,4.0,3.0,1.0,5.0,4.0,4.0,3.0,4.0,2.0,4.0,5.0,4.0,2.0,5.0,2.0,2,6,7,4,3,7,7,2,5,6,0,1,0,1,1,1,0,0,1,1,0,0,1,1,1,1,3,2,1,1,22,1,12,1,60,2,1,1
15414,3.0,5.0,2.0,2.0,3.0,4.0,1.0,5.0,3.0,5.0,1.0,5.0,4.0,1.0,5.0,1.0,2.0,5.0,5.0,1.0,2,6,4,7,6,6,6,4,4,2,1,1,0,1,1,0,0,0,0,1,0,0,1,1,1,1,3,3,1,1,21,1,1,1,60,1,1,3
15415,4.0,4.0,2.0,4.0,2.0,4.0,3.0,4.0,4.0,2.0,2.0,1.0,3.0,3.0,4.0,5.0,2.0,4.0,5.0,2.0,6,5,7,5,6,6,6,3,6,5,1,1,0,0,1,0,0,0,0,0,0,0,1,1,1,1,3,2,1,1,37,1,4,1,10,1,1,3
15416,2.0,1.0,5.0,3.0,1.0,4.0,2.0,1.0,5.0,4.0,3.0,2.0,1.0,2.0,2.0,1.0,4.0,3.0,1.0,1.0,2,2,7,5,3,7,6,1,4,3,1,1,1,1,1,0,0,0,0,1,0,0,1,1,1,1,3,3,2,1,48,1,6,1,60,2,2,1
15417,1.0,2.0,2.0,5.0,4.0,2.0,4.0,1.0,5.0,4.0,2.0,2.0,1.0,4.0,4.0,5.0,2.0,3.0,4.0,1.0,7,6,6,4,7,1,5,5,4,1,1,1,0,1,1,0,0,0,0,1,0,0,0,1,1,1,4,2,2,1,57,0,12,1,60,2,3,3
15418,5.0,4.0,1.0,2.0,5.0,1.0,1.0,4.0,1.0,1.0,1.0,5.0,5.0,2.0,4.0,1.0,2.0,5.0,5.0,4.0,2,5,6,5,6,3,2,2,3,2,1,1,0,1,1,0,0,1,0,1,0,0,1,1,1,1,4,3,1,2,32,1,1,1,10,2,1,1
15419,5.0,4.0,4.0,1.0,4.0,2.0,1.0,5.0,5.0,2.0,3.0,4.0,4.0,2.0,5.0,4.0,2.0,4.0,3.0,3.0,6,3,6,2,5,3,6,1,7,4,1,1,0,1,1,0,0,0,0,1,0,0,1,1,1,1,4,3,1,1,21,1,6,1,10,2,1,1
15420,5.0,5.0,3.0,1.0,5.0,3.0,5.0,5.0,1.0,1.0,1.0,5.0,5.0,2.0,5.0,1.0,1.0,5.0,5.0,1.0,3,5,6,4,7,7,7,5,7,3,1,1,0,1,1,0,0,0,0,1,0,0,1,1,1,1,3,3,1,2,24,3,3,0,10,1,2,4
15421,5.0,5.0,2.0,3.0,3.0,4.0,2.0,5.0,5.0,2.0,1.0,3.0,3.0,3.0,4.0,2.0,1.0,5.0,5.0,4.0,3,6,7,4,5,5,2,2,5,5,1,1,1,1,1,0,1,0,0,1,0,0,1,0,1,1,3,2,1,2,19,1,1,1,70,2,1,2
15422,5.0,5.0,1.0,1.0,5.0,1.0,2.0,5.0,5.0,2.0,1.0,2.0,5.0,3.0,5.0,1.0,1.0,5.0,5.0,5.0,6,4,7,2,6,5,4,3,6,2,1,1,0,1,1,0,1,0,0,1,0,0,0,1,0,1,3,1,1,2,24,1,8,1,10,1,1,3
15423,5.0,1.0,1.0,1.0,2.0,1.0,1.0,4.0,5.0,5.0,4.0,5.0,1.0,1.0,1.0,1.0,1.0,4.0,3.0,5.0,3,6,7,5,1,7,6,1,6,7,0,1,1,1,1,0,0,1,1,1,0,0,1,1,1,1,3,3,2,2,43,1,4,1,30,2,2,5
15424,5.0,2.0,5.0,4.0,4.0,3.0,2.0,4.0,5.0,5.0,2.0,5.0,4.0,3.0,3.0,2.0,3.0,3.0,3.0,4.0,6,5,6,6,7,3,7,5,5,2,1,0,0,1,1,0,0,0,0,1,0,0,0,0,1,1,4,3,2,2,27,1,0,0,70,1,2,3
15425,2.0,2.0,3.0,4.0,2.0,4.0,1.0,3.0,4.0,1.0,1.0,3.0,3.0,2.0,4.0,5.0,3.0,2.0,2.0,1.0,7,5,6,5,7,2,6,5,4,2,1,1,1,1,1,0,1,1,0,1,1,0,1,1,1,1,3,3,2,2,22,1,1,1,10,1,1,2
15426,2.0,1.0,4.0,1.0,4.0,4.0,3.0,3.0,5.0,2.0,1.0,5.0,2.0,2.0,3.0,5.0,1.0,4.0,5.0,4.0,2,5,4,3,5,6,4,5,6,4,1,1,0,1,1,0,0,1,0,1,0,0,1,1,1,1,2,3,1,2,22,2,7,1,60,1,1,2
15427,3.0,2.0,3.0,2.0,4.0,2.0,2.0,4.0,4.0,3.0,2.0,4.0,2.0,3.0,4.0,2.0,2.0,2.0,5.0,4.0,3,5,7,3,5,5,2,4,6,2,1,1,0,1,1,0,1,0,1,1,0,1,1,1,1,1,2,2,2,1,18,1,2,1,60,2,1,3
15428,5.0,5.0,4.0,4.0,4.0,4.0,4.0,4.0,5.0,5.0,1.0,5.0,1.0,1.0,3.0,5.0,5.0,5.0,5.0,1.0,5,3,5,2,3,5,7,6,5,5,1,1,1,1,1,0,0,0,0,1,0,0,0,1,1,1,1,3,1,2,32,1,2,1,60,2,1,1
15429,4.0,3.0,1.0,3.0,5.0,3.0,1.0,5.0,3.0,5.0,2.0,3.0,4.0,1.0,2.0,1.0,5.0,4.0,4.0,1.0,4,7,6,7,7,6,5,7,4,1,1,1,1,1,1,0,0,1,0,1,0,0,1,1,1,1,3,2,1,1,21,1,1,1,70,2,1,3
15430,4.0,4.0,2.0,1.0,4.0,1.0,1.0,1.0,3.0,1.0,1.0,5.0,2.0,1.0,4.0,1.0,1.0,5.0,5.0,1.0,5,7,7,2,6,6,5,1,7,3,1,1,0,1,1,0,0,0,0,1,0,0,1,1,1,1,3,2,1,1,32,1,1,1,60,1,1,3
15431,1.0,2.0,5.0,5.0,4.0,5.0,5.0,3.0,5.0,5.0,1.0,3.0,1.0,3.0,4.0,5.0,5.0,1.0,5.0,1.0,3,1,6,7,6,6,7,2,5,2,0,0,0,0,1,0,0,0,0,1,0,0,0,0,1,1,3,3,2,1,24,1,7,1,60,2,1,2
15432,3.0,2.0,1.0,2.0,5.0,1.0,1.0,5.0,4.0,1.0,1.0,5.0,2.0,3.0,5.0,4.0,1.0,4.0,1.0,2.0,5,5,6,6,4,5,7,2,4,4,1,1,1,1,1,0,1,0,0,1,1,0,0,1,1,1,4,3,1,1,47,1,4,1,60,1,2,2
15433,5.0,4.0,2.0,2.0,5.0,1.0,1.0,1.0,2.0,1.0,1.0,5.0,5.0,2.0,5.0,2.0,1.0,4.0,5.0,3.0,6,3,5,3,7,2,5,5,6,1,1,1,0,1,1,0,0,0,0,1,0,0,0,1,1,1,2,3,2,2,18,2,2,1,10,2,1,1
15434,3.0,5.0,3.0,1.0,5.0,2.0,1.0,5.0,3.0,3.0,1.0,5.0,3.0,1.0,5.0,1.0,1.0,4.0,5.0,2.0,3,2,6,1,7,6,4,2,7,3,1,1,1,1,1,0,1,1,0,1,0,0,1,1,1,1,4,2,2,1,30,1,1,1,60,2,1,1
15435,4.0,4.0,1.0,1.0,3.0,2.0,1.0,4.0,1.0,1.0,1.0,4.0,4.0,2.0,5.0,1.0,1.0,5.0,5.0,2.0,4,6,4,2,3,5,3,4,6,5,1,1,0,1,1,0,0,0,0,1,1,0,1,1,1,1,2,2,2,2,17,1,2,4,60,2,1,2
15436,3.0,2.0,1.0,2.0,3.0,2.0,1.0,4.0,5.0,3.0,1.0,4.0,3.0,3.0,2.0,3.0,2.0,4.0,5.0,4.0,4,3,5,4,7,4,5,3,4,5,1,1,0,1,1,0,0,0,0,1,0,0,1,1,1,1,3,2,1,1,27,1,1,2,60,1,1,3
15437,4.0,4.0,2.0,2.0,4.0,3.0,1.0,4.0,4.0,3.0,1.0,5.0,5.0,2.0,3.0,1.0,3.0,5.0,5.0,1.0,1,5,5,6,5,6,4,5,1,5,1,1,1,1,1,0,0,0,0,1,0,0,1,1,1,1,2,3,2,1,19,1,2,5,70,2,1,2
15438,3.0,4.0,2.0,4.0,2.0,5.0,3.0,4.0,5.0,4.0,2.0,4.0,3.0,3.0,2.0,4.0,4.0,3.0,3.0,2.0,2,4,7,7,6,6,2,1,2,6,1,1,0,1,1,0,0,0,0,1,0,0,1,1,1,1,3,2,2,1,30,1,1,1,60,1,2,2
15439,4.0,4.0,3.0,1.0,2.0,2.0,1.0,2.0,3.0,4.0,3.0,4.0,2.0,1.0,4.0,1.0,1.0,5.0,5.0,2.0,6,2,3,1,6,1,6,2,7,2,1,1,0,1,1,0,0,1,0,1,0,0,1,1,1,1,4,3,1,2,34,1,1,1,60,1,2,2
15440,1.0,1.0,4.0,3.0,4.0,2.0,4.0,1.0,5.0,3.0,1.0,5.0,4.0,1.0,4.0,2.0,4.0,4.0,4.0,5.0,6,3,7,1,6,1,7,5,3,1,1,1,1,1,1,0,1,0,0,1,0,0,1,1,1,1,3,1,2,2,33,1,12,1,60,1,1,5
15441,4.0,4.0,2.0,2.0,5.0,5.0,2.0,5.0,5.0,4.0,1.0,5.0,5.0,1.0,2.0,1.0,1.0,5.0,5.0,4.0,7,3,3,4,7,1,1,5,1,4,1,1,0,1,1,0,0,0,0,0,0,0,0,1,1,1,2,3,2,2,20,1,10,2,10,2,1,2
15442,4.0,1.0,2.0,1.0,4.0,1.0,4.0,4.0,4.0,2.0,1.0,4.0,5.0,1.0,5.0,1.0,2.0,5.0,5.0,3.0,6,5,6,3,6,1,2,5,4,3,1,1,1,1,1,0,0,0,0,1,0,0,0,1,1,1,1,2,1,1,16,1,4,1,60,2,1,3
15443,1.0,1.0,5.0,5.0,1.0,4.0,2.0,2.0,5.0,4.0,3.0,4.0,1.0,2.0,3.0,5.0,4.0,1.0,5.0,1.0,7,2,6,2,5,2,6,1,6,5,1,1,0,1,1,0,0,0,0,1,0,0,1,1,1,1,4,2,2,1,33,1,6,1,60,1,3,1
15444,5.0,2.0,1.0,1.0,4.0,1.0,1.0,4.0,1.0,2.0,3.0,5.0,4.0,1.0,4.0,3.0,1.0,3.0,5.0,1.0,1,5,6,2,5,7,1,4,7,2,1,1,1,1,1,0,0,0,0,1,1,0,1,1,1,1,3,3,1,1,22,1,4,1,70,2,1,3
15445,4.0,2.0,5.0,5.0,3.0,5.0,5.0,2.0,5.0,5.0,4.0,3.0,1.0,5.0,3.0,5.0,5.0,2.0,4.0,1.0,6,4,6,4,7,6,7,1,5,4,1,0,0,1,1,0,0,0,0,1,0,0,0,1,1,1,2,3,1,1,22,1,4,1,60,2,1,2
15446,2.0,1.0,3.0,4.0,1.0,4.0,3.0,3.0,5.0,4.0,4.0,1.0,1.0,3.0,4.0,4.0,5.0,2.0,3.0,1.0,6,2,6,3,6,1,6,1,6,2,1,1,0,1,1,0,0,0,0,1,0,0,0,1,1,1,2,3,2,1,20,1,10,1,10,2,1,2
15447,1.0,2.0,2.0,5.0,3.0,3.0,5.0,2.0,5.0,4.0,1.0,5.0,2.0,2.0,2.0,2.0,3.0,2.0,4.0,1.0,3,2,5,2,3,5,5,1,6,3,1,1,0,1,1,0,1,0,0,1,0,0,1,1,1,1,3,2,2,2,39,1,2,1,60,1,1,3
15448,4.0,1.0,3.0,1.0,4.0,4.0,1.0,1.0,5.0,5.0,1.0,3.0,2.0,2.0,3.0,3.0,3.0,3.0,5.0,1.0,2,3,3,1,7,7,5,6,7,4,1,1,0,1,1,0,0,0,0,1,0,0,1,1,1,1,2,2,1,1,18,1,1,2,60,2,1,5
15449,5.0,4.0,1.0,1.0,5.0,1.0,1.0,5.0,1.0,2.0,1.0,5.0,4.0,1.0,2.0,1.0,1.0,5.0,5.0,4.0,3,6,6,2,5,7,2,6,7,6,1,1,1,1,1,1,1,0,0,1,0,0,1,1,1,1,3,1,1,2,25,1,1,1,60,1,1,2
15450,3.0,5.0,4.0,2.0,4.0,4.0,2.0,5.0,2.0,3.0,1.0,5.0,3.0,2.0,5.0,4.0,1.0,4.0,5.0,1.0,6,6,6,3,7,4,2,3,5,1,1,1,1,1,1,0,0,1,0,1,0,1,1,1,1,1,2,2,1,1,26,1,1,1,60,1,1,2
15451,5.0,2.0,2.0,4.0,4.0,5.0,2.0,4.0,5.0,4.0,3.0,3.0,4.0,3.0,2.0,3.0,2.0,1.0,5.0,1.0,6,6,2,3,5,5,5,2,6,4,1,1,1,1,1,1,0,1,0,1,1,1,1,1,1,1,3,2,1,1,25,1,1,1,60,1,1,0
15452,5.0,5.0,3.0,1.0,5.0,1.0,1.0,4.0,4.0,1.0,1.0,5.0,5.0,1.0,4.0,1.0,1.0,4.0,2.0,2.0,4,5,2,5,2,6,5,3,7,7,1,1,1,1,1,0,0,1,0,1,0,0,1,1,1,1,2,2,1,1,19,1,4,1,60,1,1,2
15453,3.0,3.0,3.0,4.0,4.0,1.0,1.0,4.0,3.0,4.0,5.0,5.0,4.0,1.0,5.0,1.0,1.0,2.0,5.0,1.0,4,5,7,5,3,2,3,3,5,1,1,1,0,1,1,0,0,0,0,1,0,0,1,1,1,1,3,2,1,1,34,1,12,1,60,2,1,2
15454,5.0,5.0,1.0,1.0,5.0,1.0,1.0,4.0,1.0,5.0,1.0,5.0,5.0,1.0,5.0,1.0,5.0,5.0,5.0,1.0,2,5,6,1,5,2,3,2,7,6,1,1,1,1,1,0,0,0,0,1,0,0,1,1,1,1,3,3,1,2,21,2,6,1,60,1,1,2
15455,5.0,5.0,1.0,2.0,2.0,2.0,1.0,5.0,3.0,1.0,1.0,5.0,4.0,1.0,5.0,4.0,1.0,4.0,4.0,2.0,3,7,7,5,3,3,5,1,6,1,1,1,0,1,1,1,0,0,0,1,0,0,1,1,1,1,3,2,1,2,21,1,1,1,60,1,1,1
15456,3.0,2.0,5.0,2.0,4.0,2.0,1.0,2.0,2.0,4.0,1.0,5.0,4.0,1.0,4.0,4.0,1.0,2.0,5.0,2.0,7,6,7,1,6,3,5,1,6,2,1,1,0,1,1,0,0,1,0,1,1,0,1,1,1,1,3,2,1,1,19,1,4,1,60,1,1,5
15457,1.0,2.0,2.0,4.0,1.0,2.0,1.0,2.0,4.0,2.0,3.0,4.0,2.0,4.0,4.0,2.0,3.0,4.0,5.0,1.0,3,7,6,1,7,5,3,5,7,2,1,1,1,1,1,0,0,1,0,1,0,0,1,1,1,1,2,2,1,1,20,1,2,1,60,2,1,3
15458,4.0,2.0,4.0,1.0,5.0,5.0,1.0,4.0,2.0,3.0,1.0,5.0,4.0,1.0,1.0,2.0,1.0,2.0,5.0,4.0,2,5,6,6,5,5,5,5,5,5,1,1,1,1,1,1,1,1,0,1,1,1,1,1,1,1,3,3,1,1,54,1,12,1,70,2,1,5
15459,5.0,5.0,5.0,4.0,2.0,4.0,1.0,5.0,5.0,2.0,2.0,5.0,2.0,1.0,5.0,4.0,1.0,5.0,4.0,2.0,3,7,7,5,3,6,6,3,5,6,1,1,1,1,1,0,0,1,0,1,0,0,1,1,1,1,2,3,1,2,21,1,4,1,60,2,1,2
15460,5.0,1.0,1.0,4.0,4.0,5.0,2.0,5.0,5.0,2.0,1.0,5.0,5.0,2.0,4.0,5.0,1.0,4.0,5.0,1.0,2,2,6,2,6,6,5,5,6,5,1,1,1,1,1,0,0,0,0,1,0,0,1,1,1,1,3,2,1,1,27,1,12,1,60,1,1,2
15461,4.0,4.0,4.0,2.0,4.0,2.0,1.0,4.0,4.0,2.0,2.0,3.0,3.0,1.0,4.0,2.0,2.0,2.0,5.0,4.0,4,4,5,3,5,6,3,3,4,3,1,1,1,1,1,0,1,1,0,1,1,0,1,0,1,1,3,2,1,1,33,1,12,1,60,1,1,3
15462,2.0,4.0,2.0,4.0,4.0,2.0,2.0,5.0,2.0,2.0,5.0,4.0,3.0,2.0,4.0,3.0,3.0,4.0,5.0,2.0,5,1,5,2,6,3,6,5,6,3,1,1,0,1,1,0,0,0,0,1,0,0,1,1,1,1,2,2,1,1,20,1,6,1,60,1,1,3
15463,4.0,4.0,3.0,2.0,5.0,2.0,1.0,4.0,3.0,2.0,2.0,5.0,5.0,1.0,5.0,1.0,1.0,5.0,5.0,1.0,1,6,1,5,6,7,7,1,6,1,1,1,0,1,1,0,0,1,0,1,0,0,1,1,1,1,3,3,1,1,34,1,1,1,70,1,1,2
15464,4.0,5.0,5.0,2.0,5.0,4.0,4.0,5.0,4.0,4.0,2.0,4.0,2.0,1.0,4.0,4.0,5.0,2.0,5.0,1.0,2,5,6,1,6,6,2,3,6,4,1,1,0,1,1,0,0,1,0,1,0,0,1,1,1,1,3,2,2,2,21,1,7,3,60,2,1,2
15465,4.0,4.0,4.0,1.0,4.0,4.0,2.0,4.0,5.0,4.0,2.0,4.0,2.0,1.0,4.0,1.0,1.0,4.0,5.0,2.0,2,6,3,5,5,7,5,5,5,2,1,1,0,1,1,1,0,0,0,1,0,0,1,1,1,1,3,2,1,1,23,2,6,1,60,1,1,2
15466,5.0,1.0,2.0,1.0,4.0,5.0,1.0,3.0,2.0,2.0,3.0,5.0,5.0,2.0,4.0,5.0,1.0,4.0,4.0,3.0,1,5,2,6,5,7,4,4,3,5,1,1,1,1,1,0,0,0,0,1,0,0,1,1,1,1,2,3,1,2,19,1,12,1,70,1,1,1
15467,1.0,1.0,5.0,1.0,5.0,1.0,1.0,1.0,1.0,5.0,3.0,3.0,5.0,1.0,1.0,3.0,5.0,1.0,5.0,1.0,4,7,2,3,7,4,7,7,7,1,1,1,0,1,1,0,0,0,0,1,0,0,1,1,1,1,2,2,1,2,19,1,2,1,60,2,1,3
15468,2.0,1.0,2.0,4.0,3.0,4.0,2.0,1.0,4.0,4.0,2.0,2.0,1.0,1.0,4.0,4.0,4.0,4.0,5.0,1.0,2,5,6,2,5,5,2,2,6,5,1,1,0,1,1,0,0,1,0,1,0,0,1,1,1,1,2,2,1,1,26,1,1,1,60,1,1,2
15469,2.0,4.0,3.0,4.0,4.0,2.0,2.0,4.0,4.0,5.0,3.0,5.0,1.0,2.0,3.0,1.0,1.0,4.0,5.0,1.0,1,2,2,2,6,7,5,4,6,3,1,1,1,1,1,0,0,1,0,1,0,0,1,1,1,1,2,2,1,1,29,1,2,1,60,1,1,4
15470,5.0,5.0,5.0,1.0,5.0,1.0,1.0,5.0,1.0,1.0,1.0,4.0,5.0,1.0,5.0,2.0,1.0,5.0,5.0,1.0,6,4,6,4,3,7,5,4,7,1,1,1,0,1,1,0,1,1,1,1,0,0,1,1,1,1,3,3,1,2,22,3,8,1,70,2,1,3
15471,2.0,1.0,5.0,4.0,1.0,5.0,5.0,1.0,5.0,5.0,1.0,4.0,1.0,1.0,1.0,4.0,2.0,1.0,4.0,1.0,5,2,5,2,6,4,6,1,6,1,1,1,0,1,1,1,0,0,1,1,0,0,1,1,1,1,3,2,1,1,46,2,2,1,60,2,1,2
15472,4.0,4.0,3.0,3.0,5.0,3.0,2.0,5.0,5.0,3.0,3.0,4.0,5.0,3.0,3.0,4.0,1.0,4.0,3.0,5.0,5,6,5,3,6,4,6,6,6,4,1,1,1,1,1,0,0,1,0,1,1,0,1,1,1,1,3,3,1,1,23,1,6,1,70,2,1,1
15473,2.0,4.0,4.0,1.0,3.0,4.0,4.0,4.0,5.0,4.0,3.0,4.0,2.0,1.0,2.0,4.0,1.0,4.0,5.0,1.0,2,5,1,5,0,7,5,5,3,5,1,0,0,1,1,0,0,0,0,1,0,0,1,1,1,1,3,3,1,2,30,1,2,1,60,1,1,2
15474,5.0,5.0,1.0,1.0,5.0,1.0,1.0,4.0,2.0,1.0,1.0,5.0,2.0,1.0,3.0,1.0,1.0,3.0,5.0,5.0,2,6,7,3,7,6,6,2,6,1,1,1,0,1,1,0,0,0,0,1,0,0,1,1,1,1,4,2,1,2,27,1,1,1,60,2,1,3
15475,5.0,5.0,2.0,2.0,3.0,3.0,1.0,4.0,4.0,2.0,1.0,5.0,5.0,2.0,5.0,2.0,1.0,4.0,5.0,3.0,1,5,3,6,6,7,2,5,1,7,1,1,1,1,1,0,0,0,0,1,0,1,1,1,1,1,2,2,1,1,22,2,2,2,60,1,1,2
15476,1.0,4.0,2.0,1.0,4.0,2.0,2.0,4.0,5.0,1.0,1.0,5.0,1.0,1.0,1.0,5.0,1.0,2.0,4.0,1.0,5,7,7,5,6,7,7,1,6,1,1,1,0,1,1,0,0,1,0,1,0,0,1,1,1,1,3,1,2,2,30,1,7,1,60,1,1,1
15477,5.0,4.0,3.0,3.0,4.0,1.0,2.0,5.0,4.0,2.0,1.0,5.0,4.0,2.0,3.0,1.0,1.0,4.0,5.0,4.0,7,3,6,1,6,2,7,1,6,2,1,1,1,1,1,1,1,1,0,1,1,0,1,1,1,1,4,2,2,1,28,1,9,1,60,1,2,5
15478,5.0,5.0,3.0,3.0,4.0,1.0,1.0,4.0,1.0,1.0,1.0,5.0,5.0,2.0,5.0,3.0,1.0,5.0,5.0,5.0,6,5,6,1,7,4,3,3,5,4,1,1,1,1,1,0,1,1,0,0,0,0,1,1,1,1,4,2,2,1,38,1,2,1,60,2,1,2
15479,4.0,1.0,1.0,1.0,5.0,5.0,2.0,5.0,5.0,5.0,1.0,5.0,3.0,1.0,3.0,2.0,3.0,1.0,3.0,1.0,4,1,7,6,6,7,4,1,6,4,1,1,0,1,1,0,0,0,0,1,0,0,1,1,1,1,2,1,1,2,22,1,4,1,70,2,1,3
15480,4.0,5.0,2.0,3.0,5.0,1.0,1.0,4.0,4.0,2.0,1.0,5.0,3.0,2.0,3.0,1.0,1.0,4.0,5.0,5.0,3,6,7,1,7,6,1,1,7,4,1,1,1,1,1,0,0,1,0,1,0,1,1,1,1,1,4,2,1,1,25,1,6,1,60,1,2,3
15481,2.0,2.0,4.0,2.0,3.0,3.0,3.0,2.0,5.0,4.0,2.0,2.0,2.0,3.0,4.0,2.0,3.0,4.0,4.0,1.0,3,4,6,3,5,6,5,2,7,5,1,1,0,1,1,0,0,0,0,1,0,0,0,1,1,1,1,3,2,1,14,1,4,1,70,2,1,2
15482,5.0,4.0,3.0,5.0,5.0,3.0,1.0,5.0,3.0,3.0,3.0,5.0,4.0,1.0,5.0,5.0,3.0,5.0,5.0,2.0,5,5,6,6,6,7,6,3,6,4,1,0,0,1,1,0,0,0,0,1,0,0,0,1,1,1,3,3,1,2,44,1,12,1,10,2,3,4
15483,5.0,5.0,1.0,2.0,3.0,1.0,1.0,1.0,5.0,1.0,1.0,5.0,1.0,1.0,5.0,1.0,5.0,5.0,5.0,1.0,2,5,7,3,7,7,6,1,7,1,1,1,0,1,1,0,0,0,0,1,0,0,1,1,1,1,3,3,1,2,38,1,7,1,60,1,1,3
15484,4.0,2.0,2.0,5.0,3.0,4.0,2.0,1.0,4.0,3.0,3.0,4.0,4.0,1.0,1.0,1.0,2.0,3.0,4.0,2.0,1,6,5,3,3,6,5,4,4,5,1,1,1,1,1,0,0,1,0,1,0,0,1,1,1,1,2,3,2,1,25,1,2,1,60,1,1,2
15485,3.0,4.0,2.0,3.0,4.0,1.0,2.0,4.0,4.0,3.0,1.0,4.0,5.0,4.0,5.0,2.0,1.0,4.0,5.0,3.0,1,3,5,4,6,7,6,5,4,2,1,1,0,1,1,0,0,0,0,1,0,0,1,1,1,1,4,3,1,1,21,2,1,2,10,2,1,3
15486,1.0,3.0,2.0,4.0,1.0,5.0,2.0,1.0,5.0,2.0,4.0,1.0,1.0,4.0,4.0,5.0,3.0,2.0,5.0,1.0,6,1,7,5,5,6,7,1,6,6,0,1,0,1,1,0,1,1,0,1,0,0,1,1,1,1,3,2,2,0,23,1,2,1,60,2,1,2
15487,2.0,5.0,1.0,2.0,1.0,3.0,1.0,4.0,2.0,2.0,1.0,5.0,4.0,1.0,5.0,1.0,3.0,5.0,5.0,1.0,6,7,6,6,3,6,7,5,3,5,1,1,0,1,1,1,0,1,1,1,1,0,1,1,1,1,3,2,1,2,21,1,7,1,60,1,1,0
15488,4.0,4.0,4.0,3.0,4.0,1.0,1.0,4.0,4.0,4.0,1.0,3.0,5.0,1.0,4.0,2.0,1.0,1.0,5.0,1.0,6,6,5,2,6,2,5,3,5,2,1,1,0,1,1,0,0,0,0,1,0,0,1,1,1,1,2,3,1,1,33,1,1,1,70,1,2,3
15489,4.0,4.0,4.0,1.0,5.0,4.0,4.0,5.0,4.0,4.0,1.0,5.0,5.0,3.0,4.0,2.0,1.0,5.0,4.0,3.0,6,6,6,2,7,5,5,2,3,2,1,1,0,1,1,0,0,0,0,1,0,0,1,1,1,1,2,2,1,2,18,1,6,1,30,2,1,4
15490,3.0,4.0,3.0,3.0,2.0,1.0,1.0,3.0,2.0,2.0,2.0,4.0,4.0,2.0,4.0,3.0,2.0,4.0,5.0,2.0,2,5,6,5,6,6,3,0,4,2,1,1,1,1,1,0,1,0,0,1,0,0,1,1,1,1,3,2,1,1,26,1,1,2,10,1,1,2
15491,4.0,1.0,3.0,4.0,3.0,4.0,2.0,5.0,5.0,4.0,2.0,5.0,1.0,1.0,4.0,2.0,5.0,5.0,5.0,1.0,5,5,6,2,5,3,7,1,7,5,1,1,0,1,1,0,0,0,0,0,0,0,0,0,1,1,3,3,1,2,36,1,9,1,70,2,2,2
15492,5.0,5.0,2.0,1.0,1.0,2.0,4.0,4.0,4.0,2.0,3.0,5.0,4.0,1.0,2.0,2.0,3.0,4.0,4.0,5.0,6,5,6,3,5,5,3,2,3,7,1,1,0,1,0,0,0,0,0,1,0,0,0,1,1,1,2,2,1,2,17,1,2,1,0,2,1,0
15493,1.0,1.0,2.0,2.0,4.0,5.0,5.0,1.0,5.0,5.0,4.0,1.0,1.0,2.0,1.0,5.0,5.0,1.0,2.0,1.0,4,6,6,6,7,5,3,2,1,1,1,1,1,1,1,0,0,1,0,1,0,0,1,1,1,1,2,2,1,1,24,1,1,1,60,2,1,1
15494,2.0,4.0,3.0,4.0,1.0,2.0,2.0,3.0,4.0,2.0,2.0,2.0,2.0,2.0,1.0,2.0,2.0,4.0,4.0,1.0,1,5,5,2,2,5,5,3,7,5,1,1,0,1,1,0,0,0,0,1,0,0,1,1,1,1,3,2,2,1,30,1,1,1,60,1,2,5
15495,3.0,5.0,1.0,1.0,5.0,1.0,1.0,3.0,2.0,3.0,1.0,5.0,5.0,1.0,5.0,4.0,2.0,5.0,5.0,1.0,2,4,5,7,7,5,4,3,7,1,1,1,0,1,1,0,0,0,0,1,0,0,1,0,1,1,2,3,1,1,18,1,1,1,60,1,1,4
15496,5.0,4.0,1.0,2.0,1.0,1.0,1.0,4.0,5.0,2.0,1.0,5.0,5.0,3.0,4.0,1.0,1.0,5.0,3.0,3.0,5,7,1,1,4,6,5,1,7,6,1,1,0,1,1,1,1,1,1,1,0,1,0,1,1,1,3,3,1,2,31,1,1,1,70,1,2,3
15497,2.0,5.0,2.0,4.0,5.0,2.0,2.0,4.0,3.0,4.0,1.0,5.0,1.0,3.0,4.0,1.0,2.0,5.0,5.0,1.0,6,2,7,4,7,5,7,4,7,1,1,1,0,1,1,0,0,0,0,1,0,0,0,1,1,1,3,3,2,2,29,1,7,1,60,2,1,1
15498,5.0,5.0,1.0,3.0,3.0,3.0,5.0,4.0,3.0,1.0,4.0,4.0,4.0,3.0,5.0,1.0,1.0,5.0,5.0,5.0,5,7,7,7,7,7,4,2,4,2,1,1,0,1,1,0,0,0,1,1,0,0,0,0,1,1,4,3,2,2,32,1,2,3,10,1,1,3
15499,3.0,5.0,5.0,2.0,2.0,1.0,2.0,4.0,3.0,2.0,1.0,1.0,2.0,1.0,4.0,4.0,2.0,5.0,5.0,1.0,6,5,7,3,5,3,7,4,3,2,1,1,0,1,1,0,0,0,1,1,0,0,0,1,1,1,4,3,1,2,37,1,9,1,60,2,2,2
15500,1.0,2.0,1.0,4.0,2.0,4.0,1.0,2.0,4.0,5.0,1.0,2.0,2.0,4.0,2.0,1.0,1.0,1.0,5.0,4.0,6,5,7,6,6,5,7,1,6,3,1,1,0,1,1,0,0,0,0,1,0,0,1,1,1,1,3,2,2,1,23,1,1,1,60,1,1,2
15501,5.0,4.0,2.0,1.0,5.0,4.0,1.0,2.0,5.0,4.0,1.0,5.0,4.0,1.0,2.0,4.0,2.0,2.0,3.0,3.0,1,5,2,5,7,7,5,5,2,1,1,1,0,1,1,0,0,1,0,1,1,0,1,1,1,1,4,3,2,2,31,1,10,1,10,1,1,1
15502,4.0,5.0,2.0,1.0,5.0,2.0,2.0,2.0,1.0,2.0,1.0,2.0,5.0,1.0,5.0,1.0,1.0,5.0,4.0,1.0,3,5,3,5,6,2,5,1,3,1,1,1,0,1,1,0,0,0,0,1,0,0,1,1,1,1,0,0,2,1,39,1,12,1,60,2,2,1
15503,5.0,4.0,3.0,4.0,4.0,4.0,1.0,5.0,4.0,4.0,2.0,3.0,4.0,1.0,2.0,3.0,3.0,5.0,1.0,5.0,2,5,4,7,6,6,5,7,5,3,1,1,0,1,1,0,0,1,0,1,0,1,0,1,1,1,2,2,1,2,20,1,4,1,60,2,1,3
15504,5.0,5.0,1.0,1.0,5.0,1.0,1.0,5.0,2.0,1.0,1.0,5.0,5.0,1.0,5.0,1.0,1.0,4.0,5.0,1.0,1,6,7,5,6,7,2,7,3,2,1,1,1,1,1,0,0,1,0,1,1,0,1,1,1,1,3,1,2,1,22,1,1,1,60,1,1,3
15505,2.0,4.0,1.0,3.0,4.0,4.0,2.0,2.0,5.0,4.0,3.0,2.0,2.0,4.0,3.0,1.0,4.0,3.0,4.0,1.0,3,5,6,2,5,2,6,2,5,5,0,1,0,1,1,0,0,0,0,1,0,0,1,1,1,1,3,2,1,1,22,1,2,1,60,2,1,2
15506,5.0,5.0,1.0,1.0,5.0,1.0,1.0,5.0,1.0,1.0,1.0,5.0,1.0,1.0,5.0,1.0,1.0,5.0,5.0,5.0,3,2,6,1,6,6,2,3,6,1,1,1,0,1,1,0,0,0,0,1,0,0,0,1,1,1,3,3,1,1,26,1,2,1,30,1,1,3
15507,5.0,5.0,5.0,5.0,5.0,3.0,2.0,2.0,5.0,4.0,1.0,5.0,5.0,4.0,3.0,1.0,1.0,5.0,5.0,1.0,6,7,7,5,7,1,3,1,1,1,1,1,0,1,1,0,0,0,0,1,1,0,1,1,1,1,3,3,1,1,28,1,1,1,60,1,2,3
15508,5.0,5.0,4.0,4.0,4.0,1.0,1.0,5.0,5.0,1.0,1.0,2.0,1.0,1.0,4.0,4.0,5.0,5.0,5.0,3.0,7,6,7,1,6,5,7,1,7,2,1,1,0,1,1,0,0,0,0,1,1,0,1,1,1,1,4,1,1,2,30,1,7,1,60,1,2,2
15509,4.0,5.0,2.0,2.0,5.0,2.0,4.0,5.0,2.0,2.0,1.0,5.0,5.0,2.0,5.0,4.0,1.0,5.0,2.0,1.0,5,6,7,3,6,2,5,1,5,3,1,0,0,1,1,0,0,0,0,1,0,0,0,0,1,1,4,3,2,2,27,1,4,1,10,1,1,1
15510,3.0,2.0,4.0,4.0,3.0,5.0,2.0,3.0,2.0,4.0,3.0,3.0,2.0,3.0,3.0,1.0,3.0,3.0,4.0,3.0,3,2,4,5,6,7,7,1,5,2,1,0,0,1,0,0,0,0,0,0,0,0,0,0,0,0,1,3,2,1,16,1,0,0,60,2,1,2
15511,2.0,1.0,4.0,2.0,3.0,4.0,4.0,4.0,4.0,4.0,2.0,4.0,3.0,2.0,5.0,4.0,3.0,5.0,5.0,1.0,6,6,6,2,7,5,4,1,5,1,1,0,0,1,1,0,0,0,0,1,0,0,0,0,1,1,4,3,1,2,36,1,1,1,60,2,1,1
15512,2.0,4.0,5.0,4.0,5.0,3.0,1.0,5.0,3.0,2.0,2.0,5.0,3.0,1.0,4.0,3.0,5.0,5.0,5.0,3.0,6,7,7,7,7,7,4,5,6,3,0,0,0,0,0,0,0,0,0,0,0,0,0,0,0,0,4,1,1,1,35,1,4,1,60,0,1,3
15513,3.0,3.0,3.0,4.0,2.0,3.0,2.0,3.0,5.0,4.0,2.0,4.0,2.0,4.0,1.0,2.0,3.0,1.0,5.0,1.0,4,5,7,2,7,5,4,1,6,7,1,1,1,1,1,0,1,1,0,1,1,1,1,1,1,1,3,1,2,1,48,2,1,2,60,1,2,3
15514,2.0,4.0,2.0,3.0,2.0,1.0,1.0,4.0,5.0,1.0,3.0,5.0,2.0,1.0,3.0,2.0,2.0,2.0,5.0,4.0,4,5,7,3,6,3,3,1,6,5,1,1,0,1,1,0,1,1,0,1,1,0,1,1,1,1,4,3,1,1,47,1,1,1,70,1,2,3
15515,4.0,2.0,2.0,4.0,4.0,2.0,2.0,2.0,5.0,2.0,2.0,2.0,4.0,4.0,4.0,4.0,2.0,2.0,4.0,3.0,6,6,7,5,5,5,7,3,5,3,0,0,0,0,0,0,0,0,0,0,0,0,0,0,0,1,1,3,2,1,16,1,7,1,60,2,1,2
15516,4.0,5.0,3.0,1.0,3.0,2.0,2.0,4.0,5.0,2.0,1.0,5.0,5.0,1.0,5.0,2.0,4.0,4.0,5.0,3.0,3,7,7,5,6,6,6,1,3,3,1,1,1,1,1,0,0,0,0,1,0,0,1,1,1,1,4,2,1,1,31,1,2,1,60,1,1,0
15517,1.0,1.0,5.0,4.0,2.0,4.0,2.0,2.0,5.0,4.0,2.0,1.0,1.0,3.0,1.0,5.0,5.0,1.0,4.0,1.0,1,5,2,7,7,6,7,7,1,3,1,1,0,1,1,0,0,1,0,1,0,0,1,1,1,1,3,2,1,1,23,1,2,2,60,2,1,2
15518,5.0,4.0,1.0,1.0,5.0,1.0,1.0,5.0,1.0,1.0,1.0,5.0,4.0,1.0,5.0,1.0,1.0,5.0,5.0,5.0,6,5,7,4,5,2,2,1,3,4,1,1,0,1,1,1,0,0,0,1,0,0,1,1,1,1,3,3,1,1,37,1,1,1,60,1,1,2
15519,1.0,2.0,4.0,5.0,4.0,5.0,4.0,1.0,5.0,5.0,2.0,4.0,2.0,5.0,4.0,5.0,2.0,4.0,4.0,1.0,5,2,6,4,7,7,7,3,5,2,1,1,1,1,1,0,1,1,0,1,0,0,1,1,1,1,4,3,2,2,30,1,7,1,60,2,1,1
15520,5.0,4.0,3.0,4.0,5.0,5.0,2.0,5.0,1.0,5.0,4.0,5.0,5.0,5.0,4.0,5.0,1.0,5.0,4.0,5.0,6,6,5,4,6,5,7,4,3,1,1,1,1,1,0,0,0,0,0,1,0,0,0,1,1,1,2,2,2,2,18,1,7,1,60,2,1,3
15521,4.0,4.0,2.0,3.0,3.0,2.0,3.0,2.0,4.0,1.0,1.0,5.0,2.0,2.0,4.0,1.0,4.0,3.0,5.0,2.0,2,4,4,1,7,6,2,7,6,2,1,1,0,1,1,0,0,0,0,1,0,0,1,1,1,1,3,1,2,1,19,1,1,1,60,2,1,4
15522,2.0,2.0,4.0,4.0,3.0,4.0,2.0,1.0,5.0,5.0,2.0,4.0,1.0,5.0,4.0,4.0,2.0,4.0,5.0,1.0,1,2,6,7,6,7,5,5,5,2,1,1,0,1,1,0,0,1,0,1,0,0,0,1,1,1,3,2,2,1,38,1,7,2,60,1,3,2
15523,3.0,4.0,1.0,3.0,5.0,2.0,4.0,1.0,5.0,3.0,1.0,4.0,3.0,3.0,5.0,1.0,2.0,4.0,5.0,1.0,5,5,5,6,4,3,6,3,4,2,1,1,1,1,1,0,0,0,0,1,0,0,1,1,1,1,3,1,2,1,22,1,1,5,70,1,1,2
15524,1.0,1.0,4.0,1.0,1.0,2.0,1.0,1.0,5.0,5.0,1.0,5.0,1.0,1.0,1.0,1.0,5.0,1.0,5.0,1.0,1,1,7,7,7,7,7,1,1,1,1,1,1,1,1,0,0,0,0,1,0,0,1,1,1,1,3,2,2,1,53,1,6,1,60,2,3,4
15525,3.0,3.0,1.0,2.0,5.0,1.0,1.0,4.0,4.0,2.0,1.0,5.0,2.0,1.0,4.0,2.0,4.0,3.0,5.0,5.0,4,5,5,3,3,4,3,3,5,3,1,1,1,1,1,0,0,0,0,1,0,1,0,1,1,1,3,3,2,1,21,1,4,1,60,2,1,4
15526,2.0,1.0,1.0,3.0,5.0,1.0,1.0,4.0,4.0,4.0,1.0,5.0,1.0,1.0,2.0,1.0,5.0,4.0,5.0,1.0,6,6,6,1,7,5,2,5,6,3,1,1,1,1,1,0,0,1,0,1,0,0,1,1,1,1,3,1,1,1,44,2,2,1,60,1,2,3
15527,2.0,3.0,3.0,5.0,2.0,2.0,1.0,1.0,5.0,3.0,3.0,2.0,2.0,3.0,4.0,4.0,2.0,2.0,5.0,1.0,6,3,6,6,5,4,7,5,4,2,1,1,1,1,1,0,1,0,0,1,1,1,1,1,1,1,3,2,2,1,33,1,12,1,60,1,2,1
15528,4.0,2.0,3.0,4.0,5.0,2.0,1.0,5.0,5.0,2.0,2.0,5.0,2.0,2.0,4.0,1.0,3.0,4.0,5.0,2.0,6,6,6,2,6,6,7,2,7,2,1,1,1,1,1,0,0,0,0,1,0,0,0,1,1,1,3,1,1,2,29,2,4,1,60,2,2,3
15529,3.0,4.0,5.0,4.0,1.0,2.0,2.0,4.0,3.0,4.0,2.0,4.0,1.0,2.0,1.0,4.0,5.0,2.0,5.0,1.0,2,1,7,2,5,6,6,2,6,5,1,1,0,1,1,0,0,1,0,1,0,0,1,1,1,1,2,2,2,1,19,1,1,1,70,2,1,2
15530,3.0,5.0,2.0,2.0,4.0,3.0,2.0,2.0,5.0,4.0,2.0,4.0,4.0,2.0,4.0,5.0,3.0,4.0,4.0,1.0,6,4,5,5,5,5,5,6,5,4,1,1,0,1,1,0,0,0,0,1,0,0,1,1,1,1,2,2,1,1,22,1,2,1,60,1,1,2
15531,5.0,3.0,5.0,2.0,3.0,1.0,1.0,3.0,1.0,1.0,1.0,5.0,3.0,1.0,3.0,2.0,2.0,1.0,5.0,2.0,4,2,2,5,5,2,2,7,4,4,1,0,0,1,0,0,0,1,0,1,0,0,0,0,1,1,3,3,1,2,35,1,7,1,70,2,2,2
15532,4.0,3.0,4.0,3.0,4.0,2.0,1.0,2.0,5.0,3.0,2.0,5.0,2.0,3.0,1.0,1.0,2.0,3.0,5.0,3.0,4,4,3,5,7,5,6,5,3,1,1,1,0,1,1,0,0,0,0,1,1,0,1,1,1,1,3,1,2,1,32,1,12,2,60,1,1,2
15533,5.0,3.0,2.0,3.0,3.0,3.0,1.0,1.0,4.0,5.0,1.0,3.0,3.0,1.0,4.0,4.0,2.0,5.0,2.0,2.0,5,3,4,2,5,6,5,5,7,1,1,1,0,1,1,0,0,0,0,1,0,0,0,0,1,1,2,3,1,2,16,1,10,1,20,2,1,5
15534,2.0,2.0,2.0,5.0,4.0,5.0,3.0,2.0,4.0,5.0,1.0,3.0,1.0,5.0,5.0,5.0,3.0,5.0,1.0,3.0,7,7,6,4,7,2,6,1,6,6,1,1,1,1,1,0,0,0,1,1,1,1,1,1,1,1,3,1,2,2,43,1,4,1,70,1,2,2
15535,4.0,4.0,1.0,1.0,5.0,1.0,2.0,5.0,5.0,4.0,1.0,4.0,4.0,2.0,5.0,1.0,1.0,5.0,5.0,4.0,6,5,5,7,6,3,7,1,3,1,1,1,1,1,1,0,1,1,0,1,0,0,1,1,1,1,4,2,2,1,35,1,6,1,60,2,1,6
15536,5.0,5.0,4.0,4.0,4.0,2.0,2.0,4.0,3.0,1.0,3.0,5.0,4.0,3.0,5.0,5.0,2.0,4.0,4.0,1.0,6,5,7,5,6,4,4,2,7,2,1,1,0,1,1,0,0,0,0,0,0,0,1,1,1,1,3,2,1,1,33,1,1,1,10,1,1,4
15537,5.0,5.0,4.0,1.0,4.0,1.0,1.0,3.0,1.0,2.0,1.0,5.0,4.0,2.0,5.0,1.0,1.0,5.0,5.0,1.0,6,7,6,7,7,3,7,4,2,2,1,1,1,1,1,0,1,1,0,1,1,0,1,1,1,1,4,3,1,1,44,2,4,1,60,1,1,2
15538,3.0,1.0,4.0,2.0,4.0,1.0,1.0,4.0,5.0,1.0,1.0,5.0,5.0,3.0,4.0,1.0,3.0,4.0,4.0,3.0,1,5,5,5,6,7,4,4,2,1,1,1,1,1,1,0,1,1,0,1,0,1,1,1,1,1,4,2,2,1,33,1,6,1,60,1,2,3
15539,4.0,3.0,3.0,2.0,3.0,2.0,2.0,2.0,3.0,2.0,2.0,4.0,1.0,2.0,1.0,1.0,2.0,3.0,5.0,1.0,1,6,5,7,7,7,5,6,2,3,0,0,0,0,0,1,0,0,1,0,0,1,0,0,0,0,4,3,1,1,23,1,2,2,60,2,1,1
15540,4.0,4.0,2.0,2.0,4.0,1.0,3.0,5.0,2.0,3.0,1.0,5.0,4.0,1.0,5.0,1.0,1.0,2.0,5.0,2.0,3,5,7,6,7,7,5,1,3,3,1,0,0,1,1,1,0,1,0,1,0,0,1,1,1,1,4,2,1,2,30,1,2,1,10,2,1,2
15541,2.0,4.0,5.0,4.0,2.0,4.0,2.0,4.0,4.0,4.0,3.0,4.0,1.0,3.0,2.0,4.0,5.0,2.0,5.0,1.0,2,1,4,7,3,7,7,6,2,5,1,1,0,1,1,0,0,0,0,1,0,0,1,1,1,1,2,2,1,1,18,1,2,1,60,1,1,2
15542,2.0,4.0,3.0,3.0,4.0,4.0,1.0,4.0,5.0,3.0,2.0,2.0,3.0,3.0,4.0,1.0,1.0,4.0,4.0,2.0,5,6,5,5,6,6,7,3,6,1,1,1,0,1,1,0,0,0,0,1,0,1,1,0,1,1,4,2,1,1,23,1,1,1,60,1,1,1
15543,2.0,2.0,4.0,3.0,1.0,4.0,5.0,2.0,5.0,5.0,3.0,4.0,1.0,3.0,2.0,1.0,2.0,3.0,4.0,1.0,3,6,5,5,7,4,6,4,3,2,1,1,0,1,1,0,0,1,0,1,0,0,1,1,1,1,2,3,2,1,32,1,1,2,60,1,3,1
15544,1.0,2.0,5.0,4.0,1.0,4.0,1.0,1.0,5.0,5.0,4.0,4.0,2.0,5.0,1.0,1.0,2.0,4.0,1.0,1.0,6,2,6,2,7,1,7,5,3,1,1,1,1,1,1,0,1,1,0,1,1,0,1,1,1,1,4,2,1,1,64,1,6,2,60,1,2,5
15545,4.0,2.0,2.0,1.0,4.0,1.0,2.0,2.0,2.0,2.0,1.0,5.0,5.0,1.0,2.0,1.0,2.0,4.0,4.0,2.0,5,5,3,2,7,6,5,4,4,1,1,1,0,1,1,0,0,1,0,1,0,0,1,1,1,1,3,1,1,2,33,1,4,1,60,2,1,3
15546,5.0,4.0,1.0,1.0,4.0,2.0,1.0,5.0,3.0,1.0,1.0,5.0,4.0,1.0,4.0,1.0,1.0,4.0,5.0,3.0,1,3,7,5,6,7,3,1,7,4,1,1,1,0,1,0,1,1,0,1,0,1,1,1,1,1,4,2,2,1,30,1,1,1,60,2,1,3
15547,3.0,3.0,2.0,3.0,3.0,2.0,1.0,1.0,3.0,4.0,1.0,4.0,2.0,1.0,4.0,2.0,2.0,4.0,5.0,1.0,7,2,7,5,7,1,6,5,3,1,1,1,1,1,1,0,0,1,0,1,1,0,1,1,1,1,3,3,1,1,45,1,3,1,60,1,3,2
15548,1.0,1.0,2.0,5.0,1.0,3.0,4.0,1.0,5.0,5.0,2.0,1.0,1.0,5.0,1.0,4.0,5.0,3.0,3.0,1.0,6,6,5,6,6,4,7,2,4,2,1,1,0,1,1,0,1,1,0,1,1,0,1,1,1,1,4,3,2,2,56,1,4,1,60,1,2,2
15549,5.0,1.0,5.0,3.0,3.0,1.0,3.0,1.0,5.0,5.0,4.0,4.0,4.0,1.0,2.0,1.0,5.0,4.0,5.0,1.0,1,5,2,4,3,7,3,6,6,7,1,1,1,1,1,0,0,1,0,1,0,1,1,1,1,1,4,3,1,1,15,3,7,4,10,2,1,2
15550,5.0,5.0,2.0,1.0,5.0,1.0,5.0,5.0,1.0,1.0,3.0,5.0,5.0,3.0,3.0,1.0,1.0,4.0,5.0,4.0,4,1,1,4,1,6,1,4,4,4,0,0,1,1,0,0,1,0,0,0,1,0,0,0,1,0,3,3,1,2,20,3,12,5,70,2,1,48
15551,4.0,4.0,2.0,3.0,5.0,2.0,2.0,2.0,4.0,4.0,1.0,5.0,1.0,1.0,4.0,2.0,1.0,5.0,3.0,4.0,2,5,2,4,7,1,5,6,1,2,1,1,0,1,1,0,0,1,0,1,0,0,0,1,1,1,3,2,1,1,25,1,4,1,60,1,1,3
15552,5.0,5.0,3.0,2.0,5.0,1.0,3.0,4.0,2.0,2.0,1.0,3.0,5.0,1.0,5.0,3.0,1.0,4.0,5.0,4.0,4,5,4,5,7,3,4,3,5,4,0,1,0,1,1,0,0,0,0,1,0,0,0,1,1,1,2,3,1,1,23,1,1,2,60,1,1,4
15553,5.0,5.0,1.0,4.0,5.0,1.0,1.0,5.0,1.0,1.0,1.0,5.0,5.0,2.0,5.0,4.0,1.0,5.0,5.0,5.0,7,1,7,3,7,1,5,5,7,1,1,1,0,1,1,0,0,0,1,1,0,0,0,0,1,1,3,3,1,1,29,1,6,0,30,2,1,6
15554,2.0,4.0,2.0,3.0,4.0,4.0,4.0,2.0,4.0,5.0,1.0,4.0,4.0,1.0,4.0,1.0,1.0,5.0,5.0,4.0,6,7,7,6,4,2,6,1,4,1,1,1,0,1,1,0,0,0,0,1,1,0,0,1,1,1,3,1,2,2,43,1,2,2,60,2,3,3
15555,5.0,5.0,4.0,1.0,5.0,3.0,1.0,5.0,4.0,1.0,1.0,2.0,5.0,1.0,5.0,1.0,1.0,5.0,5.0,5.0,2,6,5,7,7,5,4,6,2,1,1,1,1,1,1,0,0,0,0,1,0,0,1,1,1,1,2,1,1,1,26,1,12,2,60,2,1,3
15556,2.0,2.0,1.0,3.0,2.0,4.0,4.0,1.0,5.0,4.0,1.0,1.0,2.0,1.0,2.0,3.0,1.0,1.0,4.0,1.0,6,2,6,1,7,5,2,2,6,2,1,1,1,1,1,0,1,1,0,1,1,1,1,1,1,1,4,3,1,1,42,1,4,1,60,1,3,3
15557,4.0,4.0,3.0,1.0,5.0,3.0,2.0,3.0,5.0,5.0,1.0,5.0,2.0,1.0,4.0,1.0,4.0,5.0,5.0,5.0,2,3,2,5,5,6,1,3,5,4,0,0,0,0,0,0,0,0,0,1,0,0,0,1,0,1,2,2,1,2,18,1,1,1,60,2,1,2
15558,5.0,2.0,2.0,1.0,5.0,1.0,1.0,4.0,3.0,1.0,1.0,5.0,3.0,1.0,5.0,1.0,1.0,5.0,5.0,3.0,3,5,2,3,7,6,2,6,6,1,1,1,0,1,1,0,0,0,0,1,0,0,1,1,1,1,2,1,1,2,33,1,1,1,60,2,1,3
15559,1.0,3.0,5.0,3.0,3.0,4.0,5.0,4.0,5.0,4.0,1.0,4.0,1.0,3.0,2.0,5.0,5.0,5.0,5.0,4.0,4,5,2,5,6,6,7,2,4,1,1,1,1,1,1,0,1,1,0,1,0,0,1,1,1,1,3,3,2,2,34,1,12,1,60,2,1,1
15560,5.0,3.0,2.0,5.0,5.0,1.0,1.0,1.0,5.0,4.0,1.0,5.0,5.0,1.0,1.0,1.0,1.0,5.0,5.0,2.0,1,7,4,7,7,5,7,5,2,1,1,1,0,1,1,0,0,0,0,1,0,1,1,1,1,1,2,3,2,1,20,2,10,1,10,1,1,4
15561,1.0,3.0,4.0,5.0,4.0,2.0,2.0,2.0,5.0,5.0,2.0,4.0,1.0,1.0,2.0,4.0,3.0,4.0,5.0,1.0,6,5,4,1,5,2,6,3,7,2,1,1,0,1,1,0,0,0,0,1,0,0,1,1,1,1,2,3,2,2,18,1,1,1,60,2,1,2
15562,5.0,1.0,2.0,1.0,5.0,5.0,2.0,5.0,5.0,5.0,1.0,5.0,5.0,2.0,1.0,1.0,1.0,5.0,5.0,4.0,6,6,2,6,4,1,5,1,1,3,0,1,1,1,0,0,0,0,0,0,0,0,1,1,1,1,3,3,2,2,19,1,2,1,60,2,1,2
15563,2.0,5.0,4.0,3.0,2.0,4.0,2.0,2.0,5.0,4.0,2.0,2.0,1.0,3.0,2.0,2.0,4.0,2.0,5.0,1.0,2,3,3,6,3,6,5,3,2,3,1,1,0,1,1,0,0,1,0,1,0,0,1,1,1,1,2,1,2,2,18,1,4,2,60,2,1,2
15564,1.0,1.0,1.0,5.0,4.0,5.0,1.0,1.0,5.0,5.0,1.0,4.0,1.0,1.0,3.0,5.0,3.0,5.0,5.0,5.0,4,1,6,1,6,6,7,2,6,5,1,1,0,1,1,1,0,0,0,1,1,0,1,1,1,1,3,3,2,2,53,1,2,1,60,2,2,1
15565,5.0,1.0,4.0,2.0,4.0,2.0,3.0,2.0,5.0,5.0,3.0,5.0,1.0,1.0,5.0,5.0,1.0,2.0,3.0,1.0,6,2,7,5,6,3,6,3,5,4,1,1,0,1,1,0,0,0,0,1,0,0,1,0,1,1,2,3,1,1,35,1,7,1,30,1,2,7
15566,4.0,4.0,4.0,2.0,2.0,2.0,2.0,5.0,4.0,3.0,1.0,5.0,2.0,1.0,4.0,3.0,2.0,2.0,3.0,3.0,7,7,7,5,7,6,3,1,7,7,1,1,0,1,1,0,0,0,0,1,0,0,1,1,1,1,4,2,1,1,30,1,7,1,60,2,2,2
15567,5.0,4.0,4.0,5.0,1.0,5.0,5.0,1.0,5.0,5.0,5.0,4.0,5.0,4.0,5.0,1.0,1.0,2.0,1.0,2.0,3,5,6,2,7,7,1,1,7,6,1,1,0,1,1,0,0,1,0,1,0,0,1,1,1,1,4,1,2,1,72,1,7,1,60,1,2,2
15568,4.0,4.0,1.0,4.0,4.0,4.0,4.0,1.0,5.0,4.0,1.0,5.0,4.0,1.0,4.0,1.0,1.0,2.0,5.0,3.0,5,6,5,2,5,3,5,2,6,2,1,1,1,1,1,0,0,0,0,1,0,0,1,1,1,1,3,1,1,1,47,1,6,1,30,2,3,2
15569,3.0,3.0,4.0,4.0,4.0,2.0,3.0,2.0,5.0,2.0,4.0,4.0,1.0,2.0,4.0,2.0,1.0,3.0,4.0,2.0,5,6,2,5,7,6,2,4,3,1,0,0,1,0,0,1,1,1,1,0,0,1,1,0,0,0,3,3,2,2,28,1,1,1,60,2,1,0
15570,5.0,5.0,2.0,1.0,5.0,2.0,1.0,4.0,1.0,2.0,1.0,5.0,5.0,1.0,4.0,3.0,1.0,4.0,3.0,4.0,3,6,3,6,5,4,5,6,2,1,0,0,0,0,1,0,0,0,0,1,0,1,0,0,1,1,3,3,1,2,22,1,12,1,60,2,1,4
15571,1.0,1.0,5.0,2.0,2.0,4.0,2.0,3.0,5.0,4.0,1.0,2.0,1.0,2.0,1.0,5.0,4.0,1.0,3.0,1.0,3,3,3,2,6,6,6,2,6,5,1,1,1,1,1,0,0,0,0,1,0,0,1,1,1,1,4,1,2,1,29,1,7,1,60,2,1,2
15572,5.0,4.0,4.0,5.0,5.0,2.0,1.0,5.0,5.0,5.0,1.0,5.0,4.0,1.0,4.0,2.0,5.0,5.0,5.0,2.0,5,1,6,3,2,2,7,5,4,1,1,1,0,1,1,0,0,0,0,1,0,0,0,1,1,1,3,1,1,2,26,1,8,1,70,1,1,1
15573,5.0,2.0,1.0,3.0,4.0,1.0,2.0,2.0,3.0,2.0,1.0,5.0,4.0,1.0,5.0,1.0,2.0,3.0,5.0,2.0,5,4,4,5,7,3,6,6,3,4,1,1,1,1,1,0,0,0,0,1,0,0,0,1,1,1,0,2,1,1,20,2,1,1,60,1,1,3
15574,5.0,5.0,1.0,5.0,5.0,1.0,1.0,5.0,2.0,4.0,1.0,5.0,5.0,1.0,5.0,1.0,1.0,5.0,5.0,1.0,7,3,7,5,7,2,7,3,5,1,1,1,0,1,1,0,0,0,0,1,0,0,1,1,1,1,2,3,2,1,19,1,12,2,70,1,1,3
15575,4.0,5.0,5.0,3.0,5.0,2.0,2.0,2.0,5.0,1.0,2.0,5.0,3.0,3.0,5.0,5.0,1.0,2.0,5.0,5.0,7,4,6,1,7,5,7,5,6,2,1,1,0,1,1,0,1,0,0,1,0,0,1,1,1,1,3,1,1,1,43,2,6,3,60,1,1,2
15576,1.0,2.0,2.0,4.0,1.0,4.0,4.0,4.0,4.0,5.0,2.0,1.0,1.0,2.0,2.0,1.0,2.0,1.0,3.0,1.0,3,2,7,2,5,6,2,1,7,5,1,1,0,1,1,0,0,0,0,1,0,0,1,1,1,1,3,2,1,1,21,2,6,3,60,2,1,1
15577,3.0,5.0,4.0,1.0,4.0,4.0,3.0,3.0,4.0,4.0,2.0,3.0,2.0,3.0,3.0,3.0,2.0,4.0,4.0,3.0,1,5,4,6,5,6,4,3,4,2,0,1,0,1,1,0,0,0,0,1,0,0,0,1,1,1,2,3,1,2,16,2,0,2,70,2,1,3
15578,5.0,2.0,2.0,1.0,1.0,1.0,2.0,4.0,3.0,3.0,1.0,5.0,2.0,1.0,3.0,1.0,2.0,4.0,4.0,2.0,6,6,2,7,5,4,2,4,3,1,1,1,0,1,1,0,0,0,0,1,0,0,0,1,1,1,3,3,2,2,22,1,1,1,60,1,1,2
15579,3.0,5.0,1.0,4.0,5.0,1.0,1.0,1.0,3.0,3.0,2.0,5.0,1.0,1.0,5.0,1.0,1.0,4.0,5.0,3.0,7,5,2,3,6,1,3,5,4,1,1,1,0,1,1,0,1,0,0,1,0,0,1,1,1,1,2,2,1,1,20,1,1,1,60,2,1,2
15580,5.0,5.0,1.0,1.0,5.0,1.0,1.0,5.0,5.0,1.0,1.0,5.0,5.0,1.0,1.0,1.0,1.0,5.0,5.0,5.0,6,7,6,1,7,7,7,1,7,1,1,1,0,1,1,0,0,1,0,1,0,0,1,1,1,1,3,1,1,1,28,1,2,1,60,2,1,6
15581,5.0,1.0,1.0,1.0,5.0,2.0,2.0,5.0,5.0,1.0,1.0,5.0,1.0,1.0,2.0,1.0,1.0,1.0,4.0,5.0,7,6,1,3,7,3,6,5,7,1,1,1,1,1,1,0,0,1,0,1,0,0,0,1,1,1,3,3,1,2,22,1,10,1,20,2,1,2
15582,2.0,2.0,2.0,1.0,4.0,4.0,2.0,1.0,5.0,5.0,1.0,4.0,2.0,1.0,5.0,1.0,1.0,5.0,5.0,1.0,5,6,7,5,2,5,1,7,7,2,1,1,0,1,1,0,0,0,0,1,0,1,1,1,1,1,4,2,1,1,63,1,6,1,60,1,2,3
15583,5.0,5.0,4.0,2.0,3.0,1.0,1.0,4.0,2.0,1.0,1.0,5.0,5.0,1.0,5.0,3.0,1.0,4.0,2.0,3.0,7,7,6,2,1,1,3,2,7,5,1,1,0,1,1,1,0,1,0,1,0,0,1,1,1,1,3,2,2,1,35,1,7,1,70,1,1,2
15584,1.0,1.0,4.0,4.0,4.0,4.0,2.0,2.0,1.0,1.0,2.0,2.0,2.0,4.0,4.0,2.0,4.0,4.0,5.0,1.0,2,6,7,5,7,5,6,2,5,3,1,1,1,1,1,0,1,0,0,1,0,0,1,1,1,1,4,2,2,1,43,1,6,1,60,1,2,2
15585,3.0,3.0,3.0,2.0,3.0,2.0,5.0,5.0,4.0,3.0,1.0,5.0,2.0,1.0,3.0,1.0,5.0,4.0,3.0,5.0,3,2,1,7,7,1,4,6,1,1,1,1,0,1,1,0,0,1,0,1,0,0,0,1,1,1,4,1,2,2,31,1,12,1,0,1,1,3
15586,5.0,4.0,4.0,5.0,4.0,2.0,2.0,5.0,5.0,4.0,2.0,5.0,2.0,3.0,2.0,1.0,3.0,4.0,5.0,4.0,1,1,5,1,6,5,6,5,7,2,1,1,0,1,1,0,1,1,0,1,0,0,1,1,1,1,4,3,1,2,24,1,1,1,10,1,1,2
15587,5.0,1.0,3.0,3.0,4.0,2.0,2.0,3.0,5.0,2.0,1.0,3.0,4.0,3.0,3.0,2.0,3.0,5.0,4.0,1.0,5,4,5,6,7,4,5,6,7,1,1,1,0,1,1,0,0,0,1,1,0,0,1,1,1,1,2,3,1,2,21,1,1,1,70,1,1,3
15588,2.0,4.0,5.0,4.0,1.0,4.0,3.0,1.0,5.0,4.0,1.0,1.0,1.0,3.0,3.0,4.0,2.0,5.0,5.0,2.0,1,7,6,7,5,7,5,5,3,6,1,1,0,1,1,0,0,1,0,1,1,1,1,1,1,1,2,1,1,2,22,1,2,1,60,1,1,2
15589,3.0,4.0,1.0,1.0,4.0,1.0,1.0,5.0,3.0,1.0,2.0,5.0,4.0,2.0,4.0,1.0,2.0,4.0,5.0,2.0,1,4,4,6,2,3,6,2,2,5,1,1,1,1,1,0,1,0,0,1,1,0,0,1,1,1,0,3,2,1,66,1,2,4,60,1,3,1
15590,3.0,1.0,3.0,4.0,1.0,4.0,2.0,1.0,5.0,5.0,1.0,1.0,1.0,4.0,4.0,5.0,5.0,1.0,5.0,1.0,6,5,6,6,7,2,7,1,6,2,1,1,0,1,1,0,0,0,0,1,0,0,0,1,1,1,3,3,2,1,35,1,2,1,70,1,2,4
15591,5.0,5.0,1.0,1.0,5.0,1.0,1.0,5.0,3.0,2.0,1.0,5.0,5.0,1.0,3.0,1.0,1.0,4.0,5.0,3.0,4,4,7,2,6,4,0,1,7,2,1,1,0,1,1,0,0,0,0,1,0,0,0,1,1,1,4,3,2,2,26,1,2,1,60,2,1,3
15592,3.0,1.0,1.0,1.0,4.0,3.0,5.0,1.0,1.0,2.0,1.0,4.0,1.0,1.0,1.0,2.0,1.0,1.0,1.0,4.0,6,4,5,3,6,7,6,5,6,4,1,1,1,1,0,0,0,0,0,1,0,0,1,1,0,1,2,2,1,2,22,1,8,1,60,2,1,9
15593,5.0,5.0,2.0,1.0,2.0,1.0,1.0,5.0,3.0,1.0,1.0,5.0,5.0,1.0,5.0,1.0,1.0,5.0,5.0,2.0,2,7,7,5,7,3,1,1,3,1,1,1,1,1,1,0,0,0,1,1,1,1,1,1,1,1,2,1,1,1,32,1,1,3,60,1,1,4
15594,1.0,1.0,1.0,1.0,3.0,5.0,5.0,1.0,5.0,5.0,1.0,3.0,1.0,2.0,1.0,5.0,3.0,1.0,1.0,1.0,3,1,7,4,7,5,7,1,7,4,1,1,0,1,1,0,0,0,0,1,0,0,0,1,1,1,3,3,2,1,42,1,7,1,60,2,2,6
15595,2.0,3.0,2.0,4.0,3.0,1.0,1.0,4.0,2.0,3.0,1.0,2.0,4.0,2.0,5.0,3.0,1.0,4.0,5.0,3.0,3,2,7,1,7,5,5,2,7,7,1,1,1,1,1,0,1,1,0,1,1,0,1,1,1,1,4,3,2,1,99,1,7,1,60,1,2,1
15596,5.0,2.0,5.0,1.0,5.0,4.0,2.0,5.0,5.0,5.0,1.0,5.0,4.0,1.0,4.0,4.0,2.0,4.0,4.0,1.0,1,3,3,7,5,7,5,7,1,5,1,1,0,1,1,0,0,0,0,1,0,0,0,1,1,1,3,1,2,2,22,1,1,1,10,1,1,3
15597,5.0,4.0,2.0,2.0,4.0,2.0,2.0,4.0,4.0,2.0,2.0,4.0,2.0,2.0,4.0,3.0,3.0,4.0,5.0,3.0,2,6,7,7,7,7,6,2,3,1,1,1,0,1,1,0,0,0,0,1,0,0,1,1,1,1,3,2,2,1,23,1,1,2,60,1,1,3
15598,4.0,2.0,2.0,2.0,5.0,3.0,2.0,4.0,3.0,4.0,2.0,5.0,3.0,2.0,4.0,2.0,2.0,2.0,5.0,3.0,1,6,6,1,5,7,2,2,6,5,1,1,1,1,1,0,0,0,1,1,0,0,1,1,1,1,3,1,1,1,21,1,1,1,60,1,1,2
15599,4.0,5.0,4.0,2.0,5.0,1.0,2.0,1.0,4.0,3.0,1.0,4.0,1.0,1.0,5.0,1.0,5.0,2.0,5.0,2.0,6,6,3,5,4,2,7,3,6,1,1,1,1,1,1,0,0,1,0,1,0,1,1,1,1,1,3,2,2,2,18,1,2,1,60,1,1,1
15600,1.0,1.0,3.0,2.0,3.0,5.0,4.0,3.0,5.0,5.0,1.0,1.0,1.0,2.0,3.0,2.0,4.0,1.0,5.0,3.0,6,5,4,2,6,1,6,2,7,2,1,1,1,1,0,0,1,0,0,1,0,0,1,1,1,1,2,1,2,2,21,1,4,1,70,1,1,2
15601,5.0,5.0,2.0,5.0,1.0,2.0,5.0,2.0,2.0,1.0,1.0,4.0,3.0,1.0,4.0,5.0,5.0,2.0,5.0,1.0,3,5,7,5,7,6,6,1,3,1,1,1,1,1,1,1,0,0,0,1,0,0,1,1,1,1,2,3,2,1,33,1,12,1,60,2,1,0
15602,5.0,5.0,1.0,1.0,5.0,1.0,1.0,5.0,5.0,5.0,1.0,5.0,1.0,1.0,5.0,1.0,1.0,5.0,5.0,3.0,1,6,7,1,7,7,1,7,7,6,1,1,1,1,1,0,0,1,0,1,0,0,1,1,1,1,4,2,1,1,25,2,6,1,70,2,1,4
15603,4.0,1.0,1.0,3.0,4.0,2.0,2.0,2.0,4.0,5.0,3.0,5.0,1.0,2.0,3.0,5.0,2.0,5.0,5.0,2.0,5,7,7,1,7,5,2,1,6,2,1,1,0,1,1,1,0,0,1,1,0,1,0,1,1,1,3,1,1,1,23,1,7,2,70,1,1,3
15604,4.0,4.0,2.0,2.0,5.0,2.0,2.0,4.0,5.0,4.0,1.0,5.0,3.0,2.0,2.0,1.0,2.0,4.0,5.0,4.0,5,6,6,3,6,7,7,6,5,3,1,1,0,1,1,1,0,0,0,1,0,0,1,1,1,1,3,3,2,1,29,1,4,1,60,1,1,2
15605,1.0,3.0,5.0,4.0,5.0,5.0,5.0,1.0,5.0,3.0,1.0,5.0,1.0,2.0,3.0,1.0,1.0,1.0,5.0,1.0,2,3,6,4,5,7,5,1,6,5,1,1,1,1,1,0,1,1,0,1,0,1,1,1,1,1,4,1,2,1,43,1,4,1,60,1,2,1
15606,5.0,5.0,1.0,4.0,5.0,1.0,1.0,5.0,1.0,1.0,1.0,5.0,5.0,1.0,5.0,5.0,1.0,5.0,5.0,2.0,1,6,6,2,7,7,2,5,7,1,1,1,0,1,1,0,1,1,0,1,1,0,1,1,1,1,3,2,1,1,23,1,2,1,60,1,1,1
15607,5.0,5.0,1.0,1.0,5.0,1.0,2.0,5.0,2.0,1.0,1.0,4.0,5.0,1.0,5.0,3.0,1.0,4.0,5.0,4.0,2,7,3,2,7,6,1,7,5,2,1,1,1,1,1,0,0,0,0,1,0,0,1,1,1,1,1,3,1,1,16,1,1,1,70,2,1,2
15608,2.0,2.0,2.0,2.0,2.0,2.0,4.0,4.0,3.0,4.0,2.0,2.0,2.0,2.0,4.0,3.0,5.0,4.0,5.0,5.0,2,6,7,4,5,5,2,2,4,2,1,1,1,1,1,0,1,0,0,1,0,1,1,1,1,1,4,2,2,1,32,1,1,1,60,2,1,1
15609,2.0,3.0,2.0,1.0,4.0,1.0,1.0,3.0,2.0,2.0,1.0,2.0,2.0,2.0,4.0,5.0,2.0,4.0,4.0,2.0,5,6,2,5,6,3,5,7,1,2,1,1,0,1,1,1,0,1,0,1,0,0,1,1,1,1,3,2,2,1,18,2,2,5,50,2,1,2
15610,5.0,4.0,1.0,2.0,4.0,1.0,1.0,5.0,1.0,1.0,1.0,5.0,5.0,1.0,5.0,1.0,3.0,5.0,3.0,5.0,2,6,7,5,6,7,7,1,0,1,1,1,1,1,1,0,0,1,1,1,0,1,0,1,1,1,3,3,2,2,25,3,12,2,70,2,1,1
15611,5.0,5.0,5.0,4.0,5.0,2.0,5.0,1.0,5.0,4.0,2.0,5.0,1.0,5.0,3.0,1.0,2.0,4.0,5.0,2.0,4,5,6,7,7,7,7,3,2,2,1,1,0,1,1,0,1,0,0,1,0,0,1,1,1,1,4,1,2,2,27,1,8,1,10,2,1,3
15612,3.0,3.0,4.0,1.0,3.0,2.0,3.0,5.0,4.0,5.0,2.0,2.0,1.0,1.0,4.0,5.0,3.0,2.0,5.0,5.0,6,5,7,4,7,3,6,1,6,1,1,1,0,1,1,0,0,1,0,1,0,0,0,1,1,1,3,3,1,2,60,1,7,1,60,2,2,1
15613,3.0,2.0,3.0,1.0,4.0,2.0,2.0,1.0,4.0,3.0,1.0,4.0,1.0,1.0,3.0,1.0,3.0,3.0,5.0,3.0,4,5,4,5,6,3,6,4,3,5,1,1,1,1,1,0,1,1,0,1,1,0,1,1,1,1,4,2,2,1,48,2,2,5,60,1,2,3
15614,5.0,1.0,2.0,1.0,4.0,1.0,1.0,2.0,1.0,5.0,1.0,5.0,5.0,1.0,5.0,1.0,1.0,5.0,5.0,5.0,3,6,5,6,5,3,5,3,6,2,1,1,0,1,1,0,1,1,1,1,0,1,1,1,1,1,3,3,1,2,25,1,2,1,70,2,1,3
15615,4.0,2.0,1.0,1.0,5.0,1.0,1.0,1.0,3.0,2.0,1.0,2.0,5.0,1.0,4.0,3.0,1.0,5.0,3.0,4.0,7,6,6,4,7,2,7,6,6,1,1,1,0,1,1,1,0,0,0,1,1,1,1,1,1,1,3,2,1,1,24,1,1,2,60,1,1,1
15616,4.0,4.0,2.0,2.0,4.0,2.0,2.0,2.0,5.0,4.0,1.0,5.0,3.0,2.0,4.0,2.0,3.0,4.0,3.0,3.0,4,5,6,6,6,6,6,6,6,4,1,0,0,1,0,0,0,0,0,1,0,0,0,0,1,1,2,3,1,1,22,1,6,1,70,2,1,0
15617,5.0,5.0,2.0,1.0,5.0,2.0,1.0,5.0,1.0,1.0,1.0,5.0,4.0,1.0,4.0,1.0,1.0,5.0,5.0,4.0,1,6,5,7,3,7,4,5,2,2,1,1,1,1,1,0,0,0,0,1,0,0,1,1,1,1,4,3,1,2,25,1,12,1,10,1,1,1
15618,4.0,1.0,4.0,4.0,3.0,2.0,4.0,2.0,5.0,5.0,2.0,4.0,2.0,2.0,3.0,3.0,4.0,4.0,4.0,2.0,7,2,6,2,7,1,7,3,6,1,1,0,0,0,0,0,0,0,0,1,0,0,0,1,0,1,4,3,2,2,26,1,4,1,60,2,1,2
15619,2.0,3.0,2.0,4.0,4.0,4.0,2.0,4.0,4.0,3.0,4.0,4.0,3.0,2.0,3.0,3.0,3.0,1.0,5.0,1.0,5,5,3,6,6,2,7,5,2,1,1,1,1,1,1,0,0,0,0,1,0,0,1,1,1,1,4,3,2,2,30,1,10,4,60,1,1,2
15620,4.0,5.0,1.0,2.0,5.0,1.0,1.0,2.0,1.0,1.0,1.0,5.0,4.0,1.0,5.0,1.0,1.0,4.0,5.0,1.0,3,6,2,1,5,2,1,7,7,3,1,1,1,1,1,0,1,0,0,1,0,0,1,1,1,1,3,2,1,1,22,1,1,1,10,1,1,2
15621,1.0,1.0,5.0,5.0,1.0,4.0,3.0,4.0,5.0,3.0,3.0,2.0,1.0,1.0,1.0,2.0,3.0,4.0,3.0,1.0,1,1,7,2,7,6,6,3,7,1,1,1,1,1,1,0,0,1,0,1,0,0,0,1,1,1,4,1,2,2,45,1,1,1,60,1,1,2
15622,4.0,4.0,4.0,5.0,4.0,3.0,3.0,5.0,5.0,4.0,2.0,1.0,5.0,3.0,4.0,1.0,2.0,1.0,1.0,4.0,5,6,7,6,7,7,6,5,6,5,1,1,1,1,1,1,0,0,0,1,0,1,1,1,1,1,2,3,1,2,19,1,4,1,10,2,1,3
15623,3.0,3.0,2.0,3.0,4.0,3.0,3.0,3.0,4.0,2.0,3.0,3.0,2.0,3.0,4.0,4.0,3.0,4.0,4.0,4.0,6,5,5,5,6,3,5,5,5,6,1,1,0,1,1,0,0,0,0,1,0,0,1,1,1,1,3,2,2,1,22,1,2,1,60,1,1,2
15624,5.0,4.0,2.0,3.0,5.0,1.0,2.0,4.0,2.0,1.0,1.0,5.0,4.0,1.0,4.0,2.0,2.0,4.0,5.0,1.0,4,6,7,3,5,5,2,3,5,5,1,1,0,1,1,0,0,0,0,1,0,0,1,1,1,1,3,2,1,1,21,1,1,1,60,2,1,2
15625,1.0,2.0,2.0,3.0,2.0,2.0,1.0,5.0,5.0,2.0,1.0,2.0,2.0,1.0,3.0,2.0,5.0,4.0,5.0,4.0,2,1,3,7,5,7,6,3,5,5,1,1,0,1,1,0,0,0,0,1,0,0,1,1,1,1,3,1,2,2,30,1,6,1,60,1,1,3
15626,1.0,2.0,1.0,2.0,4.0,1.0,2.0,2.0,4.0,4.0,1.0,3.0,4.0,2.0,3.0,1.0,4.0,2.0,2.0,2.0,2,5,7,3,3,5,3,2,5,4,1,1,0,1,1,0,1,0,0,1,0,0,0,0,1,1,2,2,2,2,21,1,4,2,60,1,1,3
15627,2.0,4.0,2.0,3.0,4.0,2.0,2.0,1.0,5.0,3.0,1.0,4.0,1.0,1.0,3.0,5.0,5.0,4.0,3.0,1.0,6,4,6,2,7,2,6,3,5,2,1,0,0,1,1,0,0,0,0,1,0,0,0,0,1,1,4,3,1,2,30,1,8,1,10,1,2,2
15628,5.0,5.0,1.0,1.0,4.0,1.0,1.0,5.0,2.0,5.0,1.0,2.0,5.0,1.0,4.0,1.0,1.0,5.0,5.0,5.0,7,7,7,4,7,1,3,2,2,1,1,1,0,1,1,1,0,1,0,1,0,0,1,1,1,1,4,3,1,2,24,1,2,1,60,2,1,6
15629,2.0,5.0,5.0,2.0,5.0,5.0,4.0,2.0,5.0,5.0,1.0,5.0,1.0,1.0,3.0,5.0,3.0,5.0,5.0,1.0,6,4,7,2,6,5,6,1,7,5,1,1,0,1,0,0,0,0,0,1,0,0,0,1,1,1,3,3,1,2,24,1,2,1,70,1,1,1
15630,1.0,2.0,5.0,1.0,2.0,5.0,2.0,3.0,5.0,4.0,1.0,5.0,1.0,1.0,3.0,2.0,1.0,4.0,1.0,2.0,6,1,7,5,6,1,7,1,3,2,1,1,1,1,1,0,0,1,0,1,0,0,1,1,1,1,3,3,2,1,60,1,6,1,60,2,2,4
15631,5.0,5.0,1.0,1.0,3.0,1.0,1.0,5.0,1.0,1.0,1.0,5.0,5.0,1.0,5.0,1.0,5.0,5.0,1.0,1.0,7,7,1,1,7,7,7,6,5,1,1,0,0,1,0,0,0,0,0,1,0,0,1,0,1,1,2,1,1,2,20,1,6,2,60,1,1,2
15632,1.0,1.0,4.0,4.0,3.0,3.0,2.0,2.0,5.0,5.0,1.0,2.0,1.0,2.0,2.0,1.0,4.0,4.0,5.0,1.0,7,6,6,6,7,2,6,6,2,2,1,1,0,1,1,0,0,1,0,1,0,0,0,1,1,1,2,3,2,2,21,1,2,2,70,1,1,2
15633,5.0,5.0,5.0,5.0,4.0,5.0,2.0,5.0,5.0,5.0,1.0,3.0,1.0,1.0,4.0,5.0,3.0,4.0,1.0,1.0,6,4,6,1,7,2,2,1,6,3,1,0,0,1,1,0,0,0,0,1,0,0,0,0,1,1,3,2,1,2,25,1,10,1,70,2,1,4
15634,5.0,4.0,1.0,2.0,5.0,1.0,1.0,4.0,1.0,1.0,2.0,5.0,4.0,1.0,5.0,4.0,1.0,4.0,5.0,4.0,7,6,7,5,7,3,6,1,6,1,1,1,0,1,1,0,0,0,0,1,0,0,1,1,1,1,3,1,1,1,22,1,6,1,60,2,1,4
15635,5.0,5.0,1.0,1.0,5.0,1.0,1.0,5.0,1.0,1.0,1.0,5.0,5.0,1.0,5.0,5.0,1.0,5.0,5.0,5.0,2,6,7,1,4,4,2,2,7,4,1,1,1,1,1,0,0,1,0,1,0,0,1,1,1,1,3,3,1,2,25,1,1,1,60,2,1,1
15636,5.0,5.0,1.0,1.0,5.0,1.0,1.0,5.0,1.0,1.0,1.0,5.0,5.0,1.0,5.0,1.0,1.0,5.0,5.0,5.0,1,7,7,6,2,7,2,1,7,6,1,1,0,1,1,0,0,1,0,1,0,0,1,1,1,1,2,2,1,1,19,1,3,1,60,2,1,2
15637,3.0,1.0,5.0,4.0,4.0,5.0,4.0,3.0,5.0,4.0,4.0,4.0,1.0,3.0,4.0,5.0,3.0,1.0,5.0,3.0,6,5,3,3,7,4,7,5,6,5,1,1,1,1,1,0,1,0,0,1,1,0,1,1,1,1,3,3,2,2,36,1,7,1,60,1,1,1
15638,5.0,4.0,1.0,3.0,5.0,1.0,1.0,5.0,3.0,1.0,1.0,5.0,4.0,1.0,4.0,1.0,3.0,1.0,5.0,5.0,5,6,7,5,7,5,5,1,6,2,1,1,1,1,1,0,1,0,0,1,1,0,1,1,1,1,4,3,2,1,42,1,2,1,70,1,1,2
15639,4.0,1.0,2.0,4.0,4.0,2.0,2.0,1.0,5.0,2.0,1.0,2.0,2.0,1.0,4.0,4.0,2.0,3.0,5.0,1.0,6,5,2,2,5,4,6,2,6,1,1,1,0,1,1,0,0,0,0,1,0,0,1,1,1,1,3,3,2,2,33,2,1,1,60,1,1,2
15640,1.0,1.0,5.0,4.0,1.0,4.0,5.0,1.0,5.0,5.0,2.0,1.0,1.0,5.0,1.0,4.0,5.0,5.0,5.0,3.0,1,7,5,7,6,7,7,1,3,6,1,1,1,1,1,0,0,1,0,1,0,1,1,1,1,1,3,3,1,2,28,1,2,1,60,1,1,2
15641,1.0,2.0,4.0,3.0,2.0,4.0,2.0,1.0,5.0,5.0,3.0,5.0,1.0,3.0,3.0,4.0,5.0,1.0,1.0,1.0,3,2,6,5,6,4,7,3,6,3,1,1,1,1,1,0,0,0,0,1,0,1,0,1,1,1,4,3,2,1,27,1,7,1,60,1,1,6
15642,1.0,2.0,4.0,2.0,3.0,3.0,4.0,4.0,5.0,5.0,1.0,5.0,3.0,1.0,1.0,3.0,1.0,4.0,5.0,3.0,1,5,6,2,6,6,3,2,7,4,1,1,0,1,1,1,0,1,0,1,0,0,1,1,1,1,3,3,1,2,32,1,1,1,60,2,1,1
15643,2.0,2.0,1.0,2.0,5.0,2.0,2.0,1.0,5.0,2.0,1.0,5.0,4.0,1.0,4.0,2.0,5.0,4.0,5.0,1.0,6,5,7,6,7,3,6,2,6,2,1,1,0,1,1,0,0,1,0,1,0,0,1,1,1,1,3,3,2,1,32,1,9,1,60,1,1,3
15644,5.0,4.0,2.0,2.0,2.0,2.0,2.0,2.0,1.0,1.0,1.0,5.0,2.0,2.0,5.0,1.0,2.0,4.0,4.0,2.0,6,6,5,6,7,3,5,2,6,2,1,1,0,1,1,0,0,1,0,1,0,1,1,1,1,1,3,2,1,2,22,1,2,1,60,1,1,3
15645,3.0,1.0,1.0,1.0,2.0,1.0,1.0,4.0,2.0,3.0,1.0,5.0,4.0,1.0,2.0,1.0,1.0,4.0,4.0,2.0,6,7,7,2,6,2,1,1,6,1,1,1,1,1,1,0,1,0,0,1,1,0,1,1,1,1,3,2,2,1,49,3,12,1,60,2,2,0
15646,4.0,4.0,2.0,1.0,5.0,1.0,2.0,2.0,2.0,1.0,1.0,4.0,4.0,1.0,4.0,1.0,2.0,4.0,4.0,1.0,1,5,6,5,7,4,1,4,6,1,1,1,0,1,1,0,0,0,0,1,0,0,1,1,1,1,3,3,2,2,28,2,2,1,60,2,1,1
15647,5.0,5.0,1.0,1.0,5.0,1.0,1.0,5.0,1.0,1.0,1.0,5.0,4.0,2.0,4.0,1.0,1.0,5.0,5.0,3.0,5,6,7,2,7,5,5,1,7,1,1,1,0,1,1,0,1,1,0,1,1,0,1,1,1,1,3,3,1,2,20,2,10,1,70,2,1,2
15648,4.0,5.0,2.0,2.0,4.0,1.0,1.0,2.0,3.0,3.0,2.0,5.0,4.0,2.0,4.0,1.0,1.0,4.0,5.0,1.0,5,3,7,2,6,2,5,3,6,4,1,1,1,1,1,0,0,0,0,1,0,0,1,1,1,1,3,3,1,2,22,1,2,1,60,1,1,3
15649,2.0,3.0,2.0,3.0,3.0,1.0,1.0,5.0,3.0,3.0,1.0,2.0,1.0,1.0,2.0,1.0,3.0,4.0,5.0,3.0,3,6,7,5,7,6,4,1,7,1,1,1,1,1,1,0,1,1,0,1,1,0,1,1,1,1,4,2,1,1,39,1,1,1,70,2,1,2
15650,3.0,4.0,2.0,1.0,4.0,2.0,2.0,3.0,4.0,4.0,3.0,5.0,4.0,1.0,4.0,2.0,3.0,3.0,5.0,1.0,6,6,5,1,7,2,4,5,6,2,0,0,0,0,1,0,0,0,0,1,0,0,0,1,1,1,2,1,2,2,22,1,1,2,60,1,1,2
15651,2.0,4.0,4.0,2.0,4.0,3.0,1.0,2.0,5.0,2.0,2.0,4.0,2.0,2.0,2.0,4.0,2.0,3.0,4.0,2.0,3,3,6,5,5,6,6,3,5,2,1,1,1,1,1,0,0,0,0,1,0,0,1,1,1,1,3,2,2,1,22,1,2,1,0,2,1,3
15652,2.0,4.0,5.0,3.0,3.0,2.0,4.0,3.0,5.0,3.0,2.0,5.0,2.0,2.0,3.0,3.0,2.0,4.0,5.0,1.0,1,5,5,6,6,5,5,3,5,3,1,1,1,1,1,0,1,0,0,1,0,0,1,1,1,1,3,3,2,1,33,1,12,1,60,1,2,2
15653,5.0,4.0,1.0,1.0,5.0,1.0,2.0,5.0,5.0,4.0,1.0,5.0,4.0,1.0,5.0,4.0,1.0,5.0,5.0,5.0,5,2,7,5,6,3,5,1,5,1,1,1,1,1,1,0,0,0,0,1,0,0,0,1,1,1,3,3,2,2,32,1,7,1,60,2,1,2
15654,4.0,3.0,5.0,4.0,4.0,5.0,5.0,2.0,5.0,5.0,3.0,4.0,1.0,4.0,2.0,5.0,3.0,4.0,2.0,1.0,2,5,4,7,6,7,7,7,2,2,1,1,0,1,0,0,0,0,0,1,0,0,1,1,1,1,3,1,1,2,23,1,12,5,20,2,1,3
15655,5.0,4.0,3.0,2.0,5.0,1.0,3.0,4.0,5.0,3.0,1.0,5.0,4.0,1.0,1.0,1.0,2.0,5.0,5.0,2.0,3,7,6,6,7,5,7,7,1,1,1,1,0,1,1,1,0,0,1,1,1,0,1,1,1,1,3,2,1,1,21,1,1,1,70,1,1,0
15656,4.0,2.0,4.0,4.0,5.0,3.0,1.0,1.0,4.0,5.0,1.0,3.0,2.0,5.0,2.0,4.0,5.0,5.0,5.0,2.0,7,5,3,7,7,6,7,6,1,1,1,1,0,1,1,0,0,0,0,1,0,0,0,1,1,1,2,2,2,1,21,1,1,2,60,1,1,3
15657,5.0,5.0,2.0,1.0,5.0,2.0,1.0,1.0,3.0,2.0,1.0,4.0,2.0,1.0,5.0,1.0,1.0,4.0,4.0,1.0,2,5,5,7,7,5,5,5,1,1,1,1,0,1,1,0,0,0,0,1,0,0,1,1,1,1,3,3,1,2,31,1,4,1,30,1,1,3
15658,2.0,4.0,5.0,5.0,2.0,4.0,2.0,2.0,5.0,2.0,4.0,1.0,1.0,4.0,4.0,5.0,4.0,3.0,4.0,1.0,2,2,5,5,5,6,7,4,4,2,1,1,1,1,1,0,0,0,0,1,0,0,1,1,1,1,3,1,1,1,21,1,4,1,60,2,1,6
15659,1.0,4.0,4.0,5.0,4.0,4.0,2.0,4.0,5.0,4.0,2.0,4.0,2.0,2.0,4.0,4.0,2.0,2.0,4.0,1.0,3,5,5,5,6,7,7,2,5,1,1,1,0,1,0,0,0,1,0,1,1,0,1,1,1,1,4,3,2,2,32,1,1,1,60,1,1,2
15660,1.0,1.0,3.0,4.0,4.0,1.0,1.0,1.0,4.0,2.0,2.0,3.0,1.0,2.0,1.0,1.0,4.0,4.0,4.0,1.0,3,7,7,3,5,5,5,2,5,5,1,1,0,1,1,0,0,0,0,1,0,0,1,1,1,1,3,2,1,2,37,1,1,2,60,1,1,3
15661,1.0,5.0,5.0,2.0,4.0,1.0,1.0,1.0,5.0,2.0,1.0,4.0,5.0,1.0,1.0,2.0,1.0,4.0,5.0,1.0,1,3,5,5,7,6,1,1,0,1,1,1,1,1,1,0,1,1,0,1,0,0,1,1,1,1,2,3,2,1,30,1,2,4,0,2,1,2
15662,5.0,5.0,1.0,1.0,5.0,3.0,1.0,5.0,2.0,2.0,3.0,5.0,5.0,1.0,5.0,1.0,1.0,2.0,5.0,4.0,6,2,7,1,7,3,2,5,7,3,1,1,0,1,1,1,1,1,0,1,0,0,1,1,1,1,3,2,1,1,20,2,4,1,60,1,1,2
15663,1.0,1.0,5.0,5.0,2.0,5.0,2.0,2.0,4.0,5.0,3.0,2.0,1.0,4.0,3.0,5.0,1.0,1.0,5.0,1.0,2,7,7,4,6,7,3,1,5,1,0,0,0,0,0,0,0,0,0,1,0,0,0,0,0,1,3,3,2,2,22,2,4,1,60,1,1,1
15664,5.0,1.0,1.0,4.0,4.0,1.0,1.0,2.0,1.0,1.0,1.0,4.0,1.0,1.0,4.0,1.0,1.0,5.0,5.0,1.0,3,6,3,2,6,3,5,5,6,5,1,1,1,1,1,0,0,1,0,1,1,0,1,1,1,1,2,2,1,1,32,1,7,1,60,1,1,2
15665,5.0,5.0,1.0,2.0,4.0,1.0,1.0,3.0,3.0,1.0,1.0,4.0,2.0,1.0,5.0,1.0,1.0,5.0,5.0,1.0,2,7,6,2,6,7,2,5,7,3,1,1,1,1,1,0,0,1,0,1,1,0,1,1,1,1,3,1,1,1,28,1,2,1,60,1,2,2
15666,3.0,1.0,5.0,2.0,5.0,5.0,2.0,1.0,5.0,5.0,1.0,4.0,5.0,2.0,2.0,5.0,5.0,1.0,3.0,5.0,6,6,5,5,7,4,6,5,6,1,1,1,0,1,1,0,0,1,0,1,1,0,0,0,1,1,4,3,1,2,41,1,10,1,60,2,2,1
15667,4.0,1.0,5.0,3.0,1.0,4.0,2.0,3.0,5.0,5.0,2.0,4.0,1.0,1.0,1.0,4.0,2.0,3.0,5.0,1.0,6,5,6,2,7,5,6,2,5,5,1,1,1,1,1,1,0,1,0,1,1,0,1,1,1,1,3,3,2,1,24,2,9,1,70,1,1,2
15668,5.0,2.0,2.0,2.0,4.0,2.0,4.0,5.0,5.0,5.0,1.0,2.0,2.0,2.0,2.0,4.0,3.0,1.0,1.0,3.0,5,5,2,5,4,5,5,5,3,4,1,1,0,1,1,0,0,0,0,1,0,0,1,1,1,1,3,3,1,2,25,1,3,2,10,2,1,2
15669,4.0,4.0,2.0,2.0,5.0,1.0,2.0,5.0,4.0,3.0,1.0,5.0,5.0,2.0,5.0,2.0,1.0,1.0,5.0,3.0,2,5,6,2,5,7,5,1,6,6,1,1,0,1,1,0,0,1,0,1,0,0,1,1,1,1,2,2,1,1,19,2,1,2,10,2,1,4
15670,3.0,3.0,2.0,3.0,2.0,4.0,2.0,5.0,4.0,3.0,1.0,2.0,4.0,3.0,4.0,2.0,1.0,4.0,5.0,1.0,1,3,5,5,6,7,5,3,5,2,1,1,1,1,1,1,0,0,0,1,0,0,1,1,1,1,4,1,2,1,32,1,2,1,60,2,1,5
15671,2.0,4.0,2.0,2.0,4.0,4.0,1.0,4.0,4.0,3.0,2.0,5.0,2.0,1.0,3.0,2.0,3.0,1.0,5.0,2.0,5,4,3,5,5,5,6,5,4,2,1,0,0,1,0,0,0,0,0,1,0,0,0,0,1,1,2,3,1,2,22,1,12,1,60,2,1,2
15672,5.0,2.0,4.0,1.0,5.0,1.0,1.0,5.0,4.0,1.0,1.0,5.0,4.0,1.0,5.0,2.0,1.0,5.0,1.0,4.0,7,6,6,1,4,1,3,5,6,5,1,1,0,1,1,0,0,0,0,1,0,0,1,0,1,1,2,2,1,2,20,1,4,1,10,2,1,2
15673,2.0,2.0,2.0,4.0,2.0,2.0,2.0,1.0,5.0,4.0,1.0,2.0,1.0,2.0,2.0,3.0,2.0,2.0,4.0,1.0,1,2,6,3,5,7,4,6,5,3,1,1,0,1,1,0,0,0,0,1,0,0,1,1,1,1,4,3,1,1,33,1,12,1,10,2,1,2
15674,4.0,1.0,4.0,4.0,5.0,4.0,2.0,3.0,4.0,2.0,1.0,4.0,5.0,4.0,5.0,1.0,2.0,4.0,5.0,5.0,5,6,7,7,7,5,5,5,3,1,1,1,1,1,1,0,0,0,0,1,1,0,1,1,1,1,3,3,2,1,23,1,1,2,60,1,1,1
15675,1.0,2.0,4.0,2.0,2.0,2.0,1.0,3.0,4.0,4.0,1.0,4.0,2.0,2.0,4.0,1.0,1.0,5.0,5.0,3.0,3,5,3,2,6,5,6,2,6,2,1,1,1,1,1,0,0,1,0,1,0,0,1,1,1,1,3,2,2,1,28,1,1,1,60,2,1,2
15676,1.0,1.0,5.0,4.0,1.0,5.0,4.0,1.0,5.0,5.0,1.0,1.0,1.0,4.0,1.0,1.0,5.0,1.0,1.0,1.0,4,2,6,2,6,4,7,5,5,1,0,0,0,0,0,0,0,0,0,0,0,0,0,0,0,0,3,2,2,1,61,1,7,1,60,1,3,5
15677,1.0,2.0,4.0,2.0,5.0,5.0,4.0,2.0,5.0,5.0,2.0,4.0,4.0,1.0,5.0,2.0,2.0,3.0,5.0,1.0,2,7,3,7,2,7,4,7,1,2,1,1,0,1,1,0,0,0,0,1,0,0,1,1,1,1,4,3,2,1,27,1,4,2,60,1,1,3
15678,4.0,2.0,3.0,4.0,5.0,1.0,1.0,4.0,5.0,3.0,1.0,5.0,5.0,1.0,5.0,1.0,2.0,5.0,5.0,1.0,6,7,2,5,6,3,6,7,6,1,1,1,1,1,1,1,0,0,0,1,0,0,1,1,1,1,3,3,1,1,19,2,2,1,60,1,1,3
15679,3.0,4.0,1.0,1.0,5.0,1.0,1.0,5.0,3.0,2.0,1.0,5.0,4.0,1.0,5.0,1.0,1.0,5.0,5.0,2.0,5,5,4,3,6,5,3,2,7,1,1,1,1,1,1,0,1,0,0,1,1,1,1,1,1,1,4,2,1,1,36,1,1,3,60,1,2,2
15680,2.0,5.0,2.0,4.0,3.0,1.0,1.0,4.0,4.0,2.0,1.0,4.0,2.0,2.0,4.0,1.0,1.0,4.0,5.0,2.0,3,6,2,3,5,5,5,7,5,2,1,1,1,1,1,0,0,0,0,1,0,0,1,1,1,1,2,3,2,1,22,1,12,3,70,2,3,2
15681,1.0,1.0,1.0,1.0,5.0,4.0,5.0,4.0,5.0,3.0,1.0,4.0,1.0,1.0,5.0,1.0,1.0,1.0,5.0,1.0,5,6,5,6,6,3,7,2,5,2,1,1,0,1,1,0,0,0,0,1,0,0,1,1,1,1,2,3,2,1,22,1,12,5,30,1,1,2
15682,5.0,1.0,1.0,1.0,1.0,1.0,1.0,5.0,5.0,1.0,1.0,5.0,1.0,1.0,1.0,1.0,1.0,5.0,1.0,1.0,0,0,0,0,7,0,0,0,0,0,0,0,0,0,1,0,0,0,0,0,0,0,0,0,0,1,3,2,1,2,27,1,4,5,70,1,1,5
15683,5.0,1.0,2.0,5.0,4.0,1.0,2.0,2.0,4.0,3.0,4.0,4.0,4.0,5.0,5.0,5.0,5.0,2.0,2.0,5.0,7,6,6,2,7,7,6,2,5,1,1,1,1,1,1,0,1,1,0,1,1,0,1,1,1,1,4,3,1,1,27,1,7,1,60,2,3,1
15684,5.0,5.0,1.0,1.0,5.0,1.0,1.0,5.0,5.0,5.0,1.0,5.0,5.0,1.0,5.0,1.0,1.0,1.0,5.0,5.0,5,7,6,7,6,1,1,2,2,1,1,1,0,1,1,0,0,0,0,1,0,0,0,1,1,1,4,3,2,1,31,1,12,1,10,1,1,1
15685,4.0,4.0,2.0,2.0,4.0,2.0,2.0,4.0,4.0,1.0,1.0,5.0,3.0,2.0,4.0,2.0,1.0,4.0,5.0,4.0,3,5,5,7,7,3,7,7,3,2,1,1,1,1,1,1,1,1,0,1,1,1,1,1,1,1,4,1,2,1,60,2,7,1,60,1,2,2
15686,2.0,4.0,2.0,4.0,1.0,2.0,1.0,2.0,4.0,5.0,2.0,2.0,1.0,2.0,1.0,1.0,5.0,2.0,4.0,1.0,5,2,6,1,7,5,3,1,7,2,1,0,0,1,1,0,0,0,0,1,0,0,1,0,1,1,3,2,1,2,61,1,12,1,10,1,2,1
15687,5.0,5.0,1.0,1.0,5.0,1.0,1.0,5.0,1.0,1.0,1.0,5.0,5.0,1.0,5.0,1.0,1.0,5.0,5.0,4.0,1,6,4,7,1,7,1,3,1,7,1,1,1,1,1,1,1,1,1,1,1,1,1,1,1,1,1,2,1,1,15,1,2,1,60,2,1,4
15688,5.0,4.0,3.0,2.0,4.0,4.0,1.0,1.0,5.0,3.0,1.0,4.0,1.0,3.0,3.0,1.0,3.0,5.0,4.0,3.0,3,2,5,4,7,6,5,5,7,3,1,1,1,1,1,0,0,1,0,1,0,0,1,1,1,1,3,2,1,2,20,1,1,1,70,2,1,0
15689,5.0,2.0,1.0,1.0,5.0,1.0,1.0,5.0,1.0,5.0,1.0,5.0,4.0,1.0,3.0,1.0,5.0,5.0,5.0,1.0,5,6,6,6,5,5,2,6,3,5,1,1,0,1,1,0,0,0,0,1,0,1,1,1,0,1,2,3,1,2,19,1,2,1,10,2,1,1
15690,3.0,4.0,3.0,4.0,4.0,5.0,3.0,4.0,2.0,5.0,3.0,5.0,3.0,3.0,4.0,2.0,1.0,4.0,5.0,3.0,5,2,6,7,1,2,4,1,6,1,1,1,0,1,1,0,0,0,0,1,0,1,0,0,1,1,3,2,1,2,37,1,7,1,30,1,2,8
15691,1.0,2.0,4.0,4.0,1.0,4.0,2.0,1.0,5.0,5.0,1.0,4.0,4.0,3.0,2.0,1.0,1.0,4.0,5.0,4.0,1,6,2,5,7,6,6,6,3,2,1,1,0,1,1,0,1,1,0,1,0,0,1,1,1,1,4,3,2,2,37,1,2,1,60,1,3,1
15692,1.0,3.0,1.0,1.0,3.0,2.0,1.0,1.0,5.0,4.0,1.0,4.0,1.0,2.0,3.0,1.0,3.0,4.0,5.0,1.0,2,5,4,6,5,5,5,2,5,2,1,1,0,1,1,0,0,0,0,1,0,0,0,1,1,1,2,2,1,2,27,2,12,1,60,0,1,1
15693,2.0,2.0,2.0,4.0,2.0,5.0,4.0,2.0,5.0,4.0,2.0,2.0,2.0,4.0,2.0,3.0,2.0,2.0,4.0,2.0,4,2,7,1,7,5,7,1,7,2,1,1,1,1,1,0,1,1,0,1,0,0,1,1,1,1,3,2,2,1,63,1,6,0,0,1,3,7
15694,2.0,2.0,2.0,5.0,2.0,4.0,1.0,2.0,5.0,5.0,2.0,1.0,1.0,3.0,5.0,5.0,1.0,4.0,5.0,1.0,5,2,7,7,6,4,7,2,4,2,1,1,1,1,1,0,0,1,0,1,1,1,1,1,1,1,3,3,2,1,30,1,1,2,10,1,2,1
15695,2.0,5.0,5.0,5.0,4.0,2.0,3.0,4.0,5.0,4.0,2.0,5.0,1.0,1.0,5.0,2.0,5.0,4.0,2.0,4.0,5,6,7,7,3,7,7,5,4,4,1,0,0,1,1,0,0,0,0,1,0,0,0,1,1,1,4,1,1,2,21,1,4,2,70,2,1,3
15696,5.0,5.0,1.0,1.0,5.0,1.0,1.0,5.0,1.0,1.0,2.0,5.0,5.0,3.0,5.0,1.0,1.0,5.0,3.0,3.0,7,7,7,7,4,1,2,1,1,1,1,1,1,1,1,1,1,1,0,1,1,0,1,1,1,1,3,3,2,2,21,1,1,1,70,1,1,3
15697,4.0,5.0,2.0,2.0,5.0,1.0,1.0,4.0,2.0,2.0,1.0,4.0,4.0,1.0,3.0,2.0,2.0,4.0,5.0,2.0,5,5,3,2,6,4,2,6,6,1,1,1,0,1,1,0,0,0,0,1,0,0,1,1,1,1,3,1,1,1,30,1,2,1,60,1,1,4
15698,5.0,5.0,5.0,1.0,5.0,1.0,1.0,5.0,2.0,1.0,1.0,5.0,5.0,1.0,5.0,1.0,1.0,4.0,5.0,2.0,6,2,7,5,7,3,5,1,2,1,1,1,0,1,1,1,0,1,0,1,0,0,1,1,1,1,3,0,2,1,21,1,1,5,60,1,1,2
15699,5.0,1.0,3.0,3.0,5.0,3.0,1.0,2.0,4.0,4.0,1.0,5.0,5.0,1.0,5.0,1.0,1.0,5.0,5.0,1.0,7,6,7,2,7,1,3,2,6,1,1,1,0,1,1,0,0,1,0,1,0,0,1,1,1,1,3,3,1,1,27,1,1,1,70,2,1,2
15700,2.0,2.0,4.0,4.0,2.0,2.0,4.0,4.0,5.0,5.0,1.0,2.0,1.0,2.0,1.0,1.0,4.0,1.0,5.0,1.0,5,3,4,1,7,5,5,1,6,2,1,0,0,1,1,0,0,0,0,1,0,0,1,0,1,1,3,2,1,2,61,1,12,1,10,1,2,1
15701,1.0,4.0,2.0,4.0,1.0,4.0,2.0,1.0,5.0,4.0,3.0,1.0,1.0,2.0,3.0,4.0,2.0,2.0,5.0,1.0,5,3,6,2,5,5,7,3,7,3,1,1,1,1,1,0,1,1,1,1,1,0,1,1,1,1,3,2,1,1,22,1,6,1,60,2,1,2
15702,3.0,1.0,5.0,5.0,3.0,4.0,4.0,2.0,5.0,3.0,2.0,4.0,2.0,5.0,1.0,1.0,3.0,2.0,4.0,1.0,3,5,6,1,6,1,7,1,6,1,1,0,0,1,1,0,0,0,0,1,0,0,0,0,0,1,3,2,1,2,57,1,12,1,60,1,2,3
15703,1.0,1.0,5.0,5.0,1.0,5.0,5.0,1.0,5.0,5.0,5.0,1.0,1.0,5.0,1.0,5.0,5.0,1.0,1.0,1.0,6,4,7,1,7,1,7,1,7,1,1,1,0,1,1,0,0,1,0,1,0,0,0,0,1,1,3,3,1,2,23,1,4,1,10,1,1,4
15704,5.0,4.0,2.0,4.0,4.0,2.0,2.0,5.0,5.0,2.0,1.0,5.0,3.0,3.0,3.0,1.0,1.0,5.0,5.0,5.0,1,2,6,6,2,7,6,3,5,2,1,1,0,1,1,0,0,0,0,1,0,0,0,1,1,1,3,1,2,2,22,2,2,2,60,1,1,2
15705,5.0,5.0,1.0,1.0,5.0,1.0,1.0,4.0,1.0,2.0,1.0,5.0,4.0,1.0,5.0,1.0,5.0,3.0,5.0,1.0,4,7,2,1,6,7,3,1,6,2,1,1,0,1,1,0,0,0,0,1,0,0,1,1,1,1,3,3,1,2,29,1,2,3,60,1,1,2
15706,1.0,1.0,5.0,1.0,5.0,1.0,1.0,1.0,5.0,3.0,1.0,2.0,4.0,1.0,1.0,1.0,1.0,5.0,5.0,5.0,6,7,6,6,5,1,7,1,1,1,1,1,1,1,1,0,0,1,0,1,1,0,1,1,1,1,3,1,2,1,25,1,1,2,60,1,1,2
15707,4.0,2.0,4.0,4.0,4.0,2.0,2.0,2.0,5.0,2.0,2.0,1.0,1.0,5.0,2.0,5.0,5.0,1.0,5.0,1.0,1,3,6,5,3,7,4,3,4,5,1,0,1,1,1,0,1,0,0,1,1,1,1,1,1,1,3,2,2,1,25,1,4,1,70,1,1,3
15708,2.0,4.0,4.0,4.0,4.0,1.0,1.0,4.0,5.0,5.0,2.0,1.0,1.0,2.0,4.0,1.0,2.0,2.0,5.0,1.0,2,6,7,1,6,2,3,3,6,6,1,1,1,1,1,0,1,0,0,1,0,0,1,1,1,1,2,2,2,1,45,1,12,1,10,1,2,3
15709,5.0,5.0,2.0,1.0,5.0,2.0,1.0,5.0,5.0,2.0,1.0,5.0,5.0,2.0,5.0,2.0,2.0,5.0,4.0,5.0,3,5,2,6,4,7,7,6,3,5,1,1,0,1,1,0,0,0,0,1,0,0,1,1,1,1,4,3,1,2,24,1,8,1,10,2,1,2
15710,4.0,4.0,1.0,2.0,5.0,2.0,1.0,2.0,4.0,2.0,1.0,5.0,4.0,2.0,4.0,2.0,2.0,3.0,4.0,4.0,5,5,3,6,6,6,5,4,1,3,1,1,1,1,1,1,1,0,1,1,1,1,1,1,1,1,3,2,2,1,20,1,1,1,60,2,2,4
15711,1.0,3.0,5.0,2.0,1.0,3.0,2.0,3.0,4.0,5.0,2.0,2.0,3.0,1.0,2.0,4.0,2.0,2.0,4.0,1.0,2,2,4,2,6,6,5,4,6,2,1,1,0,1,1,0,0,0,0,1,1,0,1,1,1,1,2,3,1,2,18,1,7,1,60,2,1,2
15712,5.0,4.0,1.0,2.0,4.0,1.0,1.0,4.0,3.0,2.0,1.0,4.0,5.0,1.0,4.0,1.0,1.0,5.0,4.0,2.0,2,5,3,1,7,7,7,5,7,7,1,1,1,1,1,0,1,1,0,1,1,1,1,1,1,1,3,3,1,1,21,2,6,1,60,2,1,1
15713,5.0,5.0,2.0,1.0,5.0,1.0,1.0,4.0,1.0,1.0,1.0,5.0,3.0,1.0,5.0,1.0,1.0,5.0,5.0,4.0,1,6,7,5,7,4,1,2,6,5,1,1,1,1,1,0,0,0,1,1,0,0,1,1,1,1,3,2,1,1,36,1,1,1,60,1,1,2
15714,1.0,2.0,5.0,4.0,2.0,5.0,5.0,1.0,5.0,5.0,2.0,4.0,1.0,2.0,2.0,5.0,4.0,1.0,1.0,1.0,6,2,7,2,6,6,7,1,7,1,1,1,1,1,1,1,1,1,1,1,1,1,1,1,1,1,3,1,2,1,34,3,6,1,60,1,2,2
15715,5.0,5.0,2.0,1.0,2.0,3.0,2.0,4.0,4.0,1.0,1.0,5.0,5.0,1.0,5.0,4.0,3.0,5.0,4.0,3.0,2,6,5,4,5,5,3,7,5,4,1,1,0,1,1,0,0,1,0,1,0,1,1,1,1,1,2,2,1,2,21,2,2,1,70,2,1,1
15716,5.0,5.0,2.0,1.0,5.0,2.0,5.0,5.0,2.0,4.0,1.0,5.0,5.0,3.0,5.0,5.0,5.0,4.0,5.0,1.0,3,7,7,7,6,5,2,4,3,4,1,1,0,1,1,0,1,0,0,1,0,0,1,1,1,1,4,3,1,2,34,1,8,1,10,2,2,1
15717,1.0,2.0,2.0,4.0,4.0,4.0,3.0,1.0,3.0,3.0,3.0,2.0,1.0,2.0,3.0,3.0,3.0,1.0,3.0,2.0,2,6,4,2,6,5,3,6,5,2,1,1,1,1,1,0,0,1,0,1,0,0,1,1,1,1,3,3,1,2,45,1,2,1,60,1,1,2
15718,2.0,4.0,2.0,3.0,4.0,4.0,2.0,2.0,2.0,4.0,3.0,3.0,4.0,2.0,4.0,4.0,2.0,4.0,5.0,1.0,6,4,6,3,6,3,6,2,6,1,1,1,0,1,1,0,0,1,0,1,0,0,0,1,1,1,3,2,2,2,23,1,1,1,60,2,1,1
15719,1.0,1.0,2.0,1.0,5.0,5.0,2.0,4.0,5.0,5.0,1.0,1.0,1.0,1.0,1.0,1.0,1.0,4.0,5.0,2.0,1,5,7,2,7,2,5,2,5,1,1,1,1,1,1,0,0,1,0,1,0,0,0,1,1,1,3,2,2,1,45,1,7,1,60,1,3,1
15720,1.0,2.0,1.0,2.0,5.0,4.0,1.0,2.0,5.0,4.0,3.0,5.0,1.0,1.0,4.0,1.0,3.0,2.0,5.0,1.0,7,6,6,7,7,1,5,5,2,2,1,1,1,1,1,1,0,0,0,1,0,1,1,1,1,1,3,2,1,1,22,1,9,3,60,1,1,3
15721,4.0,4.0,2.0,4.0,4.0,2.0,2.0,2.0,2.0,3.0,2.0,4.0,5.0,2.0,4.0,3.0,1.0,4.0,5.0,2.0,6,3,7,2,6,2,6,1,5,7,1,1,1,1,1,0,1,0,0,1,0,0,1,1,1,1,3,1,1,1,47,1,7,1,60,1,2,3
15722,4.0,2.0,4.0,4.0,4.0,4.0,4.0,2.0,5.0,4.0,2.0,4.0,2.0,2.0,4.0,4.0,5.0,4.0,5.0,2.0,7,6,7,3,7,2,7,6,7,2,1,1,1,1,1,0,1,1,0,1,0,0,1,1,1,1,3,2,2,2,35,2,4,1,60,2,1,3
15723,4.0,4.0,2.0,5.0,5.0,4.0,2.0,5.0,5.0,2.0,2.0,4.0,4.0,3.0,4.0,2.0,1.0,3.0,4.0,4.0,6,3,6,2,6,4,6,2,6,4,1,1,0,1,1,0,1,0,0,1,1,0,1,1,1,1,4,2,1,1,50,1,4,5,60,1,1,4
15724,4.0,3.0,4.0,3.0,2.0,4.0,2.0,1.0,4.0,5.0,2.0,5.0,4.0,1.0,1.0,4.0,1.0,5.0,3.0,1.0,0,6,6,5,7,5,5,5,5,2,1,1,1,1,1,0,0,1,0,1,0,0,1,1,1,1,3,3,1,1,33,2,7,1,30,1,1,0
15725,4.0,4.0,5.0,4.0,2.0,4.0,2.0,2.0,5.0,4.0,1.0,4.0,1.0,2.0,2.0,5.0,1.0,4.0,2.0,2.0,3,1,6,1,6,5,6,5,4,2,1,1,0,1,1,0,0,1,0,1,0,0,1,1,1,1,3,3,2,1,35,1,7,1,60,2,3,3
15726,2.0,2.0,1.0,5.0,1.0,4.0,2.0,2.0,4.0,3.0,4.0,4.0,1.0,4.0,2.0,5.0,3.0,2.0,4.0,3.0,6,6,3,5,6,4,5,7,4,7,1,1,0,1,1,0,0,0,0,0,0,0,1,0,0,1,2,2,1,2,20,1,4,1,60,2,1,1
15727,1.0,1.0,5.0,5.0,1.0,5.0,5.0,1.0,5.0,5.0,5.0,1.0,1.0,5.0,1.0,5.0,1.0,1.0,1.0,1.0,6,1,7,3,5,5,7,1,6,5,1,1,0,1,1,0,0,1,0,1,0,0,1,1,1,1,4,2,1,1,50,1,4,1,60,1,2,2
15728,4.0,4.0,2.0,2.0,2.0,4.0,2.0,3.0,5.0,4.0,1.0,5.0,2.0,2.0,4.0,2.0,3.0,3.0,4.0,1.0,5,5,3,5,7,6,5,6,3,2,1,1,0,1,1,0,0,0,0,1,0,0,0,1,1,1,2,2,2,1,21,1,12,5,60,1,1,2
15729,5.0,4.0,1.0,1.0,4.0,1.0,1.0,4.0,2.0,1.0,1.0,5.0,4.0,1.0,5.0,1.0,1.0,5.0,5.0,3.0,3,6,6,6,6,6,1,2,5,3,1,1,0,1,1,0,0,0,0,1,0,1,1,1,1,1,3,1,2,1,31,1,2,1,60,2,2,5
15730,3.0,4.0,4.0,1.0,4.0,2.0,1.0,5.0,3.0,4.0,2.0,4.0,4.0,1.0,5.0,1.0,1.0,5.0,5.0,4.0,6,7,4,5,5,7,3,5,3,2,1,0,0,1,0,0,0,0,0,1,0,0,1,1,1,1,3,1,1,2,25,1,2,1,60,1,1,2
15731,2.0,1.0,5.0,3.0,2.0,5.0,4.0,1.0,5.0,5.0,2.0,3.0,1.0,3.0,2.0,3.0,3.0,3.0,5.0,2.0,4,6,5,4,5,4,5,2,5,2,1,0,0,1,0,0,0,0,0,1,0,0,0,0,0,1,3,1,2,2,35,1,4,1,60,1,1,2
15732,5.0,5.0,1.0,1.0,4.0,1.0,1.0,4.0,4.0,2.0,1.0,4.0,4.0,1.0,4.0,1.0,5.0,4.0,5.0,3.0,6,7,2,4,6,3,3,2,4,1,1,1,1,1,1,0,0,1,0,1,1,0,1,1,1,1,3,3,1,2,29,1,2,1,60,1,1,3
15733,5.0,5.0,1.0,4.0,5.0,1.0,1.0,4.0,3.0,1.0,2.0,4.0,2.0,1.0,5.0,4.0,1.0,5.0,5.0,1.0,7,7,7,5,7,1,7,5,7,1,1,1,0,1,1,0,0,0,0,1,0,0,1,1,1,1,3,2,1,1,19,2,2,1,10,2,1,3
15734,1.0,1.0,1.0,4.0,5.0,5.0,2.0,5.0,5.0,5.0,1.0,5.0,5.0,1.0,5.0,4.0,1.0,1.0,5.0,1.0,2,6,7,5,6,5,2,1,6,5,1,1,0,1,1,0,0,0,0,1,0,1,1,1,1,1,3,2,1,1,32,1,6,1,60,1,2,2
15735,3.0,5.0,4.0,4.0,2.0,1.0,1.0,2.0,2.0,2.0,1.0,2.0,1.0,1.0,4.0,1.0,1.0,5.0,5.0,4.0,6,7,6,5,7,3,5,5,2,1,1,1,0,1,1,0,0,1,0,1,1,0,0,0,1,1,2,1,2,2,21,1,4,1,60,1,1,1
15736,2.0,3.0,5.0,5.0,2.0,1.0,2.0,1.0,4.0,4.0,1.0,5.0,1.0,4.0,3.0,4.0,1.0,4.0,5.0,1.0,1,6,7,2,7,7,5,2,6,2,1,1,1,1,1,0,1,1,0,1,1,0,1,1,1,1,4,2,2,1,34,1,2,1,60,1,1,3
15737,5.0,5.0,1.0,1.0,5.0,1.0,1.0,5.0,1.0,1.0,1.0,5.0,5.0,5.0,5.0,1.0,1.0,5.0,5.0,5.0,5,7,7,1,7,1,2,1,7,1,0,0,0,0,1,0,0,0,0,0,0,0,1,1,0,0,3,1,1,2,32,2,7,1,60,2,1,3
15738,4.0,2.0,5.0,5.0,4.0,4.0,4.0,4.0,5.0,3.0,4.0,2.0,3.0,2.0,2.0,4.0,3.0,2.0,4.0,1.0,6,3,7,3,7,5,6,1,6,1,1,1,0,1,1,0,0,0,0,1,0,0,1,1,1,1,2,2,1,1,27,3,7,1,30,1,1,3
15739,5.0,5.0,3.0,5.0,5.0,1.0,1.0,5.0,5.0,5.0,1.0,5.0,1.0,1.0,5.0,5.0,5.0,5.0,5.0,5.0,2,4,5,7,6,4,5,5,1,4,1,1,0,1,1,0,0,0,0,1,0,0,1,1,0,1,3,3,1,2,23,1,8,1,70,2,1,2
15740,3.0,2.0,3.0,4.0,2.0,2.0,2.0,2.0,4.0,4.0,1.0,2.0,1.0,3.0,2.0,4.0,3.0,3.0,5.0,1.0,5,2,5,2,6,3,5,6,3,2,1,1,0,1,1,0,0,1,0,1,0,0,1,1,1,1,3,3,2,1,24,2,12,1,60,2,2,2
15741,5.0,5.0,5.0,1.0,5.0,1.0,1.0,5.0,1.0,1.0,5.0,5.0,5.0,1.0,5.0,1.0,1.0,5.0,5.0,5.0,5,7,7,5,1,7,1,7,1,1,1,1,0,1,1,0,0,0,0,1,1,0,1,1,1,1,2,3,2,1,14,1,12,1,60,1,1,2
15742,4.0,4.0,1.0,2.0,5.0,1.0,1.0,2.0,2.0,2.0,1.0,5.0,5.0,1.0,3.0,3.0,2.0,5.0,5.0,4.0,6,6,6,4,7,3,3,2,7,1,1,1,0,1,1,0,0,0,0,1,0,0,1,1,1,1,2,2,1,1,22,1,7,1,60,1,1,2
15743,4.0,4.0,4.0,2.0,4.0,1.0,1.0,4.0,4.0,2.0,1.0,5.0,4.0,2.0,5.0,2.0,2.0,4.0,5.0,4.0,2,6,5,6,3,6,4,2,3,4,1,1,0,1,1,0,0,0,0,1,0,0,1,1,1,1,3,2,1,1,20,1,1,1,20,1,1,2
15744,4.0,5.0,2.0,4.0,5.0,2.0,1.0,5.0,3.0,1.0,1.0,4.0,5.0,1.0,2.0,1.0,1.0,3.0,5.0,3.0,2,4,3,7,6,6,5,4,5,1,1,1,0,1,1,0,1,1,0,1,0,0,0,1,1,1,3,3,1,2,25,1,1,0,10,2,1,2
15745,4.0,4.0,3.0,3.0,5.0,4.0,2.0,4.0,4.0,3.0,3.0,3.0,3.0,2.0,3.0,4.0,1.0,4.0,4.0,3.0,4,5,3,2,4,5,5,6,5,3,1,1,0,1,1,0,0,0,0,1,0,0,1,1,1,1,3,1,1,1,24,2,2,1,60,2,1,3
15746,5.0,3.0,3.0,3.0,5.0,4.0,3.0,5.0,5.0,5.0,1.0,5.0,5.0,5.0,3.0,4.0,3.0,3.0,5.0,4.0,6,1,6,3,7,7,4,4,5,1,1,1,0,1,1,0,1,0,1,1,0,1,1,1,1,1,4,3,2,2,23,1,10,1,20,2,1,3
15747,4.0,4.0,4.0,3.0,4.0,4.0,4.0,5.0,4.0,3.0,3.0,5.0,2.0,1.0,2.0,3.0,2.0,3.0,3.0,3.0,3,6,4,5,6,4,4,4,4,3,1,1,0,1,1,0,0,0,0,1,0,1,1,1,1,1,3,1,2,2,25,1,10,1,10,2,1,0
15748,5.0,5.0,3.0,2.0,4.0,1.0,3.0,4.0,2.0,3.0,4.0,3.0,4.0,4.0,5.0,5.0,3.0,4.0,5.0,1.0,1,5,5,6,7,7,4,7,6,6,1,1,0,1,1,0,0,0,0,1,0,0,1,0,1,1,2,2,2,1,18,2,1,1,30,2,1,2
15749,4.0,2.0,1.0,1.0,5.0,1.0,1.0,2.0,2.0,3.0,2.0,4.0,2.0,3.0,5.0,1.0,1.0,5.0,5.0,4.0,3,6,6,5,7,5,2,2,3,5,1,1,0,1,1,0,0,0,0,1,0,0,1,1,1,1,3,1,1,1,23,2,7,1,60,1,1,1
15750,2.0,4.0,5.0,3.0,4.0,2.0,1.0,3.0,5.0,3.0,1.0,3.0,2.0,3.0,4.0,2.0,4.0,4.0,5.0,1.0,2,1,5,6,4,6,6,2,4,3,1,1,1,1,1,0,0,0,0,1,0,0,1,1,1,1,3,2,2,1,36,1,1,1,60,1,1,2
15751,2.0,4.0,1.0,4.0,2.0,2.0,2.0,2.0,4.0,4.0,3.0,2.0,2.0,3.0,4.0,4.0,2.0,2.0,5.0,2.0,2,1,6,2,6,6,6,2,6,3,1,1,0,1,1,0,1,0,0,1,0,0,1,1,1,1,4,2,1,1,55,1,1,1,60,1,2,4
15752,1.0,4.0,5.0,5.0,1.0,4.0,5.0,1.0,5.0,5.0,3.0,1.0,1.0,4.0,4.0,4.0,2.0,1.0,5.0,1.0,6,2,7,2,5,3,7,3,7,2,1,1,1,1,1,0,1,1,0,1,0,0,1,1,1,1,4,2,2,1,52,1,4,1,20,1,2,3
15753,4.0,4.0,4.0,2.0,2.0,1.0,2.0,2.0,5.0,4.0,2.0,2.0,3.0,2.0,1.0,1.0,1.0,2.0,5.0,2.0,3,1,7,5,5,2,6,1,6,2,1,1,1,1,1,0,0,0,0,1,0,1,1,1,1,1,4,2,2,1,38,1,7,1,60,1,2,1
15754,4.0,4.0,1.0,1.0,5.0,2.0,2.0,4.0,2.0,2.0,1.0,5.0,3.0,2.0,4.0,1.0,1.0,4.0,3.0,4.0,4,6,7,4,7,5,1,2,4,2,1,1,0,1,1,1,0,0,0,1,0,0,1,1,1,1,3,2,1,1,27,1,2,1,60,1,1,3
15755,3.0,4.0,1.0,3.0,4.0,1.0,1.0,1.0,5.0,1.0,2.0,4.0,3.0,1.0,4.0,1.0,5.0,2.0,5.0,2.0,3,5,2,7,7,3,5,5,1,3,1,1,0,1,1,0,1,0,1,1,0,0,1,1,1,1,3,2,2,1,33,1,1,2,60,1,2,1
15756,5.0,3.0,1.0,2.0,4.0,3.0,2.0,4.0,4.0,3.0,1.0,4.0,4.0,1.0,4.0,1.0,2.0,4.0,5.0,2.0,1,2,6,6,4,6,4,6,3,4,1,1,0,1,1,0,0,0,0,1,0,0,1,1,1,1,3,2,1,1,43,2,1,1,10,2,1,2
15757,4.0,2.0,2.0,4.0,5.0,4.0,1.0,2.0,5.0,2.0,2.0,3.0,1.0,2.0,2.0,1.0,3.0,4.0,5.0,1.0,4,5,6,6,5,6,5,4,5,5,1,0,0,1,1,0,0,0,0,1,0,0,1,1,1,1,3,2,0,2,21,1,2,1,10,2,1,2
15758,1.0,4.0,1.0,5.0,4.0,4.0,1.0,1.0,5.0,1.0,1.0,5.0,1.0,5.0,5.0,4.0,2.0,1.0,1.0,1.0,5,2,6,2,7,5,5,5,7,2,1,1,1,1,1,0,0,0,1,1,0,0,1,1,1,1,4,3,2,1,46,2,4,1,60,1,3,4
15759,2.0,3.0,4.0,2.0,2.0,4.0,3.0,2.0,5.0,4.0,2.0,5.0,3.0,2.0,2.0,4.0,3.0,2.0,5.0,1.0,3,5,2,2,7,4,6,3,5,4,0,0,0,0,1,0,0,0,0,1,0,0,0,0,0,1,3,3,2,2,34,1,1,1,60,1,1,2
15760,2.0,4.0,5.0,2.0,5.0,5.0,2.0,5.0,5.0,1.0,2.0,2.0,2.0,3.0,4.0,2.0,1.0,4.0,5.0,5.0,6,4,5,5,7,3,7,6,4,2,1,1,0,1,1,0,1,1,0,1,0,0,1,1,1,1,3,3,2,1,23,1,3,1,70,1,1,3
15761,4.0,5.0,4.0,5.0,5.0,2.0,4.0,1.0,2.0,4.0,1.0,1.0,2.0,2.0,3.0,5.0,5.0,3.0,5.0,1.0,2,6,7,1,6,4,3,5,7,5,0,0,0,0,0,0,0,0,0,0,0,0,0,0,0,0,3,3,1,2,23,1,3,1,10,1,1,1
15762,2.0,1.0,2.0,4.0,5.0,2.0,2.0,1.0,5.0,5.0,2.0,3.0,1.0,2.0,1.0,1.0,3.0,1.0,4.0,1.0,6,5,7,5,6,4,6,5,4,2,1,1,0,1,1,0,0,0,0,1,0,0,1,0,1,1,2,3,2,1,19,1,1,1,60,1,1,2
15763,5.0,5.0,1.0,1.0,5.0,3.0,1.0,3.0,3.0,1.0,1.0,5.0,5.0,2.0,5.0,1.0,1.0,5.0,5.0,5.0,3,4,4,3,7,6,4,3,6,4,1,1,0,1,1,0,0,0,0,1,0,0,1,1,1,1,2,1,1,2,18,1,12,1,10,2,1,4
15764,4.0,5.0,2.0,2.0,2.0,4.0,1.0,4.0,4.0,2.0,3.0,5.0,4.0,2.0,4.0,1.0,2.0,3.0,5.0,4.0,3,5,7,5,3,6,7,1,5,5,0,0,0,0,0,0,0,0,0,1,0,0,0,0,0,1,3,2,2,1,22,1,1,1,10,1,1,2
15765,3.0,3.0,2.0,3.0,2.0,1.0,1.0,3.0,5.0,1.0,2.0,2.0,1.0,1.0,5.0,1.0,3.0,5.0,5.0,3.0,4,2,5,2,6,2,7,3,4,3,1,1,1,0,1,0,1,1,0,1,0,1,1,1,1,1,4,2,1,2,35,1,12,5,70,1,1,1
15766,2.0,2.0,4.0,4.0,3.0,2.0,2.0,2.0,5.0,3.0,3.0,2.0,2.0,2.0,4.0,4.0,1.0,4.0,5.0,1.0,6,5,6,4,7,4,7,3,3,2,1,1,1,1,1,0,0,0,0,1,0,0,1,1,1,1,2,1,2,1,27,1,7,1,60,1,1,2
15767,1.0,1.0,5.0,3.0,1.0,5.0,5.0,1.0,5.0,5.0,3.0,2.0,1.0,3.0,1.0,5.0,4.0,2.0,1.0,5.0,6,4,5,2,3,2,6,6,2,3,1,1,0,1,1,0,0,0,1,1,0,0,1,1,1,1,4,3,2,1,44,1,6,1,60,2,1,3
15768,4.0,5.0,2.0,2.0,5.0,1.0,4.0,4.0,2.0,1.0,2.0,2.0,4.0,2.0,4.0,4.0,4.0,4.0,5.0,5.0,2,2,1,5,7,3,3,5,5,2,1,1,0,1,1,0,0,1,0,1,0,0,1,1,1,1,4,3,2,2,20,1,8,1,10,1,1,1
15769,4.0,4.0,3.0,2.0,4.0,3.0,2.0,4.0,4.0,4.0,1.0,5.0,3.0,2.0,4.0,2.0,1.0,4.0,5.0,2.0,2,5,3,6,7,6,3,2,5,2,1,1,1,1,1,0,1,1,0,1,1,1,1,1,1,1,2,2,2,1,19,3,2,1,60,2,1,2
15770,4.0,5.0,2.0,3.0,4.0,2.0,1.0,4.0,1.0,1.0,1.0,4.0,5.0,1.0,4.0,1.0,1.0,1.0,5.0,3.0,4,2,7,1,7,5,2,1,7,2,1,1,0,1,1,0,0,1,0,1,0,0,1,1,1,1,3,2,1,1,25,1,2,1,60,2,1,2
15771,1.0,3.0,2.0,4.0,2.0,4.0,3.0,2.0,5.0,3.0,2.0,4.0,1.0,2.0,4.0,5.0,2.0,2.0,4.0,1.0,3,6,7,5,7,5,3,1,3,6,1,1,0,1,1,0,0,0,0,1,0,0,1,1,1,1,4,2,2,1,30,1,1,1,10,1,2,2
15772,2.0,4.0,2.0,4.0,4.0,2.0,1.0,2.0,2.0,2.0,2.0,4.0,2.0,2.0,5.0,4.0,2.0,5.0,5.0,2.0,7,6,6,3,6,2,5,3,5,2,1,1,0,1,1,0,0,1,0,1,1,1,0,0,1,1,3,3,2,2,19,1,7,3,60,1,1,3
15773,4.0,1.0,3.0,1.0,1.0,1.0,1.0,4.0,5.0,3.0,1.0,4.0,4.0,1.0,1.0,1.0,1.0,4.0,4.0,3.0,1,6,4,4,5,5,2,2,3,1,1,1,1,1,1,0,1,0,0,1,0,0,1,1,1,1,3,1,1,1,40,1,7,1,60,2,2,3
15774,4.0,3.0,2.0,1.0,2.0,1.0,2.0,2.0,2.0,2.0,2.0,2.0,3.0,1.0,4.0,1.0,2.0,5.0,5.0,5.0,2,2,5,1,7,7,1,6,7,1,1,1,1,1,1,0,1,0,0,1,1,1,1,1,1,1,4,3,1,1,35,1,2,1,70,1,1,1
15775,2.0,2.0,3.0,3.0,2.0,5.0,2.0,5.0,5.0,1.0,4.0,1.0,1.0,3.0,3.0,3.0,1.0,1.0,1.0,1.0,3,2,5,2,5,5,5,3,5,4,1,1,0,1,1,0,0,0,0,1,0,0,1,1,1,1,4,3,1,2,29,1,10,1,10,2,2,2
15776,5.0,5.0,2.0,2.0,5.0,1.0,1.0,4.0,2.0,1.0,1.0,4.0,4.0,2.0,4.0,4.0,1.0,4.0,5.0,3.0,6,6,3,3,7,3,1,2,7,3,1,1,0,1,1,0,0,1,1,1,0,1,1,1,1,1,3,2,2,2,22,1,10,2,10,2,1,4
15777,5.0,4.0,2.0,1.0,5.0,2.0,1.0,4.0,2.0,2.0,1.0,5.0,4.0,1.0,5.0,1.0,1.0,5.0,5.0,1.0,5,2,7,1,6,1,3,1,7,1,1,1,1,1,1,0,1,0,0,1,1,1,1,1,1,1,3,2,2,1,24,1,2,2,60,1,1,2
15778,4.0,3.0,4.0,1.0,1.0,5.0,1.0,3.0,5.0,3.0,2.0,1.0,1.0,1.0,3.0,4.0,5.0,1.0,5.0,3.0,1,1,7,2,6,3,5,3,4,6,1,1,1,1,1,0,0,0,1,1,0,1,0,1,1,1,1,2,1,1,15,1,7,5,60,2,1,3
15779,5.0,5.0,1.0,1.0,5.0,1.0,1.0,5.0,1.0,1.0,1.0,5.0,5.0,1.0,5.0,1.0,5.0,5.0,5.0,5.0,6,6,5,6,5,2,4,2,5,1,1,1,1,1,1,0,0,1,0,1,1,0,0,1,1,1,3,2,1,2,28,1,2,2,60,1,1,4
15780,4.0,4.0,2.0,2.0,4.0,1.0,1.0,1.0,3.0,2.0,2.0,3.0,3.0,2.0,4.0,1.0,2.0,3.0,5.0,2.0,5,5,6,5,6,5,3,1,6,5,1,1,0,1,1,0,0,0,0,1,0,0,1,1,1,1,3,2,1,1,20,1,2,1,60,2,1,3
15781,5.0,3.0,5.0,1.0,5.0,3.0,5.0,5.0,5.0,1.0,1.0,5.0,1.0,1.0,2.0,1.0,1.0,5.0,4.0,4.0,6,4,6,7,7,5,7,1,2,6,1,1,1,1,1,1,0,1,1,1,0,1,1,1,1,1,4,2,2,1,37,1,4,1,60,1,1,2
15782,5.0,3.0,3.0,3.0,3.0,3.0,1.0,4.0,2.0,2.0,1.0,4.0,4.0,2.0,1.0,2.0,4.0,2.0,5.0,2.0,2,4,3,5,7,7,6,4,5,2,1,1,0,1,1,1,0,1,0,1,0,0,1,0,0,1,1,1,1,1,16,1,4,1,60,2,1,0
15783,3.0,1.0,1.0,5.0,3.0,5.0,5.0,2.0,5.0,5.0,3.0,4.0,1.0,1.0,3.0,2.0,4.0,2.0,3.0,1.0,5,5,6,5,7,6,6,6,6,3,1,1,1,1,1,0,1,1,0,1,1,0,1,1,1,1,4,3,1,1,51,1,4,1,60,1,2,3
15784,2.0,3.0,3.0,3.0,2.0,4.0,4.0,2.0,5.0,5.0,3.0,1.0,1.0,4.0,4.0,3.0,3.0,4.0,3.0,2.0,4,3,6,5,6,4,6,2,6,3,1,1,0,1,1,0,0,0,0,1,0,0,1,1,1,1,2,3,2,1,19,1,4,1,60,2,1,2
15785,4.0,4.0,2.0,1.0,2.0,1.0,1.0,5.0,2.0,2.0,1.0,4.0,3.0,1.0,5.0,2.0,1.0,5.0,5.0,3.0,7,7,4,5,6,3,6,6,3,1,1,1,1,1,1,0,0,1,0,1,1,0,1,1,1,1,4,2,1,1,34,1,2,3,60,2,1,3
15786,5.0,5.0,2.0,1.0,4.0,4.0,1.0,4.0,5.0,5.0,1.0,4.0,4.0,2.0,1.0,5.0,5.0,1.0,5.0,2.0,1,7,7,3,6,6,2,6,2,4,1,1,1,1,1,0,0,1,0,1,0,0,0,1,1,1,4,3,2,2,30,1,1,1,60,2,1,1
15787,3.0,1.0,1.0,2.0,4.0,5.0,4.0,1.0,5.0,5.0,3.0,5.0,1.0,1.0,5.0,5.0,1.0,4.0,5.0,1.0,2,7,7,5,7,5,5,2,1,1,1,1,1,1,1,0,0,1,0,1,0,1,1,1,1,1,2,3,1,2,20,1,2,1,60,1,1,2
15788,4.0,4.0,2.0,2.0,4.0,3.0,3.0,2.0,4.0,4.0,4.0,2.0,3.0,2.0,4.0,1.0,1.0,2.0,5.0,2.0,7,6,6,3,6,1,2,2,7,5,1,1,0,1,0,0,0,0,0,1,0,0,0,1,1,1,2,3,1,1,18,3,2,1,60,2,1,2
15789,4.0,4.0,2.0,4.0,5.0,1.0,1.0,4.0,2.0,3.0,2.0,4.0,5.0,2.0,4.0,1.0,2.0,5.0,5.0,2.0,5,5,3,5,5,5,0,5,3,2,1,1,0,1,1,0,0,0,0,1,1,0,1,1,1,1,4,2,1,1,27,1,1,3,60,1,1,2
15790,4.0,1.0,1.0,4.0,4.0,1.0,2.0,2.0,5.0,3.0,1.0,4.0,5.0,1.0,4.0,1.0,1.0,4.0,4.0,1.0,2,2,6,3,6,2,6,2,6,1,1,1,1,1,1,0,0,0,0,1,1,1,1,1,1,1,3,3,1,1,35,1,1,1,30,1,2,2
15791,5.0,4.0,1.0,3.0,5.0,3.0,1.0,4.0,3.0,2.0,4.0,5.0,4.0,2.0,4.0,1.0,2.0,4.0,5.0,5.0,5,5,6,1,5,6,5,7,6,1,0,0,0,1,1,0,0,1,0,0,0,0,1,1,0,1,3,2,1,2,24,1,2,1,70,2,1,3
15792,5.0,5.0,1.0,1.0,5.0,1.0,1.0,5.0,1.0,1.0,1.0,5.0,5.0,1.0,5.0,1.0,1.0,5.0,5.0,5.0,7,3,7,2,7,1,5,2,7,1,1,1,1,1,1,0,0,1,0,1,0,0,0,1,1,1,3,2,1,1,20,1,1,1,30,1,1,2
15793,1.0,2.0,5.0,1.0,3.0,4.0,4.0,2.0,5.0,4.0,1.0,1.0,5.0,1.0,2.0,5.0,1.0,5.0,4.0,2.0,3,1,6,3,7,6,7,5,3,2,1,1,1,1,1,0,0,0,0,1,0,0,1,1,1,1,3,1,2,1,28,1,7,1,60,2,1,3
15794,3.0,3.0,2.0,1.0,4.0,2.0,2.0,2.0,4.0,2.0,1.0,4.0,5.0,2.0,5.0,2.0,2.0,3.0,5.0,1.0,2,4,5,5,7,6,5,5,5,1,1,1,1,1,1,0,0,1,0,1,0,0,1,1,1,1,2,2,1,1,19,2,12,1,50,2,1,2
15795,5.0,4.0,4.0,4.0,2.0,1.0,4.0,2.0,4.0,4.0,1.0,4.0,5.0,1.0,5.0,5.0,3.0,2.0,5.0,1.0,7,2,3,1,4,2,7,7,2,1,1,1,0,1,1,1,0,1,0,1,1,0,1,1,1,1,3,2,1,1,38,1,3,1,60,1,3,2
15796,1.0,1.0,4.0,3.0,4.0,5.0,5.0,2.0,5.0,4.0,2.0,4.0,1.0,3.0,3.0,5.0,1.0,3.0,5.0,2.0,6,5,6,4,5,3,4,2,4,3,1,1,1,1,1,0,0,1,0,1,0,0,1,1,1,1,2,1,2,1,58,1,7,1,60,2,3,4
15797,4.0,5.0,3.0,4.0,4.0,2.0,2.0,1.0,4.0,2.0,1.0,5.0,4.0,1.0,5.0,2.0,1.0,4.0,4.0,4.0,5,7,7,6,7,2,6,7,3,1,1,1,1,1,1,0,0,0,0,1,0,0,0,1,1,1,3,3,2,1,64,1,6,1,50,1,3,3
15798,4.0,5.0,2.0,3.0,2.0,2.0,1.0,5.0,5.0,4.0,1.0,1.0,1.0,1.0,4.0,2.0,2.0,5.0,5.0,1.0,5,7,6,2,7,5,7,1,7,1,1,1,0,1,1,0,0,1,0,1,0,0,0,1,1,1,2,3,1,2,17,1,4,1,60,2,1,1
15799,3.0,5.0,2.0,2.0,5.0,2.0,1.0,4.0,2.0,2.0,1.0,4.0,5.0,1.0,4.0,1.0,1.0,5.0,5.0,5.0,1,1,5,4,3,5,6,4,3,1,1,1,0,1,1,0,0,0,0,1,0,0,1,1,1,1,3,1,1,2,23,3,2,1,10,2,1,2
15800,5.0,1.0,4.0,3.0,1.0,4.0,4.0,1.0,5.0,5.0,3.0,1.0,1.0,3.0,1.0,3.0,5.0,1.0,5.0,1.0,4,1,7,2,4,4,6,1,6,6,1,1,0,1,1,0,0,0,0,1,0,0,1,1,1,1,3,3,1,1,28,1,12,1,10,1,1,2
15801,5.0,1.0,4.0,3.0,2.0,1.0,1.0,5.0,1.0,2.0,1.0,5.0,4.0,1.0,5.0,1.0,1.0,5.0,5.0,5.0,5,7,7,5,4,4,6,1,2,3,1,1,0,1,0,0,0,0,0,1,0,0,0,0,1,1,3,2,1,1,50,1,4,1,60,1,3,2
15802,4.0,2.0,3.0,5.0,1.0,5.0,2.0,1.0,5.0,2.0,4.0,1.0,3.0,5.0,4.0,5.0,3.0,2.0,5.0,3.0,5,1,6,1,7,5,7,5,4,2,0,1,0,1,1,0,0,1,0,1,1,0,1,1,1,1,3,3,2,2,23,1,1,1,10,1,1,3
15803,2.0,3.0,5.0,2.0,5.0,4.0,3.0,4.0,5.0,5.0,1.0,4.0,4.0,2.0,4.0,4.0,2.0,4.0,5.0,1.0,1,5,2,6,4,6,5,6,3,1,1,0,0,1,0,0,0,1,0,1,0,0,0,0,1,1,2,3,1,2,20,1,1,2,60,2,1,2
15804,5.0,3.0,5.0,4.0,2.0,1.0,1.0,4.0,4.0,4.0,1.0,1.0,1.0,2.0,2.0,1.0,1.0,2.0,5.0,2.0,2,1,7,2,7,7,6,6,7,1,1,1,1,1,1,0,1,1,0,1,0,1,1,1,1,1,4,1,2,1,66,1,2,1,70,2,2,3
15805,4.0,2.0,1.0,2.0,2.0,2.0,2.0,2.0,4.0,4.0,3.0,4.0,2.0,3.0,1.0,1.0,2.0,2.0,5.0,5.0,6,7,5,2,5,5,5,4,5,5,1,1,1,1,1,0,0,1,0,1,0,0,1,1,1,1,4,2,1,1,27,1,1,1,60,2,1,4
15806,5.0,4.0,3.0,3.0,4.0,1.0,1.0,3.0,2.0,2.0,1.0,4.0,4.0,1.0,5.0,1.0,3.0,3.0,5.0,4.0,6,5,4,2,5,2,5,1,4,3,1,1,1,1,1,0,1,1,1,1,1,1,1,1,1,1,4,3,1,2,28,1,7,1,60,1,2,1
15807,1.0,1.0,5.0,5.0,1.0,4.0,2.0,1.0,5.0,5.0,2.0,2.0,1.0,3.0,4.0,2.0,1.0,2.0,5.0,1.0,3,2,6,4,5,7,7,1,6,2,1,1,0,1,1,0,0,0,0,1,0,0,1,1,1,1,3,2,2,1,35,1,7,1,60,2,2,2
15808,1.0,2.0,1.0,5.0,2.0,2.0,2.0,1.0,4.0,4.0,1.0,1.0,1.0,2.0,4.0,1.0,2.0,2.0,5.0,1.0,6,5,7,5,3,3,7,1,7,3,1,1,0,1,1,0,0,0,0,1,0,0,1,1,1,1,3,2,2,1,20,1,1,2,60,1,1,3
15809,1.0,4.0,2.0,4.0,2.0,3.0,1.0,2.0,5.0,5.0,1.0,2.0,2.0,4.0,5.0,4.0,1.0,2.0,5.0,1.0,5,1,6,2,3,2,5,6,4,3,1,1,0,1,1,0,0,0,0,1,0,0,0,1,1,1,3,3,2,2,40,1,1,1,60,1,3,2
15810,5.0,5.0,4.0,4.0,2.0,1.0,2.0,2.0,3.0,2.0,1.0,4.0,4.0,3.0,5.0,1.0,1.0,5.0,5.0,1.0,6,3,3,5,7,4,6,6,5,1,1,1,1,1,1,0,1,1,0,1,1,1,1,1,1,1,2,2,1,1,22,1,7,3,10,1,1,2
15811,5.0,4.0,2.0,2.0,5.0,2.0,1.0,4.0,3.0,1.0,2.0,5.0,4.0,3.0,3.0,2.0,1.0,4.0,3.0,2.0,6,5,4,7,3,3,7,4,2,3,1,1,0,1,1,0,0,0,0,1,0,0,1,0,1,1,3,2,2,1,21,1,1,1,60,2,1,2
15812,3.0,5.0,2.0,2.0,4.0,3.0,2.0,4.0,2.0,2.0,1.0,5.0,1.0,2.0,4.0,1.0,2.0,3.0,5.0,4.0,5,3,7,5,6,7,6,1,6,1,1,1,0,1,1,0,0,0,0,1,0,0,0,1,1,1,3,3,2,2,25,1,7,1,60,1,1,2
15813,1.0,3.0,4.0,3.0,1.0,4.0,2.0,2.0,5.0,5.0,2.0,2.0,1.0,1.0,2.0,4.0,4.0,2.0,3.0,2.0,7,1,7,2,7,2,7,1,7,2,1,1,0,1,1,0,0,1,1,1,0,0,1,1,1,1,2,2,2,1,20,1,4,1,60,2,1,2
15814,5.0,3.0,1.0,2.0,5.0,4.0,1.0,4.0,2.0,3.0,1.0,5.0,4.0,3.0,4.0,4.0,2.0,5.0,4.0,1.0,5,6,5,3,6,4,5,6,3,1,1,1,1,1,1,0,0,1,0,1,0,0,1,1,1,1,2,2,1,1,21,1,1,1,60,1,1,4
15815,1.0,4.0,4.0,2.0,2.0,4.0,2.0,5.0,5.0,5.0,1.0,4.0,5.0,1.0,4.0,1.0,2.0,5.0,5.0,4.0,2,5,7,2,2,7,6,5,4,1,1,1,0,1,1,0,0,1,1,1,0,1,1,1,1,1,2,1,1,1,22,1,12,1,60,2,1,1
15816,2.0,4.0,2.0,4.0,2.0,2.0,2.0,3.0,3.0,4.0,2.0,4.0,1.0,3.0,4.0,4.0,2.0,4.0,5.0,1.0,2,6,1,3,2,6,3,5,4,5,1,1,0,1,1,0,0,0,0,1,0,0,1,0,1,1,2,3,1,1,19,1,1,1,60,2,1,2
15817,3.0,3.0,3.0,4.0,4.0,2.0,2.0,4.0,4.0,3.0,2.0,5.0,2.0,1.0,4.0,1.0,2.0,4.0,1.0,2.0,1,5,2,5,2,6,5,5,6,7,1,1,0,1,1,0,0,1,0,1,1,0,0,1,1,1,4,3,1,2,42,1,4,1,60,1,1,2
15818,2.0,1.0,4.0,5.0,2.0,4.0,2.0,2.0,4.0,2.0,2.0,2.0,2.0,2.0,4.0,2.0,2.0,4.0,5.0,1.0,5,7,5,7,3,3,3,2,1,4,1,1,1,1,1,0,1,0,0,1,0,0,1,1,1,1,2,2,2,1,19,2,2,1,60,1,1,2
15819,1.0,5.0,2.0,4.0,5.0,1.0,1.0,1.0,1.0,1.0,1.0,5.0,4.0,3.0,5.0,5.0,1.0,1.0,5.0,1.0,3,5,5,3,6,2,4,1,1,1,1,1,1,1,1,0,0,1,0,1,1,0,1,1,1,1,3,3,1,1,19,1,2,4,60,1,1,2
15820,1.0,1.0,5.0,3.0,4.0,4.0,2.0,2.0,5.0,5.0,2.0,2.0,1.0,2.0,4.0,5.0,4.0,4.0,4.0,1.0,6,5,6,6,7,6,7,3,4,1,1,1,1,1,1,1,1,0,0,1,0,1,1,1,1,1,2,2,2,1,19,1,4,1,60,1,1,5
15821,5.0,5.0,2.0,5.0,5.0,1.0,1.0,1.0,1.0,1.0,1.0,5.0,5.0,2.0,3.0,2.0,3.0,5.0,5.0,4.0,1,7,5,6,1,7,1,6,7,2,1,1,0,1,1,0,0,0,0,1,0,0,0,1,1,1,1,3,1,2,17,1,2,0,20,2,1,6
15822,5.0,4.0,3.0,1.0,5.0,1.0,1.0,1.0,1.0,1.0,1.0,5.0,5.0,1.0,4.0,1.0,1.0,4.0,2.0,5.0,1,2,3,1,3,7,2,3,6,3,1,1,1,1,1,1,1,1,0,1,0,0,1,1,1,1,2,2,1,1,19,1,6,1,60,1,1,3
15823,2.0,1.0,2.0,1.0,3.0,4.0,4.0,4.0,4.0,4.0,1.0,4.0,2.0,2.0,3.0,4.0,2.0,4.0,5.0,4.0,4,6,3,6,7,4,6,6,1,2,1,1,1,1,1,0,0,1,0,1,1,0,1,1,1,1,2,3,1,2,20,1,1,1,60,1,1,1
15824,3.0,4.0,4.0,2.0,4.0,2.0,2.0,4.0,4.0,2.0,1.0,5.0,4.0,2.0,4.0,1.0,2.0,3.0,5.0,2.0,1,6,1,5,5,7,3,3,5,2,1,1,0,1,1,0,1,1,0,1,0,0,1,1,1,1,3,2,1,1,23,1,2,1,60,2,1,4
15825,5.0,5.0,1.0,1.0,4.0,2.0,1.0,4.0,2.0,1.0,1.0,5.0,5.0,1.0,5.0,1.0,1.0,5.0,5.0,5.0,1,6,3,5,7,7,1,2,4,1,1,1,1,1,1,1,1,1,1,1,0,1,1,1,1,1,2,1,1,1,22,2,6,1,60,2,1,2
15826,2.0,5.0,1.0,1.0,2.0,5.0,1.0,5.0,5.0,5.0,1.0,5.0,5.0,1.0,4.0,4.0,2.0,5.0,5.0,1.0,2,6,7,5,5,7,5,1,7,6,1,1,1,1,1,0,0,1,0,1,0,0,1,1,1,1,3,2,1,2,23,1,1,1,60,1,1,4
15827,4.0,4.0,4.0,3.0,4.0,3.0,2.0,4.0,4.0,4.0,2.0,3.0,1.0,3.0,1.0,2.0,2.0,4.0,5.0,2.0,5,6,5,4,7,2,5,5,5,2,1,1,0,1,1,0,0,0,0,1,0,0,1,1,1,1,3,2,1,1,23,1,1,1,60,2,1,4
15828,1.0,2.0,2.0,4.0,2.0,4.0,2.0,2.0,4.0,4.0,4.0,2.0,4.0,2.0,4.0,1.0,1.0,1.0,5.0,1.0,2,5,7,2,3,6,4,1,6,6,1,1,0,1,1,0,0,0,0,1,0,0,0,1,1,1,2,3,2,1,19,1,2,1,60,2,1,3
15829,3.0,2.0,1.0,2.0,3.0,1.0,2.0,5.0,4.0,4.0,2.0,5.0,1.0,2.0,5.0,2.0,3.0,2.0,5.0,1.0,2,4,6,4,5,6,4,5,7,4,1,1,0,1,1,0,0,0,0,1,0,0,1,1,1,1,2,2,1,1,17,1,9,1,60,2,1,3
15830,4.0,5.0,5.0,1.0,5.0,2.0,4.0,5.0,2.0,5.0,5.0,4.0,4.0,1.0,4.0,5.0,1.0,4.0,5.0,5.0,5,6,5,7,5,3,5,5,2,4,1,0,0,1,1,0,0,0,0,1,0,0,1,1,1,0,2,3,1,2,16,1,2,4,10,2,1,1
15831,3.0,4.0,5.0,1.0,5.0,4.0,4.0,2.0,4.0,4.0,1.0,4.0,1.0,1.0,4.0,2.0,2.0,2.0,5.0,4.0,1,5,7,7,6,5,6,1,6,5,0,0,0,0,0,0,0,0,0,0,0,0,0,0,0,0,2,3,2,1,41,1,2,3,60,2,2,4
15832,2.0,1.0,2.0,3.0,3.0,5.0,3.0,5.0,5.0,4.0,2.0,2.0,4.0,2.0,1.0,5.0,3.0,2.0,5.0,2.0,2,1,6,1,7,7,6,3,3,1,1,1,0,1,1,0,0,0,0,1,0,0,1,1,1,1,2,3,1,1,18,1,0,1,10,2,1,2
15833,4.0,2.0,1.0,1.0,5.0,1.0,2.0,5.0,1.0,1.0,1.0,5.0,4.0,1.0,4.0,1.0,1.0,5.0,5.0,3.0,1,6,6,7,6,7,3,6,3,1,1,1,1,1,1,0,1,0,0,1,0,0,1,1,1,1,3,2,2,1,23,1,1,1,10,2,1,1
15834,4.0,3.0,2.0,2.0,4.0,2.0,2.0,5.0,2.0,2.0,1.0,4.0,3.0,1.0,4.0,5.0,2.0,4.0,5.0,1.0,2,6,7,3,6,6,2,5,3,2,1,1,0,1,1,0,1,0,0,1,0,0,1,1,1,1,3,2,1,1,21,1,4,1,60,1,1,3
15835,1.0,4.0,5.0,2.0,4.0,5.0,4.0,2.0,5.0,5.0,2.0,5.0,1.0,4.0,5.0,4.0,1.0,1.0,5.0,1.0,1,2,7,7,7,7,7,2,1,1,1,1,1,1,1,0,0,1,0,1,0,0,1,1,1,1,3,1,2,1,19,1,1,2,60,1,1,2
15836,5.0,5.0,1.0,1.0,5.0,1.0,1.0,5.0,1.0,1.0,1.0,5.0,5.0,1.0,5.0,1.0,1.0,5.0,5.0,5.0,6,7,6,7,7,7,1,7,1,7,1,1,1,1,1,0,0,0,0,1,0,0,1,1,1,1,4,3,1,2,25,1,2,1,10,2,1,2
15837,5.0,4.0,2.0,2.0,4.0,2.0,2.0,1.0,3.0,2.0,1.0,3.0,1.0,1.0,1.0,1.0,2.0,3.0,4.0,3.0,7,6,6,2,7,2,6,5,7,1,0,1,1,1,0,0,0,1,1,1,0,1,1,1,1,1,2,3,2,2,20,1,10,1,60,2,1,3
15838,1.0,1.0,3.0,2.0,1.0,4.0,2.0,1.0,5.0,5.0,2.0,1.0,1.0,5.0,1.0,5.0,3.0,3.0,5.0,1.0,5,5,6,5,5,4,5,3,3,5,1,1,1,1,1,0,0,0,0,1,0,0,1,1,1,1,3,3,2,1,24,1,1,1,10,2,2,4
15839,3.0,5.0,1.0,1.0,2.0,1.0,4.0,1.0,4.0,2.0,1.0,2.0,4.0,1.0,1.0,5.0,4.0,4.0,5.0,3.0,2,6,5,1,6,6,3,2,7,1,1,1,0,1,1,0,0,0,0,1,0,0,1,1,1,1,2,2,1,1,20,2,12,2,60,2,1,2
15840,4.0,1.0,4.0,5.0,2.0,4.0,2.0,1.0,5.0,2.0,4.0,2.0,1.0,3.0,2.0,4.0,4.0,1.0,5.0,1.0,2,5,7,5,7,3,5,2,6,2,1,1,1,1,1,0,0,0,1,1,0,0,1,1,1,1,3,2,2,1,41,1,12,1,60,1,2,3
15841,2.0,3.0,5.0,5.0,3.0,2.0,3.0,1.0,4.0,4.0,3.0,3.0,1.0,3.0,1.0,5.0,3.0,2.0,3.0,1.0,7,7,6,5,7,3,7,5,5,1,1,1,0,1,1,0,0,1,0,1,0,0,0,1,1,1,4,3,2,2,23,1,7,1,60,1,1,3
15842,5.0,5.0,1.0,1.0,5.0,2.0,1.0,5.0,1.0,1.0,1.0,5.0,5.0,3.0,5.0,5.0,1.0,3.0,5.0,4.0,1,3,5,5,5,6,6,3,4,5,1,1,0,1,1,0,1,0,1,1,0,0,1,1,1,1,1,2,1,1,14,3,7,1,60,2,1,1
15843,3.0,3.0,2.0,3.0,3.0,1.0,1.0,2.0,4.0,2.0,1.0,4.0,2.0,2.0,4.0,2.0,2.0,4.0,5.0,3.0,5,5,7,6,6,4,6,4,5,2,1,1,0,1,1,0,1,0,0,1,0,1,1,1,1,1,4,3,2,1,43,1,2,1,10,1,2,2
15844,5.0,4.0,1.0,3.0,5.0,2.0,1.0,4.0,2.0,1.0,2.0,5.0,5.0,1.0,3.0,2.0,1.0,5.0,5.0,5.0,3,5,7,2,6,7,5,1,7,2,1,1,1,1,1,0,1,0,0,1,0,0,1,1,1,1,2,1,1,1,24,1,2,1,60,2,1,3
15845,5.0,5.0,1.0,1.0,5.0,3.0,1.0,5.0,1.0,1.0,1.0,5.0,5.0,1.0,2.0,1.0,1.0,5.0,5.0,5.0,1,1,7,4,7,7,7,1,7,1,1,1,1,1,1,0,1,1,0,1,1,0,1,1,1,1,3,1,2,2,30,2,12,4,60,1,3,1
15846,2.0,2.0,4.0,4.0,4.0,3.0,2.0,2.0,4.0,3.0,2.0,3.0,5.0,2.0,4.0,1.0,3.0,4.0,5.0,2.0,1,5,2,7,7,6,5,5,5,2,1,1,1,1,1,0,0,0,0,1,0,0,1,1,1,1,2,2,2,1,20,1,12,2,60,2,1,2
15847,3.0,3.0,3.0,4.0,2.0,2.0,2.0,4.0,5.0,4.0,1.0,5.0,4.0,2.0,4.0,1.0,2.0,2.0,5.0,1.0,2,3,6,1,7,5,3,2,6,1,1,1,1,1,1,0,0,1,0,1,0,1,1,1,1,1,3,1,2,1,35,1,1,1,60,2,3,1
15848,4.0,4.0,4.0,4.0,4.0,2.0,2.0,4.0,5.0,2.0,2.0,3.0,4.0,3.0,4.0,2.0,4.0,4.0,2.0,2.0,2,3,4,6,5,7,6,5,3,5,1,1,0,1,1,0,0,1,0,1,1,0,1,1,1,1,2,2,1,2,19,2,4,1,10,2,1,2
15849,1.0,1.0,5.0,3.0,1.0,4.0,4.0,1.0,5.0,5.0,2.0,1.0,1.0,4.0,1.0,5.0,4.0,1.0,3.0,1.0,5,5,7,3,3,5,6,1,6,6,0,1,0,1,1,0,0,0,0,1,0,0,0,1,1,1,3,3,2,1,41,2,6,1,60,2,2,2
15850,1.0,3.0,5.0,2.0,3.0,5.0,4.0,2.0,5.0,3.0,1.0,4.0,4.0,3.0,2.0,4.0,4.0,3.0,5.0,1.0,3,2,6,6,7,3,7,4,5,1,1,1,0,1,1,0,0,0,0,1,0,0,1,1,1,0,3,1,3,1,31,1,2,2,50,1,1,2
15851,5.0,5.0,1.0,2.0,5.0,1.0,1.0,3.0,2.0,1.0,1.0,5.0,5.0,1.0,5.0,1.0,1.0,5.0,5.0,3.0,7,6,7,5,6,1,6,3,5,3,0,0,0,0,1,0,0,0,0,1,0,0,0,1,0,1,3,2,1,1,24,1,12,1,60,1,2,2
15852,5.0,5.0,2.0,3.0,4.0,1.0,1.0,5.0,3.0,1.0,1.0,5.0,4.0,1.0,5.0,1.0,1.0,5.0,5.0,5.0,6,5,7,1,7,5,2,1,7,1,1,1,0,1,1,0,0,1,0,1,0,0,1,1,1,1,3,3,1,1,20,1,2,2,60,2,1,2
15853,5.0,4.0,5.0,1.0,5.0,5.0,2.0,5.0,5.0,4.0,1.0,4.0,4.0,2.0,4.0,1.0,5.0,2.0,5.0,1.0,2,1,5,3,5,7,3,4,7,7,1,1,0,1,0,0,0,0,0,1,0,0,0,0,1,1,3,3,1,2,22,1,3,1,10,1,1,4
15854,5.0,2.0,1.0,1.0,5.0,1.0,1.0,5.0,5.0,3.0,1.0,5.0,5.0,1.0,5.0,1.0,3.0,5.0,5.0,5.0,7,5,4,1,7,1,6,5,1,7,1,1,0,1,1,0,0,0,0,1,0,0,1,1,1,1,3,2,1,1,26,1,12,2,60,1,2,2
15855,2.0,3.0,4.0,2.0,2.0,4.0,4.0,1.0,4.0,4.0,1.0,3.0,4.0,3.0,1.0,5.0,1.0,3.0,5.0,3.0,1,4,3,5,6,7,4,4,2,1,1,1,1,1,1,0,1,1,0,1,1,0,1,1,1,1,4,1,1,1,35,1,6,1,60,2,2,1
15856,1.0,1.0,5.0,5.0,2.0,5.0,5.0,4.0,5.0,5.0,1.0,1.0,1.0,5.0,1.0,5.0,5.0,1.0,1.0,1.0,7,6,6,7,7,1,7,6,5,1,1,1,1,1,1,0,0,1,0,1,0,0,0,1,1,1,3,3,1,2,40,1,10,1,20,2,2,3
15857,5.0,3.0,2.0,1.0,5.0,1.0,2.0,5.0,2.0,2.0,1.0,5.0,4.0,2.0,3.0,1.0,1.0,5.0,1.0,4.0,4,5,6,3,5,4,5,2,6,4,1,1,1,1,1,1,1,1,0,1,1,0,1,1,1,1,3,3,2,2,50,1,7,1,60,1,2,1
15858,5.0,4.0,3.0,5.0,4.0,4.0,4.0,5.0,5.0,3.0,3.0,4.0,2.0,5.0,3.0,5.0,4.0,3.0,4.0,4.0,1,3,5,5,5,7,4,4,6,1,1,1,1,1,1,0,0,0,0,1,1,0,1,1,1,1,2,2,2,2,16,1,10,1,10,2,1,2
15859,3.0,5.0,4.0,2.0,4.0,3.0,1.0,2.0,2.0,2.0,2.0,5.0,2.0,1.0,5.0,2.0,4.0,3.0,5.0,1.0,2,3,6,7,7,6,3,6,4,2,1,1,1,1,1,0,0,1,0,1,0,0,1,1,1,1,3,3,1,1,30,1,1,1,10,1,1,2
15860,5.0,3.0,1.0,1.0,4.0,1.0,1.0,3.0,5.0,1.0,2.0,4.0,5.0,1.0,4.0,1.0,1.0,2.0,5.0,3.0,4,5,7,4,5,3,7,1,5,1,1,1,0,1,1,0,0,0,0,1,0,1,1,1,1,1,4,1,2,1,25,3,2,1,60,2,1,2
15861,5.0,4.0,5.0,2.0,4.0,2.0,2.0,5.0,2.0,2.0,1.0,5.0,5.0,1.0,5.0,2.0,2.0,4.0,5.0,5.0,3,4,6,2,6,6,4,3,6,2,1,1,0,1,1,0,1,1,0,1,1,0,1,1,1,1,2,3,1,2,22,1,1,1,60,2,1,2
15862,2.0,5.0,5.0,4.0,5.0,1.0,1.0,4.0,5.0,2.0,1.0,5.0,1.0,1.0,4.0,5.0,2.0,3.0,5.0,1.0,4,3,2,6,6,5,7,7,3,3,1,1,1,1,1,1,0,0,0,1,0,0,1,1,1,1,2,3,2,2,27,1,1,3,60,2,1,1
15863,5.0,4.0,1.0,1.0,2.0,1.0,1.0,1.0,1.0,2.0,1.0,2.0,4.0,1.0,5.0,1.0,5.0,5.0,5.0,3.0,2,6,6,1,7,6,5,3,7,2,1,0,0,1,1,0,0,0,0,1,0,0,1,0,1,1,4,3,1,2,26,1,2,2,60,2,1,1
15864,4.0,5.0,2.0,4.0,5.0,4.0,1.0,4.0,3.0,1.0,1.0,4.0,5.0,1.0,5.0,4.0,2.0,4.0,5.0,1.0,2,6,3,5,7,6,4,5,2,1,1,1,1,1,1,1,1,0,1,1,1,0,1,1,1,1,3,2,2,1,27,1,2,1,50,1,3,3
15865,1.0,1.0,2.0,5.0,1.0,5.0,5.0,1.0,5.0,5.0,4.0,4.0,1.0,5.0,2.0,4.0,1.0,4.0,5.0,1.0,7,5,6,7,6,2,6,2,6,1,1,1,1,1,1,0,0,1,0,1,0,0,1,1,1,1,4,2,2,2,27,1,4,1,70,1,1,2
15866,2.0,1.0,4.0,4.0,2.0,5.0,4.0,2.0,4.0,5.0,4.0,4.0,3.0,4.0,2.0,4.0,3.0,2.0,4.0,4.0,5,5,5,5,6,3,6,4,5,3,1,0,0,1,0,0,0,0,0,1,0,0,0,0,1,1,4,1,2,2,40,2,12,1,60,1,3,2
15867,3.0,4.0,2.0,2.0,5.0,2.0,1.0,5.0,5.0,4.0,1.0,5.0,5.0,1.0,5.0,1.0,1.0,3.0,5.0,1.0,2,4,7,1,7,5,4,3,6,1,1,1,1,1,1,0,0,0,0,1,0,0,1,1,1,1,2,3,1,1,23,1,12,1,70,2,1,3
15868,3.0,1.0,4.0,3.0,5.0,1.0,3.0,4.0,5.0,4.0,1.0,5.0,5.0,3.0,4.0,1.0,1.0,5.0,5.0,3.0,5,5,7,7,6,6,7,5,3,1,1,0,0,1,1,0,0,0,0,1,0,0,0,1,1,1,1,2,1,1,15,1,1,1,70,2,1,2
15869,5.0,5.0,2.0,3.0,5.0,2.0,1.0,4.0,2.0,1.0,2.0,4.0,5.0,2.0,3.0,2.0,1.0,5.0,5.0,2.0,5,2,6,7,7,6,6,2,3,3,1,1,0,1,1,0,1,0,0,1,0,0,1,1,1,1,3,2,1,2,33,1,8,1,10,2,2,3
15870,2.0,2.0,4.0,4.0,4.0,4.0,4.0,1.0,5.0,3.0,1.0,2.0,1.0,2.0,4.0,4.0,2.0,4.0,2.0,1.0,3,3,6,6,4,6,7,1,7,2,1,1,1,1,1,0,1,0,0,1,1,0,1,1,1,1,4,2,2,1,46,2,6,1,60,2,2,2
15871,1.0,4.0,2.0,4.0,3.0,4.0,1.0,4.0,2.0,1.0,1.0,5.0,1.0,4.0,4.0,1.0,2.0,4.0,5.0,5.0,3,4,6,6,5,5,6,2,4,5,1,0,0,1,1,0,0,0,0,1,0,0,0,1,1,1,3,1,1,2,20,1,4,1,70,2,1,2
15872,4.0,3.0,3.0,2.0,4.0,2.0,4.0,4.0,3.0,3.0,2.0,4.0,3.0,3.0,3.0,4.0,2.0,3.0,3.0,1.0,4,6,5,6,5,6,3,7,5,5,1,1,0,1,1,0,0,1,0,1,0,0,1,1,1,1,3,3,2,2,25,1,1,1,70,2,1,5
15873,4.0,4.0,5.0,4.0,4.0,2.0,2.0,2.0,5.0,5.0,1.0,5.0,1.0,4.0,4.0,1.0,2.0,4.0,4.0,1.0,5,2,6,6,5,7,7,6,3,5,1,1,1,1,1,0,0,0,0,1,1,0,1,1,1,1,3,2,2,2,30,1,2,1,60,1,1,3
15874,3.0,3.0,3.0,1.0,4.0,5.0,5.0,3.0,5.0,3.0,1.0,5.0,4.0,2.0,2.0,5.0,5.0,2.0,1.0,2.0,6,4,6,2,7,4,5,3,3,1,1,1,1,1,1,0,0,0,0,1,0,0,1,1,1,1,2,2,1,1,27,1,6,1,60,2,1,5
15875,5.0,2.0,1.0,2.0,4.0,1.0,1.0,5.0,3.0,4.0,1.0,5.0,5.0,1.0,5.0,1.0,5.0,5.0,5.0,5.0,3,1,7,6,6,1,7,3,6,1,1,0,0,1,1,0,0,0,0,1,0,0,0,1,1,1,3,1,1,2,21,1,4,1,10,1,1,2
15876,3.0,4.0,2.0,4.0,4.0,2.0,2.0,1.0,5.0,3.0,3.0,4.0,4.0,1.0,2.0,1.0,1.0,3.0,5.0,1.0,2,7,6,7,4,7,6,1,3,5,1,1,0,1,1,1,0,1,0,1,0,0,1,1,1,1,4,2,2,2,25,1,1,1,60,1,1,3
15877,5.0,5.0,1.0,1.0,5.0,1.0,1.0,4.0,1.0,1.0,1.0,5.0,4.0,1.0,5.0,1.0,1.0,5.0,5.0,4.0,3,5,3,4,6,7,2,3,5,4,1,1,0,1,1,0,0,0,0,1,0,0,1,0,1,1,2,2,1,2,23,1,1,1,60,2,1,3
15878,4.0,4.0,3.0,3.0,2.0,5.0,5.0,2.0,5.0,5.0,2.0,2.0,3.0,2.0,3.0,1.0,1.0,4.0,1.0,3.0,5,3,5,3,7,3,5,6,5,6,1,1,0,1,1,0,0,0,0,1,0,0,0,0,1,1,4,2,1,1,44,1,5,1,60,2,2,5
15879,5.0,5.0,2.0,1.0,4.0,1.0,1.0,4.0,2.0,1.0,1.0,5.0,4.0,1.0,5.0,2.0,1.0,5.0,5.0,1.0,6,3,5,2,7,2,1,1,6,1,1,1,0,1,1,0,0,0,0,1,0,0,1,1,1,1,2,2,1,1,17,1,6,1,60,2,1,2
15880,4.0,1.0,1.0,2.0,5.0,1.0,1.0,1.0,2.0,2.0,1.0,5.0,4.0,1.0,5.0,1.0,4.0,5.0,5.0,1.0,6,7,6,1,7,2,6,7,7,6,1,1,0,1,1,0,0,0,0,1,0,0,0,1,1,1,3,2,1,1,22,1,1,1,60,1,1,2
15881,4.0,3.0,2.0,3.0,5.0,3.0,2.0,2.0,3.0,2.0,2.0,5.0,1.0,3.0,4.0,2.0,3.0,4.0,4.0,3.0,5,5,7,5,7,6,7,3,7,6,1,1,0,1,1,0,0,0,0,1,0,0,1,1,1,1,4,3,2,2,29,1,12,1,10,2,1,1
15882,4.0,4.0,2.0,3.0,5.0,4.0,5.0,5.0,3.0,2.0,1.0,5.0,5.0,1.0,3.0,3.0,5.0,4.0,5.0,5.0,4,4,4,4,4,4,4,4,4,1,1,1,1,1,1,0,0,1,0,1,0,0,1,1,0,1,3,2,2,2,21,3,1,2,20,2,1,3
15883,4.0,2.0,2.0,2.0,5.0,1.0,1.0,5.0,4.0,2.0,1.0,4.0,5.0,2.0,5.0,1.0,2.0,5.0,5.0,4.0,2,6,7,6,2,7,2,3,2,1,1,1,0,1,1,0,0,0,0,1,0,0,0,0,1,1,1,3,2,1,17,1,2,1,60,2,1,2
15884,3.0,3.0,5.0,4.0,4.0,4.0,5.0,1.0,5.0,4.0,3.0,4.0,1.0,3.0,2.0,4.0,5.0,2.0,3.0,1.0,6,3,7,2,7,3,7,3,5,2,1,1,1,1,1,0,0,0,1,1,0,0,1,1,1,1,2,3,2,1,24,1,12,1,70,2,1,3
15885,3.0,5.0,3.0,5.0,4.0,1.0,2.0,3.0,2.0,2.0,2.0,5.0,5.0,2.0,2.0,4.0,1.0,4.0,4.0,4.0,2,1,3,5,7,6,7,3,6,2,1,1,0,1,1,1,0,0,0,1,0,0,1,1,1,1,1,2,1,1,15,1,4,3,60,2,1,2
15886,4.0,1.0,3.0,4.0,4.0,5.0,2.0,3.0,5.0,4.0,3.0,4.0,1.0,2.0,4.0,2.0,2.0,4.0,4.0,1.0,2,6,6,2,6,7,5,4,6,5,1,1,0,1,1,0,0,0,0,1,1,0,0,0,1,1,4,2,1,2,29,1,1,1,60,2,1,2
15887,5.0,5.0,2.0,1.0,4.0,1.0,1.0,2.0,2.0,3.0,1.0,5.0,3.0,1.0,4.0,3.0,5.0,3.0,2.0,1.0,2,5,3,5,5,5,5,4,3,3,1,1,0,1,1,0,0,0,0,1,0,0,0,1,1,1,2,2,1,2,22,1,10,1,30,2,1,3
15888,5.0,5.0,2.0,1.0,5.0,1.0,1.0,4.0,2.0,1.0,1.0,5.0,4.0,1.0,4.0,1.0,1.0,5.0,5.0,3.0,7,5,6,3,6,4,3,3,7,2,0,0,0,0,0,1,0,0,0,0,1,0,0,0,0,0,3,2,1,1,20,3,10,1,60,1,1,1
15889,4.0,5.0,1.0,1.0,5.0,1.0,1.0,5.0,4.0,3.0,2.0,4.0,5.0,1.0,1.0,4.0,5.0,3.0,5.0,5.0,1,5,4,6,5,7,5,3,6,1,0,0,0,0,0,1,0,0,1,0,1,1,0,0,0,0,2,2,1,2,22,1,12,1,60,1,1,0
15890,2.0,4.0,1.0,4.0,5.0,1.0,1.0,1.0,5.0,2.0,1.0,5.0,4.0,1.0,2.0,1.0,1.0,5.0,5.0,4.0,2,6,7,5,5,7,6,1,6,3,1,1,1,1,1,0,0,0,0,1,0,0,1,1,1,1,2,3,1,2,24,1,1,1,60,1,1,3
15891,3.0,1.0,2.0,3.0,2.0,5.0,1.0,1.0,5.0,5.0,5.0,4.0,1.0,1.0,1.0,4.0,4.0,5.0,3.0,3.0,2,7,6,2,7,6,6,4,6,1,1,1,0,1,1,0,0,1,0,1,0,0,1,1,1,1,2,3,1,2,28,1,1,1,60,2,1,2
15892,4.0,2.0,3.0,3.0,4.0,4.0,1.0,1.0,2.0,2.0,2.0,5.0,2.0,1.0,4.0,1.0,3.0,4.0,4.0,1.0,5,6,6,2,4,3,3,4,6,6,1,1,0,1,1,0,0,0,0,1,0,0,1,1,1,1,2,2,1,1,21,1,4,1,60,2,1,2
15893,4.0,4.0,2.0,2.0,4.0,2.0,1.0,4.0,4.0,2.0,1.0,4.0,1.0,3.0,2.0,1.0,1.0,4.0,5.0,3.0,3,6,4,5,5,7,6,5,6,1,1,1,0,1,0,0,0,1,0,1,1,0,0,1,1,1,3,2,2,2,26,1,4,2,60,2,1,2
15894,4.0,4.0,2.0,1.0,5.0,1.0,1.0,4.0,4.0,1.0,1.0,5.0,5.0,1.0,4.0,1.0,2.0,4.0,2.0,2.0,3,6,7,5,4,7,4,1,6,3,1,1,0,1,1,0,0,1,1,1,1,1,1,1,1,1,3,2,2,1,21,3,7,1,60,1,1,2
15895,1.0,1.0,4.0,5.0,1.0,5.0,2.0,1.0,5.0,5.0,1.0,4.0,1.0,4.0,1.0,5.0,4.0,4.0,5.0,5.0,1,1,6,6,6,7,7,1,2,1,1,1,1,1,0,1,1,0,0,1,1,0,1,1,1,1,4,1,2,1,60,1,2,1,60,1,1,2
15896,5.0,3.0,3.0,3.0,5.0,1.0,1.0,1.0,2.0,2.0,1.0,4.0,4.0,1.0,4.0,2.0,5.0,4.0,4.0,1.0,4,5,6,5,7,3,7,5,4,2,0,0,0,0,0,0,0,0,0,1,0,0,0,1,0,1,0,2,1,1,21,2,2,1,60,2,1,0
15897,1.0,4.0,4.0,4.0,5.0,2.0,1.0,4.0,5.0,4.0,1.0,5.0,4.0,2.0,2.0,2.0,2.0,5.0,5.0,5.0,3,5,6,5,7,5,5,5,5,3,1,1,0,1,1,0,0,0,0,1,0,0,1,1,1,1,3,3,1,1,49,1,2,1,60,1,2,2
15898,5.0,5.0,5.0,2.0,5.0,5.0,5.0,4.0,2.0,5.0,1.0,1.0,1.0,2.0,5.0,4.0,5.0,4.0,5.0,5.0,6,5,7,2,6,2,7,2,5,3,1,1,1,1,1,0,0,0,0,1,0,0,1,1,1,1,3,3,2,2,31,1,1,1,60,1,1,4
15899,2.0,5.0,5.0,3.0,2.0,3.0,4.0,1.0,5.0,5.0,1.0,2.0,2.0,2.0,5.0,4.0,2.0,4.0,4.0,1.0,5,6,5,5,5,3,7,2,3,3,1,1,0,1,1,0,0,0,0,1,0,0,0,0,1,1,3,3,2,2,25,1,2,1,60,1,1,0
15900,4.0,3.0,3.0,3.0,3.0,1.0,1.0,4.0,4.0,2.0,3.0,3.0,4.0,2.0,4.0,1.0,5.0,4.0,5.0,1.0,4,6,5,5,4,4,4,4,4,3,1,1,0,1,1,0,0,1,0,1,0,1,1,1,1,1,2,3,1,1,33,1,7,1,60,1,2,2
15901,2.0,2.0,5.0,2.0,1.0,4.0,2.0,1.0,5.0,2.0,1.0,4.0,1.0,3.0,1.0,5.0,3.0,4.0,5.0,1.0,7,7,4,5,3,4,5,4,1,1,1,1,1,1,1,0,0,0,0,1,0,0,1,1,1,1,2,2,2,2,18,1,4,1,60,2,1,3
15902,5.0,4.0,3.0,3.0,5.0,2.0,2.0,4.0,3.0,2.0,2.0,4.0,3.0,2.0,4.0,2.0,2.0,3.0,5.0,2.0,2,6,7,5,5,5,5,4,4,5,0,1,1,1,1,0,0,0,0,1,0,0,1,1,0,1,4,3,2,2,32,1,1,1,0,1,2,0
15903,1.0,1.0,2.0,2.0,4.0,5.0,5.0,1.0,5.0,4.0,1.0,2.0,1.0,1.0,5.0,1.0,5.0,4.0,5.0,5.0,5,5,7,1,7,2,6,2,7,2,1,1,0,1,1,0,0,0,0,1,0,1,1,1,1,1,3,3,1,2,21,1,1,1,60,2,1,2
15904,3.0,3.0,5.0,2.0,3.0,4.0,3.0,1.0,4.0,5.0,1.0,4.0,4.0,3.0,5.0,5.0,2.0,4.0,5.0,1.0,7,5,6,5,7,1,4,1,5,2,1,1,0,1,1,0,0,0,0,1,0,0,1,1,1,1,3,3,2,1,20,1,6,1,60,1,1,0
15905,5.0,5.0,2.0,3.0,4.0,1.0,1.0,2.0,2.0,1.0,2.0,3.0,2.0,3.0,5.0,1.0,2.0,2.0,4.0,2.0,5,4,3,2,6,2,4,5,6,2,0,1,0,1,1,0,0,0,0,1,0,0,0,1,1,1,2,3,1,2,18,1,1,1,60,2,1,1
15906,5.0,4.0,1.0,4.0,5.0,1.0,1.0,4.0,1.0,1.0,1.0,5.0,1.0,1.0,5.0,1.0,1.0,1.0,5.0,4.0,3,5,6,1,7,7,6,1,7,1,1,1,1,1,1,1,1,1,1,1,1,1,1,1,1,1,4,2,1,1,35,1,3,1,60,1,1,3
15907,2.0,5.0,1.0,1.0,5.0,1.0,1.0,4.0,2.0,1.0,1.0,2.0,4.0,1.0,5.0,5.0,1.0,5.0,5.0,4.0,5,7,2,1,7,4,5,3,7,1,1,1,0,1,1,1,0,0,0,1,0,0,1,1,1,1,2,2,1,1,18,1,2,2,60,2,1,3
15908,4.0,4.0,4.0,2.0,4.0,2.0,2.0,4.0,4.0,2.0,2.0,5.0,4.0,1.0,5.0,2.0,4.0,4.0,5.0,3.0,2,2,3,5,6,6,6,7,3,6,1,1,0,1,0,0,0,0,0,1,0,0,0,0,1,1,2,2,1,1,18,1,2,2,60,2,1,4
15909,4.0,4.0,4.0,3.0,4.0,1.0,2.0,2.0,2.0,4.0,2.0,5.0,2.0,3.0,5.0,4.0,3.0,5.0,4.0,4.0,5,5,6,1,7,5,3,1,6,1,0,0,0,0,1,0,0,0,0,1,0,0,0,0,0,1,3,3,1,1,31,1,2,1,60,1,1,4
15910,2.0,5.0,4.0,4.0,5.0,5.0,4.0,1.0,5.0,3.0,1.0,5.0,4.0,4.0,5.0,4.0,2.0,3.0,5.0,1.0,7,6,6,7,7,6,5,3,5,5,1,1,0,1,1,0,0,0,0,1,0,0,1,1,1,1,4,2,1,1,21,1,4,1,60,2,1,2
15911,4.0,1.0,2.0,4.0,1.0,1.0,1.0,1.0,4.0,2.0,1.0,5.0,4.0,2.0,3.0,4.0,2.0,1.0,5.0,2.0,1,2,6,2,6,7,5,4,3,2,1,1,1,1,1,0,1,1,0,1,1,0,1,1,1,1,4,3,2,1,44,1,7,1,30,1,3,2
15912,2.0,2.0,4.0,5.0,4.0,5.0,4.0,2.0,5.0,4.0,2.0,3.0,4.0,3.0,1.0,2.0,3.0,4.0,3.0,2.0,3,2,4,2,5,6,5,4,6,5,1,0,0,1,1,0,0,0,0,1,0,0,0,1,1,1,3,3,1,2,19,1,3,1,10,2,1,2
15913,5.0,5.0,4.0,2.0,4.0,2.0,2.0,3.0,4.0,2.0,1.0,5.0,3.0,1.0,3.0,2.0,1.0,5.0,5.0,2.0,1,6,7,4,5,7,5,1,7,5,1,1,0,1,1,0,0,0,0,1,0,0,1,1,1,1,3,3,1,1,43,1,1,1,60,1,1,2
15914,2.0,3.0,2.0,3.0,4.0,5.0,4.0,3.0,3.0,2.0,2.0,4.0,4.0,2.0,4.0,5.0,2.0,3.0,2.0,1.0,3,5,6,2,5,6,5,2,7,4,1,1,0,1,1,0,0,0,0,1,0,0,0,1,1,1,3,2,1,1,19,1,2,1,60,1,1,3
15915,5.0,5.0,3.0,1.0,5.0,2.0,1.0,3.0,2.0,2.0,1.0,5.0,5.0,2.0,5.0,1.0,1.0,4.0,5.0,4.0,2,5,6,7,3,7,4,2,7,4,1,1,1,1,1,1,1,1,0,1,0,1,1,1,1,1,2,2,2,1,19,1,1,4,30,1,1,5
15916,2.0,1.0,2.0,2.0,4.0,2.0,2.0,2.0,4.0,1.0,2.0,5.0,2.0,1.0,4.0,1.0,1.0,2.0,5.0,1.0,2,5,6,6,3,3,3,1,5,5,1,1,1,1,1,0,1,1,0,1,1,0,1,1,1,1,4,2,2,1,41,1,6,2,30,0,1,2
15917,1.0,3.0,4.0,4.0,2.0,5.0,5.0,2.0,5.0,5.0,2.0,1.0,4.0,4.0,3.0,5.0,1.0,1.0,4.0,1.0,6,4,6,1,7,2,6,1,7,1,1,1,0,1,1,1,0,0,0,1,0,0,1,0,1,1,3,3,1,1,26,2,4,1,60,1,1,3
15918,1.0,1.0,2.0,5.0,1.0,5.0,5.0,1.0,5.0,5.0,1.0,1.0,1.0,3.0,3.0,5.0,3.0,4.0,1.0,1.0,0,0,0,0,0,0,7,0,0,0,1,1,1,1,1,0,0,1,1,1,0,0,1,1,1,1,3,2,2,1,59,3,4,1,60,2,3,10
15919,3.0,3.0,2.0,5.0,5.0,2.0,1.0,1.0,4.0,3.0,1.0,2.0,1.0,3.0,1.0,4.0,1.0,5.0,5.0,3.0,6,5,1,7,4,5,7,6,4,2,1,1,0,1,1,0,0,0,0,1,0,0,1,1,1,1,3,3,2,1,22,1,1,1,60,1,1,2
15920,2.0,1.0,2.0,4.0,2.0,4.0,1.0,2.0,5.0,3.0,1.0,1.0,1.0,2.0,4.0,2.0,4.0,5.0,3.0,1.0,4,1,5,5,6,6,5,3,2,5,1,1,0,1,1,0,0,0,0,1,0,0,0,0,1,1,3,2,1,2,34,1,2,1,60,2,1,2
15921,2.0,2.0,2.0,4.0,4.0,2.0,2.0,1.0,4.0,4.0,2.0,4.0,2.0,3.0,3.0,2.0,3.0,2.0,4.0,1.0,4,5,4,5,6,4,2,3,2,2,1,1,1,1,1,0,0,1,0,1,0,0,1,1,1,1,3,1,2,1,35,1,6,3,10,2,1,1
15922,2.0,1.0,1.0,1.0,5.0,1.0,1.0,5.0,4.0,1.0,1.0,4.0,2.0,2.0,4.0,1.0,3.0,5.0,5.0,1.0,3,6,2,7,7,5,0,3,2,7,1,1,0,1,1,0,0,0,0,1,0,0,0,1,1,1,1,3,2,2,17,1,1,2,60,2,1,4
15923,5.0,2.0,1.0,1.0,5.0,1.0,1.0,3.0,2.0,2.0,1.0,5.0,5.0,2.0,5.0,1.0,1.0,2.0,5.0,4.0,6,6,1,4,6,2,5,3,3,2,0,1,1,1,1,0,1,1,0,1,1,1,0,1,1,1,4,1,1,2,29,1,4,1,60,1,1,1
15924,5.0,5.0,1.0,1.0,5.0,1.0,1.0,5.0,1.0,1.0,1.0,5.0,5.0,1.0,5.0,1.0,1.0,5.0,5.0,5.0,4,4,7,1,4,4,1,1,7,3,1,1,1,1,1,1,1,1,1,1,1,1,1,1,1,1,3,3,1,2,20,1,4,1,60,1,1,1
15925,5.0,5.0,1.0,2.0,5.0,1.0,5.0,5.0,1.0,1.0,1.0,5.0,5.0,1.0,5.0,1.0,1.0,5.0,1.0,5.0,5,7,7,3,5,7,5,4,6,3,1,0,0,1,0,0,0,0,0,1,0,0,0,1,0,1,4,3,1,2,19,1,8,1,70,2,1,2
15926,4.0,1.0,3.0,2.0,4.0,3.0,4.0,2.0,4.0,4.0,2.0,3.0,4.0,5.0,2.0,3.0,3.0,4.0,2.0,1.0,5,4,6,3,6,4,5,3,6,4,1,1,0,1,1,0,0,0,0,1,0,0,0,0,1,1,2,3,2,2,16,1,10,1,30,2,1,9
15927,5.0,5.0,5.0,1.0,1.0,4.0,2.0,5.0,5.0,4.0,1.0,5.0,1.0,1.0,4.0,1.0,1.0,1.0,5.0,5.0,6,5,6,5,4,6,6,3,5,2,1,1,1,1,0,0,1,1,0,1,0,0,1,1,1,1,3,3,2,2,26,1,4,1,60,1,1,3
15928,5.0,5.0,5.0,4.0,5.0,1.0,2.0,2.0,3.0,4.0,1.0,2.0,5.0,3.0,4.0,2.0,2.0,3.0,5.0,1.0,6,5,6,6,7,4,6,6,3,5,1,0,0,1,1,0,0,0,0,1,0,0,0,1,1,1,2,3,2,2,18,1,2,5,70,1,1,1
15929,2.0,2.0,4.0,3.0,3.0,4.0,2.0,3.0,5.0,4.0,2.0,1.0,3.0,2.0,2.0,4.0,1.0,3.0,5.0,2.0,1,7,3,7,4,5,6,7,1,1,1,1,1,1,1,0,0,0,0,1,1,0,1,1,1,1,3,2,1,1,28,1,1,1,60,1,1,2
15930,1.0,1.0,2.0,4.0,3.0,5.0,4.0,2.0,5.0,5.0,1.0,2.0,3.0,1.0,4.0,3.0,1.0,4.0,5.0,4.0,2,7,4,3,3,3,1,6,6,4,1,1,0,1,1,0,0,0,0,1,0,0,1,1,1,1,4,2,1,2,30,1,1,3,60,1,2,8
15931,1.0,1.0,1.0,4.0,5.0,4.0,1.0,1.0,5.0,1.0,1.0,3.0,1.0,1.0,3.0,2.0,1.0,5.0,5.0,1.0,5,3,7,5,7,4,7,1,7,1,1,1,0,1,1,0,0,0,0,1,1,0,1,1,1,1,3,3,1,2,29,1,2,3,60,1,1,2
15932,2.0,5.0,3.0,4.0,1.0,5.0,3.0,1.0,5.0,2.0,3.0,3.0,3.0,3.0,3.0,3.0,2.0,4.0,5.0,1.0,3,2,6,4,6,7,5,7,6,3,1,1,1,1,1,0,1,0,1,1,1,1,1,1,1,1,3,2,1,2,23,1,2,1,60,1,1,1
15933,5.0,3.0,2.0,2.0,5.0,1.0,1.0,4.0,2.0,1.0,1.0,5.0,4.0,1.0,3.0,2.0,1.0,5.0,1.0,3.0,3,6,1,1,7,6,6,1,7,1,1,1,0,1,1,0,0,1,0,1,0,0,0,0,1,1,3,3,2,2,19,1,10,1,60,2,1,2
15934,2.0,2.0,4.0,3.0,2.0,3.0,3.0,4.0,5.0,4.0,1.0,5.0,4.0,2.0,3.0,4.0,2.0,4.0,5.0,4.0,4,5,4,4,3,4,4,4,4,3,0,1,0,1,1,0,0,0,0,1,0,0,1,1,1,1,3,2,2,2,32,1,4,5,10,1,1,1
15935,4.0,4.0,2.0,2.0,4.0,1.0,3.0,5.0,3.0,2.0,1.0,5.0,5.0,1.0,5.0,3.0,1.0,5.0,5.0,1.0,2,5,6,4,4,3,3,5,2,1,1,1,1,1,1,1,0,0,1,1,0,1,1,1,1,1,2,3,2,1,18,1,7,1,60,2,1,2
15936,1.0,3.0,5.0,3.0,3.0,4.0,4.0,3.0,5.0,5.0,2.0,1.0,1.0,4.0,3.0,5.0,2.0,2.0,5.0,1.0,5,4,6,2,6,3,6,3,7,1,1,1,1,1,1,0,0,1,0,1,1,0,1,1,1,1,4,2,2,1,27,1,2,1,60,1,1,1
15937,5.0,5.0,1.0,1.0,5.0,1.0,1.0,5.0,2.0,2.0,1.0,3.0,5.0,1.0,5.0,1.0,1.0,5.0,5.0,1.0,2,5,7,5,7,7,3,1,4,0,1,1,0,1,1,0,0,0,0,1,0,0,1,1,1,1,3,3,2,2,26,1,1,1,10,2,1,2
15938,3.0,3.0,3.0,4.0,5.0,4.0,3.0,1.0,4.0,3.0,2.0,4.0,1.0,2.0,4.0,2.0,1.0,2.0,5.0,1.0,2,5,6,7,6,7,5,1,3,1,1,1,1,1,1,0,0,0,0,1,0,1,1,1,1,1,3,2,2,1,24,1,1,2,70,1,1,3
15939,3.0,2.0,2.0,3.0,3.0,4.0,2.0,4.0,5.0,4.0,1.0,5.0,3.0,1.0,4.0,3.0,1.0,3.0,5.0,3.0,2,4,6,5,4,6,3,4,4,3,1,1,0,1,1,1,0,0,0,1,0,0,1,1,1,1,2,3,1,1,19,1,1,1,60,2,1,3
15940,5.0,1.0,4.0,2.0,4.0,2.0,4.0,4.0,5.0,4.0,1.0,5.0,2.0,2.0,1.0,2.0,4.0,2.0,5.0,4.0,6,2,6,2,6,1,5,1,6,1,1,1,0,1,1,0,0,0,0,1,0,0,1,1,1,1,4,3,2,1,37,1,6,1,60,2,2,4
15941,2.0,2.0,4.0,4.0,2.0,4.0,4.0,1.0,4.0,2.0,3.0,4.0,1.0,3.0,2.0,2.0,4.0,4.0,5.0,1.0,7,1,7,3,7,3,7,2,7,2,1,1,1,1,1,0,1,1,0,1,1,0,1,1,1,1,4,1,2,1,51,1,4,1,60,1,2,2
15942,2.0,4.0,4.0,4.0,2.0,4.0,2.0,4.0,5.0,4.0,2.0,4.0,2.0,4.0,3.0,4.0,4.0,3.0,4.0,4.0,6,2,7,7,6,5,7,1,2,5,1,1,0,1,1,0,0,0,0,1,0,0,1,1,1,1,3,2,2,1,23,2,1,1,60,2,1,2
15943,3.0,3.0,2.0,3.0,3.0,3.0,2.0,2.0,5.0,3.0,3.0,1.0,2.0,3.0,3.0,4.0,3.0,2.0,5.0,1.0,4,3,6,7,7,7,7,6,4,2,1,1,0,1,1,0,0,0,0,1,0,0,0,1,1,1,2,1,2,1,17,1,8,1,60,2,1,2
15944,2.0,2.0,4.0,3.0,4.0,4.0,4.0,3.0,5.0,5.0,1.0,4.0,3.0,3.0,1.0,1.0,3.0,4.0,4.0,1.0,2,6,5,5,3,7,3,2,3,2,1,1,0,1,1,0,0,0,0,1,1,0,1,1,1,1,3,1,2,2,43,1,1,2,60,1,2,3
15945,5.0,5.0,4.0,1.0,5.0,3.0,3.0,5.0,5.0,5.0,1.0,5.0,3.0,1.0,5.0,1.0,1.0,5.0,5.0,1.0,5,7,5,7,3,4,6,3,2,1,1,1,1,1,1,0,0,0,0,1,1,1,1,1,1,1,3,3,1,1,27,1,12,1,30,1,1,3
15946,4.0,4.0,1.0,4.0,4.0,2.0,2.0,5.0,4.0,4.0,2.0,5.0,4.0,1.0,3.0,2.0,2.0,4.0,5.0,2.0,3,3,6,5,7,5,3,3,6,2,1,1,0,1,0,0,0,0,0,1,0,1,0,1,1,1,2,1,2,2,18,1,12,1,60,1,1,1
15947,3.0,4.0,3.0,3.0,3.0,2.0,2.0,3.0,4.0,2.0,3.0,5.0,2.0,2.0,5.0,2.0,2.0,4.0,4.0,3.0,2,5,6,2,7,7,2,5,6,2,1,1,1,1,1,0,0,0,0,1,0,0,1,0,1,1,3,2,2,1,28,1,4,1,60,2,1,2
15948,2.0,2.0,4.0,4.0,4.0,5.0,4.0,2.0,5.0,4.0,4.0,4.0,1.0,2.0,4.0,2.0,2.0,2.0,5.0,1.0,6,3,5,2,6,2,6,4,6,2,1,1,0,1,1,0,0,0,0,1,0,0,0,1,1,1,2,1,1,1,19,1,0,1,60,2,1,2
15949,1.0,1.0,5.0,3.0,2.0,5.0,4.0,1.0,5.0,2.0,1.0,4.0,1.0,1.0,3.0,4.0,1.0,5.0,5.0,2.0,2,1,7,7,6,6,5,2,4,4,1,1,0,1,1,0,0,0,0,1,0,1,1,1,1,1,4,1,1,1,30,1,7,1,60,1,2,2
15950,1.0,1.0,3.0,3.0,3.0,3.0,2.0,1.0,5.0,4.0,2.0,5.0,2.0,2.0,4.0,2.0,1.0,2.0,5.0,1.0,6,7,7,5,5,2,5,4,5,2,1,1,1,1,1,0,1,1,1,1,0,0,1,1,1,1,4,1,2,1,34,1,7,2,60,1,2,2
15951,1.0,4.0,5.0,5.0,1.0,4.0,2.0,1.0,5.0,5.0,1.0,2.0,2.0,2.0,3.0,4.0,3.0,4.0,5.0,1.0,6,3,5,6,7,2,6,5,3,1,1,1,1,1,1,0,0,0,0,1,0,0,1,1,1,1,2,2,1,1,16,1,7,5,30,2,1,2
15952,4.0,5.0,2.0,4.0,4.0,1.0,1.0,2.0,4.0,2.0,1.0,4.0,5.0,1.0,4.0,1.0,2.0,4.0,4.0,3.0,5,5,5,7,6,5,7,5,2,1,1,1,1,1,1,0,0,0,0,1,0,0,1,1,1,1,2,2,2,1,19,3,4,5,70,2,1,1
15953,1.0,2.0,2.0,3.0,4.0,2.0,3.0,2.0,4.0,4.0,1.0,4.0,2.0,2.0,2.0,5.0,2.0,4.0,5.0,1.0,7,5,5,1,5,1,5,5,6,1,1,1,0,1,1,1,0,0,0,1,0,0,1,1,1,1,2,3,1,1,18,2,2,1,0,2,1,3
15954,2.0,2.0,1.0,4.0,2.0,4.0,1.0,2.0,4.0,2.0,1.0,5.0,1.0,2.0,4.0,2.0,2.0,4.0,4.0,1.0,2,2,5,2,6,5,4,3,6,5,1,1,0,1,1,0,0,0,0,1,0,0,1,1,1,1,3,2,1,1,37,1,1,1,60,1,2,3
15955,4.0,2.0,3.0,4.0,4.0,4.0,3.0,4.0,5.0,4.0,2.0,2.0,3.0,2.0,2.0,4.0,3.0,2.0,5.0,4.0,6,2,6,5,6,5,6,1,5,5,1,1,0,1,1,0,1,0,0,1,0,0,1,1,1,1,4,1,1,1,55,1,6,1,60,1,3,3
15956,5.0,5.0,1.0,1.0,4.0,1.0,1.0,5.0,2.0,1.0,1.0,4.0,5.0,1.0,4.0,1.0,1.0,4.0,4.0,1.0,2,6,5,2,6,5,3,6,7,2,1,1,1,1,1,0,0,1,0,1,1,0,1,1,1,1,4,3,1,2,30,1,2,1,60,2,1,1
15957,5.0,2.0,1.0,3.0,2.0,1.0,1.0,1.0,2.0,1.0,1.0,4.0,1.0,1.0,1.0,1.0,5.0,4.0,5.0,2.0,4,6,7,1,6,6,6,1,6,1,1,1,0,1,1,0,0,0,0,1,0,0,0,1,1,1,3,2,1,2,40,1,7,1,60,1,1,2
15958,5.0,5.0,4.0,2.0,1.0,4.0,1.0,5.0,2.0,3.0,2.0,4.0,5.0,2.0,4.0,3.0,1.0,1.0,1.0,4.0,3,7,5,7,6,3,6,4,1,1,1,1,1,1,1,0,0,0,0,1,0,0,0,1,0,1,3,3,2,2,20,1,1,1,60,1,1,1
15959,5.0,5.0,1.0,2.0,5.0,5.0,1.0,5.0,1.0,1.0,1.0,5.0,5.0,1.0,5.0,1.0,1.0,4.0,5.0,2.0,1,6,7,6,2,7,6,2,3,1,1,1,1,1,1,0,1,1,1,1,1,1,1,1,1,1,3,3,2,2,27,1,2,1,60,2,1,2
15960,5.0,4.0,2.0,1.0,4.0,1.0,1.0,2.0,4.0,1.0,2.0,5.0,3.0,1.0,4.0,1.0,2.0,5.0,5.0,1.0,0,0,0,0,0,0,0,0,0,0,1,1,1,1,1,0,0,1,0,0,1,1,0,1,0,1,3,3,1,2,28,1,2,1,60,1,1,3
15961,4.0,4.0,4.0,3.0,4.0,4.0,4.0,2.0,5.0,3.0,1.0,5.0,2.0,3.0,5.0,5.0,4.0,4.0,5.0,1.0,7,2,5,5,5,3,7,2,5,3,0,1,0,1,1,0,0,0,0,0,0,0,1,1,1,1,2,3,2,1,20,1,6,1,60,1,1,2
15962,2.0,5.0,5.0,4.0,4.0,5.0,4.0,4.0,5.0,5.0,1.0,4.0,2.0,2.0,5.0,1.0,5.0,4.0,5.0,1.0,6,5,6,6,7,5,7,7,5,1,1,1,1,1,1,0,0,1,0,1,1,0,1,1,1,1,2,2,2,1,21,1,1,1,60,1,1,3
15963,1.0,3.0,3.0,4.0,3.0,5.0,2.0,1.0,5.0,4.0,2.0,2.0,5.0,2.0,3.0,1.0,1.0,2.0,5.0,5.0,7,4,6,3,7,2,6,5,6,1,1,1,0,1,1,0,0,0,0,1,0,0,1,1,1,1,1,2,1,1,24,1,12,1,60,2,1,3
15964,4.0,4.0,2.0,3.0,2.0,2.0,2.0,4.0,2.0,2.0,1.0,5.0,3.0,2.0,4.0,2.0,4.0,4.0,4.0,2.0,3,7,5,3,7,6,5,4,6,2,1,1,0,1,1,0,0,1,0,1,0,0,1,1,1,1,3,3,1,2,35,2,7,1,60,2,1,3
15965,4.0,5.0,3.0,1.0,3.0,2.0,2.0,4.0,4.0,3.0,1.0,4.0,2.0,1.0,4.0,2.0,1.0,5.0,5.0,3.0,1,6,3,5,5,6,2,7,4,2,1,1,0,1,1,0,0,1,0,1,0,0,1,1,1,1,2,2,1,1,22,1,7,1,60,2,1,2
15966,1.0,1.0,3.0,5.0,2.0,5.0,5.0,2.0,5.0,5.0,3.0,2.0,1.0,3.0,3.0,4.0,3.0,1.0,4.0,1.0,1,1,7,2,7,6,7,3,6,2,1,1,1,1,1,0,0,1,0,1,0,0,1,1,1,1,3,2,2,1,53,1,12,1,60,1,2,5
15967,5.0,5.0,3.0,3.0,4.0,3.0,1.0,1.0,3.0,5.0,2.0,5.0,4.0,3.0,2.0,2.0,4.0,3.0,5.0,3.0,7,5,7,3,7,1,7,4,4,1,1,1,0,1,1,1,0,0,0,1,0,0,0,1,1,1,3,2,1,1,35,1,12,1,70,2,2,1
15968,3.0,4.0,5.0,2.0,5.0,1.0,4.0,2.0,5.0,5.0,3.0,5.0,4.0,4.0,1.0,1.0,2.0,4.0,3.0,3.0,3,6,7,7,5,7,5,3,2,1,1,1,0,1,1,0,0,0,0,1,0,0,1,1,1,1,2,0,2,1,15,1,1,4,60,2,1,3
15969,2.0,5.0,4.0,2.0,4.0,2.0,3.0,5.0,5.0,2.0,1.0,2.0,5.0,1.0,5.0,1.0,3.0,5.0,5.0,1.0,2,6,5,7,5,7,5,7,2,1,1,1,0,1,1,0,0,0,0,1,1,0,1,1,1,1,3,2,1,1,22,1,1,1,60,1,1,3
15970,3.0,3.0,3.0,4.0,4.0,3.0,3.0,2.0,5.0,3.0,2.0,4.0,2.0,2.0,2.0,5.0,3.0,2.0,1.0,3.0,5,4,7,6,6,4,5,5,4,7,1,1,1,1,1,0,1,1,1,1,1,1,1,1,1,1,3,2,2,1,28,2,12,2,60,1,1,3
15971,3.0,5.0,5.0,1.0,5.0,5.0,5.0,5.0,3.0,5.0,3.0,2.0,1.0,1.0,3.0,5.0,5.0,2.0,5.0,5.0,3,7,6,5,7,7,6,5,7,1,1,1,0,1,1,0,0,0,1,1,1,1,1,1,1,1,3,2,2,2,22,2,1,2,60,1,1,2
15972,1.0,1.0,1.0,4.0,2.0,1.0,2.0,1.0,3.0,5.0,2.0,1.0,1.0,2.0,2.0,1.0,4.0,4.0,4.0,1.0,2,1,6,1,3,5,6,1,7,5,1,1,1,1,1,1,0,0,0,1,1,0,1,1,1,1,3,2,2,1,49,1,2,1,60,1,3,2
15973,1.0,3.0,3.0,2.0,4.0,5.0,5.0,2.0,2.0,3.0,1.0,5.0,3.0,1.0,4.0,2.0,5.0,2.0,3.0,3.0,3,6,4,7,6,4,5,5,2,6,1,1,0,1,1,0,0,0,0,1,0,0,1,1,1,1,2,2,1,1,22,1,7,1,60,1,1,3
15974,4.0,4.0,1.0,3.0,5.0,1.0,1.0,3.0,3.0,2.0,1.0,5.0,2.0,2.0,4.0,1.0,1.0,5.0,5.0,4.0,4,3,5,2,7,2,4,3,5,2,1,1,1,1,1,0,0,1,0,1,1,1,1,1,1,1,3,3,1,1,31,1,12,3,60,1,1,2
15975,4.0,4.0,4.0,3.0,4.0,2.0,3.0,2.0,4.0,2.0,3.0,4.0,3.0,4.0,2.0,3.0,4.0,4.0,4.0,3.0,3,5,6,6,5,4,5,3,4,3,1,1,1,1,1,0,0,1,0,1,0,0,1,1,1,1,3,2,2,2,25,1,1,1,10,2,1,2
15976,1.0,1.0,1.0,4.0,3.0,2.0,2.0,1.0,5.0,3.0,1.0,2.0,1.0,4.0,4.0,3.0,1.0,1.0,5.0,3.0,3,6,5,3,6,4,5,2,7,4,1,1,0,1,1,1,0,0,0,1,0,0,1,1,1,1,3,2,2,1,35,1,2,1,60,1,2,6
15977,2.0,4.0,5.0,5.0,1.0,5.0,2.0,3.0,5.0,5.0,1.0,4.0,4.0,1.0,1.0,1.0,1.0,5.0,5.0,4.0,1,5,4,7,2,7,5,5,3,1,1,1,1,1,1,0,1,1,0,1,0,0,1,1,1,1,3,3,1,1,72,1,12,5,60,2,3,4
15978,1.0,4.0,2.0,5.0,2.0,1.0,1.0,3.0,5.0,5.0,4.0,2.0,1.0,4.0,4.0,4.0,4.0,2.0,5.0,1.0,6,2,6,1,3,2,7,1,7,6,1,1,1,1,1,0,1,0,0,1,0,0,1,1,1,1,4,3,2,1,55,1,6,1,60,1,2,2
15979,4.0,1.0,2.0,3.0,4.0,2.0,3.0,1.0,5.0,1.0,2.0,5.0,2.0,1.0,1.0,1.0,1.0,1.0,5.0,5.0,1,5,7,1,4,6,3,2,6,6,1,1,1,1,1,0,1,1,0,1,0,1,1,1,1,1,3,1,1,1,45,1,6,1,60,1,3,3
15980,5.0,4.0,3.0,2.0,5.0,2.0,1.0,5.0,2.0,4.0,1.0,4.0,5.0,2.0,5.0,1.0,2.0,5.0,5.0,1.0,6,7,6,2,5,5,3,4,5,1,1,1,1,1,1,0,0,1,0,1,0,1,1,1,1,1,2,1,1,1,18,1,4,1,60,1,1,2
15981,5.0,5.0,1.0,1.0,5.0,1.0,1.0,4.0,3.0,2.0,1.0,5.0,5.0,1.0,5.0,4.0,1.0,5.0,5.0,5.0,6,7,7,1,7,7,5,1,7,6,1,1,1,1,1,0,0,0,0,1,0,0,1,1,1,1,3,3,1,1,21,1,2,1,70,2,1,2
15982,4.0,4.0,1.0,1.0,4.0,2.0,2.0,5.0,2.0,1.0,2.0,4.0,4.0,1.0,5.0,1.0,1.0,4.0,5.0,1.0,6,5,6,5,5,2,6,3,3,1,1,1,0,1,1,0,0,0,0,1,0,0,0,1,1,1,2,2,1,1,20,2,2,1,60,2,1,3
15983,2.0,1.0,4.0,1.0,4.0,2.0,2.0,1.0,5.0,5.0,2.0,4.0,1.0,1.0,5.0,5.0,2.0,5.0,5.0,1.0,6,2,6,1,7,5,7,1,7,2,1,1,1,1,1,0,1,1,0,1,1,0,1,1,1,1,3,3,1,1,36,1,1,1,60,1,2,2
15984,5.0,4.0,3.0,2.0,2.0,1.0,5.0,5.0,2.0,1.0,1.0,5.0,5.0,1.0,4.0,2.0,3.0,5.0,1.0,5.0,1,6,7,1,7,7,5,2,6,1,0,0,0,0,0,1,0,1,0,0,0,0,0,0,0,1,3,3,1,1,24,1,1,1,30,2,1,2
15985,1.0,1.0,4.0,4.0,5.0,4.0,2.0,1.0,5.0,2.0,1.0,5.0,1.0,1.0,3.0,3.0,1.0,3.0,5.0,4.0,2,5,3,6,6,7,4,3,5,3,1,1,0,1,1,0,0,0,0,1,0,0,1,1,1,1,2,3,1,2,24,1,2,2,70,2,1,1
15986,1.0,2.0,1.0,4.0,1.0,1.0,1.0,1.0,4.0,4.0,1.0,2.0,1.0,2.0,3.0,1.0,1.0,4.0,5.0,1.0,2,5,7,6,7,5,6,6,2,1,1,1,1,1,1,0,1,1,0,1,0,0,1,1,1,1,3,2,1,1,33,1,2,1,60,2,2,3
15987,2.0,4.0,3.0,4.0,5.0,2.0,1.0,4.0,3.0,2.0,2.0,4.0,5.0,2.0,4.0,2.0,2.0,4.0,4.0,2.0,6,6,5,3,6,3,5,6,4,2,1,1,1,1,1,0,1,1,0,1,0,1,1,1,1,1,3,2,2,1,26,1,5,1,60,1,1,5
15988,4.0,2.0,5.0,2.0,5.0,2.0,1.0,3.0,3.0,4.0,2.0,4.0,4.0,1.0,4.0,2.0,1.0,4.0,5.0,4.0,4,5,6,2,7,5,5,4,5,3,1,1,0,1,1,0,0,0,0,1,0,0,1,1,1,1,2,1,1,1,31,1,2,1,60,2,1,2
15989,5.0,5.0,1.0,1.0,2.0,1.0,2.0,5.0,1.0,5.0,1.0,5.0,1.0,1.0,5.0,1.0,3.0,5.0,5.0,1.0,2,5,7,2,6,7,1,2,6,2,1,1,0,1,1,0,0,0,0,1,0,0,0,1,1,1,3,2,2,2,28,1,2,0,0,2,1,3
15990,3.0,3.0,4.0,3.0,4.0,4.0,2.0,3.0,4.0,3.0,3.0,2.0,2.0,2.0,3.0,4.0,3.0,3.0,5.0,2.0,3,1,5,6,7,6,6,4,5,3,1,1,0,1,1,0,1,0,0,1,0,0,1,1,1,1,4,3,2,1,25,1,8,1,10,2,1,2
15991,3.0,4.0,4.0,3.0,5.0,1.0,1.0,3.0,5.0,4.0,3.0,4.0,1.0,3.0,4.0,1.0,2.0,4.0,5.0,2.0,2,6,6,5,5,7,2,5,7,5,1,1,0,1,1,0,0,0,0,0,0,0,1,1,1,1,3,1,1,1,23,1,2,2,60,2,1,2
15992,5.0,2.0,4.0,5.0,3.0,2.0,2.0,3.0,3.0,4.0,5.0,1.0,4.0,2.0,1.0,5.0,5.0,1.0,2.0,4.0,7,6,4,4,7,2,5,2,3,3,1,1,0,1,1,0,0,0,0,1,0,0,0,0,0,1,4,3,2,2,20,1,6,1,60,2,1,3
15993,5.0,1.0,5.0,4.0,5.0,4.0,5.0,3.0,5.0,5.0,1.0,5.0,4.0,1.0,3.0,4.0,1.0,4.0,5.0,3.0,7,5,5,6,7,5,1,2,5,1,1,0,0,1,1,0,0,0,0,1,0,0,1,1,1,1,3,3,1,2,26,1,4,1,10,2,1,3
15994,4.0,4.0,3.0,4.0,4.0,2.0,2.0,2.0,4.0,2.0,1.0,5.0,3.0,2.0,5.0,2.0,3.0,3.0,5.0,1.0,3,4,2,6,7,7,6,7,3,1,1,1,1,1,1,0,0,0,0,1,0,0,1,1,1,1,2,2,2,1,18,1,2,1,60,2,1,2
15995,3.0,2.0,3.0,1.0,3.0,2.0,2.0,2.0,4.0,1.0,5.0,5.0,4.0,1.0,1.0,5.0,5.0,4.0,5.0,4.0,4,5,4,6,7,3,6,5,6,1,1,1,0,1,1,0,0,1,0,1,0,0,1,1,1,1,2,3,1,2,18,1,6,1,10,2,1,2
15996,2.0,3.0,4.0,4.0,2.0,4.0,2.0,1.0,3.0,5.0,3.0,4.0,1.0,3.0,2.0,4.0,3.0,1.0,5.0,1.0,5,5,6,2,6,2,5,4,5,3,1,1,0,1,1,0,0,0,0,1,0,0,0,0,1,1,3,1,1,2,22,1,2,1,60,1,1,3
15997,3.0,4.0,3.0,5.0,5.0,4.0,4.0,1.0,4.0,4.0,2.0,5.0,4.0,2.0,5.0,5.0,1.0,4.0,5.0,5.0,3,6,4,5,5,7,2,6,7,2,1,1,1,1,1,0,0,1,0,1,0,0,1,1,1,1,4,3,1,1,47,1,12,1,60,1,2,5
15998,1.0,1.0,5.0,3.0,3.0,4.0,4.0,4.0,5.0,5.0,2.0,4.0,2.0,2.0,3.0,2.0,1.0,4.0,5.0,2.0,3,1,6,1,5,6,6,5,5,2,1,1,0,1,1,0,0,0,0,1,0,0,0,1,1,1,2,3,1,1,24,1,7,1,30,2,1,4
15999,3.0,4.0,2.0,2.0,5.0,1.0,1.0,3.0,4.0,2.0,1.0,3.0,4.0,1.0,4.0,1.0,1.0,4.0,5.0,4.0,5,6,4,5,6,4,4,2,3,3,1,1,1,1,1,0,0,0,0,1,0,1,1,1,1,1,3,2,2,1,23,1,2,1,60,2,1,4
16000,2.0,2.0,5.0,5.0,4.0,3.0,1.0,3.0,3.0,3.0,1.0,1.0,2.0,1.0,1.0,4.0,2.0,5.0,4.0,5.0,6,6,6,4,6,3,6,4,5,4,1,1,1,1,1,0,0,1,1,1,0,1,1,1,1,1,4,2,1,2,22,1,12,1,60,1,1,4
16001,3.0,2.0,2.0,1.0,5.0,4.0,1.0,4.0,5.0,5.0,1.0,5.0,4.0,1.0,5.0,1.0,1.0,5.0,5.0,4.0,6,7,5,6,7,1,4,2,3,4,1,1,0,1,1,0,0,1,0,1,0,0,0,1,1,1,3,3,2,2,20,2,2,1,70,1,1,3
16002,5.0,3.0,3.0,3.0,4.0,4.0,2.0,1.0,3.0,3.0,2.0,3.0,1.0,4.0,5.0,4.0,1.0,3.0,5.0,4.0,5,2,7,4,7,3,1,4,6,4,1,1,1,1,1,0,0,1,0,1,0,0,0,1,1,1,3,3,2,2,23,1,1,1,60,1,1,2
16003,1.0,1.0,5.0,5.0,2.0,4.0,5.0,4.0,5.0,5.0,1.0,4.0,3.0,2.0,3.0,2.0,2.0,2.0,3.0,1.0,2,1,6,6,7,3,7,3,4,5,1,1,0,1,1,0,0,0,0,1,0,0,0,1,1,1,4,2,2,1,40,1,6,1,60,1,2,3
16004,4.0,1.0,5.0,1.0,4.0,5.0,2.0,2.0,5.0,3.0,1.0,5.0,5.0,1.0,4.0,5.0,3.0,4.0,1.0,1.0,7,5,4,7,7,1,4,4,1,1,1,1,0,1,1,0,0,0,0,1,0,0,0,1,1,1,2,2,2,1,18,1,7,1,30,2,1,2
16005,2.0,3.0,3.0,4.0,2.0,4.0,3.0,2.0,4.0,5.0,2.0,2.0,2.0,5.0,3.0,5.0,3.0,4.0,3.0,1.0,6,4,6,2,6,4,6,2,6,3,1,1,0,1,1,0,0,0,0,1,0,0,0,1,1,1,0,3,2,1,32,1,4,1,70,1,2,5
16006,5.0,5.0,1.0,2.0,4.0,1.0,1.0,4.0,1.0,2.0,2.0,2.0,5.0,1.0,4.0,3.0,2.0,5.0,4.0,2.0,3,6,5,1,6,5,1,4,6,4,1,1,0,1,1,0,0,0,0,1,0,0,1,1,1,1,3,2,1,1,24,2,4,3,60,1,1,2
16007,4.0,4.0,2.0,5.0,1.0,5.0,3.0,2.0,5.0,5.0,3.0,1.0,2.0,4.0,3.0,5.0,2.0,4.0,5.0,1.0,5,5,5,6,5,5,6,2,6,5,1,1,0,1,1,0,0,0,0,1,0,0,0,1,1,1,4,3,2,1,20,1,1,1,60,2,1,1
16008,2.0,4.0,3.0,3.0,4.0,4.0,2.0,4.0,4.0,4.0,4.0,5.0,2.0,2.0,2.0,4.0,2.0,2.0,4.0,1.0,7,7,7,5,7,1,5,1,3,4,1,1,0,1,1,0,0,0,0,1,0,0,1,1,1,1,2,3,1,2,21,1,2,1,70,1,1,4
16009,2.0,5.0,5.0,5.0,4.0,5.0,5.0,5.0,5.0,4.0,4.0,4.0,2.0,4.0,4.0,4.0,1.0,4.0,1.0,4.0,6,6,7,5,7,5,5,1,5,5,0,0,0,0,0,0,0,0,0,1,0,0,0,0,0,1,2,1,1,2,19,1,4,0,10,2,1,3
16010,1.0,1.0,4.0,5.0,1.0,4.0,2.0,1.0,5.0,5.0,3.0,2.0,2.0,4.0,1.0,1.0,1.0,5.0,5.0,2.0,7,7,7,2,7,1,1,2,7,2,1,1,0,1,1,0,0,0,0,1,0,0,1,1,1,1,2,2,1,1,22,1,2,3,60,1,1,1
16011,4.0,1.0,5.0,5.0,4.0,3.0,1.0,1.0,2.0,5.0,1.0,5.0,4.0,2.0,5.0,4.0,1.0,5.0,5.0,1.0,6,7,6,1,6,2,2,2,7,3,0,0,0,0,1,0,0,0,0,1,0,0,0,0,0,1,2,3,1,2,22,1,4,1,30,2,1,3
16012,4.0,2.0,2.0,2.0,5.0,1.0,1.0,4.0,2.0,4.0,2.0,2.0,4.0,1.0,2.0,1.0,2.0,4.0,5.0,1.0,6,5,2,2,6,5,5,6,7,2,1,1,1,1,1,0,0,0,0,1,0,0,1,1,1,1,3,3,1,1,20,1,1,1,10,2,1,2
16013,5.0,5.0,4.0,3.0,5.0,5.0,5.0,4.0,4.0,4.0,1.0,2.0,5.0,3.0,5.0,3.0,3.0,2.0,5.0,3.0,3,5,5,7,5,6,5,3,5,3,1,1,0,1,1,0,0,0,0,1,0,0,0,1,1,1,1,3,2,1,16,1,4,1,70,2,1,1
16014,5.0,1.0,4.0,5.0,4.0,5.0,4.0,3.0,4.0,5.0,1.0,1.0,2.0,4.0,1.0,4.0,5.0,1.0,4.0,1.0,6,4,6,4,5,2,5,1,3,3,0,0,0,0,0,0,0,0,0,1,0,0,0,0,0,0,3,0,2,2,37,1,4,0,10,1,3,4
16015,5.0,5.0,1.0,1.0,5.0,1.0,1.0,5.0,1.0,1.0,1.0,5.0,4.0,1.0,5.0,1.0,1.0,5.0,5.0,1.0,5,7,7,2,5,5,2,1,7,2,1,1,1,1,1,0,1,1,0,1,0,1,1,1,1,1,2,2,2,1,19,1,1,1,30,1,1,3
16016,2.0,1.0,2.0,4.0,2.0,2.0,2.0,5.0,5.0,4.0,4.0,3.0,4.0,2.0,4.0,4.0,4.0,4.0,4.0,5.0,4,5,7,3,5,4,6,2,5,1,1,1,1,1,1,1,0,1,1,0,1,1,1,1,1,1,4,3,1,1,19,1,2,1,70,1,1,1
16017,4.0,3.0,2.0,3.0,4.0,1.0,1.0,5.0,5.0,3.0,1.0,5.0,2.0,1.0,4.0,1.0,4.0,5.0,5.0,1.0,3,3,7,2,7,7,5,1,3,2,1,1,0,1,1,0,0,0,0,1,0,0,1,1,1,1,4,1,2,1,36,1,12,1,60,1,1,2
16018,3.0,4.0,2.0,1.0,1.0,5.0,1.0,3.0,4.0,1.0,1.0,4.0,5.0,2.0,3.0,1.0,2.0,3.0,5.0,4.0,2,5,3,3,6,7,4,2,5,4,1,1,0,1,1,0,0,0,0,1,0,0,1,1,1,1,3,3,2,2,21,1,2,1,60,2,1,2
16019,4.0,2.0,4.0,5.0,1.0,4.0,2.0,1.0,5.0,1.0,4.0,1.0,1.0,2.0,5.0,4.0,1.0,4.0,5.0,1.0,2,5,7,2,6,6,6,1,7,6,1,1,1,1,1,0,0,0,0,1,0,0,1,1,1,1,3,1,2,1,53,1,6,1,60,1,2,5
16020,4.0,5.0,2.0,1.0,5.0,3.0,1.0,3.0,4.0,2.0,1.0,2.0,4.0,2.0,4.0,2.0,5.0,4.0,3.0,5.0,1,5,5,4,6,7,6,6,7,1,1,1,1,1,1,0,0,0,0,1,0,0,1,1,1,1,0,3,1,1,17,2,2,1,60,2,1,1
16021,4.0,4.0,3.0,2.0,4.0,3.0,1.0,3.0,4.0,1.0,1.0,5.0,4.0,1.0,3.0,2.0,1.0,4.0,5.0,5.0,1,5,4,2,6,7,5,5,3,4,1,1,0,1,1,1,0,1,1,1,1,1,1,1,1,1,2,2,1,1,17,1,1,1,60,2,1,1
16022,5.0,5.0,1.0,1.0,5.0,1.0,1.0,5.0,1.0,1.0,1.0,5.0,5.0,1.0,5.0,1.0,1.0,5.0,5.0,5.0,5,7,7,7,5,1,1,1,2,1,1,1,0,1,0,0,0,0,0,1,0,0,1,0,1,1,3,3,1,2,48,2,12,1,60,1,1,2
16023,4.0,4.0,1.0,2.0,4.0,1.0,2.0,4.0,2.0,1.0,2.0,4.0,4.0,1.0,5.0,4.0,1.0,4.0,4.0,4.0,2,6,3,6,5,3,3,6,1,2,1,1,1,1,1,0,1,1,0,1,1,0,1,1,1,1,4,3,1,1,49,1,6,1,60,2,2,2
16024,1.0,1.0,5.0,5.0,2.0,4.0,4.0,1.0,5.0,5.0,5.0,1.0,1.0,5.0,3.0,5.0,4.0,2.0,5.0,1.0,1,1,7,6,7,7,7,1,6,2,1,1,0,1,1,0,0,0,0,1,1,0,1,1,1,1,4,2,2,1,57,1,9,2,60,1,2,2
16025,2.0,2.0,1.0,4.0,3.0,1.0,2.0,1.0,3.0,3.0,2.0,5.0,5.0,3.0,3.0,5.0,5.0,4.0,5.0,5.0,3,7,2,4,6,2,1,6,1,2,1,1,0,1,1,0,1,1,0,1,1,0,1,1,1,1,4,3,2,2,26,1,2,4,60,2,1,1
16026,4.0,2.0,5.0,4.0,4.0,4.0,4.0,2.0,4.0,4.0,5.0,2.0,2.0,5.0,4.0,5.0,1.0,2.0,3.0,2.0,7,6,7,2,6,1,5,2,6,2,1,1,0,1,1,0,0,0,0,1,0,0,1,1,1,1,3,3,1,1,20,1,4,1,60,1,1,1
16027,1.0,4.0,2.0,5.0,2.0,4.0,2.0,3.0,5.0,5.0,4.0,4.0,1.0,4.0,1.0,5.0,4.0,2.0,5.0,1.0,3,5,7,7,6,6,7,3,5,6,1,1,0,1,1,0,1,0,0,1,0,0,1,1,1,1,3,2,3,1,20,1,1,4,60,1,1,2
16028,5.0,1.0,1.0,1.0,3.0,2.0,1.0,4.0,4.0,2.0,1.0,4.0,1.0,1.0,1.0,1.0,3.0,4.0,3.0,1.0,3,6,7,6,6,6,5,5,6,2,0,1,0,1,1,0,0,0,0,1,0,0,1,1,1,1,3,3,1,2,21,1,2,1,60,1,1,2
16029,5.0,5.0,3.0,4.0,5.0,1.0,2.0,3.0,3.0,2.0,1.0,5.0,3.0,1.0,5.0,3.0,5.0,5.0,5.0,5.0,4,4,3,6,6,5,7,6,2,1,1,1,0,1,1,0,0,1,0,1,0,0,1,1,1,1,3,3,1,2,27,1,2,1,60,2,1,2
16030,1.0,2.0,5.0,2.0,1.0,5.0,5.0,1.0,5.0,5.0,3.0,4.0,1.0,3.0,1.0,1.0,1.0,1.0,2.0,1.0,4,3,7,2,4,3,7,1,6,2,1,1,0,1,1,0,0,0,0,1,0,0,0,0,1,1,2,2,1,1,19,1,7,1,60,1,1,2
16031,2.0,1.0,4.0,5.0,3.0,3.0,4.0,2.0,4.0,5.0,2.0,2.0,2.0,2.0,2.0,3.0,4.0,3.0,4.0,2.0,5,6,6,3,6,1,6,2,5,2,1,1,1,1,1,1,1,1,0,1,0,1,1,1,1,1,2,2,1,1,20,1,1,1,0,1,1,1
16032,3.0,3.0,3.0,4.0,2.0,2.0,2.0,3.0,4.0,3.0,2.0,2.0,2.0,2.0,4.0,3.0,3.0,4.0,5.0,2.0,4,2,7,1,6,5,6,1,7,3,1,1,1,1,1,0,0,0,0,1,1,1,1,1,1,1,2,3,2,1,19,1,1,1,60,2,1,2
16033,1.0,1.0,5.0,4.0,1.0,5.0,5.0,1.0,5.0,5.0,3.0,1.0,1.0,4.0,1.0,5.0,5.0,1.0,4.0,5.0,7,1,7,4,7,1,7,1,7,2,1,1,1,1,1,0,0,1,0,1,0,0,1,1,1,1,3,3,1,1,63,1,12,1,60,1,3,7
16034,1.0,2.0,4.0,4.0,4.0,2.0,4.0,1.0,5.0,2.0,1.0,2.0,4.0,1.0,1.0,2.0,1.0,4.0,5.0,1.0,3,4,4,5,6,6,6,2,7,3,1,1,1,1,1,0,1,0,0,1,0,0,1,1,1,1,4,2,1,1,39,2,7,1,60,1,2,2
16035,5.0,4.0,5.0,4.0,5.0,2.0,2.0,5.0,2.0,5.0,1.0,3.0,1.0,1.0,3.0,3.0,1.0,5.0,4.0,3.0,7,7,6,7,7,5,5,4,5,1,1,1,0,1,1,0,0,0,0,1,0,0,0,0,1,1,4,1,2,1,26,1,1,1,60,1,1,1
16036,5.0,4.0,5.0,2.0,4.0,2.0,4.0,3.0,4.0,1.0,2.0,5.0,1.0,1.0,4.0,1.0,3.0,2.0,5.0,2.0,2,5,2,7,4,2,5,7,3,2,1,1,1,1,1,0,1,0,0,1,1,0,1,1,1,1,3,2,1,1,34,1,1,1,60,2,1,4
16037,2.0,4.0,3.0,4.0,2.0,2.0,2.0,2.0,5.0,4.0,4.0,2.0,2.0,4.0,2.0,4.0,5.0,1.0,2.0,1.0,3,2,5,3,5,3,6,5,6,3,1,1,1,1,1,0,1,0,0,1,0,0,1,1,1,1,2,2,2,1,49,1,5,1,60,2,2,5
16038,5.0,5.0,1.0,1.0,5.0,1.0,1.0,5.0,1.0,1.0,1.0,5.0,5.0,1.0,5.0,1.0,1.0,5.0,1.0,5.0,7,6,7,1,7,1,1,0,7,4,1,1,0,1,1,1,0,0,0,1,0,0,1,1,1,1,1,2,1,1,17,1,7,3,60,2,1,3
16039,3.0,4.0,2.0,1.0,5.0,3.0,5.0,4.0,2.0,2.0,2.0,5.0,4.0,1.0,5.0,2.0,1.0,3.0,5.0,2.0,1,2,6,7,6,7,6,6,3,2,1,1,1,1,1,0,1,1,0,1,0,1,1,1,1,1,3,3,1,1,22,1,11,1,10,2,1,2
16040,1.0,4.0,4.0,4.0,1.0,5.0,5.0,1.0,5.0,2.0,1.0,1.0,1.0,2.0,5.0,1.0,2.0,5.0,4.0,1.0,1,3,7,7,7,7,7,1,3,1,1,1,0,1,1,1,1,1,0,1,0,0,1,1,1,1,3,2,2,1,23,1,7,1,60,1,1,2
16041,3.0,5.0,1.0,1.0,4.0,1.0,1.0,3.0,3.0,1.0,1.0,5.0,5.0,1.0,5.0,1.0,1.0,5.0,5.0,4.0,2,4,5,1,6,5,1,2,6,2,1,1,0,1,1,0,0,0,0,0,1,0,0,1,1,1,3,1,1,1,28,1,4,1,60,1,1,0
16042,4.0,5.0,3.0,1.0,2.0,1.0,1.0,4.0,4.0,2.0,1.0,5.0,1.0,1.0,5.0,2.0,2.0,5.0,5.0,1.0,1,6,5,7,6,7,5,7,1,6,1,1,1,1,1,0,0,0,0,1,0,0,1,1,1,1,2,3,1,1,18,1,1,1,60,2,1,4
16043,5.0,5.0,3.0,2.0,5.0,1.0,1.0,5.0,2.0,2.0,1.0,2.0,4.0,2.0,4.0,1.0,4.0,5.0,5.0,5.0,7,5,6,5,6,5,5,5,4,1,1,1,0,1,1,0,0,0,0,1,0,0,1,1,1,1,0,2,1,1,54,1,4,1,60,1,1,3
16044,1.0,2.0,4.0,4.0,3.0,4.0,2.0,1.0,4.0,5.0,2.0,4.0,1.0,3.0,3.0,3.0,3.0,2.0,5.0,1.0,4,5,7,4,3,6,5,1,5,3,1,1,0,1,1,0,0,1,0,1,0,0,1,1,1,1,2,2,2,1,20,1,4,1,60,1,1,2
16045,5.0,5.0,1.0,1.0,5.0,1.0,1.0,5.0,1.0,5.0,1.0,5.0,1.0,1.0,5.0,1.0,5.0,5.0,5.0,5.0,7,6,1,7,7,1,1,1,1,1,1,1,1,1,1,0,1,1,0,1,0,0,1,1,1,1,4,3,1,1,76,1,7,1,60,1,2,2
16046,4.0,4.0,1.0,2.0,4.0,1.0,1.0,5.0,4.0,3.0,1.0,5.0,1.0,1.0,3.0,4.0,1.0,4.0,5.0,5.0,7,5,4,5,6,1,5,1,6,1,1,1,1,1,1,0,0,1,0,1,0,0,1,1,1,1,3,3,1,2,25,1,2,1,60,2,1,1
16047,4.0,2.0,4.0,3.0,4.0,4.0,2.0,2.0,5.0,4.0,3.0,5.0,1.0,3.0,2.0,3.0,5.0,4.0,3.0,1.0,2,3,6,5,4,6,6,4,5,5,1,1,0,1,1,0,0,1,0,1,0,0,1,1,1,1,3,1,2,2,24,1,4,1,10,1,1,2
16048,5.0,4.0,4.0,4.0,5.0,3.0,3.0,4.0,2.0,4.0,3.0,4.0,1.0,3.0,2.0,3.0,2.0,2.0,3.0,5.0,5,4,3,2,6,3,6,2,7,2,0,0,0,0,1,0,0,1,0,1,0,0,0,1,0,1,3,2,1,2,19,1,8,1,10,2,1,2
16049,5.0,4.0,2.0,3.0,5.0,2.0,2.0,4.0,2.0,2.0,1.0,5.0,2.0,2.0,4.0,3.0,2.0,3.0,4.0,4.0,2,5,2,5,6,7,3,6,3,1,1,1,1,1,1,0,0,1,0,1,0,0,1,1,1,1,2,3,1,2,25,1,10,1,70,1,1,4
16050,4.0,5.0,1.0,2.0,5.0,2.0,2.0,4.0,4.0,2.0,1.0,5.0,5.0,1.0,5.0,2.0,1.0,5.0,5.0,4.0,0,7,7,0,0,7,7,0,0,0,0,1,0,1,0,0,0,0,0,0,0,0,0,1,1,1,3,2,2,2,34,1,2,1,60,1,1,2
16051,1.0,1.0,4.0,3.0,2.0,4.0,4.0,1.0,5.0,5.0,2.0,1.0,1.0,3.0,4.0,1.0,2.0,2.0,4.0,1.0,3,1,6,2,6,4,6,2,7,1,1,1,1,1,1,0,0,1,0,1,1,0,1,1,1,1,3,2,1,1,25,1,7,1,60,2,1,2
16052,5.0,4.0,2.0,4.0,5.0,2.0,1.0,2.0,1.0,1.0,1.0,5.0,4.0,2.0,5.0,4.0,1.0,5.0,5.0,4.0,7,6,6,6,7,3,6,5,3,2,0,0,0,0,0,0,0,1,1,1,0,1,0,1,0,1,3,1,1,2,34,2,4,1,60,1,1,1
16053,1.0,1.0,4.0,1.0,1.0,5.0,2.0,1.0,5.0,5.0,4.0,1.0,1.0,2.0,1.0,2.0,4.0,1.0,5.0,1.0,6,2,5,3,7,1,7,1,7,1,1,1,1,1,1,0,0,0,0,1,0,0,1,1,1,1,4,2,2,1,50,2,12,1,60,1,3,3
16054,4.0,5.0,2.0,1.0,5.0,1.0,1.0,5.0,4.0,5.0,1.0,5.0,3.0,1.0,5.0,1.0,1.0,5.0,5.0,3.0,1,2,3,1,7,7,5,5,7,2,1,1,1,1,1,0,1,1,0,1,1,0,1,1,1,1,3,2,2,1,48,1,2,1,60,1,2,7
16055,3.0,4.0,4.0,3.0,2.0,2.0,2.0,1.0,5.0,5.0,3.0,3.0,1.0,5.0,1.0,3.0,3.0,3.0,1.0,1.0,3,2,5,2,6,6,3,4,5,5,1,1,0,1,1,0,0,0,0,1,0,0,0,1,1,1,3,3,2,2,30,1,10,1,10,2,2,3
16056,1.0,2.0,4.0,4.0,4.0,4.0,4.0,1.0,5.0,4.0,1.0,4.0,2.0,2.0,5.0,4.0,1.0,4.0,5.0,1.0,5,3,6,1,7,3,6,1,7,2,1,1,0,1,1,0,0,1,0,1,0,0,0,1,1,1,3,1,1,2,42,1,2,1,60,2,2,3
16057,3.0,3.0,3.0,3.0,4.0,1.0,2.0,3.0,4.0,3.0,2.0,2.0,4.0,1.0,4.0,1.0,1.0,3.0,4.0,1.0,6,5,6,6,7,1,7,5,5,1,1,1,1,1,1,0,1,1,0,1,0,1,1,1,1,1,3,2,2,1,31,1,4,1,60,2,2,3
16058,5.0,5.0,4.0,5.0,5.0,5.0,5.0,5.0,4.0,5.0,2.0,4.0,1.0,4.0,5.0,5.0,3.0,5.0,5.0,1.0,7,6,7,3,7,5,6,1,5,1,1,1,0,1,1,0,0,0,0,1,0,0,0,0,1,1,2,1,2,1,21,1,7,1,60,1,1,2
16059,5.0,5.0,2.0,3.0,5.0,1.0,2.0,5.0,2.0,1.0,1.0,4.0,3.0,2.0,5.0,2.0,1.0,4.0,4.0,4.0,3,2,7,1,7,5,3,1,6,1,1,1,0,1,1,0,0,0,0,1,0,0,1,1,1,1,3,1,1,1,41,1,7,1,60,1,3,2
16060,2.0,5.0,5.0,2.0,5.0,4.0,1.0,5.0,5.0,5.0,3.0,4.0,5.0,4.0,4.0,4.0,2.0,4.0,3.0,2.0,5,2,3,5,7,6,6,4,4,2,1,1,0,1,1,0,0,0,0,1,0,0,0,1,1,1,2,3,1,2,18,1,4,1,10,2,1,1
16061,1.0,2.0,1.0,1.0,3.0,1.0,1.0,1.0,5.0,2.0,1.0,1.0,2.0,1.0,2.0,1.0,4.0,1.0,1.0,1.0,3,2,6,2,7,6,6,6,6,1,1,1,1,1,1,1,1,1,0,1,1,1,1,1,1,1,4,2,2,1,60,1,4,1,60,1,2,3
16062,4.0,4.0,3.0,3.0,2.0,2.0,1.0,4.0,4.0,4.0,1.0,5.0,4.0,1.0,4.0,2.0,1.0,5.0,5.0,2.0,6,5,6,3,6,3,3,4,7,3,1,1,0,1,1,0,1,1,0,1,0,0,1,1,1,1,4,2,2,1,32,1,4,1,60,2,1,2
16063,4.0,3.0,1.0,3.0,4.0,1.0,1.0,1.0,1.0,1.0,1.0,5.0,4.0,1.0,5.0,1.0,1.0,5.0,5.0,2.0,7,5,4,5,7,1,4,6,2,1,1,1,0,1,1,0,0,1,0,1,1,0,1,1,1,1,2,2,1,1,26,2,12,1,60,1,1,1
16064,1.0,4.0,2.0,4.0,5.0,1.0,1.0,1.0,3.0,2.0,1.0,5.0,3.0,3.0,4.0,3.0,1.0,5.0,5.0,1.0,5,6,6,5,4,3,5,5,5,5,0,1,0,1,1,0,0,0,1,1,0,0,0,0,0,1,3,3,1,1,24,1,2,1,10,1,1,1
16065,3.0,5.0,4.0,4.0,4.0,3.0,1.0,2.0,3.0,4.0,1.0,1.0,2.0,1.0,4.0,1.0,3.0,5.0,4.0,1.0,1,7,7,7,2,7,3,1,2,1,1,0,0,1,1,0,0,0,0,1,0,0,0,1,1,1,1,3,2,1,15,1,10,1,10,2,1,4
16066,3.0,2.0,2.0,4.0,4.0,2.0,2.0,1.0,4.0,3.0,2.0,2.0,1.0,2.0,3.0,2.0,3.0,3.0,5.0,4.0,5,4,7,3,6,5,5,2,5,3,1,1,0,1,1,1,0,0,0,1,0,0,1,1,1,1,3,1,2,2,31,1,7,1,60,1,2,5
16067,1.0,2.0,5.0,5.0,2.0,5.0,2.0,2.0,5.0,4.0,1.0,1.0,1.0,2.0,2.0,2.0,1.0,1.0,5.0,1.0,6,7,6,5,7,2,6,1,6,1,1,1,1,1,1,0,1,1,0,1,0,0,1,1,1,1,3,3,2,2,29,1,2,2,70,2,1,2
16068,5.0,1.0,5.0,4.0,5.0,5.0,2.0,4.0,5.0,5.0,1.0,5.0,1.0,3.0,1.0,1.0,5.0,5.0,4.0,1.0,7,4,6,5,7,1,7,5,5,1,1,1,0,1,1,0,1,0,0,1,0,0,1,1,1,1,4,3,1,2,26,1,8,1,10,2,1,2
16069,5.0,5.0,3.0,2.0,5.0,1.0,1.0,2.0,2.0,1.0,1.0,5.0,5.0,1.0,5.0,4.0,1.0,5.0,5.0,5.0,3,6,5,5,7,7,5,5,4,1,1,1,0,1,1,0,0,0,0,1,0,0,1,0,1,1,3,3,1,1,20,2,10,1,20,1,1,4
16070,4.0,4.0,3.0,3.0,5.0,1.0,1.0,4.0,3.0,1.0,1.0,5.0,2.0,1.0,5.0,1.0,1.0,5.0,5.0,4.0,1,0,3,5,7,7,5,5,6,3,1,1,0,1,1,0,0,0,0,1,0,0,1,1,1,1,1,1,1,1,19,2,1,2,60,2,1,1
16071,4.0,4.0,2.0,2.0,5.0,2.0,1.0,2.0,2.0,2.0,1.0,5.0,4.0,1.0,4.0,1.0,5.0,5.0,5.0,5.0,1,2,6,5,7,7,6,5,6,1,1,1,1,1,1,1,1,1,0,1,1,1,1,1,1,1,4,1,2,1,49,1,9,1,60,1,3,3
16072,5.0,5.0,3.0,1.0,5.0,1.0,2.0,5.0,1.0,1.0,1.0,5.0,5.0,2.0,5.0,1.0,1.0,5.0,4.0,4.0,3,4,7,1,7,7,5,1,7,3,1,1,0,1,1,0,0,0,0,1,0,1,1,1,1,1,2,2,1,1,19,3,7,1,60,1,1,2
16073,5.0,5.0,1.0,1.0,5.0,2.0,5.0,4.0,2.0,5.0,1.0,5.0,5.0,1.0,5.0,1.0,5.0,4.0,5.0,5.0,2,6,6,1,4,6,1,1,7,2,0,0,0,0,1,0,0,0,0,1,0,0,0,1,1,0,4,3,1,2,25,2,2,1,60,1,1,1
16074,5.0,4.0,4.0,1.0,5.0,1.0,3.0,4.0,2.0,2.0,1.0,5.0,5.0,1.0,5.0,2.0,1.0,4.0,2.0,2.0,3,6,7,2,2,6,1,3,5,5,1,1,0,1,0,0,0,0,0,1,0,0,1,0,1,1,2,2,1,1,19,1,4,1,60,1,1,2
16075,4.0,2.0,2.0,3.0,2.0,2.0,1.0,4.0,1.0,3.0,1.0,4.0,3.0,1.0,4.0,4.0,2.0,4.0,3.0,1.0,4,5,6,7,7,5,3,3,5,1,1,1,0,1,1,1,0,0,0,1,0,0,1,1,1,1,2,3,2,1,24,1,1,1,70,1,1,3
16076,1.0,1.0,1.0,5.0,1.0,1.0,2.0,1.0,4.0,5.0,1.0,1.0,1.0,1.0,4.0,5.0,1.0,1.0,3.0,1.0,7,6,6,6,7,1,6,1,5,1,1,1,1,1,1,1,1,0,0,1,0,1,1,1,1,1,4,2,1,1,43,1,6,1,0,1,2,3
16077,1.0,1.0,5.0,5.0,1.0,4.0,5.0,2.0,5.0,5.0,1.0,1.0,1.0,4.0,3.0,5.0,5.0,1.0,5.0,1.0,6,1,7,5,7,7,7,1,7,1,1,1,1,1,1,0,1,1,0,1,1,0,1,1,1,1,4,3,2,1,28,1,1,1,70,2,1,2
16078,4.0,2.0,3.0,3.0,3.0,3.0,3.0,3.0,5.0,4.0,5.0,5.0,4.0,5.0,3.0,4.0,4.0,2.0,4.0,1.0,5,4,6,3,6,2,7,1,7,3,1,0,0,1,1,0,0,0,0,1,0,0,0,1,1,1,2,2,2,1,18,1,4,1,60,2,1,2
16079,1.0,1.0,5.0,4.0,3.0,1.0,1.0,1.0,5.0,5.0,4.0,2.0,5.0,2.0,1.0,4.0,3.0,1.0,4.0,1.0,1,4,7,1,6,4,7,1,7,5,1,1,0,1,1,0,0,0,0,1,0,0,1,1,1,1,4,2,2,1,43,1,7,1,60,1,2,2
16080,1.0,1.0,5.0,5.0,3.0,4.0,5.0,4.0,5.0,5.0,2.0,1.0,1.0,4.0,2.0,4.0,4.0,1.0,5.0,1.0,6,5,5,7,5,5,6,5,1,4,1,1,1,1,1,0,0,0,0,1,0,0,1,1,1,1,2,2,2,1,21,1,4,2,30,2,1,3
16081,2.0,2.0,2.0,4.0,4.0,3.0,3.0,2.0,4.0,4.0,1.0,1.0,2.0,2.0,2.0,4.0,4.0,2.0,5.0,2.0,5,3,7,3,5,6,6,2,6,4,0,0,0,0,0,0,0,0,0,0,0,0,0,0,0,0,3,1,1,1,35,1,4,1,60,1,2,3
16082,2.0,4.0,2.0,2.0,2.0,2.0,2.0,1.0,4.0,4.0,2.0,1.0,4.0,2.0,4.0,2.0,1.0,2.0,5.0,3.0,2,1,5,1,6,7,5,6,7,1,1,1,0,1,1,0,0,0,0,1,0,0,1,1,1,1,2,2,1,1,18,1,1,1,30,2,1,1
16083,3.0,4.0,3.0,2.0,4.0,2.0,1.0,2.0,3.0,1.0,1.0,1.0,3.0,1.0,5.0,1.0,1.0,3.0,5.0,1.0,1,6,7,4,6,7,5,1,1,1,1,1,0,1,1,0,0,0,0,1,0,0,0,1,1,1,2,2,1,1,19,1,1,1,60,2,1,4
16084,3.0,5.0,1.0,1.0,4.0,1.0,1.0,5.0,2.0,3.0,1.0,5.0,4.0,1.0,4.0,1.0,3.0,5.0,5.0,1.0,2,4,4,3,7,6,3,5,6,1,1,1,0,1,1,0,0,1,0,1,0,0,0,1,1,1,2,3,1,2,20,1,1,1,60,2,1,2
16085,2.0,5.0,4.0,4.0,2.0,2.0,2.0,2.0,4.0,2.0,1.0,3.0,3.0,2.0,3.0,2.0,3.0,4.0,4.0,4.0,3,5,5,2,4,4,3,2,4,3,0,0,0,0,0,0,0,0,0,0,0,0,0,0,0,0,3,2,2,2,25,1,1,1,60,1,1,4
16086,2.0,3.0,3.0,1.0,4.0,3.0,2.0,2.0,5.0,4.0,1.0,5.0,1.0,1.0,5.0,3.0,1.0,4.0,5.0,1.0,7,5,6,5,7,3,6,3,6,1,1,1,0,1,1,0,0,0,0,1,0,0,1,1,1,1,3,1,2,1,24,2,7,1,30,2,1,2
16087,2.0,3.0,1.0,3.0,1.0,3.0,2.0,1.0,3.0,4.0,1.0,1.0,4.0,2.0,3.0,5.0,4.0,5.0,1.0,1.0,2,1,4,1,6,7,7,2,7,2,1,1,0,1,1,1,0,1,0,1,0,0,1,1,1,1,3,2,1,1,23,1,7,1,30,2,1,3
16088,4.0,5.0,4.0,2.0,2.0,4.0,4.0,2.0,5.0,4.0,2.0,2.0,2.0,2.0,4.0,4.0,4.0,4.0,5.0,1.0,3,1,6,5,6,6,7,2,7,2,0,0,0,0,0,0,0,1,0,0,0,0,0,1,0,1,3,1,1,1,23,1,1,1,60,1,1,3
16089,4.0,5.0,2.0,1.0,5.0,2.0,1.0,4.0,3.0,2.0,1.0,4.0,2.0,1.0,3.0,1.0,1.0,4.0,5.0,2.0,2,6,1,7,5,6,2,5,1,5,1,1,0,1,1,1,0,0,0,1,0,0,1,1,1,1,3,3,1,1,21,1,1,1,50,1,1,3
16090,2.0,1.0,3.0,4.0,3.0,1.0,3.0,2.0,3.0,4.0,2.0,5.0,2.0,2.0,1.0,3.0,2.0,3.0,3.0,1.0,2,4,3,6,6,7,4,5,4,3,1,1,0,1,1,0,0,1,0,1,0,0,1,1,1,1,2,3,1,1,19,1,12,2,30,2,1,2
16091,1.0,1.0,1.0,2.0,2.0,5.0,5.0,1.0,5.0,4.0,2.0,2.0,5.0,4.0,1.0,3.0,5.0,4.0,5.0,1.0,3,5,6,1,5,3,6,5,5,5,1,0,0,0,0,0,0,0,0,0,0,0,0,0,0,0,3,3,2,1,59,1,4,1,60,1,2,3
16092,5.0,5.0,1.0,1.0,5.0,1.0,1.0,4.0,1.0,1.0,1.0,5.0,2.0,1.0,5.0,1.0,1.0,5.0,5.0,5.0,2,5,2,6,1,7,5,6,3,6,1,1,1,1,1,0,0,1,0,1,1,0,1,1,1,1,4,2,1,1,58,1,1,1,70,2,1,1
16093,1.0,1.0,1.0,4.0,4.0,5.0,4.0,1.0,5.0,5.0,1.0,4.0,1.0,4.0,1.0,4.0,2.0,1.0,5.0,1.0,6,3,7,1,7,3,3,1,2,1,1,1,0,1,1,0,0,0,0,1,0,0,0,1,1,1,3,2,2,1,38,1,12,1,30,1,2,1
16094,5.0,4.0,1.0,3.0,5.0,1.0,5.0,4.0,2.0,1.0,3.0,5.0,1.0,2.0,4.0,1.0,4.0,1.0,5.0,3.0,1,6,6,4,3,7,5,2,3,4,1,1,1,1,1,0,0,0,0,1,0,0,1,1,1,1,4,3,2,2,31,1,1,1,10,1,1,1
16095,1.0,2.0,4.0,5.0,4.0,4.0,4.0,1.0,5.0,4.0,1.0,4.0,1.0,2.0,4.0,4.0,1.0,5.0,1.0,1.0,6,5,6,5,5,2,7,2,3,5,1,1,1,1,1,0,0,1,0,1,0,0,1,1,1,1,3,2,1,1,34,1,7,1,60,1,2,2
16096,1.0,1.0,5.0,5.0,4.0,4.0,4.0,1.0,5.0,5.0,1.0,1.0,1.0,1.0,2.0,5.0,2.0,1.0,3.0,1.0,3,5,3,6,6,5,6,5,3,1,1,1,1,1,1,1,1,1,0,1,0,0,1,1,1,1,4,3,2,1,46,1,7,1,60,1,2,2
16097,1.0,2.0,4.0,4.0,2.0,4.0,5.0,1.0,5.0,5.0,3.0,1.0,2.0,4.0,2.0,2.0,2.0,1.0,4.0,1.0,1,2,6,7,5,7,7,4,1,3,1,1,0,1,1,0,0,0,0,1,0,0,1,1,1,1,2,3,2,1,26,2,1,4,60,1,1,3
16098,5.0,5.0,1.0,2.0,5.0,1.0,1.0,3.0,1.0,1.0,1.0,5.0,2.0,1.0,3.0,1.0,1.0,5.0,5.0,1.0,2,6,7,2,7,7,1,6,3,1,1,1,1,1,1,0,0,1,0,1,0,0,1,1,1,1,3,3,1,1,24,1,2,2,30,1,1,4
16099,4.0,5.0,2.0,1.0,3.0,1.0,2.0,5.0,4.0,2.0,1.0,5.0,5.0,1.0,5.0,1.0,1.0,5.0,5.0,4.0,5,3,6,1,6,2,5,2,7,2,1,1,0,1,1,0,0,0,0,1,0,0,1,1,1,1,2,2,1,1,19,1,10,1,60,2,1,3
16100,4.0,1.0,2.0,1.0,5.0,3.0,2.0,4.0,3.0,3.0,1.0,5.0,5.0,1.0,1.0,1.0,1.0,4.0,2.0,2.0,1,4,7,6,7,6,2,4,6,6,1,1,1,1,1,1,0,1,1,1,0,1,1,1,1,1,4,1,2,1,36,1,7,1,60,1,2,2
16101,1.0,1.0,4.0,5.0,2.0,5.0,5.0,1.0,5.0,5.0,3.0,3.0,1.0,4.0,1.0,5.0,4.0,3.0,5.0,1.0,6,5,5,5,7,3,4,5,4,3,1,1,0,1,1,0,0,0,0,1,0,0,0,1,1,1,2,3,2,1,21,1,4,1,60,1,1,4
16102,2.0,2.0,4.0,3.0,3.0,3.0,4.0,2.0,4.0,4.0,3.0,2.0,4.0,3.0,3.0,4.0,2.0,4.0,5.0,1.0,2,2,6,7,5,6,6,6,3,2,1,1,0,1,1,0,0,0,0,1,0,0,1,1,1,1,2,2,1,1,21,1,1,1,60,1,1,2
16103,4.0,5.0,3.0,3.0,5.0,1.0,3.0,2.0,4.0,4.0,1.0,5.0,2.0,1.0,5.0,2.0,1.0,5.0,5.0,5.0,7,2,7,3,7,1,6,2,3,1,1,1,1,1,1,0,0,1,0,1,0,0,1,1,1,1,3,3,1,1,35,1,1,1,60,1,2,5
16104,5.0,3.0,1.0,1.0,5.0,1.0,1.0,4.0,1.0,1.0,1.0,5.0,3.0,1.0,4.0,1.0,1.0,4.0,5.0,2.0,6,6,5,2,5,5,2,4,4,3,1,1,0,1,1,0,0,0,0,1,0,0,1,1,1,1,2,3,1,1,19,2,1,1,10,1,1,2
16105,2.0,2.0,2.0,3.0,4.0,1.0,1.0,2.0,3.0,2.0,1.0,2.0,5.0,2.0,4.0,5.0,2.0,3.0,5.0,2.0,5,5,7,6,6,7,7,4,7,5,1,0,0,1,1,0,0,0,0,0,0,0,1,0,1,1,3,1,1,1,16,1,1,1,30,2,1,2
16106,3.0,2.0,1.0,4.0,1.0,4.0,4.0,1.0,5.0,4.0,1.0,4.0,1.0,3.0,3.0,5.0,1.0,1.0,2.0,1.0,7,2,6,2,7,2,7,3,5,1,1,1,0,1,1,0,0,0,0,1,0,0,1,1,1,1,3,3,2,1,21,1,6,1,10,1,1,3
16107,4.0,4.0,4.0,4.0,4.0,3.0,2.0,3.0,5.0,4.0,1.0,4.0,1.0,2.0,4.0,5.0,1.0,2.0,5.0,1.0,6,5,5,5,7,3,6,4,2,1,1,1,0,1,1,0,0,1,0,1,0,0,1,1,1,1,2,1,1,1,27,2,2,1,60,2,1,3
16108,4.0,2.0,5.0,3.0,4.0,5.0,4.0,3.0,5.0,3.0,2.0,2.0,2.0,5.0,2.0,5.0,1.0,3.0,4.0,1.0,5,2,6,7,7,5,7,5,3,1,1,1,0,1,1,1,0,0,0,1,1,1,1,1,1,1,3,2,2,2,23,1,7,1,60,1,1,2
16109,4.0,5.0,5.0,1.0,4.0,1.0,1.0,5.0,2.0,4.0,1.0,3.0,1.0,1.0,5.0,1.0,3.0,5.0,5.0,5.0,7,1,7,4,7,4,1,4,5,1,1,0,1,1,1,0,0,0,0,1,0,0,0,1,1,1,4,2,2,2,33,2,2,1,70,1,2,1
16110,2.0,2.0,3.0,5.0,2.0,5.0,1.0,1.0,5.0,5.0,2.0,2.0,1.0,4.0,4.0,5.0,5.0,2.0,3.0,1.0,2,1,6,2,3,6,7,1,5,3,1,1,0,1,1,0,1,1,0,1,0,0,0,1,1,1,4,1,2,1,42,2,3,1,60,1,3,2
16111,5.0,1.0,5.0,3.0,1.0,5.0,2.0,1.0,5.0,5.0,1.0,4.0,1.0,2.0,5.0,5.0,1.0,1.0,5.0,5.0,5,5,7,3,7,5,6,5,5,4,1,1,0,1,1,0,0,0,0,1,0,0,1,1,1,1,4,3,1,2,49,1,3,5,10,1,2,4
16112,3.0,4.0,1.0,2.0,4.0,4.0,2.0,1.0,4.0,2.0,2.0,4.0,1.0,1.0,2.0,5.0,3.0,1.0,5.0,5.0,4,5,5,2,7,6,7,5,6,7,1,1,0,1,1,0,1,1,0,1,1,1,1,1,1,1,4,2,1,1,38,2,2,1,50,1,2,3
16113,5.0,5.0,2.0,3.0,5.0,1.0,1.0,4.0,3.0,4.0,2.0,5.0,5.0,2.0,5.0,1.0,3.0,5.0,3.0,3.0,4,6,5,5,7,5,2,4,5,5,1,1,0,1,1,0,0,0,0,1,0,0,1,1,1,1,3,2,1,2,23,1,4,3,10,1,1,3
16114,5.0,5.0,1.0,1.0,5.0,2.0,1.0,5.0,2.0,2.0,1.0,5.0,5.0,2.0,4.0,1.0,1.0,4.0,5.0,5.0,5,5,4,3,6,5,2,4,6,1,1,0,0,1,0,0,0,1,0,1,0,0,0,1,1,1,3,1,1,2,21,1,2,2,0,2,1,1
16115,4.0,2.0,4.0,1.0,5.0,3.0,3.0,2.0,2.0,2.0,2.0,5.0,4.0,1.0,1.0,2.0,5.0,4.0,5.0,5.0,5,5,5,6,7,7,7,6,3,2,1,0,0,1,1,0,0,0,0,1,0,0,1,1,1,1,3,2,1,2,23,1,8,1,10,1,1,0
16116,2.0,2.0,4.0,2.0,4.0,3.0,3.0,4.0,5.0,5.0,2.0,5.0,2.0,3.0,2.0,2.0,2.0,4.0,4.0,4.0,4,3,5,2,6,6,7,5,6,2,1,1,0,1,1,0,0,0,0,1,0,0,1,1,1,1,4,3,2,2,25,1,10,1,10,1,1,2
16117,4.0,1.0,5.0,5.0,1.0,5.0,4.0,1.0,5.0,5.0,3.0,1.0,1.0,5.0,1.0,5.0,3.0,1.0,4.0,1.0,5,6,6,3,5,2,7,1,5,1,1,1,0,1,1,0,0,0,0,1,1,0,0,1,1,1,3,3,1,2,32,1,3,1,60,1,1,3
16118,2.0,4.0,3.0,3.0,4.0,1.0,1.0,3.0,3.0,2.0,2.0,3.0,2.0,1.0,3.0,3.0,2.0,5.0,5.0,4.0,6,6,5,4,7,4,7,6,6,1,1,1,0,1,1,0,0,0,0,1,0,0,1,1,1,1,3,2,2,1,24,1,4,1,60,2,1,3
16119,1.0,2.0,4.0,3.0,2.0,2.0,2.0,5.0,5.0,5.0,2.0,4.0,1.0,2.0,3.0,1.0,3.0,4.0,5.0,1.0,3,5,7,5,7,5,6,5,3,1,1,1,1,1,1,0,0,0,0,1,0,0,1,1,1,1,3,3,1,1,32,2,12,1,60,1,1,2
16120,5.0,4.0,1.0,1.0,5.0,1.0,1.0,5.0,5.0,1.0,2.0,5.0,5.0,1.0,5.0,1.0,1.0,5.0,5.0,2.0,5,5,7,2,7,7,6,2,6,1,1,1,1,1,1,0,0,0,0,1,0,0,1,1,1,1,3,2,2,1,47,2,7,1,70,2,1,2
16121,1.0,2.0,5.0,4.0,3.0,3.0,1.0,3.0,5.0,5.0,1.0,3.0,1.0,3.0,1.0,4.0,1.0,4.0,5.0,1.0,1,3,6,5,4,7,5,2,4,2,1,1,1,1,1,0,1,0,0,1,1,0,1,1,1,1,4,2,1,1,53,1,2,3,60,2,1,3
16122,4.0,2.0,1.0,5.0,4.0,1.0,1.0,2.0,4.0,2.0,1.0,2.0,2.0,1.0,3.0,1.0,5.0,4.0,5.0,1.0,5,2,7,5,6,5,7,3,2,1,1,1,1,1,1,0,1,1,0,1,1,1,1,1,1,1,3,2,2,1,44,1,1,1,10,1,2,5
16123,4.0,3.0,2.0,4.0,4.0,2.0,1.0,2.0,5.0,3.0,1.0,4.0,1.0,2.0,4.0,1.0,1.0,5.0,4.0,3.0,5,5,5,3,5,5,5,3,7,3,1,1,1,1,1,0,1,1,0,1,1,0,1,1,1,1,3,2,2,1,45,2,2,1,60,2,1,3
16124,4.0,5.0,4.0,5.0,1.0,5.0,5.0,1.0,5.0,2.0,1.0,3.0,1.0,1.0,4.0,5.0,5.0,2.0,4.0,1.0,3,7,6,5,6,4,6,2,5,2,1,1,0,1,1,0,0,1,0,1,0,0,0,1,1,1,3,2,1,2,25,1,1,1,70,1,1,2
16125,2.0,2.0,4.0,3.0,5.0,4.0,2.0,4.0,4.0,1.0,2.0,4.0,4.0,2.0,3.0,2.0,3.0,3.0,5.0,1.0,5,6,6,6,6,5,6,3,6,2,1,1,1,1,1,0,1,1,0,1,1,0,1,1,1,1,3,2,1,1,56,1,1,3,60,2,1,3
16126,1.0,2.0,5.0,2.0,5.0,5.0,5.0,5.0,5.0,5.0,1.0,1.0,1.0,2.0,1.0,2.0,2.0,4.0,1.0,5.0,1,5,6,2,4,7,5,2,6,5,1,1,1,1,1,0,1,1,0,1,0,0,1,1,1,1,3,1,2,1,49,1,6,1,60,1,1,3
16127,4.0,2.0,2.0,3.0,4.0,3.0,3.0,2.0,4.0,4.0,2.0,5.0,2.0,2.0,3.0,4.0,1.0,4.0,5.0,2.0,7,3,7,1,6,2,5,1,7,3,1,1,1,1,1,0,1,0,0,1,0,0,1,1,1,1,4,2,2,1,43,1,4,1,60,2,2,4
16128,1.0,3.0,5.0,3.0,2.0,4.0,4.0,3.0,5.0,3.0,3.0,3.0,3.0,3.0,3.0,5.0,3.0,3.0,5.0,1.0,3,3,6,4,7,6,6,4,4,3,1,1,1,1,1,0,1,1,0,1,1,0,1,1,1,1,3,2,1,1,55,2,3,2,60,2,3,6
16129,5.0,5.0,2.0,2.0,4.0,4.0,1.0,2.0,3.0,4.0,2.0,4.0,2.0,2.0,3.0,2.0,4.0,5.0,3.0,2.0,3,3,5,2,6,6,6,4,7,5,1,0,0,1,1,0,0,0,0,1,0,0,0,1,1,1,4,3,1,2,20,1,4,1,10,2,1,3
16130,5.0,4.0,4.0,2.0,5.0,1.0,2.0,4.0,1.0,2.0,1.0,2.0,3.0,1.0,1.0,1.0,5.0,4.0,5.0,1.0,3,5,6,5,7,6,5,6,5,1,1,1,1,1,1,0,1,1,0,1,1,0,1,1,1,1,4,1,1,1,57,1,2,3,60,1,2,3
16131,1.0,2.0,4.0,5.0,1.0,5.0,4.0,1.0,5.0,5.0,3.0,1.0,1.0,4.0,3.0,4.0,4.0,5.0,4.0,1.0,3,2,6,2,6,6,6,2,6,2,1,1,1,1,1,0,1,0,0,1,0,0,1,1,1,1,4,1,2,1,63,1,6,1,60,1,2,4
16132,1.0,5.0,1.0,5.0,5.0,1.0,1.0,5.0,3.0,5.0,1.0,5.0,1.0,1.0,3.0,1.0,1.0,1.0,5.0,1.0,3,6,1,7,7,7,7,7,4,7,1,0,1,1,1,0,1,1,0,1,1,0,1,1,1,1,4,0,1,1,48,1,2,3,60,1,1,3
16133,5.0,5.0,1.0,3.0,2.0,1.0,3.0,1.0,5.0,5.0,1.0,5.0,5.0,1.0,5.0,1.0,1.0,5.0,5.0,1.0,2,1,7,4,5,6,4,1,6,4,1,1,1,1,1,0,1,1,0,1,1,0,1,1,1,1,3,1,2,1,47,1,6,1,60,1,2,1
16134,5.0,3.0,1.0,2.0,3.0,1.0,1.0,2.0,1.0,1.0,3.0,2.0,5.0,2.0,3.0,2.0,3.0,5.0,3.0,2.0,4,5,6,1,7,5,4,4,7,6,1,1,0,1,1,0,0,0,0,0,0,1,0,0,1,1,1,2,1,1,15,2,1,0,30,2,1,5
16135,1.0,1.0,4.0,4.0,2.0,5.0,4.0,2.0,5.0,5.0,2.0,4.0,1.0,3.0,4.0,5.0,2.0,4.0,5.0,1.0,6,1,6,2,7,7,6,1,6,5,1,1,0,1,1,0,1,0,0,1,0,0,1,1,1,1,4,2,1,1,37,2,1,3,60,1,2,2
16136,4.0,5.0,4.0,2.0,5.0,2.0,1.0,4.0,5.0,5.0,2.0,5.0,4.0,1.0,4.0,1.0,2.0,5.0,5.0,4.0,2,5,4,7,5,6,6,5,3,2,0,1,0,1,0,0,0,0,0,1,0,0,0,1,1,1,2,1,2,1,15,1,6,2,60,2,1,3
16137,2.0,2.0,2.0,2.0,3.0,5.0,4.0,3.0,4.0,3.0,4.0,4.0,4.0,2.0,3.0,2.0,4.0,4.0,5.0,2.0,2,4,3,5,5,5,6,6,2,1,1,1,0,1,1,0,0,0,0,1,0,0,0,0,1,1,2,3,2,1,18,1,3,1,70,2,1,2
16138,2.0,2.0,2.0,2.0,4.0,2.0,1.0,4.0,5.0,5.0,1.0,3.0,2.0,1.0,3.0,2.0,2.0,2.0,4.0,2.0,5,5,5,7,7,5,5,5,2,3,1,1,1,1,1,0,1,1,0,1,1,1,1,1,1,1,4,2,1,1,48,2,3,1,60,1,2,1
16139,4.0,2.0,4.0,3.0,4.0,1.0,1.0,1.0,5.0,2.0,1.0,4.0,1.0,1.0,4.0,1.0,1.0,5.0,5.0,1.0,5,5,7,5,5,5,6,2,5,2,1,1,1,1,1,0,1,1,0,1,1,0,1,1,1,1,4,2,1,1,63,1,9,3,60,1,2,3
16140,2.0,4.0,2.0,5.0,3.0,2.0,2.0,1.0,4.0,2.0,3.0,3.0,4.0,3.0,2.0,3.0,1.0,4.0,5.0,1.0,1,4,3,1,5,6,5,2,6,2,1,1,1,1,1,0,1,0,0,1,1,0,1,1,1,1,3,2,1,1,50,1,6,3,60,2,1,4
16141,4.0,5.0,1.0,4.0,3.0,1.0,1.0,2.0,3.0,1.0,3.0,5.0,4.0,2.0,4.0,1.0,1.0,5.0,5.0,3.0,6,6,7,5,5,3,5,3,4,6,0,1,0,1,1,1,0,0,0,1,0,0,0,0,1,1,3,3,2,2,28,1,12,1,10,2,1,2
16142,5.0,4.0,2.0,1.0,5.0,1.0,1.0,5.0,3.0,2.0,1.0,4.0,1.0,3.0,5.0,3.0,1.0,5.0,5.0,4.0,4,1,7,4,6,5,6,1,3,1,1,1,0,1,1,0,0,0,0,1,0,0,1,1,1,1,4,3,2,1,37,1,7,1,60,1,2,2
16143,5.0,2.0,1.0,3.0,5.0,1.0,1.0,1.0,4.0,1.0,1.0,2.0,4.0,1.0,5.0,1.0,2.0,2.0,5.0,2.0,5,5,7,2,7,7,6,2,7,1,1,1,1,1,1,0,1,1,0,1,1,0,1,1,1,1,3,3,1,1,36,1,1,1,30,1,1,3
16144,4.0,3.0,4.0,5.0,1.0,4.0,1.0,1.0,4.0,5.0,3.0,2.0,2.0,1.0,4.0,1.0,1.0,3.0,5.0,1.0,6,1,5,2,7,6,7,4,7,1,1,1,1,1,1,0,1,0,0,1,1,0,1,1,1,1,4,1,2,1,55,1,1,1,60,1,1,5
16145,4.0,4.0,2.0,3.0,2.0,4.0,1.0,1.0,5.0,4.0,2.0,2.0,1.0,4.0,3.0,5.0,1.0,3.0,5.0,1.0,6,3,7,1,6,5,7,5,6,2,1,1,1,1,1,0,1,1,0,1,0,0,1,1,1,1,3,2,1,1,65,1,6,1,60,1,2,2
16146,4.0,1.0,4.0,4.0,4.0,4.0,4.0,4.0,4.0,5.0,1.0,5.0,5.0,1.0,5.0,5.0,1.0,5.0,5.0,4.0,2,1,5,5,7,5,7,5,3,1,1,1,1,1,1,0,1,1,0,1,1,0,1,1,1,1,3,2,2,1,32,3,1,2,60,1,2,3
16147,1.0,1.0,5.0,5.0,1.0,2.0,4.0,1.0,5.0,1.0,2.0,1.0,1.0,4.0,1.0,2.0,2.0,1.0,5.0,1.0,6,1,7,3,7,1,7,1,7,4,1,1,1,1,1,0,1,0,0,1,1,1,1,1,1,1,4,2,2,1,61,1,4,1,60,1,2,3
16148,4.0,4.0,3.0,3.0,4.0,3.0,2.0,4.0,3.0,2.0,3.0,3.0,2.0,3.0,4.0,3.0,2.0,4.0,4.0,2.0,3,3,6,3,5,7,6,3,5,4,1,1,1,1,1,1,0,0,1,1,0,0,1,1,1,1,4,2,1,1,27,1,4,3,60,1,1,3
16149,4.0,5.0,4.0,1.0,5.0,4.0,4.0,4.0,5.0,5.0,1.0,5.0,4.0,2.0,4.0,5.0,1.0,4.0,4.0,5.0,2,6,6,5,5,7,5,6,3,3,1,1,0,1,1,1,0,1,0,1,0,0,1,1,1,1,3,3,2,1,19,1,1,1,60,1,1,2
16150,1.0,2.0,3.0,1.0,5.0,4.0,2.0,2.0,2.0,3.0,1.0,4.0,4.0,1.0,1.0,1.0,1.0,4.0,5.0,1.0,2,5,5,7,6,2,7,5,2,1,1,1,1,1,1,0,1,1,0,1,1,0,1,1,1,1,4,3,1,1,72,1,2,3,60,2,1,1
16151,1.0,4.0,5.0,5.0,1.0,5.0,1.0,3.0,5.0,4.0,1.0,4.0,1.0,3.0,3.0,4.0,1.0,5.0,5.0,1.0,1,1,7,6,6,7,3,6,2,1,1,1,1,1,1,0,1,1,0,1,1,0,1,1,1,1,3,2,2,1,58,2,2,1,60,1,2,3
16152,2.0,2.0,4.0,4.0,2.0,4.0,2.0,2.0,5.0,3.0,2.0,4.0,1.0,1.0,1.0,3.0,1.0,2.0,5.0,1.0,5,2,6,1,7,3,4,2,7,1,1,1,1,1,1,0,1,1,0,1,1,0,1,1,1,1,4,1,1,1,40,1,1,3,60,2,1,2
16153,2.0,2.0,1.0,1.0,2.0,2.0,1.0,4.0,4.0,3.0,2.0,4.0,1.0,1.0,2.0,3.0,1.0,4.0,4.0,3.0,3,3,6,2,5,5,5,3,5,2,1,1,1,1,1,0,1,1,0,1,1,0,1,1,1,1,4,2,1,1,60,1,1,1,60,1,2,2
16154,1.0,3.0,3.0,5.0,1.0,4.0,2.0,1.0,5.0,2.0,3.0,2.0,1.0,5.0,1.0,4.0,5.0,1.0,5.0,1.0,1,1,5,6,4,7,3,6,5,4,1,1,1,1,1,0,0,0,0,1,1,0,1,1,1,1,3,3,2,1,40,1,2,1,60,1,1,2
16155,4.0,4.0,2.0,3.0,4.0,1.0,2.0,2.0,3.0,3.0,2.0,4.0,4.0,2.0,4.0,2.0,3.0,3.0,5.0,3.0,5,2,2,5,6,4,4,3,6,5,1,1,1,1,1,0,1,1,0,1,0,0,1,1,1,1,4,2,2,1,32,1,1,1,60,1,3,2
16156,5.0,4.0,1.0,2.0,4.0,1.0,1.0,4.0,2.0,2.0,2.0,5.0,5.0,2.0,4.0,1.0,1.0,4.0,5.0,2.0,2,7,5,5,2,5,2,6,3,7,1,1,0,1,1,0,0,0,0,1,0,0,0,0,1,1,1,1,1,2,15,1,2,1,60,2,1,2
16157,1.0,4.0,5.0,5.0,2.0,5.0,4.0,1.0,5.0,5.0,4.0,2.0,4.0,4.0,3.0,5.0,2.0,4.0,3.0,2.0,7,2,7,1,7,6,6,1,7,2,1,1,1,1,1,0,1,0,0,1,0,0,1,1,1,1,4,3,1,1,67,1,12,1,60,1,2,3
16158,4.0,2.0,4.0,4.0,4.0,3.0,2.0,1.0,5.0,2.0,2.0,4.0,1.0,4.0,4.0,4.0,5.0,2.0,5.0,1.0,6,2,7,4,6,3,5,2,7,3,1,1,1,1,1,0,1,1,0,1,1,1,1,1,1,1,3,2,1,1,54,1,4,3,60,1,1,3
16159,1.0,1.0,5.0,5.0,1.0,2.0,2.0,1.0,5.0,5.0,1.0,1.0,1.0,3.0,3.0,2.0,4.0,2.0,5.0,1.0,1,3,7,7,3,7,6,2,1,2,1,1,1,1,1,0,0,1,0,1,0,0,1,1,1,1,3,2,2,1,34,1,1,5,60,2,1,2
16160,4.0,5.0,2.0,1.0,4.0,1.0,1.0,3.0,2.0,1.0,1.0,4.0,4.0,1.0,4.0,1.0,1.0,4.0,5.0,1.0,4,5,6,5,6,6,7,3,5,3,1,1,1,1,1,0,0,0,0,1,0,0,1,1,1,1,4,1,1,1,27,1,6,3,60,1,3,2
16161,2.0,3.0,4.0,4.0,4.0,4.0,3.0,2.0,5.0,5.0,2.0,5.0,4.0,2.0,5.0,4.0,1.0,5.0,3.0,2.0,1,5,6,1,4,7,6,5,6,4,1,1,0,1,1,0,0,0,0,1,0,0,1,1,1,1,3,1,1,1,55,1,7,1,60,1,2,8
16162,3.0,5.0,1.0,2.0,2.0,1.0,1.0,5.0,3.0,2.0,2.0,4.0,2.0,1.0,5.0,1.0,1.0,5.0,1.0,4.0,5,6,4,1,7,3,3,1,6,3,1,1,1,1,1,0,1,1,0,1,1,0,1,1,1,1,3,2,1,1,34,1,2,3,60,1,1,2
16163,1.0,1.0,4.0,4.0,2.0,3.0,1.0,2.0,5.0,5.0,1.0,4.0,1.0,3.0,3.0,1.0,1.0,5.0,5.0,1.0,2,2,6,7,3,6,7,2,6,2,1,1,1,1,1,0,1,1,0,1,1,0,1,1,1,1,4,2,1,1,44,1,1,3,60,1,2,0
16164,3.0,2.0,2.0,4.0,3.0,1.0,1.0,3.0,3.0,2.0,2.0,3.0,3.0,3.0,3.0,1.0,3.0,3.0,4.0,1.0,1,5,4,2,5,6,3,5,3,1,1,1,0,1,1,0,0,0,0,1,0,0,1,1,1,1,4,2,1,1,27,1,1,3,30,2,1,2
16165,2.0,2.0,4.0,3.0,1.0,3.0,2.0,4.0,4.0,5.0,2.0,4.0,1.0,3.0,4.0,1.0,2.0,4.0,2.0,1.0,1,5,6,7,4,7,4,2,3,3,1,1,1,1,1,0,1,1,0,1,1,0,1,1,1,1,4,3,1,1,61,1,4,3,60,1,1,3
16166,2.0,3.0,5.0,3.0,5.0,3.0,2.0,3.0,5.0,4.0,1.0,4.0,2.0,2.0,3.0,1.0,2.0,4.0,1.0,1.0,1,2,3,2,6,7,6,4,7,3,1,1,1,1,1,0,1,1,0,1,1,0,1,1,1,1,4,2,1,1,45,1,4,3,60,2,1,4
16167,2.0,4.0,2.0,3.0,2.0,2.0,2.0,2.0,3.0,4.0,2.0,4.0,2.0,2.0,4.0,2.0,2.0,4.0,5.0,4.0,7,5,4,3,7,1,5,3,3,1,1,1,1,1,1,0,1,0,0,1,1,0,1,1,1,1,3,2,1,1,61,2,6,3,60,1,2,3
16168,4.0,4.0,4.0,3.0,4.0,4.0,2.0,4.0,4.0,4.0,2.0,5.0,2.0,2.0,2.0,2.0,2.0,4.0,5.0,4.0,2,5,5,7,5,7,4,5,2,6,1,1,1,1,1,0,1,0,0,1,1,0,1,1,1,1,3,2,2,2,40,1,2,1,70,2,1,5
16169,4.0,2.0,5.0,1.0,5.0,1.0,1.0,5.0,3.0,2.0,1.0,5.0,5.0,1.0,4.0,1.0,1.0,5.0,5.0,5.0,6,2,6,7,6,3,3,1,6,6,1,1,1,1,1,0,1,1,0,1,1,0,1,1,1,1,4,2,2,1,54,1,6,1,60,1,3,3
16170,2.0,1.0,2.0,4.0,2.0,2.0,4.0,1.0,5.0,3.0,1.0,4.0,2.0,2.0,2.0,2.0,2.0,5.0,2.0,4.0,4,5,5,5,6,5,6,3,5,2,1,1,1,1,1,0,1,0,0,1,1,1,1,1,1,1,3,2,1,1,50,2,1,3,60,2,1,3
16171,5.0,5.0,1.0,1.0,5.0,1.0,1.0,3.0,3.0,1.0,1.0,5.0,5.0,1.0,5.0,1.0,1.0,5.0,5.0,5.0,3,3,5,1,6,5,5,1,5,1,1,1,0,1,1,0,0,0,0,1,0,0,1,1,1,1,3,1,1,1,40,2,1,3,70,1,1,1
16172,4.0,5.0,5.0,2.0,1.0,2.0,1.0,4.0,5.0,1.0,1.0,4.0,1.0,1.0,5.0,2.0,1.0,5.0,5.0,1.0,5,5,2,7,6,2,6,1,6,5,1,1,1,1,1,0,1,1,0,1,1,0,1,1,1,1,3,3,2,1,61,1,6,1,60,1,0,1
16173,2.0,3.0,5.0,4.0,2.0,4.0,2.0,1.0,5.0,3.0,1.0,4.0,2.0,4.0,4.0,1.0,5.0,2.0,5.0,1.0,2,5,6,5,3,6,5,1,3,7,1,1,1,1,1,0,1,1,0,1,1,0,1,1,1,0,4,2,1,1,57,1,4,3,60,1,1,5
16174,1.0,2.0,5.0,5.0,1.0,4.0,3.0,4.0,5.0,5.0,2.0,1.0,1.0,4.0,1.0,2.0,3.0,4.0,2.0,1.0,5,3,3,2,7,5,6,5,3,3,1,1,1,1,1,0,0,1,1,1,1,1,1,1,1,1,3,3,1,1,45,1,12,2,60,2,1,5
16175,2.0,2.0,2.0,2.0,2.0,3.0,1.0,2.0,4.0,2.0,2.0,5.0,4.0,3.0,3.0,1.0,4.0,4.0,5.0,1.0,2,5,4,5,3,6,6,3,4,5,1,1,0,1,1,0,0,0,0,0,0,0,1,1,1,0,2,3,1,1,60,2,1,3,60,1,1,2
16176,2.0,2.0,4.0,2.0,4.0,1.0,1.0,2.0,4.0,4.0,1.0,2.0,2.0,2.0,4.0,1.0,5.0,4.0,5.0,2.0,6,5,6,5,7,3,5,2,5,1,1,1,1,1,1,1,1,1,0,1,1,0,1,1,1,1,4,3,1,1,54,2,2,3,70,1,1,2
16177,5.0,4.0,3.0,3.0,4.0,4.0,5.0,5.0,4.0,4.0,3.0,5.0,2.0,2.0,1.0,5.0,1.0,4.0,5.0,1.0,2,6,5,6,6,7,7,5,6,1,1,1,0,1,1,0,0,1,0,1,1,0,1,1,1,1,2,3,2,2,18,1,1,2,20,1,1,2
16178,3.0,1.0,3.0,4.0,4.0,5.0,2.0,2.0,5.0,5.0,2.0,3.0,1.0,2.0,4.0,2.0,3.0,4.0,4.0,2.0,3,3,4,3,7,6,6,5,7,3,1,1,1,1,1,0,1,1,0,1,1,0,1,1,1,1,4,2,1,1,68,1,6,3,60,1,1,1
16179,2.0,2.0,2.0,4.0,3.0,3.0,2.0,2.0,5.0,5.0,2.0,4.0,2.0,2.0,4.0,2.0,2.0,2.0,2.0,1.0,2,5,4,5,5,6,6,3,3,1,1,1,0,1,1,0,1,0,0,1,0,0,1,1,1,1,2,3,1,1,52,1,12,3,60,1,1,4
16180,4.0,4.0,1.0,4.0,5.0,2.0,1.0,5.0,2.0,4.0,1.0,4.0,1.0,1.0,4.0,2.0,1.0,5.0,5.0,4.0,6,7,7,6,7,1,4,2,1,1,1,1,1,1,1,0,0,1,0,1,1,1,1,1,1,1,3,2,2,1,45,1,1,1,0,2,2,3
16181,1.0,4.0,2.0,4.0,1.0,2.0,1.0,4.0,5.0,2.0,3.0,3.0,2.0,1.0,5.0,1.0,1.0,4.0,5.0,1.0,3,5,3,5,6,5,7,5,5,1,1,1,1,1,1,0,1,1,0,1,1,0,1,1,1,1,3,3,1,1,34,1,2,3,60,2,1,3
16182,1.0,2.0,5.0,1.0,5.0,3.0,3.0,2.0,5.0,2.0,1.0,5.0,1.0,2.0,4.0,4.0,3.0,4.0,5.0,1.0,1,5,7,5,6,7,6,1,7,1,1,1,0,1,1,0,0,0,0,1,0,0,1,1,1,1,3,2,2,1,24,1,1,1,70,1,1,2
16183,2.0,3.0,5.0,4.0,2.0,4.0,4.0,2.0,5.0,4.0,5.0,2.0,1.0,4.0,4.0,5.0,5.0,2.0,5.0,1.0,5,4,6,3,6,4,7,2,6,2,0,1,0,1,1,0,0,0,0,0,0,1,0,1,1,1,4,2,2,1,26,1,1,1,60,1,1,2
16184,1.0,2.0,2.0,5.0,4.0,2.0,4.0,1.0,5.0,5.0,1.0,4.0,1.0,1.0,5.0,2.0,2.0,4.0,5.0,1.0,1,5,3,5,6,7,7,6,2,1,1,1,1,1,1,0,1,1,0,1,1,0,1,1,1,1,4,2,1,1,56,1,2,3,60,2,3,3
16185,5.0,5.0,1.0,1.0,5.0,1.0,1.0,5.0,3.0,1.0,1.0,5.0,5.0,1.0,5.0,1.0,4.0,5.0,3.0,1.0,6,4,6,5,7,7,7,5,7,5,1,1,0,1,1,1,0,1,0,1,0,0,0,1,1,1,2,3,1,2,22,1,4,1,30,1,1,2
16186,1.0,1.0,2.0,5.0,1.0,1.0,2.0,1.0,5.0,5.0,3.0,1.0,1.0,3.0,1.0,4.0,3.0,1.0,5.0,1.0,7,4,7,2,6,3,7,1,6,2,1,1,1,1,1,1,1,0,0,1,0,0,1,1,1,1,4,1,2,1,43,1,1,1,60,1,2,1
16187,5.0,4.0,2.0,2.0,3.0,3.0,1.0,2.0,3.0,2.0,1.0,5.0,5.0,3.0,4.0,2.0,2.0,2.0,4.0,1.0,6,3,7,1,7,3,2,1,5,1,1,1,0,1,1,0,0,0,0,1,0,0,1,1,1,1,3,3,1,1,21,1,6,1,30,2,1,4
16188,5.0,5.0,5.0,4.0,5.0,1.0,1.0,5.0,5.0,1.0,1.0,5.0,5.0,1.0,5.0,5.0,1.0,4.0,3.0,5.0,1,5,2,5,7,6,5,1,2,1,1,1,0,1,1,1,1,1,0,1,1,0,1,1,0,1,4,1,1,2,31,2,7,1,60,1,2,3
16189,1.0,1.0,1.0,5.0,4.0,3.0,1.0,4.0,5.0,5.0,4.0,4.0,1.0,1.0,1.0,1.0,1.0,5.0,5.0,1.0,6,2,6,1,4,1,7,1,7,5,1,1,0,1,1,0,0,0,0,1,0,0,1,1,1,1,4,3,1,1,62,1,1,1,60,1,1,3
16190,5.0,5.0,1.0,4.0,5.0,1.0,2.0,2.0,4.0,4.0,1.0,4.0,2.0,1.0,4.0,2.0,1.0,4.0,5.0,1.0,6,5,5,6,5,4,5,5,4,3,1,1,1,1,1,0,0,0,0,1,1,1,1,1,1,1,3,0,1,1,62,2,4,1,60,2,3,6
16191,2.0,3.0,4.0,3.0,2.0,5.0,5.0,2.0,5.0,5.0,1.0,2.0,3.0,1.0,3.0,5.0,2.0,2.0,4.0,3.0,3,4,7,5,5,6,6,2,5,3,1,1,0,1,1,0,0,0,0,1,0,0,1,1,1,1,3,1,2,1,39,1,2,1,60,2,2,2
16192,5.0,5.0,1.0,3.0,5.0,1.0,1.0,5.0,2.0,1.0,1.0,5.0,5.0,1.0,5.0,1.0,1.0,5.0,5.0,5.0,7,6,3,3,7,1,2,5,7,1,1,1,1,1,1,0,1,0,0,1,1,0,1,1,1,1,4,2,2,1,55,1,4,1,60,1,2,1
16193,4.0,4.0,5.0,5.0,1.0,5.0,5.0,4.0,5.0,4.0,1.0,2.0,1.0,1.0,3.0,3.0,3.0,1.0,1.0,1.0,4,5,7,4,6,7,2,3,6,7,1,1,0,1,1,0,0,0,0,1,0,0,0,1,1,1,3,3,1,2,24,3,10,1,20,2,1,3
16194,3.0,4.0,4.0,3.0,4.0,2.0,3.0,1.0,5.0,2.0,1.0,5.0,2.0,2.0,4.0,2.0,3.0,3.0,1.0,4.0,7,3,4,5,6,2,6,4,3,1,1,1,0,1,1,0,0,0,0,1,0,0,0,1,1,1,4,3,2,2,26,1,8,1,10,1,1,2
16195,4.0,4.0,5.0,5.0,1.0,5.0,4.0,4.0,5.0,3.0,4.0,2.0,2.0,4.0,2.0,5.0,3.0,2.0,4.0,1.0,6,5,7,2,6,5,6,1,7,4,1,1,0,1,1,0,0,0,0,1,0,0,1,1,1,1,4,2,1,1,42,1,4,1,60,1,2,2
16196,1.0,1.0,5.0,4.0,2.0,5.0,5.0,1.0,5.0,5.0,1.0,1.0,1.0,3.0,1.0,5.0,1.0,3.0,5.0,1.0,5,6,7,1,5,1,6,2,7,2,1,0,0,1,1,0,0,0,0,1,0,0,0,0,1,1,2,3,1,1,20,1,6,1,30,2,1,3
16197,5.0,4.0,1.0,1.0,5.0,1.0,1.0,5.0,1.0,1.0,1.0,5.0,1.0,1.0,4.0,1.0,1.0,5.0,5.0,2.0,6,4,7,5,7,7,1,1,6,2,1,1,1,1,1,1,1,1,1,1,1,1,1,1,1,1,4,3,1,1,23,3,2,1,50,1,1,1
16198,5.0,5.0,1.0,1.0,5.0,1.0,1.0,5.0,1.0,1.0,1.0,5.0,5.0,1.0,5.0,5.0,1.0,5.0,5.0,4.0,4,6,7,1,7,5,2,4,7,4,1,1,0,1,1,0,0,0,0,0,0,1,0,1,0,1,3,3,2,2,20,2,7,1,60,2,1,0
16199,1.0,3.0,2.0,4.0,4.0,3.0,2.0,2.0,5.0,4.0,2.0,4.0,1.0,4.0,4.0,3.0,2.0,3.0,5.0,2.0,2,2,5,6,6,7,5,2,5,5,1,1,1,1,1,1,1,0,0,1,0,0,1,1,1,1,3,1,1,1,26,1,2,3,60,1,1,2
16200,4.0,4.0,5.0,5.0,2.0,5.0,5.0,3.0,5.0,5.0,4.0,1.0,2.0,2.0,5.0,5.0,4.0,4.0,5.0,1.0,6,7,7,2,6,7,2,1,7,4,1,1,0,1,1,0,0,0,0,1,0,0,1,0,1,1,3,2,1,1,21,1,7,1,60,1,1,0
16201,2.0,4.0,5.0,3.0,3.0,5.0,5.0,2.0,5.0,4.0,2.0,4.0,5.0,5.0,3.0,5.0,5.0,4.0,3.0,1.0,5,6,7,5,6,7,7,1,6,4,1,1,0,1,0,0,0,0,0,1,0,0,0,0,1,1,2,2,2,1,22,1,4,1,70,2,1,3
16202,5.0,5.0,1.0,1.0,4.0,1.0,1.0,2.0,2.0,2.0,1.0,4.0,5.0,1.0,5.0,1.0,2.0,4.0,4.0,4.0,2,5,6,1,7,6,5,2,5,1,1,1,0,1,1,1,0,0,0,1,0,0,1,1,1,1,3,1,1,1,27,1,2,1,60,2,1,2
16203,5.0,5.0,1.0,1.0,5.0,1.0,1.0,5.0,1.0,1.0,1.0,5.0,2.0,1.0,5.0,1.0,1.0,5.0,5.0,4.0,5,6,7,5,7,7,1,1,6,1,1,1,1,1,1,1,1,1,1,1,1,1,1,1,1,1,4,3,1,1,23,3,2,1,50,1,1,1
16204,5.0,4.0,4.0,4.0,4.0,2.0,1.0,2.0,4.0,5.0,1.0,5.0,1.0,3.0,1.0,2.0,2.0,4.0,1.0,1.0,1,1,6,6,7,2,7,5,1,1,1,1,1,1,1,0,1,1,0,1,1,0,1,1,1,1,4,1,2,1,50,2,1,3,60,1,1,1
16205,2.0,4.0,1.0,1.0,4.0,1.0,1.0,2.0,2.0,1.0,2.0,2.0,2.0,2.0,3.0,4.0,3.0,4.0,5.0,3.0,2,6,6,7,3,7,5,1,2,1,1,1,1,1,1,0,0,1,0,1,0,0,0,1,1,1,3,3,2,2,26,1,2,2,60,2,1,1
16206,1.0,4.0,2.0,2.0,1.0,2.0,1.0,2.0,5.0,5.0,2.0,2.0,1.0,1.0,3.0,2.0,5.0,2.0,5.0,3.0,4,4,5,6,4,5,5,3,2,1,0,1,1,1,1,0,0,0,0,0,0,0,0,0,1,1,3,3,2,2,27,1,4,1,60,2,1,1
16207,4.0,5.0,2.0,4.0,5.0,2.0,2.0,2.0,3.0,4.0,2.0,5.0,2.0,2.0,3.0,1.0,1.0,5.0,5.0,5.0,6,6,7,6,6,6,3,2,6,4,0,1,0,1,1,0,0,1,0,1,0,0,0,1,1,1,3,2,1,2,21,2,4,1,60,2,1,1
16208,4.0,4.0,1.0,2.0,4.0,5.0,1.0,4.0,5.0,4.0,1.0,5.0,3.0,1.0,4.0,1.0,3.0,4.0,5.0,5.0,5,1,5,2,7,7,3,5,7,1,1,1,1,1,1,0,1,1,0,1,0,0,1,1,1,1,3,3,2,2,25,1,1,1,60,1,1,3
16209,1.0,4.0,4.0,1.0,5.0,2.0,2.0,4.0,5.0,5.0,1.0,5.0,4.0,1.0,4.0,1.0,1.0,4.0,5.0,1.0,2,6,6,7,4,5,6,5,2,3,1,1,0,0,0,0,0,0,0,0,0,0,0,0,1,1,2,3,2,2,22,1,4,1,60,2,1,2
16210,5.0,4.0,4.0,2.0,4.0,2.0,2.0,2.0,5.0,1.0,1.0,4.0,1.0,3.0,2.0,4.0,4.0,5.0,2.0,1.0,2,5,6,6,7,6,5,1,5,5,1,1,1,1,1,0,0,0,0,1,0,0,0,1,0,1,3,1,2,2,22,1,4,1,60,1,1,3
16211,3.0,5.0,2.0,2.0,4.0,2.0,1.0,3.0,3.0,4.0,3.0,3.0,1.0,3.0,4.0,5.0,1.0,5.0,5.0,4.0,6,7,2,6,6,7,4,5,6,4,0,0,0,0,0,0,0,0,0,0,0,0,0,1,1,0,4,3,1,2,39,1,4,1,60,2,1,1
16212,5.0,4.0,3.0,3.0,4.0,4.0,3.0,4.0,5.0,5.0,1.0,2.0,1.0,2.0,3.0,4.0,3.0,4.0,4.0,3.0,7,6,7,3,6,5,6,2,6,2,1,1,1,1,1,0,1,0,0,1,1,0,0,1,1,1,3,3,1,2,25,1,4,1,60,1,1,4
16213,4.0,4.0,5.0,2.0,4.0,1.0,1.0,2.0,4.0,2.0,2.0,2.0,1.0,1.0,4.0,2.0,2.0,5.0,4.0,3.0,1,7,6,6,5,6,2,5,3,3,0,0,0,0,0,1,0,0,1,0,0,1,0,0,0,0,4,3,1,2,31,1,2,1,60,1,1,2
16214,4.0,5.0,3.0,1.0,3.0,1.0,1.0,2.0,2.0,1.0,1.0,5.0,1.0,2.0,5.0,1.0,2.0,3.0,5.0,1.0,3,2,5,6,6,4,2,6,5,3,1,1,0,1,1,0,0,0,0,1,0,0,1,1,1,1,2,2,1,1,16,1,1,1,30,2,1,2
16215,4.0,5.0,2.0,3.0,4.0,2.0,1.0,4.0,4.0,4.0,1.0,5.0,4.0,1.0,5.0,5.0,1.0,5.0,5.0,3.0,5,5,6,5,6,5,5,1,6,2,1,1,0,1,1,0,0,1,0,1,0,0,1,1,1,1,3,3,1,1,32,1,2,1,60,2,1,2
16216,1.0,4.0,3.0,5.0,2.0,4.0,2.0,2.0,5.0,5.0,1.0,4.0,1.0,2.0,4.0,4.0,3.0,3.0,5.0,4.0,7,5,7,2,7,1,6,2,5,5,1,1,0,1,1,0,0,0,0,1,0,0,0,1,1,1,4,2,2,2,48,1,2,1,60,1,2,2
16217,2.0,1.0,4.0,2.0,1.0,5.0,5.0,1.0,5.0,5.0,3.0,4.0,1.0,3.0,1.0,2.0,3.0,5.0,2.0,1.0,6,7,6,3,6,2,7,3,6,3,1,1,1,1,0,0,0,1,0,1,0,0,0,1,0,1,3,1,1,2,23,1,4,1,60,1,1,3
16218,4.0,5.0,5.0,4.0,4.0,2.0,2.0,4.0,5.0,2.0,2.0,4.0,2.0,4.0,4.0,4.0,2.0,5.0,5.0,1.0,3,2,3,6,3,7,7,2,2,1,1,1,1,1,1,0,0,1,0,0,1,0,1,1,1,1,2,2,2,2,27,1,4,1,60,1,1,1
16219,5.0,5.0,2.0,3.0,2.0,1.0,1.0,4.0,4.0,4.0,1.0,5.0,2.0,3.0,3.0,1.0,1.0,2.0,2.0,1.0,6,3,1,7,5,5,5,7,1,4,1,1,0,1,1,0,1,1,0,1,1,0,1,1,1,1,4,3,2,2,37,1,2,1,60,2,2,3
16220,2.0,4.0,2.0,2.0,4.0,1.0,2.0,1.0,3.0,2.0,1.0,4.0,1.0,3.0,3.0,5.0,5.0,3.0,5.0,1.0,1,4,7,7,6,7,4,3,2,1,1,1,1,1,1,0,0,1,0,1,0,0,0,1,1,1,2,1,2,2,20,1,1,1,60,1,1,2
16221,4.0,2.0,1.0,2.0,4.0,4.0,1.0,4.0,3.0,1.0,1.0,5.0,3.0,1.0,3.0,2.0,4.0,5.0,5.0,4.0,6,1,7,1,6,3,5,1,6,1,1,1,1,1,1,0,0,1,0,1,0,1,0,1,1,1,4,3,1,2,67,0,4,1,60,1,1,2
16222,5.0,5.0,3.0,2.0,5.0,1.0,1.0,1.0,3.0,5.0,1.0,5.0,1.0,2.0,5.0,3.0,1.0,5.0,5.0,4.0,6,7,4,4,4,2,6,6,3,6,1,1,0,1,1,0,0,0,0,0,1,0,0,1,0,1,3,1,1,2,28,1,4,3,60,1,1,4
16223,5.0,4.0,4.0,4.0,5.0,2.0,2.0,4.0,4.0,4.0,2.0,5.0,5.0,4.0,4.0,2.0,2.0,4.0,4.0,2.0,5,6,0,5,6,5,6,5,6,2,1,1,0,1,1,0,0,0,0,1,0,0,1,0,1,1,3,2,2,1,23,1,4,2,70,1,1,3
16224,5.0,5.0,2.0,1.0,5.0,2.0,5.0,5.0,4.0,5.0,1.0,5.0,5.0,3.0,5.0,3.0,1.0,2.0,5.0,1.0,7,5,7,1,6,4,5,1,7,3,1,1,0,1,1,0,0,0,0,1,1,0,1,1,1,1,2,3,1,2,21,1,4,1,30,2,1,2
16225,3.0,4.0,3.0,3.0,2.0,4.0,3.0,1.0,5.0,5.0,2.0,2.0,1.0,3.0,1.0,2.0,2.0,1.0,5.0,1.0,7,1,5,2,7,2,7,5,6,1,1,1,1,1,1,0,0,1,1,1,0,1,1,1,1,1,4,3,2,1,44,1,7,1,60,1,3,4
16226,3.0,2.0,5.0,4.0,2.0,3.0,2.0,1.0,5.0,4.0,3.0,4.0,2.0,2.0,3.0,4.0,3.0,3.0,5.0,5.0,6,2,7,6,7,5,7,1,6,2,1,1,1,1,1,0,1,1,0,1,1,0,1,1,1,1,4,1,2,1,38,1,1,1,60,1,2,4
16227,1.0,1.0,5.0,5.0,2.0,2.0,2.0,1.0,5.0,5.0,1.0,1.0,1.0,1.0,4.0,1.0,5.0,3.0,5.0,2.0,5,2,5,2,5,5,6,3,6,2,1,0,0,1,1,0,0,0,0,1,0,0,0,1,1,1,3,2,2,1,19,1,4,1,60,2,1,3
16228,2.0,4.0,1.0,4.0,4.0,1.0,1.0,2.0,4.0,2.0,2.0,5.0,4.0,2.0,5.0,1.0,1.0,5.0,5.0,4.0,1,7,1,6,7,7,3,5,5,3,1,1,0,1,1,0,0,0,0,1,0,0,1,1,1,1,3,1,1,1,23,2,2,1,60,1,1,1
16229,2.0,4.0,5.0,5.0,3.0,4.0,4.0,4.0,5.0,2.0,2.0,5.0,2.0,1.0,2.0,5.0,2.0,2.0,3.0,4.0,5,6,7,4,7,6,7,1,6,2,1,1,0,1,1,0,0,0,0,1,0,0,0,0,1,1,2,1,2,1,27,1,7,1,60,2,1,2
16230,4.0,4.0,1.0,2.0,5.0,3.0,2.0,5.0,3.0,2.0,1.0,5.0,5.0,1.0,4.0,4.0,1.0,3.0,1.0,4.0,7,2,7,1,7,2,6,1,4,2,1,1,1,1,1,1,1,1,0,1,1,0,1,1,1,1,3,3,1,1,52,1,4,3,60,1,3,1
16231,4.0,5.0,4.0,2.0,4.0,1.0,2.0,5.0,4.0,2.0,1.0,4.0,5.0,2.0,3.0,5.0,2.0,4.0,5.0,1.0,5,6,3,6,3,1,5,5,2,5,1,1,0,1,1,0,0,0,0,1,0,0,1,1,1,1,2,2,1,1,18,1,5,1,60,2,1,6
16232,5.0,5.0,2.0,4.0,4.0,2.0,1.0,4.0,1.0,2.0,1.0,3.0,5.0,1.0,5.0,2.0,1.0,5.0,5.0,4.0,3,6,7,2,6,3,5,1,6,6,1,1,1,1,1,0,1,0,0,1,0,0,1,1,1,1,3,1,1,2,24,2,4,1,60,1,1,3
16233,4.0,4.0,2.0,3.0,3.0,2.0,3.0,3.0,2.0,2.0,2.0,3.0,4.0,2.0,4.0,3.0,3.0,2.0,4.0,4.0,6,4,6,4,6,4,5,3,5,2,1,1,0,1,1,0,1,0,0,1,1,0,1,1,1,1,3,3,1,1,47,2,3,1,10,2,2,4
16234,5.0,1.0,1.0,2.0,5.0,4.0,1.0,4.0,3.0,5.0,1.0,5.0,1.0,1.0,5.0,1.0,1.0,1.0,5.0,1.0,6,4,6,2,7,1,7,1,6,1,1,1,1,1,1,0,0,0,0,1,0,0,1,1,1,1,2,3,1,1,22,1,2,1,70,2,1,2
16235,1.0,3.0,4.0,4.0,3.0,5.0,5.0,2.0,4.0,4.0,4.0,3.0,4.0,4.0,4.0,4.0,4.0,3.0,4.0,2.0,3,2,6,2,6,6,6,2,6,4,1,1,1,1,1,0,0,0,0,1,1,0,1,1,1,1,3,2,1,1,37,1,1,1,60,1,2,2
16236,1.0,5.0,5.0,4.0,4.0,4.0,2.0,1.0,5.0,5.0,1.0,4.0,1.0,1.0,4.0,1.0,1.0,1.0,1.0,1.0,5,2,6,2,6,5,5,2,6,2,1,1,0,1,1,0,0,1,0,1,0,0,1,1,1,1,3,2,2,1,39,1,7,1,60,1,2,3
16237,4.0,3.0,1.0,1.0,4.0,1.0,1.0,2.0,1.0,1.0,1.0,5.0,5.0,1.0,3.0,1.0,1.0,5.0,5.0,2.0,1,3,5,6,7,7,5,5,3,2,1,1,1,1,1,0,1,1,0,1,1,0,1,1,1,1,3,2,2,1,53,2,1,2,60,2,1,2
16238,4.0,4.0,4.0,3.0,4.0,4.0,2.0,3.0,4.0,3.0,2.0,5.0,4.0,1.0,4.0,3.0,1.0,4.0,5.0,3.0,6,2,4,1,7,1,6,1,6,1,1,1,1,1,1,0,1,0,0,1,1,1,1,1,1,1,4,2,2,1,41,2,1,1,60,1,1,2
16239,5.0,5.0,4.0,2.0,4.0,4.0,3.0,5.0,4.0,5.0,2.0,5.0,5.0,2.0,4.0,4.0,4.0,5.0,5.0,4.0,2,6,3,5,3,7,3,5,3,3,1,1,0,1,1,0,0,1,0,1,0,0,1,1,1,1,2,2,1,2,18,3,1,2,60,2,1,2
16240,1.0,1.0,2.0,4.0,4.0,1.0,2.0,1.0,5.0,5.0,1.0,2.0,1.0,2.0,2.0,1.0,2.0,2.0,5.0,2.0,6,5,6,2,6,1,7,5,6,1,1,1,1,1,1,0,1,0,0,1,1,0,1,1,1,1,3,2,2,1,55,1,6,2,60,1,1,2
16241,4.0,4.0,5.0,3.0,1.0,4.0,4.0,1.0,5.0,5.0,2.0,4.0,2.0,2.0,3.0,4.0,2.0,1.0,4.0,2.0,2,4,7,1,6,6,7,2,7,5,1,1,1,1,1,0,1,1,0,1,1,0,1,1,1,1,4,2,1,1,60,1,9,3,60,1,1,4
16242,4.0,4.0,3.0,4.0,4.0,2.0,1.0,3.0,3.0,4.0,1.0,3.0,5.0,1.0,4.0,4.0,1.0,5.0,5.0,1.0,6,2,6,6,5,2,6,2,4,2,1,1,1,1,1,0,0,0,0,1,1,0,1,1,1,1,3,2,1,1,43,1,1,3,60,1,2,2
16243,2.0,1.0,5.0,4.0,4.0,4.0,3.0,2.0,5.0,5.0,5.0,4.0,1.0,5.0,5.0,3.0,1.0,1.0,3.0,1.0,6,2,7,4,7,1,7,5,6,1,1,1,1,1,1,0,0,0,0,1,1,0,1,1,1,1,3,2,2,1,54,1,6,1,60,1,2,3
16244,1.0,1.0,2.0,1.0,4.0,1.0,1.0,3.0,3.0,4.0,1.0,4.0,2.0,4.0,4.0,1.0,1.0,3.0,5.0,1.0,1,6,5,5,4,5,4,3,3,6,1,1,0,1,1,0,0,1,0,1,1,0,1,1,1,1,3,3,2,1,49,1,9,4,60,1,1,3
16245,1.0,2.0,2.0,2.0,4.0,3.0,4.0,2.0,5.0,4.0,1.0,4.0,2.0,1.0,2.0,4.0,3.0,2.0,2.0,2.0,1,3,6,6,2,4,7,2,3,6,1,1,0,1,1,0,0,0,0,1,0,0,0,0,1,1,3,2,2,1,31,1,4,1,60,1,2,3
16246,4.0,1.0,3.0,1.0,5.0,3.0,5.0,4.0,4.0,4.0,4.0,5.0,1.0,1.0,4.0,2.0,1.0,5.0,5.0,1.0,1,5,6,6,4,6,2,1,6,7,1,1,0,1,1,0,0,1,0,1,0,0,1,1,1,1,4,1,1,1,38,1,6,1,60,1,2,3
16247,1.0,4.0,5.0,2.0,2.0,2.0,1.0,2.0,5.0,5.0,2.0,4.0,1.0,4.0,2.0,3.0,5.0,1.0,3.0,1.0,3,2,6,3,3,7,6,4,6,2,1,1,1,0,1,0,1,1,0,1,1,0,1,1,1,1,3,2,2,1,49,1,2,1,60,2,1,1
16248,4.0,4.0,2.0,2.0,5.0,1.0,1.0,2.0,1.0,4.0,2.0,5.0,3.0,2.0,2.0,1.0,4.0,4.0,4.0,5.0,5,6,6,2,4,5,1,5,6,2,1,1,0,1,1,0,0,0,0,1,0,0,1,1,1,1,3,1,1,2,37,1,1,1,10,2,3,6
16249,2.0,5.0,5.0,4.0,4.0,5.0,1.0,2.0,5.0,2.0,3.0,4.0,2.0,4.0,5.0,2.0,2.0,4.0,5.0,2.0,2,1,7,5,3,7,6,1,6,3,1,1,1,1,1,0,0,0,0,1,0,0,1,1,1,1,2,3,2,1,19,2,12,1,60,1,1,2
16250,3.0,3.0,1.0,3.0,2.0,1.0,2.0,1.0,3.0,2.0,1.0,1.0,4.0,2.0,3.0,2.0,2.0,2.0,5.0,1.0,6,3,7,2,7,1,5,5,7,1,1,1,1,1,1,0,1,0,0,1,1,0,1,1,1,1,3,2,2,1,35,1,1,1,60,2,2,1
16251,4.0,4.0,5.0,4.0,5.0,3.0,3.0,2.0,4.0,2.0,1.0,4.0,4.0,2.0,5.0,5.0,2.0,4.0,5.0,4.0,5,2,4,6,5,5,5,5,4,2,1,1,1,1,1,0,1,1,0,1,1,0,1,1,1,1,0,1,1,2,51,2,2,3,70,1,0,4
16252,5.0,5.0,1.0,1.0,5.0,1.0,1.0,5.0,1.0,1.0,1.0,5.0,5.0,1.0,5.0,1.0,1.0,5.0,5.0,5.0,7,5,5,3,7,1,1,1,7,1,1,1,0,1,1,0,0,0,0,1,0,0,1,1,1,1,2,1,1,1,52,1,1,1,60,2,3,3
16253,1.0,1.0,5.0,1.0,5.0,5.0,5.0,5.0,5.0,5.0,1.0,5.0,5.0,1.0,1.0,1.0,1.0,5.0,5.0,5.0,1,7,1,7,7,7,7,7,1,1,1,1,1,1,1,0,0,0,0,1,1,0,1,1,1,1,3,3,1,1,25,1,2,3,70,1,1,3
16254,1.0,1.0,5.0,5.0,4.0,2.0,2.0,1.0,5.0,5.0,2.0,3.0,1.0,2.0,1.0,5.0,4.0,1.0,3.0,1.0,5,2,7,7,6,3,7,1,3,1,1,1,1,1,1,0,1,0,0,1,1,0,1,1,1,1,3,2,1,1,53,1,1,3,60,1,1,3
16255,2.0,2.0,2.0,2.0,2.0,4.0,2.0,2.0,5.0,4.0,1.0,2.0,4.0,2.0,2.0,2.0,2.0,4.0,5.0,1.0,2,6,5,2,6,6,6,2,7,2,1,1,1,1,1,0,1,1,0,1,1,0,1,1,1,1,3,2,1,1,54,1,2,3,60,1,1,4
16256,1.0,2.0,2.0,5.0,2.0,1.0,2.0,2.0,3.0,4.0,3.0,2.0,1.0,4.0,4.0,2.0,3.0,4.0,5.0,2.0,6,5,2,6,5,2,6,6,3,4,1,1,0,1,1,0,1,0,0,1,0,0,1,1,1,1,3,2,2,1,27,1,1,5,60,2,1,1
16257,3.0,3.0,3.0,3.0,4.0,2.0,2.0,2.0,4.0,3.0,3.0,4.0,3.0,3.0,4.0,3.0,4.0,3.0,4.0,2.0,1,1,5,5,5,7,5,4,4,4,1,1,1,1,1,0,1,1,0,1,1,0,1,1,1,1,4,2,1,1,32,2,1,3,10,2,1,2
16258,1.0,5.0,4.0,1.0,4.0,4.0,4.0,2.0,5.0,4.0,1.0,5.0,1.0,1.0,4.0,4.0,1.0,2.0,4.0,1.0,1,6,6,1,2,6,2,1,7,5,1,1,1,1,1,0,1,1,0,1,1,0,1,1,1,1,3,3,1,1,32,1,2,3,60,2,1,4
16259,4.0,4.0,3.0,4.0,5.0,1.0,1.0,4.0,2.0,1.0,2.0,4.0,4.0,2.0,5.0,3.0,1.0,5.0,4.0,2.0,6,6,5,5,3,2,3,3,2,4,1,1,0,1,1,1,0,0,0,1,0,0,1,1,1,1,2,3,1,1,19,1,6,1,60,1,1,3
16260,1.0,1.0,1.0,1.0,5.0,5.0,5.0,2.0,5.0,5.0,1.0,5.0,1.0,1.0,1.0,5.0,1.0,1.0,5.0,2.0,5,5,7,3,7,7,7,2,6,1,1,1,0,1,1,1,0,1,0,1,0,0,1,1,1,1,4,2,1,1,38,1,2,3,60,1,1,0
16261,5.0,5.0,2.0,1.0,3.0,1.0,1.0,5.0,1.0,1.0,1.0,5.0,5.0,1.0,5.0,1.0,1.0,5.0,5.0,3.0,3,5,5,1,7,5,2,1,6,2,1,1,1,1,1,0,0,0,0,1,0,0,1,1,1,1,3,2,1,1,24,1,2,1,60,2,1,3
16262,5.0,3.0,1.0,1.0,5.0,1.0,1.0,5.0,2.0,5.0,1.0,5.0,1.0,1.0,1.0,1.0,1.0,3.0,5.0,5.0,6,7,7,1,7,1,4,1,7,1,1,1,0,1,1,0,0,1,0,1,0,0,1,1,1,1,2,2,1,1,54,1,2,1,60,1,2,4
16263,5.0,5.0,2.0,5.0,3.0,4.0,2.0,5.0,4.0,1.0,1.0,2.0,5.0,2.0,5.0,5.0,1.0,5.0,5.0,1.0,7,5,7,2,7,1,5,1,7,1,1,1,0,1,1,0,0,0,0,1,0,0,1,1,1,1,2,2,2,1,19,1,4,3,60,1,1,3
16264,2.0,2.0,2.0,4.0,4.0,4.0,2.0,4.0,5.0,5.0,1.0,5.0,2.0,4.0,4.0,1.0,1.0,4.0,5.0,1.0,1,3,6,5,5,7,3,2,3,6,1,1,1,1,1,0,1,0,0,1,1,0,1,1,1,1,3,1,1,1,47,1,1,3,60,1,1,4
16265,5.0,5.0,5.0,4.0,3.0,4.0,3.0,4.0,5.0,4.0,1.0,5.0,4.0,1.0,5.0,2.0,3.0,5.0,5.0,3.0,5,2,3,2,6,4,6,5,7,3,1,1,1,1,1,0,0,0,0,1,0,0,1,1,0,1,3,2,1,1,25,1,6,1,60,1,2,3
16266,2.0,5.0,2.0,2.0,4.0,5.0,5.0,4.0,4.0,2.0,1.0,5.0,4.0,1.0,4.0,2.0,2.0,4.0,5.0,3.0,5,7,6,5,3,5,5,2,5,5,1,1,1,1,1,0,1,1,0,1,1,0,1,1,1,1,3,2,2,1,24,1,4,1,70,1,1,3
16267,2.0,2.0,2.0,2.0,2.0,1.0,2.0,2.0,2.0,2.0,2.0,4.0,3.0,2.0,3.0,2.0,3.0,3.0,4.0,2.0,2,6,3,5,4,6,2,5,3,5,1,1,0,1,1,1,0,0,0,1,0,0,1,1,1,1,2,3,1,1,19,1,2,1,60,2,1,3
16268,5.0,2.0,1.0,1.0,5.0,1.0,1.0,3.0,2.0,2.0,1.0,5.0,4.0,1.0,5.0,1.0,2.0,4.0,5.0,2.0,5,3,6,1,7,1,3,5,6,3,1,1,1,1,1,0,1,1,0,1,0,1,1,1,1,1,3,2,1,1,22,1,7,1,60,1,1,5
16269,4.0,5.0,1.0,1.0,5.0,1.0,1.0,4.0,1.0,3.0,1.0,5.0,5.0,3.0,5.0,2.0,1.0,5.0,5.0,3.0,6,4,6,1,7,2,5,2,7,4,1,1,1,1,1,0,0,1,0,1,1,0,1,1,1,1,2,2,1,1,19,1,9,2,70,2,1,3
16270,4.0,2.0,2.0,2.0,4.0,2.0,2.0,2.0,4.0,2.0,2.0,5.0,4.0,1.0,4.0,1.0,1.0,5.0,5.0,4.0,2,5,2,6,6,5,5,5,5,2,1,1,1,1,1,1,0,0,1,1,0,0,1,1,1,1,2,2,2,1,24,2,4,2,60,1,1,3
16271,1.0,1.0,4.0,2.0,1.0,4.0,3.0,1.0,4.0,3.0,2.0,1.0,2.0,3.0,1.0,1.0,3.0,2.0,2.0,1.0,1,3,5,5,6,6,5,2,3,1,1,1,1,1,1,0,0,0,0,1,1,0,1,1,1,1,0,2,2,1,47,1,6,2,60,1,1,2
16272,2.0,4.0,5.0,5.0,4.0,5.0,5.0,2.0,5.0,5.0,4.0,2.0,2.0,5.0,2.0,5.0,2.0,2.0,4.0,1.0,1,1,7,3,6,6,7,1,7,2,1,1,0,1,1,0,0,0,0,1,0,1,1,1,1,1,4,2,2,1,45,1,12,2,60,1,3,5
16273,3.0,5.0,1.0,3.0,4.0,1.0,1.0,2.0,5.0,3.0,2.0,3.0,1.0,3.0,4.0,1.0,3.0,5.0,5.0,1.0,3,1,4,4,5,5,7,6,5,1,1,1,1,1,1,0,0,1,0,1,0,0,1,1,1,1,3,3,2,1,43,1,4,1,60,1,2,3
16274,3.0,4.0,2.0,4.0,1.0,2.0,2.0,4.0,5.0,2.0,3.0,2.0,2.0,4.0,4.0,4.0,2.0,2.0,5.0,1.0,7,4,7,3,7,3,5,2,6,3,1,1,1,1,1,0,1,0,0,1,1,0,1,1,1,1,4,2,2,1,26,1,1,1,60,1,1,1
16275,1.0,2.0,2.0,5.0,1.0,4.0,2.0,4.0,4.0,4.0,4.0,2.0,2.0,4.0,3.0,4.0,2.0,4.0,4.0,2.0,2,5,3,6,6,7,7,5,5,5,1,1,0,1,1,0,0,0,0,1,0,0,1,1,1,1,3,1,2,1,33,2,12,1,60,2,3,2
16276,4.0,1.0,4.0,2.0,2.0,2.0,2.0,1.0,4.0,5.0,1.0,4.0,2.0,1.0,1.0,2.0,1.0,1.0,4.0,3.0,6,7,7,6,6,7,7,1,3,2,1,1,1,1,1,0,0,0,0,1,0,1,1,1,1,1,3,2,1,1,30,1,12,1,60,1,1,0
16277,5.0,5.0,2.0,2.0,4.0,2.0,2.0,1.0,4.0,4.0,2.0,4.0,4.0,2.0,4.0,2.0,4.0,4.0,4.0,1.0,5,2,5,6,6,7,6,3,6,5,1,1,0,1,1,0,1,0,0,1,0,0,0,0,1,1,3,3,1,2,29,2,6,1,10,2,1,2
16278,1.0,1.0,5.0,1.0,1.0,5.0,5.0,2.0,5.0,5.0,4.0,1.0,1.0,5.0,3.0,5.0,1.0,3.0,3.0,1.0,4,1,6,1,7,3,4,1,6,2,0,0,0,0,1,0,0,0,0,1,0,0,0,1,0,0,3,3,2,2,54,1,6,1,70,1,3,3
16279,3.0,2.0,4.0,4.0,2.0,2.0,4.0,4.0,4.0,5.0,2.0,4.0,2.0,2.0,4.0,4.0,2.0,5.0,5.0,2.0,2,2,6,3,3,5,6,2,6,4,1,1,1,1,1,0,0,1,0,1,1,0,1,1,1,1,3,2,1,1,39,1,6,3,60,2,2,3
16280,4.0,4.0,2.0,2.0,4.0,4.0,2.0,4.0,3.0,4.0,2.0,4.0,4.0,3.0,3.0,2.0,1.0,4.0,5.0,1.0,2,1,7,1,5,6,6,1,6,3,1,1,1,1,1,0,1,0,0,1,1,0,1,1,1,1,3,3,2,1,56,1,7,1,60,1,2,2
16281,4.0,4.0,3.0,4.0,1.0,5.0,4.0,1.0,5.0,5.0,3.0,2.0,4.0,3.0,2.0,3.0,5.0,1.0,5.0,3.0,6,6,3,5,6,5,6,5,3,1,1,1,1,1,1,1,1,1,0,1,0,0,1,1,1,1,4,3,1,1,27,1,12,3,30,2,1,2
16282,2.0,1.0,2.0,4.0,5.0,2.0,2.0,3.0,5.0,5.0,1.0,3.0,1.0,1.0,3.0,4.0,1.0,2.0,4.0,2.0,7,7,5,4,7,1,6,1,4,2,1,1,0,1,1,0,0,1,0,1,1,0,1,1,1,1,4,2,1,2,35,1,1,1,60,2,1,2
16283,4.0,4.0,2.0,3.0,3.0,1.0,1.0,2.0,4.0,3.0,1.0,5.0,4.0,1.0,3.0,2.0,1.0,4.0,5.0,1.0,1,6,2,1,6,7,3,5,6,2,1,1,1,1,1,0,1,0,0,1,1,0,1,1,1,1,3,2,1,1,55,1,2,3,70,2,1,2
16284,5.0,5.0,1.0,1.0,5.0,5.0,1.0,5.0,5.0,5.0,1.0,5.0,5.0,1.0,1.0,1.0,1.0,5.0,5.0,5.0,1,7,6,4,2,6,4,1,4,1,1,1,1,1,1,0,1,1,1,1,1,0,1,1,1,1,4,2,1,2,38,1,2,1,60,1,1,2
16285,5.0,4.0,2.0,1.0,4.0,1.0,1.0,4.0,4.0,3.0,2.0,2.0,4.0,2.0,4.0,1.0,1.0,4.0,5.0,1.0,4,5,6,5,5,4,6,3,4,2,1,1,1,1,1,0,1,1,0,1,1,0,1,1,1,1,4,3,3,1,37,2,12,5,60,1,1,1
16286,1.0,3.0,5.0,5.0,3.0,4.0,4.0,1.0,5.0,5.0,3.0,1.0,1.0,4.0,3.0,4.0,3.0,2.0,5.0,1.0,6,1,7,6,6,5,7,2,6,2,1,1,1,1,1,0,1,1,0,1,1,0,1,1,1,1,3,2,1,1,51,2,1,3,60,2,1,5
16287,5.0,5.0,2.0,2.0,5.0,1.0,1.0,5.0,1.0,2.0,1.0,5.0,5.0,1.0,5.0,1.0,5.0,5.0,5.0,5.0,7,4,7,5,7,6,6,1,6,3,1,1,0,1,1,0,1,0,0,1,0,0,1,1,1,1,4,2,1,2,26,1,8,1,10,1,1,2
16288,2.0,4.0,2.0,5.0,4.0,4.0,4.0,2.0,5.0,5.0,3.0,1.0,1.0,2.0,1.0,3.0,3.0,2.0,5.0,2.0,5,4,7,5,7,6,3,3,6,4,1,1,0,1,1,0,0,0,0,1,0,0,1,1,1,1,2,2,1,2,22,1,1,2,60,2,1,3
16289,4.0,5.0,4.0,2.0,5.0,4.0,1.0,4.0,5.0,2.0,1.0,5.0,4.0,1.0,5.0,1.0,1.0,4.0,5.0,4.0,2,5,6,6,4,7,6,5,6,3,1,1,1,1,1,0,1,1,0,1,0,0,1,1,1,1,3,1,1,1,46,1,6,3,60,1,2,3
16290,4.0,5.0,4.0,4.0,1.0,4.0,2.0,1.0,4.0,2.0,1.0,5.0,4.0,2.0,3.0,1.0,2.0,1.0,5.0,2.0,3,5,5,3,6,7,3,6,4,1,1,1,0,1,1,0,0,1,0,1,0,0,0,1,1,1,3,2,1,2,20,2,2,2,60,1,1,3
16291,5.0,4.0,1.0,2.0,4.0,1.0,2.0,5.0,3.0,2.0,2.0,5.0,3.0,1.0,5.0,1.0,2.0,5.0,5.0,5.0,6,6,3,7,7,4,2,5,4,5,0,1,0,1,1,0,0,0,0,1,0,0,0,0,1,1,3,2,1,2,30,1,8,1,70,2,1,2
16292,5.0,5.0,2.0,1.0,4.0,2.0,1.0,4.0,1.0,3.0,1.0,5.0,5.0,1.0,5.0,3.0,1.0,5.0,5.0,4.0,6,7,7,4,7,1,5,2,6,3,1,1,1,1,0,0,0,0,0,1,0,0,0,0,1,1,2,3,1,1,16,1,4,1,60,2,1,3
16293,1.0,1.0,4.0,2.0,5.0,5.0,1.0,1.0,1.0,4.0,1.0,4.0,1.0,1.0,2.0,2.0,3.0,4.0,4.0,4.0,6,5,2,1,7,2,6,3,5,1,1,1,0,1,0,0,0,0,0,1,0,1,0,1,1,1,2,2,1,2,20,1,3,3,60,2,1,3
16294,3.0,1.0,1.0,4.0,5.0,2.0,2.0,1.0,4.0,5.0,1.0,4.0,5.0,1.0,2.0,2.0,1.0,4.0,5.0,1.0,2,4,6,1,7,6,6,2,7,5,1,1,1,1,1,0,0,1,0,1,0,1,1,1,1,1,3,3,1,2,41,1,2,1,60,2,1,4
16295,4.0,2.0,3.0,1.0,2.0,2.0,1.0,5.0,2.0,3.0,3.0,4.0,3.0,2.0,2.0,1.0,2.0,3.0,5.0,2.0,2,7,1,5,5,6,2,5,4,1,1,1,0,1,1,0,1,0,0,1,1,0,1,1,0,1,2,3,2,1,30,1,1,1,60,2,1,2
16296,4.0,4.0,3.0,4.0,5.0,2.0,2.0,5.0,4.0,1.0,3.0,5.0,3.0,2.0,4.0,1.0,5.0,5.0,5.0,4.0,6,6,7,3,6,5,5,2,4,1,0,1,0,1,0,0,0,0,0,0,0,0,0,1,0,1,4,1,1,2,31,1,2,1,60,1,2,1
16297,5.0,5.0,1.0,1.0,5.0,1.0,1.0,5.0,1.0,5.0,1.0,5.0,5.0,1.0,5.0,4.0,1.0,5.0,5.0,5.0,2,5,6,7,7,5,6,1,7,1,1,0,0,1,1,0,0,0,0,1,0,0,0,0,1,1,3,1,1,1,27,1,4,4,30,1,1,0
16298,4.0,5.0,4.0,1.0,5.0,1.0,1.0,2.0,3.0,2.0,1.0,5.0,5.0,2.0,3.0,2.0,2.0,5.0,5.0,3.0,5,7,4,2,6,2,6,4,6,4,1,1,0,1,1,0,0,0,0,1,0,0,0,0,1,1,3,2,2,2,23,1,2,5,60,2,1,1
16299,5.0,1.0,1.0,2.0,5.0,1.0,1.0,5.0,3.0,5.0,2.0,5.0,1.0,1.0,1.0,1.0,1.0,5.0,5.0,1.0,4,4,4,6,7,5,5,7,4,4,1,1,1,1,1,0,0,0,0,1,0,0,0,1,1,1,1,3,1,2,18,1,4,1,60,2,1,3
16300,5.0,1.0,5.0,4.0,2.0,5.0,5.0,2.0,5.0,5.0,3.0,4.0,1.0,2.0,1.0,2.0,1.0,1.0,4.0,1.0,6,6,7,3,7,5,5,1,5,2,0,1,1,1,1,0,1,1,0,1,0,0,1,1,1,1,4,1,1,2,60,1,1,1,70,2,2,5
16301,4.0,5.0,1.0,2.0,2.0,2.0,3.0,2.0,3.0,2.0,3.0,1.0,1.0,1.0,4.0,5.0,1.0,3.0,5.0,2.0,3,6,4,5,3,5,2,3,4,1,1,1,1,1,1,0,0,0,0,1,0,0,1,0,1,1,2,3,1,1,22,1,6,1,10,2,1,2
16302,1.0,1.0,4.0,5.0,1.0,4.0,4.0,2.0,5.0,4.0,3.0,2.0,2.0,5.0,2.0,4.0,5.0,2.0,4.0,1.0,5,3,5,2,6,3,7,6,6,2,1,1,1,1,1,0,1,0,0,1,1,0,1,1,1,1,4,2,1,1,49,1,2,1,60,1,2,3
16303,1.0,1.0,1.0,4.0,1.0,1.0,1.0,1.0,5.0,4.0,1.0,4.0,4.0,4.0,2.0,1.0,5.0,4.0,5.0,5.0,1,6,5,6,7,5,3,6,3,2,1,1,1,1,1,0,0,0,0,1,0,0,0,1,1,1,3,2,1,1,22,2,1,1,10,1,1,2
16304,3.0,2.0,2.0,5.0,2.0,1.0,2.0,4.0,4.0,4.0,2.0,4.0,1.0,4.0,3.0,1.0,2.0,4.0,5.0,5.0,1,2,2,3,6,5,6,5,3,2,1,1,0,1,1,0,0,0,0,1,1,0,1,1,1,1,2,2,1,1,23,1,3,1,10,1,1,2
16305,1.0,2.0,2.0,3.0,2.0,1.0,1.0,1.0,3.0,4.0,1.0,2.0,1.0,1.0,5.0,4.0,3.0,2.0,2.0,4.0,2,1,7,2,5,7,5,1,6,5,1,1,1,1,1,0,1,1,0,1,0,0,1,1,1,1,3,2,1,1,41,1,2,1,60,2,1,2
16306,4.0,5.0,3.0,1.0,5.0,5.0,4.0,4.0,5.0,3.0,1.0,5.0,1.0,2.0,3.0,2.0,2.0,4.0,1.0,1.0,7,6,5,7,6,1,6,5,2,5,1,1,0,1,1,0,0,0,0,1,0,0,1,0,1,1,3,3,1,2,30,1,8,1,10,1,2,1
16307,4.0,3.0,3.0,3.0,5.0,3.0,2.0,3.0,2.0,3.0,3.0,4.0,5.0,2.0,3.0,4.0,4.0,4.0,5.0,3.0,3,5,5,4,6,5,6,2,3,4,1,1,0,1,1,0,0,0,0,0,0,0,1,1,1,1,3,0,1,1,35,3,7,1,60,1,1,2
16308,5.0,4.0,3.0,3.0,4.0,2.0,2.0,4.0,3.0,2.0,1.0,5.0,4.0,1.0,3.0,5.0,3.0,4.0,2.0,4.0,2,6,6,6,5,5,5,3,6,2,1,1,0,1,1,0,0,1,0,1,0,0,1,0,1,1,3,3,1,2,23,1,2,1,10,2,1,1
16309,3.0,5.0,1.0,4.0,4.0,3.0,3.0,2.0,3.0,2.0,1.0,4.0,5.0,3.0,3.0,3.0,1.0,3.0,5.0,4.0,5,2,6,1,6,4,7,4,7,2,1,1,0,1,1,0,0,0,0,1,0,0,0,1,1,1,3,1,2,1,64,1,7,1,60,2,1,9
16310,4.0,4.0,5.0,4.0,1.0,5.0,4.0,1.0,4.0,5.0,4.0,4.0,1.0,2.0,1.0,4.0,5.0,4.0,5.0,1.0,7,5,6,1,7,1,6,6,5,1,1,1,1,1,1,0,0,1,0,1,0,0,0,1,1,1,4,3,2,2,44,1,1,1,70,1,1,3
16311,5.0,5.0,1.0,1.0,5.0,1.0,1.0,5.0,1.0,4.0,1.0,5.0,5.0,1.0,2.0,1.0,1.0,5.0,5.0,4.0,7,7,7,3,7,5,7,1,7,1,1,1,1,1,1,0,1,1,0,1,0,0,1,1,1,1,3,3,1,2,30,1,7,1,70,1,2,4
16312,3.0,3.0,3.0,2.0,2.0,3.0,3.0,4.0,5.0,3.0,1.0,2.0,3.0,3.0,3.0,2.0,3.0,2.0,3.0,3.0,2,5,6,5,5,4,5,5,4,6,1,1,0,1,1,1,0,0,0,1,0,0,1,1,1,1,1,2,2,1,17,1,4,4,60,2,1,2
16313,4.0,2.0,2.0,4.0,4.0,1.0,1.0,4.0,4.0,1.0,1.0,4.0,2.0,1.0,5.0,1.0,1.0,4.0,5.0,1.0,6,1,6,3,5,2,7,5,6,2,1,1,0,1,1,0,1,0,0,1,0,0,1,1,1,1,4,2,1,2,31,1,8,1,10,2,2,2
16314,2.0,3.0,3.0,3.0,2.0,5.0,5.0,2.0,4.0,5.0,2.0,2.0,3.0,2.0,3.0,3.0,3.0,4.0,5.0,3.0,6,5,4,2,7,3,7,2,6,2,0,0,0,1,0,0,0,0,0,1,0,0,0,1,1,1,3,2,2,2,27,1,2,1,60,2,1,1
16315,1.0,1.0,5.0,5.0,1.0,5.0,2.0,1.0,5.0,5.0,1.0,2.0,1.0,4.0,1.0,5.0,3.0,1.0,5.0,1.0,2,1,6,6,6,7,5,1,6,3,1,1,1,1,1,0,1,0,0,1,1,0,1,1,1,1,3,1,2,1,49,1,1,1,60,1,1,2
16316,4.0,1.0,4.0,4.0,4.0,4.0,4.0,4.0,5.0,5.0,2.0,5.0,4.0,4.0,5.0,2.0,5.0,1.0,5.0,5.0,2,6,6,3,1,7,5,2,5,7,1,1,1,1,1,0,0,1,0,1,1,0,0,1,1,1,2,3,1,1,31,2,12,1,60,2,1,2
16317,5.0,5.0,4.0,1.0,5.0,5.0,5.0,2.0,4.0,5.0,1.0,1.0,5.0,2.0,5.0,5.0,4.0,4.0,4.0,1.0,7,5,6,6,5,5,6,5,5,5,1,1,0,1,1,0,0,0,0,1,0,0,1,1,1,1,3,3,2,2,23,1,1,1,10,2,1,2
16318,2.0,2.0,4.0,4.0,2.0,4.0,3.0,1.0,4.0,4.0,1.0,3.0,2.0,3.0,4.0,2.0,2.0,2.0,5.0,2.0,6,4,4,1,5,2,5,3,6,3,1,1,1,1,1,0,0,1,0,1,1,0,1,1,1,1,2,3,1,1,26,1,2,1,60,1,1,5
16319,5.0,5.0,4.0,2.0,4.0,4.0,4.0,4.0,5.0,4.0,2.0,5.0,5.0,4.0,5.0,4.0,2.0,4.0,5.0,1.0,7,5,6,7,5,3,6,5,2,3,1,1,0,1,1,0,0,0,0,1,0,0,1,1,1,1,3,3,2,2,23,1,1,1,10,2,1,2
16320,5.0,5.0,5.0,5.0,5.0,5.0,5.0,5.0,5.0,5.0,5.0,5.0,5.0,5.0,5.0,5.0,5.0,5.0,5.0,5.0,7,7,7,7,7,7,7,6,7,7,1,1,1,1,1,0,0,0,0,1,0,0,0,0,1,1,3,3,1,1,18,1,11,1,70,2,1,1
16321,1.0,3.0,5.0,4.0,1.0,5.0,5.0,2.0,5.0,5.0,3.0,1.0,3.0,3.0,4.0,5.0,1.0,1.0,5.0,1.0,7,7,7,2,5,3,7,2,6,5,1,1,0,1,1,0,0,0,0,0,0,0,0,0,1,1,2,3,2,1,21,1,7,1,60,1,1,3
16322,3.0,4.0,2.0,4.0,4.0,5.0,3.0,4.0,4.0,4.0,1.0,4.0,1.0,2.0,2.0,4.0,3.0,4.0,3.0,4.0,6,3,4,3,6,2,6,3,4,2,1,1,0,1,1,0,0,0,0,1,0,0,0,0,1,1,2,3,1,2,22,1,10,1,10,2,1,3
16323,5.0,5.0,2.0,1.0,4.0,3.0,2.0,5.0,4.0,3.0,3.0,5.0,4.0,2.0,4.0,2.0,3.0,4.0,5.0,4.0,5,5,5,1,6,6,5,5,6,2,1,1,0,1,0,0,0,0,0,1,0,0,1,1,1,1,3,3,1,2,20,1,12,1,60,1,1,2
16324,1.0,1.0,3.0,4.0,2.0,2.0,2.0,1.0,5.0,5.0,2.0,3.0,1.0,2.0,3.0,2.0,2.0,2.0,5.0,1.0,6,5,5,4,7,4,5,4,6,3,1,1,0,1,1,0,0,0,0,1,0,0,0,1,1,1,2,3,2,1,24,1,4,1,60,2,1,3
16325,3.0,3.0,3.0,1.0,4.0,1.0,1.0,1.0,5.0,1.0,1.0,4.0,5.0,1.0,1.0,1.0,1.0,1.0,5.0,2.0,1,3,2,4,7,7,5,5,7,5,1,1,1,1,1,0,0,0,0,1,1,0,1,1,1,1,4,1,1,1,33,1,2,1,60,1,2,6
16326,4.0,1.0,3.0,4.0,4.0,4.0,3.0,1.0,5.0,5.0,2.0,4.0,1.0,3.0,1.0,4.0,2.0,4.0,4.0,1.0,5,5,6,5,4,4,6,4,4,1,1,1,0,1,1,0,1,1,0,1,1,0,1,1,1,1,2,3,1,2,20,1,2,1,10,2,1,2
16327,1.0,1.0,4.0,5.0,2.0,5.0,4.0,1.0,5.0,5.0,2.0,4.0,1.0,4.0,1.0,4.0,5.0,4.0,4.0,1.0,5,3,5,3,5,5,5,3,5,5,1,1,1,1,1,1,0,0,0,1,0,0,1,1,1,1,3,2,2,2,45,1,12,1,10,2,2,2
16328,1.0,3.0,5.0,2.0,4.0,2.0,2.0,3.0,5.0,3.0,2.0,1.0,3.0,2.0,1.0,1.0,1.0,4.0,5.0,3.0,3,5,5,6,6,3,5,5,3,2,1,1,0,1,1,0,0,0,0,1,0,0,1,1,1,1,3,3,1,1,46,1,6,2,60,1,2,4
16329,5.0,4.0,3.0,2.0,4.0,4.0,3.0,4.0,3.0,4.0,1.0,5.0,4.0,1.0,4.0,3.0,2.0,3.0,5.0,4.0,1,6,7,3,6,7,5,1,7,4,1,1,1,1,1,0,0,1,0,1,0,0,0,1,1,1,4,3,1,2,33,1,4,1,60,2,1,2
16330,2.0,1.0,2.0,4.0,1.0,4.0,2.0,2.0,5.0,4.0,3.0,1.0,1.0,2.0,3.0,4.0,4.0,1.0,4.0,1.0,3,1,7,2,7,6,7,1,7,3,1,1,0,1,1,0,0,1,0,1,0,1,1,1,1,1,3,3,2,1,19,1,12,4,10,2,1,5
16331,2.0,3.0,3.0,3.0,3.0,5.0,3.0,3.0,4.0,5.0,3.0,2.0,2.0,3.0,3.0,3.0,1.0,3.0,4.0,1.0,5,2,6,7,5,6,6,1,5,1,1,1,0,1,1,0,0,0,0,1,0,0,0,1,1,1,2,2,2,1,17,2,4,5,60,2,1,3
16332,3.0,4.0,5.0,3.0,5.0,3.0,2.0,4.0,5.0,3.0,3.0,4.0,1.0,1.0,1.0,1.0,1.0,1.0,5.0,1.0,1,5,7,7,2,7,3,1,3,1,1,1,1,1,1,0,0,0,0,1,0,0,1,1,1,1,3,1,1,1,29,1,8,4,60,1,3,2
16333,5.0,4.0,1.0,4.0,5.0,1.0,1.0,1.0,5.0,3.0,2.0,4.0,1.0,4.0,3.0,2.0,1.0,2.0,5.0,1.0,3,1,6,7,5,7,7,2,5,2,1,1,0,1,1,0,0,1,0,1,0,0,1,1,1,1,3,2,2,1,29,1,6,1,30,1,1,4
16334,5.0,4.0,2.0,1.0,5.0,1.0,2.0,4.0,2.0,2.0,1.0,4.0,5.0,2.0,5.0,1.0,1.0,4.0,5.0,4.0,2,6,5,5,5,5,5,3,5,5,1,1,0,1,1,0,0,0,0,1,1,1,1,1,1,1,3,2,1,1,25,1,4,1,70,1,1,3
16335,3.0,5.0,1.0,1.0,5.0,1.0,1.0,5.0,1.0,1.0,1.0,5.0,5.0,1.0,2.0,5.0,5.0,5.0,5.0,5.0,4,7,6,1,5,1,3,5,5,2,1,0,0,1,1,0,0,1,0,1,0,0,0,0,1,1,3,3,1,2,19,1,2,2,20,2,1,4
16336,4.0,5.0,3.0,1.0,3.0,1.0,1.0,4.0,3.0,1.0,1.0,4.0,4.0,2.0,5.0,2.0,1.0,4.0,3.0,3.0,5,0,0,0,0,0,0,0,0,0,1,1,1,1,1,0,1,1,0,1,0,0,1,1,1,1,4,2,1,2,43,1,1,1,60,1,2,1
16337,5.0,4.0,1.0,1.0,4.0,2.0,1.0,4.0,3.0,1.0,1.0,5.0,3.0,1.0,2.0,1.0,1.0,3.0,5.0,3.0,3,6,4,5,3,5,4,3,6,1,1,1,1,1,1,0,1,1,0,1,0,1,1,1,1,1,3,3,1,2,32,1,1,1,70,1,1,2
16338,1.0,5.0,2.0,1.0,4.0,2.0,1.0,2.0,2.0,2.0,1.0,5.0,1.0,3.0,5.0,4.0,1.0,4.0,5.0,4.0,6,6,3,4,7,1,4,4,5,1,1,1,1,1,1,0,0,1,0,1,0,1,1,1,1,1,4,3,2,1,23,1,4,1,0,2,1,1
16339,3.0,2.0,4.0,4.0,3.0,5.0,5.0,1.0,5.0,5.0,1.0,1.0,3.0,5.0,2.0,5.0,3.0,2.0,5.0,1.0,6,5,7,6,6,4,7,1,4,3,1,1,1,0,1,0,0,0,0,1,0,0,1,1,1,1,2,3,2,1,16,1,6,1,60,2,1,1
16340,5.0,5.0,1.0,1.0,4.0,1.0,5.0,2.0,2.0,3.0,1.0,5.0,5.0,2.0,2.0,2.0,2.0,5.0,5.0,4.0,3,2,4,5,3,6,2,7,6,4,1,1,0,1,0,0,0,0,0,1,0,0,0,0,1,1,3,2,1,2,19,1,2,1,60,2,1,2
16341,4.0,4.0,2.0,2.0,4.0,1.0,2.0,5.0,4.0,5.0,1.0,5.0,3.0,2.0,5.0,4.0,4.0,5.0,5.0,2.0,5,6,6,1,5,3,6,5,5,3,1,1,1,1,1,0,0,0,0,1,0,0,1,1,1,1,4,2,1,2,42,1,4,1,10,2,2,3
16342,2.0,4.0,2.0,1.0,4.0,1.0,1.0,2.0,4.0,4.0,1.0,4.0,4.0,1.0,4.0,4.0,2.0,3.0,4.0,1.0,5,6,6,3,7,3,4,2,4,2,1,1,0,1,1,1,0,0,0,1,0,1,1,1,1,1,3,1,1,2,22,1,12,1,60,2,1,3
16343,3.0,3.0,2.0,4.0,3.0,3.0,2.0,2.0,3.0,4.0,2.0,4.0,3.0,2.0,3.0,2.0,3.0,3.0,2.0,1.0,5,4,5,4,6,6,5,4,4,3,1,1,0,1,1,0,0,0,0,1,0,0,1,1,1,1,2,3,1,1,20,1,12,1,30,0,1,2
16344,2.0,1.0,2.0,5.0,5.0,3.0,3.0,2.0,3.0,2.0,1.0,3.0,1.0,3.0,3.0,4.0,3.0,4.0,4.0,4.0,7,4,4,3,7,2,6,3,3,1,1,1,0,1,1,0,0,0,0,1,0,0,0,1,1,1,4,1,2,2,48,1,2,1,60,1,2,2
16345,4.0,5.0,2.0,2.0,2.0,1.0,1.0,3.0,3.0,1.0,2.0,3.0,1.0,1.0,4.0,5.0,1.0,4.0,2.0,2.0,5,5,7,2,6,4,2,2,6,1,1,1,0,1,1,1,0,1,0,1,1,0,1,1,1,1,3,2,1,1,19,1,4,3,60,1,1,2
16346,3.0,5.0,5.0,4.0,4.0,5.0,2.0,5.0,5.0,2.0,5.0,5.0,2.0,2.0,4.0,2.0,1.0,1.0,5.0,4.0,2,2,5,2,2,5,6,2,6,3,1,1,0,1,1,0,0,0,0,1,0,0,1,1,1,1,3,3,1,2,24,1,3,1,10,2,1,2
16347,4.0,5.0,4.0,2.0,5.0,3.0,4.0,4.0,2.0,4.0,1.0,5.0,3.0,2.0,3.0,1.0,5.0,4.0,5.0,5.0,1,7,6,7,5,7,5,2,3,7,1,1,0,1,1,0,0,0,0,0,0,0,1,1,1,1,0,3,2,2,22,1,10,1,10,2,1,2
16348,4.0,3.0,2.0,1.0,4.0,1.0,2.0,3.0,2.0,1.0,1.0,5.0,2.0,1.0,4.0,1.0,1.0,5.0,5.0,2.0,5,2,2,6,4,5,3,7,5,5,1,1,1,1,1,0,1,0,0,1,1,0,1,1,1,1,3,2,1,1,57,1,6,3,60,2,3,2
16349,5.0,1.0,4.0,2.0,5.0,4.0,2.0,5.0,1.0,5.0,4.0,5.0,5.0,3.0,4.0,1.0,2.0,5.0,5.0,5.0,6,2,6,5,6,7,7,2,6,4,1,1,0,1,1,0,0,0,0,1,0,0,0,1,1,1,3,2,1,2,23,1,8,4,10,1,1,3
16350,5.0,5.0,1.0,1.0,5.0,1.0,1.0,5.0,1.0,1.0,1.0,5.0,5.0,1.0,5.0,1.0,1.0,5.0,5.0,5.0,1,7,7,1,7,7,1,1,7,5,0,1,1,1,1,0,0,0,0,1,0,1,1,0,1,1,1,2,1,2,17,1,2,1,60,2,1,2
16351,1.0,4.0,2.0,3.0,1.0,3.0,1.0,1.0,4.0,5.0,1.0,4.0,1.0,2.0,1.0,2.0,1.0,1.0,5.0,1.0,6,2,2,5,6,1,5,7,3,1,1,0,0,1,1,0,0,0,0,1,0,0,0,0,1,1,3,2,2,2,24,1,2,1,10,2,1,2
16352,4.0,1.0,5.0,1.0,4.0,5.0,5.0,5.0,5.0,5.0,1.0,4.0,1.0,1.0,1.0,3.0,3.0,1.0,5.0,1.0,2,5,5,5,7,6,6,5,5,2,1,1,0,1,1,0,0,1,0,1,0,0,0,1,1,1,3,2,2,1,49,1,6,1,60,1,3,3
16353,5.0,4.0,3.0,1.0,5.0,2.0,2.0,1.0,3.0,4.0,1.0,4.0,1.0,1.0,3.0,5.0,2.0,1.0,3.0,4.0,6,6,2,1,7,1,7,5,7,2,0,1,1,1,1,0,1,0,0,1,1,1,1,1,1,1,3,3,1,2,22,1,4,1,60,1,1,2
16354,1.0,1.0,4.0,5.0,1.0,4.0,4.0,1.0,5.0,5.0,5.0,1.0,1.0,5.0,3.0,4.0,5.0,1.0,5.0,1.0,7,5,7,2,6,3,6,1,6,2,1,1,1,1,1,0,0,0,0,1,0,0,1,1,1,1,3,2,2,1,38,1,6,1,60,1,2,3
16355,1.0,1.0,3.0,4.0,1.0,4.0,5.0,2.0,5.0,5.0,1.0,5.0,1.0,1.0,1.0,5.0,5.0,1.0,5.0,4.0,6,1,7,5,7,7,5,1,6,4,1,1,1,1,1,0,0,0,0,1,0,0,1,1,1,1,3,2,1,1,28,1,4,1,60,1,1,2
16356,2.0,5.0,3.0,5.0,4.0,2.0,1.0,3.0,4.0,1.0,1.0,2.0,1.0,2.0,5.0,1.0,1.0,5.0,5.0,4.0,2,5,2,6,6,5,5,7,3,1,1,1,1,1,1,0,1,1,0,1,1,1,1,1,1,1,3,1,3,1,24,1,2,2,60,2,1,2
16357,5.0,5.0,1.0,1.0,5.0,1.0,1.0,5.0,1.0,1.0,1.0,5.0,5.0,1.0,5.0,1.0,1.0,5.0,5.0,1.0,6,1,7,1,7,5,5,1,7,4,1,1,1,1,1,1,0,0,0,1,0,0,0,1,1,1,4,2,1,1,42,1,4,1,60,1,2,3
16358,4.0,2.0,3.0,3.0,4.0,4.0,4.0,2.0,5.0,4.0,2.0,4.0,1.0,3.0,2.0,4.0,2.0,4.0,5.0,1.0,2,2,6,5,6,6,6,2,4,2,1,1,1,1,1,0,1,0,0,1,0,0,1,1,1,1,4,2,2,1,39,1,1,1,60,1,3,1
16359,1.0,3.0,1.0,1.0,5.0,1.0,1.0,5.0,5.0,1.0,1.0,5.0,4.0,1.0,3.0,1.0,1.0,5.0,5.0,3.0,1,5,5,2,6,7,5,3,6,1,1,1,1,1,1,0,1,1,1,1,0,0,1,1,1,1,3,3,1,1,41,1,2,1,60,1,2,3
16360,3.0,2.0,4.0,3.0,4.0,2.0,3.0,3.0,5.0,3.0,1.0,5.0,5.0,1.0,4.0,2.0,1.0,3.0,4.0,4.0,5,2,7,7,5,5,7,1,3,2,1,1,0,1,1,0,0,0,0,1,0,0,0,1,1,1,3,1,1,1,25,1,0,1,60,1,1,2
16361,2.0,4.0,4.0,2.0,2.0,2.0,1.0,3.0,4.0,2.0,1.0,3.0,2.0,1.0,3.0,2.0,3.0,2.0,1.0,3.0,3,5,6,4,5,4,5,3,4,4,1,1,1,1,1,1,0,0,0,1,1,0,1,1,1,1,2,2,2,1,19,1,7,1,60,1,1,2
16362,5.0,5.0,5.0,3.0,4.0,2.0,5.0,1.0,5.0,5.0,1.0,2.0,4.0,2.0,4.0,2.0,3.0,4.0,3.0,3.0,6,1,4,7,6,7,7,1,2,2,1,0,0,0,0,0,1,0,0,0,0,0,0,1,0,1,0,3,2,2,24,1,8,3,10,2,1,2
16363,4.0,4.0,2.0,4.0,4.0,3.0,2.0,2.0,4.0,4.0,3.0,4.0,2.0,3.0,4.0,2.0,4.0,3.0,4.0,4.0,6,5,5,2,6,1,5,5,5,5,1,1,1,1,1,0,0,1,0,1,0,0,1,1,1,1,3,2,2,1,26,1,1,3,60,1,1,2
16364,5.0,5.0,1.0,2.0,4.0,2.0,1.0,4.0,1.0,1.0,1.0,5.0,2.0,1.0,4.0,5.0,1.0,5.0,5.0,2.0,1,5,6,2,6,7,6,5,6,2,1,1,1,1,0,0,0,1,0,1,0,1,1,1,1,1,4,1,2,1,34,1,1,1,60,1,1,3
16365,2.0,4.0,5.0,4.0,1.0,4.0,1.0,4.0,5.0,5.0,2.0,4.0,1.0,2.0,4.0,1.0,2.0,3.0,5.0,1.0,6,5,3,6,3,2,6,6,3,6,1,1,0,1,1,0,0,0,0,1,0,0,1,0,1,1,3,3,2,1,29,1,1,1,60,2,1,1
16366,5.0,5.0,3.0,2.0,5.0,1.0,1.0,5.0,3.0,2.0,1.0,5.0,5.0,4.0,2.0,5.0,1.0,5.0,5.0,2.0,6,3,5,1,7,5,1,5,7,1,1,1,1,1,1,0,0,1,0,1,0,0,1,1,1,1,3,3,2,2,19,1,5,1,70,1,1,2
16367,2.0,1.0,3.0,4.0,4.0,5.0,5.0,4.0,5.0,5.0,1.0,4.0,1.0,1.0,4.0,2.0,1.0,2.0,5.0,1.0,6,3,5,6,7,2,7,6,2,1,1,1,0,1,1,0,0,1,0,1,1,0,1,1,1,1,4,1,2,1,33,1,1,1,60,2,1,3
16368,5.0,5.0,2.0,1.0,5.0,1.0,1.0,2.0,3.0,1.0,1.0,5.0,2.0,3.0,4.0,2.0,1.0,5.0,4.0,4.0,2,2,6,1,6,7,3,1,7,3,1,1,1,1,1,0,1,1,0,1,1,1,1,1,1,1,4,2,1,1,61,1,4,3,60,1,1,2
16369,5.0,5.0,4.0,1.0,5.0,2.0,4.0,5.0,2.0,2.0,5.0,5.0,5.0,1.0,5.0,2.0,1.0,4.0,5.0,5.0,6,4,7,6,7,5,1,1,7,1,1,0,0,1,1,0,0,0,0,1,0,0,0,0,1,1,2,0,1,2,19,1,10,1,30,2,1,4
16370,1.0,3.0,5.0,4.0,5.0,5.0,3.0,1.0,5.0,5.0,1.0,4.0,1.0,1.0,1.0,1.0,1.0,1.0,5.0,3.0,1,5,5,7,7,7,7,6,2,1,1,1,1,1,1,0,0,1,0,1,0,1,1,1,1,1,3,1,2,2,31,1,2,1,70,2,3,3
16371,1.0,2.0,5.0,5.0,2.0,5.0,5.0,1.0,5.0,5.0,2.0,4.0,1.0,2.0,2.0,2.0,2.0,2.0,5.0,1.0,3,3,5,7,5,3,5,3,2,3,1,1,1,1,1,0,1,1,0,1,1,0,1,1,1,1,3,2,2,1,33,1,1,1,60,1,1,3
16372,4.0,5.0,4.0,5.0,2.0,3.0,2.0,1.0,5.0,4.0,3.0,5.0,4.0,3.0,4.0,3.0,5.0,4.0,5.0,1.0,6,1,6,2,6,5,6,0,6,6,1,1,0,1,1,0,0,0,0,1,1,0,1,1,1,1,3,3,1,2,33,1,4,1,10,1,1,3
16373,2.0,1.0,3.0,5.0,4.0,3.0,1.0,1.0,5.0,4.0,2.0,3.0,1.0,2.0,2.0,1.0,5.0,2.0,5.0,1.0,5,6,7,5,7,4,4,1,4,2,1,1,0,1,1,0,0,1,0,1,0,0,0,1,1,1,3,2,2,2,43,2,1,1,60,1,2,2
16374,4.0,5.0,2.0,2.0,5.0,2.0,1.0,3.0,3.0,3.0,1.0,4.0,4.0,2.0,5.0,5.0,5.0,5.0,5.0,2.0,3,6,4,2,5,3,5,3,5,4,1,1,0,1,1,0,0,0,0,1,0,0,1,0,1,1,3,2,1,1,29,1,6,1,10,2,2,2
16375,4.0,4.0,1.0,3.0,4.0,4.0,1.0,3.0,5.0,1.0,1.0,5.0,4.0,1.0,4.0,1.0,5.0,3.0,5.0,2.0,5,6,6,2,7,6,5,5,5,3,1,1,1,1,1,0,1,1,0,1,1,0,1,1,1,1,3,3,1,1,49,1,2,1,60,2,2,2
16376,4.0,5.0,1.0,1.0,3.0,1.0,1.0,2.0,2.0,2.0,1.0,4.0,3.0,1.0,4.0,2.0,2.0,4.0,5.0,5.0,4,6,2,5,6,6,3,7,5,2,1,1,0,1,1,0,0,1,0,1,1,0,1,1,1,1,2,3,1,2,20,1,1,1,60,2,1,3
16377,5.0,4.0,4.0,4.0,4.0,1.0,1.0,1.0,4.0,4.0,3.0,5.0,1.0,1.0,1.0,1.0,5.0,5.0,2.0,4.0,2,5,4,5,6,7,5,3,6,1,1,0,0,1,0,0,0,0,0,1,0,0,0,0,1,1,2,3,1,2,21,1,1,1,60,1,1,3
16378,2.0,4.0,5.0,2.0,4.0,4.0,2.0,4.0,5.0,4.0,1.0,2.0,1.0,3.0,3.0,2.0,1.0,2.0,5.0,1.0,3,5,2,3,6,6,6,6,5,3,1,0,0,1,1,0,0,1,0,1,1,0,1,1,1,1,2,3,1,2,22,1,1,1,60,2,1,2
16379,4.0,2.0,2.0,2.0,4.0,1.0,2.0,4.0,2.0,4.0,2.0,4.0,1.0,1.0,4.0,1.0,2.0,4.0,3.0,2.0,5,2,7,2,6,7,6,1,6,1,1,1,0,1,1,0,0,0,0,1,0,1,0,1,1,1,3,1,1,2,28,1,8,1,10,1,1,3
16380,3.0,5.0,2.0,5.0,1.0,2.0,2.0,1.0,5.0,1.0,1.0,2.0,1.0,2.0,2.0,1.0,2.0,3.0,3.0,1.0,2,2,5,6,7,5,5,5,3,3,1,1,0,1,1,0,0,0,0,1,0,0,0,1,1,1,3,3,2,2,40,1,12,1,60,1,1,2
16381,3.0,3.0,2.0,2.0,2.0,2.0,1.0,4.0,3.0,3.0,2.0,4.0,2.0,1.0,3.0,1.0,1.0,4.0,5.0,3.0,6,5,6,5,7,1,6,5,3,1,1,1,1,1,1,0,1,1,0,1,1,0,1,1,1,1,4,3,1,1,45,1,1,1,60,1,2,2
16382,5.0,5.0,2.0,3.0,1.0,4.0,4.0,4.0,1.0,3.0,1.0,1.0,2.0,2.0,5.0,2.0,2.0,5.0,4.0,4.0,7,7,4,5,7,1,7,6,1,1,1,1,0,1,1,0,0,1,0,1,1,0,1,1,1,1,2,2,1,2,20,1,4,1,60,2,1,2
16383,5.0,5.0,4.0,4.0,3.0,1.0,1.0,5.0,3.0,5.0,5.0,5.0,3.0,1.0,5.0,4.0,1.0,5.0,2.0,1.0,5,6,7,2,7,6,5,1,7,4,1,1,1,1,1,0,1,1,0,1,1,0,1,1,1,1,2,2,1,2,18,2,4,1,60,2,1,2
16384,4.0,2.0,2.0,3.0,4.0,2.0,2.0,5.0,3.0,3.0,2.0,5.0,4.0,2.0,4.0,3.0,4.0,4.0,5.0,2.0,4,5,3,2,6,2,6,5,7,3,1,1,0,1,1,0,1,1,0,1,1,0,0,0,1,1,2,3,1,2,20,1,2,1,60,2,1,3
16385,1.0,5.0,2.0,3.0,4.0,2.0,1.0,5.0,4.0,2.0,4.0,5.0,1.0,1.0,5.0,4.0,5.0,1.0,3.0,1.0,1,6,6,5,6,7,6,2,7,6,1,1,1,1,1,0,1,1,0,1,0,0,1,1,1,1,4,3,1,2,47,1,8,1,10,2,2,3
16386,4.0,5.0,1.0,1.0,3.0,1.0,1.0,4.0,2.0,5.0,1.0,2.0,2.0,1.0,2.0,4.0,1.0,5.0,5.0,2.0,6,5,5,1,6,5,5,2,6,2,1,1,1,1,1,1,0,0,0,1,0,0,1,1,1,1,2,2,2,2,19,1,4,1,60,2,1,2
16387,4.0,4.0,1.0,1.0,4.0,1.0,1.0,5.0,1.0,2.0,1.0,4.0,5.0,1.0,4.0,1.0,1.0,5.0,5.0,3.0,6,6,5,4,7,2,4,6,2,1,1,1,1,1,1,0,0,1,0,1,1,1,1,1,1,1,2,3,2,2,21,1,1,1,60,1,1,3
16388,4.0,4.0,2.0,2.0,5.0,4.0,1.0,5.0,4.0,4.0,1.0,5.0,3.0,2.0,5.0,1.0,5.0,4.0,5.0,4.0,1,5,3,4,6,7,3,7,6,5,1,1,1,1,1,1,1,0,0,1,0,0,1,1,1,1,3,3,1,1,23,1,7,1,60,1,1,5
16389,5.0,4.0,1.0,3.0,3.0,2.0,1.0,5.0,3.0,4.0,1.0,5.0,5.0,1.0,4.0,1.0,1.0,3.0,5.0,3.0,1,7,3,2,7,7,2,7,5,2,1,0,0,1,1,0,0,0,0,1,0,0,0,1,1,1,2,2,3,1,18,1,1,3,70,2,1,3
16390,2.0,4.0,5.0,5.0,3.0,5.0,2.0,2.0,5.0,3.0,3.0,1.0,1.0,2.0,3.0,4.0,3.0,3.0,4.0,4.0,2,6,3,5,3,4,7,5,3,2,1,0,0,1,1,0,1,1,0,1,0,1,1,1,1,1,3,3,1,2,24,1,4,2,60,1,1,2
16391,5.0,5.0,4.0,5.0,4.0,5.0,4.0,2.0,5.0,4.0,3.0,5.0,5.0,5.0,4.0,3.0,3.0,4.0,4.0,4.0,5,5,4,4,5,6,5,3,5,2,0,0,0,0,0,0,0,0,0,0,0,0,0,0,0,0,2,1,1,2,16,1,10,1,10,2,1,3
16392,4.0,4.0,2.0,2.0,5.0,1.0,1.0,4.0,2.0,1.0,1.0,4.0,4.0,3.0,5.0,4.0,1.0,3.0,5.0,4.0,1,7,5,7,4,7,3,5,2,4,1,1,1,0,1,0,0,1,0,1,0,0,1,1,1,1,2,2,1,1,18,1,1,5,60,1,1,2
16393,5.0,4.0,2.0,4.0,5.0,1.0,2.0,5.0,5.0,5.0,3.0,3.0,5.0,2.0,3.0,4.0,3.0,5.0,4.0,5.0,1,4,1,6,1,6,5,7,5,1,1,0,0,0,0,0,0,1,0,1,0,0,1,1,1,1,2,3,1,2,20,2,1,1,60,2,1,4
16394,5.0,5.0,1.0,1.0,5.0,1.0,1.0,5.0,1.0,1.0,1.0,5.0,5.0,1.0,5.0,1.0,5.0,5.0,5.0,5.0,1,7,7,1,7,7,1,1,7,1,1,1,1,1,1,1,1,1,1,1,1,1,1,1,1,1,4,2,1,2,20,1,7,1,60,2,1,1
16395,1.0,3.0,5.0,1.0,3.0,4.0,1.0,4.0,5.0,5.0,1.0,2.0,2.0,1.0,5.0,3.0,1.0,4.0,5.0,2.0,6,6,3,5,7,1,2,6,6,1,1,0,0,1,0,0,0,0,0,1,0,0,0,0,1,1,4,3,1,2,36,1,6,1,60,1,2,2
16396,4.0,5.0,1.0,2.0,5.0,1.0,1.0,4.0,2.0,1.0,1.0,5.0,4.0,1.0,5.0,1.0,1.0,4.0,5.0,3.0,1,6,1,7,6,5,2,5,2,2,1,1,0,1,1,0,0,1,0,1,1,0,0,0,1,1,2,3,1,2,20,1,2,1,60,2,1,2
16397,5.0,5.0,1.0,1.0,5.0,5.0,1.0,2.0,5.0,4.0,1.0,5.0,1.0,2.0,4.0,2.0,5.0,5.0,5.0,1.0,2,7,1,7,7,6,4,7,2,1,1,1,0,1,1,0,0,1,0,1,1,0,1,1,1,1,3,3,1,2,20,1,1,1,10,1,1,1
16398,2.0,2.0,3.0,5.0,2.0,4.0,4.0,1.0,5.0,4.0,1.0,2.0,1.0,4.0,4.0,4.0,5.0,4.0,3.0,1.0,3,7,5,5,6,5,6,5,4,2,1,1,0,1,1,0,0,0,0,1,0,0,0,0,1,1,3,3,2,2,47,1,4,1,60,1,2,2
16399,5.0,5.0,1.0,1.0,5.0,1.0,1.0,5.0,1.0,1.0,1.0,5.0,5.0,1.0,4.0,1.0,1.0,5.0,5.0,5.0,4,2,7,1,6,6,6,1,7,3,1,1,1,1,1,1,0,1,1,1,1,0,1,1,1,1,4,3,1,2,35,1,1,2,60,2,1,1
16400,3.0,5.0,5.0,5.0,4.0,4.0,2.0,2.0,5.0,4.0,1.0,4.0,2.0,3.0,4.0,2.0,1.0,5.0,5.0,4.0,4,5,5,1,6,5,6,7,7,1,1,0,0,1,0,0,0,1,0,1,0,0,0,0,1,1,1,3,1,2,17,1,1,1,60,2,1,2
16401,2.0,5.0,5.0,3.0,2.0,4.0,4.0,4.0,5.0,2.0,2.0,1.0,3.0,1.0,4.0,4.0,1.0,2.0,1.0,2.0,2,1,5,3,6,5,4,2,6,2,1,0,0,1,0,0,0,0,0,1,1,0,0,1,1,1,2,3,2,2,22,2,4,1,60,1,1,1
16402,5.0,2.0,5.0,4.0,4.0,2.0,1.0,1.0,4.0,1.0,2.0,2.0,1.0,2.0,4.0,4.0,4.0,4.0,5.0,4.0,5,7,7,2,7,3,2,1,7,1,1,1,1,1,1,1,1,1,1,1,1,1,1,1,1,1,2,2,1,2,19,3,2,1,60,1,1,3
16403,1.0,4.0,5.0,3.0,3.0,5.0,4.0,2.0,5.0,2.0,2.0,3.0,2.0,2.0,3.0,5.0,2.0,1.0,1.0,1.0,6,2,6,2,3,5,6,2,7,1,0,1,0,1,1,0,0,0,0,1,0,0,1,1,1,1,4,3,1,2,48,1,4,1,70,1,1,5
16404,2.0,4.0,2.0,3.0,4.0,3.0,3.0,4.0,3.0,3.0,2.0,4.0,3.0,2.0,5.0,2.0,4.0,4.0,5.0,1.0,5,6,5,4,5,3,5,4,5,5,1,1,0,1,1,0,0,0,0,0,0,0,1,1,1,1,4,3,1,2,29,1,1,1,70,1,1,3
16405,3.0,4.0,3.0,3.0,4.0,2.0,2.0,3.0,2.0,1.0,2.0,5.0,3.0,4.0,4.0,4.0,3.0,4.0,5.0,3.0,6,6,3,5,5,2,6,6,2,3,1,1,0,1,1,0,0,0,0,1,0,0,0,1,1,1,2,3,2,1,23,1,1,1,60,1,1,2
16406,2.0,5.0,1.0,2.0,4.0,1.0,1.0,4.0,1.0,1.0,1.0,5.0,4.0,1.0,4.0,1.0,1.0,4.0,5.0,5.0,1,6,5,1,7,5,3,5,5,1,1,1,1,1,1,0,0,1,0,1,1,0,0,1,1,1,0,2,2,2,20,3,1,2,60,2,1,2
16407,2.0,2.0,2.0,4.0,1.0,1.0,2.0,5.0,2.0,2.0,3.0,1.0,1.0,1.0,2.0,5.0,5.0,4.0,1.0,1.0,5,6,2,7,7,5,5,5,2,1,1,0,0,1,1,0,1,0,0,1,0,0,0,1,1,1,1,2,1,1,15,1,6,1,10,2,1,2
16408,4.0,2.0,2.0,4.0,4.0,4.0,4.0,4.0,5.0,2.0,1.0,1.0,1.0,1.0,4.0,3.0,2.0,4.0,4.0,5.0,6,6,7,3,7,2,5,1,6,1,0,1,0,1,1,0,0,0,0,0,0,0,1,1,1,1,3,3,1,1,26,2,4,0,60,2,1,3
16409,2.0,1.0,3.0,5.0,4.0,5.0,2.0,4.0,5.0,5.0,3.0,4.0,2.0,2.0,3.0,1.0,3.0,2.0,5.0,1.0,6,6,3,5,7,6,7,5,7,1,1,1,1,1,1,0,0,1,0,1,0,0,1,1,1,1,2,2,1,1,25,1,12,1,70,1,1,2
16410,4.0,1.0,4.0,3.0,5.0,4.0,3.0,3.0,4.0,5.0,2.0,3.0,2.0,2.0,4.0,2.0,1.0,4.0,4.0,1.0,6,6,7,6,7,2,4,1,4,1,1,1,0,1,1,0,0,0,0,1,1,1,1,1,1,1,1,2,2,1,16,1,1,1,60,2,1,2
16411,2.0,2.0,2.0,5.0,3.0,2.0,2.0,1.0,4.0,4.0,4.0,4.0,2.0,3.0,2.0,4.0,2.0,4.0,2.0,1.0,6,6,6,6,6,3,6,3,5,3,1,1,1,1,1,0,0,0,0,1,0,0,1,1,1,1,3,2,2,1,23,1,4,1,60,1,1,2
16412,4.0,5.0,4.0,2.0,3.0,4.0,2.0,5.0,4.0,5.0,3.0,4.0,2.0,1.0,3.0,4.0,2.0,1.0,4.0,2.0,6,5,6,2,7,2,2,4,6,3,1,0,0,1,1,0,0,0,0,1,0,0,0,1,1,1,3,3,1,1,19,1,12,1,60,1,1,2
16413,4.0,4.0,4.0,4.0,5.0,4.0,2.0,2.0,4.0,4.0,2.0,4.0,4.0,2.0,5.0,2.0,2.0,5.0,4.0,4.0,7,6,5,5,7,2,6,7,3,1,1,1,0,1,1,0,0,1,0,1,0,0,1,1,1,1,2,3,1,1,21,1,2,1,60,1,1,3
16414,2.0,3.0,1.0,1.0,4.0,4.0,3.0,1.0,4.0,2.0,1.0,2.0,1.0,1.0,1.0,1.0,5.0,4.0,5.0,3.0,5,7,5,2,7,7,1,5,5,2,1,1,1,1,1,0,0,0,0,1,0,0,0,1,1,1,2,3,1,2,23,1,12,1,60,2,1,1
16415,4.0,5.0,4.0,3.0,4.0,1.0,1.0,3.0,3.0,1.0,1.0,3.0,1.0,2.0,4.0,3.0,2.0,4.0,1.0,1.0,5,4,6,2,4,5,7,2,7,5,1,1,1,1,1,0,1,1,0,1,1,0,1,1,1,1,2,2,1,1,20,1,6,1,70,1,1,3
16416,2.0,2.0,4.0,3.0,4.0,4.0,4.0,5.0,5.0,4.0,2.0,4.0,1.0,2.0,4.0,5.0,4.0,4.0,2.0,2.0,3,5,3,7,5,7,6,5,2,3,1,1,0,1,1,0,0,1,0,1,1,0,0,1,1,1,3,3,2,2,22,1,4,2,60,2,1,3
16417,4.0,5.0,1.0,1.0,5.0,1.0,5.0,2.0,1.0,2.0,1.0,5.0,4.0,2.0,4.0,1.0,2.0,4.0,4.0,5.0,5,7,6,4,5,3,6,2,3,1,1,1,1,1,1,0,1,1,1,1,1,0,1,1,1,1,1,2,1,2,18,1,7,1,60,2,1,0
16418,1.0,4.0,2.0,3.0,5.0,4.0,2.0,1.0,5.0,5.0,2.0,4.0,4.0,2.0,1.0,2.0,1.0,2.0,5.0,5.0,2,6,4,5,6,4,7,6,5,2,1,1,1,1,1,0,1,1,0,1,1,0,1,1,1,1,4,3,1,1,62,2,1,1,60,1,2,2
16419,1.0,2.0,3.0,5.0,2.0,5.0,2.0,3.0,5.0,3.0,1.0,1.0,2.0,3.0,4.0,5.0,2.0,3.0,4.0,1.0,7,5,7,5,7,1,7,5,6,7,1,1,1,1,1,0,0,0,0,1,0,0,1,1,1,1,2,2,1,1,21,1,1,1,60,2,1,2
16420,2.0,5.0,4.0,4.0,2.0,1.0,2.0,4.0,5.0,2.0,2.0,4.0,2.0,1.0,5.0,3.0,2.0,4.0,5.0,2.0,2,1,2,3,6,6,7,6,6,3,1,1,0,1,0,0,0,1,0,1,0,0,0,0,1,1,2,1,2,2,21,2,2,2,60,2,1,2
16421,5.0,5.0,1.0,1.0,5.0,1.0,1.0,5.0,1.0,1.0,1.0,5.0,5.0,1.0,5.0,1.0,1.0,5.0,5.0,3.0,7,3,2,2,7,1,2,5,5,1,1,1,1,1,1,0,0,0,0,1,0,1,1,1,1,1,3,3,1,1,21,1,12,3,60,2,1,1
16422,5.0,5.0,2.0,2.0,5.0,1.0,1.0,2.0,2.0,1.0,1.0,2.0,5.0,1.0,3.0,1.0,1.0,3.0,5.0,2.0,4,7,6,2,4,4,4,1,4,1,1,1,1,1,1,1,1,1,1,1,1,1,1,1,1,1,3,1,1,1,22,3,3,5,50,2,2,6
16423,4.0,5.0,2.0,3.0,5.0,1.0,1.0,4.0,4.0,2.0,1.0,5.0,2.0,1.0,4.0,4.0,1.0,2.0,4.0,1.0,2,3,1,6,5,7,7,6,4,1,1,1,1,1,1,0,1,0,0,1,1,0,0,1,1,1,2,1,1,2,20,2,12,1,60,1,1,4
16424,2.0,1.0,3.0,2.0,1.0,3.0,4.0,2.0,2.0,4.0,2.0,4.0,4.0,4.0,2.0,4.0,3.0,2.0,5.0,5.0,6,5,4,6,5,3,5,4,1,3,0,0,0,0,0,0,0,0,0,0,0,0,0,0,0,1,1,2,2,1,16,1,7,1,60,2,3,5
16425,2.0,4.0,1.0,3.0,4.0,1.0,2.0,3.0,4.0,4.0,1.0,5.0,1.0,1.0,4.0,3.0,3.0,4.0,5.0,3.0,2,6,2,5,6,7,5,7,5,2,1,1,0,1,0,0,0,0,0,1,0,0,0,0,1,1,2,3,1,2,21,2,1,4,60,2,1,2
16426,5.0,1.0,4.0,3.0,3.0,3.0,3.0,5.0,5.0,5.0,1.0,5.0,4.0,1.0,1.0,1.0,1.0,5.0,5.0,1.0,2,4,7,5,7,7,7,4,7,2,1,1,0,1,1,0,0,0,0,1,0,0,1,1,1,1,3,3,1,1,23,1,7,1,70,2,1,5
16427,5.0,5.0,1.0,4.0,3.0,5.0,2.0,5.0,1.0,3.0,4.0,3.0,5.0,1.0,4.0,4.0,4.0,5.0,5.0,1.0,2,4,1,4,1,7,7,6,3,4,1,0,0,1,0,0,0,0,0,0,0,0,0,0,0,0,2,3,1,2,19,1,1,4,60,2,1,2
16428,2.0,2.0,3.0,3.0,1.0,2.0,3.0,1.0,5.0,3.0,1.0,1.0,1.0,2.0,2.0,4.0,2.0,2.0,5.0,1.0,7,2,6,1,6,3,6,5,4,1,1,1,0,1,1,0,0,1,1,1,0,1,1,1,0,1,4,3,2,1,44,1,7,1,60,1,3,4
16429,2.0,5.0,1.0,1.0,5.0,4.0,4.0,1.0,5.0,5.0,1.0,1.0,1.0,1.0,4.0,4.0,4.0,5.0,5.0,5.0,6,7,7,4,6,1,6,1,6,5,1,1,1,1,1,0,0,0,0,1,0,0,0,1,1,1,3,1,2,2,28,1,7,1,60,1,1,4
16430,4.0,2.0,4.0,1.0,3.0,4.0,4.0,2.0,2.0,4.0,2.0,4.0,2.0,1.0,3.0,3.0,4.0,4.0,5.0,3.0,3,4,5,3,6,6,6,3,5,4,0,0,0,0,0,0,0,0,0,1,0,0,0,0,0,1,3,3,1,2,27,1,1,1,60,1,1,2
16431,5.0,5.0,2.0,2.0,5.0,3.0,1.0,5.0,3.0,4.0,2.0,4.0,1.0,1.0,5.0,2.0,4.0,4.0,4.0,5.0,3,6,3,7,3,5,5,6,0,2,1,0,0,1,1,0,0,1,0,1,1,0,0,1,1,1,2,3,2,2,22,1,1,4,60,1,1,1
16432,5.0,5.0,2.0,4.0,3.0,1.0,1.0,5.0,2.0,2.0,1.0,3.0,4.0,1.0,2.0,5.0,1.0,4.0,5.0,3.0,5,3,2,7,5,2,5,7,1,2,1,0,0,1,0,0,0,0,0,1,0,0,0,0,1,1,2,2,2,2,18,1,2,2,60,2,1,2
16433,5.0,5.0,2.0,1.0,5.0,2.0,2.0,5.0,3.0,1.0,1.0,5.0,2.0,1.0,4.0,2.0,2.0,5.0,5.0,3.0,6,7,4,5,7,4,6,5,3,2,0,1,0,1,0,0,0,1,0,1,0,0,0,0,1,1,2,3,1,2,26,1,1,1,70,1,1,2
16434,5.0,5.0,2.0,1.0,4.0,1.0,1.0,4.0,1.0,1.0,1.0,5.0,5.0,1.0,5.0,1.0,1.0,5.0,5.0,1.0,6,7,7,6,5,2,3,1,2,5,1,1,0,1,1,0,0,0,0,1,0,0,1,1,1,1,0,3,1,2,35,1,2,1,60,1,2,2
16435,5.0,5.0,1.0,3.0,4.0,1.0,1.0,3.0,1.0,1.0,1.0,5.0,2.0,1.0,2.0,2.0,1.0,5.0,4.0,3.0,2,5,3,4,6,6,2,4,6,2,1,1,0,1,1,0,0,1,0,1,0,0,1,1,1,1,3,3,1,1,28,1,2,1,30,1,1,3
16436,1.0,1.0,3.0,5.0,2.0,3.0,3.0,1.0,5.0,5.0,1.0,1.0,2.0,4.0,1.0,3.0,1.0,2.0,4.0,1.0,6,5,7,7,4,2,7,4,1,2,1,1,0,1,1,0,0,1,0,1,1,0,1,1,1,1,4,2,2,1,36,1,4,1,60,2,2,2
16437,4.0,4.0,3.0,3.0,4.0,2.0,2.0,4.0,2.0,1.0,1.0,4.0,4.0,1.0,4.0,2.0,1.0,4.0,2.0,4.0,5,5,3,2,6,3,2,7,5,3,1,0,0,1,0,0,0,0,0,0,0,0,0,0,0,0,2,2,1,2,21,1,4,1,60,1,1,4
16438,1.0,2.0,2.0,2.0,3.0,1.0,1.0,2.0,3.0,4.0,1.0,5.0,2.0,2.0,4.0,4.0,3.0,4.0,5.0,2.0,1,5,6,2,6,5,3,1,5,5,1,1,1,1,1,0,0,0,0,1,0,0,1,1,1,1,4,3,2,2,31,1,2,1,60,1,2,2
16439,4.0,2.0,3.0,4.0,4.0,4.0,3.0,4.0,5.0,4.0,2.0,4.0,4.0,3.0,3.0,5.0,3.0,4.0,4.0,2.0,1,4,3,5,4,6,3,5,4,4,0,0,0,1,1,0,0,0,0,0,0,0,1,0,1,1,2,3,1,2,20,1,2,1,60,1,1,2
16440,2.0,2.0,2.0,4.0,2.0,5.0,1.0,2.0,5.0,2.0,3.0,1.0,1.0,4.0,4.0,4.0,2.0,3.0,5.0,1.0,4,2,5,2,7,3,7,5,4,2,1,1,0,1,1,1,0,0,0,1,0,0,1,1,1,1,2,1,1,1,21,1,6,1,60,2,1,4
16441,1.0,1.0,3.0,4.0,1.0,4.0,5.0,3.0,5.0,4.0,4.0,2.0,1.0,2.0,3.0,2.0,2.0,1.0,5.0,1.0,6,6,7,1,6,2,4,2,7,4,1,1,0,1,1,0,0,0,0,1,0,0,0,1,1,1,3,2,1,1,21,1,4,1,60,1,1,4
16442,4.0,4.0,1.0,1.0,2.0,1.0,3.0,5.0,1.0,4.0,3.0,5.0,1.0,1.0,5.0,1.0,4.0,5.0,5.0,2.0,1,6,2,5,4,7,3,4,4,6,1,1,0,1,1,0,0,1,0,1,0,0,1,1,1,1,2,3,1,1,31,1,12,1,60,1,1,1
16443,4.0,2.0,2.0,1.0,3.0,1.0,1.0,5.0,2.0,2.0,1.0,5.0,5.0,2.0,3.0,5.0,5.0,4.0,5.0,4.0,5,5,1,6,4,5,5,7,3,1,1,0,0,1,1,0,0,0,0,1,0,0,0,1,1,1,2,3,1,2,22,1,6,1,30,2,1,3
16444,5.0,5.0,1.0,1.0,4.0,1.0,1.0,3.0,2.0,2.0,3.0,4.0,3.0,1.0,4.0,2.0,1.0,4.0,5.0,5.0,1,4,2,4,6,5,5,6,5,4,1,1,0,1,1,0,0,0,0,1,0,0,1,1,1,1,3,2,1,2,23,1,1,1,60,1,1,1
16445,1.0,1.0,5.0,1.0,5.0,2.0,1.0,3.0,5.0,5.0,1.0,4.0,1.0,1.0,5.0,1.0,1.0,3.0,1.0,1.0,1,5,1,7,1,7,2,5,1,5,0,1,0,0,1,0,1,0,0,1,1,0,1,1,1,1,3,1,1,2,40,1,4,1,60,2,2,4
16446,4.0,5.0,1.0,1.0,4.0,5.0,2.0,5.0,3.0,2.0,1.0,5.0,4.0,1.0,4.0,4.0,2.0,4.0,5.0,4.0,6,7,7,5,7,6,4,2,6,1,1,0,0,1,0,0,0,1,0,1,0,0,0,1,1,1,2,3,1,2,20,1,4,1,60,1,1,2
16447,5.0,5.0,4.0,2.0,4.0,5.0,4.0,4.0,5.0,2.0,1.0,5.0,4.0,1.0,2.0,2.0,3.0,4.0,5.0,4.0,2,5,3,3,6,5,5,5,5,2,1,1,0,1,1,0,0,1,0,1,1,0,0,1,1,1,1,3,1,2,17,2,1,1,60,2,1,1
16448,5.0,3.0,1.0,4.0,1.0,5.0,4.0,1.0,5.0,2.0,3.0,1.0,1.0,3.0,4.0,4.0,3.0,1.0,4.0,1.0,6,6,7,7,6,5,6,4,5,5,1,1,0,1,1,0,0,0,0,1,0,0,0,1,1,1,3,3,2,1,22,1,12,1,60,1,1,2
16449,5.0,3.0,2.0,3.0,3.0,3.0,1.0,3.0,4.0,2.0,1.0,5.0,5.0,2.0,2.0,1.0,2.0,4.0,5.0,2.0,6,6,4,3,7,3,6,5,6,3,1,1,0,1,0,0,0,1,0,1,0,0,0,1,1,1,3,2,1,2,24,1,10,1,70,1,1,0
16450,2.0,4.0,5.0,4.0,1.0,3.0,1.0,4.0,5.0,4.0,4.0,4.0,1.0,3.0,4.0,5.0,5.0,4.0,3.0,1.0,6,1,7,1,6,5,7,1,7,3,1,1,0,1,1,0,1,0,0,1,0,0,1,1,1,1,2,2,1,1,18,1,6,1,10,2,1,2
16451,4.0,5.0,3.0,1.0,5.0,1.0,1.0,4.0,2.0,1.0,1.0,5.0,2.0,1.0,5.0,1.0,1.0,5.0,5.0,4.0,2,6,3,5,6,5,2,6,1,5,1,1,0,1,1,0,0,0,0,1,0,0,1,1,1,1,2,2,2,2,21,1,2,2,60,2,1,2
16452,1.0,4.0,5.0,2.0,4.0,5.0,2.0,2.0,5.0,5.0,2.0,1.0,1.0,1.0,4.0,1.0,3.0,5.0,3.0,1.0,5,5,7,6,7,6,7,5,3,1,1,0,0,1,0,0,0,0,0,1,0,0,0,0,1,1,2,3,2,2,17,1,4,1,60,2,1,2
16453,1.0,3.0,4.0,5.0,2.0,4.0,2.0,1.0,5.0,4.0,2.0,2.0,1.0,4.0,2.0,4.0,4.0,4.0,5.0,2.0,3,5,7,6,2,7,6,2,7,5,1,1,0,1,1,0,0,1,0,1,0,0,1,1,1,1,3,3,1,2,20,2,2,1,60,2,1,3
16454,5.0,5.0,1.0,2.0,5.0,1.0,1.0,4.0,1.0,2.0,1.0,5.0,5.0,1.0,5.0,2.0,1.0,4.0,5.0,2.0,5,6,6,3,6,4,4,1,6,3,1,1,0,1,1,1,0,1,0,1,1,0,1,0,1,1,2,3,1,2,22,1,4,1,60,1,1,1
16455,4.0,3.0,1.0,5.0,3.0,2.0,2.0,2.0,4.0,5.0,1.0,4.0,1.0,1.0,3.0,4.0,1.0,4.0,5.0,1.0,5,6,4,2,7,5,6,3,3,2,1,1,1,1,1,0,0,0,0,1,1,0,1,1,1,1,3,3,2,1,60,1,12,1,60,1,2,3
16456,5.0,5.0,2.0,3.0,4.0,4.0,3.0,4.0,4.0,4.0,1.0,5.0,5.0,2.0,4.0,1.0,1.0,4.0,5.0,4.0,5,6,6,2,5,6,4,2,7,5,1,1,1,1,1,0,1,1,0,1,1,0,1,1,1,1,2,1,1,2,21,1,2,2,60,1,1,2
16457,5.0,5.0,2.0,4.0,4.0,1.0,4.0,5.0,2.0,1.0,1.0,5.0,4.0,1.0,5.0,1.0,2.0,4.0,2.0,3.0,2,1,5,2,5,7,3,4,6,3,1,1,0,1,1,0,0,0,0,1,0,0,0,1,1,1,2,3,1,2,20,1,10,1,10,2,1,2
16458,1.0,2.0,5.0,5.0,1.0,5.0,5.0,1.0,5.0,4.0,5.0,3.0,1.0,3.0,3.0,4.0,2.0,2.0,4.0,1.0,3,2,6,6,6,7,7,5,6,5,1,1,1,1,1,0,1,0,0,1,0,0,1,1,1,1,4,2,2,1,29,1,1,1,10,2,1,2
16459,3.0,4.0,5.0,4.0,4.0,5.0,5.0,2.0,5.0,3.0,1.0,4.0,1.0,2.0,1.0,5.0,1.0,4.0,1.0,1.0,5,5,7,1,6,6,6,1,7,1,1,1,1,1,1,1,0,1,0,1,1,0,1,1,1,1,3,3,1,2,61,1,10,1,70,2,3,10
16460,3.0,2.0,2.0,4.0,2.0,5.0,2.0,1.0,5.0,5.0,2.0,1.0,2.0,2.0,2.0,5.0,2.0,1.0,4.0,2.0,5,3,6,1,7,3,6,2,7,5,1,1,0,1,1,0,0,0,0,1,0,0,1,1,1,1,3,2,1,1,30,1,4,1,60,2,2,3
16461,4.0,5.0,3.0,1.0,4.0,1.0,1.0,5.0,3.0,4.0,1.0,2.0,5.0,2.0,3.0,1.0,3.0,3.0,5.0,4.0,4,6,7,5,4,5,3,3,7,1,1,1,1,1,1,0,0,1,0,1,0,0,0,1,1,1,2,2,1,2,18,1,2,1,60,2,1,1
16462,4.0,5.0,3.0,2.0,2.0,1.0,1.0,4.0,2.0,2.0,1.0,4.0,2.0,1.0,4.0,2.0,4.0,4.0,5.0,4.0,1,1,5,5,5,7,5,3,5,5,0,1,0,1,0,0,0,1,0,1,0,0,0,0,1,1,2,3,1,2,20,1,4,1,60,2,1,1
16463,4.0,5.0,4.0,4.0,4.0,2.0,2.0,1.0,4.0,4.0,4.0,5.0,1.0,1.0,2.0,2.0,3.0,2.0,5.0,4.0,7,5,2,2,6,3,6,7,6,2,1,0,0,1,0,0,0,0,0,1,0,0,0,0,1,1,2,3,1,2,18,1,1,1,60,2,1,2
16464,5.0,5.0,1.0,1.0,5.0,1.0,1.0,5.0,2.0,2.0,1.0,4.0,4.0,1.0,4.0,2.0,2.0,5.0,5.0,5.0,5,7,6,6,7,2,6,1,3,2,0,0,0,0,0,0,0,0,0,0,0,0,0,0,0,0,2,3,2,2,19,1,0,1,60,0,1,2
16465,5.0,5.0,1.0,3.0,5.0,2.0,1.0,5.0,4.0,1.0,1.0,5.0,2.0,2.0,5.0,3.0,1.0,5.0,5.0,1.0,5,7,7,2,7,5,2,2,7,1,1,1,0,1,1,0,0,1,0,1,0,0,0,1,1,1,2,3,1,2,18,1,2,1,60,2,1,1
16466,2.0,5.0,5.0,5.0,2.0,5.0,1.0,1.0,5.0,5.0,1.0,1.0,1.0,2.0,2.0,5.0,5.0,2.0,5.0,1.0,1,6,2,5,6,7,6,6,7,2,1,1,0,1,0,0,0,1,1,1,0,0,1,0,1,1,2,3,1,2,18,1,4,1,60,2,2,2
16467,3.0,1.0,2.0,4.0,2.0,2.0,4.0,1.0,5.0,2.0,1.0,3.0,1.0,2.0,1.0,5.0,1.0,4.0,5.0,3.0,6,6,5,3,6,4,5,3,3,3,1,1,1,1,1,0,0,0,0,1,0,0,1,1,1,1,3,3,1,1,44,1,4,1,60,2,2,2
16468,1.0,1.0,2.0,4.0,1.0,4.0,2.0,2.0,5.0,5.0,2.0,4.0,1.0,3.0,4.0,3.0,1.0,2.0,2.0,1.0,5,5,5,3,7,2,7,5,3,1,1,1,1,1,1,0,0,0,0,1,0,0,1,1,1,1,2,2,1,1,45,2,4,1,60,1,2,2
16469,1.0,1.0,2.0,5.0,1.0,2.0,4.0,4.0,5.0,5.0,2.0,4.0,3.0,2.0,2.0,3.0,2.0,3.0,4.0,2.0,7,5,7,2,6,1,6,1,2,2,1,1,1,1,1,0,1,1,0,1,0,0,1,1,1,1,4,3,2,1,62,1,1,1,60,1,2,4
16470,5.0,4.0,1.0,4.0,5.0,2.0,2.0,5.0,2.0,1.0,1.0,5.0,2.0,1.0,4.0,1.0,4.0,4.0,5.0,3.0,5,6,2,3,4,1,4,5,7,1,1,1,0,1,1,0,0,0,0,1,0,1,0,1,1,1,3,3,1,2,25,1,4,1,60,1,1,2
16471,2.0,2.0,3.0,4.0,1.0,1.0,1.0,4.0,3.0,2.0,1.0,4.0,1.0,2.0,5.0,1.0,3.0,5.0,5.0,1.0,2,7,5,5,2,6,3,1,6,5,1,1,1,1,1,0,0,1,0,1,0,0,1,1,1,1,3,3,1,1,26,1,6,1,60,2,1,10
16472,5.0,4.0,1.0,2.0,5.0,4.0,2.0,3.0,4.0,3.0,4.0,4.0,4.0,1.0,5.0,4.0,2.0,4.0,5.0,4.0,7,6,6,4,6,2,6,3,5,2,1,1,0,1,1,1,0,0,1,1,0,0,1,0,1,1,2,2,1,1,18,1,2,3,20,2,1,3
16473,3.0,4.0,2.0,4.0,5.0,2.0,4.0,2.0,2.0,3.0,1.0,5.0,5.0,1.0,4.0,2.0,1.0,3.0,5.0,4.0,6,2,5,3,6,3,3,2,5,3,1,1,0,1,1,0,0,1,0,1,1,0,1,1,1,1,3,3,1,1,27,1,2,1,60,1,1,2
16474,3.0,4.0,4.0,5.0,1.0,2.0,1.0,2.0,5.0,2.0,1.0,2.0,1.0,4.0,4.0,4.0,1.0,4.0,5.0,1.0,1,5,6,5,6,7,6,3,7,4,1,1,1,1,1,0,1,0,0,1,1,0,1,1,1,1,3,2,2,1,34,1,2,1,60,2,1,4
16475,4.0,1.0,4.0,3.0,2.0,5.0,5.0,3.0,5.0,4.0,1.0,3.0,2.0,1.0,4.0,3.0,5.0,3.0,5.0,3.0,3,1,4,5,4,5,6,5,5,2,1,1,0,1,1,0,0,0,0,1,0,0,1,0,1,1,3,3,1,1,22,1,1,1,60,2,1,3
16476,2.0,3.0,4.0,2.0,2.0,4.0,3.0,2.0,5.0,4.0,1.0,2.0,2.0,2.0,3.0,1.0,3.0,4.0,5.0,1.0,5,2,7,7,4,7,7,5,6,2,1,1,0,1,1,0,0,0,0,1,0,0,1,1,1,1,3,2,1,1,34,1,12,1,60,1,1,2
16477,5.0,4.0,2.0,1.0,3.0,1.0,1.0,2.0,2.0,1.0,1.0,5.0,5.0,1.0,5.0,1.0,1.0,5.0,5.0,3.0,2,5,4,6,5,6,5,2,6,2,1,1,0,1,1,0,0,1,0,1,0,0,0,1,1,1,2,3,1,1,19,1,2,1,60,1,1,1
16478,3.0,3.0,4.0,2.0,2.0,3.0,3.0,5.0,4.0,4.0,2.0,3.0,4.0,3.0,4.0,4.0,2.0,4.0,5.0,2.0,2,5,6,5,4,5,4,2,2,3,1,1,0,1,1,0,0,0,0,1,0,0,1,1,1,1,2,2,1,1,18,1,7,1,60,2,1,2
16479,1.0,5.0,5.0,4.0,4.0,1.0,2.0,1.0,5.0,4.0,5.0,1.0,1.0,4.0,1.0,2.0,4.0,1.0,4.0,1.0,1,1,6,5,5,6,5,3,5,4,1,1,1,1,1,0,0,0,0,1,0,0,1,1,1,1,3,1,2,1,44,1,12,1,60,1,2,3
16480,2.0,5.0,1.0,1.0,5.0,1.0,1.0,5.0,1.0,1.0,1.0,5.0,5.0,1.0,5.0,1.0,1.0,5.0,5.0,4.0,6,7,5,5,7,4,4,5,1,1,1,1,1,1,1,1,1,1,0,1,1,0,1,1,1,1,2,3,1,2,22,1,2,2,60,1,1,1
16481,4.0,4.0,2.0,2.0,2.0,2.0,2.0,4.0,5.0,2.0,2.0,3.0,2.0,2.0,4.0,2.0,2.0,2.0,4.0,2.0,3,1,5,2,6,5,4,5,6,2,1,1,0,1,1,0,0,0,0,1,0,1,0,1,1,1,3,2,2,1,20,1,12,2,60,1,1,2
16482,2.0,3.0,4.0,5.0,1.0,4.0,4.0,2.0,5.0,3.0,2.0,2.0,1.0,2.0,4.0,5.0,4.0,3.0,3.0,1.0,7,5,6,7,6,3,6,5,5,1,1,0,0,1,1,0,0,0,0,1,0,0,0,0,1,1,3,1,2,1,23,2,1,1,10,2,1,2
16483,4.0,4.0,2.0,4.0,4.0,4.0,2.0,2.0,4.0,2.0,2.0,2.0,4.0,3.0,3.0,2.0,1.0,2.0,5.0,1.0,5,5,6,6,5,3,6,1,5,1,0,1,0,1,1,0,0,0,0,0,0,0,1,1,1,1,3,1,1,1,28,1,6,1,60,1,1,3
16484,1.0,5.0,4.0,2.0,5.0,1.0,1.0,4.0,3.0,5.0,1.0,1.0,4.0,1.0,4.0,2.0,4.0,4.0,5.0,4.0,5,3,5,6,6,1,3,5,3,1,1,1,1,1,1,0,0,0,0,1,0,1,0,1,1,1,3,3,1,2,23,1,4,1,60,1,1,3
16485,4.0,4.0,1.0,3.0,5.0,2.0,2.0,5.0,4.0,2.0,1.0,5.0,5.0,1.0,5.0,4.0,2.0,2.0,5.0,3.0,6,5,6,2,7,3,6,2,7,1,1,1,0,1,1,1,0,0,0,1,0,0,1,1,1,1,3,2,1,1,29,1,7,1,60,1,1,1
16486,1.0,2.0,4.0,4.0,1.0,4.0,5.0,3.0,5.0,4.0,1.0,1.0,1.0,4.0,3.0,4.0,4.0,2.0,5.0,1.0,5,1,7,6,3,4,6,1,5,3,1,1,0,1,1,0,0,0,0,1,0,0,0,1,1,1,2,2,2,1,18,1,7,1,60,2,1,1
16487,2.0,2.0,2.0,4.0,3.0,5.0,5.0,5.0,5.0,5.0,3.0,2.0,3.0,4.0,2.0,5.0,2.0,2.0,4.0,1.0,6,3,7,5,6,1,7,2,3,1,1,1,0,1,1,0,0,0,0,1,0,0,0,1,1,1,3,3,2,1,40,1,2,1,60,1,2,3
16488,4.0,4.0,1.0,3.0,4.0,2.0,1.0,4.0,2.0,1.0,1.0,4.0,2.0,1.0,5.0,2.0,2.0,4.0,4.0,2.0,7,5,6,3,6,1,6,1,4,3,1,1,1,1,1,0,0,0,0,1,0,0,1,1,1,1,3,2,1,1,22,1,2,1,60,1,1,3
16489,1.0,1.0,1.0,5.0,1.0,2.0,2.0,1.0,5.0,3.0,3.0,1.0,1.0,1.0,1.0,5.0,4.0,1.0,1.0,1.0,7,5,7,1,7,2,6,1,6,1,1,1,1,1,1,0,0,0,0,1,0,0,1,1,1,1,3,2,2,1,45,1,4,1,60,1,2,5
16490,1.0,5.0,5.0,3.0,4.0,4.0,2.0,1.0,5.0,5.0,1.0,4.0,1.0,2.0,1.0,2.0,1.0,4.0,4.0,4.0,3,2,5,3,6,7,6,5,6,2,1,1,1,1,1,0,0,1,0,1,0,1,1,1,1,1,3,3,2,1,70,1,4,1,60,1,2,3
16491,5.0,4.0,3.0,5.0,4.0,2.0,1.0,4.0,4.0,5.0,1.0,4.0,4.0,2.0,5.0,2.0,2.0,4.0,5.0,2.0,5,6,7,4,7,5,3,2,6,2,1,1,1,1,1,0,0,1,0,1,0,0,1,1,1,1,2,2,1,1,19,1,4,1,60,1,1,2
16492,3.0,5.0,2.0,1.0,5.0,2.0,1.0,5.0,2.0,2.0,1.0,5.0,2.0,1.0,4.0,1.0,1.0,4.0,5.0,4.0,7,3,5,2,7,5,5,5,6,1,1,1,1,1,1,1,1,0,1,1,1,1,1,1,1,1,3,3,2,1,25,1,1,1,70,2,1,1
16493,4.0,1.0,3.0,5.0,4.0,1.0,1.0,1.0,4.0,4.0,1.0,4.0,1.0,2.0,5.0,5.0,1.0,4.0,5.0,1.0,1,6,3,2,2,7,5,6,6,6,1,1,1,1,1,0,0,1,0,1,1,0,1,1,1,1,2,2,1,1,21,1,2,1,60,1,1,3
16494,5.0,5.0,1.0,2.0,5.0,1.0,1.0,5.0,1.0,1.0,1.0,5.0,5.0,1.0,5.0,1.0,1.0,5.0,5.0,1.0,7,7,7,1,7,7,7,1,7,1,1,1,0,1,0,0,0,0,0,1,0,0,1,1,1,1,1,3,1,2,13,3,1,1,30,2,1,1
16495,5.0,1.0,1.0,2.0,2.0,1.0,2.0,1.0,5.0,1.0,2.0,5.0,1.0,2.0,1.0,5.0,1.0,2.0,1.0,1.0,6,5,6,7,7,6,7,7,6,3,1,1,0,1,1,0,0,0,0,1,0,0,1,1,1,1,3,2,2,1,28,1,10,1,10,1,1,3
16496,3.0,2.0,2.0,3.0,1.0,2.0,1.0,2.0,5.0,4.0,3.0,4.0,1.0,4.0,2.0,1.0,2.0,4.0,5.0,2.0,2,6,5,6,6,3,6,5,2,1,1,1,1,1,1,0,1,1,0,1,1,0,1,1,1,1,0,2,1,1,60,1,1,3,60,2,2,3
16497,5.0,5.0,1.0,1.0,5.0,1.0,1.0,5.0,1.0,1.0,1.0,5.0,5.0,1.0,5.0,1.0,1.0,5.0,5.0,4.0,6,7,5,1,7,5,3,5,7,2,1,1,1,1,1,1,1,1,1,1,1,1,1,1,1,1,4,3,1,1,21,3,2,2,60,2,1,4
16498,5.0,5.0,2.0,3.0,4.0,2.0,1.0,4.0,2.0,2.0,2.0,5.0,5.0,2.0,5.0,1.0,4.0,5.0,5.0,5.0,5,7,7,5,6,5,3,2,6,5,1,1,1,1,1,0,0,0,0,1,1,0,1,1,1,1,4,3,1,1,54,1,6,3,60,1,2,4
16499,1.0,1.0,5.0,3.0,3.0,5.0,5.0,1.0,5.0,5.0,4.0,2.0,1.0,3.0,4.0,5.0,1.0,1.0,1.0,2.0,4,3,7,5,6,4,7,1,5,2,1,1,0,1,1,0,0,0,0,1,0,0,1,1,1,1,3,2,2,2,34,1,3,1,60,2,2,2
16500,4.0,3.0,1.0,3.0,4.0,4.0,1.0,2.0,5.0,1.0,1.0,4.0,5.0,1.0,1.0,1.0,1.0,3.0,5.0,2.0,7,7,4,1,7,1,6,5,7,1,1,1,1,1,1,1,0,1,1,1,0,0,1,1,1,1,3,2,1,1,69,3,8,1,50,1,2,3
16501,5.0,5.0,1.0,1.0,5.0,1.0,1.0,3.0,1.0,1.0,1.0,5.0,5.0,1.0,2.0,2.0,1.0,4.0,5.0,5.0,4,2,7,2,5,2,2,1,3,3,0,0,0,0,1,0,0,0,0,1,0,0,0,0,0,0,4,3,1,1,53,1,4,1,60,1,3,4
16502,4.0,4.0,5.0,5.0,4.0,4.0,4.0,4.0,5.0,3.0,2.0,4.0,3.0,4.0,4.0,5.0,2.0,4.0,5.0,2.0,6,3,6,5,7,2,5,2,5,2,1,1,0,1,1,0,0,0,0,1,0,0,1,1,1,1,3,2,2,1,30,1,7,1,60,2,1,3
16503,4.0,5.0,2.0,4.0,4.0,1.0,1.0,3.0,4.0,5.0,2.0,4.0,1.0,5.0,4.0,2.0,2.0,2.0,5.0,1.0,4,5,6,6,7,4,7,1,5,2,1,1,0,1,1,0,0,0,0,1,0,0,0,1,1,1,4,2,2,1,35,1,9,1,60,1,2,2
16504,4.0,2.0,3.0,3.0,5.0,2.0,3.0,4.0,3.0,3.0,2.0,5.0,4.0,3.0,4.0,2.0,1.0,3.0,4.0,3.0,1,2,5,7,4,7,4,5,5,6,1,0,0,1,0,0,0,0,0,1,0,0,0,1,1,1,3,2,2,2,18,2,4,5,10,2,1,3
16505,3.0,2.0,1.0,3.0,4.0,2.0,3.0,3.0,3.0,4.0,2.0,4.0,3.0,2.0,4.0,2.0,2.0,2.0,4.0,4.0,1,1,5,2,4,7,6,5,4,6,1,1,1,1,1,0,0,1,0,1,0,0,1,1,1,1,3,3,1,1,23,1,1,1,70,2,1,2
16506,5.0,1.0,3.0,5.0,2.0,1.0,1.0,4.0,2.0,1.0,1.0,3.0,2.0,1.0,4.0,1.0,5.0,4.0,5.0,1.0,7,5,7,5,7,1,7,1,4,1,1,1,1,1,1,0,1,0,0,1,0,0,1,1,1,1,3,3,2,1,46,1,1,1,60,2,2,4
16507,5.0,4.0,4.0,1.0,5.0,4.0,1.0,5.0,1.0,3.0,2.0,5.0,5.0,1.0,4.0,4.0,1.0,4.0,5.0,5.0,6,3,5,1,6,4,4,2,6,5,1,1,1,1,1,0,0,1,0,1,0,0,1,1,1,1,3,2,1,1,22,1,12,1,70,1,1,2
16508,4.0,4.0,1.0,3.0,4.0,1.0,1.0,4.0,3.0,2.0,1.0,5.0,2.0,2.0,4.0,1.0,1.0,4.0,5.0,3.0,2,4,6,2,6,6,3,5,6,2,1,1,0,1,1,0,0,0,0,1,0,0,1,1,1,1,3,1,1,1,43,1,1,1,60,2,3,3
16509,4.0,4.0,2.0,2.0,4.0,3.0,2.0,5.0,4.0,2.0,2.0,4.0,4.0,1.0,4.0,4.0,2.0,4.0,1.0,4.0,1,1,6,1,7,6,4,5,7,1,1,1,1,1,1,0,1,1,0,1,1,0,1,1,1,1,4,1,1,2,25,1,4,1,60,1,1,1
16510,1.0,3.0,1.0,4.0,4.0,1.0,1.0,2.0,3.0,5.0,1.0,4.0,4.0,1.0,4.0,1.0,3.0,5.0,5.0,2.0,6,6,5,1,7,2,5,4,6,5,1,1,0,1,1,0,0,1,0,1,0,0,1,1,1,1,4,2,1,1,26,1,1,3,70,1,1,3
16511,4.0,5.0,5.0,1.0,5.0,5.0,5.0,4.0,5.0,2.0,1.0,5.0,2.0,2.0,5.0,5.0,5.0,5.0,5.0,1.0,2,2,6,7,7,7,6,7,1,1,1,0,0,1,0,0,0,1,0,1,0,0,0,1,1,1,4,3,2,2,29,1,12,2,10,2,1,2
16512,4.0,5.0,5.0,5.0,3.0,2.0,1.0,2.0,5.0,4.0,2.0,4.0,1.0,1.0,5.0,2.0,1.0,3.0,5.0,1.0,5,1,6,1,5,7,7,2,7,3,1,1,1,1,1,0,0,1,0,1,0,0,1,1,1,1,3,3,2,1,50,1,7,1,30,1,2,3
16513,2.0,2.0,2.0,2.0,4.0,4.0,1.0,4.0,5.0,5.0,1.0,4.0,2.0,1.0,3.0,1.0,1.0,5.0,4.0,2.0,5,7,5,1,6,3,7,1,7,2,1,1,0,1,1,0,0,0,0,0,0,0,0,1,1,1,2,1,2,2,19,1,6,1,60,2,1,3
16514,5.0,5.0,2.0,1.0,5.0,1.0,5.0,5.0,1.0,5.0,1.0,5.0,5.0,1.0,5.0,1.0,1.0,5.0,5.0,5.0,6,7,7,1,6,1,1,1,6,1,1,1,0,1,1,0,0,1,0,1,0,0,0,0,1,1,3,3,2,2,25,1,6,1,30,1,1,2
16515,5.0,5.0,3.0,4.0,4.0,1.0,1.0,1.0,3.0,5.0,2.0,5.0,4.0,2.0,5.0,1.0,1.0,4.0,5.0,1.0,2,5,3,5,6,6,3,5,3,3,1,1,1,1,1,0,0,0,0,1,0,0,1,1,1,1,3,1,2,1,28,1,2,1,60,1,1,2
16516,1.0,5.0,5.0,2.0,5.0,5.0,4.0,4.0,5.0,5.0,4.0,4.0,1.0,1.0,1.0,5.0,1.0,1.0,5.0,4.0,6,4,5,3,6,5,7,3,5,5,1,1,0,1,0,0,0,0,0,1,0,0,0,0,1,1,4,3,2,2,37,1,10,1,10,2,1,2
16517,2.0,2.0,3.0,3.0,2.0,4.0,4.0,1.0,4.0,5.0,3.0,5.0,2.0,3.0,2.0,4.0,5.0,4.0,4.0,1.0,7,7,5,6,7,1,6,3,3,2,1,1,0,1,1,0,0,0,0,1,0,0,0,1,1,1,3,2,2,2,27,1,2,1,60,1,3,2
16518,1.0,1.0,4.0,4.0,2.0,5.0,2.0,1.0,5.0,5.0,5.0,1.0,1.0,3.0,1.0,4.0,4.0,2.0,4.0,2.0,6,3,5,5,6,5,7,2,6,3,1,0,0,1,1,0,0,0,0,1,0,0,0,0,1,1,3,3,2,2,43,1,12,1,60,2,3,1
16519,5.0,5.0,1.0,1.0,5.0,1.0,1.0,4.0,1.0,2.0,1.0,5.0,5.0,1.0,5.0,1.0,1.0,2.0,5.0,5.0,2,5,6,1,6,7,1,1,7,5,1,1,0,1,1,0,0,0,0,1,0,0,1,1,1,1,3,3,1,2,25,1,2,1,60,1,1,2
16520,2.0,2.0,3.0,2.0,2.0,2.0,4.0,4.0,5.0,5.0,2.0,2.0,1.0,3.0,4.0,2.0,2.0,3.0,3.0,1.0,5,3,6,6,6,2,7,2,6,4,1,1,1,1,1,1,0,0,0,1,0,0,1,1,1,1,3,2,2,1,25,1,4,1,60,1,1,3
16521,5.0,4.0,4.0,5.0,4.0,5.0,1.0,2.0,5.0,5.0,2.0,5.0,1.0,4.0,4.0,4.0,4.0,4.0,5.0,2.0,2,2,5,7,6,7,7,6,5,2,1,0,0,1,1,0,0,0,0,1,0,0,0,1,1,1,3,3,2,2,37,1,8,1,10,1,3,2
16522,1.0,3.0,1.0,4.0,1.0,2.0,1.0,1.0,2.0,3.0,1.0,2.0,1.0,3.0,1.0,3.0,5.0,3.0,2.0,1.0,3,5,2,6,6,4,4,3,3,3,1,1,0,1,1,0,0,1,0,1,1,0,0,1,1,1,4,3,1,2,26,1,2,1,60,2,1,1
16523,5.0,4.0,2.0,4.0,5.0,1.0,1.0,2.0,1.0,1.0,1.0,5.0,1.0,1.0,5.0,1.0,1.0,5.0,4.0,3.0,6,5,7,6,6,5,3,4,4,1,1,1,1,1,1,0,1,1,0,1,0,0,1,1,1,1,4,2,1,1,55,1,6,1,60,1,2,1
16524,1.0,1.0,5.0,4.0,3.0,4.0,5.0,1.0,5.0,5.0,3.0,1.0,1.0,4.0,1.0,2.0,4.0,1.0,3.0,1.0,6,5,6,2,6,5,6,2,6,1,1,1,1,1,1,1,0,1,0,1,0,0,1,1,1,1,3,3,1,1,59,1,12,1,60,2,2,4
16525,3.0,3.0,4.0,3.0,4.0,3.0,2.0,3.0,4.0,3.0,1.0,5.0,2.0,3.0,4.0,4.0,2.0,2.0,5.0,3.0,1,3,7,6,5,7,4,2,6,5,1,1,1,1,1,0,0,1,0,1,0,0,1,1,1,1,4,3,2,1,39,2,1,1,60,1,2,3
16526,5.0,5.0,5.0,3.0,5.0,3.0,5.0,4.0,5.0,3.0,2.0,5.0,5.0,3.0,1.0,5.0,5.0,3.0,1.0,5.0,7,6,6,6,7,7,6,5,3,1,0,0,0,0,0,0,0,0,0,0,0,0,0,0,0,0,4,3,1,1,27,1,8,1,10,2,1,2
16527,4.0,5.0,3.0,2.0,4.0,1.0,1.0,4.0,3.0,1.0,1.0,2.0,2.0,1.0,5.0,1.0,2.0,2.0,5.0,2.0,6,6,1,6,5,2,5,6,2,1,1,1,0,1,1,0,0,1,0,1,0,0,0,1,1,1,2,3,2,1,18,1,1,2,60,2,1,3
16528,5.0,4.0,3.0,4.0,3.0,4.0,2.0,2.0,5.0,3.0,1.0,3.0,4.0,3.0,1.0,1.0,3.0,4.0,4.0,2.0,1,3,6,6,4,7,7,5,4,5,1,1,1,1,1,0,0,0,0,1,0,0,1,1,1,1,2,2,1,1,19,1,7,1,30,2,1,3
16529,1.0,1.0,3.0,4.0,2.0,3.0,2.0,5.0,5.0,4.0,3.0,4.0,1.0,1.0,5.0,2.0,5.0,2.0,5.0,1.0,6,7,7,2,2,2,6,4,4,6,0,0,0,0,0,0,0,0,0,1,1,0,0,1,0,1,4,3,1,2,29,1,12,1,60,1,1,1
16530,1.0,1.0,5.0,5.0,1.0,2.0,2.0,1.0,5.0,5.0,4.0,1.0,1.0,2.0,2.0,5.0,5.0,1.0,2.0,1.0,6,2,7,2,6,3,7,2,7,1,1,1,1,1,1,0,1,0,0,1,0,0,1,1,1,1,4,3,1,1,67,1,1,1,60,1,3,6
16531,4.0,4.0,1.0,4.0,5.0,4.0,1.0,4.0,5.0,1.0,1.0,2.0,2.0,1.0,4.0,1.0,1.0,5.0,5.0,1.0,6,2,5,2,7,6,3,3,5,2,1,1,0,1,1,0,0,0,0,1,0,0,1,1,1,1,2,3,1,1,24,1,2,1,70,2,1,4
16532,1.0,1.0,5.0,1.0,1.0,5.0,5.0,1.0,5.0,5.0,5.0,1.0,1.0,2.0,1.0,2.0,1.0,1.0,3.0,1.0,2,1,6,3,6,3,7,3,6,5,0,1,1,1,1,0,0,0,0,1,0,1,0,1,1,1,3,3,2,1,33,1,4,1,60,1,1,3
16533,1.0,1.0,5.0,5.0,1.0,5.0,5.0,1.0,5.0,5.0,1.0,1.0,1.0,2.0,1.0,5.0,1.0,1.0,5.0,1.0,6,5,2,2,7,4,7,3,3,3,0,0,0,0,0,0,0,0,0,0,0,0,0,0,0,0,1,1,2,2,32,1,7,1,60,1,2,7
16534,1.0,1.0,1.0,5.0,1.0,4.0,3.0,3.0,5.0,5.0,1.0,3.0,1.0,3.0,3.0,1.0,5.0,2.0,5.0,1.0,7,2,7,1,7,7,6,1,5,1,1,1,0,1,1,0,0,0,0,1,0,0,1,0,1,1,3,2,1,1,38,1,4,1,30,1,1,2
16535,5.0,1.0,3.0,1.0,5.0,1.0,4.0,2.0,5.0,5.0,1.0,3.0,5.0,1.0,3.0,2.0,4.0,4.0,2.0,2.0,6,3,7,7,5,1,6,0,6,1,1,0,0,0,0,0,0,0,0,0,0,0,0,0,0,1,2,1,1,1,17,1,6,5,30,2,1,7
16536,2.0,4.0,5.0,4.0,4.0,4.0,5.0,3.0,4.0,4.0,3.0,4.0,1.0,1.0,4.0,1.0,4.0,4.0,2.0,1.0,5,1,5,6,5,5,6,3,1,4,1,1,0,1,0,0,0,1,0,1,1,0,0,1,1,1,4,3,2,2,40,1,4,1,60,2,2,3
16537,1.0,1.0,5.0,1.0,2.0,5.0,5.0,1.0,5.0,5.0,1.0,1.0,1.0,2.0,2.0,5.0,3.0,1.0,1.0,5.0,2,1,6,6,7,7,6,2,4,7,1,1,1,1,1,0,0,0,0,1,0,0,1,1,1,1,3,0,1,1,49,2,6,1,0,1,2,3
16538,5.0,1.0,3.0,1.0,2.0,2.0,1.0,5.0,2.0,1.0,1.0,5.0,1.0,2.0,4.0,2.0,1.0,4.0,5.0,3.0,7,2,7,2,7,3,6,2,3,2,1,1,1,1,1,0,0,0,0,1,0,1,1,1,1,1,2,2,1,1,18,1,4,1,60,2,1,2
16539,3.0,1.0,5.0,5.0,1.0,5.0,5.0,1.0,5.0,5.0,5.0,1.0,1.0,2.0,1.0,5.0,1.0,1.0,1.0,1.0,6,2,7,2,7,7,7,1,6,1,1,1,0,1,1,0,0,1,0,1,1,0,1,1,1,1,4,3,2,2,35,1,6,1,10,2,2,2
16540,1.0,1.0,5.0,3.0,4.0,3.0,1.0,5.0,5.0,1.0,1.0,4.0,4.0,4.0,4.0,2.0,2.0,1.0,2.0,2.0,2,5,4,6,3,7,6,3,3,7,1,1,1,1,1,0,0,1,0,1,0,0,1,1,1,1,3,1,2,1,69,1,6,1,60,2,3,4
16541,5.0,5.0,1.0,1.0,5.0,1.0,1.0,2.0,1.0,1.0,2.0,5.0,2.0,1.0,4.0,3.0,1.0,4.0,5.0,5.0,1,5,5,6,6,6,2,1,1,1,1,1,0,1,0,0,0,1,0,1,1,0,1,1,1,1,4,3,1,2,23,1,2,1,60,1,1,2
16542,5.0,5.0,5.0,1.0,3.0,1.0,1.0,3.0,5.0,3.0,1.0,3.0,5.0,1.0,5.0,5.0,1.0,1.0,5.0,3.0,7,7,7,0,1,7,7,1,0,7,1,0,0,1,0,0,0,0,0,0,0,0,0,1,1,1,4,2,1,2,30,1,2,5,60,2,1,3
16543,5.0,1.0,1.0,4.0,4.0,4.0,4.0,1.0,5.0,1.0,1.0,5.0,4.0,1.0,1.0,1.0,1.0,4.0,3.0,1.0,6,1,7,1,5,5,7,1,7,5,1,1,0,1,1,0,0,0,0,1,0,0,1,1,1,1,4,3,1,1,47,1,7,1,30,1,3,2
16544,1.0,3.0,4.0,2.0,4.0,5.0,2.0,1.0,5.0,5.0,1.0,2.0,1.0,1.0,1.0,4.0,1.0,2.0,5.0,1.0,2,1,7,1,6,7,4,1,7,4,1,1,0,1,1,0,0,1,0,1,0,0,1,0,1,1,3,2,1,2,29,1,4,1,60,1,2,3
16545,5.0,5.0,4.0,1.0,4.0,4.0,2.0,4.0,4.0,3.0,1.0,5.0,3.0,4.0,5.0,3.0,1.0,4.0,5.0,2.0,4,7,6,6,5,4,5,1,3,1,1,1,0,1,1,0,0,1,0,1,0,1,1,1,1,1,3,2,1,1,22,1,6,2,60,2,1,2
16546,4.0,4.0,2.0,1.0,4.0,2.0,1.0,5.0,2.0,4.0,2.0,4.0,4.0,1.0,5.0,5.0,2.0,5.0,5.0,4.0,7,6,3,7,6,2,3,5,2,2,1,1,1,1,1,1,0,0,0,1,1,0,1,1,1,1,2,3,2,2,18,1,3,1,10,2,1,2
16547,1.0,4.0,5.0,1.0,5.0,2.0,2.0,1.0,3.0,4.0,1.0,5.0,4.0,2.0,4.0,1.0,1.0,4.0,5.0,1.0,6,5,6,5,3,5,7,5,5,2,1,1,0,1,1,0,0,0,0,1,1,0,1,0,1,1,2,2,1,1,48,1,2,1,60,1,3,3
16548,4.0,4.0,2.0,2.0,4.0,4.0,4.0,4.0,4.0,2.0,2.0,4.0,4.0,2.0,3.0,1.0,2.0,4.0,4.0,4.0,1,2,3,7,5,7,6,6,2,3,1,1,1,1,1,0,1,0,0,1,0,0,1,1,1,1,4,1,1,1,51,1,1,1,60,2,1,1
16549,1.0,1.0,5.0,4.0,1.0,5.0,5.0,2.0,5.0,5.0,1.0,2.0,1.0,3.0,4.0,3.0,1.0,1.0,1.0,4.0,5,1,7,2,6,5,7,2,7,1,1,1,0,1,1,0,0,0,0,1,0,0,0,1,1,1,3,3,2,1,35,1,6,1,60,1,3,2
16550,1.0,2.0,5.0,1.0,2.0,2.0,1.0,4.0,4.0,5.0,1.0,2.0,1.0,2.0,5.0,2.0,3.0,4.0,3.0,1.0,5,3,7,7,6,6,7,2,6,1,1,1,0,1,1,0,0,1,0,1,0,0,0,1,1,1,2,2,2,1,18,2,4,1,60,2,1,4
16551,4.0,4.0,5.0,5.0,2.0,2.0,1.0,4.0,4.0,5.0,1.0,1.0,1.0,2.0,3.0,1.0,4.0,2.0,5.0,4.0,6,1,3,5,6,1,7,6,2,1,1,1,0,1,0,0,0,0,0,1,0,0,0,0,1,1,4,1,2,2,43,1,4,1,60,1,2,2
16552,5.0,5.0,1.0,4.0,5.0,2.0,2.0,5.0,1.0,1.0,2.0,5.0,5.0,2.0,5.0,3.0,1.0,5.0,5.0,5.0,7,4,7,1,7,1,4,4,7,1,1,1,1,1,1,1,0,0,0,1,0,0,1,1,0,1,1,2,1,1,17,1,5,1,60,2,1,9
16553,1.0,2.0,5.0,5.0,2.0,4.0,4.0,1.0,5.0,4.0,5.0,3.0,3.0,3.0,4.0,4.0,1.0,2.0,5.0,1.0,5,2,3,2,7,5,7,6,5,1,1,1,0,1,1,0,0,0,0,1,0,0,1,1,1,1,3,1,1,1,43,1,1,1,60,1,2,3
16554,1.0,2.0,5.0,3.0,1.0,5.0,5.0,2.0,5.0,5.0,4.0,1.0,1.0,3.0,3.0,5.0,3.0,1.0,4.0,1.0,5,3,7,2,7,2,7,3,6,1,1,1,0,1,1,0,1,0,1,1,0,0,0,1,1,1,2,1,2,1,25,1,4,1,70,1,1,6
16555,2.0,2.0,2.0,2.0,4.0,4.0,2.0,1.0,5.0,5.0,2.0,5.0,4.0,4.0,5.0,1.0,1.0,4.0,3.0,1.0,6,5,7,2,7,1,7,1,6,1,1,1,1,1,1,1,1,1,0,1,0,0,1,1,1,1,3,2,2,1,21,1,6,1,60,1,1,0
16556,4.0,5.0,1.0,1.0,5.0,1.0,1.0,1.0,2.0,3.0,1.0,5.0,4.0,3.0,5.0,2.0,2.0,3.0,5.0,1.0,7,5,2,7,7,1,1,7,1,1,1,1,0,1,1,0,0,1,0,1,1,0,1,1,1,1,2,2,1,1,26,2,12,1,60,1,1,1
16557,4.0,3.0,3.0,3.0,3.0,4.0,4.0,4.0,5.0,5.0,3.0,3.0,3.0,3.0,2.0,3.0,2.0,5.0,3.0,1.0,7,3,6,5,7,4,6,3,6,1,0,0,0,0,0,0,0,1,0,1,1,0,0,1,0,1,3,3,2,1,21,1,2,2,70,2,1,2
16558,2.0,1.0,4.0,3.0,1.0,5.0,3.0,2.0,5.0,5.0,4.0,1.0,1.0,3.0,1.0,4.0,2.0,1.0,3.0,1.0,5,2,7,6,7,6,7,1,5,1,1,1,0,1,1,0,0,0,0,1,0,0,0,1,1,1,3,2,2,1,25,1,4,1,60,1,1,2
16559,2.0,2.0,4.0,4.0,2.0,4.0,5.0,2.0,5.0,4.0,4.0,3.0,2.0,3.0,2.0,4.0,2.0,2.0,3.0,2.0,5,2,6,1,5,3,6,1,6,3,0,0,0,0,0,0,0,0,0,0,0,0,0,0,0,1,2,1,2,1,21,1,7,1,60,1,1,2
16560,2.0,2.0,2.0,4.0,2.0,2.0,2.0,2.0,4.0,4.0,1.0,4.0,1.0,2.0,3.0,2.0,2.0,5.0,5.0,4.0,4,4,3,4,7,2,4,6,3,3,0,0,0,0,0,0,0,0,0,0,0,0,0,0,0,1,3,3,1,2,25,1,1,1,20,2,1,5
16561,5.0,3.0,1.0,3.0,2.0,3.0,2.0,3.0,5.0,2.0,3.0,5.0,3.0,2.0,5.0,2.0,3.0,4.0,4.0,4.0,6,5,0,4,7,2,6,4,4,3,1,1,0,1,1,0,0,0,0,1,0,0,1,1,1,1,3,2,2,1,24,1,4,1,60,2,1,3
16562,1.0,1.0,4.0,1.0,4.0,4.0,4.0,4.0,5.0,5.0,1.0,5.0,2.0,1.0,1.0,4.0,1.0,5.0,1.0,1.0,5,7,1,5,5,6,2,5,3,6,1,1,1,1,1,0,1,1,0,1,1,0,1,1,1,1,2,2,1,1,19,1,4,1,60,0,1,3
16563,3.0,2.0,2.0,2.0,2.0,2.0,1.0,2.0,5.0,2.0,1.0,5.0,1.0,2.0,4.0,2.0,1.0,5.0,5.0,2.0,6,2,4,6,4,2,4,4,4,6,1,1,1,1,1,1,0,0,0,1,0,0,1,1,1,1,3,3,2,1,53,1,4,1,60,2,2,0
16564,4.0,1.0,2.0,3.0,5.0,5.0,4.0,2.0,5.0,4.0,1.0,4.0,3.0,3.0,2.0,5.0,5.0,3.0,5.0,2.0,2,7,7,3,7,4,5,3,5,1,1,1,0,0,1,0,0,0,0,1,0,0,1,1,1,1,3,1,1,1,62,3,12,0,0,1,2,3
16565,5.0,4.0,3.0,2.0,5.0,2.0,3.0,5.0,2.0,3.0,2.0,4.0,4.0,1.0,5.0,4.0,1.0,2.0,4.0,1.0,2,6,4,3,6,5,2,6,7,5,1,1,0,1,1,0,0,0,0,1,0,0,1,1,1,1,3,2,1,2,18,1,4,1,30,2,1,2
16566,5.0,5.0,1.0,1.0,5.0,1.0,1.0,5.0,2.0,1.0,1.0,5.0,5.0,1.0,4.0,1.0,1.0,5.0,5.0,5.0,1,6,6,1,5,3,4,2,4,4,1,1,0,1,1,0,0,0,0,1,0,0,1,1,1,1,2,1,1,1,24,1,6,4,60,1,1,2
16567,1.0,1.0,4.0,5.0,1.0,5.0,3.0,1.0,5.0,1.0,3.0,4.0,1.0,5.0,4.0,3.0,4.0,4.0,2.0,1.0,5,6,6,6,7,5,5,6,5,5,1,1,0,1,1,0,0,1,1,1,0,0,0,1,1,1,4,1,2,1,30,1,7,1,60,2,1,2
16568,3.0,1.0,5.0,5.0,2.0,5.0,5.0,1.0,5.0,5.0,1.0,4.0,1.0,3.0,1.0,5.0,1.0,1.0,5.0,5.0,3,3,6,1,4,7,7,2,7,4,1,1,1,1,1,0,1,1,0,1,1,0,1,1,1,1,3,2,1,1,64,1,1,1,60,1,2,4
16569,1.0,4.0,2.0,2.0,5.0,1.0,2.0,1.0,2.0,2.0,1.0,5.0,1.0,1.0,5.0,1.0,5.0,5.0,5.0,1.0,1,2,5,6,6,6,6,2,5,2,1,1,0,1,1,0,1,0,0,1,0,0,0,1,1,1,4,2,2,1,29,1,8,1,10,1,2,2
16570,1.0,4.0,3.0,3.0,2.0,4.0,2.0,2.0,5.0,2.0,3.0,2.0,1.0,4.0,3.0,5.0,4.0,3.0,5.0,1.0,3,4,4,5,6,4,6,2,4,2,1,1,1,1,1,0,1,1,0,1,1,0,1,1,1,1,3,2,1,1,50,1,7,1,60,1,1,1
16571,3.0,4.0,1.0,4.0,5.0,1.0,1.0,4.0,4.0,4.0,1.0,5.0,5.0,2.0,4.0,1.0,1.0,4.0,5.0,2.0,6,2,4,5,7,4,6,4,6,2,1,1,0,1,1,0,0,1,0,1,0,0,1,1,1,1,4,3,1,2,60,1,12,1,60,2,3,6
16572,3.0,1.0,5.0,4.0,2.0,5.0,5.0,2.0,5.0,2.0,4.0,3.0,1.0,2.0,3.0,5.0,2.0,1.0,1.0,1.0,6,3,7,2,7,1,6,1,7,1,1,1,1,1,1,0,0,0,1,1,0,0,1,1,1,1,2,2,2,1,22,1,7,1,60,1,2,2
16573,5.0,5.0,1.0,1.0,4.0,1.0,1.0,2.0,2.0,2.0,1.0,5.0,2.0,1.0,5.0,3.0,1.0,4.0,5.0,1.0,6,7,6,3,6,4,1,7,6,1,1,1,0,1,1,0,0,0,0,1,0,0,1,1,1,1,3,3,1,2,19,1,1,1,60,2,1,2
16574,4.0,4.0,1.0,4.0,2.0,1.0,2.0,2.0,3.0,2.0,1.0,4.0,3.0,1.0,4.0,2.0,4.0,4.0,2.0,1.0,7,7,5,6,7,2,6,5,6,2,1,1,0,1,1,0,0,1,0,1,0,0,1,0,1,1,3,3,1,2,29,1,1,1,60,1,1,3
16575,5.0,4.0,3.0,3.0,4.0,2.0,1.0,4.0,2.0,3.0,2.0,5.0,4.0,2.0,5.0,3.0,1.0,5.0,5.0,3.0,5,4,7,3,5,4,5,1,6,2,1,1,0,1,1,0,0,0,0,1,0,0,1,1,1,1,3,2,1,2,29,1,4,1,60,1,2,2
16576,5.0,5.0,1.0,1.0,5.0,2.0,1.0,5.0,1.0,2.0,1.0,5.0,4.0,2.0,5.0,1.0,1.0,3.0,5.0,5.0,1,6,5,7,7,7,6,5,2,1,1,1,0,1,1,0,0,0,0,0,1,1,1,1,1,1,3,1,1,2,29,1,12,3,60,2,1,0
16577,3.0,2.0,1.0,1.0,1.0,1.0,1.0,2.0,5.0,4.0,1.0,5.0,2.0,3.0,3.0,1.0,4.0,4.0,5.0,3.0,6,6,6,5,5,2,2,6,2,1,1,1,1,1,1,0,1,1,0,1,0,0,1,1,1,1,4,2,1,1,74,1,1,1,60,1,3,1
16578,1.0,4.0,3.0,5.0,1.0,4.0,1.0,1.0,5.0,4.0,1.0,4.0,4.0,4.0,3.0,3.0,1.0,4.0,5.0,1.0,5,1,6,2,5,2,3,5,7,2,1,1,0,1,1,0,0,0,0,1,0,0,1,1,1,1,3,2,1,1,25,1,7,1,60,1,1,3
16579,5.0,4.0,4.0,3.0,5.0,2.0,1.0,2.0,4.0,5.0,1.0,2.0,4.0,4.0,5.0,1.0,1.0,2.0,5.0,1.0,3,6,6,2,7,5,3,6,3,3,1,1,1,1,1,0,0,0,0,1,1,0,1,1,1,1,3,1,2,1,19,1,1,1,60,1,1,2
16580,2.0,3.0,3.0,3.0,5.0,5.0,4.0,3.0,5.0,5.0,1.0,2.0,4.0,3.0,3.0,4.0,3.0,3.0,3.0,1.0,7,1,6,5,7,4,7,5,1,1,1,1,0,1,0,0,0,1,0,1,0,0,1,1,1,1,2,2,2,1,29,1,12,2,60,2,2,0
16581,4.0,5.0,2.0,3.0,5.0,2.0,1.0,4.0,5.0,2.0,2.0,2.0,1.0,2.0,5.0,2.0,2.0,3.0,5.0,4.0,3,1,5,6,4,7,7,3,4,3,1,1,1,1,1,0,0,1,0,1,0,0,1,1,1,1,2,3,3,1,20,1,4,4,60,1,1,2
16582,1.0,3.0,5.0,4.0,3.0,3.0,2.0,2.0,5.0,5.0,2.0,2.0,1.0,3.0,2.0,5.0,5.0,3.0,3.0,1.0,2,2,5,6,5,6,7,3,4,3,1,1,0,1,1,0,0,0,0,1,0,0,0,0,1,1,2,2,3,1,19,1,9,5,60,1,1,1
16583,3.0,2.0,2.0,3.0,4.0,2.0,2.0,4.0,4.0,4.0,1.0,3.0,4.0,2.0,4.0,2.0,2.0,4.0,5.0,2.0,3,4,6,3,3,7,6,1,6,2,1,1,1,1,1,0,1,1,0,1,0,1,1,1,1,1,1,1,2,1,15,1,6,1,60,2,1,2
16584,5.0,1.0,4.0,3.0,2.0,3.0,5.0,5.0,4.0,4.0,2.0,5.0,2.0,1.0,4.0,2.0,4.0,4.0,5.0,1.0,6,7,3,1,7,1,2,5,4,1,0,1,0,0,1,0,0,0,0,0,0,0,0,0,1,1,3,1,1,2,38,1,6,2,60,2,1,2
16585,4.0,4.0,3.0,1.0,2.0,4.0,2.0,2.0,3.0,4.0,1.0,5.0,4.0,2.0,4.0,3.0,1.0,5.0,5.0,2.0,6,5,7,4,6,2,5,4,6,2,1,1,0,1,1,1,0,0,0,1,0,1,1,1,1,1,2,2,1,1,19,1,2,1,60,2,1,3
16586,2.0,2.0,2.0,4.0,4.0,4.0,2.0,3.0,3.0,2.0,1.0,4.0,5.0,4.0,2.0,2.0,2.0,4.0,5.0,2.0,1,6,3,7,5,7,5,5,2,3,1,1,0,1,1,0,0,1,0,1,0,0,1,1,1,1,3,2,2,1,21,1,2,1,10,2,1,3
16587,2.0,2.0,2.0,4.0,2.0,2.0,4.0,2.0,5.0,4.0,1.0,4.0,1.0,2.0,2.0,3.0,4.0,4.0,2.0,3.0,4,6,5,7,6,4,4,3,2,2,1,1,0,1,1,0,0,0,0,1,0,0,0,1,1,1,3,3,2,1,28,1,4,3,10,2,1,3
16588,3.0,3.0,3.0,3.0,4.0,4.0,3.0,1.0,3.0,4.0,2.0,2.0,3.0,3.0,4.0,4.0,4.0,4.0,5.0,3.0,4,1,7,3,5,4,7,4,7,3,1,1,1,1,1,0,0,0,0,1,0,0,1,1,1,1,3,3,1,1,22,1,4,2,70,1,1,3
16589,4.0,4.0,5.0,1.0,4.0,1.0,1.0,3.0,3.0,3.0,5.0,5.0,3.0,1.0,5.0,1.0,3.0,5.0,4.0,1.0,5,5,2,6,2,6,5,6,2,4,1,1,0,1,0,0,0,0,0,1,0,0,0,1,1,1,2,3,1,2,15,1,6,2,70,2,1,2
16590,5.0,5.0,3.0,5.0,4.0,4.0,1.0,4.0,4.0,2.0,1.0,4.0,5.0,2.0,4.0,5.0,3.0,4.0,4.0,2.0,6,6,5,3,6,6,6,3,6,2,0,0,0,0,1,1,0,0,1,1,0,0,0,0,0,1,3,2,1,2,21,1,10,1,10,1,1,3
16591,4.0,5.0,2.0,4.0,5.0,2.0,1.0,5.0,5.0,2.0,2.0,5.0,1.0,1.0,5.0,1.0,5.0,1.0,3.0,1.0,5,5,3,1,5,4,6,6,7,2,1,1,0,1,1,0,0,1,0,1,0,0,1,1,1,1,2,3,2,2,20,1,2,1,10,2,1,1
16592,1.0,2.0,2.0,2.0,2.0,1.0,1.0,2.0,4.0,2.0,2.0,1.0,1.0,3.0,2.0,4.0,3.0,3.0,4.0,3.0,3,2,3,3,6,6,6,5,4,5,1,1,0,1,1,0,0,0,0,1,0,0,1,1,1,1,2,2,2,1,21,1,6,1,60,1,1,1
16593,1.0,1.0,1.0,5.0,3.0,4.0,3.0,1.0,5.0,3.0,1.0,3.0,5.0,5.0,3.0,4.0,1.0,1.0,1.0,1.0,7,4,7,5,7,7,7,1,7,1,0,0,0,0,0,0,0,0,0,0,0,0,0,0,0,1,3,3,1,1,22,1,7,1,30,1,1,2
16594,3.0,2.0,2.0,1.0,3.0,1.0,1.0,3.0,1.0,2.0,1.0,4.0,3.0,1.0,4.0,2.0,1.0,5.0,5.0,2.0,6,1,3,6,7,1,4,3,5,1,1,1,0,1,1,0,0,1,0,1,0,0,1,1,1,1,3,3,2,1,31,1,2,2,60,2,1,2
16595,4.0,3.0,4.0,2.0,4.0,2.0,2.0,4.0,4.0,4.0,2.0,5.0,2.0,3.0,4.0,1.0,4.0,5.0,4.0,4.0,5,5,4,6,7,4,4,4,3,2,1,1,1,1,1,0,0,0,0,1,0,0,0,1,1,1,4,3,2,2,24,1,2,1,60,1,1,3
16596,3.0,5.0,1.0,4.0,5.0,1.0,1.0,5.0,2.0,4.0,1.0,5.0,3.0,1.0,5.0,5.0,1.0,5.0,5.0,5.0,4,5,3,6,7,4,6,2,7,1,1,1,1,1,1,1,0,0,0,1,0,0,1,1,1,1,4,3,1,2,26,2,8,1,70,2,1,2
16597,5.0,5.0,1.0,5.0,1.0,5.0,1.0,1.0,5.0,5.0,3.0,5.0,1.0,1.0,3.0,5.0,3.0,1.0,5.0,1.0,1,4,7,5,7,5,6,2,3,4,1,1,0,1,1,1,1,1,0,1,0,0,1,1,1,1,4,2,1,1,28,1,12,1,60,2,3,3
16598,5.0,4.0,2.0,2.0,5.0,2.0,4.0,5.0,3.0,1.0,1.0,5.0,4.0,1.0,5.0,1.0,1.0,5.0,5.0,3.0,6,7,6,6,7,2,5,1,3,1,1,1,0,1,1,0,1,0,0,1,0,0,0,1,1,1,3,3,2,2,23,1,2,1,60,1,1,2
16599,5.0,5.0,2.0,1.0,4.0,5.0,5.0,5.0,5.0,3.0,1.0,5.0,5.0,1.0,4.0,1.0,1.0,4.0,5.0,5.0,5,2,6,5,7,2,5,4,6,2,1,1,0,1,1,0,0,0,0,1,0,0,1,1,1,1,4,3,1,2,24,1,8,1,10,2,1,2
16600,2.0,5.0,2.0,4.0,3.0,2.0,2.0,4.0,2.0,4.0,1.0,3.0,2.0,1.0,5.0,4.0,1.0,4.0,5.0,1.0,7,6,6,6,6,1,7,7,1,5,1,1,1,1,1,0,0,1,0,1,1,0,1,1,1,1,4,1,2,2,23,1,4,1,60,1,1,2
16601,4.0,4.0,2.0,1.0,4.0,2.0,2.0,3.0,4.0,2.0,1.0,3.0,2.0,1.0,4.0,4.0,2.0,5.0,5.0,4.0,3,6,5,6,5,6,4,4,3,2,1,1,1,1,1,0,0,1,0,1,1,0,1,1,1,1,3,1,1,2,23,1,1,1,60,1,1,2
16602,2.0,4.0,2.0,3.0,4.0,2.0,1.0,4.0,2.0,5.0,1.0,4.0,2.0,1.0,1.0,2.0,2.0,5.0,5.0,1.0,7,5,3,2,6,1,6,4,6,2,1,1,0,1,1,0,0,1,0,1,0,0,0,1,1,1,3,1,2,2,23,1,2,1,60,1,1,2
16603,5.0,4.0,2.0,4.0,5.0,2.0,3.0,5.0,1.0,2.0,2.0,5.0,5.0,4.0,5.0,2.0,1.0,5.0,5.0,5.0,6,5,5,2,7,2,6,4,5,2,1,1,1,1,1,0,0,1,0,1,1,0,1,1,1,1,3,3,2,2,43,1,7,1,60,2,3,2
16604,5.0,5.0,2.0,2.0,5.0,1.0,2.0,4.0,3.0,2.0,1.0,4.0,5.0,2.0,4.0,4.0,5.0,4.0,5.0,4.0,3,6,5,2,6,5,5,5,6,2,0,0,0,0,0,0,0,0,0,0,0,0,0,0,0,0,3,1,3,2,19,1,1,2,10,2,1,3
16605,1.0,2.0,2.0,5.0,4.0,5.0,2.0,4.0,5.0,5.0,1.0,2.0,4.0,2.0,2.0,5.0,1.0,4.0,4.0,1.0,7,5,7,5,6,3,3,1,4,1,1,1,0,1,1,0,0,0,0,1,0,0,1,1,1,1,3,1,1,1,41,1,4,1,60,1,2,2
16606,5.0,1.0,1.0,1.0,5.0,1.0,1.0,5.0,1.0,1.0,1.0,5.0,5.0,1.0,5.0,1.0,1.0,5.0,5.0,5.0,6,4,5,2,6,5,5,2,6,1,1,1,0,1,1,0,0,0,0,1,0,0,0,1,1,1,3,3,1,2,21,1,1,1,20,2,1,3
16607,4.0,3.0,4.0,2.0,4.0,4.0,4.0,4.0,4.0,4.0,3.0,4.0,4.0,2.0,1.0,4.0,4.0,4.0,3.0,4.0,7,5,6,7,7,4,7,4,4,1,1,1,1,1,1,0,1,0,0,1,0,0,1,1,1,1,3,2,2,2,18,1,6,4,70,2,1,2
16608,4.0,4.0,3.0,2.0,3.0,2.0,2.0,1.0,4.0,2.0,2.0,2.0,1.0,2.0,3.0,1.0,4.0,2.0,5.0,1.0,6,2,3,7,6,2,7,2,2,2,1,1,1,1,1,0,0,0,0,1,0,0,1,1,1,1,3,1,2,1,33,1,1,1,60,2,1,2
16609,4.0,4.0,4.0,4.0,4.0,4.0,5.0,4.0,5.0,5.0,2.0,5.0,3.0,3.0,4.0,4.0,3.0,4.0,4.0,4.0,6,7,6,3,7,5,7,4,6,2,1,1,0,1,1,0,0,1,0,1,0,0,0,1,1,1,3,1,2,2,33,1,2,1,60,1,1,2
16610,4.0,4.0,2.0,4.0,4.0,2.0,2.0,4.0,5.0,5.0,2.0,5.0,1.0,2.0,5.0,2.0,4.0,4.0,5.0,3.0,7,7,7,5,7,6,0,3,5,1,1,1,1,1,1,0,1,1,0,1,1,0,1,1,1,1,4,1,1,2,57,2,1,1,60,1,2,2
16611,5.0,4.0,2.0,3.0,3.0,1.0,1.0,5.0,1.0,1.0,3.0,5.0,5.0,2.0,3.0,1.0,1.0,3.0,5.0,5.0,4,6,7,7,7,4,3,1,4,1,1,1,1,1,1,0,0,0,0,1,0,0,1,1,1,1,4,1,1,2,20,1,8,2,70,2,1,2
16612,1.0,1.0,5.0,5.0,1.0,5.0,2.0,1.0,5.0,5.0,2.0,1.0,1.0,4.0,2.0,5.0,1.0,1.0,5.0,1.0,6,1,7,1,7,2,7,5,7,1,1,1,1,1,1,0,1,1,0,1,1,0,1,1,1,1,3,2,2,1,63,1,2,1,60,1,3,2
16613,5.0,3.0,2.0,4.0,5.0,1.0,2.0,4.0,2.0,4.0,1.0,5.0,4.0,1.0,5.0,2.0,1.0,5.0,4.0,4.0,6,1,3,1,7,6,2,5,6,1,1,1,0,1,1,0,0,0,0,1,0,0,0,0,1,1,3,3,1,2,21,1,7,1,30,2,1,5
16614,3.0,2.0,3.0,1.0,4.0,2.0,3.0,4.0,5.0,1.0,2.0,5.0,4.0,1.0,4.0,1.0,2.0,4.0,4.0,1.0,3,5,3,3,5,5,4,5,2,4,0,1,0,1,1,0,0,1,0,1,0,0,0,1,1,1,2,2,2,2,21,1,7,1,60,1,1,2
16615,4.0,4.0,1.0,3.0,5.0,1.0,1.0,2.0,3.0,1.0,1.0,4.0,3.0,1.0,4.0,1.0,1.0,5.0,5.0,1.0,7,7,6,5,7,1,5,2,3,2,1,1,1,1,1,0,1,1,0,1,1,0,1,1,1,1,4,1,2,2,27,1,1,1,60,1,1,2
16616,3.0,4.0,1.0,2.0,5.0,1.0,1.0,2.0,2.0,3.0,1.0,5.0,4.0,1.0,4.0,1.0,1.0,5.0,5.0,5.0,5,5,6,5,5,5,5,2,6,1,1,1,1,1,1,0,0,1,0,1,0,0,1,1,1,1,4,1,1,1,31,1,2,1,60,1,2,2
16617,5.0,5.0,2.0,1.0,4.0,1.0,1.0,4.0,3.0,1.0,2.0,4.0,3.0,1.0,5.0,1.0,1.0,5.0,5.0,5.0,7,7,2,1,6,2,2,1,6,7,1,1,1,1,1,0,0,1,1,1,0,1,1,1,1,1,3,3,1,2,27,1,12,1,60,2,2,3
16618,5.0,5.0,5.0,1.0,5.0,1.0,1.0,1.0,5.0,3.0,1.0,5.0,5.0,1.0,1.0,1.0,1.0,5.0,5.0,5.0,1,1,7,7,6,7,7,7,1,2,1,1,0,1,1,0,0,0,0,1,0,0,1,1,1,1,3,2,1,1,34,1,7,1,60,2,2,3
16619,3.0,4.0,2.0,4.0,3.0,2.0,1.0,1.0,4.0,2.0,2.0,2.0,2.0,3.0,4.0,4.0,3.0,2.0,5.0,1.0,3,5,6,5,6,3,5,5,6,5,1,1,1,1,1,0,0,1,0,1,0,0,1,1,1,1,4,3,2,1,33,1,2,1,60,1,1,3
16620,3.0,5.0,1.0,1.0,5.0,1.0,1.0,2.0,1.0,1.0,1.0,5.0,4.0,1.0,4.0,2.0,1.0,5.0,5.0,5.0,6,6,3,5,6,3,4,5,5,2,1,1,0,1,1,0,0,0,0,1,0,0,1,1,1,1,1,3,1,1,16,1,9,1,60,2,1,2
16621,5.0,5.0,1.0,1.0,5.0,1.0,2.0,5.0,2.0,5.0,1.0,5.0,5.0,1.0,5.0,4.0,4.0,4.0,5.0,4.0,6,7,3,6,3,4,7,3,2,3,1,0,0,0,1,0,0,0,0,1,0,0,0,0,1,1,4,3,1,1,19,1,11,1,10,2,1,1
16622,2.0,4.0,4.0,4.0,1.0,4.0,2.0,1.0,1.0,1.0,1.0,5.0,1.0,4.0,3.0,2.0,2.0,4.0,5.0,1.0,6,5,7,6,7,2,6,2,4,1,1,1,1,1,1,0,1,0,0,1,0,0,1,1,1,1,4,3,2,1,29,1,2,1,60,1,3,3
16623,4.0,5.0,4.0,5.0,4.0,3.0,3.0,5.0,4.0,5.0,2.0,4.0,1.0,2.0,5.0,4.0,1.0,4.0,1.0,2.0,1,3,5,6,3,7,6,2,5,3,1,1,1,1,1,0,0,0,0,1,0,0,1,0,1,1,2,2,1,1,24,1,2,1,60,1,1,2
16624,1.0,1.0,5.0,5.0,5.0,1.0,1.0,1.0,5.0,1.0,5.0,5.0,5.0,3.0,1.0,1.0,1.0,5.0,5.0,1.0,7,1,7,1,7,6,7,1,7,1,1,1,1,1,1,0,0,0,0,1,0,0,1,1,1,1,3,3,2,1,28,1,7,1,0,2,1,3
16625,5.0,5.0,1.0,1.0,5.0,1.0,1.0,4.0,1.0,1.0,1.0,5.0,5.0,1.0,5.0,1.0,5.0,5.0,5.0,4.0,3,6,7,3,6,6,6,1,7,5,1,1,1,1,1,1,1,1,1,1,1,1,1,1,1,1,3,2,1,2,22,1,2,1,60,1,1,3
16626,5.0,5.0,1.0,2.0,5.0,4.0,1.0,5.0,1.0,4.0,1.0,5.0,5.0,1.0,4.0,1.0,1.0,5.0,5.0,5.0,5,6,7,7,7,2,3,2,6,2,0,1,1,1,0,0,0,0,0,1,0,0,1,1,1,1,4,3,1,2,28,1,4,1,60,1,1,1
16627,4.0,4.0,4.0,2.0,4.0,4.0,2.0,1.0,5.0,1.0,5.0,1.0,1.0,4.0,3.0,5.0,1.0,1.0,1.0,3.0,5,5,5,5,7,6,7,5,7,2,1,1,1,1,1,0,0,1,0,1,1,0,1,1,1,1,3,1,1,2,45,1,12,1,60,1,1,3
16628,5.0,5.0,1.0,2.0,5.0,3.0,2.0,5.0,4.0,5.0,2.0,4.0,5.0,1.0,5.0,5.0,1.0,5.0,5.0,1.0,6,3,5,3,7,1,3,4,3,1,1,1,0,1,1,0,1,1,0,1,0,0,1,1,1,1,3,3,1,1,22,2,1,1,70,1,1,4
16629,3.0,2.0,4.0,4.0,4.0,4.0,4.0,1.0,5.0,4.0,2.0,4.0,1.0,3.0,3.0,4.0,2.0,2.0,5.0,1.0,2,5,7,5,7,7,7,6,6,1,1,1,1,1,1,0,0,0,0,1,0,0,1,1,1,1,3,2,2,1,43,1,6,1,60,1,3,3
16630,2.0,4.0,1.0,5.0,5.0,4.0,2.0,1.0,5.0,4.0,2.0,1.0,1.0,5.0,4.0,2.0,3.0,5.0,5.0,1.0,5,7,7,5,6,3,4,2,3,3,1,1,0,1,1,1,1,1,0,1,0,0,1,1,1,1,3,3,2,1,22,1,2,1,60,1,1,2
16631,4.0,1.0,3.0,5.0,4.0,1.0,1.0,2.0,2.0,4.0,1.0,1.0,1.0,2.0,3.0,2.0,1.0,5.0,5.0,2.0,2,6,5,5,7,6,4,6,2,1,1,1,0,1,1,0,0,0,0,1,1,1,1,1,1,1,2,2,2,1,20,1,2,5,60,2,1,0
16632,4.0,1.0,1.0,2.0,5.0,2.0,2.0,3.0,5.0,2.0,1.0,4.0,5.0,3.0,4.0,1.0,1.0,1.0,5.0,1.0,3,6,5,5,7,5,4,5,3,1,1,1,1,1,1,1,1,1,0,1,1,0,1,1,1,1,3,3,1,1,34,2,1,1,60,2,1,2
16633,4.0,4.0,1.0,1.0,5.0,1.0,1.0,2.0,3.0,2.0,1.0,5.0,5.0,1.0,3.0,1.0,1.0,3.0,5.0,2.0,1,7,2,7,6,6,2,4,2,1,1,1,1,1,1,1,0,1,0,1,1,1,1,1,1,1,3,2,1,1,29,1,1,1,0,2,1,2
16634,5.0,4.0,5.0,2.0,5.0,4.0,4.0,4.0,4.0,5.0,4.0,4.0,5.0,4.0,2.0,5.0,1.0,4.0,1.0,4.0,5,2,2,5,6,6,3,2,6,5,1,1,0,1,1,0,0,0,0,1,0,0,0,0,1,1,1,3,2,2,18,1,10,1,20,2,1,5
16635,5.0,4.0,2.0,1.0,3.0,2.0,2.0,5.0,3.0,4.0,1.0,1.0,4.0,1.0,3.0,4.0,1.0,3.0,5.0,5.0,1,3,7,4,5,7,3,3,5,4,0,1,0,1,1,0,0,1,0,1,0,0,0,1,0,1,2,2,2,2,18,1,4,1,70,2,1,5
16636,5.0,5.0,5.0,1.0,5.0,3.0,1.0,3.0,5.0,5.0,1.0,5.0,5.0,1.0,1.0,1.0,1.0,5.0,5.0,5.0,5,6,7,2,7,4,5,1,4,1,1,1,0,1,1,0,0,0,0,1,0,0,0,1,1,1,3,1,1,1,20,1,6,1,60,1,1,3
16637,4.0,2.0,3.0,5.0,3.0,4.0,1.0,4.0,5.0,4.0,3.0,4.0,2.0,4.0,4.0,4.0,4.0,4.0,5.0,1.0,6,5,7,2,7,2,6,1,6,1,1,1,0,1,1,0,0,1,0,1,0,0,0,1,1,1,3,2,2,1,61,1,6,1,60,1,2,3
16638,1.0,5.0,5.0,5.0,4.0,2.0,2.0,1.0,5.0,5.0,1.0,2.0,1.0,5.0,1.0,5.0,5.0,5.0,5.0,5.0,2,4,7,7,5,7,7,1,7,2,1,1,0,1,1,0,1,0,0,1,0,0,1,1,1,1,3,3,2,1,61,1,6,1,10,1,2,3
16639,2.0,2.0,5.0,4.0,4.0,2.0,1.0,1.0,4.0,2.0,2.0,5.0,2.0,2.0,4.0,1.0,2.0,5.0,5.0,2.0,2,6,5,3,6,3,2,5,4,1,1,1,1,1,1,0,1,1,0,1,1,0,1,1,1,1,4,3,2,1,40,1,1,2,60,2,3,3
16640,4.0,5.0,1.0,1.0,4.0,1.0,1.0,2.0,3.0,1.0,1.0,1.0,5.0,1.0,3.0,2.0,3.0,4.0,5.0,2.0,6,5,2,5,7,5,6,6,5,1,1,1,1,1,1,0,0,1,0,1,0,0,1,1,1,1,2,2,1,2,22,1,2,1,60,2,1,2
16641,4.0,4.0,5.0,3.0,4.0,1.0,1.0,4.0,2.0,4.0,1.0,4.0,4.0,2.0,4.0,4.0,5.0,5.0,5.0,3.0,6,5,4,4,6,1,6,2,4,1,1,1,0,1,1,0,0,0,0,1,0,0,0,0,1,1,2,3,1,1,42,1,4,1,70,1,3,4
16642,5.0,5.0,2.0,2.0,1.0,1.0,1.0,5.0,5.0,1.0,3.0,3.0,4.0,1.0,5.0,1.0,5.0,5.0,1.0,1.0,5,7,7,6,5,5,4,5,6,4,0,0,1,1,1,0,0,0,0,0,0,0,0,0,0,0,3,2,1,2,22,1,10,1,20,2,1,5
16643,5.0,1.0,1.0,3.0,5.0,1.0,1.0,5.0,1.0,1.0,1.0,5.0,5.0,1.0,5.0,1.0,1.0,5.0,5.0,5.0,4,5,7,1,7,7,5,1,7,1,1,1,0,1,1,0,0,0,0,1,0,0,1,1,1,1,3,2,1,1,21,2,12,1,60,1,1,2
16644,1.0,1.0,1.0,3.0,1.0,5.0,2.0,3.0,5.0,5.0,1.0,2.0,1.0,1.0,1.0,5.0,1.0,1.0,3.0,1.0,6,3,6,5,6,6,6,2,5,2,1,1,0,1,1,0,0,0,0,1,0,0,0,1,1,1,4,1,2,2,36,1,4,1,60,2,2,2
16645,5.0,4.0,3.0,1.0,5.0,2.0,2.0,1.0,4.0,2.0,1.0,4.0,1.0,2.0,5.0,2.0,1.0,5.0,4.0,3.0,1,2,5,6,2,7,4,2,5,5,0,0,0,0,0,1,1,1,0,0,1,1,0,0,0,0,2,1,1,1,30,1,12,2,60,1,1,3
16646,5.0,4.0,2.0,4.0,4.0,1.0,1.0,4.0,3.0,4.0,2.0,4.0,2.0,3.0,4.0,4.0,5.0,5.0,5.0,2.0,5,3,7,3,6,5,5,2,6,5,1,1,0,1,0,0,0,0,0,1,0,0,1,0,1,1,3,2,1,2,28,1,4,1,60,1,1,2
16647,1.0,2.0,3.0,3.0,1.0,5.0,2.0,2.0,4.0,4.0,1.0,2.0,2.0,2.0,4.0,2.0,2.0,4.0,5.0,1.0,2,5,6,5,5,6,6,3,5,5,1,0,0,1,1,0,0,0,0,1,0,0,0,1,1,1,3,1,2,1,24,1,1,2,30,1,1,1
16648,2.0,2.0,4.0,4.0,2.0,3.0,2.0,2.0,5.0,4.0,1.0,3.0,4.0,4.0,2.0,3.0,1.0,4.0,5.0,1.0,2,5,5,7,6,6,5,7,1,1,1,1,0,1,0,0,0,1,0,1,0,0,1,1,1,1,3,1,3,1,27,1,1,5,60,1,1,2
16649,5.0,5.0,1.0,1.0,5.0,1.0,1.0,1.0,5.0,1.0,1.0,5.0,5.0,1.0,5.0,1.0,1.0,5.0,5.0,5.0,5,1,7,1,6,5,6,2,7,1,1,1,1,1,1,0,1,0,0,1,0,0,1,1,1,1,4,2,1,1,81,3,1,1,60,1,2,2
16650,2.0,2.0,4.0,4.0,1.0,5.0,2.0,2.0,5.0,3.0,2.0,1.0,1.0,5.0,4.0,2.0,1.0,4.0,5.0,1.0,7,2,6,2,7,5,7,1,2,2,1,1,1,1,1,0,0,0,0,1,0,0,1,1,1,1,3,2,2,1,22,1,0,1,60,1,1,1
16651,3.0,3.0,4.0,3.0,4.0,3.0,1.0,3.0,4.0,2.0,2.0,3.0,3.0,3.0,2.0,3.0,1.0,3.0,5.0,4.0,5,5,5,6,6,6,5,5,1,4,1,1,0,1,1,0,0,0,0,1,0,0,1,1,1,1,1,1,2,1,17,1,8,1,60,2,1,2
16652,2.0,2.0,4.0,5.0,2.0,3.0,2.0,2.0,5.0,5.0,3.0,3.0,1.0,2.0,2.0,5.0,4.0,4.0,3.0,2.0,7,5,2,3,6,3,6,6,6,3,1,1,0,1,1,0,0,0,0,1,0,0,0,1,1,1,2,2,2,1,24,1,1,1,60,1,1,3
16653,5.0,5.0,3.0,5.0,5.0,3.0,1.0,5.0,3.0,5.0,1.0,5.0,1.0,3.0,3.0,5.0,3.0,4.0,1.0,5.0,6,1,7,1,7,7,7,2,7,4,1,1,0,1,1,0,0,1,0,1,0,0,0,1,1,1,4,3,1,2,32,1,12,1,30,2,1,5
16654,3.0,3.0,3.0,3.0,3.0,3.0,3.0,3.0,3.0,3.0,3.0,3.0,3.0,3.0,3.0,3.0,3.0,3.0,3.0,3.0,4,4,4,4,4,4,4,4,4,4,1,1,1,1,1,1,1,1,1,1,1,1,1,1,1,1,1,1,3,1,69,3,1,5,70,1,1,2137
16655,3.0,2.0,5.0,4.0,2.0,5.0,4.0,1.0,5.0,3.0,4.0,1.0,1.0,4.0,4.0,4.0,4.0,3.0,5.0,1.0,6,4,5,5,6,5,6,6,6,1,1,1,0,1,1,0,0,0,0,1,0,0,1,1,1,1,2,1,2,1,47,2,12,1,60,1,3,3
16656,3.0,4.0,2.0,4.0,3.0,4.0,1.0,3.0,3.0,3.0,3.0,2.0,2.0,2.0,4.0,4.0,2.0,3.0,5.0,2.0,7,5,6,2,7,3,7,1,6,2,1,1,1,1,1,1,1,1,0,1,1,0,0,1,1,1,3,3,1,2,26,1,4,1,60,2,1,4
16657,4.0,2.0,1.0,3.0,4.0,1.0,1.0,4.0,5.0,1.0,3.0,5.0,2.0,2.0,1.0,1.0,1.0,4.0,3.0,3.0,1,6,5,7,2,7,2,6,6,6,1,1,1,1,1,0,0,0,0,1,0,0,1,1,1,1,2,2,1,2,18,1,2,1,60,2,1,0
16658,1.0,2.0,5.0,3.0,2.0,5.0,4.0,3.0,5.0,5.0,5.0,2.0,1.0,2.0,1.0,5.0,4.0,1.0,3.0,1.0,5,2,7,4,7,5,6,1,7,4,1,1,0,1,1,0,0,0,0,1,0,0,0,1,1,1,2,1,2,2,28,1,12,1,10,2,1,5
16659,4.0,5.0,5.0,3.0,4.0,5.0,4.0,5.0,5.0,5.0,5.0,1.0,1.0,1.0,1.0,3.0,3.0,5.0,5.0,1.0,7,7,7,2,7,5,7,1,7,2,1,0,0,0,0,0,0,0,0,1,0,0,0,0,0,1,2,1,1,2,45,1,4,1,60,1,3,2
16660,5.0,5.0,2.0,1.0,5.0,1.0,1.0,5.0,1.0,3.0,1.0,4.0,4.0,2.0,5.0,1.0,1.0,3.0,5.0,5.0,1,5,6,5,7,7,5,5,2,5,1,1,0,1,1,0,0,0,0,1,0,0,1,0,1,1,4,2,1,1,23,1,1,1,10,2,1,2
16661,2.0,3.0,2.0,3.0,2.0,2.0,2.0,2.0,5.0,4.0,1.0,3.0,2.0,3.0,3.0,1.0,3.0,2.0,4.0,1.0,1,5,4,6,5,6,6,5,4,3,1,1,1,1,1,0,0,1,0,1,0,1,1,1,1,1,2,2,1,1,23,1,1,4,70,2,1,1
16662,5.0,5.0,2.0,2.0,4.0,1.0,1.0,4.0,3.0,2.0,1.0,5.0,5.0,1.0,4.0,1.0,1.0,4.0,1.0,1.0,2,1,4,1,6,7,6,1,7,6,1,1,0,1,1,0,0,0,0,1,0,0,1,1,1,1,2,3,1,1,20,1,2,1,70,2,1,2
16663,1.0,1.0,4.0,4.0,4.0,5.0,4.0,3.0,3.0,4.0,2.0,1.0,1.0,3.0,1.0,3.0,1.0,2.0,5.0,4.0,6,6,6,3,7,2,6,1,7,1,1,1,0,1,0,0,0,1,0,1,0,0,0,1,1,1,3,3,1,2,23,1,10,2,70,1,1,2
16664,5.0,5.0,4.0,4.0,4.0,4.0,3.0,3.0,3.0,2.0,3.0,5.0,5.0,3.0,5.0,1.0,4.0,4.0,2.0,4.0,4,3,6,2,6,6,6,2,7,5,1,0,0,1,0,0,0,0,0,1,0,0,1,1,1,1,3,3,1,2,28,1,3,1,10,1,1,3
16665,5.0,5.0,1.0,1.0,5.0,1.0,1.0,5.0,1.0,4.0,1.0,5.0,4.0,1.0,1.0,2.0,1.0,4.0,5.0,4.0,2,5,7,1,5,6,7,3,7,1,1,1,1,1,1,0,0,0,0,1,1,0,1,1,1,1,3,1,1,1,29,1,2,1,60,1,1,4
16666,4.0,4.0,2.0,4.0,3.0,3.0,1.0,2.0,3.0,2.0,4.0,4.0,4.0,2.0,4.0,4.0,5.0,4.0,4.0,3.0,7,6,7,1,7,1,4,1,6,3,1,1,0,1,1,0,1,1,0,1,0,0,1,1,1,1,3,2,1,1,49,1,4,3,60,1,1,2
16667,5.0,5.0,3.0,1.0,5.0,2.0,2.0,5.0,4.0,2.0,1.0,5.0,5.0,1.0,4.0,1.0,1.0,5.0,2.0,1.0,7,6,7,2,6,2,7,2,3,1,1,1,1,1,1,1,0,0,0,1,1,0,1,1,1,1,3,3,1,2,34,1,7,1,60,1,2,1
16668,1.0,1.0,4.0,5.0,2.0,5.0,2.0,3.0,5.0,4.0,2.0,4.0,1.0,1.0,1.0,5.0,4.0,3.0,1.0,1.0,6,4,5,5,6,5,6,3,3,1,1,1,0,1,1,0,0,0,0,1,0,0,1,1,1,1,4,2,1,1,28,1,8,1,10,2,1,2
16669,4.0,2.0,1.0,1.0,4.0,2.0,1.0,2.0,3.0,2.0,1.0,5.0,3.0,1.0,4.0,5.0,4.0,1.0,1.0,4.0,2,2,5,1,6,4,1,3,6,2,1,1,0,1,1,0,0,0,0,1,0,0,1,1,1,1,3,1,1,1,55,1,4,0,60,2,3,2
16670,1.0,2.0,2.0,5.0,2.0,5.0,4.0,2.0,5.0,5.0,2.0,1.0,1.0,1.0,1.0,4.0,4.0,4.0,5.0,1.0,7,4,7,1,7,2,6,2,6,3,0,0,0,0,0,0,0,0,0,0,0,0,0,0,0,0,4,1,1,1,37,1,4,1,60,2,1,1
16671,4.0,5.0,4.0,3.0,2.0,4.0,3.0,2.0,5.0,4.0,3.0,1.0,4.0,5.0,3.0,2.0,3.0,3.0,1.0,4.0,4,5,6,6,3,4,3,2,5,5,0,1,1,1,1,0,0,0,0,1,0,0,0,0,1,1,1,3,1,2,15,1,2,1,70,2,1,4
16672,1.0,3.0,5.0,1.0,3.0,5.0,2.0,2.0,5.0,5.0,1.0,1.0,2.0,1.0,1.0,4.0,2.0,2.0,1.0,3.0,2,3,4,7,5,5,4,5,2,3,1,1,1,1,1,0,0,0,0,1,0,0,1,1,1,1,2,2,2,2,16,1,4,1,70,2,1,2
16673,4.0,2.0,2.0,1.0,5.0,4.0,1.0,2.0,4.0,2.0,1.0,5.0,2.0,1.0,2.0,1.0,4.0,4.0,1.0,1.0,5,5,5,6,5,2,5,5,2,4,1,1,0,1,1,0,0,1,0,1,0,0,1,1,1,1,3,2,2,1,27,1,6,1,10,2,2,2
16674,4.0,4.0,4.0,4.0,4.0,1.0,1.0,5.0,3.0,2.0,1.0,5.0,5.0,1.0,5.0,1.0,1.0,4.0,4.0,1.0,6,6,7,5,6,2,3,1,3,3,1,1,0,1,1,0,1,1,0,1,1,0,1,1,1,1,4,1,1,2,35,1,1,1,60,1,1,2
16675,2.0,5.0,2.0,4.0,5.0,4.0,1.0,1.0,2.0,2.0,1.0,3.0,3.0,4.0,4.0,1.0,4.0,4.0,5.0,4.0,2,5,7,2,4,7,6,3,3,5,1,1,0,1,1,0,0,0,0,1,0,0,1,1,1,1,2,2,1,1,22,3,4,1,60,2,1,0
16676,3.0,5.0,2.0,1.0,4.0,1.0,1.0,5.0,2.0,5.0,1.0,5.0,5.0,1.0,4.0,1.0,3.0,5.0,5.0,4.0,2,6,5,7,4,7,1,7,6,3,1,1,0,1,0,0,0,0,0,1,0,0,0,1,1,1,2,3,1,2,19,1,10,1,20,2,1,2
16677,2.0,1.0,4.0,5.0,1.0,5.0,5.0,2.0,5.0,5.0,4.0,1.0,2.0,1.0,1.0,5.0,3.0,4.0,5.0,1.0,7,6,7,4,6,1,7,4,3,3,1,1,0,1,1,1,1,1,0,1,0,0,1,1,1,1,4,1,2,1,54,1,8,1,20,1,3,4
16678,3.0,5.0,3.0,3.0,5.0,3.0,2.0,4.0,3.0,2.0,1.0,4.0,5.0,3.0,4.0,3.0,4.0,4.0,5.0,4.0,4,5,2,5,6,4,3,6,2,4,0,0,1,0,0,0,0,0,1,0,0,1,0,1,0,0,2,3,1,2,21,1,3,1,10,2,1,3
16679,4.0,2.0,2.0,4.0,5.0,2.0,2.0,2.0,2.0,3.0,2.0,4.0,5.0,2.0,3.0,2.0,1.0,4.0,5.0,1.0,6,4,4,6,6,7,4,3,4,3,1,0,0,1,1,0,0,0,0,1,0,0,0,1,1,1,3,3,1,2,25,1,8,1,10,2,1,2
16680,5.0,2.0,5.0,3.0,4.0,3.0,1.0,3.0,5.0,5.0,3.0,5.0,4.0,3.0,5.0,5.0,2.0,4.0,5.0,3.0,6,3,6,1,7,5,7,5,7,1,1,1,0,1,1,0,0,1,0,1,1,0,1,1,1,1,2,2,1,1,33,1,3,1,70,1,1,3
16681,3.0,5.0,5.0,4.0,3.0,3.0,2.0,5.0,5.0,5.0,2.0,5.0,3.0,1.0,1.0,5.0,5.0,5.0,5.0,3.0,6,6,7,6,4,5,6,2,4,5,1,1,0,1,1,0,0,0,0,1,0,0,1,1,1,1,2,3,1,1,55,1,7,1,60,1,2,1
16682,2.0,4.0,4.0,3.0,5.0,2.0,1.0,1.0,5.0,2.0,2.0,2.0,1.0,5.0,2.0,3.0,3.0,4.0,5.0,1.0,5,7,7,6,6,5,6,3,6,0,1,1,1,1,1,0,1,1,0,1,0,0,1,1,1,1,3,3,2,1,20,1,2,1,10,2,1,2
16683,5.0,5.0,1.0,2.0,5.0,1.0,1.0,5.0,2.0,1.0,1.0,5.0,5.0,2.0,4.0,2.0,3.0,4.0,5.0,5.0,1,7,4,5,5,6,4,4,7,1,1,1,0,1,1,0,0,0,0,1,1,0,1,1,1,1,3,3,1,1,21,1,10,1,70,2,1,1
16684,3.0,5.0,3.0,4.0,5.0,2.0,1.0,5.0,3.0,3.0,2.0,4.0,5.0,2.0,4.0,4.0,3.0,4.0,5.0,3.0,3,5,2,2,4,7,4,5,5,5,1,0,0,1,1,0,0,0,0,1,0,0,0,1,1,1,3,2,2,2,20,1,2,2,10,1,1,1
16685,5.0,5.0,1.0,1.0,5.0,2.0,1.0,5.0,1.0,1.0,1.0,1.0,4.0,1.0,5.0,1.0,1.0,5.0,5.0,5.0,2,7,7,1,7,5,1,7,6,1,1,1,0,1,1,0,0,0,0,1,0,0,1,1,1,1,2,3,1,1,17,1,9,2,60,2,1,1
16686,5.0,5.0,3.0,1.0,5.0,5.0,4.0,4.0,3.0,5.0,3.0,3.0,5.0,3.0,4.0,2.0,2.0,5.0,4.0,5.0,7,5,6,6,7,1,6,4,6,3,1,1,0,1,1,0,0,0,0,1,0,1,1,1,1,1,2,2,1,2,16,1,7,1,50,2,1,2
16687,5.0,2.0,5.0,1.0,5.0,3.0,5.0,3.0,3.0,3.0,1.0,4.0,4.0,3.0,4.0,2.0,2.0,3.0,2.0,4.0,3,2,5,5,5,3,4,3,3,5,1,1,0,1,1,1,1,1,1,1,0,1,1,1,1,1,4,2,1,2,18,3,4,1,30,2,1,3
16688,4.0,4.0,3.0,2.0,4.0,2.0,2.0,3.0,2.0,2.0,2.0,3.0,4.0,4.0,4.0,2.0,3.0,4.0,4.0,2.0,5,5,6,5,6,4,5,3,5,2,1,1,0,1,1,0,0,0,1,1,0,0,1,1,1,1,2,2,1,1,18,2,4,1,60,2,1,1
16689,5.0,2.0,5.0,3.0,2.0,3.0,1.0,3.0,5.0,3.0,2.0,1.0,4.0,2.0,3.0,4.0,3.0,3.0,1.0,1.0,5,5,5,7,6,5,4,4,3,5,1,1,1,1,1,0,0,0,0,1,0,0,0,1,1,1,2,2,2,2,18,1,12,2,60,2,1,1
16690,1.0,1.0,5.0,4.0,2.0,5.0,5.0,1.0,5.0,5.0,2.0,4.0,1.0,4.0,1.0,4.0,5.0,1.0,5.0,1.0,1,1,6,7,3,7,7,5,2,5,1,1,0,1,1,0,0,0,0,1,0,0,0,1,1,1,3,2,2,1,19,1,1,3,60,1,1,2
16691,5.0,1.0,1.0,1.0,3.0,1.0,1.0,5.0,3.0,1.0,1.0,3.0,5.0,1.0,1.0,1.0,1.0,5.0,5.0,5.0,4,7,4,1,7,1,2,1,7,1,1,1,0,1,1,0,0,0,0,1,0,0,1,1,1,1,2,2,1,1,31,1,12,1,60,1,2,3
16692,3.0,5.0,4.0,3.0,2.0,2.0,2.0,4.0,3.0,1.0,2.0,5.0,2.0,5.0,5.0,1.0,2.0,4.0,5.0,1.0,5,6,7,4,7,1,6,2,5,4,1,1,0,1,1,0,0,0,1,1,0,0,1,1,1,1,3,2,2,2,28,1,7,1,60,1,2,2
16693,4.0,4.0,2.0,4.0,2.0,1.0,1.0,1.0,3.0,1.0,1.0,5.0,3.0,1.0,5.0,1.0,1.0,5.0,5.0,2.0,2,1,5,2,7,7,6,3,6,1,1,1,1,1,1,0,1,1,0,1,1,0,1,1,1,1,4,3,2,1,56,1,2,1,10,1,3,4
16694,3.0,1.0,5.0,5.0,1.0,4.0,4.0,1.0,5.0,5.0,5.0,1.0,1.0,5.0,5.0,5.0,1.0,1.0,1.0,1.0,7,1,7,2,7,2,7,1,7,1,1,1,0,1,1,1,0,0,0,1,0,0,0,0,1,1,3,3,2,1,25,1,7,1,70,1,1,2
16695,5.0,5.0,1.0,1.0,5.0,1.0,1.0,5.0,3.0,1.0,1.0,5.0,5.0,2.0,3.0,3.0,1.0,5.0,5.0,1.0,3,5,6,3,7,6,4,2,3,1,1,1,1,1,1,1,0,0,0,1,0,1,1,1,1,1,3,3,1,1,25,1,12,1,70,1,1,1
16696,4.0,4.0,2.0,4.0,4.0,3.0,2.0,3.0,3.0,2.0,3.0,4.0,2.0,3.0,2.0,3.0,3.0,4.0,4.0,2.0,5,2,5,2,5,3,4,2,5,2,0,1,1,1,1,0,0,0,0,1,0,0,0,1,1,1,4,3,2,2,29,1,2,1,60,1,2,2
16697,5.0,5.0,1.0,5.0,5.0,1.0,1.0,5.0,1.0,5.0,1.0,5.0,5.0,5.0,5.0,5.0,1.0,5.0,5.0,5.0,7,7,5,5,7,7,4,6,5,1,1,0,0,1,0,0,0,0,0,1,0,0,0,1,1,1,3,2,1,2,28,1,10,1,10,2,1,5
16698,4.0,5.0,3.0,3.0,5.0,1.0,1.0,4.0,3.0,1.0,2.0,2.0,3.0,3.0,4.0,2.0,3.0,5.0,5.0,3.0,5,5,4,5,6,5,5,6,4,3,1,0,1,1,1,0,0,0,0,1,0,0,0,0,1,0,1,3,2,2,15,1,8,1,10,2,1,2
16699,5.0,5.0,1.0,1.0,5.0,1.0,1.0,5.0,2.0,1.0,1.0,5.0,5.0,1.0,4.0,1.0,1.0,5.0,5.0,5.0,1,5,6,1,7,7,2,6,7,2,1,0,1,1,1,0,0,0,0,1,0,1,0,1,1,1,2,3,1,2,17,1,2,1,10,2,1,3
16700,2.0,5.0,2.0,2.0,4.0,1.0,1.0,4.0,5.0,2.0,1.0,5.0,1.0,1.0,5.0,1.0,2.0,3.0,5.0,1.0,5,4,7,1,7,5,6,5,7,1,1,0,0,1,1,0,0,1,0,1,1,0,0,1,1,1,3,3,2,2,25,1,1,2,60,2,1,1
16701,5.0,5.0,1.0,4.0,4.0,2.0,2.0,4.0,4.0,2.0,1.0,4.0,5.0,2.0,1.0,2.0,1.0,5.0,4.0,2.0,7,5,6,4,7,1,5,1,6,1,1,0,0,1,1,0,0,0,0,1,0,0,1,1,1,1,2,3,1,1,20,1,10,1,60,2,1,2
16702,5.0,5.0,3.0,3.0,3.0,1.0,1.0,1.0,1.0,2.0,3.0,4.0,3.0,1.0,5.0,1.0,1.0,5.0,5.0,5.0,4,5,4,5,6,7,4,5,0,4,1,1,1,1,1,0,1,0,0,1,0,0,1,1,1,1,3,3,1,2,23,1,4,3,60,2,1,4
16703,2.0,2.0,3.0,5.0,1.0,1.0,1.0,1.0,5.0,4.0,2.0,2.0,1.0,3.0,1.0,4.0,4.0,4.0,5.0,1.0,6,5,6,3,5,5,5,1,6,2,1,1,0,1,1,0,0,0,0,1,0,0,0,1,1,1,2,2,2,1,37,2,7,1,60,2,1,4
16704,5.0,5.0,1.0,2.0,4.0,1.0,1.0,5.0,1.0,1.0,1.0,5.0,5.0,1.0,5.0,1.0,1.0,4.0,5.0,4.0,5,5,6,2,7,3,1,2,7,6,1,1,1,1,1,1,0,1,0,1,0,1,1,1,1,1,3,2,1,1,27,1,2,1,60,1,1,1
16705,5.0,3.0,3.0,1.0,5.0,2.0,2.0,5.0,3.0,2.0,2.0,4.0,5.0,1.0,4.0,1.0,3.0,4.0,4.0,4.0,2,3,7,6,3,7,5,4,5,6,1,1,1,1,1,0,1,1,0,1,0,0,1,1,1,1,3,3,1,2,30,1,6,1,70,2,1,2
16706,5.0,5.0,1.0,1.0,1.0,1.0,1.0,5.0,1.0,1.0,5.0,5.0,5.0,1.0,5.0,1.0,1.0,5.0,5.0,5.0,2,1,1,7,7,6,5,7,1,6,1,1,1,1,1,0,1,1,0,1,0,0,1,1,1,1,3,3,1,2,52,1,4,1,70,1,2,2
16707,4.0,4.0,3.0,2.0,4.0,2.0,2.0,4.0,5.0,3.0,1.0,4.0,3.0,2.0,4.0,2.0,4.0,4.0,5.0,1.0,2,2,6,5,7,7,6,6,6,3,1,1,1,1,1,0,0,1,0,1,0,0,1,1,1,1,2,2,2,1,29,1,2,1,60,2,1,2
16708,4.0,1.0,1.0,5.0,4.0,2.0,1.0,5.0,5.0,4.0,1.0,1.0,1.0,1.0,3.0,4.0,1.0,5.0,5.0,1.0,2,5,7,1,5,6,6,1,7,6,1,1,0,1,0,0,0,0,0,1,0,0,1,1,1,1,3,2,1,1,28,1,7,1,60,2,1,2
16709,4.0,2.0,4.0,5.0,4.0,5.0,2.0,2.0,5.0,2.0,2.0,4.0,5.0,2.0,4.0,5.0,4.0,2.0,5.0,4.0,2,5,6,6,5,3,5,7,5,5,1,1,1,1,1,0,0,0,0,1,0,0,1,1,1,1,3,3,2,1,55,1,4,1,60,1,3,1
16710,5.0,5.0,3.0,1.0,5.0,4.0,1.0,5.0,2.0,2.0,1.0,5.0,5.0,1.0,5.0,3.0,1.0,5.0,3.0,5.0,4,6,7,1,7,7,4,7,7,1,1,1,1,1,1,0,0,1,1,1,0,1,0,1,1,1,2,3,1,1,20,3,2,1,60,2,1,6
16711,5.0,3.0,4.0,2.0,4.0,2.0,1.0,1.0,3.0,2.0,3.0,4.0,2.0,2.0,3.0,2.0,5.0,4.0,5.0,3.0,2,4,4,3,5,6,5,5,5,2,0,1,0,1,1,0,0,0,0,0,0,0,0,0,0,1,2,3,2,2,16,1,2,2,60,2,1,3
16712,2.0,3.0,5.0,4.0,1.0,4.0,4.0,2.0,5.0,4.0,1.0,2.0,1.0,2.0,4.0,1.0,2.0,1.0,5.0,1.0,6,5,7,2,7,5,6,3,7,1,1,1,0,1,1,0,0,1,0,1,0,1,0,1,1,1,3,1,1,2,23,1,1,1,60,2,1,2
16713,1.0,4.0,4.0,4.0,1.0,5.0,5.0,1.0,4.0,5.0,4.0,1.0,1.0,5.0,2.0,5.0,5.0,2.0,4.0,2.0,2,4,3,4,7,7,6,6,5,1,1,1,1,1,1,0,1,1,0,1,0,0,1,1,1,1,4,3,2,2,45,1,4,1,70,2,2,5
16714,5.0,4.0,1.0,1.0,5.0,1.0,1.0,4.0,5.0,2.0,1.0,4.0,5.0,1.0,4.0,2.0,5.0,4.0,5.0,3.0,7,1,6,2,6,2,4,2,5,2,1,1,1,1,1,0,0,1,1,1,0,0,1,1,1,1,3,3,2,1,58,1,7,1,60,2,2,2
16715,5.0,5.0,1.0,1.0,5.0,4.0,1.0,5.0,3.0,1.0,1.0,5.0,3.0,1.0,5.0,1.0,2.0,5.0,4.0,1.0,1,5,7,5,4,3,5,4,2,1,1,1,1,1,1,1,0,1,0,1,1,1,1,1,1,1,4,3,2,1,32,1,4,1,30,1,1,2
16716,2.0,1.0,4.0,1.0,4.0,4.0,5.0,1.0,5.0,5.0,4.0,2.0,4.0,3.0,1.0,2.0,5.0,1.0,1.0,1.0,5,6,6,2,4,7,7,4,6,4,1,1,0,1,1,0,0,0,0,1,0,1,1,1,1,1,4,3,2,2,45,1,4,1,70,1,2,3
16717,1.0,1.0,1.0,5.0,1.0,4.0,2.0,1.0,5.0,5.0,5.0,1.0,1.0,4.0,1.0,1.0,5.0,1.0,5.0,2.0,6,2,6,1,7,1,6,1,6,1,1,1,1,1,1,1,0,0,0,1,0,0,1,1,1,1,3,3,1,1,48,1,6,1,60,1,2,6
16718,5.0,5.0,5.0,5.0,5.0,1.0,1.0,1.0,1.0,1.0,1.0,4.0,5.0,1.0,1.0,1.0,1.0,1.0,5.0,5.0,7,3,7,2,4,7,2,2,7,2,1,1,0,1,1,1,0,1,0,1,0,0,0,1,1,1,3,1,1,1,22,1,4,1,60,1,1,10
16719,4.0,4.0,1.0,1.0,4.0,1.0,1.0,4.0,1.0,3.0,1.0,5.0,4.0,1.0,4.0,1.0,1.0,4.0,5.0,3.0,3,2,6,3,6,5,2,2,6,2,1,1,1,1,1,0,1,1,0,1,1,0,1,1,1,1,3,2,1,1,28,1,1,1,60,2,1,2
16720,3.0,4.0,2.0,4.0,2.0,1.0,1.0,2.0,4.0,2.0,2.0,2.0,2.0,2.0,4.0,2.0,2.0,4.0,4.0,4.0,5,7,6,6,5,2,5,3,5,3,1,1,1,1,1,0,1,1,0,1,1,0,1,1,1,1,4,2,2,1,65,1,12,1,60,1,2,2
16721,4.0,5.0,4.0,1.0,5.0,2.0,2.0,5.0,4.0,2.0,1.0,5.0,2.0,2.0,2.0,2.0,1.0,5.0,3.0,1.0,2,5,7,7,6,7,5,5,2,1,1,1,1,1,1,0,0,0,0,1,0,1,1,1,1,1,2,3,2,2,17,1,2,1,10,2,1,2
16722,2.0,4.0,3.0,3.0,4.0,4.0,1.0,4.0,5.0,4.0,3.0,5.0,4.0,2.0,4.0,3.0,3.0,4.0,5.0,4.0,3,5,7,7,7,7,3,5,5,4,1,1,0,1,0,0,0,0,0,0,0,0,0,1,1,1,3,2,1,2,23,1,12,1,70,2,1,1
16723,4.0,4.0,4.0,5.0,4.0,4.0,4.0,2.0,5.0,5.0,1.0,4.0,4.0,4.0,4.0,1.0,4.0,4.0,5.0,2.0,5,2,7,3,7,3,6,3,6,3,1,1,0,1,1,0,0,0,0,1,0,0,0,1,1,1,3,3,2,1,37,1,7,1,60,2,2,3
16724,5.0,5.0,1.0,1.0,5.0,1.0,1.0,4.0,1.0,1.0,2.0,5.0,5.0,1.0,4.0,1.0,1.0,5.0,5.0,5.0,1,6,6,2,5,7,5,1,7,5,1,1,0,1,1,0,0,1,0,1,0,0,1,1,1,1,3,2,1,2,33,1,1,1,60,1,1,0
16725,5.0,4.0,4.0,5.0,5.0,2.0,5.0,1.0,5.0,2.0,2.0,5.0,1.0,5.0,1.0,5.0,5.0,3.0,5.0,4.0,2,5,4,3,5,6,7,6,2,6,1,1,1,1,1,0,0,0,0,1,0,0,1,1,1,1,2,3,1,1,49,2,4,1,60,1,2,2
16726,5.0,4.0,1.0,3.0,4.0,2.0,1.0,2.0,4.0,2.0,1.0,4.0,4.0,1.0,4.0,2.0,4.0,4.0,5.0,4.0,5,6,3,2,7,6,2,5,7,3,1,1,0,1,1,0,0,0,0,1,0,0,1,1,1,1,2,2,1,2,17,1,6,1,10,2,1,3
16727,4.0,2.0,5.0,2.0,2.0,4.0,2.0,2.0,4.0,2.0,2.0,3.0,2.0,1.0,4.0,2.0,3.0,3.0,1.0,2.0,4,5,5,6,6,4,5,5,3,2,1,1,1,1,1,0,0,1,0,1,0,0,1,1,1,1,3,2,1,1,25,1,6,1,60,2,1,4
16728,2.0,2.0,4.0,4.0,1.0,4.0,4.0,2.0,5.0,2.0,2.0,2.0,2.0,2.0,4.0,5.0,2.0,1.0,5.0,1.0,3,1,7,7,7,6,7,5,5,2,1,1,1,1,1,1,0,1,0,1,0,1,1,1,1,1,3,3,2,1,39,1,2,1,60,1,1,2
16729,4.0,5.0,4.0,1.0,5.0,2.0,1.0,5.0,2.0,2.0,1.0,5.0,5.0,1.0,4.0,2.0,1.0,4.0,5.0,3.0,7,7,3,5,7,2,7,6,1,2,1,0,0,1,1,0,0,0,0,1,0,0,0,1,1,1,2,2,2,1,18,1,2,2,10,2,1,2
16730,5.0,2.0,4.0,1.0,3.0,2.0,2.0,2.0,5.0,1.0,1.0,5.0,4.0,1.0,4.0,5.0,1.0,4.0,4.0,1.0,2,7,2,2,6,7,6,5,7,1,1,1,0,1,1,0,0,0,0,1,0,0,1,1,1,1,2,2,1,2,22,1,2,2,60,1,1,2
16731,2.0,1.0,3.0,4.0,1.0,4.0,4.0,2.0,5.0,4.0,2.0,2.0,2.0,3.0,2.0,2.0,3.0,2.0,3.0,2.0,3,5,5,5,6,5,7,5,3,3,1,1,0,1,1,1,0,1,0,1,0,0,1,1,1,1,2,1,2,1,41,1,7,1,60,1,3,2
16732,1.0,2.0,5.0,5.0,3.0,2.0,4.0,1.0,5.0,5.0,1.0,2.0,3.0,2.0,2.0,1.0,3.0,2.0,5.0,1.0,5,6,2,7,6,5,7,1,6,7,1,1,0,1,1,0,0,0,0,1,0,0,0,1,1,1,4,1,2,1,26,1,2,1,60,1,1,4
16733,1.0,4.0,4.0,4.0,5.0,4.0,2.0,1.0,4.0,2.0,2.0,2.0,1.0,4.0,4.0,4.0,2.0,4.0,1.0,1.0,5,5,7,2,5,5,5,2,6,3,1,1,1,1,1,0,0,0,0,1,0,0,1,1,1,1,0,3,2,1,43,1,6,1,60,0,3,1
16734,2.0,2.0,4.0,3.0,2.0,5.0,1.0,4.0,5.0,5.0,2.0,4.0,1.0,3.0,3.0,3.0,3.0,1.0,5.0,1.0,5,4,6,6,7,4,5,2,6,3,1,1,1,1,1,0,0,1,0,1,1,0,0,1,0,1,2,3,2,2,21,1,4,2,60,2,1,2
16735,4.0,4.0,4.0,2.0,4.0,3.0,1.0,2.0,3.0,1.0,1.0,4.0,1.0,2.0,5.0,2.0,1.0,4.0,5.0,1.0,2,5,4,7,6,3,4,6,2,2,1,1,1,1,1,0,1,1,0,1,1,0,1,1,1,1,4,2,1,1,38,1,1,2,60,2,1,1
16736,5.0,3.0,1.0,2.0,4.0,2.0,1.0,5.0,1.0,4.0,1.0,5.0,5.0,2.0,4.0,1.0,1.0,5.0,5.0,3.0,2,6,3,7,4,6,3,5,2,7,1,1,0,1,1,0,0,1,0,1,0,0,1,1,1,1,2,2,1,2,21,1,1,1,70,2,1,1
16737,5.0,5.0,5.0,1.0,5.0,1.0,1.0,5.0,2.0,1.0,1.0,5.0,5.0,1.0,5.0,3.0,1.0,5.0,5.0,5.0,6,1,7,7,6,7,5,1,1,2,1,0,0,1,0,0,0,0,0,1,0,0,0,0,1,1,2,3,1,2,35,1,3,1,10,1,1,3
16738,3.0,2.0,5.0,5.0,1.0,5.0,4.0,3.0,5.0,5.0,5.0,2.0,1.0,3.0,3.0,4.0,1.0,4.0,1.0,1.0,5,4,7,3,5,5,7,3,7,2,1,1,1,1,1,0,0,0,0,1,0,0,1,1,1,1,2,1,2,1,69,1,6,0,60,1,2,5
16739,5.0,4.0,1.0,1.0,2.0,1.0,1.0,4.0,5.0,2.0,2.0,4.0,4.0,4.0,5.0,5.0,1.0,1.0,5.0,2.0,2,5,6,1,7,7,2,3,7,5,1,1,0,1,1,1,1,1,0,1,1,1,1,1,1,1,1,3,1,2,16,3,2,1,60,2,1,2
16740,4.0,5.0,2.0,2.0,5.0,5.0,2.0,2.0,5.0,5.0,1.0,4.0,5.0,1.0,5.0,5.0,4.0,5.0,4.0,1.0,1,1,6,4,7,7,5,2,7,4,1,1,0,1,1,0,0,0,1,1,0,1,1,1,1,1,3,1,2,2,25,2,4,2,10,1,1,3
16741,5.0,5.0,5.0,3.0,4.0,3.0,2.0,5.0,5.0,4.0,2.0,5.0,5.0,4.0,4.0,3.0,5.0,5.0,5.0,4.0,3,3,6,2,6,6,5,4,6,3,1,1,0,1,1,0,0,0,0,1,0,0,0,0,1,1,3,2,1,2,29,1,2,1,60,2,1,2
16742,3.0,2.0,2.0,2.0,4.0,1.0,2.0,1.0,3.0,3.0,1.0,3.0,1.0,2.0,2.0,4.0,5.0,4.0,5.0,3.0,1,6,4,5,6,7,3,5,5,5,1,1,1,1,1,0,0,0,0,1,0,0,1,1,1,1,2,3,1,2,30,1,1,1,60,2,1,2
16743,1.0,2.0,2.0,5.0,2.0,4.0,2.0,1.0,5.0,4.0,2.0,1.0,2.0,4.0,4.0,2.0,4.0,2.0,3.0,2.0,5,2,7,2,7,3,6,1,5,3,1,1,0,1,1,0,0,0,0,1,0,0,0,1,1,1,2,2,2,1,20,1,5,1,60,1,1,4
16744,2.0,3.0,5.0,5.0,4.0,5.0,4.0,1.0,5.0,5.0,2.0,4.0,1.0,4.0,2.0,1.0,1.0,2.0,1.0,1.0,7,2,6,1,6,2,7,5,7,2,1,1,1,1,1,0,1,0,0,1,1,0,1,1,1,1,4,3,2,2,64,1,2,1,60,1,2,4
16745,1.0,1.0,2.0,4.0,2.0,4.0,2.0,2.0,5.0,4.0,1.0,4.0,4.0,3.0,1.0,3.0,1.0,3.0,1.0,1.0,3,5,5,5,3,6,5,2,5,3,1,1,1,1,1,0,0,1,0,1,0,0,1,1,1,1,3,1,2,1,47,1,6,1,60,2,2,5
16746,5.0,1.0,1.0,1.0,5.0,1.0,1.0,3.0,4.0,5.0,1.0,5.0,1.0,2.0,1.0,1.0,5.0,5.0,1.0,1.0,1,7,5,7,7,5,5,6,2,2,0,0,0,0,0,0,0,0,0,1,0,0,0,1,0,1,2,3,2,2,17,1,7,1,60,2,1,1
16747,2.0,1.0,5.0,5.0,5.0,5.0,5.0,1.0,5.0,5.0,4.0,5.0,1.0,3.0,1.0,1.0,1.0,1.0,5.0,1.0,2,2,6,5,6,6,2,4,6,1,1,1,0,1,1,0,0,0,0,1,0,0,1,0,1,1,4,3,1,2,29,1,8,1,10,2,1,1
16748,1.0,2.0,5.0,5.0,4.0,5.0,4.0,5.0,5.0,5.0,4.0,2.0,1.0,5.0,4.0,5.0,3.0,4.0,4.0,1.0,6,2,6,2,6,5,6,2,6,2,1,1,0,1,1,0,0,0,0,1,0,0,1,1,1,1,3,1,2,1,44,1,7,1,60,1,2,2
16749,1.0,5.0,1.0,1.0,5.0,1.0,1.0,4.0,4.0,5.0,2.0,5.0,1.0,1.0,5.0,1.0,1.0,4.0,1.0,1.0,7,1,7,6,6,6,6,1,6,2,1,1,0,1,1,0,0,0,0,1,0,0,0,0,1,1,3,3,2,2,21,1,10,4,20,2,1,5
16750,5.0,4.0,4.0,3.0,5.0,1.0,1.0,4.0,5.0,5.0,1.0,5.0,1.0,1.0,4.0,1.0,3.0,2.0,5.0,3.0,6,7,5,6,6,6,6,3,1,1,1,1,0,1,1,0,0,0,0,1,0,1,0,1,1,1,3,3,1,2,24,1,10,5,20,2,1,5
16751,5.0,5.0,1.0,1.0,5.0,1.0,1.0,5.0,2.0,2.0,1.0,5.0,5.0,1.0,3.0,1.0,5.0,5.0,5.0,5.0,4,4,6,4,4,4,4,4,4,1,1,0,0,0,1,0,0,0,0,1,0,0,0,0,0,1,3,3,1,2,25,1,1,1,60,1,1,1
16752,5.0,5.0,1.0,1.0,4.0,2.0,1.0,3.0,2.0,2.0,1.0,3.0,3.0,1.0,4.0,1.0,1.0,5.0,5.0,1.0,6,1,5,2,7,3,7,1,6,1,1,1,0,1,1,0,0,1,0,1,0,0,0,1,1,1,3,1,1,2,30,1,10,1,10,1,1,2
16753,2.0,2.0,3.0,4.0,1.0,4.0,4.0,2.0,5.0,4.0,2.0,2.0,2.0,4.0,2.0,5.0,4.0,3.0,4.0,2.0,2,3,5,5,4,5,5,5,5,1,1,1,1,1,1,1,1,0,0,1,1,1,1,1,1,1,3,2,2,1,45,1,2,1,60,2,3,2
16754,4.0,1.0,2.0,5.0,4.0,4.0,2.0,1.0,5.0,2.0,3.0,5.0,1.0,2.0,1.0,1.0,1.0,2.0,5.0,1.0,3,6,7,1,7,6,4,2,7,2,1,1,0,1,1,0,0,0,0,1,0,0,1,1,1,1,3,2,1,1,24,1,1,1,60,1,1,1
16755,5.0,4.0,4.0,3.0,4.0,1.0,1.0,3.0,3.0,1.0,1.0,4.0,2.0,1.0,3.0,1.0,1.0,4.0,5.0,1.0,7,4,7,1,7,1,4,3,7,2,1,1,0,1,1,0,0,0,0,1,0,0,1,1,1,1,4,2,2,1,29,1,1,1,60,1,1,2
16756,3.0,1.0,3.0,2.0,4.0,5.0,5.0,4.0,4.0,3.0,1.0,4.0,4.0,2.0,2.0,4.0,2.0,3.0,5.0,3.0,6,7,6,2,7,3,6,1,7,2,1,1,0,1,0,0,0,0,0,1,0,0,0,0,1,1,3,1,1,2,45,2,0,1,60,1,2,2
16757,1.0,1.0,1.0,4.0,3.0,5.0,5.0,1.0,5.0,4.0,1.0,1.0,1.0,1.0,4.0,1.0,2.0,2.0,3.0,1.0,7,1,7,1,6,1,7,1,7,1,0,0,0,0,0,0,0,0,0,0,0,0,0,0,0,1,3,2,1,1,21,1,6,1,60,1,1,3
16758,1.0,2.0,5.0,1.0,5.0,5.0,4.0,1.0,5.0,5.0,1.0,4.0,4.0,1.0,1.0,3.0,1.0,3.0,5.0,1.0,6,6,7,5,7,5,6,5,7,1,1,1,1,1,1,0,0,0,0,1,1,0,1,1,1,1,3,2,2,1,36,1,1,2,60,0,1,3
16759,1.0,1.0,3.0,2.0,3.0,5.0,5.0,2.0,3.0,3.0,2.0,1.0,4.0,5.0,1.0,5.0,4.0,5.0,2.0,1.0,2,5,3,5,2,0,5,3,4,5,1,1,0,1,1,0,0,1,0,1,0,0,1,1,1,1,2,3,1,1,21,1,1,1,60,1,1,2
16760,1.0,5.0,4.0,4.0,4.0,2.0,3.0,4.0,5.0,2.0,1.0,4.0,2.0,2.0,4.0,2.0,1.0,4.0,4.0,1.0,2,5,6,5,5,5,6,2,4,5,1,1,0,1,1,0,0,0,0,1,0,0,1,1,1,1,3,1,2,1,32,1,4,1,60,2,2,2
16761,2.0,3.0,5.0,4.0,3.0,3.0,2.0,3.0,4.0,4.0,3.0,4.0,3.0,3.0,3.0,4.0,3.0,4.0,5.0,1.0,6,2,3,4,5,3,7,6,4,3,1,1,1,1,1,0,0,1,0,1,0,0,1,1,1,1,4,2,2,1,26,2,7,1,60,1,1,3
16762,1.0,5.0,5.0,5.0,1.0,1.0,1.0,5.0,5.0,5.0,5.0,1.0,5.0,1.0,5.0,5.0,5.0,5.0,5.0,5.0,6,6,7,2,5,7,6,1,5,2,0,1,0,1,1,0,0,0,0,0,0,0,0,1,1,1,3,2,1,1,22,2,4,1,60,2,1,3
16763,2.0,2.0,5.0,4.0,3.0,5.0,2.0,4.0,4.0,4.0,2.0,5.0,1.0,3.0,4.0,4.0,2.0,4.0,4.0,1.0,3,5,5,5,6,5,7,5,5,3,1,1,1,1,1,0,1,0,0,1,0,0,1,1,1,1,3,3,1,1,45,1,7,1,60,1,3,3
16764,5.0,4.0,1.0,1.0,4.0,2.0,1.0,4.0,3.0,1.0,1.0,5.0,4.0,2.0,5.0,1.0,1.0,4.0,5.0,2.0,2,6,6,2,3,6,3,5,7,1,1,1,0,1,1,0,1,1,0,1,0,0,1,1,1,1,2,2,1,1,23,3,0,1,60,1,1,2
16765,4.0,2.0,4.0,2.0,4.0,4.0,2.0,1.0,5.0,2.0,1.0,5.0,2.0,5.0,4.0,4.0,2.0,1.0,5.0,1.0,6,6,5,6,5,2,6,5,3,1,1,1,0,1,1,0,0,0,0,1,0,0,1,1,1,1,3,3,2,1,24,1,7,2,60,1,1,3
16766,5.0,3.0,5.0,3.0,5.0,5.0,5.0,1.0,5.0,5.0,5.0,4.0,5.0,5.0,1.0,5.0,3.0,3.0,5.0,1.0,7,6,7,5,7,7,6,1,6,1,1,1,1,1,1,0,1,1,0,1,1,0,1,1,1,1,4,3,2,1,23,2,4,1,70,1,1,3
16767,4.0,5.0,2.0,4.0,4.0,4.0,1.0,5.0,2.0,4.0,1.0,4.0,5.0,1.0,4.0,1.0,1.0,5.0,5.0,1.0,6,6,5,2,7,2,7,5,6,2,1,1,0,1,1,0,0,1,0,1,0,0,0,1,1,1,3,3,1,2,25,1,1,1,60,1,1,2
16768,1.0,1.0,5.0,3.0,1.0,4.0,3.0,4.0,5.0,4.0,4.0,1.0,1.0,2.0,4.0,5.0,1.0,1.0,5.0,1.0,6,2,7,4,4,5,5,1,6,4,1,1,0,1,1,0,0,0,0,1,0,0,0,1,1,1,3,2,2,1,28,1,1,1,60,2,1,2
16769,2.0,5.0,5.0,4.0,5.0,3.0,3.0,4.0,5.0,3.0,1.0,4.0,4.0,3.0,5.0,1.0,1.0,5.0,5.0,5.0,5,5,2,4,5,2,7,5,5,4,1,1,1,1,1,0,0,1,0,1,0,0,1,1,1,1,2,2,2,1,45,1,1,1,60,2,3,2
16770,1.0,1.0,2.0,2.0,2.0,2.0,4.0,4.0,5.0,4.0,2.0,4.0,1.0,2.0,3.0,2.0,1.0,1.0,5.0,4.0,2,3,6,5,3,6,6,2,4,3,1,1,1,1,1,0,1,1,0,1,0,0,1,1,1,1,3,2,1,1,47,1,2,3,60,1,1,0
16771,2.0,3.0,4.0,2.0,4.0,1.0,1.0,3.0,4.0,3.0,1.0,4.0,1.0,2.0,4.0,1.0,2.0,5.0,5.0,1.0,3,5,2,6,3,5,5,6,3,4,1,1,1,1,1,0,0,1,0,1,0,0,1,1,1,1,2,2,1,1,18,1,1,1,60,2,1,1
16772,4.0,5.0,2.0,4.0,4.0,2.0,1.0,4.0,4.0,5.0,2.0,5.0,5.0,1.0,5.0,3.0,5.0,4.0,4.0,4.0,5,5,7,5,0,7,5,5,5,1,1,1,0,1,1,0,1,0,0,1,0,0,1,1,1,1,0,2,1,1,20,1,10,1,70,2,1,3
16773,5.0,5.0,4.0,3.0,2.0,2.0,1.0,2.0,5.0,2.0,2.0,5.0,1.0,1.0,2.0,5.0,5.0,4.0,2.0,4.0,1,7,5,6,6,7,3,3,2,1,0,0,0,1,0,1,0,0,0,1,1,0,0,1,1,0,2,3,1,1,18,1,10,1,10,2,1,3
16774,5.0,1.0,1.0,1.0,5.0,5.0,5.0,5.0,5.0,5.0,1.0,5.0,5.0,1.0,5.0,1.0,1.0,5.0,5.0,5.0,7,5,7,4,5,3,5,3,5,3,1,1,0,1,1,1,1,0,1,1,0,0,0,1,1,1,2,2,2,1,18,1,1,1,60,2,1,3
16775,2.0,5.0,2.0,1.0,5.0,1.0,1.0,4.0,2.0,1.0,2.0,4.0,4.0,1.0,5.0,1.0,1.0,4.0,5.0,5.0,5,1,0,7,7,6,5,1,7,1,1,1,1,1,1,0,1,1,0,1,1,1,1,1,1,1,4,3,2,1,68,1,4,1,30,1,3,5
16776,5.0,3.0,2.0,3.0,4.0,1.0,1.0,4.0,5.0,2.0,1.0,5.0,4.0,2.0,3.0,1.0,1.0,4.0,5.0,4.0,1,5,6,5,6,7,4,3,5,7,1,1,1,0,1,0,1,1,0,1,1,0,1,1,1,1,0,2,1,1,57,1,1,3,60,1,2,5
16777,5.0,5.0,2.0,3.0,5.0,4.0,1.0,5.0,1.0,2.0,1.0,5.0,4.0,1.0,4.0,2.0,1.0,5.0,1.0,5.0,2,3,5,6,5,5,6,7,6,5,1,1,1,1,1,0,1,0,0,1,0,0,1,1,1,1,4,3,1,2,25,1,10,2,60,2,1,2
16778,5.0,5.0,1.0,1.0,5.0,1.0,3.0,5.0,3.0,5.0,1.0,5.0,5.0,1.0,4.0,1.0,1.0,4.0,5.0,4.0,4,2,5,6,5,6,6,4,5,5,1,1,0,1,1,0,0,0,0,1,0,0,1,1,1,1,3,3,1,2,46,1,1,1,10,2,2,5
16779,4.0,2.0,3.0,1.0,4.0,1.0,2.0,3.0,3.0,2.0,3.0,5.0,1.0,1.0,4.0,1.0,4.0,5.0,5.0,3.0,1,6,7,4,7,6,1,2,4,1,1,1,1,1,1,0,0,1,0,1,1,0,1,1,1,1,3,2,2,2,35,1,12,5,70,2,1,2
16780,1.0,2.0,5.0,5.0,3.0,4.0,5.0,1.0,5.0,1.0,2.0,3.0,2.0,5.0,1.0,4.0,2.0,1.0,5.0,1.0,6,3,6,2,7,3,5,3,6,2,1,1,0,1,1,0,0,0,0,1,0,0,1,1,1,1,4,2,2,1,54,1,3,3,60,1,1,5
16781,4.0,5.0,2.0,1.0,3.0,1.0,1.0,5.0,3.0,1.0,1.0,5.0,5.0,2.0,4.0,2.0,1.0,5.0,5.0,3.0,2,5,7,6,6,6,2,1,7,3,1,1,0,1,1,0,0,1,0,1,1,0,1,1,1,1,2,3,1,2,21,1,1,3,60,1,1,2
16782,5.0,5.0,3.0,1.0,5.0,2.0,1.0,3.0,3.0,2.0,1.0,5.0,4.0,1.0,4.0,3.0,3.0,4.0,5.0,3.0,3,5,2,5,4,7,4,5,4,2,0,0,1,0,0,1,1,0,1,0,1,1,0,0,0,0,4,1,1,1,35,1,2,1,70,2,1,2
16783,5.0,2.0,2.0,1.0,5.0,1.0,5.0,2.0,3.0,4.0,1.0,5.0,5.0,3.0,5.0,2.0,5.0,5.0,5.0,1.0,3,4,6,2,4,5,5,1,5,3,1,1,0,1,1,0,0,1,0,1,1,0,0,1,1,1,1,3,1,2,16,1,7,1,60,2,1,2
16784,2.0,3.0,5.0,4.0,2.0,3.0,2.0,1.0,5.0,3.0,1.0,5.0,4.0,1.0,5.0,2.0,1.0,4.0,5.0,1.0,2,6,5,7,5,7,6,5,3,1,1,1,0,1,1,0,0,0,0,1,0,0,1,1,1,1,3,3,1,1,32,1,7,1,70,2,1,4
16785,2.0,1.0,2.0,3.0,2.0,4.0,2.0,5.0,5.0,5.0,1.0,4.0,1.0,1.0,5.0,1.0,1.0,5.0,5.0,1.0,1,5,3,7,4,3,4,5,5,5,1,1,1,1,1,0,0,0,0,1,0,0,1,1,1,1,3,2,1,1,30,1,1,1,70,1,1,4
16786,5.0,5.0,3.0,2.0,5.0,2.0,3.0,5.0,5.0,3.0,1.0,5.0,3.0,1.0,5.0,1.0,1.0,5.0,5.0,1.0,7,7,7,7,0,6,1,4,6,1,1,1,1,1,1,0,0,1,0,1,1,0,1,1,1,1,3,3,2,1,55,1,4,1,60,1,1,3
16787,5.0,5.0,1.0,1.0,5.0,1.0,1.0,3.0,1.0,1.0,1.0,5.0,5.0,1.0,5.0,1.0,1.0,3.0,5.0,3.0,6,4,7,1,7,1,3,1,7,1,1,1,0,1,1,1,0,0,0,1,0,0,1,1,1,1,3,2,1,1,30,1,9,1,60,1,1,2
16788,5.0,5.0,1.0,1.0,5.0,1.0,1.0,5.0,2.0,2.0,1.0,2.0,4.0,1.0,5.0,1.0,3.0,5.0,4.0,5.0,7,6,6,2,7,6,6,2,7,1,1,1,1,1,1,0,0,0,0,1,0,1,0,1,1,1,3,2,1,2,29,1,4,1,60,1,1,5
16789,4.0,4.0,3.0,3.0,5.0,3.0,1.0,5.0,2.0,5.0,1.0,5.0,1.0,1.0,3.0,1.0,1.0,5.0,5.0,2.0,2,6,6,6,7,7,5,6,4,1,1,1,0,0,1,0,0,0,0,1,0,0,1,1,1,1,1,3,1,2,20,1,12,1,60,1,1,1
16790,1.0,2.0,5.0,5.0,4.0,5.0,4.0,1.0,5.0,3.0,1.0,2.0,1.0,5.0,2.0,2.0,3.0,1.0,4.0,1.0,5,5,3,7,4,5,7,7,2,3,1,1,0,1,1,0,0,0,0,1,0,0,0,1,1,1,3,1,2,1,20,1,2,1,60,2,1,3
16791,5.0,5.0,1.0,5.0,4.0,1.0,1.0,5.0,2.0,1.0,4.0,5.0,4.0,5.0,5.0,1.0,4.0,2.0,5.0,5.0,6,1,5,1,7,3,7,7,3,4,1,1,0,1,1,0,1,0,0,1,0,0,0,1,1,1,3,1,1,2,21,1,8,2,10,1,1,1
16792,1.0,2.0,4.0,4.0,4.0,2.0,1.0,2.0,5.0,5.0,2.0,1.0,1.0,1.0,2.0,4.0,2.0,1.0,5.0,1.0,6,5,7,3,7,3,5,2,6,3,1,1,1,1,1,0,1,1,0,1,0,0,1,1,1,1,4,1,1,1,59,1,6,2,60,1,2,4
16793,1.0,1.0,5.0,2.0,2.0,5.0,5.0,1.0,5.0,5.0,1.0,2.0,3.0,3.0,1.0,5.0,4.0,1.0,1.0,1.0,5,1,7,2,7,5,7,1,7,1,1,1,0,1,1,0,0,0,0,1,0,0,1,1,1,1,3,3,1,1,71,1,4,1,60,1,2,3
16794,4.0,5.0,3.0,2.0,5.0,1.0,2.0,4.0,5.0,4.0,1.0,5.0,1.0,1.0,3.0,1.0,2.0,5.0,1.0,2.0,1,5,6,7,3,7,6,2,2,1,1,1,0,1,1,0,0,0,0,1,0,0,1,0,1,1,4,3,1,2,42,2,12,1,10,1,2,2
16795,5.0,4.0,1.0,2.0,5.0,1.0,1.0,4.0,1.0,2.0,2.0,5.0,5.0,1.0,4.0,1.0,1.0,5.0,5.0,3.0,4,5,3,5,5,7,3,6,5,7,1,1,0,1,1,0,0,1,0,1,0,0,1,0,1,1,3,1,1,2,30,1,12,1,70,2,1,2
16796,5.0,5.0,2.0,2.0,4.0,2.0,1.0,5.0,3.0,3.0,1.0,5.0,1.0,1.0,5.0,2.0,3.0,3.0,1.0,5.0,6,6,7,5,6,5,6,2,6,7,1,1,0,1,1,0,0,1,1,1,0,0,1,1,1,1,2,1,1,2,16,1,10,1,10,2,1,2
16797,4.0,2.0,5.0,4.0,4.0,5.0,4.0,4.0,5.0,5.0,4.0,5.0,1.0,1.0,1.0,4.0,2.0,3.0,3.0,1.0,3,7,6,2,7,7,6,5,7,2,1,1,1,1,1,0,0,0,0,1,1,1,1,1,1,1,3,2,1,2,30,1,4,1,70,0,1,1
16798,5.0,5.0,1.0,5.0,1.0,1.0,1.0,5.0,5.0,1.0,1.0,5.0,5.0,1.0,1.0,1.0,5.0,5.0,5.0,5.0,5,7,7,5,5,6,5,1,7,1,1,1,0,1,1,0,0,0,0,1,0,0,1,1,1,1,4,3,1,1,30,1,6,1,30,2,1,8
16799,2.0,2.0,3.0,4.0,4.0,5.0,5.0,1.0,5.0,5.0,1.0,4.0,4.0,1.0,2.0,4.0,5.0,1.0,4.0,1.0,5,2,7,2,7,6,7,5,6,4,1,1,0,1,1,0,0,0,0,1,0,0,1,1,1,1,4,3,2,2,49,1,10,1,60,1,1,4
16800,1.0,3.0,3.0,5.0,4.0,4.0,1.0,2.0,5.0,5.0,2.0,3.0,1.0,2.0,4.0,2.0,2.0,4.0,5.0,1.0,5,2,5,6,5,4,7,4,4,2,1,1,0,1,1,0,0,0,0,1,0,0,1,1,1,1,3,3,2,1,28,1,2,1,60,1,1,3
16801,1.0,4.0,5.0,3.0,2.0,3.0,2.0,2.0,5.0,5.0,2.0,2.0,3.0,5.0,3.0,4.0,3.0,1.0,4.0,2.0,6,2,7,6,5,4,6,2,3,2,1,1,0,1,1,0,0,0,0,1,0,0,0,1,1,1,4,3,2,1,26,1,7,1,60,2,1,3
16802,4.0,4.0,2.0,4.0,4.0,2.0,2.0,5.0,4.0,2.0,1.0,5.0,5.0,1.0,4.0,5.0,1.0,5.0,5.0,1.0,3,6,3,5,7,4,3,5,3,6,1,1,0,1,1,0,0,0,0,1,0,0,1,1,1,1,3,2,1,2,29,1,2,1,60,2,2,4
16803,5.0,5.0,3.0,4.0,3.0,4.0,1.0,3.0,4.0,5.0,1.0,4.0,4.0,1.0,3.0,5.0,3.0,5.0,5.0,3.0,2,2,4,1,6,7,4,5,7,1,1,1,1,1,1,1,1,1,1,1,1,1,1,1,1,1,1,3,1,2,15,3,4,1,10,2,1,0
16804,4.0,4.0,3.0,4.0,3.0,2.0,2.0,2.0,4.0,4.0,2.0,2.0,4.0,1.0,4.0,2.0,2.0,4.0,5.0,1.0,5,5,5,5,6,2,6,3,6,4,1,1,0,0,1,0,0,0,0,1,0,0,1,1,1,1,2,3,1,1,18,1,2,1,60,1,1,4
16805,1.0,1.0,5.0,4.0,3.0,5.0,5.0,1.0,5.0,5.0,1.0,5.0,5.0,1.0,1.0,1.0,1.0,5.0,5.0,1.0,6,7,7,7,7,5,1,1,7,1,1,1,0,1,1,0,0,0,1,1,0,0,0,1,1,1,3,1,1,1,26,1,1,1,60,2,1,0
16806,4.0,5.0,2.0,1.0,2.0,1.0,4.0,2.0,3.0,5.0,2.0,5.0,1.0,1.0,4.0,1.0,1.0,2.0,2.0,4.0,6,3,6,5,7,3,5,2,3,1,1,1,0,1,1,0,0,0,0,1,1,0,1,1,1,1,4,3,2,2,29,1,7,1,60,2,1,1
16807,1.0,1.0,5.0,5.0,1.0,5.0,2.0,1.0,5.0,5.0,2.0,1.0,1.0,5.0,3.0,5.0,4.0,2.0,5.0,1.0,6,5,6,4,5,5,6,2,4,3,1,1,0,1,1,0,1,1,0,1,0,0,1,1,1,1,4,3,1,1,63,1,6,1,60,1,2,5
16808,4.0,5.0,3.0,3.0,4.0,2.0,1.0,2.0,3.0,2.0,1.0,5.0,4.0,4.0,4.0,1.0,2.0,4.0,5.0,2.0,4,6,5,3,6,5,6,5,3,4,1,1,0,1,1,1,1,1,0,1,0,1,1,1,1,1,3,2,1,1,23,1,2,1,60,2,1,4
16809,3.0,3.0,1.0,3.0,4.0,1.0,1.0,5.0,1.0,1.0,5.0,5.0,2.0,3.0,1.0,3.0,1.0,1.0,1.0,3.0,1,4,7,1,7,1,4,1,7,5,1,1,0,1,1,0,1,1,0,1,0,0,1,1,1,1,3,3,1,2,29,1,8,1,10,1,1,2
16810,1.0,4.0,2.0,5.0,4.0,4.0,2.0,2.0,4.0,2.0,2.0,4.0,2.0,2.0,5.0,5.0,2.0,4.0,5.0,1.0,7,5,6,5,6,2,6,3,6,2,1,1,0,1,1,1,0,0,0,1,0,0,1,1,1,1,3,1,2,1,33,1,6,1,60,2,1,3
16811,2.0,2.0,4.0,4.0,1.0,4.0,5.0,1.0,5.0,5.0,2.0,4.0,1.0,4.0,4.0,2.0,2.0,2.0,5.0,1.0,6,3,6,2,6,3,7,1,6,2,1,1,1,1,1,0,0,0,0,1,0,1,1,1,1,1,2,2,2,1,69,1,4,1,60,1,2,3
16812,1.0,3.0,4.0,5.0,2.0,5.0,1.0,1.0,5.0,5.0,3.0,3.0,4.0,2.0,4.0,1.0,3.0,1.0,2.0,1.0,5,6,5,6,3,7,6,1,5,1,1,1,0,1,1,0,0,1,0,1,0,1,1,1,1,1,2,1,1,1,19,1,4,1,60,1,1,2
16813,3.0,2.0,2.0,2.0,4.0,1.0,1.0,2.0,2.0,2.0,1.0,4.0,3.0,3.0,4.0,1.0,2.0,4.0,5.0,3.0,5,6,6,5,6,3,6,3,5,2,1,1,1,1,1,0,0,0,0,1,0,0,1,1,1,1,3,1,1,1,20,1,12,1,60,1,1,2
16814,1.0,1.0,1.0,3.0,2.0,5.0,5.0,4.0,5.0,5.0,2.0,1.0,1.0,2.0,2.0,5.0,2.0,1.0,5.0,1.0,2,5,7,3,3,4,3,1,5,2,1,1,0,1,1,0,0,0,0,0,0,0,1,1,1,1,3,2,2,1,19,2,2,1,30,1,1,1
16815,5.0,5.0,5.0,4.0,4.0,5.0,5.0,5.0,5.0,5.0,2.0,5.0,4.0,1.0,5.0,1.0,4.0,2.0,5.0,2.0,2,5,7,3,5,6,5,2,6,2,1,1,0,1,1,0,0,1,0,1,0,0,0,1,1,1,3,3,1,2,25,1,4,1,30,1,1,0
16816,1.0,2.0,4.0,5.0,2.0,4.0,4.0,1.0,5.0,4.0,4.0,2.0,1.0,5.0,3.0,5.0,5.0,2.0,4.0,1.0,5,3,6,2,6,6,7,3,5,1,1,1,1,1,1,0,0,1,0,1,0,1,1,1,1,1,2,1,2,1,32,1,7,2,60,1,1,3
16817,3.0,3.0,2.0,3.0,4.0,1.0,1.0,2.0,4.0,3.0,2.0,2.0,2.0,2.0,4.0,2.0,4.0,4.0,5.0,2.0,3,5,7,5,5,6,6,3,6,5,1,1,0,1,1,0,0,0,0,1,0,0,1,1,1,1,2,2,1,1,24,1,1,2,70,1,1,3
16818,5.0,4.0,2.0,2.0,5.0,4.0,2.0,2.0,4.0,3.0,1.0,2.0,2.0,2.0,2.0,5.0,2.0,4.0,4.0,1.0,7,2,6,1,7,1,7,4,6,2,1,0,0,1,1,0,0,0,0,1,0,0,0,1,1,1,4,3,1,2,28,1,6,1,30,2,1,2
16819,3.0,4.0,2.0,2.0,4.0,1.0,1.0,3.0,3.0,2.0,2.0,3.0,4.0,2.0,2.0,1.0,1.0,2.0,5.0,2.0,1,4,6,4,5,4,2,4,4,2,1,1,1,1,1,1,0,0,0,1,0,0,1,1,1,1,3,2,2,1,26,2,4,1,60,1,1,3
16820,5.0,4.0,2.0,3.0,5.0,3.0,2.0,4.0,4.0,1.0,2.0,1.0,2.0,1.0,5.0,1.0,3.0,4.0,5.0,1.0,6,6,3,2,6,1,4,1,6,3,1,1,1,1,1,0,0,1,0,1,0,0,1,1,1,1,3,3,2,1,18,2,2,1,60,1,1,2
16821,1.0,1.0,5.0,1.0,2.0,4.0,2.0,5.0,4.0,4.0,3.0,1.0,1.0,1.0,4.0,2.0,5.0,5.0,5.0,1.0,6,7,2,7,2,7,7,2,4,6,1,1,0,1,1,0,0,0,0,1,0,0,0,0,1,0,2,2,1,1,21,1,2,1,60,1,1,2
16822,2.0,3.0,3.0,4.0,4.0,4.0,2.0,1.0,3.0,5.0,3.0,5.0,2.0,3.0,3.0,4.0,2.0,3.0,4.0,2.0,6,6,6,2,7,2,5,4,7,2,1,1,0,1,1,0,0,0,0,1,0,0,0,1,1,1,4,3,1,2,28,1,2,1,70,1,1,2
16823,3.0,3.0,1.0,5.0,5.0,3.0,2.0,4.0,5.0,5.0,1.0,4.0,1.0,4.0,3.0,5.0,3.0,2.0,5.0,1.0,2,4,3,7,5,7,5,7,1,4,1,1,0,0,1,0,0,0,0,1,0,0,0,1,1,1,3,3,2,1,42,1,7,1,60,2,1,2
16824,5.0,1.0,5.0,1.0,5.0,4.0,1.0,5.0,5.0,4.0,1.0,5.0,1.0,1.0,1.0,5.0,1.0,1.0,1.0,1.0,1,1,3,5,7,3,7,6,1,1,1,1,1,1,1,0,1,1,1,1,0,0,1,1,1,1,3,3,2,1,34,3,7,1,60,1,2,3
16825,2.0,1.0,5.0,1.0,2.0,4.0,2.0,1.0,5.0,3.0,1.0,3.0,4.0,1.0,3.0,2.0,3.0,1.0,5.0,1.0,0,0,0,0,0,0,0,0,0,0,1,1,1,1,1,0,0,0,0,1,0,0,1,1,1,1,2,1,2,1,21,2,7,4,30,2,1,3
16826,2.0,4.0,5.0,4.0,2.0,5.0,2.0,2.0,5.0,4.0,1.0,2.0,1.0,4.0,4.0,4.0,2.0,4.0,4.0,1.0,1,5,3,7,6,5,4,5,3,3,1,1,0,1,1,0,0,0,0,1,0,0,1,1,1,1,2,2,2,1,24,1,2,2,60,1,1,1
16827,4.0,2.0,2.0,2.0,5.0,1.0,2.0,5.0,5.0,2.0,2.0,5.0,4.0,1.0,4.0,2.0,3.0,4.0,3.0,5.0,6,6,6,2,6,3,7,5,4,2,1,1,1,1,1,0,0,1,0,1,0,0,1,1,1,1,4,2,2,2,40,1,6,1,70,1,3,2
16828,2.0,2.0,4.0,5.0,2.0,3.0,3.0,2.0,4.0,5.0,3.0,4.0,1.0,2.0,3.0,4.0,4.0,4.0,4.0,1.0,3,2,3,5,5,5,6,3,5,3,1,1,1,1,1,0,1,0,0,1,0,0,1,1,1,1,3,1,2,1,46,1,7,1,60,2,2,3
16829,5.0,5.0,3.0,2.0,5.0,1.0,2.0,5.0,2.0,5.0,1.0,5.0,4.0,1.0,5.0,4.0,1.0,5.0,5.0,4.0,6,5,7,7,1,6,5,7,7,1,1,1,0,1,1,0,0,1,0,1,0,0,1,1,1,1,1,2,1,1,15,1,6,1,10,2,1,3
16830,2.0,4.0,5.0,2.0,4.0,5.0,5.0,1.0,5.0,4.0,2.0,5.0,5.0,2.0,5.0,2.0,5.0,3.0,5.0,1.0,5,5,7,7,7,3,1,1,3,1,1,1,0,1,1,0,0,0,0,1,0,0,0,1,1,1,1,2,2,1,16,1,3,1,10,2,1,2
16831,1.0,1.0,4.0,1.0,1.0,4.0,2.0,1.0,5.0,5.0,1.0,5.0,2.0,1.0,1.0,1.0,1.0,2.0,1.0,1.0,5,5,7,5,5,5,5,3,6,1,1,1,0,1,1,0,0,0,0,1,0,0,0,1,1,1,3,2,1,2,28,1,7,1,30,1,1,5
16832,4.0,5.0,2.0,1.0,5.0,2.0,1.0,5.0,1.0,2.0,1.0,5.0,3.0,1.0,5.0,1.0,1.0,5.0,5.0,5.0,2,7,6,7,5,5,3,3,1,6,1,1,1,1,1,0,1,1,0,1,1,0,1,1,1,1,4,3,2,2,27,1,1,2,10,2,1,3
16833,1.0,1.0,1.0,5.0,1.0,5.0,5.0,1.0,5.0,5.0,5.0,3.0,1.0,5.0,3.0,5.0,4.0,1.0,5.0,1.0,6,2,7,1,6,4,6,1,7,4,1,1,0,1,1,0,1,1,1,1,1,1,1,1,1,1,3,3,1,1,54,1,4,1,60,1,2,3
16834,2.0,1.0,5.0,2.0,4.0,4.0,5.0,1.0,5.0,4.0,4.0,1.0,1.0,3.0,1.0,5.0,4.0,1.0,5.0,4.0,6,3,6,5,7,3,6,1,4,1,1,1,0,1,1,0,0,0,0,1,0,0,0,0,1,1,2,2,2,2,15,1,10,1,10,2,1,4
16835,4.0,5.0,1.0,1.0,5.0,1.0,1.0,4.0,3.0,1.0,1.0,5.0,5.0,2.0,2.0,1.0,2.0,4.0,5.0,1.0,2,3,2,5,5,5,6,5,5,1,0,0,0,0,1,0,0,0,0,0,0,0,0,1,0,0,2,3,1,2,23,1,2,1,60,1,1,2
16836,1.0,2.0,5.0,5.0,3.0,5.0,1.0,3.0,5.0,4.0,2.0,4.0,1.0,2.0,2.0,2.0,2.0,3.0,1.0,1.0,5,6,3,5,3,4,7,3,5,2,1,1,0,1,1,0,0,0,0,1,0,0,0,0,1,1,3,3,2,1,49,1,12,0,70,1,2,5
16837,5.0,2.0,5.0,2.0,2.0,3.0,4.0,3.0,5.0,5.0,4.0,2.0,5.0,2.0,2.0,4.0,5.0,5.0,5.0,3.0,7,6,3,4,7,2,6,2,5,3,0,0,0,0,1,0,1,0,0,1,0,0,1,0,0,1,3,2,2,2,38,1,4,1,70,1,1,4
16838,5.0,4.0,1.0,1.0,5.0,1.0,1.0,4.0,4.0,2.0,2.0,5.0,1.0,4.0,4.0,1.0,1.0,5.0,5.0,2.0,7,7,6,2,6,1,1,2,6,1,1,1,0,1,1,0,0,0,0,1,0,0,0,1,1,1,3,1,2,1,21,1,2,1,60,1,1,2
16839,5.0,1.0,4.0,4.0,5.0,4.0,2.0,2.0,5.0,2.0,1.0,3.0,2.0,4.0,3.0,2.0,2.0,2.0,5.0,2.0,5,2,6,1,7,4,7,2,7,5,1,1,1,1,1,0,1,1,0,1,0,0,1,1,1,1,2,1,2,1,40,1,1,1,60,1,3,3
16840,4.0,4.0,5.0,2.0,2.0,5.0,4.0,1.0,4.0,4.0,1.0,4.0,4.0,1.0,4.0,4.0,4.0,1.0,2.0,2.0,5,6,7,5,5,6,5,3,3,1,1,1,0,1,1,0,0,0,0,1,0,0,1,0,1,1,3,2,1,1,42,1,4,1,60,2,1,4
16841,1.0,1.0,2.0,4.0,4.0,5.0,2.0,4.0,4.0,4.0,1.0,5.0,3.0,1.0,3.0,2.0,5.0,5.0,5.0,1.0,6,6,2,3,7,1,6,7,6,3,1,1,0,1,1,0,0,0,0,1,0,0,0,1,1,1,3,2,1,2,21,1,1,1,60,2,1,1
16842,1.0,1.0,4.0,1.0,4.0,5.0,5.0,5.0,5.0,5.0,2.0,4.0,1.0,2.0,2.0,5.0,4.0,5.0,5.0,1.0,6,3,7,2,7,5,6,3,5,1,0,1,0,0,0,0,0,0,0,1,0,0,1,0,1,1,2,2,1,1,23,1,7,1,30,2,1,3
16843,3.0,5.0,3.0,3.0,5.0,5.0,5.0,5.0,5.0,3.0,2.0,5.0,4.0,3.0,4.0,2.0,2.0,4.0,2.0,1.0,5,5,5,3,7,2,5,4,4,3,1,1,0,1,1,0,0,1,0,1,0,0,1,0,1,1,0,3,1,2,27,1,4,1,10,1,1,2
16844,5.0,4.0,3.0,2.0,5.0,2.0,2.0,4.0,3.0,2.0,1.0,5.0,5.0,2.0,4.0,2.0,2.0,4.0,4.0,4.0,3,5,6,4,4,6,5,5,4,2,1,1,1,1,1,0,0,1,1,1,0,1,1,1,1,1,3,2,1,1,24,1,5,1,60,1,1,2
16845,5.0,5.0,2.0,2.0,5.0,1.0,1.0,2.0,1.0,1.0,1.0,5.0,5.0,2.0,5.0,5.0,1.0,5.0,5.0,3.0,7,5,7,3,7,5,5,6,7,1,1,1,0,1,1,0,0,1,0,1,0,0,1,1,1,1,2,3,1,1,19,1,10,1,20,1,1,3
16846,5.0,1.0,1.0,4.0,5.0,4.0,1.0,2.0,5.0,5.0,1.0,2.0,1.0,2.0,1.0,4.0,5.0,2.0,3.0,2.0,6,7,6,3,7,6,5,6,5,1,1,1,1,1,1,0,1,0,1,1,0,0,1,1,1,1,4,3,1,2,25,1,4,1,70,1,3,2
16847,2.0,2.0,5.0,4.0,2.0,5.0,5.0,2.0,5.0,5.0,1.0,2.0,2.0,2.0,2.0,5.0,2.0,1.0,2.0,1.0,6,2,7,2,6,2,6,1,6,2,1,1,0,1,1,0,0,0,0,1,0,0,0,1,1,1,2,3,2,1,48,1,7,1,70,2,3,2
16848,1.0,1.0,3.0,4.0,2.0,4.0,2.0,1.0,5.0,3.0,1.0,4.0,1.0,4.0,2.0,4.0,3.0,1.0,4.0,1.0,1,3,7,1,6,7,5,5,6,3,1,1,1,1,1,0,0,0,0,1,0,1,1,1,1,1,4,2,2,1,39,1,4,5,60,1,1,5
16849,3.0,2.0,3.0,4.0,4.0,3.0,3.0,3.0,5.0,3.0,3.0,4.0,2.0,2.0,4.0,2.0,2.0,4.0,5.0,1.0,5,6,4,6,7,3,4,5,3,4,1,1,0,1,1,0,1,1,0,1,0,0,1,1,1,1,4,2,1,1,30,1,1,1,60,1,2,1
16850,1.0,1.0,2.0,3.0,5.0,5.0,5.0,5.0,5.0,5.0,1.0,5.0,1.0,3.0,5.0,5.0,1.0,5.0,5.0,2.0,5,6,7,3,7,7,7,1,1,3,1,1,1,1,1,1,1,1,0,1,0,0,0,0,1,1,4,2,2,1,28,3,4,5,50,1,3,2
16851,5.0,5.0,1.0,1.0,5.0,1.0,5.0,4.0,1.0,1.0,1.0,5.0,5.0,1.0,5.0,1.0,1.0,5.0,5.0,5.0,4,4,7,1,7,6,5,2,3,2,1,0,0,1,0,0,0,0,0,1,0,0,0,0,1,1,3,3,1,2,23,1,4,1,10,1,1,3
16852,5.0,4.0,3.0,4.0,5.0,1.0,1.0,5.0,2.0,1.0,2.0,5.0,3.0,2.0,5.0,1.0,1.0,4.0,5.0,1.0,7,1,5,1,7,1,5,7,2,1,1,1,0,1,1,0,0,1,0,1,1,0,1,1,1,1,3,2,1,1,20,2,6,1,60,1,1,0
16853,5.0,5.0,1.0,1.0,5.0,1.0,1.0,5.0,1.0,1.0,1.0,5.0,5.0,1.0,5.0,1.0,1.0,5.0,5.0,1.0,4,7,7,7,7,4,1,1,3,1,1,1,1,1,1,0,0,1,0,1,0,0,1,1,1,1,4,3,1,1,26,1,2,1,10,1,1,1
16854,5.0,5.0,1.0,1.0,5.0,1.0,1.0,5.0,1.0,1.0,1.0,5.0,5.0,1.0,5.0,1.0,1.0,5.0,5.0,5.0,2,3,4,2,4,7,4,4,6,3,1,1,0,1,1,1,1,1,0,1,0,1,1,1,1,1,2,2,1,2,18,1,2,1,10,2,1,2
16855,4.0,1.0,4.0,1.0,4.0,5.0,2.0,1.0,5.0,5.0,2.0,4.0,2.0,5.0,1.0,4.0,5.0,3.0,5.0,5.0,3,5,6,5,7,3,6,5,3,1,0,0,0,0,1,0,0,0,0,1,0,0,0,0,0,1,3,2,2,2,25,2,12,1,10,2,1,4
16856,5.0,1.0,1.0,2.0,5.0,2.0,2.0,5.0,3.0,1.0,1.0,5.0,5.0,1.0,5.0,1.0,2.0,5.0,5.0,4.0,5,5,5,1,6,5,5,1,5,1,1,1,0,1,1,0,0,1,0,1,0,0,1,0,1,1,3,1,1,2,24,1,4,1,30,1,1,3
16857,5.0,5.0,1.0,3.0,5.0,1.0,1.0,5.0,3.0,2.0,4.0,5.0,4.0,3.0,5.0,1.0,1.0,5.0,4.0,4.0,6,6,4,2,6,1,5,5,2,1,0,1,1,1,1,0,0,0,1,1,0,1,1,1,1,1,3,3,1,1,19,1,6,1,30,1,1,4
16858,4.0,5.0,1.0,1.0,5.0,1.0,1.0,3.0,4.0,5.0,1.0,5.0,5.0,1.0,4.0,1.0,1.0,3.0,5.0,2.0,1,7,6,7,2,7,5,6,2,7,1,1,1,1,1,0,0,0,1,1,1,0,0,1,1,1,3,2,2,1,47,1,12,2,60,1,3,0
16859,2.0,2.0,2.0,4.0,4.0,5.0,4.0,4.0,4.0,3.0,3.0,2.0,1.0,2.0,5.0,2.0,1.0,4.0,4.0,2.0,3,6,6,7,5,5,2,3,3,5,1,1,1,1,1,0,1,1,0,1,0,0,1,1,1,1,4,3,1,1,24,1,2,1,60,1,1,2
16860,3.0,4.0,2.0,1.0,4.0,1.0,1.0,3.0,4.0,2.0,1.0,5.0,5.0,1.0,3.0,2.0,4.0,5.0,5.0,3.0,3,6,4,3,7,1,6,5,2,1,1,1,0,1,1,0,0,0,0,1,0,0,0,1,1,1,3,2,1,2,46,1,1,1,60,2,2,2
16861,3.0,4.0,4.0,3.0,4.0,4.0,2.0,2.0,4.0,4.0,4.0,5.0,2.0,2.0,2.0,2.0,3.0,4.0,5.0,3.0,6,5,7,5,5,2,3,3,6,2,1,1,0,1,1,0,0,0,0,1,0,0,1,1,1,1,2,3,2,1,21,1,4,3,60,2,1,3
16862,4.0,2.0,4.0,2.0,1.0,3.0,1.0,1.0,4.0,3.0,1.0,5.0,4.0,1.0,5.0,4.0,5.0,5.0,4.0,3.0,4,2,5,5,5,6,7,5,5,6,1,1,0,1,0,0,0,0,0,1,0,1,1,1,1,1,2,3,1,2,28,1,7,1,60,1,1,1
16863,5.0,4.0,1.0,1.0,4.0,1.0,1.0,5.0,2.0,2.0,1.0,5.0,1.0,1.0,3.0,1.0,1.0,4.0,5.0,3.0,1,4,4,3,2,7,1,3,6,5,1,1,0,1,1,0,0,0,0,1,0,0,1,0,1,1,3,0,1,2,24,1,4,1,60,1,1,3
16864,1.0,2.0,5.0,3.0,3.0,3.0,4.0,1.0,5.0,5.0,2.0,4.0,1.0,4.0,2.0,5.0,4.0,3.0,3.0,2.0,4,3,2,5,4,5,5,6,1,1,1,1,1,1,1,0,0,0,0,1,1,1,1,1,1,1,3,2,2,1,33,1,12,1,60,2,1,2
16865,5.0,4.0,1.0,3.0,4.0,1.0,1.0,4.0,3.0,1.0,1.0,5.0,3.0,1.0,5.0,1.0,1.0,3.0,5.0,5.0,4,5,4,5,7,5,5,6,2,2,1,1,0,1,1,0,0,1,0,1,0,0,1,1,1,0,3,3,1,1,28,1,2,1,60,1,1,2
16866,5.0,5.0,2.0,2.0,4.0,2.0,1.0,5.0,3.0,1.0,2.0,2.0,5.0,1.0,2.0,1.0,1.0,4.0,5.0,4.0,3,4,5,2,6,7,6,2,7,5,1,1,1,1,1,0,0,0,0,1,0,0,1,0,1,1,2,2,1,2,18,1,6,1,70,2,1,2
16867,5.0,5.0,1.0,2.0,4.0,1.0,1.0,4.0,2.0,1.0,1.0,5.0,5.0,1.0,5.0,1.0,2.0,5.0,5.0,1.0,1,6,6,6,2,6,5,2,6,2,0,1,0,1,1,0,0,0,0,1,0,0,1,1,1,1,3,2,1,1,25,1,2,1,60,1,1,3
16868,5.0,4.0,1.0,1.0,5.0,1.0,1.0,5.0,1.0,1.0,1.0,5.0,5.0,1.0,5.0,1.0,1.0,4.0,2.0,5.0,3,6,5,2,7,6,1,1,6,1,1,1,1,1,1,0,0,1,0,1,1,0,1,1,1,1,4,3,1,2,32,1,1,1,60,2,1,1
16869,3.0,5.0,3.0,2.0,5.0,4.0,4.0,2.0,4.0,3.0,1.0,5.0,4.0,2.0,3.0,3.0,4.0,4.0,5.0,3.0,2,2,6,5,6,7,5,7,6,2,0,1,0,1,1,1,0,0,0,1,1,0,1,1,1,1,4,2,2,2,38,1,1,1,60,2,3,2
16870,5.0,2.0,5.0,4.0,2.0,5.0,5.0,1.0,5.0,4.0,2.0,4.0,4.0,3.0,2.0,4.0,2.0,3.0,2.0,3.0,6,6,6,6,5,3,5,5,4,2,0,1,0,0,0,0,0,0,0,0,0,0,0,1,1,1,3,1,2,1,35,2,12,1,60,1,3,3
16871,4.0,2.0,2.0,5.0,1.0,3.0,2.0,2.0,4.0,2.0,5.0,1.0,1.0,3.0,4.0,2.0,3.0,4.0,5.0,1.0,7,2,5,1,7,1,5,5,6,2,1,1,0,1,1,0,1,0,0,1,0,0,1,1,1,1,3,2,1,1,22,1,9,2,60,1,1,2
16872,5.0,5.0,1.0,1.0,5.0,1.0,1.0,5.0,1.0,1.0,1.0,5.0,1.0,1.0,5.0,1.0,5.0,5.0,5.0,5.0,1,7,1,1,7,7,1,7,1,1,1,1,1,1,1,1,1,1,1,1,1,1,1,1,1,0,3,2,1,1,20,1,10,1,10,2,1,3
16873,2.0,2.0,2.0,3.0,1.0,4.0,1.0,1.0,2.0,2.0,1.0,2.0,1.0,3.0,4.0,1.0,2.0,1.0,5.0,1.0,6,5,7,3,6,5,4,2,5,3,0,1,0,1,1,0,0,0,0,1,0,0,0,1,1,1,3,2,2,1,23,1,2,1,60,2,1,2
16874,5.0,5.0,1.0,1.0,5.0,1.0,1.0,5.0,1.0,1.0,1.0,4.0,5.0,1.0,5.0,1.0,1.0,5.0,4.0,1.0,7,7,7,3,7,5,4,5,7,3,1,1,0,1,1,0,0,0,1,1,0,0,0,1,1,1,1,3,1,1,17,2,2,1,60,2,1,2
16875,4.0,3.0,2.0,3.0,2.0,3.0,1.0,2.0,4.0,4.0,2.0,4.0,1.0,3.0,3.0,2.0,4.0,4.0,5.0,2.0,6,3,7,1,6,4,6,3,6,2,1,1,1,1,1,1,0,0,1,1,0,1,1,1,1,1,3,2,2,1,22,1,1,0,60,1,1,2
16876,4.0,3.0,4.0,4.0,4.0,3.0,2.0,3.0,3.0,3.0,2.0,5.0,3.0,1.0,4.0,4.0,3.0,2.0,5.0,3.0,3,6,6,6,6,6,5,2,4,1,0,0,0,0,0,0,0,0,0,0,0,0,0,1,0,1,3,2,2,1,22,1,1,1,70,1,1,4
16877,1.0,1.0,4.0,3.0,1.0,4.0,2.0,1.0,5.0,5.0,1.0,1.0,1.0,2.0,2.0,2.0,3.0,3.0,2.0,1.0,6,3,5,2,3,1,6,4,5,5,0,1,1,1,1,0,0,1,0,1,1,0,1,1,1,1,3,1,1,2,50,1,2,1,60,1,2,2
16878,5.0,5.0,1.0,1.0,4.0,1.0,1.0,5.0,2.0,1.0,1.0,5.0,5.0,1.0,5.0,1.0,1.0,5.0,1.0,3.0,6,2,5,2,6,3,4,3,6,3,1,1,0,1,1,1,0,0,0,1,0,0,1,1,1,1,3,2,1,1,37,1,6,1,60,2,2,2
16879,4.0,5.0,3.0,2.0,4.0,3.0,2.0,4.0,3.0,3.0,3.0,5.0,5.0,2.0,4.0,4.0,2.0,3.0,4.0,3.0,3,4,2,4,3,6,4,1,4,4,1,1,0,1,1,0,0,0,0,1,0,0,0,1,1,1,3,2,2,2,18,1,10,3,10,2,1,7
16880,5.0,4.0,1.0,1.0,5.0,1.0,1.0,3.0,5.0,1.0,1.0,5.0,5.0,3.0,5.0,1.0,5.0,5.0,5.0,5.0,2,7,7,2,6,6,3,5,6,4,1,1,0,1,1,0,0,0,0,1,0,0,0,1,1,1,2,3,2,2,20,1,6,1,30,1,1,3
16881,2.0,1.0,5.0,5.0,1.0,4.0,4.0,3.0,5.0,5.0,1.0,1.0,1.0,2.0,3.0,1.0,5.0,2.0,5.0,1.0,7,2,7,2,7,2,7,2,6,1,1,1,0,1,1,0,0,0,0,1,0,0,0,1,1,1,3,2,2,1,22,1,1,1,60,1,1,2
16882,4.0,5.0,4.0,3.0,5.0,2.0,2.0,4.0,5.0,4.0,2.0,4.0,1.0,2.0,5.0,1.0,3.0,5.0,5.0,1.0,6,1,5,3,6,2,7,5,7,2,1,1,0,1,1,0,1,0,0,1,0,0,1,1,1,1,4,3,2,2,23,1,8,1,10,2,1,2
16883,4.0,1.0,5.0,2.0,1.0,4.0,2.0,4.0,5.0,5.0,2.0,5.0,3.0,2.0,3.0,4.0,1.0,1.0,5.0,5.0,7,6,5,3,5,1,5,6,2,1,1,1,0,1,1,1,0,0,0,1,0,0,1,1,1,1,3,2,2,1,22,1,12,2,30,1,1,3
16884,4.0,2.0,2.0,2.0,4.0,4.0,2.0,4.0,4.0,4.0,1.0,5.0,5.0,3.0,4.0,5.0,2.0,3.0,5.0,4.0,3,5,6,4,6,4,4,2,2,2,1,1,0,1,1,0,0,0,0,1,0,1,0,1,1,1,2,2,2,1,18,1,1,2,60,2,1,3
16885,4.0,2.0,4.0,4.0,3.0,4.0,3.0,4.0,4.0,3.0,3.0,1.0,1.0,5.0,3.0,4.0,5.0,4.0,5.0,1.0,4,4,5,6,4,5,6,2,5,2,1,1,0,1,1,0,0,0,0,1,0,0,0,0,1,1,3,3,2,2,23,1,4,1,50,2,1,4
16886,2.0,2.0,4.0,4.0,2.0,3.0,2.0,4.0,4.0,4.0,4.0,1.0,4.0,3.0,4.0,3.0,2.0,2.0,2.0,2.0,2,6,3,6,5,7,5,7,3,3,1,1,1,1,1,0,0,0,0,1,1,0,1,1,1,1,3,2,1,1,22,1,4,1,60,2,1,5
16887,5.0,5.0,2.0,1.0,5.0,1.0,2.0,2.0,3.0,2.0,2.0,4.0,4.0,1.0,5.0,2.0,1.0,5.0,5.0,4.0,2,7,7,5,7,7,5,5,7,1,1,1,1,1,1,0,0,1,0,1,1,1,1,1,1,1,3,2,1,2,33,1,4,3,60,2,1,5
16888,3.0,2.0,1.0,1.0,2.0,4.0,2.0,4.0,4.0,2.0,2.0,3.0,2.0,4.0,5.0,2.0,5.0,5.0,5.0,1.0,7,5,2,5,7,1,5,5,6,1,1,1,0,1,1,0,0,0,0,1,0,1,0,1,1,1,2,1,2,2,23,1,2,1,60,2,1,1
16889,3.0,5.0,2.0,1.0,5.0,3.0,1.0,2.0,5.0,3.0,2.0,2.0,4.0,1.0,5.0,1.0,1.0,5.0,5.0,2.0,1,7,6,5,7,5,5,1,6,4,1,1,0,1,1,0,0,0,0,0,0,0,0,1,1,1,3,3,2,2,25,1,2,1,60,2,1,2
16890,2.0,1.0,4.0,4.0,2.0,5.0,4.0,2.0,5.0,2.0,3.0,1.0,1.0,3.0,2.0,5.0,3.0,2.0,2.0,1.0,5,3,1,4,6,5,5,3,5,3,1,1,0,1,1,0,0,0,0,1,1,0,0,1,1,1,3,3,1,2,47,1,6,1,60,1,2,2
16891,5.0,4.0,4.0,2.0,4.0,2.0,4.0,1.0,5.0,5.0,2.0,1.0,1.0,1.0,5.0,2.0,4.0,4.0,5.0,5.0,5,3,6,2,6,3,6,2,6,2,1,1,0,1,1,0,0,0,1,1,1,0,1,1,1,1,3,1,1,2,51,1,6,1,60,1,3,2
16892,5.0,4.0,2.0,1.0,4.0,1.0,1.0,2.0,3.0,1.0,1.0,5.0,2.0,1.0,5.0,2.0,1.0,5.0,5.0,2.0,6,7,6,2,7,4,6,5,6,2,1,1,0,1,1,0,0,0,0,1,0,0,1,0,1,1,2,2,1,1,20,1,2,1,10,2,1,1
16893,5.0,5.0,1.0,1.0,4.0,1.0,1.0,5.0,3.0,2.0,1.0,5.0,3.0,1.0,2.0,4.0,3.0,1.0,5.0,4.0,2,7,7,1,5,1,2,1,6,3,1,1,1,1,1,1,1,1,1,1,1,1,1,1,1,1,3,3,1,1,21,1,4,4,10,1,1,0
16894,2.0,2.0,4.0,3.0,4.0,2.0,2.0,2.0,4.0,3.0,1.0,4.0,2.0,2.0,4.0,4.0,2.0,4.0,5.0,2.0,5,5,6,5,6,5,6,2,6,5,1,1,1,1,1,0,0,1,0,1,1,0,1,1,1,1,3,3,2,2,30,1,1,1,60,2,1,1
16895,3.0,4.0,4.0,2.0,4.0,2.0,2.0,4.0,4.0,2.0,2.0,5.0,4.0,2.0,5.0,2.0,1.0,2.0,1.0,2.0,3,6,6,3,7,5,5,2,7,5,1,1,0,1,1,0,0,1,0,1,0,0,1,1,1,1,3,2,1,1,21,1,1,1,70,1,1,3
16896,2.0,3.0,4.0,5.0,2.0,3.0,2.0,1.0,3.0,3.0,5.0,2.0,1.0,3.0,4.0,2.0,5.0,4.0,4.0,1.0,5,4,6,2,5,3,5,2,5,4,1,1,0,1,1,0,0,1,0,1,0,1,0,1,1,1,4,3,2,2,29,1,6,1,60,1,1,3
16897,5.0,5.0,2.0,3.0,4.0,2.0,1.0,4.0,2.0,2.0,2.0,3.0,5.0,1.0,4.0,4.0,2.0,5.0,5.0,3.0,7,2,5,3,7,5,6,2,6,1,1,0,0,1,1,0,0,0,0,1,0,0,0,1,0,1,4,0,1,2,19,1,2,1,60,1,1,3
16898,4.0,4.0,1.0,3.0,2.0,1.0,1.0,4.0,2.0,1.0,1.0,3.0,4.0,1.0,5.0,1.0,1.0,4.0,5.0,1.0,5,7,7,2,7,6,5,2,5,1,1,1,0,1,1,0,0,1,0,1,0,0,1,1,1,1,3,2,1,1,20,1,7,1,60,1,1,3
16899,5.0,4.0,1.0,1.0,4.0,2.0,1.0,1.0,5.0,1.0,1.0,4.0,5.0,1.0,5.0,2.0,5.0,5.0,5.0,1.0,5,6,6,6,7,3,4,5,3,1,1,1,0,1,1,0,0,0,0,1,0,0,0,1,1,1,3,3,2,2,22,1,2,2,60,1,1,2
16900,3.0,4.0,4.0,4.0,3.0,2.0,3.0,2.0,4.0,4.0,3.0,2.0,2.0,1.0,4.0,2.0,1.0,4.0,3.0,3.0,4,5,5,3,7,5,3,5,5,1,1,1,1,1,1,0,0,0,0,1,0,0,0,1,1,1,3,3,2,2,40,1,2,2,60,2,1,2
16901,1.0,3.0,4.0,5.0,1.0,4.0,4.0,1.0,5.0,5.0,2.0,1.0,2.0,5.0,4.0,5.0,3.0,4.0,5.0,1.0,6,6,3,5,5,1,6,1,6,4,1,1,1,1,1,1,1,0,1,1,0,0,1,1,1,1,3,1,1,2,36,1,2,1,60,2,2,3
16902,1.0,1.0,5.0,5.0,1.0,4.0,5.0,1.0,1.0,5.0,4.0,1.0,4.0,2.0,2.0,5.0,4.0,1.0,4.0,1.0,1,1,6,5,5,7,7,1,5,5,1,1,1,1,1,0,1,1,0,1,0,0,1,1,1,1,4,3,2,1,45,2,7,1,30,1,1,4
16903,4.0,3.0,4.0,3.0,4.0,1.0,1.0,4.0,4.0,2.0,2.0,2.0,2.0,3.0,5.0,1.0,2.0,5.0,4.0,3.0,1,2,5,6,4,7,6,4,2,3,1,1,1,1,1,0,0,0,0,1,0,1,1,1,1,1,1,2,2,2,17,1,1,3,10,2,1,2
16904,4.0,5.0,1.0,4.0,5.0,2.0,1.0,3.0,4.0,5.0,1.0,5.0,4.0,4.0,5.0,1.0,1.0,5.0,5.0,3.0,2,7,3,1,6,5,5,5,7,7,1,1,1,1,1,0,0,1,0,1,0,1,1,1,1,1,3,3,1,2,24,1,4,1,70,2,1,1
16905,4.0,5.0,5.0,5.0,5.0,1.0,1.0,1.0,2.0,3.0,1.0,1.0,2.0,5.0,5.0,2.0,1.0,5.0,5.0,1.0,5,2,4,5,7,5,7,5,4,1,1,1,1,1,1,0,0,1,0,1,1,0,1,1,1,1,3,2,1,1,25,1,1,1,60,1,2,2
16906,5.0,5.0,2.0,2.0,4.0,2.0,2.0,4.0,4.0,4.0,1.0,4.0,5.0,2.0,5.0,1.0,5.0,5.0,5.0,4.0,1,6,5,7,7,7,6,4,2,1,1,0,0,0,1,0,0,0,0,1,0,0,1,1,1,1,2,2,2,2,23,1,4,1,70,1,1,2
16907,3.0,2.0,5.0,1.0,4.0,2.0,2.0,1.0,5.0,5.0,3.0,1.0,1.0,1.0,4.0,1.0,2.0,1.0,5.0,3.0,3,2,5,2,6,7,7,5,6,4,1,1,1,1,1,0,0,0,0,1,0,0,1,1,1,1,2,2,1,1,16,1,6,1,10,2,1,2
16908,5.0,1.0,1.0,1.0,4.0,1.0,5.0,5.0,5.0,5.0,1.0,5.0,1.0,1.0,1.0,5.0,2.0,5.0,5.0,5.0,6,6,5,3,7,1,6,1,3,3,1,1,0,0,1,0,1,1,1,1,0,1,0,1,1,1,2,1,2,1,22,1,4,1,60,1,1,2
16909,2.0,2.0,4.0,3.0,3.0,5.0,5.0,2.0,5.0,5.0,3.0,1.0,4.0,3.0,2.0,3.0,3.0,1.0,2.0,3.0,5,1,7,4,5,5,5,1,7,2,1,1,1,1,1,0,1,0,0,1,0,0,1,1,1,1,4,2,2,1,51,1,6,1,60,1,2,3
16910,3.0,2.0,5.0,3.0,2.0,4.0,4.0,2.0,5.0,4.0,3.0,2.0,1.0,3.0,3.0,1.0,3.0,3.0,5.0,1.0,6,6,3,2,7,5,6,5,4,2,0,0,0,0,1,0,0,0,0,0,0,0,0,1,0,0,4,3,1,2,47,1,2,1,70,1,1,2
16911,4.0,3.0,2.0,4.0,4.0,3.0,2.0,4.0,5.0,2.0,1.0,4.0,5.0,2.0,1.0,5.0,5.0,2.0,5.0,1.0,5,6,6,3,7,3,4,5,4,1,1,1,0,1,1,0,0,0,0,1,0,0,1,1,1,1,3,2,1,1,24,1,2,1,60,1,1,2
16912,3.0,2.0,4.0,1.0,5.0,4.0,4.0,5.0,5.0,3.0,2.0,4.0,4.0,2.0,3.0,1.0,2.0,4.0,2.0,2.0,4,4,2,7,7,5,6,7,2,6,1,1,1,1,1,0,0,1,0,1,0,0,1,1,1,1,2,2,1,1,19,1,4,1,10,1,1,2
16913,2.0,2.0,5.0,4.0,2.0,5.0,5.0,1.0,5.0,4.0,5.0,1.0,1.0,2.0,4.0,5.0,3.0,1.0,1.0,1.0,3,1,7,5,7,6,7,1,5,1,1,1,0,1,1,0,0,0,0,1,0,0,0,1,1,1,2,2,2,1,35,1,7,1,60,2,3,1
16914,4.0,5.0,5.0,5.0,2.0,4.0,4.0,5.0,5.0,5.0,4.0,4.0,3.0,5.0,5.0,5.0,4.0,4.0,3.0,1.0,7,1,7,2,6,3,7,2,6,1,1,1,1,1,1,0,1,1,1,1,0,1,1,1,1,1,2,3,2,1,24,1,12,1,70,2,1,2
16915,5.0,4.0,2.0,2.0,3.0,2.0,2.0,4.0,3.0,1.0,2.0,4.0,5.0,1.0,4.0,1.0,1.0,2.0,5.0,1.0,7,6,6,2,7,1,5,5,6,2,1,1,1,1,1,1,1,0,1,1,0,1,1,1,1,1,3,3,1,1,21,1,12,2,20,1,1,3
16916,1.0,1.0,5.0,4.0,2.0,4.0,4.0,5.0,5.0,2.0,2.0,2.0,1.0,4.0,4.0,3.0,2.0,2.0,2.0,2.0,7,5,6,5,7,2,7,3,6,2,1,1,0,1,1,0,0,1,0,1,0,0,0,1,1,1,3,3,2,1,25,1,7,1,60,2,2,1
16917,2.0,1.0,2.0,4.0,1.0,2.0,1.0,1.0,4.0,4.0,1.0,2.0,2.0,2.0,1.0,2.0,3.0,1.0,2.0,1.0,6,6,2,5,5,1,6,2,5,5,1,1,0,1,1,0,0,0,0,0,0,0,0,1,0,1,3,2,2,1,23,1,4,1,60,1,1,2
16918,1.0,4.0,3.0,2.0,4.0,4.0,4.0,4.0,5.0,2.0,1.0,1.0,5.0,2.0,3.0,2.0,3.0,4.0,4.0,1.0,3,5,7,7,7,3,2,2,2,1,1,1,1,1,1,0,0,1,0,1,0,0,1,1,1,1,3,2,2,1,22,2,12,2,70,2,1,3
16919,5.0,5.0,1.0,2.0,5.0,1.0,1.0,5.0,3.0,1.0,1.0,5.0,5.0,1.0,5.0,1.0,1.0,5.0,5.0,5.0,4,6,7,6,6,4,4,1,5,1,1,1,1,1,1,0,0,1,0,1,1,0,1,1,1,1,3,2,1,1,54,1,6,1,60,1,2,2
16920,1.0,5.0,5.0,4.0,1.0,4.0,1.0,2.0,4.0,5.0,2.0,3.0,1.0,3.0,4.0,2.0,3.0,4.0,5.0,1.0,2,5,5,5,6,5,7,1,4,1,1,1,0,1,1,0,0,0,0,1,0,0,0,1,1,1,2,1,2,2,24,1,4,1,60,1,1,1
16921,3.0,4.0,2.0,3.0,4.0,2.0,1.0,1.0,2.0,2.0,1.0,4.0,2.0,1.0,4.0,2.0,1.0,5.0,4.0,3.0,6,5,4,3,7,3,5,7,6,1,1,1,1,1,1,0,0,1,0,1,0,0,1,1,1,1,3,3,2,1,30,1,2,2,60,1,1,3
16922,4.0,5.0,1.0,1.0,5.0,1.0,1.0,3.0,1.0,1.0,1.0,5.0,4.0,1.0,4.0,1.0,1.0,5.0,4.0,4.0,6,6,2,2,7,3,5,7,6,1,1,1,1,1,1,0,0,1,0,1,0,1,1,1,1,1,3,3,2,1,31,1,2,1,60,2,1,3
16923,1.0,4.0,4.0,3.0,3.0,4.0,1.0,2.0,4.0,4.0,3.0,2.0,2.0,3.0,4.0,2.0,2.0,4.0,5.0,1.0,3,1,5,4,5,5,5,4,5,7,1,1,1,1,1,0,1,1,0,1,1,0,1,1,1,1,2,2,1,1,19,1,2,0,60,1,1,4
16924,4.0,5.0,1.0,4.0,5.0,1.0,1.0,5.0,5.0,4.0,3.0,5.0,1.0,1.0,5.0,3.0,3.0,4.0,4.0,4.0,6,2,6,5,7,1,6,3,2,1,1,1,0,1,1,0,0,0,0,1,1,0,0,1,1,1,2,3,2,2,55,1,2,1,60,1,1,0
16925,4.0,4.0,1.0,3.0,5.0,2.0,1.0,4.0,2.0,3.0,2.0,5.0,5.0,1.0,4.0,1.0,4.0,5.0,5.0,2.0,2,5,5,7,3,4,3,2,3,3,1,1,1,1,1,0,0,0,0,1,0,0,1,1,1,1,3,2,2,2,22,1,2,3,60,1,1,2
16926,2.0,2.0,3.0,2.0,4.0,1.0,1.0,2.0,3.0,4.0,1.0,4.0,5.0,1.0,5.0,5.0,1.0,4.0,5.0,1.0,6,2,7,2,7,6,7,1,6,2,1,1,0,1,1,0,0,1,0,1,0,0,1,1,1,1,3,2,1,1,23,1,4,1,60,1,1,1
16927,4.0,2.0,5.0,1.0,4.0,4.0,3.0,1.0,5.0,4.0,1.0,4.0,1.0,2.0,4.0,1.0,4.0,5.0,3.0,4.0,6,3,6,3,6,1,4,2,3,6,1,1,1,1,1,0,0,0,0,1,0,0,0,1,1,1,3,3,2,1,55,1,7,1,70,2,2,5
16928,1.0,1.0,1.0,5.0,4.0,4.0,2.0,4.0,5.0,4.0,1.0,4.0,1.0,1.0,4.0,5.0,1.0,4.0,5.0,4.0,7,3,7,1,7,6,7,1,7,1,1,1,1,1,1,1,0,1,0,1,0,0,1,1,1,1,3,3,1,1,47,1,12,1,60,1,1,0
16929,4.0,4.0,2.0,4.0,3.0,1.0,1.0,5.0,2.0,2.0,1.0,5.0,4.0,1.0,5.0,1.0,5.0,5.0,4.0,5.0,5,7,7,2,7,5,6,6,7,4,1,1,0,1,1,0,0,1,1,1,0,0,1,1,1,1,2,2,1,1,20,1,1,1,60,1,1,2
16930,1.0,4.0,2.0,4.0,2.0,2.0,1.0,2.0,4.0,4.0,2.0,2.0,1.0,3.0,4.0,1.0,1.0,2.0,4.0,1.0,5,6,6,1,6,1,3,3,7,3,1,1,1,1,1,0,0,1,1,1,0,0,1,1,1,1,2,2,2,1,21,1,1,1,60,2,1,3
16931,2.0,2.0,3.0,5.0,1.0,3.0,1.0,1.0,5.0,5.0,3.0,1.0,1.0,2.0,1.0,4.0,2.0,2.0,5.0,1.0,3,3,6,1,6,4,4,5,7,1,1,1,0,1,1,0,0,0,0,1,1,0,1,1,1,1,3,2,1,2,40,1,1,1,60,2,1,2
16932,2.0,1.0,4.0,5.0,1.0,4.0,2.0,2.0,4.0,4.0,3.0,1.0,2.0,4.0,4.0,2.0,5.0,4.0,4.0,1.0,6,1,6,5,6,2,7,5,4,2,1,1,1,1,1,0,0,0,0,1,0,0,0,1,1,1,2,3,2,1,18,1,5,1,60,2,1,4
16933,5.0,5.0,1.0,1.0,5.0,1.0,1.0,2.0,1.0,1.0,1.0,1.0,5.0,1.0,5.0,1.0,1.0,5.0,5.0,5.0,1,1,1,1,7,5,7,7,6,1,1,1,0,1,1,0,0,1,0,1,1,0,1,1,1,1,3,2,1,2,35,1,2,1,10,1,1,5
16934,5.0,5.0,1.0,1.0,5.0,1.0,3.0,4.0,3.0,1.0,1.0,5.0,5.0,3.0,5.0,2.0,2.0,4.0,5.0,3.0,6,2,7,5,7,1,5,5,3,1,1,1,0,1,1,0,0,0,0,1,0,0,1,0,1,1,4,3,1,2,30,1,8,1,10,2,2,2
16935,5.0,4.0,3.0,3.0,5.0,3.0,2.0,4.0,4.0,4.0,1.0,5.0,5.0,1.0,4.0,2.0,1.0,5.0,5.0,2.0,3,5,5,6,6,7,2,5,6,3,1,1,0,1,1,0,0,1,0,1,0,0,1,1,1,1,2,2,1,1,19,2,2,1,10,2,1,2
16936,1.0,1.0,1.0,5.0,1.0,5.0,4.0,1.0,5.0,5.0,3.0,1.0,1.0,3.0,3.0,5.0,3.0,1.0,3.0,1.0,4,1,6,3,4,4,7,1,7,1,1,1,1,1,1,0,0,0,0,1,0,0,1,1,1,1,3,1,2,2,50,1,4,1,50,2,3,2
16937,1.0,1.0,4.0,4.0,4.0,2.0,1.0,1.0,5.0,5.0,1.0,2.0,4.0,1.0,4.0,1.0,1.0,5.0,5.0,1.0,3,5,7,7,5,6,7,2,2,1,1,1,0,1,1,0,0,0,0,1,1,0,1,1,1,1,4,2,2,1,32,1,12,3,60,1,1,3
16938,5.0,4.0,1.0,2.0,5.0,2.0,1.0,4.0,2.0,2.0,2.0,5.0,4.0,2.0,4.0,3.0,1.0,3.0,5.0,1.0,7,7,7,1,7,1,2,1,7,2,1,1,0,1,1,0,0,0,0,1,0,0,0,1,1,0,3,1,1,1,29,1,7,1,60,2,2,4
16939,5.0,5.0,4.0,1.0,5.0,1.0,1.0,4.0,2.0,1.0,1.0,5.0,4.0,1.0,5.0,1.0,1.0,3.0,5.0,3.0,5,4,7,3,6,5,1,1,7,1,1,0,0,1,1,0,0,0,0,1,0,0,1,1,1,1,2,3,1,1,17,1,1,1,60,2,1,1
16940,1.0,1.0,5.0,1.0,2.0,5.0,5.0,1.0,5.0,5.0,1.0,1.0,1.0,1.0,2.0,5.0,2.0,5.0,1.0,4.0,1,1,7,5,5,7,7,5,5,3,1,1,0,1,1,0,0,1,0,1,0,0,1,1,1,1,2,1,1,1,20,1,4,1,60,1,3,2
16941,4.0,3.0,3.0,5.0,3.0,5.0,4.0,4.0,5.0,5.0,4.0,4.0,1.0,3.0,4.0,2.0,3.0,4.0,3.0,3.0,2,3,6,4,7,6,2,4,5,3,1,1,0,1,1,0,1,0,0,1,0,0,1,1,1,1,4,1,1,1,59,1,6,1,60,1,3,4
16942,5.0,2.0,1.0,5.0,5.0,2.0,2.0,5.0,5.0,5.0,1.0,5.0,5.0,1.0,5.0,2.0,1.0,5.0,1.0,1.0,2,1,7,5,7,7,7,5,7,1,1,1,0,1,1,0,1,1,0,1,0,0,1,1,1,1,4,2,2,2,46,1,10,3,10,1,1,3
16943,1.0,1.0,5.0,4.0,4.0,5.0,5.0,1.0,5.0,5.0,4.0,2.0,1.0,2.0,1.0,5.0,4.0,1.0,2.0,1.0,6,2,6,6,6,3,7,3,5,2,1,1,0,1,1,0,0,0,1,1,0,1,1,1,1,1,3,1,2,1,58,2,7,1,30,1,2,5
16944,5.0,2.0,4.0,5.0,3.0,3.0,5.0,5.0,2.0,5.0,1.0,5.0,5.0,1.0,3.0,1.0,1.0,3.0,5.0,5.0,1,6,7,5,7,6,6,6,7,5,1,1,0,1,1,0,0,1,0,1,0,1,1,1,1,1,4,3,2,2,30,3,6,1,10,2,1,0
16945,5.0,3.0,3.0,1.0,5.0,5.0,3.0,4.0,5.0,5.0,1.0,5.0,5.0,1.0,1.0,1.0,3.0,5.0,5.0,5.0,1,6,7,6,7,7,4,5,2,1,1,1,1,1,1,0,1,1,0,1,0,0,1,1,1,1,4,2,1,2,31,1,1,1,60,2,1,2
16946,1.0,2.0,2.0,5.0,4.0,2.0,1.0,2.0,5.0,3.0,3.0,1.0,1.0,3.0,3.0,5.0,2.0,4.0,1.0,1.0,3,2,3,2,5,5,6,4,6,3,1,1,1,1,1,0,0,0,0,1,0,0,1,1,1,1,2,2,2,1,18,2,5,1,60,2,1,4
16947,5.0,5.0,1.0,1.0,5.0,1.0,1.0,5.0,2.0,1.0,1.0,5.0,5.0,3.0,5.0,1.0,3.0,5.0,5.0,5.0,2,5,1,7,7,7,1,7,1,1,1,1,1,1,1,0,0,0,0,1,0,0,1,1,1,1,3,3,2,1,20,1,10,2,30,1,1,7
16948,1.0,1.0,4.0,1.0,2.0,5.0,4.0,3.0,5.0,5.0,3.0,1.0,1.0,4.0,2.0,3.0,1.0,4.0,3.0,1.0,5,1,6,6,6,4,5,1,6,4,0,0,0,0,0,0,0,0,0,1,0,0,0,0,0,1,3,3,2,2,41,1,6,1,0,1,1,1
16949,4.0,5.0,2.0,1.0,4.0,1.0,1.0,2.0,1.0,1.0,1.0,4.0,2.0,2.0,4.0,1.0,1.0,1.0,5.0,3.0,1,5,1,7,4,7,2,4,1,6,1,1,1,1,1,0,0,0,0,1,0,1,1,1,1,1,3,2,2,1,23,1,1,2,70,2,1,1
16950,1.0,5.0,4.0,4.0,5.0,4.0,4.0,4.0,4.0,5.0,5.0,1.0,2.0,2.0,4.0,5.0,5.0,4.0,5.0,1.0,5,6,6,3,3,3,3,1,5,3,1,1,0,1,1,0,0,0,0,1,0,0,1,1,1,1,3,3,1,1,37,1,4,1,60,1,1,3
16951,1.0,4.0,4.0,2.0,5.0,2.0,2.0,1.0,5.0,4.0,1.0,3.0,1.0,1.0,1.0,4.0,2.0,5.0,5.0,1.0,5,6,3,5,6,7,7,5,5,1,1,1,0,1,1,0,0,0,0,1,0,0,1,1,1,1,3,2,2,1,22,3,1,1,60,1,1,4
16952,2.0,4.0,4.0,4.0,4.0,2.0,1.0,2.0,4.0,4.0,1.0,1.0,2.0,1.0,4.0,1.0,1.0,5.0,5.0,1.0,2,6,1,6,7,5,2,6,2,1,1,1,0,1,1,0,0,0,0,1,0,1,1,1,1,1,3,2,1,1,24,1,2,3,60,1,1,2
16953,4.0,3.0,2.0,1.0,3.0,3.0,2.0,1.0,5.0,3.0,1.0,4.0,1.0,2.0,1.0,2.0,5.0,5.0,5.0,1.0,7,5,6,5,7,1,6,3,7,1,1,1,0,1,1,0,0,0,0,1,0,0,0,0,1,1,3,3,1,2,42,1,12,1,60,2,3,2
16954,4.0,1.0,3.0,4.0,5.0,2.0,1.0,4.0,4.0,2.0,2.0,5.0,3.0,2.0,4.0,2.0,1.0,5.0,5.0,4.0,6,6,7,1,5,5,5,2,7,7,1,1,1,1,1,0,0,1,0,1,0,0,1,1,1,1,3,2,1,1,37,1,2,1,60,2,2,2
16955,4.0,4.0,4.0,4.0,2.0,2.0,2.0,2.0,4.0,4.0,3.0,2.0,2.0,2.0,2.0,2.0,4.0,3.0,4.0,2.0,6,3,2,6,5,2,6,5,3,3,0,0,1,0,1,0,0,0,0,1,0,1,1,0,1,1,3,3,2,2,53,1,2,2,60,1,1,2
16956,4.0,4.0,2.0,3.0,4.0,1.0,1.0,4.0,3.0,2.0,2.0,3.0,3.0,2.0,4.0,2.0,2.0,2.0,5.0,1.0,6,7,2,2,4,2,5,6,4,1,1,1,0,1,1,0,1,1,0,1,0,1,1,1,1,1,3,3,1,1,26,1,1,1,10,2,1,2
16957,2.0,4.0,3.0,2.0,4.0,3.0,3.0,4.0,5.0,4.0,1.0,4.0,5.0,2.0,4.0,1.0,1.0,4.0,5.0,4.0,4,5,6,1,7,5,2,4,7,4,1,1,0,1,1,0,0,0,0,1,0,0,1,1,1,1,3,0,1,1,30,1,2,1,10,1,1,2
16958,2.0,4.0,1.0,1.0,5.0,1.0,1.0,4.0,3.0,2.0,1.0,4.0,2.0,1.0,2.0,1.0,1.0,2.0,5.0,1.0,5,6,5,5,7,1,2,1,3,4,1,1,0,1,1,0,0,0,0,1,0,0,1,1,1,1,3,2,1,2,31,1,1,1,60,1,3,2
16959,5.0,5.0,1.0,1.0,5.0,1.0,1.0,5.0,1.0,1.0,1.0,5.0,5.0,1.0,5.0,1.0,1.0,5.0,5.0,5.0,1,4,1,7,7,5,4,4,7,1,1,1,1,1,1,0,0,0,0,1,0,0,1,1,1,1,1,2,1,1,31,2,1,1,70,2,1,3
16960,5.0,4.0,2.0,2.0,4.0,2.0,2.0,5.0,2.0,2.0,1.0,4.0,5.0,1.0,5.0,1.0,5.0,5.0,5.0,4.0,2,5,3,5,5,7,5,6,6,6,1,1,0,1,1,0,0,0,0,1,0,0,0,1,1,1,3,3,1,1,27,1,1,1,60,2,1,3
16961,3.0,4.0,5.0,4.0,4.0,4.0,2.0,4.0,5.0,4.0,2.0,5.0,2.0,4.0,4.0,2.0,2.0,1.0,5.0,2.0,3,3,7,2,5,5,6,1,7,3,1,1,1,1,1,0,1,1,1,1,1,0,1,1,1,1,4,2,2,1,55,1,6,1,60,1,2,3
16962,2.0,4.0,4.0,4.0,2.0,2.0,2.0,3.0,2.0,2.0,1.0,3.0,5.0,2.0,5.0,3.0,5.0,4.0,5.0,1.0,5,5,3,7,3,6,7,2,1,3,1,1,0,1,1,0,0,1,0,1,0,0,1,1,1,1,3,3,2,1,29,1,4,1,30,2,1,3
16963,2.0,3.0,3.0,2.0,4.0,4.0,4.0,3.0,5.0,4.0,2.0,5.0,2.0,2.0,3.0,3.0,1.0,4.0,4.0,1.0,3,3,6,1,6,5,6,4,7,2,1,1,1,1,1,0,0,1,0,1,1,0,1,1,1,1,3,1,2,2,39,1,2,3,60,2,1,2
16964,1.0,4.0,4.0,2.0,4.0,2.0,2.0,2.0,4.0,5.0,1.0,4.0,1.0,3.0,3.0,1.0,1.0,2.0,4.0,1.0,5,1,3,6,2,1,6,6,2,2,1,1,1,1,1,0,0,1,0,1,0,0,0,1,1,1,3,3,2,1,24,1,6,1,10,2,1,2
16965,1.0,1.0,5.0,5.0,2.0,5.0,4.0,1.0,5.0,5.0,3.0,2.0,1.0,2.0,1.0,5.0,4.0,1.0,3.0,1.0,4,4,6,5,7,5,6,3,6,2,1,1,0,1,1,0,0,0,0,1,0,0,1,1,1,1,3,2,2,1,38,1,8,1,10,2,1,2
16966,1.0,2.0,4.0,4.0,3.0,3.0,1.0,1.0,5.0,4.0,2.0,4.0,1.0,4.0,2.0,2.0,3.0,2.0,5.0,1.0,4,3,5,6,7,5,7,6,3,4,1,1,0,1,1,0,0,0,0,1,0,0,1,1,1,1,1,2,2,2,15,1,1,2,60,2,1,3
16967,5.0,5.0,2.0,2.0,4.0,1.0,1.0,5.0,4.0,2.0,1.0,5.0,5.0,1.0,5.0,2.0,1.0,5.0,5.0,5.0,4,1,7,6,7,5,7,7,2,1,1,1,0,1,1,0,0,1,0,1,0,0,0,1,1,1,3,2,2,2,29,1,6,1,60,2,1,3
16968,1.0,1.0,4.0,4.0,4.0,4.0,4.0,5.0,5.0,2.0,4.0,2.0,3.0,1.0,3.0,1.0,1.0,4.0,5.0,5.0,7,6,5,1,7,1,5,6,7,1,0,0,0,1,0,0,0,0,0,0,0,1,0,0,0,1,3,2,2,2,23,1,6,1,60,1,1,2
16969,4.0,5.0,1.0,4.0,3.0,1.0,1.0,4.0,1.0,2.0,1.0,5.0,1.0,1.0,4.0,1.0,1.0,5.0,5.0,1.0,2,5,2,1,6,7,5,5,7,2,1,1,0,1,1,0,0,0,0,1,0,0,1,1,1,1,3,3,1,2,24,1,2,1,60,1,1,2
16970,4.0,3.0,3.0,3.0,4.0,2.0,3.0,3.0,4.0,3.0,2.0,4.0,3.0,3.0,2.0,3.0,3.0,4.0,3.0,3.0,4,5,4,4,5,4,4,6,4,5,1,1,0,1,1,0,0,1,0,1,0,0,0,1,1,1,2,2,2,2,21,1,10,1,30,1,1,8
16971,5.0,3.0,1.0,1.0,3.0,1.0,1.0,4.0,4.0,3.0,1.0,5.0,3.0,1.0,1.0,1.0,1.0,5.0,2.0,4.0,7,4,3,5,5,1,5,4,2,1,1,0,0,1,1,0,0,0,0,1,0,0,0,0,1,1,3,3,1,2,23,1,6,1,30,1,1,2
16972,4.0,1.0,3.0,2.0,4.0,2.0,1.0,2.0,2.0,2.0,2.0,3.0,1.0,1.0,2.0,4.0,2.0,1.0,5.0,2.0,1,5,5,2,1,1,5,4,2,4,1,1,0,1,0,0,0,1,0,1,1,0,0,0,1,1,3,2,2,2,22,1,4,1,60,2,1,1
16973,3.0,2.0,5.0,4.0,4.0,2.0,5.0,4.0,5.0,5.0,1.0,4.0,3.0,1.0,2.0,4.0,5.0,4.0,5.0,1.0,5,1,5,4,7,6,7,2,6,1,1,1,0,1,1,0,0,0,0,1,1,0,1,0,1,1,3,3,2,2,40,1,6,1,60,1,1,1
16974,5.0,2.0,4.0,5.0,1.0,2.0,2.0,4.0,5.0,5.0,1.0,2.0,1.0,1.0,1.0,4.0,1.0,2.0,4.0,1.0,6,2,2,3,7,1,6,3,5,1,1,1,1,1,1,0,0,1,0,1,1,1,0,1,1,1,3,2,2,2,47,1,2,1,60,2,2,2
16975,1.0,2.0,2.0,2.0,2.0,2.0,2.0,1.0,5.0,2.0,1.0,4.0,2.0,1.0,5.0,1.0,3.0,2.0,5.0,2.0,2,5,2,6,7,5,6,6,5,1,1,1,1,1,1,0,1,1,0,1,1,0,1,1,1,1,4,2,2,1,39,1,1,1,60,2,1,2
16976,2.0,2.0,4.0,5.0,5.0,4.0,5.0,4.0,4.0,5.0,5.0,2.0,1.0,5.0,2.0,5.0,3.0,4.0,3.0,1.0,7,3,6,6,7,1,7,1,3,3,1,1,1,1,1,0,1,0,0,1,0,0,1,0,1,1,3,3,2,2,55,1,6,1,60,2,3,2
16977,1.0,1.0,4.0,5.0,1.0,5.0,4.0,1.0,5.0,5.0,3.0,3.0,1.0,3.0,1.0,2.0,4.0,4.0,5.0,1.0,7,1,6,1,6,1,7,3,7,3,1,1,0,1,1,0,0,0,0,1,0,0,0,1,1,1,3,2,1,2,48,1,1,1,60,2,1,4
16978,5.0,4.0,3.0,3.0,4.0,2.0,1.0,5.0,2.0,2.0,1.0,5.0,4.0,1.0,4.0,4.0,2.0,1.0,3.0,3.0,4,7,7,5,7,4,6,1,6,1,1,1,0,1,0,0,0,1,0,1,1,0,0,0,1,1,3,3,2,2,32,1,4,1,60,2,1,3
16979,3.0,2.0,3.0,4.0,4.0,1.0,1.0,4.0,4.0,2.0,2.0,4.0,4.0,1.0,3.0,1.0,2.0,4.0,4.0,1.0,3,5,6,3,6,6,6,2,6,3,1,1,1,1,1,0,0,0,0,1,0,0,1,1,1,1,3,1,1,1,40,2,6,1,60,1,2,3
16980,1.0,1.0,5.0,3.0,2.0,4.0,5.0,2.0,5.0,5.0,2.0,2.0,1.0,1.0,1.0,2.0,1.0,1.0,1.0,1.0,2,5,6,2,6,4,6,2,6,5,1,0,0,1,0,0,0,0,0,1,0,0,0,0,1,1,3,1,2,2,23,1,6,1,60,1,1,7
16981,4.0,2.0,2.0,5.0,3.0,3.0,1.0,4.0,3.0,4.0,1.0,5.0,4.0,1.0,1.0,2.0,5.0,5.0,4.0,2.0,5,6,1,2,7,5,5,6,4,1,1,1,0,1,1,0,0,0,0,1,0,0,1,1,1,1,2,3,2,2,26,2,2,1,30,2,1,1
16982,1.0,3.0,4.0,5.0,2.0,4.0,5.0,3.0,4.0,5.0,3.0,2.0,1.0,1.0,4.0,1.0,1.0,3.0,3.0,1.0,4,6,5,2,5,4,5,5,4,1,1,1,1,1,1,1,1,0,1,1,0,1,1,1,1,1,2,2,1,1,20,1,12,1,10,2,1,2
16983,5.0,5.0,5.0,1.0,5.0,3.0,1.0,5.0,5.0,1.0,1.0,5.0,5.0,3.0,2.0,5.0,2.0,4.0,3.0,2.0,5,5,6,1,6,5,4,4,5,1,1,0,1,1,1,0,0,1,0,1,0,0,0,1,1,1,3,2,1,2,30,2,10,1,70,2,1,3
16984,1.0,1.0,4.0,5.0,1.0,5.0,5.0,1.0,5.0,5.0,4.0,1.0,1.0,5.0,1.0,5.0,5.0,1.0,1.0,1.0,4,2,6,3,7,6,7,1,6,1,1,1,1,1,1,0,1,0,0,1,0,0,1,1,1,1,3,3,2,1,30,1,7,1,60,1,1,1
16985,1.0,2.0,3.0,4.0,5.0,4.0,4.0,2.0,5.0,5.0,1.0,5.0,1.0,1.0,1.0,4.0,3.0,2.0,1.0,2.0,6,1,5,5,6,2,5,1,5,1,1,0,0,1,0,0,0,0,0,1,0,0,0,1,0,1,3,3,2,2,56,3,2,1,60,1,3,2
16986,4.0,4.0,2.0,1.0,5.0,1.0,1.0,3.0,3.0,4.0,1.0,3.0,4.0,1.0,5.0,2.0,1.0,5.0,4.0,2.0,2,6,2,4,7,6,5,5,6,1,1,1,0,1,1,0,0,0,0,1,0,0,1,1,1,1,2,1,1,1,20,1,12,1,70,2,1,4
16987,2.0,1.0,4.0,4.0,2.0,5.0,5.0,1.0,5.0,5.0,3.0,4.0,1.0,4.0,2.0,5.0,1.0,2.0,2.0,1.0,4,2,6,1,7,3,5,3,6,6,1,1,1,1,1,0,0,1,0,1,0,0,1,1,1,1,2,1,1,1,21,1,5,1,60,1,1,3
16988,5.0,5.0,2.0,2.0,5.0,2.0,1.0,4.0,2.0,2.0,1.0,5.0,5.0,1.0,5.0,4.0,1.0,2.0,5.0,5.0,6,5,6,5,7,4,6,2,7,1,1,1,0,1,1,1,0,0,0,1,0,0,0,1,1,1,3,2,2,1,31,1,1,1,60,1,1,3
16989,4.0,3.0,3.0,1.0,5.0,1.0,1.0,5.0,3.0,5.0,2.0,5.0,5.0,1.0,1.0,5.0,5.0,5.0,5.0,1.0,7,7,7,7,7,1,6,5,1,1,1,1,0,1,1,0,0,0,0,0,0,0,0,1,1,1,3,2,2,1,22,1,12,1,30,2,1,0
16990,5.0,5.0,2.0,1.0,4.0,5.0,2.0,4.0,4.0,3.0,2.0,5.0,5.0,1.0,5.0,5.0,2.0,2.0,5.0,1.0,7,2,5,1,7,4,3,1,6,1,1,1,1,1,1,0,0,0,0,1,0,0,1,1,1,1,3,3,1,1,22,2,12,1,70,1,1,3
16991,5.0,5.0,3.0,3.0,5.0,5.0,5.0,4.0,5.0,2.0,3.0,5.0,4.0,2.0,5.0,5.0,3.0,5.0,1.0,5.0,6,6,7,2,7,5,7,5,6,1,1,1,0,1,1,1,0,0,0,1,0,0,1,1,0,1,3,1,1,1,53,2,6,1,70,1,2,2
16992,3.0,4.0,2.0,4.0,4.0,1.0,1.0,3.0,3.0,2.0,1.0,4.0,4.0,1.0,3.0,1.0,1.0,4.0,5.0,2.0,7,3,7,4,7,1,5,3,5,7,1,1,1,1,1,0,0,1,0,1,0,0,1,1,1,1,4,2,2,1,40,1,1,2,60,1,2,1
16993,1.0,2.0,5.0,4.0,2.0,5.0,5.0,2.0,5.0,5.0,1.0,2.0,2.0,2.0,2.0,2.0,1.0,1.0,5.0,1.0,6,5,6,2,7,5,7,1,7,1,1,1,0,1,1,0,0,1,0,0,1,0,1,1,0,1,3,2,2,1,25,1,3,3,60,2,1,3
16994,5.0,4.0,3.0,1.0,4.0,3.0,3.0,4.0,3.0,2.0,2.0,4.0,4.0,1.0,3.0,3.0,1.0,3.0,5.0,4.0,6,6,5,4,7,4,6,3,3,1,1,1,1,1,1,1,1,1,1,1,1,1,1,1,1,1,3,3,1,2,32,1,4,1,60,1,2,2
16995,2.0,2.0,4.0,5.0,4.0,4.0,5.0,3.0,5.0,4.0,3.0,4.0,1.0,2.0,4.0,5.0,2.0,1.0,4.0,1.0,6,5,7,6,6,3,7,2,6,2,1,1,0,1,1,0,0,0,0,1,1,0,1,1,1,1,4,3,2,1,43,1,7,1,70,2,2,4
16996,4.0,1.0,3.0,1.0,5.0,1.0,2.0,5.0,4.0,2.0,1.0,2.0,3.0,1.0,4.0,1.0,1.0,5.0,1.0,1.0,2,6,5,2,5,6,7,7,5,2,1,1,1,1,1,1,0,1,0,1,1,0,1,1,1,1,2,1,1,1,18,1,1,1,60,2,1,3
16997,4.0,2.0,2.0,4.0,4.0,2.0,2.0,4.0,5.0,4.0,1.0,4.0,4.0,2.0,2.0,1.0,1.0,2.0,5.0,1.0,6,5,7,6,7,5,6,2,3,2,1,1,0,1,1,1,0,0,0,1,0,0,1,1,1,1,3,2,2,1,37,1,7,1,60,2,3,4
16998,2.0,2.0,4.0,4.0,1.0,2.0,2.0,1.0,4.0,5.0,4.0,2.0,1.0,4.0,4.0,3.0,3.0,2.0,3.0,1.0,6,2,6,4,6,5,6,3,5,2,1,1,1,1,1,0,0,0,0,1,0,0,1,1,1,1,4,2,2,1,59,1,1,1,60,1,2,4
16999,1.0,1.0,4.0,3.0,1.0,2.0,2.0,1.0,5.0,5.0,1.0,5.0,1.0,1.0,1.0,5.0,1.0,4.0,3.0,1.0,2,1,7,7,7,7,7,1,2,1,1,1,1,1,1,0,0,0,0,1,0,0,1,1,1,1,2,1,2,1,22,1,1,2,70,2,2,5
17000,4.0,4.0,2.0,2.0,4.0,2.0,1.0,5.0,4.0,1.0,2.0,5.0,4.0,2.0,5.0,2.0,1.0,5.0,4.0,4.0,6,3,2,6,6,5,6,6,2,1,1,1,1,1,1,0,0,0,0,1,1,0,1,1,1,1,2,3,1,1,20,1,4,1,10,2,1,3
17001,5.0,5.0,1.0,1.0,5.0,1.0,2.0,4.0,3.0,1.0,1.0,5.0,5.0,1.0,4.0,1.0,3.0,5.0,5.0,5.0,1,6,5,1,6,7,1,4,6,1,1,1,1,1,1,1,0,1,0,1,0,1,1,1,1,1,1,3,1,1,16,2,4,2,70,2,1,3
17002,5.0,1.0,5.0,5.0,2.0,2.0,1.0,1.0,1.0,2.0,3.0,5.0,1.0,2.0,5.0,5.0,1.0,3.0,5.0,3.0,6,5,6,6,7,3,6,2,7,2,1,1,0,1,1,0,0,0,0,1,0,0,1,1,1,1,3,2,1,2,29,2,1,1,60,1,1,2
17003,2.0,4.0,4.0,4.0,3.0,2.0,2.0,5.0,5.0,4.0,2.0,5.0,1.0,1.0,1.0,2.0,3.0,3.0,1.0,3.0,2,5,6,6,6,5,4,3,5,1,1,1,0,1,1,0,0,0,0,1,0,0,0,0,1,1,3,2,2,1,22,2,6,1,30,1,1,3
17004,1.0,2.0,4.0,3.0,1.0,4.0,4.0,2.0,5.0,4.0,2.0,1.0,1.0,4.0,3.0,5.0,2.0,1.0,4.0,1.0,6,5,6,1,7,4,6,2,7,1,1,1,0,1,1,0,0,0,0,1,0,0,1,1,1,1,2,3,1,1,19,1,0,1,60,2,1,2
17005,3.0,4.0,4.0,4.0,4.0,5.0,2.0,4.0,5.0,4.0,4.0,4.0,1.0,2.0,4.0,4.0,3.0,4.0,5.0,1.0,6,3,6,2,6,5,7,7,7,3,1,1,0,1,0,0,0,0,0,1,1,0,0,1,1,1,3,3,2,2,23,1,2,1,60,1,1,2
17006,1.0,1.0,1.0,3.0,4.0,4.0,1.0,1.0,5.0,5.0,1.0,4.0,1.0,1.0,2.0,3.0,1.0,2.0,5.0,1.0,6,5,6,3,7,5,4,2,6,2,1,1,0,1,1,0,0,0,0,1,0,0,1,0,1,1,4,2,1,2,25,1,1,1,60,1,1,2
17007,1.0,4.0,4.0,4.0,1.0,4.0,2.0,4.0,5.0,5.0,2.0,2.0,1.0,3.0,2.0,2.0,4.0,4.0,5.0,1.0,3,1,3,7,6,5,6,7,2,2,1,1,1,1,1,1,0,1,0,1,1,0,1,1,1,1,3,2,2,1,21,1,1,2,70,2,1,3
17008,1.0,3.0,3.0,3.0,3.0,4.0,4.0,1.0,5.0,1.0,1.0,2.0,1.0,1.0,2.0,1.0,3.0,1.0,3.0,1.0,4,5,5,6,6,5,5,5,2,2,1,1,0,1,1,0,0,0,0,1,0,0,0,1,1,1,3,1,2,1,42,1,4,1,10,1,2,2
17009,3.0,4.0,1.0,2.0,3.0,2.0,1.0,4.0,1.0,5.0,1.0,5.0,4.0,1.0,4.0,1.0,1.0,4.0,5.0,2.0,3,6,4,1,7,7,1,2,5,2,1,1,0,1,1,0,0,1,0,1,0,0,0,1,1,1,3,3,1,2,25,2,2,2,60,2,1,2
17010,1.0,3.0,5.0,2.0,2.0,4.0,2.0,1.0,5.0,5.0,1.0,3.0,4.0,2.0,4.0,5.0,2.0,4.0,5.0,1.0,7,7,3,2,7,2,6,3,4,1,1,1,1,1,1,1,0,0,0,1,0,0,0,1,1,1,2,3,1,2,17,1,2,1,60,1,1,2
17011,5.0,2.0,2.0,4.0,4.0,2.0,1.0,3.0,3.0,1.0,1.0,5.0,4.0,1.0,3.0,2.0,1.0,5.0,4.0,2.0,6,5,5,5,7,2,5,3,3,1,1,1,0,1,1,0,0,1,1,1,1,1,1,1,1,1,2,3,2,1,19,1,10,1,10,1,1,3
17012,4.0,3.0,4.0,3.0,1.0,4.0,5.0,2.0,5.0,5.0,3.0,4.0,1.0,2.0,1.0,5.0,3.0,4.0,2.0,1.0,2,3,6,2,5,7,3,5,6,2,1,1,0,1,0,0,0,0,0,1,0,0,0,0,1,1,4,3,1,2,51,1,2,1,60,2,2,2
17013,4.0,5.0,5.0,3.0,3.0,4.0,4.0,4.0,3.0,4.0,2.0,5.0,4.0,2.0,1.0,4.0,2.0,2.0,1.0,4.0,5,1,7,3,6,7,3,4,5,4,1,0,0,1,1,0,0,1,1,1,0,0,1,0,1,1,2,3,2,2,18,1,8,1,10,2,1,3
17014,5.0,3.0,2.0,1.0,5.0,2.0,2.0,4.0,1.0,5.0,1.0,5.0,4.0,1.0,5.0,1.0,4.0,4.0,5.0,1.0,1,5,4,3,7,5,6,4,4,2,1,1,0,1,1,0,0,0,0,1,0,0,1,1,1,1,2,3,1,2,20,0,1,1,30,1,1,2
17015,4.0,4.0,4.0,4.0,3.0,4.0,1.0,4.0,4.0,3.0,4.0,2.0,5.0,2.0,3.0,4.0,2.0,4.0,4.0,4.0,2,4,6,7,6,6,3,3,4,3,1,0,0,1,1,0,0,0,0,1,0,0,0,0,1,1,3,2,1,2,28,1,2,2,60,1,1,2
17016,1.0,1.0,1.0,1.0,1.0,4.0,1.0,1.0,5.0,1.0,1.0,5.0,5.0,1.0,1.0,1.0,1.0,1.0,5.0,1.0,2,7,3,6,7,1,6,7,1,7,1,1,0,1,1,0,0,0,0,1,0,0,1,1,1,1,3,1,2,2,25,1,1,2,70,2,1,5
17017,2.0,2.0,4.0,5.0,3.0,3.0,1.0,1.0,4.0,4.0,4.0,2.0,2.0,5.0,4.0,5.0,4.0,2.0,5.0,1.0,6,2,7,2,6,5,6,1,6,1,1,1,0,1,1,0,0,0,0,1,0,0,1,1,1,1,2,1,2,1,19,1,7,1,60,2,1,2
17018,5.0,5.0,1.0,1.0,5.0,1.0,1.0,4.0,3.0,2.0,1.0,5.0,3.0,2.0,4.0,2.0,1.0,5.0,5.0,5.0,4,4,7,1,6,6,3,2,6,2,1,1,1,1,1,0,0,1,0,1,0,0,1,1,1,1,3,3,1,2,24,1,1,1,60,1,1,2
17019,3.0,4.0,1.0,4.0,3.0,1.0,1.0,4.0,3.0,2.0,1.0,5.0,2.0,1.0,3.0,2.0,2.0,5.0,5.0,2.0,5,7,3,4,5,6,3,5,4,4,1,1,0,1,1,0,0,1,0,1,0,1,1,1,1,1,1,3,1,2,15,1,10,1,70,2,1,2
17020,4.0,4.0,4.0,2.0,2.0,4.0,2.0,5.0,4.0,4.0,2.0,4.0,3.0,1.0,4.0,3.0,1.0,5.0,5.0,5.0,5,6,3,4,6,6,4,3,4,5,1,1,0,1,1,0,0,0,0,1,0,0,1,1,1,1,3,2,1,1,18,1,1,1,60,2,1,1
17021,4.0,2.0,3.0,2.0,4.0,3.0,5.0,3.0,4.0,3.0,2.0,4.0,1.0,1.0,3.0,1.0,1.0,2.0,3.0,2.0,3,4,5,2,6,5,6,4,5,2,1,1,1,1,1,0,0,1,0,1,0,0,1,1,1,1,4,2,2,1,27,1,1,2,60,1,2,3
17022,4.0,2.0,4.0,4.0,2.0,4.0,3.0,2.0,2.0,3.0,2.0,5.0,1.0,3.0,2.0,2.0,3.0,1.0,5.0,1.0,2,5,6,6,4,6,6,3,4,3,1,0,1,1,1,0,0,1,0,1,0,0,1,1,1,1,3,3,2,1,21,1,12,2,60,1,1,2
17023,5.0,1.0,4.0,3.0,3.0,5.0,3.0,5.0,5.0,4.0,5.0,3.0,5.0,2.0,3.0,5.0,5.0,1.0,5.0,4.0,6,5,5,5,7,6,6,6,6,1,1,1,0,1,1,0,1,1,0,1,0,0,1,1,1,1,3,2,2,1,22,1,0,2,10,1,3,2
17024,1.0,2.0,3.0,5.0,2.0,4.0,4.0,2.0,5.0,5.0,2.0,2.0,4.0,4.0,3.0,4.0,3.0,1.0,4.0,1.0,6,5,7,3,7,2,3,1,6,1,1,1,1,1,1,0,0,0,0,1,0,1,0,1,1,1,3,2,2,2,33,1,1,1,10,2,1,3
17025,4.0,4.0,4.0,1.0,5.0,1.0,1.0,2.0,5.0,4.0,1.0,5.0,4.0,1.0,4.0,5.0,1.0,4.0,5.0,4.0,6,5,4,5,5,1,7,5,3,7,1,1,0,1,1,1,0,1,0,1,0,0,1,1,1,1,4,2,2,1,27,1,6,1,60,2,2,2
17026,3.0,5.0,2.0,3.0,5.0,5.0,3.0,4.0,4.0,4.0,2.0,4.0,4.0,3.0,4.0,5.0,2.0,4.0,5.0,5.0,6,7,6,3,7,5,5,2,6,2,1,1,1,1,1,0,0,1,0,1,0,1,1,1,1,1,3,2,1,2,21,1,1,1,10,2,1,2
17027,2.0,1.0,1.0,3.0,4.0,4.0,4.0,1.0,4.0,2.0,2.0,4.0,2.0,2.0,1.0,1.0,2.0,4.0,5.0,1.0,5,2,6,2,7,5,6,1,7,3,1,1,1,1,1,0,0,0,0,1,0,0,1,1,1,1,3,2,2,1,70,1,1,1,60,1,3,3
17028,5.0,5.0,4.0,1.0,5.0,1.0,1.0,4.0,1.0,1.0,1.0,5.0,5.0,1.0,5.0,1.0,5.0,5.0,5.0,5.0,7,1,5,3,7,2,7,5,5,1,1,1,0,1,1,0,0,0,0,1,0,0,1,1,1,1,3,3,1,1,60,1,1,1,60,1,1,2
17029,4.0,5.0,1.0,2.0,5.0,1.0,2.0,4.0,2.0,4.0,1.0,4.0,2.0,2.0,5.0,5.0,1.0,4.0,5.0,1.0,1,5,5,7,6,5,6,6,3,1,1,1,1,1,1,0,0,1,0,1,0,0,1,1,1,1,2,1,1,1,24,1,6,3,60,2,1,1
17030,5.0,5.0,1.0,1.0,4.0,1.0,1.0,4.0,1.0,1.0,1.0,5.0,5.0,1.0,5.0,1.0,1.0,4.0,5.0,5.0,2,7,5,7,6,7,4,7,5,2,1,1,1,1,1,0,1,1,1,1,0,0,1,1,1,1,2,2,1,1,18,1,2,3,60,2,1,3
17031,2.0,4.0,1.0,1.0,4.0,1.0,3.0,5.0,4.0,2.0,1.0,5.0,5.0,3.0,5.0,2.0,4.0,5.0,2.0,3.0,2,5,2,5,6,4,6,4,2,1,1,1,0,1,1,0,0,0,0,1,0,0,0,1,1,1,2,2,2,1,53,2,12,1,30,1,2,1
17032,5.0,5.0,2.0,1.0,5.0,2.0,1.0,3.0,4.0,2.0,3.0,5.0,3.0,1.0,5.0,1.0,3.0,4.0,5.0,3.0,6,6,4,6,6,4,6,1,4,1,0,1,1,1,1,0,1,1,0,1,0,0,1,1,1,1,4,3,1,2,31,1,4,1,60,2,1,2
17033,1.0,1.0,4.0,4.0,2.0,5.0,4.0,1.0,5.0,4.0,2.0,2.0,1.0,2.0,2.0,2.0,3.0,2.0,5.0,1.0,5,5,6,2,5,2,6,1,6,2,1,1,1,1,1,0,1,1,0,1,0,0,1,1,1,1,3,3,2,1,55,1,4,1,60,1,2,4
17034,4.0,1.0,4.0,4.0,2.0,4.0,2.0,1.0,5.0,4.0,1.0,4.0,1.0,3.0,3.0,2.0,2.0,2.0,5.0,3.0,3,2,5,4,6,5,3,1,4,3,1,1,1,1,1,0,0,1,0,1,1,0,1,1,1,1,3,2,2,1,22,1,1,4,60,1,1,2
17035,2.0,4.0,5.0,1.0,5.0,1.0,1.0,2.0,5.0,1.0,1.0,5.0,4.0,1.0,5.0,4.0,1.0,5.0,5.0,1.0,6,5,7,5,6,7,5,1,7,1,1,1,0,1,1,0,0,0,0,1,0,0,1,1,1,1,3,2,1,1,54,1,1,1,60,2,1,2
17036,5.0,3.0,1.0,1.0,3.0,1.0,5.0,3.0,3.0,2.0,4.0,5.0,5.0,1.0,4.0,4.0,4.0,5.0,4.0,5.0,3,4,3,5,6,6,4,1,3,1,0,1,0,1,1,0,0,0,0,1,0,0,0,1,0,1,3,3,2,2,21,1,4,1,70,1,1,3
17037,2.0,5.0,2.0,4.0,4.0,1.0,1.0,1.0,5.0,2.0,1.0,2.0,1.0,5.0,5.0,1.0,3.0,4.0,5.0,1.0,4,0,0,0,0,0,0,0,0,0,1,1,0,1,1,1,0,0,0,1,1,0,1,1,1,1,3,3,1,1,39,1,1,1,60,1,3,2
17038,1.0,1.0,5.0,3.0,4.0,5.0,4.0,2.0,5.0,5.0,1.0,1.0,1.0,3.0,3.0,5.0,5.0,1.0,3.0,1.0,7,3,6,4,5,5,7,3,3,3,1,0,0,1,1,0,0,0,0,1,0,0,0,0,1,1,2,3,1,1,20,1,7,1,30,2,1,3
17039,5.0,5.0,5.0,1.0,5.0,1.0,1.0,5.0,1.0,5.0,1.0,5.0,5.0,1.0,2.0,3.0,5.0,5.0,4.0,3.0,7,7,7,6,7,5,5,7,1,1,1,1,0,1,1,1,0,0,1,1,0,0,1,1,1,1,2,3,1,1,21,1,1,1,30,2,1,5
17040,1.0,2.0,5.0,5.0,1.0,5.0,4.0,3.0,5.0,4.0,4.0,1.0,1.0,3.0,2.0,5.0,3.0,1.0,5.0,1.0,7,3,4,6,7,1,7,4,4,2,1,1,0,1,0,0,0,0,0,1,0,0,0,0,1,1,3,2,2,2,33,1,12,1,60,1,1,2
17041,3.0,1.0,5.0,5.0,1.0,5.0,3.0,4.0,5.0,5.0,1.0,1.0,1.0,3.0,2.0,5.0,4.0,3.0,5.0,1.0,5,7,6,6,7,3,6,3,4,1,1,1,0,1,1,0,0,1,0,1,1,0,1,1,1,1,4,2,2,2,53,1,1,1,60,1,2,2
17042,4.0,2.0,2.0,1.0,5.0,4.0,1.0,5.0,5.0,1.0,1.0,1.0,4.0,1.0,2.0,1.0,1.0,5.0,5.0,1.0,1,4,1,5,6,2,5,7,6,1,1,0,1,1,0,0,0,0,0,1,0,0,1,1,1,1,2,1,2,2,16,2,2,1,60,2,1,2
17043,3.0,4.0,1.0,3.0,5.0,4.0,3.0,4.0,3.0,2.0,1.0,3.0,4.0,1.0,5.0,1.0,3.0,4.0,5.0,1.0,2,6,5,7,3,7,6,1,5,1,1,1,0,1,1,0,0,1,0,1,0,0,1,1,1,1,3,2,1,1,21,1,1,1,10,2,1,3
17044,4.0,2.0,5.0,4.0,1.0,4.0,2.0,2.0,5.0,2.0,1.0,1.0,1.0,2.0,4.0,2.0,3.0,2.0,5.0,3.0,7,2,6,7,6,1,7,5,3,2,1,1,1,1,1,0,0,0,0,1,0,0,1,1,1,1,3,3,2,1,25,1,1,1,10,2,1,2
17045,2.0,2.0,2.0,1.0,5.0,1.0,1.0,3.0,2.0,2.0,2.0,5.0,2.0,1.0,4.0,2.0,2.0,2.0,5.0,1.0,5,5,5,3,6,3,5,4,5,3,1,1,0,1,1,0,0,1,0,1,0,0,1,1,1,1,2,3,1,1,25,1,12,1,30,2,1,2
17046,4.0,5.0,2.0,5.0,5.0,3.0,5.0,5.0,3.0,3.0,1.0,5.0,5.0,2.0,4.0,3.0,2.0,5.0,5.0,1.0,5,3,5,6,4,6,7,7,4,7,1,1,0,1,1,0,0,0,0,1,0,0,0,1,1,1,3,2,2,2,19,2,4,1,10,2,1,1
17047,3.0,4.0,1.0,3.0,5.0,1.0,1.0,5.0,4.0,5.0,1.0,5.0,3.0,1.0,1.0,1.0,1.0,5.0,3.0,5.0,3,6,3,4,4,4,3,6,5,5,1,1,0,1,1,0,1,0,0,1,0,0,1,1,1,1,4,3,1,2,24,1,8,1,10,2,1,2
17048,1.0,1.0,4.0,3.0,1.0,4.0,4.0,2.0,5.0,5.0,2.0,1.0,1.0,3.0,1.0,3.0,4.0,1.0,4.0,1.0,5,5,7,5,6,1,7,4,1,2,1,1,0,1,1,0,0,0,0,1,0,0,0,0,1,1,3,2,2,2,37,1,1,1,60,2,2,3
17049,1.0,1.0,2.0,5.0,2.0,4.0,1.0,2.0,5.0,3.0,2.0,4.0,2.0,2.0,4.0,2.0,2.0,2.0,5.0,2.0,5,3,5,5,5,5,5,2,5,2,1,1,1,1,1,0,1,1,0,1,1,0,1,1,1,1,3,2,1,1,28,1,12,1,60,2,1,4
17050,3.0,3.0,3.0,4.0,2.0,1.0,1.0,4.0,3.0,2.0,2.0,5.0,4.0,1.0,3.0,2.0,1.0,3.0,5.0,2.0,4,6,6,5,6,1,2,5,2,4,1,1,1,1,1,0,1,1,0,1,1,0,1,1,1,1,3,2,1,1,30,2,2,1,60,1,1,2
17051,4.0,4.0,5.0,4.0,4.0,2.0,1.0,3.0,5.0,2.0,2.0,4.0,2.0,4.0,5.0,3.0,1.0,4.0,4.0,1.0,4,3,5,3,5,3,6,5,6,2,1,1,1,1,1,0,0,1,1,1,0,1,1,1,1,1,3,2,2,2,42,1,1,2,60,1,2,2
17052,4.0,1.0,3.0,2.0,5.0,2.0,1.0,4.0,3.0,5.0,3.0,5.0,4.0,1.0,5.0,1.0,1.0,1.0,5.0,3.0,1,6,7,5,6,5,3,1,3,3,1,1,1,1,1,0,0,1,0,1,0,1,1,1,1,1,3,1,2,1,31,1,2,1,60,2,2,3
17053,3.0,3.0,2.0,3.0,2.0,2.0,1.0,2.0,4.0,1.0,1.0,5.0,4.0,1.0,5.0,1.0,2.0,2.0,4.0,2.0,6,3,4,3,7,2,5,4,5,1,1,1,1,1,1,1,0,1,0,1,0,0,1,1,1,1,3,2,2,1,20,1,7,2,20,2,1,3
17054,5.0,5.0,1.0,1.0,5.0,1.0,1.0,5.0,1.0,1.0,1.0,5.0,5.0,1.0,5.0,1.0,1.0,5.0,5.0,1.0,6,7,3,5,7,6,3,5,3,1,1,1,0,1,1,0,0,0,0,1,0,0,1,1,1,1,3,2,1,1,21,1,2,1,60,1,1,3
17055,2.0,4.0,1.0,5.0,1.0,4.0,2.0,2.0,5.0,5.0,1.0,1.0,1.0,4.0,1.0,5.0,3.0,4.0,5.0,1.0,7,5,6,7,5,2,6,1,6,2,1,1,0,1,1,0,0,0,0,1,0,0,0,0,1,1,4,2,2,2,45,1,4,1,60,2,1,2
17056,5.0,4.0,1.0,3.0,3.0,1.0,5.0,1.0,1.0,2.0,5.0,5.0,5.0,1.0,4.0,3.0,1.0,3.0,4.0,3.0,5,6,7,1,7,7,7,2,7,4,0,1,1,1,1,0,0,1,0,1,1,0,0,1,0,1,2,3,1,2,18,1,1,1,10,2,1,2
17057,2.0,2.0,4.0,4.0,5.0,4.0,2.0,3.0,5.0,5.0,1.0,4.0,1.0,3.0,1.0,5.0,4.0,2.0,5.0,1.0,2,2,7,4,3,6,3,2,3,4,1,0,0,1,1,0,0,0,0,1,0,0,0,0,1,1,3,1,2,2,45,1,6,1,60,2,1,2
17058,4.0,4.0,1.0,2.0,2.0,2.0,1.0,4.0,4.0,5.0,1.0,5.0,2.0,1.0,4.0,1.0,2.0,5.0,3.0,3.0,4,5,3,2,6,2,6,1,6,2,1,1,0,1,1,0,0,0,0,1,0,0,0,1,1,1,4,2,1,2,47,1,7,1,60,2,2,3
17059,3.0,4.0,2.0,2.0,4.0,1.0,1.0,5.0,2.0,4.0,2.0,5.0,4.0,2.0,5.0,4.0,4.0,5.0,5.0,2.0,5,5,5,5,7,5,5,6,3,1,1,1,0,1,1,0,1,0,0,1,0,0,1,1,1,1,2,2,1,1,19,2,6,1,60,1,1,3
17060,2.0,2.0,4.0,3.0,2.0,5.0,4.0,5.0,5.0,5.0,1.0,3.0,2.0,1.0,4.0,4.0,2.0,2.0,5.0,3.0,6,5,7,5,5,3,5,2,5,2,1,1,1,1,1,0,0,0,0,1,0,0,1,1,1,1,3,2,2,1,39,1,1,3,60,2,1,2
17061,4.0,4.0,2.0,3.0,5.0,2.0,1.0,5.0,4.0,1.0,2.0,4.0,1.0,1.0,4.0,4.0,1.0,4.0,4.0,1.0,7,6,3,5,7,3,7,7,5,1,1,1,1,1,1,0,1,0,0,1,0,0,1,1,1,1,3,3,2,2,32,1,2,1,10,2,2,2
17062,5.0,5.0,3.0,2.0,5.0,1.0,1.0,4.0,4.0,2.0,2.0,5.0,5.0,1.0,5.0,1.0,1.0,5.0,5.0,2.0,6,5,7,5,6,4,5,2,7,5,1,1,0,1,1,0,0,0,0,1,0,0,1,0,1,1,3,2,1,2,33,1,2,1,60,2,2,3
17063,3.0,3.0,2.0,3.0,3.0,2.0,2.0,2.0,4.0,4.0,1.0,4.0,2.0,1.0,5.0,4.0,2.0,2.0,4.0,4.0,6,1,7,1,7,3,4,1,6,2,1,1,1,1,1,0,0,1,0,1,0,0,0,1,1,1,4,3,2,1,39,2,12,2,60,2,3,3
17064,1.0,1.0,4.0,2.0,4.0,2.0,2.0,2.0,5.0,4.0,3.0,3.0,1.0,2.0,3.0,3.0,2.0,2.0,4.0,2.0,5,3,6,6,6,2,6,4,2,3,1,1,0,1,1,1,0,1,0,1,0,0,1,1,1,1,3,3,2,2,26,1,1,5,70,1,1,3
17065,2.0,1.0,2.0,3.0,5.0,2.0,5.0,1.0,3.0,3.0,4.0,5.0,3.0,2.0,5.0,3.0,1.0,4.0,5.0,1.0,2,6,6,2,7,5,5,2,6,1,1,1,1,1,1,0,1,1,0,1,1,0,1,1,1,1,3,1,2,1,24,1,3,2,60,1,1,2
17066,2.0,2.0,5.0,5.0,1.0,5.0,4.0,2.0,5.0,5.0,4.0,4.0,2.0,2.0,4.0,4.0,1.0,4.0,1.0,4.0,5,4,2,5,5,3,6,6,5,5,1,1,0,1,1,0,0,0,0,1,0,0,0,0,1,1,3,2,2,2,45,1,6,1,60,1,1,1
17067,5.0,4.0,2.0,2.0,4.0,1.0,1.0,5.0,3.0,1.0,2.0,5.0,4.0,3.0,3.0,5.0,4.0,5.0,5.0,4.0,4,6,3,6,7,6,6,7,6,1,1,1,0,1,1,0,0,0,1,1,0,0,1,1,0,1,3,2,1,2,19,2,6,1,10,2,1,3
17068,2.0,3.0,4.0,5.0,2.0,1.0,1.0,3.0,4.0,4.0,1.0,5.0,4.0,1.0,3.0,3.0,3.0,3.0,5.0,4.0,7,5,3,1,7,2,6,5,7,1,1,1,1,1,1,1,0,1,0,1,1,1,1,1,1,1,3,2,1,1,34,1,1,1,60,1,2,2
17069,3.0,4.0,3.0,4.0,3.0,1.0,2.0,2.0,4.0,4.0,2.0,4.0,2.0,4.0,4.0,2.0,2.0,2.0,4.0,1.0,5,2,5,1,6,4,5,5,5,2,1,1,1,1,1,0,1,1,0,1,1,0,1,1,1,1,3,2,2,1,55,1,6,1,60,1,2,1
17070,5.0,3.0,1.0,1.0,5.0,1.0,1.0,4.0,1.0,1.0,1.0,5.0,5.0,1.0,3.0,3.0,1.0,5.0,5.0,1.0,7,5,2,5,3,1,1,7,1,1,1,1,1,1,1,1,0,0,0,1,0,0,1,1,1,1,3,3,1,2,33,1,2,1,60,1,1,4
17071,1.0,4.0,5.0,3.0,3.0,3.0,4.0,4.0,5.0,4.0,1.0,4.0,1.0,2.0,3.0,4.0,2.0,4.0,4.0,4.0,5,5,7,5,6,4,6,2,4,2,1,1,1,1,1,0,1,0,0,1,1,1,1,1,1,1,2,2,2,1,15,1,7,1,60,2,1,2
17072,3.0,1.0,5.0,5.0,1.0,5.0,3.0,1.0,5.0,5.0,2.0,3.0,1.0,3.0,1.0,3.0,3.0,1.0,4.0,1.0,2,4,6,2,5,4,7,1,7,4,1,1,1,1,1,0,1,0,1,1,0,1,1,1,1,1,3,2,2,1,48,1,1,1,60,1,2,3
17073,5.0,4.0,3.0,2.0,5.0,3.0,2.0,4.0,1.0,3.0,2.0,5.0,4.0,2.0,4.0,2.0,2.0,2.0,5.0,2.0,5,6,6,3,7,4,5,3,6,1,1,1,1,1,1,0,1,1,0,1,1,0,1,1,1,1,3,3,1,1,23,1,2,1,10,2,1,1
17074,3.0,1.0,2.0,2.0,1.0,5.0,4.0,4.0,5.0,4.0,4.0,1.0,1.0,1.0,3.0,5.0,2.0,4.0,5.0,1.0,5,7,7,1,7,4,6,2,7,1,1,1,0,1,1,1,0,1,0,1,0,0,0,1,1,1,3,2,1,1,21,1,2,2,30,1,1,3
17075,5.0,4.0,1.0,1.0,5.0,1.0,1.0,2.0,3.0,3.0,1.0,4.0,5.0,1.0,4.0,2.0,1.0,4.0,5.0,4.0,3,4,3,1,6,7,2,2,6,1,1,1,1,1,1,1,0,0,0,1,1,1,1,1,1,1,2,3,1,1,32,1,2,1,60,2,1,3
17076,3.0,5.0,2.0,5.0,5.0,1.0,1.0,1.0,2.0,2.0,1.0,2.0,4.0,1.0,4.0,2.0,1.0,3.0,5.0,1.0,3,3,2,6,3,4,4,5,1,1,1,1,1,1,1,0,1,1,0,1,0,0,1,1,1,1,3,3,1,2,38,1,1,1,70,1,1,2
17077,4.0,4.0,2.0,5.0,5.0,4.0,1.0,1.0,5.0,5.0,3.0,5.0,2.0,4.0,1.0,3.0,2.0,4.0,5.0,3.0,3,4,7,6,6,6,5,2,6,5,1,1,0,1,1,0,0,0,0,1,0,0,1,1,1,1,2,2,1,1,22,1,5,1,60,1,1,3
17078,1.0,1.0,2.0,3.0,2.0,4.0,1.0,1.0,5.0,4.0,3.0,4.0,2.0,2.0,3.0,5.0,1.0,2.0,5.0,1.0,6,1,5,1,5,3,4,1,7,4,1,1,0,1,1,0,0,0,0,1,0,0,0,1,1,1,2,1,1,1,23,1,1,1,60,2,1,5
17079,5.0,4.0,3.0,4.0,4.0,4.0,4.0,4.0,4.0,5.0,1.0,5.0,1.0,4.0,4.0,2.0,2.0,4.0,4.0,2.0,5,5,6,6,4,5,5,3,6,2,1,1,1,1,1,1,1,0,1,1,0,1,1,1,1,1,2,2,1,1,23,1,5,1,60,1,2,2
17080,3.0,4.0,3.0,5.0,2.0,2.0,1.0,4.0,3.0,4.0,2.0,2.0,2.0,2.0,4.0,1.0,2.0,4.0,5.0,1.0,7,3,5,1,7,1,6,5,7,1,1,1,0,1,1,0,0,1,0,1,1,1,1,1,1,1,3,2,1,1,23,1,9,1,60,1,1,3
17081,5.0,2.0,1.0,1.0,4.0,4.0,4.0,2.0,3.0,3.0,2.0,2.0,5.0,1.0,2.0,1.0,1.0,5.0,5.0,4.0,1,6,7,2,6,6,1,5,5,1,1,1,0,1,1,0,0,0,0,1,0,0,1,1,1,0,3,3,1,2,21,1,2,1,10,2,1,2
17082,1.0,2.0,4.0,4.0,2.0,5.0,2.0,2.0,5.0,4.0,2.0,2.0,1.0,3.0,4.0,2.0,3.0,4.0,4.0,1.0,5,6,6,6,7,3,7,4,5,1,1,1,1,1,1,0,0,0,0,1,1,0,1,1,1,1,4,3,2,2,43,1,2,1,60,1,2,3
17083,2.0,2.0,1.0,3.0,4.0,2.0,1.0,1.0,5.0,3.0,1.0,1.0,5.0,2.0,2.0,2.0,1.0,5.0,4.0,1.0,2,1,3,1,6,2,6,7,7,2,1,1,0,1,0,0,0,0,0,1,0,0,0,0,0,1,3,2,1,2,31,1,1,1,60,2,1,4
17084,2.0,1.0,5.0,4.0,4.0,2.0,2.0,2.0,5.0,5.0,2.0,2.0,4.0,3.0,2.0,4.0,3.0,3.0,5.0,1.0,4,3,5,3,6,5,6,2,6,3,1,1,0,1,1,0,0,0,0,1,0,0,1,1,1,1,3,2,2,1,40,1,3,1,60,1,2,2
17085,1.0,2.0,4.0,1.0,4.0,4.0,4.0,3.0,4.0,5.0,2.0,1.0,3.0,1.0,3.0,1.0,2.0,4.0,5.0,1.0,5,5,6,5,7,3,5,2,4,5,1,1,0,1,1,0,0,0,0,1,0,0,1,1,1,1,2,3,1,1,24,1,2,1,10,2,1,2
17086,4.0,1.0,5.0,5.0,1.0,5.0,5.0,2.0,5.0,4.0,2.0,4.0,4.0,2.0,1.0,2.0,2.0,3.0,4.0,1.0,6,5,7,4,7,2,7,2,6,3,1,1,0,1,1,0,0,0,0,1,0,0,0,1,1,1,2,3,2,1,22,1,5,1,60,2,1,6
17087,1.0,1.0,4.0,5.0,1.0,4.0,4.0,2.0,5.0,5.0,2.0,2.0,2.0,4.0,4.0,1.0,1.0,2.0,5.0,2.0,7,5,6,6,7,1,6,2,1,3,1,1,1,1,1,0,0,1,0,1,0,0,1,1,1,1,3,2,2,1,27,1,2,2,60,1,2,3
17088,4.0,3.0,5.0,2.0,3.0,3.0,1.0,1.0,5.0,4.0,4.0,2.0,2.0,2.0,4.0,5.0,4.0,4.0,5.0,4.0,1,5,3,6,7,7,6,3,5,2,1,1,0,1,1,0,0,0,0,1,0,0,1,1,1,1,2,3,1,1,20,1,5,5,60,2,1,4
17089,1.0,2.0,5.0,4.0,1.0,5.0,2.0,1.0,5.0,5.0,2.0,4.0,3.0,4.0,4.0,5.0,5.0,2.0,5.0,1.0,6,4,7,2,6,4,7,1,7,4,1,1,0,1,1,0,1,1,0,1,0,0,1,1,1,1,4,3,2,1,45,1,7,1,60,1,2,2
17090,2.0,2.0,2.0,4.0,2.0,2.0,2.0,1.0,5.0,5.0,2.0,3.0,1.0,5.0,4.0,4.0,5.0,4.0,1.0,1.0,7,5,3,1,7,1,7,6,6,1,1,1,1,1,1,0,0,0,0,1,0,0,0,1,1,1,3,3,2,2,32,1,1,1,60,1,1,3
17091,1.0,1.0,4.0,4.0,1.0,3.0,2.0,2.0,5.0,5.0,2.0,2.0,3.0,2.0,3.0,2.0,1.0,3.0,5.0,1.0,3,2,5,5,6,5,6,2,4,2,1,1,0,1,1,0,0,0,0,1,0,0,0,1,1,1,2,3,2,1,48,1,12,1,60,2,2,3
17092,4.0,4.0,2.0,1.0,5.0,2.0,1.0,5.0,3.0,1.0,2.0,5.0,2.0,1.0,4.0,1.0,1.0,5.0,5.0,4.0,4,6,3,5,6,6,6,3,4,2,1,1,1,1,1,0,0,1,0,1,1,1,1,1,1,1,3,2,1,2,38,1,6,0,60,2,2,2
17093,3.0,4.0,2.0,3.0,2.0,4.0,4.0,4.0,2.0,3.0,2.0,4.0,4.0,1.0,4.0,2.0,1.0,4.0,5.0,2.0,3,7,6,3,5,5,2,1,6,2,1,0,0,1,1,0,0,0,0,1,0,0,0,1,1,1,3,2,1,2,27,1,2,1,60,2,1,1
17094,1.0,4.0,3.0,2.0,3.0,5.0,4.0,5.0,5.0,5.0,1.0,1.0,1.0,1.0,3.0,2.0,1.0,1.0,3.0,1.0,7,6,7,4,6,1,7,3,6,2,1,1,1,1,1,0,0,0,0,1,1,0,1,1,1,1,3,3,2,2,32,1,2,1,60,1,1,4
17095,1.0,2.0,5.0,4.0,3.0,4.0,3.0,1.0,4.0,4.0,3.0,2.0,3.0,1.0,4.0,1.0,3.0,3.0,4.0,1.0,4,6,6,2,6,4,5,4,6,4,0,1,0,1,1,0,0,0,0,1,0,0,0,0,1,1,2,1,1,1,18,1,1,1,0,2,1,3
17096,4.0,3.0,4.0,4.0,1.0,2.0,2.0,4.0,5.0,2.0,2.0,5.0,1.0,2.0,4.0,2.0,2.0,2.0,4.0,1.0,2,3,7,5,4,0,3,1,6,2,1,1,0,1,1,0,0,1,0,1,1,0,0,0,1,1,3,3,2,2,37,1,1,1,60,1,1,2
17097,5.0,5.0,3.0,2.0,2.0,1.0,1.0,5.0,1.0,1.0,1.0,5.0,1.0,1.0,5.0,1.0,5.0,4.0,1.0,4.0,3,7,7,6,4,5,5,1,1,7,1,1,0,1,1,0,0,1,0,1,1,0,1,1,1,1,3,2,2,2,53,1,6,1,60,1,3,2
17098,1.0,1.0,2.0,4.0,2.0,4.0,1.0,1.0,5.0,5.0,3.0,1.0,2.0,3.0,1.0,5.0,3.0,2.0,1.0,3.0,6,2,6,2,7,6,7,5,6,2,1,1,0,1,1,0,0,1,0,1,0,0,0,1,1,1,3,1,1,2,49,1,6,1,60,2,1,3
17099,1.0,4.0,3.0,2.0,1.0,4.0,3.0,4.0,5.0,4.0,1.0,2.0,1.0,1.0,2.0,4.0,3.0,4.0,5.0,3.0,7,5,3,5,7,1,7,5,3,2,1,1,0,1,1,0,0,1,0,1,0,0,1,1,1,1,4,3,2,2,26,1,2,1,20,2,1,3
17100,1.0,2.0,1.0,1.0,4.0,2.0,5.0,1.0,5.0,5.0,1.0,5.0,1.0,1.0,4.0,1.0,5.0,4.0,3.0,2.0,2,2,2,5,6,7,6,7,2,6,1,1,0,1,1,0,0,1,0,1,1,0,0,1,1,1,3,1,2,2,42,1,2,1,60,2,1,2
17101,5.0,5.0,3.0,1.0,3.0,1.0,5.0,5.0,1.0,4.0,1.0,4.0,5.0,1.0,5.0,1.0,1.0,5.0,5.0,5.0,3,6,7,6,5,6,5,1,6,2,0,1,0,1,0,0,0,0,0,1,0,0,0,0,1,1,4,3,1,2,34,1,7,1,60,2,1,4
17102,1.0,3.0,5.0,5.0,5.0,3.0,4.0,5.0,2.0,3.0,2.0,1.0,1.0,1.0,5.0,2.0,1.0,4.0,5.0,1.0,7,1,6,7,7,1,7,5,2,1,1,1,0,1,1,0,0,0,0,1,0,0,1,1,1,1,4,1,1,1,41,1,6,1,60,1,2,2
17103,1.0,3.0,4.0,5.0,5.0,4.0,2.0,4.0,5.0,5.0,2.0,5.0,1.0,4.0,3.0,2.0,3.0,4.0,5.0,4.0,2,5,6,5,7,6,7,5,5,3,1,1,0,1,1,0,0,1,0,1,0,0,0,1,1,1,3,2,2,1,22,1,4,1,60,1,1,2
17104,5.0,4.0,2.0,4.0,4.0,2.0,1.0,4.0,3.0,3.0,2.0,5.0,4.0,2.0,4.0,2.0,1.0,4.0,5.0,2.0,1,5,4,3,5,7,5,5,5,4,1,1,1,1,1,0,1,1,0,1,1,0,1,1,1,1,2,2,1,2,22,1,2,0,60,2,1,1
17105,1.0,1.0,2.0,5.0,2.0,4.0,4.0,1.0,5.0,5.0,2.0,1.0,1.0,2.0,1.0,4.0,4.0,2.0,3.0,1.0,5,2,7,1,6,5,7,5,7,1,1,1,1,1,1,0,0,0,0,1,1,0,0,1,1,1,3,1,2,2,49,3,2,5,60,2,3,2
17106,1.0,1.0,3.0,5.0,3.0,5.0,5.0,4.0,5.0,1.0,1.0,2.0,1.0,4.0,2.0,5.0,2.0,2.0,1.0,1.0,7,3,6,3,7,1,7,3,4,1,0,0,0,0,0,0,0,0,0,1,0,0,0,0,0,1,3,3,2,2,22,1,4,1,70,2,1,3
17107,1.0,1.0,4.0,5.0,1.0,5.0,4.0,1.0,5.0,5.0,5.0,1.0,1.0,5.0,1.0,4.0,5.0,1.0,5.0,1.0,5,2,7,3,7,6,7,1,6,1,1,1,1,1,1,0,1,1,0,1,1,0,1,1,1,1,3,2,2,1,38,1,3,1,60,2,1,3
17108,2.0,2.0,4.0,5.0,2.0,5.0,3.0,1.0,5.0,5.0,4.0,4.0,1.0,1.0,2.0,5.0,4.0,1.0,4.0,1.0,2,5,5,5,5,6,5,2,6,3,1,0,0,1,0,0,0,0,0,1,0,0,0,0,1,1,4,3,1,2,40,0,12,1,60,1,1,2
17109,5.0,5.0,1.0,2.0,3.0,1.0,1.0,4.0,1.0,1.0,1.0,5.0,3.0,1.0,4.0,1.0,5.0,5.0,5.0,5.0,6,6,6,1,5,4,1,1,7,3,1,1,0,1,1,0,0,1,0,1,0,1,1,1,1,1,3,2,1,2,24,1,2,1,60,1,1,2
17110,5.0,5.0,3.0,3.0,4.0,3.0,3.0,4.0,5.0,5.0,1.0,5.0,3.0,1.0,3.0,1.0,5.0,5.0,5.0,5.0,7,7,7,1,5,1,7,1,7,1,1,1,1,1,1,1,1,1,1,1,1,1,1,1,1,1,3,1,1,1,43,3,12,1,20,1,1,5
17111,4.0,4.0,2.0,1.0,4.0,1.0,1.0,4.0,2.0,2.0,1.0,5.0,5.0,1.0,5.0,1.0,2.0,4.0,5.0,4.0,5,5,2,6,6,3,2,6,2,1,1,1,1,1,1,0,0,1,0,1,1,0,1,1,1,1,3,3,2,1,30,1,7,1,60,1,2,3
17112,4.0,4.0,4.0,3.0,4.0,2.0,2.0,2.0,5.0,4.0,2.0,4.0,2.0,1.0,3.0,1.0,2.0,4.0,4.0,2.0,5,1,5,6,6,3,6,3,5,4,1,1,0,1,1,0,0,0,0,1,0,0,1,1,1,1,4,3,2,2,26,1,2,1,60,1,1,2
17113,1.0,1.0,5.0,4.0,5.0,5.0,4.0,1.0,5.0,5.0,2.0,2.0,1.0,1.0,1.0,1.0,2.0,3.0,4.0,2.0,6,5,6,3,5,3,4,1,5,2,1,1,0,1,1,0,0,1,0,1,0,0,1,1,1,1,4,1,3,1,27,1,12,5,60,1,1,3
17114,4.0,3.0,4.0,3.0,4.0,1.0,1.0,5.0,4.0,5.0,2.0,4.0,4.0,2.0,4.0,1.0,2.0,4.0,5.0,1.0,3,1,6,3,7,6,7,5,6,3,0,1,1,1,1,0,0,1,0,1,0,0,1,1,1,1,1,3,1,1,42,1,12,1,60,1,1,2
17115,5.0,5.0,1.0,1.0,5.0,3.0,1.0,5.0,2.0,1.0,1.0,5.0,3.0,1.0,5.0,1.0,1.0,4.0,5.0,5.0,7,6,6,2,6,5,6,4,6,1,1,1,0,1,1,0,1,1,0,1,0,0,1,1,1,1,3,3,1,2,35,1,2,1,70,1,2,3
17116,3.0,5.0,3.0,1.0,3.0,3.0,2.0,5.0,3.0,2.0,1.0,4.0,4.0,1.0,5.0,2.0,1.0,4.0,3.0,4.0,6,4,7,5,7,5,6,5,3,7,1,1,1,1,1,0,1,1,0,1,0,0,1,1,1,1,3,2,1,1,19,1,7,1,60,1,1,0
17117,5.0,5.0,2.0,2.0,4.0,1.0,1.0,4.0,2.0,2.0,1.0,5.0,4.0,1.0,5.0,1.0,1.0,5.0,5.0,1.0,2,3,6,2,6,4,5,2,4,1,1,1,1,1,1,1,0,0,0,1,0,1,1,1,1,1,4,3,2,1,41,1,4,1,60,1,3,3
17118,1.0,3.0,4.0,1.0,4.0,5.0,1.0,1.0,2.0,4.0,1.0,3.0,1.0,1.0,2.0,3.0,5.0,5.0,5.0,2.0,1,5,4,6,5,6,5,5,3,1,1,1,0,1,1,1,0,1,0,1,1,0,1,1,1,1,2,3,1,2,21,1,1,1,60,2,1,2
17119,5.0,5.0,2.0,4.0,1.0,1.0,1.0,3.0,3.0,2.0,2.0,4.0,1.0,2.0,4.0,4.0,2.0,1.0,5.0,1.0,2,6,1,6,6,7,1,4,2,1,1,1,1,1,1,0,0,1,0,1,0,0,1,1,1,1,2,2,3,1,18,1,2,2,60,2,1,2
17120,1.0,3.0,4.0,4.0,2.0,4.0,4.0,1.0,5.0,5.0,2.0,5.0,2.0,4.0,2.0,1.0,1.0,3.0,5.0,1.0,5,5,5,6,7,6,7,2,5,1,1,1,0,1,1,0,0,0,0,1,0,0,1,1,1,1,3,2,2,1,29,2,10,2,10,2,3,2
17121,5.0,5.0,1.0,4.0,5.0,1.0,1.0,5.0,3.0,1.0,1.0,5.0,4.0,2.0,5.0,2.0,1.0,4.0,5.0,4.0,5,3,7,1,6,4,6,3,5,1,1,1,1,1,1,0,1,1,1,1,1,1,1,1,1,1,2,3,3,1,28,1,0,3,60,1,1,5
17122,5.0,5.0,1.0,2.0,5.0,1.0,1.0,5.0,2.0,4.0,1.0,5.0,3.0,1.0,4.0,1.0,3.0,4.0,5.0,4.0,6,3,5,6,5,1,3,7,2,2,1,1,0,1,1,0,0,0,0,1,0,0,0,1,1,1,3,3,2,2,22,2,2,1,10,1,1,5
17123,1.0,2.0,3.0,4.0,4.0,5.0,5.0,1.0,5.0,5.0,1.0,1.0,1.0,4.0,2.0,4.0,3.0,3.0,3.0,1.0,4,3,5,6,6,6,6,4,5,3,1,0,0,1,0,0,0,0,0,1,0,0,1,0,1,1,0,3,1,2,42,2,12,1,60,1,1,3
17124,2.0,1.0,2.0,5.0,5.0,4.0,1.0,4.0,4.0,4.0,2.0,5.0,1.0,3.0,5.0,1.0,3.0,4.0,5.0,1.0,5,3,4,1,6,5,6,2,6,3,1,1,0,1,1,0,0,1,0,1,1,0,1,1,1,1,4,2,1,2,29,1,2,1,60,1,1,2
17125,4.0,2.0,3.0,5.0,1.0,2.0,1.0,4.0,3.0,3.0,2.0,1.0,1.0,1.0,5.0,2.0,1.0,4.0,3.0,1.0,4,6,5,5,7,3,6,2,1,1,1,1,1,1,1,0,0,1,0,1,0,0,1,1,1,1,3,2,2,1,19,1,6,2,60,2,1,2
17126,1.0,1.0,4.0,3.0,4.0,1.0,2.0,1.0,4.0,5.0,1.0,1.0,1.0,1.0,4.0,1.0,3.0,4.0,5.0,1.0,3,2,3,3,7,3,5,1,2,1,1,1,0,1,1,0,0,1,0,1,0,0,0,1,1,1,4,2,2,2,35,1,9,1,60,2,2,3
17127,1.0,2.0,5.0,4.0,3.0,5.0,4.0,1.0,5.0,5.0,3.0,2.0,2.0,5.0,3.0,4.0,3.0,1.0,5.0,1.0,5,2,6,2,6,2,6,5,4,4,1,1,1,1,1,0,0,0,0,1,0,0,0,1,1,1,3,1,1,2,45,2,2,1,60,1,2,3
17128,5.0,4.0,3.0,2.0,5.0,4.0,3.0,4.0,5.0,2.0,1.0,5.0,4.0,2.0,5.0,1.0,4.0,5.0,5.0,1.0,5,5,7,3,6,5,4,5,6,2,1,1,0,1,1,0,0,0,0,0,0,0,0,1,1,1,4,3,1,2,30,1,1,1,60,2,1,2
17129,4.0,1.0,2.0,4.0,4.0,4.0,1.0,1.0,5.0,5.0,1.0,2.0,1.0,1.0,1.0,5.0,1.0,4.0,5.0,1.0,2,7,7,2,6,7,5,1,6,2,1,1,0,1,1,0,1,1,0,1,0,1,1,1,1,1,3,2,1,1,25,1,2,1,60,1,1,2
17130,3.0,4.0,2.0,1.0,5.0,4.0,4.0,3.0,4.0,4.0,1.0,5.0,4.0,1.0,2.0,1.0,1.0,4.0,5.0,5.0,2,6,5,5,7,6,4,6,6,1,1,1,1,1,1,0,0,0,0,1,0,0,1,1,1,1,3,2,1,2,29,1,1,5,60,1,1,1
17131,5.0,4.0,4.0,2.0,2.0,5.0,1.0,3.0,5.0,2.0,2.0,4.0,2.0,2.0,5.0,4.0,3.0,1.0,5.0,1.0,5,5,7,4,7,1,2,5,5,1,0,0,0,0,1,0,1,1,0,1,1,0,0,0,0,1,2,1,1,2,24,1,12,3,50,1,1,0
17132,1.0,4.0,3.0,4.0,4.0,5.0,2.0,2.0,5.0,5.0,2.0,1.0,1.0,2.0,3.0,2.0,3.0,3.0,4.0,1.0,5,5,5,6,7,2,5,3,3,2,1,1,0,1,1,0,0,0,0,1,1,0,0,0,1,1,4,3,2,2,40,1,2,1,60,1,2,3
17133,1.0,3.0,5.0,5.0,3.0,5.0,4.0,1.0,5.0,4.0,4.0,1.0,4.0,4.0,1.0,5.0,3.0,3.0,3.0,1.0,7,2,4,2,7,1,7,2,4,1,1,1,0,1,1,0,0,1,0,1,0,0,1,1,1,1,4,3,2,2,32,1,12,1,60,1,1,3
17134,4.0,3.0,2.0,2.0,5.0,2.0,1.0,5.0,5.0,1.0,1.0,5.0,4.0,1.0,4.0,2.0,1.0,5.0,3.0,2.0,2,7,6,2,4,5,3,2,6,5,1,1,1,1,1,0,1,1,1,1,1,0,1,1,1,1,4,1,1,1,24,1,6,1,60,1,1,1
17135,5.0,4.0,2.0,3.0,5.0,1.0,1.0,3.0,2.0,2.0,1.0,5.0,2.0,1.0,5.0,1.0,1.0,5.0,4.0,1.0,1,5,5,5,7,5,1,2,6,1,1,1,1,1,1,0,1,1,0,1,1,0,1,1,1,1,3,3,1,1,42,1,2,1,60,1,2,1
17136,4.0,4.0,2.0,5.0,2.0,2.0,1.0,1.0,2.0,4.0,1.0,2.0,1.0,1.0,4.0,5.0,1.0,2.0,4.0,1.0,6,6,3,6,5,2,5,6,4,5,1,1,0,1,1,0,0,1,0,1,0,0,1,1,1,1,4,2,1,2,29,1,1,1,60,2,1,2
17137,1.0,4.0,4.0,4.0,1.0,4.0,1.0,3.0,5.0,3.0,3.0,4.0,1.0,3.0,2.0,1.0,5.0,3.0,3.0,1.0,2,5,7,7,4,5,5,5,1,4,0,0,0,0,0,0,0,0,0,0,0,0,0,0,0,0,3,1,2,2,35,1,6,1,60,2,3,3
17138,4.0,5.0,4.0,2.0,4.0,5.0,1.0,4.0,5.0,2.0,1.0,4.0,5.0,2.0,4.0,5.0,3.0,2.0,5.0,4.0,1,3,7,6,6,7,7,2,6,3,1,0,0,1,0,0,0,0,0,1,0,0,0,0,1,1,3,2,1,2,33,1,2,1,60,1,1,3
17139,3.0,2.0,2.0,5.0,5.0,5.0,5.0,4.0,5.0,5.0,4.0,1.0,1.0,2.0,3.0,1.0,1.0,3.0,5.0,1.0,5,6,3,5,7,4,5,6,6,4,1,1,0,1,1,0,0,1,0,1,0,0,1,1,1,1,3,2,1,2,25,1,2,1,60,1,1,2
17140,5.0,2.0,4.0,1.0,4.0,3.0,4.0,2.0,4.0,4.0,1.0,2.0,4.0,2.0,4.0,2.0,4.0,4.0,4.0,4.0,3,4,6,5,5,6,5,4,5,2,1,0,0,0,0,0,0,1,0,0,0,0,0,0,0,0,3,3,1,1,29,1,2,1,70,2,1,2
17141,4.0,4.0,1.0,4.0,4.0,2.0,1.0,2.0,3.0,2.0,1.0,2.0,1.0,2.0,4.0,4.0,1.0,3.0,5.0,3.0,1,3,6,4,5,7,1,3,5,4,1,1,1,1,1,0,0,1,0,1,1,1,1,1,1,1,3,3,2,2,19,1,2,1,60,1,1,2
17142,2.0,1.0,4.0,4.0,4.0,4.0,4.0,1.0,5.0,5.0,1.0,2.0,2.0,3.0,3.0,1.0,2.0,2.0,5.0,1.0,2,5,7,6,6,6,7,4,4,5,1,1,0,1,1,0,0,1,0,1,1,0,1,1,1,1,3,2,2,2,26,1,12,1,60,2,1,2
17143,1.0,4.0,5.0,2.0,4.0,2.0,2.0,2.0,5.0,5.0,2.0,4.0,1.0,3.0,1.0,5.0,3.0,4.0,5.0,1.0,5,5,6,6,7,4,5,5,5,4,1,1,0,1,1,0,0,1,0,1,1,0,1,1,1,1,3,1,2,2,33,1,1,1,60,1,1,2
17144,5.0,5.0,1.0,2.0,5.0,1.0,1.0,5.0,1.0,1.0,1.0,5.0,4.0,1.0,5.0,2.0,1.0,5.0,5.0,5.0,7,6,5,4,6,1,5,5,3,1,1,1,0,1,1,0,0,0,0,1,0,0,1,1,1,1,2,3,1,2,22,1,1,1,70,1,1,2
17145,4.0,5.0,3.0,1.0,5.0,1.0,1.0,5.0,1.0,1.0,1.0,2.0,2.0,3.0,4.0,1.0,1.0,5.0,5.0,5.0,2,7,6,2,6,2,2,2,6,2,1,1,0,1,1,1,1,1,1,1,0,0,1,1,1,1,3,3,1,2,25,1,3,1,10,2,1,1
17146,2.0,2.0,3.0,3.0,1.0,3.0,2.0,1.0,5.0,3.0,2.0,2.0,1.0,3.0,3.0,2.0,3.0,4.0,5.0,1.0,4,6,2,2,5,2,5,6,4,3,1,1,0,1,1,0,0,0,0,1,0,0,1,1,1,1,2,2,2,1,20,1,1,2,60,1,1,3
17147,4.0,4.0,3.0,3.0,4.0,2.0,1.0,4.0,2.0,1.0,1.0,5.0,4.0,2.0,4.0,5.0,3.0,4.0,5.0,1.0,2,6,5,5,6,6,2,3,2,7,1,1,0,1,1,0,0,0,0,1,0,0,1,1,1,1,2,2,1,1,20,1,1,1,60,2,1,3
17148,5.0,5.0,5.0,1.0,2.0,1.0,1.0,2.0,5.0,1.0,1.0,2.0,2.0,1.0,5.0,1.0,5.0,5.0,5.0,1.0,5,7,7,5,4,2,4,1,2,1,1,1,1,1,1,0,1,0,0,1,1,0,1,1,1,1,3,1,2,1,57,1,2,1,60,1,2,2
17149,5.0,5.0,1.0,1.0,5.0,1.0,1.0,5.0,2.0,1.0,1.0,5.0,4.0,1.0,5.0,1.0,1.0,5.0,5.0,5.0,7,7,7,1,7,1,2,2,7,1,1,1,0,1,1,0,0,0,0,1,1,0,0,1,1,1,3,2,1,2,35,1,2,3,60,1,1,3
17150,3.0,5.0,2.0,4.0,5.0,1.0,1.0,4.0,3.0,2.0,3.0,4.0,2.0,2.0,3.0,2.0,2.0,4.0,5.0,2.0,2,6,3,6,6,5,3,6,2,3,1,0,1,1,1,0,1,1,0,1,1,0,1,1,1,1,4,2,1,1,49,1,12,1,60,0,1,2
17151,5.0,5.0,3.0,4.0,3.0,2.0,2.0,5.0,2.0,5.0,4.0,5.0,4.0,2.0,5.0,2.0,2.0,5.0,4.0,4.0,7,5,6,1,7,1,7,5,7,7,1,0,0,1,1,0,0,0,0,1,0,0,0,0,1,1,3,1,1,2,43,2,7,1,60,1,2,4
17152,2.0,2.0,2.0,4.0,4.0,5.0,2.0,3.0,5.0,2.0,4.0,3.0,2.0,1.0,2.0,2.0,2.0,2.0,5.0,5.0,2,6,6,5,7,5,4,5,4,1,1,1,0,1,1,0,1,1,0,1,1,0,0,1,1,1,3,3,1,2,22,1,1,1,60,1,1,2
17153,2.0,1.0,2.0,3.0,2.0,2.0,2.0,2.0,4.0,3.0,2.0,4.0,2.0,2.0,4.0,2.0,2.0,2.0,5.0,1.0,3,5,7,2,7,5,5,1,6,1,1,1,0,1,1,0,1,0,0,1,1,0,1,1,1,1,4,1,2,1,34,1,2,2,60,1,1,2
17154,4.0,4.0,2.0,2.0,4.0,2.0,2.0,4.0,2.0,2.0,2.0,5.0,3.0,2.0,5.0,2.0,1.0,3.0,4.0,3.0,5,1,6,1,7,5,3,2,6,2,1,1,0,1,1,0,0,1,0,1,0,0,1,1,1,1,3,1,2,2,35,1,1,1,60,1,1,4
17155,5.0,4.0,1.0,2.0,4.0,1.0,1.0,5.0,3.0,3.0,1.0,5.0,2.0,1.0,5.0,4.0,1.0,4.0,5.0,4.0,5,6,5,6,2,2,6,4,1,4,1,1,0,1,1,0,0,1,1,1,0,0,0,1,1,1,2,1,2,2,19,1,2,1,60,2,1,2
17156,1.0,4.0,4.0,5.0,3.0,5.0,2.0,1.0,5.0,5.0,4.0,4.0,1.0,1.0,4.0,1.0,3.0,5.0,4.0,1.0,3,6,3,6,7,1,7,1,2,1,1,1,0,1,1,0,0,1,0,1,1,1,0,1,1,1,4,2,1,2,49,1,1,2,60,1,1,3
17157,5.0,4.0,4.0,3.0,4.0,1.0,1.0,1.0,4.0,2.0,2.0,5.0,2.0,2.0,3.0,2.0,2.0,2.0,4.0,2.0,1,3,5,5,5,7,5,4,5,3,1,1,1,1,1,0,0,1,0,1,0,0,1,1,1,1,4,1,1,1,23,2,4,1,60,2,1,3
17158,4.0,4.0,4.0,1.0,4.0,2.0,2.0,4.0,2.0,3.0,3.0,5.0,3.0,1.0,4.0,2.0,4.0,4.0,5.0,4.0,2,5,5,7,6,6,3,5,2,4,1,1,0,1,1,0,0,1,0,1,0,0,1,1,1,1,2,2,1,2,19,1,7,1,60,1,1,1
17159,5.0,5.0,1.0,1.0,5.0,1.0,1.0,4.0,1.0,1.0,1.0,5.0,4.0,1.0,4.0,1.0,1.0,5.0,5.0,2.0,2,7,6,4,6,6,2,2,6,6,1,0,0,1,0,0,0,0,0,1,1,0,1,1,1,1,2,3,1,2,18,1,2,1,60,2,1,2
17160,1.0,1.0,5.0,5.0,1.0,5.0,4.0,4.0,5.0,5.0,4.0,2.0,2.0,5.0,1.0,2.0,5.0,2.0,1.0,1.0,6,2,6,1,7,3,7,5,3,1,1,1,1,1,1,0,0,1,0,1,0,1,1,1,1,1,3,2,2,1,51,3,6,1,60,2,3,2
17161,3.0,1.0,4.0,4.0,2.0,2.0,1.0,2.0,5.0,5.0,2.0,4.0,1.0,2.0,3.0,1.0,1.0,2.0,5.0,1.0,4,5,6,5,4,5,5,3,4,3,1,1,0,1,1,0,0,0,0,1,0,0,1,1,1,1,2,2,1,1,20,2,0,1,60,2,1,2
17162,3.0,1.0,5.0,3.0,3.0,1.0,1.0,3.0,5.0,5.0,1.0,5.0,1.0,1.0,1.0,5.0,5.0,1.0,1.0,1.0,4,6,6,6,5,5,5,4,2,3,1,1,0,1,1,0,0,0,0,1,0,0,1,1,1,1,2,3,1,2,24,1,6,1,10,2,1,2
17163,5.0,2.0,1.0,1.0,5.0,1.0,1.0,5.0,5.0,1.0,1.0,5.0,4.0,1.0,3.0,1.0,1.0,2.0,5.0,3.0,2,7,7,3,7,7,2,3,5,1,1,1,1,1,1,0,0,1,0,1,0,0,1,1,1,1,3,2,1,1,30,1,1,1,60,1,3,3
17164,1.0,1.0,4.0,3.0,1.0,5.0,5.0,1.0,5.0,5.0,1.0,1.0,1.0,4.0,1.0,5.0,3.0,1.0,5.0,1.0,2,2,6,1,6,5,6,1,7,1,0,0,0,0,0,0,0,0,0,0,0,0,0,0,0,0,3,1,1,2,64,3,6,1,60,1,3,4
17165,2.0,1.0,5.0,1.0,2.0,2.0,2.0,1.0,5.0,4.0,1.0,4.0,1.0,2.0,1.0,1.0,2.0,2.0,3.0,2.0,2,3,6,2,7,6,6,2,6,1,1,1,0,1,1,0,0,1,0,1,0,0,1,1,1,1,2,2,1,1,41,2,1,1,70,2,2,4
17166,2.0,4.0,2.0,4.0,2.0,3.0,4.0,2.0,5.0,4.0,3.0,2.0,1.0,2.0,3.0,4.0,2.0,4.0,4.0,3.0,5,5,7,3,6,4,6,1,6,2,1,1,0,1,1,0,0,0,0,1,0,0,0,1,1,1,3,3,1,2,26,1,1,1,60,1,1,2
17167,3.0,2.0,4.0,2.0,1.0,4.0,3.0,4.0,5.0,5.0,2.0,2.0,1.0,2.0,1.0,4.0,1.0,1.0,5.0,2.0,3,3,2,2,6,5,6,2,4,2,1,0,0,1,0,0,0,0,0,1,0,0,0,0,1,1,4,2,2,2,38,1,1,1,60,2,3,2
17168,4.0,4.0,2.0,2.0,4.0,1.0,2.0,5.0,2.0,2.0,1.0,5.0,2.0,2.0,4.0,2.0,2.0,5.0,4.0,1.0,6,7,5,6,6,1,3,2,1,3,0,1,0,0,0,0,0,0,0,1,0,0,0,1,1,1,3,2,2,2,33,1,12,3,60,1,1,2
17169,1.0,3.0,3.0,4.0,2.0,2.0,2.0,2.0,5.0,4.0,3.0,4.0,4.0,4.0,3.0,4.0,2.0,4.0,4.0,1.0,5,3,3,6,7,4,7,4,3,1,1,1,0,1,1,0,0,0,0,1,0,0,0,0,1,1,3,3,2,2,36,1,6,1,60,1,2,1
17170,1.0,1.0,4.0,4.0,1.0,4.0,2.0,2.0,4.0,5.0,2.0,2.0,2.0,3.0,3.0,1.0,4.0,4.0,3.0,1.0,6,5,5,6,3,2,6,3,3,3,1,1,1,1,1,0,1,1,0,1,0,1,1,1,1,1,4,3,2,1,34,0,7,1,30,1,2,1
17171,4.0,5.0,1.0,4.0,4.0,2.0,2.0,2.0,3.0,3.0,3.0,4.0,5.0,1.0,4.0,2.0,1.0,2.0,5.0,2.0,3,6,5,1,5,3,5,3,1,4,1,1,0,1,1,0,0,1,0,1,0,0,0,1,1,1,3,2,1,2,22,1,6,1,60,1,1,2
17172,2.0,2.0,2.0,3.0,2.0,2.0,3.0,1.0,5.0,5.0,2.0,1.0,1.0,2.0,1.0,2.0,3.0,2.0,5.0,1.0,2,6,4,7,5,5,5,5,4,4,1,1,0,1,0,0,0,0,0,1,0,0,0,1,1,1,3,2,2,2,35,1,1,1,60,2,1,2
17173,4.0,5.0,3.0,3.0,4.0,4.0,2.0,5.0,5.0,2.0,2.0,4.0,1.0,2.0,5.0,3.0,2.0,4.0,5.0,3.0,7,5,4,3,6,1,6,3,6,6,1,1,0,1,1,0,0,0,0,1,0,0,0,1,1,1,4,1,1,2,25,1,4,1,60,1,1,1
17174,2.0,2.0,5.0,4.0,4.0,5.0,5.0,4.0,5.0,5.0,3.0,4.0,2.0,4.0,3.0,3.0,5.0,3.0,1.0,2.0,5,4,5,4,5,7,5,2,5,3,1,1,0,1,0,0,0,0,0,1,0,0,0,1,1,1,2,3,1,2,19,2,4,1,30,2,1,3
17175,2.0,2.0,3.0,5.0,2.0,2.0,1.0,1.0,5.0,5.0,3.0,2.0,1.0,1.0,4.0,5.0,2.0,2.0,5.0,3.0,5,5,4,3,6,4,5,5,6,1,1,1,1,1,1,0,1,0,0,1,1,0,1,1,1,1,3,2,2,1,36,1,4,1,60,2,2,2
17176,1.0,1.0,5.0,5.0,1.0,5.0,5.0,1.0,5.0,5.0,2.0,1.0,1.0,5.0,1.0,5.0,5.0,2.0,1.0,1.0,2,1,7,3,7,5,6,2,7,2,1,1,0,1,1,0,1,1,0,1,0,0,0,0,1,1,4,2,2,2,39,1,2,1,60,2,2,2
17177,1.0,1.0,1.0,5.0,1.0,4.0,5.0,1.0,5.0,5.0,3.0,1.0,1.0,5.0,1.0,5.0,1.0,2.0,1.0,1.0,6,2,6,5,4,2,6,2,5,2,1,1,1,1,1,0,1,1,0,1,0,0,1,1,1,1,4,3,2,2,53,1,6,1,60,1,2,3
17178,2.0,3.0,4.0,5.0,2.0,3.0,1.0,1.0,5.0,5.0,4.0,2.0,1.0,4.0,4.0,5.0,1.0,1.0,5.0,1.0,7,5,5,2,7,3,7,3,6,1,1,1,1,1,1,0,0,1,0,1,0,0,1,1,1,1,3,1,1,1,37,1,1,1,70,1,1,3
17179,1.0,1.0,5.0,5.0,1.0,5.0,2.0,1.0,5.0,5.0,3.0,1.0,1.0,3.0,4.0,5.0,4.0,1.0,1.0,1.0,5,2,6,7,7,6,7,1,1,1,1,1,1,1,1,0,0,0,0,1,0,0,0,1,1,1,2,2,2,1,22,1,6,1,70,1,1,5
17180,2.0,4.0,2.0,4.0,5.0,4.0,1.0,5.0,5.0,4.0,3.0,5.0,4.0,1.0,2.0,2.0,1.0,4.0,5.0,1.0,1,2,6,5,5,6,6,5,5,2,1,1,1,1,1,0,0,0,0,1,0,0,1,1,1,1,0,2,1,1,22,1,2,2,60,2,1,2
17181,4.0,4.0,3.0,1.0,5.0,1.0,1.0,5.0,4.0,2.0,1.0,5.0,5.0,1.0,2.0,1.0,1.0,4.0,5.0,2.0,1,5,5,5,3,7,2,2,3,5,1,1,1,1,1,0,0,0,0,1,0,0,1,1,1,1,2,2,1,1,18,1,1,2,60,2,1,2
17182,4.0,4.0,2.0,2.0,4.0,4.0,1.0,2.0,4.0,2.0,2.0,4.0,3.0,4.0,2.0,3.0,3.0,2.0,5.0,4.0,6,4,6,2,7,2,6,7,5,1,1,1,0,1,1,0,0,0,0,1,0,0,1,0,1,1,2,1,1,1,20,1,2,1,60,2,1,2
17183,4.0,1.0,1.0,1.0,5.0,4.0,3.0,1.0,5.0,5.0,1.0,5.0,4.0,1.0,1.0,4.0,1.0,5.0,1.0,1.0,7,6,4,1,7,1,7,1,4,1,1,0,0,1,1,0,0,1,0,1,1,0,0,0,1,1,3,1,2,2,53,1,6,1,60,2,3,1
17184,1.0,1.0,4.0,5.0,1.0,5.0,5.0,3.0,5.0,5.0,4.0,2.0,1.0,2.0,1.0,5.0,3.0,1.0,3.0,1.0,6,5,7,4,5,2,6,1,5,2,1,1,0,1,1,0,0,0,0,1,0,0,0,1,1,1,2,1,3,2,49,3,3,1,60,1,3,3
17185,4.0,3.0,2.0,2.0,5.0,1.0,2.0,5.0,3.0,1.0,1.0,2.0,5.0,1.0,2.0,2.0,3.0,5.0,5.0,1.0,4,4,3,3,7,4,2,5,5,1,1,1,1,1,1,0,1,0,0,1,0,1,1,1,1,1,4,3,1,2,25,1,8,1,10,2,1,0
17186,4.0,4.0,2.0,3.0,4.0,4.0,2.0,3.0,3.0,2.0,1.0,4.0,2.0,2.0,5.0,1.0,1.0,4.0,5.0,3.0,2,6,7,7,5,7,3,1,1,4,1,1,1,1,1,0,0,1,0,1,1,0,1,1,1,1,3,3,2,1,32,1,1,1,60,1,2,2
17187,5.0,5.0,4.0,1.0,5.0,5.0,2.0,5.0,5.0,4.0,1.0,5.0,5.0,1.0,5.0,2.0,2.0,4.0,5.0,2.0,6,6,7,2,7,3,6,1,5,2,1,1,0,1,1,0,1,0,0,1,0,0,1,1,1,1,3,3,2,2,20,1,2,1,60,1,1,2
17188,1.0,2.0,2.0,4.0,2.0,2.0,2.0,1.0,4.0,4.0,2.0,2.0,2.0,4.0,1.0,4.0,2.0,3.0,4.0,1.0,3,4,5,5,7,6,6,4,5,1,1,1,1,1,1,0,0,1,0,1,1,0,1,1,1,1,3,3,1,2,45,1,7,1,60,2,2,2
17189,1.0,1.0,1.0,5.0,2.0,5.0,5.0,2.0,5.0,5.0,2.0,2.0,1.0,4.0,2.0,5.0,4.0,2.0,1.0,1.0,5,2,6,5,7,2,6,6,6,2,1,1,1,1,1,0,0,0,0,1,0,0,1,1,1,1,3,1,1,2,49,1,2,1,60,1,3,3
17190,5.0,4.0,2.0,3.0,4.0,1.0,1.0,4.0,2.0,1.0,1.0,5.0,4.0,1.0,4.0,2.0,1.0,4.0,5.0,5.0,5,6,2,1,3,5,6,3,5,2,1,1,0,1,1,0,0,1,0,1,1,0,1,1,1,1,3,1,1,2,23,1,4,2,60,2,1,3
17191,1.0,4.0,2.0,4.0,2.0,4.0,2.0,2.0,5.0,3.0,1.0,4.0,4.0,3.0,4.0,1.0,1.0,5.0,5.0,1.0,4,4,5,5,6,4,6,5,4,2,1,1,0,1,1,0,0,1,0,1,0,0,1,1,1,1,3,2,1,2,22,1,2,1,60,1,1,1
17192,4.0,4.0,4.0,2.0,4.0,3.0,2.0,3.0,2.0,3.0,1.0,5.0,4.0,1.0,4.0,1.0,2.0,5.0,5.0,4.0,3,5,6,5,6,4,5,2,4,2,1,1,0,1,1,0,0,0,0,1,1,0,1,1,1,1,3,2,1,2,44,1,2,1,60,1,2,2
17193,4.0,4.0,4.0,4.0,2.0,2.0,4.0,2.0,4.0,4.0,3.0,1.0,1.0,3.0,5.0,5.0,2.0,4.0,4.0,3.0,7,6,6,5,5,1,5,1,2,2,1,1,0,1,1,0,0,1,0,1,0,0,0,0,1,1,4,3,2,2,36,1,6,1,60,1,2,2
17194,1.0,1.0,4.0,4.0,1.0,4.0,3.0,1.0,5.0,5.0,4.0,4.0,1.0,3.0,2.0,5.0,5.0,2.0,3.0,1.0,6,5,7,6,6,5,5,2,3,1,1,1,0,1,1,0,0,0,0,1,1,0,0,1,1,1,3,3,1,2,33,1,2,1,60,1,1,1
17195,3.0,2.0,4.0,5.0,1.0,4.0,4.0,2.0,5.0,5.0,2.0,1.0,1.0,4.0,1.0,4.0,5.0,2.0,4.0,1.0,3,2,6,2,6,1,6,4,6,2,1,1,0,1,1,0,0,0,0,1,1,0,0,0,1,1,3,2,2,2,43,1,1,1,60,1,1,2
17196,5.0,5.0,1.0,1.0,5.0,1.0,2.0,4.0,3.0,3.0,1.0,5.0,4.0,1.0,5.0,1.0,4.0,4.0,5.0,5.0,1,4,7,6,7,7,6,5,6,1,1,1,1,1,1,1,0,0,0,1,0,0,1,1,1,1,3,2,2,2,33,1,12,1,70,2,1,3
17197,1.0,1.0,5.0,1.0,5.0,5.0,4.0,5.0,5.0,5.0,4.0,4.0,4.0,4.0,1.0,4.0,5.0,1.0,1.0,1.0,1,1,7,7,6,7,7,1,5,1,0,1,0,1,0,0,0,0,0,0,0,0,0,1,1,1,3,3,2,1,25,1,7,1,60,1,1,2
17198,3.0,2.0,4.0,4.0,2.0,4.0,5.0,4.0,5.0,5.0,3.0,2.0,1.0,2.0,3.0,3.0,4.0,1.0,5.0,1.0,2,5,7,5,5,7,7,5,5,4,1,1,0,1,1,1,0,0,0,1,0,1,1,1,1,1,2,3,2,1,26,1,9,1,60,1,1,1
17199,1.0,1.0,5.0,2.0,2.0,5.0,3.0,2.0,5.0,5.0,5.0,3.0,1.0,2.0,1.0,5.0,1.0,2.0,5.0,1.0,7,5,4,6,6,1,7,5,5,7,0,1,0,1,1,0,0,1,0,1,1,0,1,1,1,1,4,2,1,2,31,1,2,3,60,2,1,2
17200,5.0,4.0,3.0,3.0,5.0,3.0,2.0,5.0,5.0,4.0,1.0,4.0,4.0,2.0,1.0,3.0,4.0,2.0,1.0,1.0,4,5,5,2,6,1,5,3,6,3,1,0,0,1,1,0,0,0,0,1,0,0,0,0,0,1,2,2,1,2,42,1,10,1,10,2,1,5
17201,5.0,5.0,1.0,5.0,5.0,1.0,1.0,5.0,1.0,1.0,1.0,5.0,5.0,1.0,5.0,1.0,1.0,5.0,5.0,5.0,6,5,7,1,7,1,4,1,4,1,1,1,1,1,1,0,1,1,0,1,1,1,1,1,1,1,2,2,1,1,27,1,2,2,60,1,1,1
17202,1.0,2.0,3.0,4.0,4.0,5.0,5.0,3.0,5.0,5.0,3.0,2.0,1.0,3.0,2.0,5.0,4.0,1.0,4.0,1.0,5,4,4,5,5,6,6,2,3,3,1,1,0,1,0,0,0,1,0,1,1,0,0,1,0,1,3,2,1,2,49,1,6,1,60,1,1,2
17203,2.0,4.0,4.0,4.0,1.0,4.0,2.0,2.0,5.0,5.0,4.0,1.0,1.0,5.0,2.0,2.0,1.0,4.0,4.0,5.0,3,4,3,3,6,4,4,3,5,4,1,1,1,1,1,1,1,0,1,1,1,0,1,1,1,1,4,2,1,1,65,1,7,1,60,1,3,2
17204,4.0,2.0,2.0,3.0,2.0,4.0,3.0,3.0,5.0,4.0,1.0,3.0,4.0,2.0,2.0,4.0,2.0,4.0,5.0,2.0,3,5,5,7,7,7,6,5,5,3,1,1,0,1,1,0,0,0,0,1,0,1,0,1,1,1,3,2,1,1,32,1,1,1,0,1,1,3
17205,5.0,5.0,4.0,2.0,5.0,1.0,1.0,4.0,4.0,5.0,2.0,5.0,4.0,1.0,4.0,1.0,1.0,5.0,5.0,1.0,5,5,6,2,6,3,5,1,6,2,1,1,1,1,1,0,1,1,0,1,1,0,1,1,1,1,3,1,1,1,43,1,6,1,60,2,2,2
17206,1.0,3.0,2.0,1.0,4.0,1.0,1.0,2.0,4.0,2.0,3.0,1.0,2.0,1.0,2.0,1.0,2.0,4.0,4.0,3.0,5,5,4,5,6,5,7,3,3,2,1,1,1,1,1,0,0,0,0,1,0,1,1,1,1,1,2,3,2,1,16,1,2,2,0,2,1,3
17207,4.0,4.0,2.0,1.0,4.0,2.0,2.0,3.0,4.0,3.0,2.0,4.0,2.0,3.0,5.0,1.0,2.0,4.0,5.0,1.0,5,5,7,5,4,5,6,2,4,5,1,1,0,1,1,0,0,1,0,1,0,0,1,1,1,1,3,2,2,1,24,2,2,1,60,1,1,2
17208,5.0,2.0,3.0,1.0,5.0,2.0,2.0,4.0,4.0,4.0,1.0,5.0,5.0,1.0,3.0,2.0,2.0,4.0,4.0,2.0,2,6,3,6,3,3,6,5,2,3,0,1,0,1,1,0,0,0,0,1,0,0,1,1,1,1,3,2,1,2,33,1,4,1,10,2,1,3
17209,4.0,5.0,2.0,1.0,4.0,1.0,1.0,4.0,2.0,3.0,4.0,5.0,3.0,1.0,5.0,1.0,1.0,5.0,5.0,4.0,5,6,7,1,7,6,4,3,6,1,1,0,0,1,1,0,0,0,0,1,0,0,0,1,1,1,2,1,1,2,21,1,2,1,60,1,1,4
17210,5.0,4.0,3.0,2.0,5.0,4.0,2.0,4.0,3.0,4.0,3.0,4.0,5.0,1.0,3.0,2.0,2.0,4.0,4.0,5.0,6,5,7,4,7,2,2,1,2,1,0,0,0,0,1,0,1,1,0,1,1,0,0,1,0,0,4,3,2,2,24,1,10,2,20,2,1,2
17211,2.0,3.0,4.0,2.0,3.0,2.0,4.0,2.0,4.0,4.0,2.0,4.0,2.0,2.0,4.0,3.0,2.0,4.0,2.0,2.0,5,6,1,7,2,2,1,7,1,5,1,0,1,1,1,0,1,1,0,1,1,0,1,1,1,1,3,3,1,1,37,1,6,1,60,1,3,3
17212,4.0,2.0,3.0,3.0,4.0,5.0,2.0,5.0,5.0,2.0,4.0,5.0,4.0,4.0,1.0,3.0,2.0,4.0,5.0,3.0,5,7,4,5,1,5,2,6,4,4,0,0,0,1,0,0,0,0,0,1,0,0,0,0,1,1,3,1,2,2,22,1,0,1,60,2,1,0
17213,1.0,4.0,5.0,5.0,1.0,5.0,2.0,1.0,5.0,4.0,2.0,4.0,1.0,5.0,1.0,2.0,5.0,1.0,5.0,3.0,7,4,5,2,1,1,7,2,3,1,1,0,0,1,0,0,0,0,0,1,1,0,0,0,1,1,3,1,2,2,58,1,6,1,60,1,3,2
17214,4.0,2.0,1.0,4.0,4.0,4.0,1.0,4.0,1.0,1.0,1.0,5.0,4.0,1.0,5.0,4.0,1.0,5.0,4.0,1.0,6,5,7,5,7,2,4,2,5,1,1,1,1,1,1,0,0,0,0,1,1,0,1,1,1,1,3,2,1,2,44,1,2,1,60,2,2,2
17215,5.0,5.0,1.0,1.0,5.0,1.0,1.0,5.0,1.0,5.0,1.0,5.0,5.0,1.0,5.0,1.0,1.0,5.0,2.0,5.0,5,7,6,5,5,2,1,6,6,3,1,1,0,1,1,0,1,1,0,1,0,0,0,1,1,1,2,2,1,1,22,1,4,2,10,2,1,2
17216,4.0,4.0,1.0,4.0,3.0,1.0,1.0,2.0,2.0,1.0,1.0,5.0,3.0,1.0,2.0,1.0,1.0,5.0,5.0,3.0,2,1,5,2,6,6,5,5,7,5,1,1,0,1,1,0,0,0,0,1,0,0,1,1,1,1,2,2,2,1,20,1,2,2,10,1,1,2
17217,5.0,4.0,2.0,2.0,5.0,2.0,2.0,4.0,2.0,2.0,1.0,5.0,4.0,2.0,4.0,4.0,4.0,4.0,4.0,2.0,2,6,6,1,5,6,3,1,7,3,1,1,0,1,1,0,0,1,0,1,1,0,1,1,1,1,3,2,1,2,25,1,2,1,60,1,1,2
17218,5.0,5.0,1.0,1.0,5.0,1.0,1.0,5.0,1.0,1.0,1.0,5.0,5.0,1.0,4.0,1.0,3.0,5.0,5.0,1.0,3,5,4,1,6,7,5,5,7,5,0,1,0,1,1,0,0,0,0,1,0,0,0,1,1,1,2,3,1,2,18,3,1,1,60,2,1,1
17219,5.0,5.0,4.0,3.0,4.0,2.0,2.0,4.0,5.0,5.0,5.0,5.0,1.0,3.0,1.0,4.0,1.0,1.0,5.0,1.0,5,3,5,5,5,6,6,4,4,3,1,1,0,1,1,0,0,1,0,1,0,0,1,1,1,1,3,3,1,2,39,1,12,5,10,2,1,1
17220,1.0,1.0,3.0,1.0,3.0,1.0,2.0,1.0,5.0,5.0,1.0,1.0,5.0,2.0,1.0,1.0,3.0,4.0,5.0,3.0,1,7,4,5,6,6,4,5,7,1,1,1,1,1,1,0,0,1,0,1,0,0,1,1,1,1,3,3,1,2,28,1,1,1,60,1,1,1
17221,3.0,4.0,1.0,4.0,4.0,4.0,1.0,1.0,4.0,3.0,1.0,5.0,4.0,1.0,5.0,4.0,2.0,5.0,5.0,1.0,2,5,6,5,5,7,6,2,6,4,1,1,1,1,1,0,0,0,0,1,0,0,1,1,1,1,3,3,1,2,28,1,2,1,60,2,1,2
17222,2.0,3.0,4.0,5.0,2.0,3.0,3.0,2.0,5.0,3.0,2.0,2.0,2.0,4.0,4.0,4.0,3.0,3.0,4.0,2.0,6,5,7,5,6,4,6,4,5,5,1,0,0,1,1,0,0,0,0,1,0,0,0,0,1,1,2,3,2,2,20,1,2,1,60,2,1,3
17223,4.0,1.0,4.0,3.0,4.0,4.0,4.0,1.0,5.0,5.0,2.0,2.0,2.0,4.0,1.0,1.0,4.0,4.0,5.0,3.0,5,4,5,7,6,4,5,7,4,1,1,1,1,1,1,0,1,1,0,1,1,0,1,1,1,1,3,1,2,1,50,1,2,1,60,2,3,4
17224,4.0,4.0,2.0,4.0,4.0,2.0,2.0,2.0,4.0,1.0,3.0,4.0,2.0,2.0,4.0,2.0,1.0,1.0,4.0,1.0,6,5,6,3,6,4,6,3,6,3,1,1,1,1,1,0,0,0,0,1,0,0,1,1,1,1,3,2,1,1,22,1,4,1,60,1,1,2
17225,3.0,2.0,4.0,2.0,4.0,3.0,1.0,1.0,3.0,1.0,1.0,4.0,1.0,2.0,3.0,1.0,1.0,3.0,5.0,2.0,3,6,2,6,7,7,4,7,1,2,1,1,1,1,1,0,0,1,0,1,0,0,1,1,1,1,3,3,1,2,32,1,1,0,60,0,1,3
17226,3.0,2.0,2.0,1.0,5.0,5.0,1.0,1.0,5.0,4.0,3.0,4.0,1.0,3.0,3.0,3.0,3.0,2.0,4.0,1.0,6,5,4,6,7,3,7,1,5,1,1,1,0,1,1,1,0,1,0,1,1,0,1,1,1,1,3,3,2,2,24,1,1,1,70,1,1,4
17227,1.0,1.0,4.0,5.0,1.0,2.0,2.0,1.0,5.0,5.0,4.0,2.0,2.0,5.0,1.0,2.0,1.0,2.0,4.0,1.0,3,1,5,5,5,6,6,5,6,6,1,1,1,1,1,0,0,1,0,1,1,0,1,1,1,1,3,1,2,2,45,1,2,1,60,2,2,1
17228,2.0,2.0,4.0,3.0,3.0,2.0,3.0,1.0,5.0,5.0,2.0,4.0,1.0,3.0,4.0,2.0,2.0,2.0,5.0,1.0,6,1,6,5,5,1,7,2,4,1,1,1,0,1,0,0,0,0,0,1,0,0,0,1,1,1,3,2,2,1,37,1,7,1,60,1,2,2
17229,1.0,2.0,3.0,3.0,2.0,3.0,1.0,1.0,2.0,4.0,1.0,2.0,1.0,1.0,5.0,2.0,1.0,4.0,5.0,1.0,3,1,6,1,7,2,7,1,7,2,1,1,0,1,1,0,0,0,0,1,1,0,0,1,1,1,3,1,2,2,43,1,4,1,60,1,3,2
17230,5.0,1.0,3.0,2.0,1.0,1.0,1.0,5.0,1.0,1.0,1.0,5.0,4.0,1.0,3.0,1.0,1.0,5.0,5.0,1.0,2,6,7,2,7,6,2,7,2,1,1,1,0,1,1,0,0,0,0,1,0,0,1,1,1,1,4,2,1,2,30,1,2,1,60,1,1,3
17231,3.0,4.0,1.0,1.0,4.0,1.0,1.0,5.0,1.0,2.0,1.0,5.0,5.0,1.0,4.0,1.0,1.0,5.0,5.0,1.0,2,6,6,1,6,7,3,1,7,2,1,1,1,1,1,0,1,1,0,1,1,0,1,1,1,1,3,2,1,2,26,1,7,1,60,1,2,1
17232,4.0,4.0,3.0,2.0,1.0,2.0,1.0,3.0,3.0,1.0,1.0,5.0,3.0,3.0,5.0,1.0,4.0,4.0,5.0,1.0,7,5,5,5,7,2,5,1,5,1,1,1,0,1,1,1,0,1,1,1,0,0,1,1,1,1,3,2,2,1,21,1,1,3,60,2,1,3
17233,5.0,5.0,1.0,1.0,4.0,1.0,1.0,5.0,1.0,1.0,4.0,5.0,5.0,1.0,5.0,1.0,1.0,5.0,1.0,5.0,2,7,6,2,2,7,2,1,7,7,1,1,1,1,1,0,1,1,0,1,0,1,1,1,1,1,3,2,1,1,21,1,6,1,60,2,1,7
17234,3.0,5.0,5.0,2.0,4.0,4.0,1.0,4.0,5.0,5.0,1.0,4.0,3.0,2.0,5.0,2.0,1.0,4.0,5.0,2.0,7,5,5,6,5,1,5,1,5,2,1,0,0,1,1,0,0,0,0,1,0,0,0,1,1,1,4,2,2,2,22,2,1,1,60,1,1,3
17235,4.0,2.0,4.0,3.0,4.0,2.0,2.0,4.0,5.0,5.0,1.0,4.0,3.0,4.0,4.0,1.0,3.0,4.0,5.0,1.0,3,5,2,5,6,4,5,5,3,2,1,1,0,1,1,0,0,1,0,1,1,0,0,1,1,1,3,1,2,1,23,1,1,1,60,1,1,0
17236,4.0,2.0,4.0,2.0,4.0,5.0,5.0,2.0,2.0,5.0,2.0,4.0,1.0,2.0,4.0,1.0,4.0,2.0,5.0,1.0,3,6,7,1,6,2,2,5,7,5,1,1,1,1,1,0,0,1,1,1,0,1,1,1,1,1,3,2,1,1,20,1,2,1,60,1,1,2
17237,1.0,3.0,4.0,3.0,3.0,4.0,4.0,2.0,5.0,2.0,3.0,1.0,1.0,4.0,2.0,4.0,1.0,2.0,3.0,2.0,3,5,6,2,7,2,6,2,6,2,1,1,1,1,1,0,1,1,0,1,1,0,1,1,1,1,3,2,2,2,53,2,2,1,60,1,2,3
17238,4.0,4.0,4.0,1.0,5.0,3.0,2.0,5.0,4.0,4.0,1.0,5.0,5.0,1.0,5.0,5.0,1.0,4.0,5.0,5.0,5,5,4,2,5,3,3,4,7,5,1,1,0,1,1,0,0,0,0,1,0,0,1,1,1,1,4,1,1,1,25,1,4,1,60,1,1,4
17239,4.0,5.0,5.0,2.0,5.0,4.0,2.0,5.0,5.0,2.0,1.0,5.0,4.0,1.0,4.0,4.0,1.0,4.0,1.0,5.0,3,5,7,5,7,7,3,2,6,1,1,1,1,1,1,0,0,1,0,1,1,0,1,1,1,1,3,2,1,1,25,1,4,1,60,1,1,3
